-START-OF-DATA-
0 0.000278
10 0.000278
20 0.000278
30 0.000278
40 0.000278
50 0.000278
60 0.000278
70 0.000278
80 0.000278
90 0.000278
100 0.000278
110 0.000278
120 0.000278
130 0.000278
140 0.000278
150 0.000278
160 0.000278
170 0.000278
180 0.000278
190 0.000278
200 0.000278
210 0.000278
220 0.000278
230 0.000278
240 0.000278
250 0.000278
260 0.000278
270 0.000278
280 0.000278
290 0.000278
300 0.000278
310 0.000278
320 0.000278
330 0.000278
340 0.000278
350 0.000278
360 0.000278
370 0.000278
380 0.000278
390 0.000278
400 0.000278
410 0.000278
420 0.000278
430 0.000278
440 0.000278
450 0.000278
460 0.000278
470 0.000278
480 0.000278
490 0.000278
500 0.000278
510 0.000278
520 0.000278
530 0.000278
540 0.000278
550 0.000278
560 0.000278
570 0.000278
580 0.000278
590 0.000278
600 0.000278
610 0.000278
620 0.000278
630 0.000278
640 0.000278
650 0.000278
660 0.000278
670 0.000278
680 0.000278
690 0.000278
700 0.000278
710 0.000278
720 0.000278
730 0.000278
740 0.000278
750 0.000278
760 0.000278
770 0.000278
780 0.000278
790 0.000278
800 0.000278
810 0.000278
820 0.000278
830 0.000278
840 0.000278
850 0.000278
860 0.000278
870 0.000278
880 0.000278
890 0.000278
900 0.000278
910 0.000278
920 0.000278
930 0.000278
940 0.000278
950 0.000278
960 0.000278
970 0.000278
980 0.000278
990 0.000278
1000 0.000278
1010 0.000278
1020 0.000278
1030 0.000278
1040 0.000278
1050 0.000278
1060 0.000278
1070 0.000278
1080 0.000278
1090 0.000278
1100 0.000278
1110 0.000278
1120 0.000278
1130 0.000278
1140 0.000278
1150 0.000278
1160 0.000278
1170 0.000278
1180 0.000278
1190 0.000278
1200 0.000278
1210 0.000278
1220 0.000278
1230 0.000278
1240 0.000278
1250 0.000278
1260 0.000278
1270 0.000278
1280 0.000278
1290 0.000278
1300 0.000278
1310 0.000278
1320 0.000278
1330 0.000278
1340 0.000278
1350 0.000278
1360 0.000278
1370 0.000278
1380 0.000278
1390 0.000278
1400 0.000278
1410 0.000278
1420 0.000278
1430 0.000278
1440 0.000278
1450 0.000278
1460 0.000278
1470 0.000278
1480 0.000278
1490 0.000278
1500 0.000278
1510 0.000278
1520 0.000278
1530 0.000278
1540 0.000278
1550 0.000278
1560 0.000278
1570 0.000278
1580 0.000278
1590 0.000278
1600 0.000278
1610 0.000278
1620 0.000278
1630 0.000278
1640 0.000278
1650 0.000278
1660 0.000278
1670 0.000278
1680 0.000278
1690 0.000278
1700 0.000278
1710 0.000278
1720 0.000278
1730 0.000278
1740 0.000278
1750 0.000278
1760 0.000278
1770 0.000278
1780 0.000278
1790 0.000278
1800 0.000278
1810 0.000278
1820 0.000278
1830 0.000278
1840 0.000278
1850 0.000278
1860 0.000278
1870 0.000278
1880 0.000278
1890 0.000278
1900 0.000278
1910 0.000278
1920 0.000278
1930 0.000278
1940 0.000278
1950 0.000278
1960 0.000278
1970 0.000278
1980 0.000278
1990 0.000278
2000 0.000278
2010 0.000280998936877076
2020 0.000283997873754153
2030 0.000286996810631229
2040 0.000289995747508306
2050 0.000292994684385382
2060 0.000295993621262458
2070 0.000298992558139535
2080 0.000301991495016611
2090 0.000304990431893688
2100 0.000307989368770764
2110 0.000310988305647841
2120 0.000313987242524917
2130 0.000316986179401993
2140 0.00031998511627907
2150 0.000322984053156146
2160 0.000325982990033223
2170 0.000328981926910299
2180 0.000331980863787375
2190 0.000334979800664452
2200 0.000337978737541528
2210 0.000340977674418605
2220 0.000343976611295681
2230 0.000346975548172757
2240 0.000349974485049834
2250 0.00035297342192691
2260 0.000355972358803987
2270 0.000358971295681063
2280 0.00036197023255814
2290 0.000364969169435216
2300 0.000367968106312292
2310 0.000370967043189369
2320 0.000373965980066445
2330 0.000376964916943522
2340 0.000379963853820598
2350 0.000382962790697674
2360 0.000385961727574751
2370 0.000388960664451827
2380 0.000391959601328904
2390 0.00039495853820598
2400 0.000397957475083056
2410 0.000400956411960133
2420 0.000403955348837209
2430 0.000406954285714286
2440 0.000409953222591362
2450 0.000412952159468439
2460 0.000415951096345515
2470 0.000418950033222591
2480 0.000421948970099668
2490 0.000424947906976744
2500 0.000427946843853821
2510 0.000430945780730897
2520 0.000433944717607973
2530 0.00043694365448505
2540 0.000439942591362126
2550 0.000442941528239203
2560 0.000445940465116279
2570 0.000448939401993355
2580 0.000451938338870432
2590 0.000454937275747508
2600 0.000457936212624585
2610 0.000460935149501661
2620 0.000463934086378738
2630 0.000466933023255814
2640 0.00046993196013289
2650 0.000472930897009967
2660 0.000475929833887043
2670 0.00047892877076412
2680 0.000481927707641196
2690 0.000484926644518272
2700 0.000487925581395349
2710 0.000490924518272425
2720 0.000493923455149502
2730 0.000496922392026578
2740 0.000499921328903654
2750 0.000502920265780731
2760 0.000505919202657807
2770 0.000508918139534884
2780 0.00051191707641196
2790 0.000514916013289037
2800 0.000517914950166113
2810 0.000520913887043189
2820 0.000523912823920266
2830 0.000526911760797342
2840 0.000529910697674419
2850 0.000532909634551495
2860 0.000535908571428571
2870 0.000538907508305648
2880 0.000541906445182724
2890 0.000544905382059801
2900 0.000547904318936877
2910 0.000550903255813954
2920 0.00055390219269103
2930 0.000556901129568106
2940 0.000559900066445183
2950 0.000562899003322259
2960 0.000565897940199336
2970 0.000568896877076412
2980 0.000571895813953488
2990 0.000574894750830565
3000 0.000577893687707641
3010 0.000580892624584718
3020 0.000583891561461794
3030 0.00058689049833887
3040 0.000589889435215947
3050 0.000592888372093023
3060 0.0005958873089701
3070 0.000598886245847176
3080 0.000601885182724253
3090 0.000604884119601329
3100 0.000607883056478405
3110 0.000610881993355482
3120 0.000613880930232558
3130 0.000616879867109635
3140 0.000619878803986711
3150 0.000622877740863787
3160 0.000625876677740864
3170 0.00062887561461794
3180 0.000631874551495017
3190 0.000634873488372093
3200 0.00063787242524917
3210 0.000640871362126246
3220 0.000643870299003322
3230 0.000646869235880399
3240 0.000649868172757475
3250 0.000652867109634552
3260 0.000655866046511628
3270 0.000658864983388704
3280 0.000661863920265781
3290 0.000664862857142857
3300 0.000667861794019934
3310 0.00067086073089701
3320 0.000673859667774086
3330 0.000676858604651163
3340 0.000679857541528239
3350 0.000682856478405316
3360 0.000685855415282392
3370 0.000688854352159468
3380 0.000691853289036545
3390 0.000694852225913621
3400 0.000697851162790698
3410 0.000700850099667774
3420 0.000703849036544851
3430 0.000706847973421927
3440 0.000709846910299003
3450 0.00071284584717608
3460 0.000715844784053156
3470 0.000718843720930233
3480 0.000721842657807309
3490 0.000724841594684385
3500 0.000727840531561462
3510 0.000730839468438538
3520 0.000733838405315615
3530 0.000736837342192691
3540 0.000739836279069768
3550 0.000742835215946844
3560 0.00074583415282392
3570 0.000748833089700997
3580 0.000751832026578073
3590 0.00075483096345515
3600 0.000757829900332226
3610 0.000760828837209302
3620 0.000763827774086379
3630 0.000766826710963455
3640 0.000769825647840532
3650 0.000772824584717608
3660 0.000775823521594684
3670 0.000778822458471761
3680 0.000781821395348837
3690 0.000784820332225914
3700 0.00078781926910299
3710 0.000790818205980067
3720 0.000793817142857143
3730 0.000796816079734219
3740 0.000799815016611296
3750 0.000802813953488372
3760 0.000805812890365449
3770 0.000808811827242525
3780 0.000811810764119601
3790 0.000814809700996678
3800 0.000817808637873754
3810 0.000820807574750831
3820 0.000823806511627907
3830 0.000826805448504983
3840 0.00082980438538206
3850 0.000832803322259136
3860 0.000835802259136213
3870 0.000838801196013289
3880 0.000841800132890366
3890 0.000844799069767442
3900 0.000847798006644518
3910 0.000850796943521595
3920 0.000853795880398671
3930 0.000856794817275748
3940 0.000859793754152824
3950 0.0008627926910299
3960 0.000865791627906977
3970 0.000868790564784053
3980 0.00087178950166113
3990 0.000874788438538206
4000 0.000877787375415283
4010 0.000880786312292359
4020 0.000883785249169435
4030 0.000886784186046512
4040 0.000889783122923588
4050 0.000892782059800665
4060 0.000895780996677741
4070 0.000898779933554817
4080 0.000901778870431894
4090 0.00090477780730897
4100 0.000907776744186047
4110 0.000910775681063123
4120 0.0009137746179402
4130 0.000916773554817276
4140 0.000919772491694352
4150 0.000922771428571429
4160 0.000925770365448505
4170 0.000928769302325581
4180 0.000931768239202658
4190 0.000934767176079734
4200 0.000937766112956811
4210 0.000940765049833887
4220 0.000943763986710963
4230 0.00094676292358804
4240 0.000949761860465116
4250 0.000952760797342193
4260 0.000955759734219269
4270 0.000958758671096346
4280 0.000961757607973422
4290 0.000964756544850498
4300 0.000967755481727575
4310 0.000970754418604651
4320 0.000973753355481728
4330 0.000976752292358804
4340 0.00097975122923588
4350 0.000982750166112957
4360 0.000985749102990033
4370 0.00098874803986711
4380 0.000991746976744186
4390 0.000994745913621262
4400 0.000997744850498339
4410 0.00100074378737542
4420 0.00100374272425249
4430 0.00100674166112957
4440 0.00100974059800664
4450 0.00101273953488372
4460 0.0010157384717608
4470 0.00101873740863787
4480 0.00102173634551495
4490 0.00102473528239203
4500 0.0010277342192691
4510 0.00103073315614618
4520 0.00103373209302326
4530 0.00103673102990033
4540 0.00103972996677741
4550 0.00104272890365449
4560 0.00104572784053156
4570 0.00104872677740864
4580 0.00105172571428571
4590 0.00105472465116279
4600 0.00105772358803987
4610 0.00106072252491694
4620 0.00106372146179402
4630 0.0010667203986711
4640 0.00106971933554817
4650 0.00107271827242525
4660 0.00107571720930233
4670 0.0010787161461794
4680 0.00108171508305648
4690 0.00108471401993355
4700 0.00108771295681063
4710 0.00109071189368771
4720 0.00109371083056478
4730 0.00109670976744186
4740 0.00109970870431894
4750 0.00110270764119601
4760 0.00110570657807309
4770 0.00110870551495017
4780 0.00111170445182724
4790 0.00111470338870432
4800 0.0011177023255814
4810 0.00112070126245847
4820 0.00112370019933555
4830 0.00112669913621262
4840 0.0011296980730897
4850 0.00113269700996678
4860 0.00113569594684385
4870 0.00113869488372093
4880 0.00114169382059801
4890 0.00114469275747508
4900 0.00114769169435216
4910 0.00115069063122924
4920 0.00115368956810631
4930 0.00115668850498339
4940 0.00115968744186047
4950 0.00116268637873754
4960 0.00116568531561462
4970 0.00116868425249169
4980 0.00117168318936877
4990 0.00117468212624585
5000 0.00117768106312292
5010 0.00118068
5020 0.00118068
5030 0.00118068
5040 0.00118068
5050 0.00118068
5060 0.00118068
5070 0.00118068
5080 0.00118068
5090 0.00118068
5100 0.00118068
5110 0.00118068
5120 0.00118068
5130 0.00118068
5140 0.00118068
5150 0.00118068
5160 0.00118068
5170 0.00118068
5180 0.00118068
5190 0.00118068
5200 0.00118068
5210 0.00118068
5220 0.00118068
5230 0.00118068
5240 0.00118068
5250 0.00118068
5260 0.00118068
5270 0.00118068
5280 0.00118068
5290 0.00118068
5300 0.00118068
5310 0.00118068
5320 0.00118068
5330 0.00118068
5340 0.00118068
5350 0.00118068
5360 0.00118068
5370 0.00118068
5380 0.00118068
5390 0.00118068
5400 0.00118068
5410 0.00118068
5420 0.00118068
5430 0.00118068
5440 0.00118068
5450 0.00118068
5460 0.00118068
5470 0.00118068
5480 0.00118068
5490 0.00118068
5500 0.00118068
5510 0.00118068
5520 0.00118068
5530 0.00118068
5540 0.00118068
5550 0.00118068
5560 0.00118068
5570 0.00118068
5580 0.00118068
5590 0.00118068
5600 0.00118068
5610 0.00118068
5620 0.00118068
5630 0.00118068
5640 0.00118068
5650 0.00118068
5660 0.00118068
5670 0.00118068
5680 0.00118068
5690 0.00118068
5700 0.00118068
5710 0.00118068
5720 0.00118068
5730 0.00118068
5740 0.00118068
5750 0.00118068
5760 0.00118068
5770 0.00118068
5780 0.00118068
5790 0.00118068
5800 0.00118068
5810 0.00118068
5820 0.00118068
5830 0.00118068
5840 0.00118068
5850 0.00118068
5860 0.00118068
5870 0.00118068
5880 0.00118068
5890 0.00118068
5900 0.00118068
5910 0.00118068
5920 0.00118068
5930 0.00118068
5940 0.00118068
5950 0.00118068
5960 0.00118068
5970 0.00118068
5980 0.00118068
5990 0.00118068
6000 0.00118068
6010 0.00118068
6020 0.00118068
6030 0.00118068
6040 0.00118068
6050 0.00118068
6060 0.00118068
6070 0.00118068
6080 0.00118068
6090 0.00118068
6100 0.00118068
6110 0.00118068
6120 0.00118068
6130 0.00118068
6140 0.00118068
6150 0.00118068
6160 0.00118068
6170 0.00118068
6180 0.00118068
6190 0.00118068
6200 0.00118068
6210 0.00118068
6220 0.00118068
6230 0.00118068
6240 0.00118068
6250 0.00118068
6260 0.00118068
6270 0.00118068
6280 0.00118068
6290 0.00118068
6300 0.00118068
6310 0.00118068
6320 0.00118068
6330 0.00118068
6340 0.00118068
6350 0.00118068
6360 0.00118068
6370 0.00118068
6380 0.00118068
6390 0.00118068
6400 0.00118068
6410 0.00118068
6420 0.00118068
6430 0.00118068
6440 0.00118068
6450 0.00118068
6460 0.00118068
6470 0.00118068
6480 0.00118068
6490 0.00118068
6500 0.00118068
6510 0.00118068
6520 0.00118068
6530 0.00118068
6540 0.00118068
6550 0.00118068
6560 0.00118068
6570 0.00118068
6580 0.00118068
6590 0.00118068
6600 0.00118068
6610 0.00118068
6620 0.00118068
6630 0.00118068
6640 0.00118068
6650 0.00118068
6660 0.00118068
6670 0.00118068
6680 0.00118068
6690 0.00118068
6700 0.00118068
6710 0.00118068
6720 0.00118068
6730 0.00118068
6740 0.00118068
6750 0.00118068
6760 0.00118068
6770 0.00118068
6780 0.00118068
6790 0.00118068
6800 0.00118068
6810 0.00118068
6820 0.00118068
6830 0.00118068
6840 0.00118068
6850 0.00118068
6860 0.00118068
6870 0.00118068
6880 0.00118068
6890 0.00118068
6900 0.00118068
6910 0.00118068
6920 0.00118068
6930 0.00118068
6940 0.00118068
6950 0.00118068
6960 0.00118068
6970 0.00118068
6980 0.00118068
6990 0.00118068
7000 0.00118068
7010 0.00118068
7020 0.00118068
7030 0.00118068
7040 0.00118068
7050 0.00118068
7060 0.00118068
7070 0.00118068
7080 0.00118068
7090 0.00118068
7100 0.00118068
7110 0.00118068
7120 0.00118068
7130 0.00118068
7140 0.00118068
7150 0.00118068
7160 0.00118068
7170 0.00118068
7180 0.00118068
7190 0.00118068
7200 0.00118068
7210 0.00118068
7220 0.00118068
7230 0.00118068
7240 0.00118068
7250 0.00118068
7260 0.00118068
7270 0.00118068
7280 0.00118068
7290 0.00118068
7300 0.00118068
7310 0.00118068
7320 0.00118068
7330 0.00118068
7340 0.00118068
7350 0.00118068
7360 0.00118068
7370 0.00118068
7380 0.00118068
7390 0.00118068
7400 0.00118068
7410 0.00118068
7420 0.00118068
7430 0.00118068
7440 0.00118068
7450 0.00118068
7460 0.00118068
7470 0.00118068
7480 0.00118068
7490 0.00118068
7500 0.00118068
7510 0.00118068
7520 0.00118068
7530 0.00118068
7540 0.00118068
7550 0.00118068
7560 0.00118068
7570 0.00118068
7580 0.00118068
7590 0.00118068
7600 0.00118068
7610 0.00118068
7620 0.00118068
7630 0.00118068
7640 0.00118068
7650 0.00118068
7660 0.00118068
7670 0.00118068
7680 0.00118068
7690 0.00118068
7700 0.00118068
7710 0.00118068
7720 0.00118068
7730 0.00118068
7740 0.00118068
7750 0.00118068
7760 0.00118068
7770 0.00118068
7780 0.00118068
7790 0.00118068
7800 0.00118068
7810 0.00118068
7820 0.00118068
7830 0.00118068
7840 0.00118068
7850 0.00118068
7860 0.00118068
7870 0.00118068
7880 0.00118068
7890 0.00118068
7900 0.00118068
7910 0.00118068
7920 0.00118068
7930 0.00118068
7940 0.00118068
7950 0.00118068
7960 0.00118068
7970 0.00118068
7980 0.00118068
7990 0.00118068
8000 0.00118068
8010 0.00118068
8020 0.00118068
8030 0.00118068
8040 0.00118068
8050 0.00118068
8060 0.00118068
8070 0.00118068
8080 0.00118068
8090 0.00118068
8100 0.00118068
8110 0.00118068
8120 0.00118068
8130 0.00118068
8140 0.00118068
8150 0.00118068
8160 0.00118068
8170 0.00118068
8180 0.00118068
8190 0.00118068
8200 0.00118068
8210 0.00118068
8220 0.00118068
8230 0.00118068
8240 0.00118068
8250 0.00118068
8260 0.00118068
8270 0.00118068
8280 0.00118068
8290 0.00118068
8300 0.00118068
8310 0.00118068
8320 0.00118068
8330 0.00118068
8340 0.00118068
8350 0.00118068
8360 0.00118068
8370 0.00118068
8380 0.00118068
8390 0.00118068
8400 0.00118068
8410 0.00118068
8420 0.00118068
8430 0.00118068
8440 0.00118068
8450 0.00118068
8460 0.00118068
8470 0.00118068
8480 0.00118068
8490 0.00118068
8500 0.00118068
8510 0.00118068
8520 0.00118068
8530 0.00118068
8540 0.00118068
8550 0.00118068
8560 0.00118068
8570 0.00118068
8580 0.00118068
8590 0.00118068
8600 0.00118068
8610 0.00118068
8620 0.00118068
8630 0.00118068
8640 0.00118068
8650 0.00118068
8660 0.00118068
8670 0.00118068
8680 0.00118068
8690 0.00118068
8700 0.00118068
8710 0.00118068
8720 0.00118068
8730 0.00118068
8740 0.00118068
8750 0.00118068
8760 0.00118068
8770 0.00118068
8780 0.00118068
8790 0.00118068
8800 0.00118068
8810 0.00118068
8820 0.00118068
8830 0.00118068
8840 0.00118068
8850 0.00118068
8860 0.00118068
8870 0.00118068
8880 0.00118068
8890 0.00118068
8900 0.00118068
8910 0.00118068
8920 0.00118068
8930 0.00118068
8940 0.00118068
8950 0.00118068
8960 0.00118068
8970 0.00118068
8980 0.00118068
8990 0.00118068
9000 0.00118068
9010 0.00118068
9020 0.00118068
9030 0.00118068
9040 0.00118068
9050 0.00118068
9060 0.00118068
9070 0.00118068
9080 0.00118068
9090 0.00118068
9100 0.00118068
9110 0.00118068
9120 0.00118068
9130 0.00118068
9140 0.00118068
9150 0.00118068
9160 0.00118068
9170 0.00118068
9180 0.00118068
9190 0.00118068
9200 0.00118068
9210 0.00118068
9220 0.00118068
9230 0.00118068
9240 0.00118068
9250 0.00118068
9260 0.00118068
9270 0.00118068
9280 0.00118068
9290 0.00118068
9300 0.00118068
9310 0.00118068
9320 0.00118068
9330 0.00118068
9340 0.00118068
9350 0.00118068
9360 0.00118068
9370 0.00118068
9380 0.00118068
9390 0.00118068
9400 0.00118068
9410 0.00118068
9420 0.00118068
9430 0.00118068
9440 0.00118068
9450 0.00118068
9460 0.00118068
9470 0.00118068
9480 0.00118068
9490 0.00118068
9500 0.00118068
9510 0.00118068
9520 0.00118068
9530 0.00118068
9540 0.00118068
9550 0.00118068
9560 0.00118068
9570 0.00118068
9580 0.00118068
9590 0.00118068
9600 0.00118068
9610 0.00118068
9620 0.00118068
9630 0.00118068
9640 0.00118068
9650 0.00118068
9660 0.00118068
9670 0.00118068
9680 0.00118068
9690 0.00118068
9700 0.00118068
9710 0.00118068
9720 0.00118068
9730 0.00118068
9740 0.00118068
9750 0.00118068
9760 0.00118068
9770 0.00118068
9780 0.00118068
9790 0.00118068
9800 0.00118068
9810 0.00118068
9820 0.00118068
9830 0.00118068
9840 0.00118068
9850 0.00118068
9860 0.00118068
9870 0.00118068
9880 0.00118068
9890 0.00118068
9900 0.00118068
9910 0.00118068
9920 0.00118068
9930 0.00118068
9940 0.00118068
9950 0.00118068
9960 0.00118068
9970 0.00118068
9980 0.00118068
9990 0.00118068
10000 0.00118068
10010 0.00118068
10020 0.00118068
10030 0.00118068
10040 0.00118068
10050 0.00118068
10060 0.00118068
10070 0.00118068
10080 0.00118068
10090 0.00118068
10100 0.00118068
10110 0.00118068
10120 0.00118068
10130 0.00118068
10140 0.00118068
10150 0.00118068
10160 0.00118068
10170 0.00118068
10180 0.00118068
10190 0.00118068
10200 0.00118068
10210 0.00118068
10220 0.00118068
10230 0.00118068
10240 0.00118068
10250 0.00118068
10260 0.00118068
10270 0.00118068
10280 0.00118068
10290 0.00118068
10300 0.00118068
10310 0.00118068
10320 0.00118068
10330 0.00118068
10340 0.00118068
10350 0.00118068
10360 0.00118068
10370 0.00118068
10380 0.00118068
10390 0.00118068
10400 0.00118068
10410 0.00118068
10420 0.00118068
10430 0.00118068
10440 0.00118068
10450 0.00118068
10460 0.00118068
10470 0.00118068
10480 0.00118068
10490 0.00118068
10500 0.00118068
10510 0.00118068
10520 0.00118068
10530 0.00118068
10540 0.00118068
10550 0.00118068
10560 0.00118068
10570 0.00118068
10580 0.00118068
10590 0.00118068
10600 0.00118068
10610 0.00118068
10620 0.00118068
10630 0.00118068
10640 0.00118068
10650 0.00118068
10660 0.00118068
10670 0.00118068
10680 0.00118068
10690 0.00118068
10700 0.00118068
10710 0.00118068
10720 0.00118068
10730 0.00118068
10740 0.00118068
10750 0.00118068
10760 0.00118068
10770 0.00118068
10780 0.00118068
10790 0.00118068
10800 0.00118068
10810 0.00118068
10820 0.00118068
10830 0.00118068
10840 0.00118068
10850 0.00118068
10860 0.00118068
10870 0.00118068
10880 0.00118068
10890 0.00118068
10900 0.00118068
10910 0.00118068
10920 0.00118068
10930 0.00118068
10940 0.00118068
10950 0.00118068
10960 0.00118068
10970 0.00118068
10980 0.00118068
10990 0.00118068
11000 0.00118068
11010 0.00118068
11020 0.00118068
11030 0.00118068
11040 0.00118068
11050 0.00118068
11060 0.00118068
11070 0.00118068
11080 0.00118068
11090 0.00118068
11100 0.00118068
11110 0.00118068
11120 0.00118068
11130 0.00118068
11140 0.00118068
11150 0.00118068
11160 0.00118068
11170 0.00118068
11180 0.00118068
11190 0.00118068
11200 0.00118068
11210 0.00118068
11220 0.00118068
11230 0.00118068
11240 0.00118068
11250 0.00118068
11260 0.00118068
11270 0.00118068
11280 0.00118068
11290 0.00118068
11300 0.00118068
11310 0.00118068
11320 0.00118068
11330 0.00118068
11340 0.00118068
11350 0.00118068
11360 0.00118068
11370 0.00118068
11380 0.00118068
11390 0.00118068
11400 0.00118068
11410 0.00118068
11420 0.00118068
11430 0.00118068
11440 0.00118068
11450 0.00118068
11460 0.00118068
11470 0.00118068
11480 0.00118068
11490 0.00118068
11500 0.00118068
11510 0.00118068
11520 0.00118068
11530 0.00118068
11540 0.00118068
11550 0.00118068
11560 0.00118068
11570 0.00118068
11580 0.00118068
11590 0.00118068
11600 0.00118068
11610 0.00118068
11620 0.00118068
11630 0.00118068
11640 0.00118068
11650 0.00118068
11660 0.00118068
11670 0.00118068
11680 0.00118068
11690 0.00118068
11700 0.00118068
11710 0.00118068
11720 0.00118068
11730 0.00118068
11740 0.00118068
11750 0.00118068
11760 0.00118068
11770 0.00118068
11780 0.00118068
11790 0.00118068
11800 0.00118068
11810 0.00118068
11820 0.00118068
11830 0.00118068
11840 0.00118068
11850 0.00118068
11860 0.00118068
11870 0.00118068
11880 0.00118068
11890 0.00118068
11900 0.00118068
11910 0.00118068
11920 0.00118068
11930 0.00118068
11940 0.00118068
11950 0.00118068
11960 0.00118068
11970 0.00118068
11980 0.00118068
11990 0.00118068
12000 0.00118068
12010 0.00118068
12020 0.00118068
12030 0.00118068
12040 0.00118068
12050 0.00118068
12060 0.00118068
12070 0.00118068
12080 0.00118068
12090 0.00118068
12100 0.00118068
12110 0.00118068
12120 0.00118068
12130 0.00118068
12140 0.00118068
12150 0.00118068
12160 0.00118068
12170 0.00118068
12180 0.00118068
12190 0.00118068
12200 0.00118068
12210 0.00118068
12220 0.00118068
12230 0.00118068
12240 0.00118068
12250 0.00118068
12260 0.00118068
12270 0.00118068
12280 0.00118068
12290 0.00118068
12300 0.00118068
12310 0.00118068
12320 0.00118068
12330 0.00118068
12340 0.00118068
12350 0.00118068
12360 0.00118068
12370 0.00118068
12380 0.00118068
12390 0.00118068
12400 0.00118068
12410 0.00118068
12420 0.00118068
12430 0.00118068
12440 0.00118068
12450 0.00118068
12460 0.00118068
12470 0.00118068
12480 0.00118068
12490 0.00118068
12500 0.00118068
12510 0.00118068
12520 0.00118068
12530 0.00118068
12540 0.00118068
12550 0.00118068
12560 0.00118068
12570 0.00118068
12580 0.00118068
12590 0.00118068
12600 0.00118068
12610 0.00118068
12620 0.00118068
12630 0.00118068
12640 0.00118068
12650 0.00118068
12660 0.00118068
12670 0.00118068
12680 0.00118068
12690 0.00118068
12700 0.00118068
12710 0.00118068
12720 0.00118068
12730 0.00118068
12740 0.00118068
12750 0.00118068
12760 0.00118068
12770 0.00118068
12780 0.00118068
12790 0.00118068
12800 0.00118068
12810 0.00118068
12820 0.00118068
12830 0.00118068
12840 0.00118068
12850 0.00118068
12860 0.00118068
12870 0.00118068
12880 0.00118068
12890 0.00118068
12900 0.00118068
12910 0.00118068
12920 0.00118068
12930 0.00118068
12940 0.00118068
12950 0.00118068
12960 0.00118068
12970 0.00118068
12980 0.00118068
12990 0.00118068
13000 0.00118068
13010 0.00118068
13020 0.00118068
13030 0.00118068
13040 0.00118068
13050 0.00118068
13060 0.00118068
13070 0.00118068
13080 0.00118068
13090 0.00118068
13100 0.00118068
13110 0.00118068
13120 0.00118068
13130 0.00118068
13140 0.00118068
13150 0.00118068
13160 0.00118068
13170 0.00118068
13180 0.00118068
13190 0.00118068
13200 0.00118068
13210 0.00118068
13220 0.00118068
13230 0.00118068
13240 0.00118068
13250 0.00118068
13260 0.00118068
13270 0.00118068
13280 0.00118068
13290 0.00118068
13300 0.00118068
13310 0.00118068
13320 0.00118068
13330 0.00118068
13340 0.00118068
13350 0.00118068
13360 0.00118068
13370 0.00118068
13380 0.00118068
13390 0.00118068
13400 0.00118068
13410 0.00118068
13420 0.00118068
13430 0.00118068
13440 0.00118068
13450 0.00118068
13460 0.00118068
13470 0.00118068
13480 0.00118068
13490 0.00118068
13500 0.00118068
13510 0.00118068
13520 0.00118068
13530 0.00118068
13540 0.00118068
13550 0.00118068
13560 0.00118068
13570 0.00118068
13580 0.00118068
13590 0.00118068
13600 0.00118068
13610 0.00118068
13620 0.00118068
13630 0.00118068
13640 0.00118068
13650 0.00118068
13660 0.00118068
13670 0.00118068
13680 0.00118068
13690 0.00118068
13700 0.00118068
13710 0.00118068
13720 0.00118068
13730 0.00118068
13740 0.00118068
13750 0.00118068
13760 0.00118068
13770 0.00118068
13780 0.00118068
13790 0.00118068
13800 0.00118068
13810 0.00118068
13820 0.00118068
13830 0.00118068
13840 0.00118068
13850 0.00118068
13860 0.00118068
13870 0.00118068
13880 0.00118068
13890 0.00118068
13900 0.00118068
13910 0.00118068
13920 0.00118068
13930 0.00118068
13940 0.00118068
13950 0.00118068
13960 0.00118068
13970 0.00118068
13980 0.00118068
13990 0.00118068
14000 0.00118068
14010 0.00118068
14020 0.00118068
14030 0.00118068
14040 0.00118068
14050 0.00118068
14060 0.00118068
14070 0.00118068
14080 0.00118068
14090 0.00118068
14100 0.00118068
14110 0.00118068
14120 0.00118068
14130 0.00118068
14140 0.00118068
14150 0.00118068
14160 0.00118068
14170 0.00118068
14180 0.00118068
14190 0.00118068
14200 0.00118068
14210 0.00118068
14220 0.00118068
14230 0.00118068
14240 0.00118068
14250 0.00118068
14260 0.00118068
14270 0.00118068
14280 0.00118068
14290 0.00118068
14300 0.00118068
14310 0.00118068
14320 0.00118068
14330 0.00118068
14340 0.00118068
14350 0.00118068
14360 0.00118068
14370 0.00118068
14380 0.00118068
14390 0.00118068
14400 0.00118068
14410 0.00118068
14420 0.00118068
14430 0.00118068
14440 0.00118068
14450 0.00118068
14460 0.00118068
14470 0.00118068
14480 0.00118068
14490 0.00118068
14500 0.00118068
14510 0.00118068
14520 0.00118068
14530 0.00118068
14540 0.00118068
14550 0.00118068
14560 0.00118068
14570 0.00118068
14580 0.00118068
14590 0.00118068
14600 0.00118068
14610 0.00118068
14620 0.00118068
14630 0.00118068
14640 0.00118068
14650 0.00118068
14660 0.00118068
14670 0.00118068
14680 0.00118068
14690 0.00118068
14700 0.00118068
14710 0.00118068
14720 0.00118068
14730 0.00118068
14740 0.00118068
14750 0.00118068
14760 0.00118068
14770 0.00118068
14780 0.00118068
14790 0.00118068
14800 0.00118068
14810 0.00118068
14820 0.00118068
14830 0.00118068
14840 0.00118068
14850 0.00118068
14860 0.00118068
14870 0.00118068
14880 0.00118068
14890 0.00118068
14900 0.00118068
14910 0.00118068
14920 0.00118068
14930 0.00118068
14940 0.00118068
14950 0.00118068
14960 0.00118068
14970 0.00118068
14980 0.00118068
14990 0.00118068
15000 0.00118068
15010 0.00118068
15020 0.00118068
15030 0.00118068
15040 0.00118068
15050 0.00118068
15060 0.00118068
15070 0.00118068
15080 0.00118068
15090 0.00118068
15100 0.00118068
15110 0.00118068
15120 0.00118068
15130 0.00118068
15140 0.00118068
15150 0.00118068
15160 0.00118068
15170 0.00118068
15180 0.00118068
15190 0.00118068
15200 0.00118068
15210 0.00118068
15220 0.00118068
15230 0.00118068
15240 0.00118068
15250 0.00118068
15260 0.00118068
15270 0.00118068
15280 0.00118068
15290 0.00118068
15300 0.00118068
15310 0.00118068
15320 0.00118068
15330 0.00118068
15340 0.00118068
15350 0.00118068
15360 0.00118068
15370 0.00118068
15380 0.00118068
15390 0.00118068
15400 0.00118068
15410 0.00118068
15420 0.00118068
15430 0.00118068
15440 0.00118068
15450 0.00118068
15460 0.00118068
15470 0.00118068
15480 0.00118068
15490 0.00118068
15500 0.00118068
15510 0.00118068
15520 0.00118068
15530 0.00118068
15540 0.00118068
15550 0.00118068
15560 0.00118068
15570 0.00118068
15580 0.00118068
15590 0.00118068
15600 0.00118068
15610 0.00118068
15620 0.00118068
15630 0.00118068
15640 0.00118068
15650 0.00118068
15660 0.00118068
15670 0.00118068
15680 0.00118068
15690 0.00118068
15700 0.00118068
15710 0.00118068
15720 0.00118068
15730 0.00118068
15740 0.00118068
15750 0.00118068
15760 0.00118068
15770 0.00118068
15780 0.00118068
15790 0.00118068
15800 0.00118068
15810 0.00118068
15820 0.00118068
15830 0.00118068
15840 0.00118068
15850 0.00118068
15860 0.00118068
15870 0.00118068
15880 0.00118068
15890 0.00118068
15900 0.00118068
15910 0.00118068
15920 0.00118068
15930 0.00118068
15940 0.00118068
15950 0.00118068
15960 0.00118068
15970 0.00118068
15980 0.00118068
15990 0.00118068
16000 0.00118068
16010 0.00118068
16020 0.00118068
16030 0.00118068
16040 0.00118068
16050 0.00118068
16060 0.00118068
16070 0.00118068
16080 0.00118068
16090 0.00118068
16100 0.00118068
16110 0.00118068
16120 0.00118068
16130 0.00118068
16140 0.00118068
16150 0.00118068
16160 0.00118068
16170 0.00118068
16180 0.00118068
16190 0.00118068
16200 0.00118068
16210 0.00118068
16220 0.00118068
16230 0.00118068
16240 0.00118068
16250 0.00118068
16260 0.00118068
16270 0.00118068
16280 0.00118068
16290 0.00118068
16300 0.00118068
16310 0.00118068
16320 0.00118068
16330 0.00118068
16340 0.00118068
16350 0.00118068
16360 0.00118068
16370 0.00118068
16380 0.00118068
16390 0.00118068
16400 0.00118068
16410 0.00118068
16420 0.00118068
16430 0.00118068
16440 0.00118068
16450 0.00118068
16460 0.00118068
16470 0.00118068
16480 0.00118068
16490 0.00118068
16500 0.00118068
16510 0.00118068
16520 0.00118068
16530 0.00118068
16540 0.00118068
16550 0.00118068
16560 0.00118068
16570 0.00118068
16580 0.00118068
16590 0.00118068
16600 0.00118068
16610 0.00118068
16620 0.00118068
16630 0.00118068
16640 0.00118068
16650 0.00118068
16660 0.00118068
16670 0.00118068
16680 0.00118068
16690 0.00118068
16700 0.00118068
16710 0.00118068
16720 0.00118068
16730 0.00118068
16740 0.00118068
16750 0.00118068
16760 0.00118068
16770 0.00118068
16780 0.00118068
16790 0.00118068
16800 0.00118068
16810 0.00118068
16820 0.00118068
16830 0.00118068
16840 0.00118068
16850 0.00118068
16860 0.00118068
16870 0.00118068
16880 0.00118068
16890 0.00118068
16900 0.00118068
16910 0.00118068
16920 0.00118068
16930 0.00118068
16940 0.00118068
16950 0.00118068
16960 0.00118068
16970 0.00118068
16980 0.00118068
16990 0.00118068
17000 0.00118068
17010 0.00118068
17020 0.00118068
17030 0.00118068
17040 0.00118068
17050 0.00118068
17060 0.00118068
17070 0.00118068
17080 0.00118068
17090 0.00118068
17100 0.00118068
17110 0.00118068
17120 0.00118068
17130 0.00118068
17140 0.00118068
17150 0.00118068
17160 0.00118068
17170 0.00118068
17180 0.00118068
17190 0.00118068
17200 0.00118068
17210 0.00118068
17220 0.00118068
17230 0.00118068
17240 0.00118068
17250 0.00118068
17260 0.00118068
17270 0.00118068
17280 0.00118068
17290 0.00118068
17300 0.00118068
17310 0.00118068
17320 0.00118068
17330 0.00118068
17340 0.00118068
17350 0.00118068
17360 0.00118068
17370 0.00118068
17380 0.00118068
17390 0.00118068
17400 0.00118068
17410 0.00118068
17420 0.00118068
17430 0.00118068
17440 0.00118068
17450 0.00118068
17460 0.00118068
17470 0.00118068
17480 0.00118068
17490 0.00118068
17500 0.00118068
17510 0.00118068
17520 0.00118068
17530 0.00118068
17540 0.00118068
17550 0.00118068
17560 0.00118068
17570 0.00118068
17580 0.00118068
17590 0.00118068
17600 0.00118068
17610 0.00118068
17620 0.00118068
17630 0.00118068
17640 0.00118068
17650 0.00118068
17660 0.00118068
17670 0.00118068
17680 0.00118068
17690 0.00118068
17700 0.00118068
17710 0.00118068
17720 0.00118068
17730 0.00118068
17740 0.00118068
17750 0.00118068
17760 0.00118068
17770 0.00118068
17780 0.00118068
17790 0.00118068
17800 0.00118068
17810 0.00118068
17820 0.00118068
17830 0.00118068
17840 0.00118068
17850 0.00118068
17860 0.00118068
17870 0.00118068
17880 0.00118068
17890 0.00118068
17900 0.00118068
17910 0.00118068
17920 0.00118068
17930 0.00118068
17940 0.00118068
17950 0.00118068
17960 0.00118068
17970 0.00118068
17980 0.00118068
17990 0.00118068
18000 0.00118068
18010 0.00118068
18020 0.00118068
18030 0.00118068
18040 0.00118068
18050 0.00118068
18060 0.00118068
18070 0.00118068
18080 0.00118068
18090 0.00118068
18100 0.00118068
18110 0.00118068
18120 0.00118068
18130 0.00118068
18140 0.00118068
18150 0.00118068
18160 0.00118068
18170 0.00118068
18180 0.00118068
18190 0.00118068
18200 0.00118068
18210 0.00118068
18220 0.00118068
18230 0.00118068
18240 0.00118068
18250 0.00118068
18260 0.00118068
18270 0.00118068
18280 0.00118068
18290 0.00118068
18300 0.00118068
18310 0.00118068
18320 0.00118068
18330 0.00118068
18340 0.00118068
18350 0.00118068
18360 0.00118068
18370 0.00118068
18380 0.00118068
18390 0.00118068
18400 0.00118068
18410 0.00118068
18420 0.00118068
18430 0.00118068
18440 0.00118068
18450 0.00118068
18460 0.00118068
18470 0.00118068
18480 0.00118068
18490 0.00118068
18500 0.00118068
18510 0.00118068
18520 0.00118068
18530 0.00118068
18540 0.00118068
18550 0.00118068
18560 0.00118068
18570 0.00118068
18580 0.00118068
18590 0.00118068
18600 0.00118068
18610 0.00118068
18620 0.00118068
18630 0.00118068
18640 0.00118068
18650 0.00118068
18660 0.00118068
18670 0.00118068
18680 0.00118068
18690 0.00118068
18700 0.00118068
18710 0.00118068
18720 0.00118068
18730 0.00118068
18740 0.00118068
18750 0.00118068
18760 0.00118068
18770 0.00118068
18780 0.00118068
18790 0.00118068
18800 0.00118068
18810 0.00118068
18820 0.00118068
18830 0.00118068
18840 0.00118068
18850 0.00118068
18860 0.00118068
18870 0.00118068
18880 0.00118068
18890 0.00118068
18900 0.00118068
18910 0.00118068
18920 0.00118068
18930 0.00118068
18940 0.00118068
18950 0.00118068
18960 0.00118068
18970 0.00118068
18980 0.00118068
18990 0.00118068
19000 0.00118068
19010 0.00118068
19020 0.00118068
19030 0.00118068
19040 0.00118068
19050 0.00118068
19060 0.00118068
19070 0.00118068
19080 0.00118068
19090 0.00118068
19100 0.00118068
19110 0.00118068
19120 0.00118068
19130 0.00118068
19140 0.00118068
19150 0.00118068
19160 0.00118068
19170 0.00118068
19180 0.00118068
19190 0.00118068
19200 0.00118068
19210 0.00118068
19220 0.00118068
19230 0.00118068
19240 0.00118068
19250 0.00118068
19260 0.00118068
19270 0.00118068
19280 0.00118068
19290 0.00118068
19300 0.00118068
19310 0.00118068
19320 0.00118068
19330 0.00118068
19340 0.00118068
19350 0.00118068
19360 0.00118068
19370 0.00118068
19380 0.00118068
19390 0.00118068
19400 0.00118068
19410 0.00118068
19420 0.00118068
19430 0.00118068
19440 0.00118068
19450 0.00118068
19460 0.00118068
19470 0.00118068
19480 0.00118068
19490 0.00118068
19500 0.00118068
19510 0.00118068
19520 0.00118068
19530 0.00118068
19540 0.00118068
19550 0.00118068
19560 0.00118068
19570 0.00118068
19580 0.00118068
19590 0.00118068
19600 0.00118068
19610 0.00118068
19620 0.00118068
19630 0.00118068
19640 0.00118068
19650 0.00118068
19660 0.00118068
19670 0.00118068
19680 0.00118068
19690 0.00118068
19700 0.00118068
19710 0.00118068
19720 0.00118068
19730 0.00118068
19740 0.00118068
19750 0.00118068
19760 0.00118068
19770 0.00118068
19780 0.00118068
19790 0.00118068
19800 0.00118068
19810 0.00118068
19820 0.00118068
19830 0.00118068
19840 0.00118068
19850 0.00118068
19860 0.00118068
19870 0.00118068
19880 0.00118068
19890 0.00118068
19900 0.00118068
19910 0.00118068
19920 0.00118068
19930 0.00118068
19940 0.00118068
19950 0.00118068
19960 0.00118068
19970 0.00118068
19980 0.00118068
19990 0.00118068
20000 0.00118068
-END-OF-DATA-
