-START-OF-DATA-
0 0.000278
10 0.000278
20 0.000278
30 0.000278
40 0.000278
50 0.000278
60 0.000278
70 0.000278
80 0.000278
90 0.000278
100 0.000278
110 0.000278
120 0.000278
130 0.000278
140 0.000278
150 0.000278
160 0.000278
170 0.000278
180 0.000278
190 0.000278
200 0.000278
210 0.000278
220 0.000278
230 0.000278
240 0.000278
250 0.000278
260 0.000278
270 0.000278
280 0.000278
290 0.000278
300 0.000278
310 0.000278
320 0.000278
330 0.000278
340 0.000278
350 0.000278
360 0.000278
370 0.000278
380 0.000278
390 0.000278
400 0.000278
410 0.000278
420 0.000278
430 0.000278
440 0.000278
450 0.000278
460 0.000278
470 0.000278
480 0.000278
490 0.000278
500 0.000278
510 0.000278
520 0.000278
530 0.000278
540 0.000278
550 0.000278
560 0.000278
570 0.000278
580 0.000278
590 0.000278
600 0.000278
610 0.000278
620 0.000278
630 0.000278
640 0.000278
650 0.000278
660 0.000278
670 0.000278
680 0.000278
690 0.000278
700 0.000278
710 0.000278
720 0.000278
730 0.000278
740 0.000278
750 0.000278
760 0.000278
770 0.000278
780 0.000278
790 0.000278
800 0.000278
810 0.000278
820 0.000278
830 0.000278
840 0.000278
850 0.000278
860 0.000278
870 0.000278
880 0.000278
890 0.000278
900 0.000278
910 0.000278
920 0.000278
930 0.000278
940 0.000278
950 0.000278
960 0.000278
970 0.000278
980 0.000278
990 0.000278
1000 0.000278
1010 0.000278
1020 0.000278
1030 0.000278
1040 0.000278
1050 0.000278
1060 0.000278
1070 0.000278
1080 0.000278
1090 0.000278
1100 0.000278
1110 0.000278
1120 0.000278
1130 0.000278
1140 0.000278
1150 0.000278
1160 0.000278
1170 0.000278
1180 0.000278
1190 0.000278
1200 0.000278
1210 0.000278
1220 0.000278
1230 0.000278
1240 0.000278
1250 0.000278
1260 0.000278
1270 0.000278
1280 0.000278
1290 0.000278
1300 0.000278
1310 0.000278
1320 0.000278
1330 0.000278
1340 0.000278
1350 0.000278
1360 0.000278
1370 0.000278
1380 0.000278
1390 0.000278
1400 0.000278
1410 0.000278
1420 0.000278
1430 0.000278
1440 0.000278
1450 0.000278
1460 0.000278
1470 0.000278
1480 0.000278
1490 0.000278
1500 0.000278
1510 0.000278
1520 0.000278
1530 0.000278
1540 0.000278
1550 0.000278
1560 0.000278
1570 0.000278
1580 0.000278
1590 0.000278
1600 0.000278
1610 0.000278
1620 0.000278
1630 0.000278
1640 0.000278
1650 0.000278
1660 0.000278
1670 0.000278
1680 0.000278
1690 0.000278
1700 0.000278
1710 0.000278
1720 0.000278
1730 0.000278
1740 0.000278
1750 0.000278
1760 0.000278
1770 0.000278
1780 0.000278
1790 0.000278
1800 0.000278
1810 0.000278
1820 0.000278
1830 0.000278
1840 0.000278
1850 0.000278
1860 0.000278
1870 0.000278
1880 0.000278
1890 0.000278
1900 0.000278
1910 0.000278
1920 0.000278
1930 0.000278
1940 0.000278
1950 0.000278
1960 0.000278
1970 0.000278
1980 0.000278
1990 0.000278
2000 0.000278
2010 0.000278969734219269
2020 0.000279939468438538
2030 0.000280909202657807
2040 0.000281878936877076
2050 0.000282848671096345
2060 0.000283818405315615
2070 0.000284788139534884
2080 0.000285757873754153
2090 0.000286727607973422
2100 0.000287697342192691
2110 0.00028866707641196
2120 0.000289636810631229
2130 0.000290606544850498
2140 0.000291576279069767
2150 0.000292546013289037
2160 0.000293515747508306
2170 0.000294485481727575
2180 0.000295455215946844
2190 0.000296424950166113
2200 0.000297394684385382
2210 0.000298364418604651
2220 0.00029933415282392
2230 0.000300303887043189
2240 0.000301273621262458
2250 0.000302243355481728
2260 0.000303213089700997
2270 0.000304182823920266
2280 0.000305152558139535
2290 0.000306122292358804
2300 0.000307092026578073
2310 0.000308061760797342
2320 0.000309031495016611
2330 0.00031000122923588
2340 0.000310970963455149
2350 0.000311940697674419
2360 0.000312910431893688
2370 0.000313880166112957
2380 0.000314849900332226
2390 0.000315819634551495
2400 0.000316789368770764
2410 0.000317759102990033
2420 0.000318728837209302
2430 0.000319698571428571
2440 0.00032066830564784
2450 0.00032163803986711
2460 0.000322607774086379
2470 0.000323577508305648
2480 0.000324547242524917
2490 0.000325516976744186
2500 0.000326486710963455
2510 0.000327456445182724
2520 0.000328426179401993
2530 0.000329395913621262
2540 0.000330365647840532
2550 0.000331335382059801
2560 0.00033230511627907
2570 0.000333274850498339
2580 0.000334244584717608
2590 0.000335214318936877
2600 0.000336184053156146
2610 0.000337153787375415
2620 0.000338123521594684
2630 0.000339093255813953
2640 0.000340062990033223
2650 0.000341032724252492
2660 0.000342002458471761
2670 0.00034297219269103
2680 0.000343941926910299
2690 0.000344911661129568
2700 0.000345881395348837
2710 0.000346851129568106
2720 0.000347820863787375
2730 0.000348790598006645
2740 0.000349760332225914
2750 0.000350730066445183
2760 0.000351699800664452
2770 0.000352669534883721
2780 0.00035363926910299
2790 0.000354609003322259
2800 0.000355578737541528
2810 0.000356548471760797
2820 0.000357518205980066
2830 0.000358487940199336
2840 0.000359457674418605
2850 0.000360427408637874
2860 0.000361397142857143
2870 0.000362366877076412
2880 0.000363336611295681
2890 0.00036430634551495
2900 0.000365276079734219
2910 0.000366245813953488
2920 0.000367215548172757
2930 0.000368185282392027
2940 0.000369155016611296
2950 0.000370124750830565
2960 0.000371094485049834
2970 0.000372064219269103
2980 0.000373033953488372
2990 0.000374003687707641
3000 0.00037497342192691
3010 0.000375943156146179
3020 0.000376912890365448
3030 0.000377882624584718
3040 0.000378852358803987
3050 0.000379822093023256
3060 0.000380791827242525
3070 0.000381761561461794
3080 0.000382731295681063
3090 0.000383701029900332
3100 0.000384670764119601
3110 0.00038564049833887
3120 0.00038661023255814
3130 0.000387579966777409
3140 0.000388549700996678
3150 0.000389519435215947
3160 0.000390489169435216
3170 0.000391458903654485
3180 0.000392428637873754
3190 0.000393398372093023
3200 0.000394368106312292
3210 0.000395337840531561
3220 0.00039630757475083
3230 0.0003972773089701
3240 0.000398247043189369
3250 0.000399216777408638
3260 0.000400186511627907
3270 0.000401156245847176
3280 0.000402125980066445
3290 0.000403095714285714
3300 0.000404065448504983
3310 0.000405035182724252
3320 0.000406004916943522
3330 0.000406974651162791
3340 0.00040794438538206
3350 0.000408914119601329
3360 0.000409883853820598
3370 0.000410853588039867
3380 0.000411823322259136
3390 0.000412793056478405
3400 0.000413762790697674
3410 0.000414732524916943
3420 0.000415702259136213
3430 0.000416671993355482
3440 0.000417641727574751
3450 0.00041861146179402
3460 0.000419581196013289
3470 0.000420550930232558
3480 0.000421520664451827
3490 0.000422490398671096
3500 0.000423460132890365
3510 0.000424429867109635
3520 0.000425399601328904
3530 0.000426369335548173
3540 0.000427339069767442
3550 0.000428308803986711
3560 0.00042927853820598
3570 0.000430248272425249
3580 0.000431218006644518
3590 0.000432187740863787
3600 0.000433157475083056
3610 0.000434127209302326
3620 0.000435096943521595
3630 0.000436066677740864
3640 0.000437036411960133
3650 0.000438006146179402
3660 0.000438975880398671
3670 0.00043994561461794
3680 0.000440915348837209
3690 0.000441885083056478
3700 0.000442854817275748
3710 0.000443824551495017
3720 0.000444794285714286
3730 0.000445764019933555
3740 0.000446733754152824
3750 0.000447703488372093
3760 0.000448673222591362
3770 0.000449642956810631
3780 0.0004506126910299
3790 0.000451582425249169
3800 0.000452552159468439
3810 0.000453521893687708
3820 0.000454491627906977
3830 0.000455461362126246
3840 0.000456431096345515
3850 0.000457400830564784
3860 0.000458370564784053
3870 0.000459340299003322
3880 0.000460310033222591
3890 0.00046127976744186
3900 0.00046224950166113
3910 0.000463219235880399
3920 0.000464188970099668
3930 0.000465158704318937
3940 0.000466128438538206
3950 0.000467098172757475
3960 0.000468067906976744
3970 0.000469037641196013
3980 0.000470007375415282
3990 0.000470977109634551
4000 0.000471946843853821
4010 0.00047291657807309
4020 0.000473886312292359
4030 0.000474856046511628
4040 0.000475825780730897
4050 0.000476795514950166
4060 0.000477765249169435
4070 0.000478734983388704
4080 0.000479704717607973
4090 0.000480674451827243
4100 0.000481644186046512
4110 0.000482613920265781
4120 0.00048358365448505
4130 0.000484553388704319
4140 0.000485523122923588
4150 0.000486492857142857
4160 0.000487462591362126
4170 0.000488432325581395
4180 0.000489402059800664
4190 0.000490371794019934
4200 0.000491341528239203
4210 0.000492311262458472
4220 0.000493280996677741
4230 0.00049425073089701
4240 0.000495220465116279
4250 0.000496190199335548
4260 0.000497159933554817
4270 0.000498129667774086
4280 0.000499099401993356
4290 0.000500069136212625
4300 0.000501038870431894
4310 0.000502008604651163
4320 0.000502978338870432
4330 0.000503948073089701
4340 0.00050491780730897
4350 0.000505887541528239
4360 0.000506857275747508
4370 0.000507827009966777
4380 0.000508796744186046
4390 0.000509766478405316
4400 0.000510736212624585
4410 0.000511705946843854
4420 0.000512675681063123
4430 0.000513645415282392
4440 0.000514615149501661
4450 0.00051558488372093
4460 0.000516554617940199
4470 0.000517524352159468
4480 0.000518494086378737
4490 0.000519463820598007
4500 0.000520433554817276
4510 0.000521403289036545
4520 0.000522373023255814
4530 0.000523342757475083
4540 0.000524312491694352
4550 0.000525282225913621
4560 0.00052625196013289
4570 0.000527221694352159
4580 0.000528191428571428
4590 0.000529161162790698
4600 0.000530130897009967
4610 0.000531100631229236
4620 0.000532070365448505
4630 0.000533040099667774
4640 0.000534009833887043
4650 0.000534979568106312
4660 0.000535949302325581
4670 0.000536919036544851
4680 0.00053788877076412
4690 0.000538858504983389
4700 0.000539828239202658
4710 0.000540797973421927
4720 0.000541767707641196
4730 0.000542737441860465
4740 0.000543707176079734
4750 0.000544676910299003
4760 0.000545646644518272
4770 0.000546616378737542
4780 0.000547586112956811
4790 0.00054855584717608
4800 0.000549525581395349
4810 0.000550495315614618
4820 0.000551465049833887
4830 0.000552434784053156
4840 0.000553404518272425
4850 0.000554374252491694
4860 0.000555343986710963
4870 0.000556313720930233
4880 0.000557283455149502
4890 0.000558253189368771
4900 0.00055922292358804
4910 0.000560192657807309
4920 0.000561162392026578
4930 0.000562132126245847
4940 0.000563101860465116
4950 0.000564071594684385
4960 0.000565041328903654
4970 0.000566011063122923
4980 0.000566980797342193
4990 0.000567950531561462
5000 0.000568920265780731
5010 0.00056989
5020 0.00056989
5030 0.00056989
5040 0.00056989
5050 0.00056989
5060 0.00056989
5070 0.00056989
5080 0.00056989
5090 0.00056989
5100 0.00056989
5110 0.00056989
5120 0.00056989
5130 0.00056989
5140 0.00056989
5150 0.00056989
5160 0.00056989
5170 0.00056989
5180 0.00056989
5190 0.00056989
5200 0.00056989
5210 0.00056989
5220 0.00056989
5230 0.00056989
5240 0.00056989
5250 0.00056989
5260 0.00056989
5270 0.00056989
5280 0.00056989
5290 0.00056989
5300 0.00056989
5310 0.00056989
5320 0.00056989
5330 0.00056989
5340 0.00056989
5350 0.00056989
5360 0.00056989
5370 0.00056989
5380 0.00056989
5390 0.00056989
5400 0.00056989
5410 0.00056989
5420 0.00056989
5430 0.00056989
5440 0.00056989
5450 0.00056989
5460 0.00056989
5470 0.00056989
5480 0.00056989
5490 0.00056989
5500 0.00056989
5510 0.00056989
5520 0.00056989
5530 0.00056989
5540 0.00056989
5550 0.00056989
5560 0.00056989
5570 0.00056989
5580 0.00056989
5590 0.00056989
5600 0.00056989
5610 0.00056989
5620 0.00056989
5630 0.00056989
5640 0.00056989
5650 0.00056989
5660 0.00056989
5670 0.00056989
5680 0.00056989
5690 0.00056989
5700 0.00056989
5710 0.00056989
5720 0.00056989
5730 0.00056989
5740 0.00056989
5750 0.00056989
5760 0.00056989
5770 0.00056989
5780 0.00056989
5790 0.00056989
5800 0.00056989
5810 0.00056989
5820 0.00056989
5830 0.00056989
5840 0.00056989
5850 0.00056989
5860 0.00056989
5870 0.00056989
5880 0.00056989
5890 0.00056989
5900 0.00056989
5910 0.00056989
5920 0.00056989
5930 0.00056989
5940 0.00056989
5950 0.00056989
5960 0.00056989
5970 0.00056989
5980 0.00056989
5990 0.00056989
6000 0.00056989
6010 0.00056989
6020 0.00056989
6030 0.00056989
6040 0.00056989
6050 0.00056989
6060 0.00056989
6070 0.00056989
6080 0.00056989
6090 0.00056989
6100 0.00056989
6110 0.00056989
6120 0.00056989
6130 0.00056989
6140 0.00056989
6150 0.00056989
6160 0.00056989
6170 0.00056989
6180 0.00056989
6190 0.00056989
6200 0.00056989
6210 0.00056989
6220 0.00056989
6230 0.00056989
6240 0.00056989
6250 0.00056989
6260 0.00056989
6270 0.00056989
6280 0.00056989
6290 0.00056989
6300 0.00056989
6310 0.00056989
6320 0.00056989
6330 0.00056989
6340 0.00056989
6350 0.00056989
6360 0.00056989
6370 0.00056989
6380 0.00056989
6390 0.00056989
6400 0.00056989
6410 0.00056989
6420 0.00056989
6430 0.00056989
6440 0.00056989
6450 0.00056989
6460 0.00056989
6470 0.00056989
6480 0.00056989
6490 0.00056989
6500 0.00056989
6510 0.00056989
6520 0.00056989
6530 0.00056989
6540 0.00056989
6550 0.00056989
6560 0.00056989
6570 0.00056989
6580 0.00056989
6590 0.00056989
6600 0.00056989
6610 0.00056989
6620 0.00056989
6630 0.00056989
6640 0.00056989
6650 0.00056989
6660 0.00056989
6670 0.00056989
6680 0.00056989
6690 0.00056989
6700 0.00056989
6710 0.00056989
6720 0.00056989
6730 0.00056989
6740 0.00056989
6750 0.00056989
6760 0.00056989
6770 0.00056989
6780 0.00056989
6790 0.00056989
6800 0.00056989
6810 0.00056989
6820 0.00056989
6830 0.00056989
6840 0.00056989
6850 0.00056989
6860 0.00056989
6870 0.00056989
6880 0.00056989
6890 0.00056989
6900 0.00056989
6910 0.00056989
6920 0.00056989
6930 0.00056989
6940 0.00056989
6950 0.00056989
6960 0.00056989
6970 0.00056989
6980 0.00056989
6990 0.00056989
7000 0.00056989
7010 0.00056989
7020 0.00056989
7030 0.00056989
7040 0.00056989
7050 0.00056989
7060 0.00056989
7070 0.00056989
7080 0.00056989
7090 0.00056989
7100 0.00056989
7110 0.00056989
7120 0.00056989
7130 0.00056989
7140 0.00056989
7150 0.00056989
7160 0.00056989
7170 0.00056989
7180 0.00056989
7190 0.00056989
7200 0.00056989
7210 0.00056989
7220 0.00056989
7230 0.00056989
7240 0.00056989
7250 0.00056989
7260 0.00056989
7270 0.00056989
7280 0.00056989
7290 0.00056989
7300 0.00056989
7310 0.00056989
7320 0.00056989
7330 0.00056989
7340 0.00056989
7350 0.00056989
7360 0.00056989
7370 0.00056989
7380 0.00056989
7390 0.00056989
7400 0.00056989
7410 0.00056989
7420 0.00056989
7430 0.00056989
7440 0.00056989
7450 0.00056989
7460 0.00056989
7470 0.00056989
7480 0.00056989
7490 0.00056989
7500 0.00056989
7510 0.00056989
7520 0.00056989
7530 0.00056989
7540 0.00056989
7550 0.00056989
7560 0.00056989
7570 0.00056989
7580 0.00056989
7590 0.00056989
7600 0.00056989
7610 0.00056989
7620 0.00056989
7630 0.00056989
7640 0.00056989
7650 0.00056989
7660 0.00056989
7670 0.00056989
7680 0.00056989
7690 0.00056989
7700 0.00056989
7710 0.00056989
7720 0.00056989
7730 0.00056989
7740 0.00056989
7750 0.00056989
7760 0.00056989
7770 0.00056989
7780 0.00056989
7790 0.00056989
7800 0.00056989
7810 0.00056989
7820 0.00056989
7830 0.00056989
7840 0.00056989
7850 0.00056989
7860 0.00056989
7870 0.00056989
7880 0.00056989
7890 0.00056989
7900 0.00056989
7910 0.00056989
7920 0.00056989
7930 0.00056989
7940 0.00056989
7950 0.00056989
7960 0.00056989
7970 0.00056989
7980 0.00056989
7990 0.00056989
8000 0.00056989
8010 0.00056989
8020 0.00056989
8030 0.00056989
8040 0.00056989
8050 0.00056989
8060 0.00056989
8070 0.00056989
8080 0.00056989
8090 0.00056989
8100 0.00056989
8110 0.00056989
8120 0.00056989
8130 0.00056989
8140 0.00056989
8150 0.00056989
8160 0.00056989
8170 0.00056989
8180 0.00056989
8190 0.00056989
8200 0.00056989
8210 0.00056989
8220 0.00056989
8230 0.00056989
8240 0.00056989
8250 0.00056989
8260 0.00056989
8270 0.00056989
8280 0.00056989
8290 0.00056989
8300 0.00056989
8310 0.00056989
8320 0.00056989
8330 0.00056989
8340 0.00056989
8350 0.00056989
8360 0.00056989
8370 0.00056989
8380 0.00056989
8390 0.00056989
8400 0.00056989
8410 0.00056989
8420 0.00056989
8430 0.00056989
8440 0.00056989
8450 0.00056989
8460 0.00056989
8470 0.00056989
8480 0.00056989
8490 0.00056989
8500 0.00056989
8510 0.00056989
8520 0.00056989
8530 0.00056989
8540 0.00056989
8550 0.00056989
8560 0.00056989
8570 0.00056989
8580 0.00056989
8590 0.00056989
8600 0.00056989
8610 0.00056989
8620 0.00056989
8630 0.00056989
8640 0.00056989
8650 0.00056989
8660 0.00056989
8670 0.00056989
8680 0.00056989
8690 0.00056989
8700 0.00056989
8710 0.00056989
8720 0.00056989
8730 0.00056989
8740 0.00056989
8750 0.00056989
8760 0.00056989
8770 0.00056989
8780 0.00056989
8790 0.00056989
8800 0.00056989
8810 0.00056989
8820 0.00056989
8830 0.00056989
8840 0.00056989
8850 0.00056989
8860 0.00056989
8870 0.00056989
8880 0.00056989
8890 0.00056989
8900 0.00056989
8910 0.00056989
8920 0.00056989
8930 0.00056989
8940 0.00056989
8950 0.00056989
8960 0.00056989
8970 0.00056989
8980 0.00056989
8990 0.00056989
9000 0.00056989
9010 0.00056989
9020 0.00056989
9030 0.00056989
9040 0.00056989
9050 0.00056989
9060 0.00056989
9070 0.00056989
9080 0.00056989
9090 0.00056989
9100 0.00056989
9110 0.00056989
9120 0.00056989
9130 0.00056989
9140 0.00056989
9150 0.00056989
9160 0.00056989
9170 0.00056989
9180 0.00056989
9190 0.00056989
9200 0.00056989
9210 0.00056989
9220 0.00056989
9230 0.00056989
9240 0.00056989
9250 0.00056989
9260 0.00056989
9270 0.00056989
9280 0.00056989
9290 0.00056989
9300 0.00056989
9310 0.00056989
9320 0.00056989
9330 0.00056989
9340 0.00056989
9350 0.00056989
9360 0.00056989
9370 0.00056989
9380 0.00056989
9390 0.00056989
9400 0.00056989
9410 0.00056989
9420 0.00056989
9430 0.00056989
9440 0.00056989
9450 0.00056989
9460 0.00056989
9470 0.00056989
9480 0.00056989
9490 0.00056989
9500 0.00056989
9510 0.00056989
9520 0.00056989
9530 0.00056989
9540 0.00056989
9550 0.00056989
9560 0.00056989
9570 0.00056989
9580 0.00056989
9590 0.00056989
9600 0.00056989
9610 0.00056989
9620 0.00056989
9630 0.00056989
9640 0.00056989
9650 0.00056989
9660 0.00056989
9670 0.00056989
9680 0.00056989
9690 0.00056989
9700 0.00056989
9710 0.00056989
9720 0.00056989
9730 0.00056989
9740 0.00056989
9750 0.00056989
9760 0.00056989
9770 0.00056989
9780 0.00056989
9790 0.00056989
9800 0.00056989
9810 0.00056989
9820 0.00056989
9830 0.00056989
9840 0.00056989
9850 0.00056989
9860 0.00056989
9870 0.00056989
9880 0.00056989
9890 0.00056989
9900 0.00056989
9910 0.00056989
9920 0.00056989
9930 0.00056989
9940 0.00056989
9950 0.00056989
9960 0.00056989
9970 0.00056989
9980 0.00056989
9990 0.00056989
10000 0.00056989
10010 0.00056989
10020 0.00056989
10030 0.00056989
10040 0.00056989
10050 0.00056989
10060 0.00056989
10070 0.00056989
10080 0.00056989
10090 0.00056989
10100 0.00056989
10110 0.00056989
10120 0.00056989
10130 0.00056989
10140 0.00056989
10150 0.00056989
10160 0.00056989
10170 0.00056989
10180 0.00056989
10190 0.00056989
10200 0.00056989
10210 0.00056989
10220 0.00056989
10230 0.00056989
10240 0.00056989
10250 0.00056989
10260 0.00056989
10270 0.00056989
10280 0.00056989
10290 0.00056989
10300 0.00056989
10310 0.00056989
10320 0.00056989
10330 0.00056989
10340 0.00056989
10350 0.00056989
10360 0.00056989
10370 0.00056989
10380 0.00056989
10390 0.00056989
10400 0.00056989
10410 0.00056989
10420 0.00056989
10430 0.00056989
10440 0.00056989
10450 0.00056989
10460 0.00056989
10470 0.00056989
10480 0.00056989
10490 0.00056989
10500 0.00056989
10510 0.00056989
10520 0.00056989
10530 0.00056989
10540 0.00056989
10550 0.00056989
10560 0.00056989
10570 0.00056989
10580 0.00056989
10590 0.00056989
10600 0.00056989
10610 0.00056989
10620 0.00056989
10630 0.00056989
10640 0.00056989
10650 0.00056989
10660 0.00056989
10670 0.00056989
10680 0.00056989
10690 0.00056989
10700 0.00056989
10710 0.00056989
10720 0.00056989
10730 0.00056989
10740 0.00056989
10750 0.00056989
10760 0.00056989
10770 0.00056989
10780 0.00056989
10790 0.00056989
10800 0.00056989
10810 0.00056989
10820 0.00056989
10830 0.00056989
10840 0.00056989
10850 0.00056989
10860 0.00056989
10870 0.00056989
10880 0.00056989
10890 0.00056989
10900 0.00056989
10910 0.00056989
10920 0.00056989
10930 0.00056989
10940 0.00056989
10950 0.00056989
10960 0.00056989
10970 0.00056989
10980 0.00056989
10990 0.00056989
11000 0.00056989
11010 0.00056989
11020 0.00056989
11030 0.00056989
11040 0.00056989
11050 0.00056989
11060 0.00056989
11070 0.00056989
11080 0.00056989
11090 0.00056989
11100 0.00056989
11110 0.00056989
11120 0.00056989
11130 0.00056989
11140 0.00056989
11150 0.00056989
11160 0.00056989
11170 0.00056989
11180 0.00056989
11190 0.00056989
11200 0.00056989
11210 0.00056989
11220 0.00056989
11230 0.00056989
11240 0.00056989
11250 0.00056989
11260 0.00056989
11270 0.00056989
11280 0.00056989
11290 0.00056989
11300 0.00056989
11310 0.00056989
11320 0.00056989
11330 0.00056989
11340 0.00056989
11350 0.00056989
11360 0.00056989
11370 0.00056989
11380 0.00056989
11390 0.00056989
11400 0.00056989
11410 0.00056989
11420 0.00056989
11430 0.00056989
11440 0.00056989
11450 0.00056989
11460 0.00056989
11470 0.00056989
11480 0.00056989
11490 0.00056989
11500 0.00056989
11510 0.00056989
11520 0.00056989
11530 0.00056989
11540 0.00056989
11550 0.00056989
11560 0.00056989
11570 0.00056989
11580 0.00056989
11590 0.00056989
11600 0.00056989
11610 0.00056989
11620 0.00056989
11630 0.00056989
11640 0.00056989
11650 0.00056989
11660 0.00056989
11670 0.00056989
11680 0.00056989
11690 0.00056989
11700 0.00056989
11710 0.00056989
11720 0.00056989
11730 0.00056989
11740 0.00056989
11750 0.00056989
11760 0.00056989
11770 0.00056989
11780 0.00056989
11790 0.00056989
11800 0.00056989
11810 0.00056989
11820 0.00056989
11830 0.00056989
11840 0.00056989
11850 0.00056989
11860 0.00056989
11870 0.00056989
11880 0.00056989
11890 0.00056989
11900 0.00056989
11910 0.00056989
11920 0.00056989
11930 0.00056989
11940 0.00056989
11950 0.00056989
11960 0.00056989
11970 0.00056989
11980 0.00056989
11990 0.00056989
12000 0.00056989
12010 0.00056989
12020 0.00056989
12030 0.00056989
12040 0.00056989
12050 0.00056989
12060 0.00056989
12070 0.00056989
12080 0.00056989
12090 0.00056989
12100 0.00056989
12110 0.00056989
12120 0.00056989
12130 0.00056989
12140 0.00056989
12150 0.00056989
12160 0.00056989
12170 0.00056989
12180 0.00056989
12190 0.00056989
12200 0.00056989
12210 0.00056989
12220 0.00056989
12230 0.00056989
12240 0.00056989
12250 0.00056989
12260 0.00056989
12270 0.00056989
12280 0.00056989
12290 0.00056989
12300 0.00056989
12310 0.00056989
12320 0.00056989
12330 0.00056989
12340 0.00056989
12350 0.00056989
12360 0.00056989
12370 0.00056989
12380 0.00056989
12390 0.00056989
12400 0.00056989
12410 0.00056989
12420 0.00056989
12430 0.00056989
12440 0.00056989
12450 0.00056989
12460 0.00056989
12470 0.00056989
12480 0.00056989
12490 0.00056989
12500 0.00056989
12510 0.00056989
12520 0.00056989
12530 0.00056989
12540 0.00056989
12550 0.00056989
12560 0.00056989
12570 0.00056989
12580 0.00056989
12590 0.00056989
12600 0.00056989
12610 0.00056989
12620 0.00056989
12630 0.00056989
12640 0.00056989
12650 0.00056989
12660 0.00056989
12670 0.00056989
12680 0.00056989
12690 0.00056989
12700 0.00056989
12710 0.00056989
12720 0.00056989
12730 0.00056989
12740 0.00056989
12750 0.00056989
12760 0.00056989
12770 0.00056989
12780 0.00056989
12790 0.00056989
12800 0.00056989
12810 0.00056989
12820 0.00056989
12830 0.00056989
12840 0.00056989
12850 0.00056989
12860 0.00056989
12870 0.00056989
12880 0.00056989
12890 0.00056989
12900 0.00056989
12910 0.00056989
12920 0.00056989
12930 0.00056989
12940 0.00056989
12950 0.00056989
12960 0.00056989
12970 0.00056989
12980 0.00056989
12990 0.00056989
13000 0.00056989
13010 0.00056989
13020 0.00056989
13030 0.00056989
13040 0.00056989
13050 0.00056989
13060 0.00056989
13070 0.00056989
13080 0.00056989
13090 0.00056989
13100 0.00056989
13110 0.00056989
13120 0.00056989
13130 0.00056989
13140 0.00056989
13150 0.00056989
13160 0.00056989
13170 0.00056989
13180 0.00056989
13190 0.00056989
13200 0.00056989
13210 0.00056989
13220 0.00056989
13230 0.00056989
13240 0.00056989
13250 0.00056989
13260 0.00056989
13270 0.00056989
13280 0.00056989
13290 0.00056989
13300 0.00056989
13310 0.00056989
13320 0.00056989
13330 0.00056989
13340 0.00056989
13350 0.00056989
13360 0.00056989
13370 0.00056989
13380 0.00056989
13390 0.00056989
13400 0.00056989
13410 0.00056989
13420 0.00056989
13430 0.00056989
13440 0.00056989
13450 0.00056989
13460 0.00056989
13470 0.00056989
13480 0.00056989
13490 0.00056989
13500 0.00056989
13510 0.00056989
13520 0.00056989
13530 0.00056989
13540 0.00056989
13550 0.00056989
13560 0.00056989
13570 0.00056989
13580 0.00056989
13590 0.00056989
13600 0.00056989
13610 0.00056989
13620 0.00056989
13630 0.00056989
13640 0.00056989
13650 0.00056989
13660 0.00056989
13670 0.00056989
13680 0.00056989
13690 0.00056989
13700 0.00056989
13710 0.00056989
13720 0.00056989
13730 0.00056989
13740 0.00056989
13750 0.00056989
13760 0.00056989
13770 0.00056989
13780 0.00056989
13790 0.00056989
13800 0.00056989
13810 0.00056989
13820 0.00056989
13830 0.00056989
13840 0.00056989
13850 0.00056989
13860 0.00056989
13870 0.00056989
13880 0.00056989
13890 0.00056989
13900 0.00056989
13910 0.00056989
13920 0.00056989
13930 0.00056989
13940 0.00056989
13950 0.00056989
13960 0.00056989
13970 0.00056989
13980 0.00056989
13990 0.00056989
14000 0.00056989
14010 0.00056989
14020 0.00056989
14030 0.00056989
14040 0.00056989
14050 0.00056989
14060 0.00056989
14070 0.00056989
14080 0.00056989
14090 0.00056989
14100 0.00056989
14110 0.00056989
14120 0.00056989
14130 0.00056989
14140 0.00056989
14150 0.00056989
14160 0.00056989
14170 0.00056989
14180 0.00056989
14190 0.00056989
14200 0.00056989
14210 0.00056989
14220 0.00056989
14230 0.00056989
14240 0.00056989
14250 0.00056989
14260 0.00056989
14270 0.00056989
14280 0.00056989
14290 0.00056989
14300 0.00056989
14310 0.00056989
14320 0.00056989
14330 0.00056989
14340 0.00056989
14350 0.00056989
14360 0.00056989
14370 0.00056989
14380 0.00056989
14390 0.00056989
14400 0.00056989
14410 0.00056989
14420 0.00056989
14430 0.00056989
14440 0.00056989
14450 0.00056989
14460 0.00056989
14470 0.00056989
14480 0.00056989
14490 0.00056989
14500 0.00056989
14510 0.00056989
14520 0.00056989
14530 0.00056989
14540 0.00056989
14550 0.00056989
14560 0.00056989
14570 0.00056989
14580 0.00056989
14590 0.00056989
14600 0.00056989
14610 0.00056989
14620 0.00056989
14630 0.00056989
14640 0.00056989
14650 0.00056989
14660 0.00056989
14670 0.00056989
14680 0.00056989
14690 0.00056989
14700 0.00056989
14710 0.00056989
14720 0.00056989
14730 0.00056989
14740 0.00056989
14750 0.00056989
14760 0.00056989
14770 0.00056989
14780 0.00056989
14790 0.00056989
14800 0.00056989
14810 0.00056989
14820 0.00056989
14830 0.00056989
14840 0.00056989
14850 0.00056989
14860 0.00056989
14870 0.00056989
14880 0.00056989
14890 0.00056989
14900 0.00056989
14910 0.00056989
14920 0.00056989
14930 0.00056989
14940 0.00056989
14950 0.00056989
14960 0.00056989
14970 0.00056989
14980 0.00056989
14990 0.00056989
15000 0.00056989
15010 0.00056989
15020 0.00056989
15030 0.00056989
15040 0.00056989
15050 0.00056989
15060 0.00056989
15070 0.00056989
15080 0.00056989
15090 0.00056989
15100 0.00056989
15110 0.00056989
15120 0.00056989
15130 0.00056989
15140 0.00056989
15150 0.00056989
15160 0.00056989
15170 0.00056989
15180 0.00056989
15190 0.00056989
15200 0.00056989
15210 0.00056989
15220 0.00056989
15230 0.00056989
15240 0.00056989
15250 0.00056989
15260 0.00056989
15270 0.00056989
15280 0.00056989
15290 0.00056989
15300 0.00056989
15310 0.00056989
15320 0.00056989
15330 0.00056989
15340 0.00056989
15350 0.00056989
15360 0.00056989
15370 0.00056989
15380 0.00056989
15390 0.00056989
15400 0.00056989
15410 0.00056989
15420 0.00056989
15430 0.00056989
15440 0.00056989
15450 0.00056989
15460 0.00056989
15470 0.00056989
15480 0.00056989
15490 0.00056989
15500 0.00056989
15510 0.00056989
15520 0.00056989
15530 0.00056989
15540 0.00056989
15550 0.00056989
15560 0.00056989
15570 0.00056989
15580 0.00056989
15590 0.00056989
15600 0.00056989
15610 0.00056989
15620 0.00056989
15630 0.00056989
15640 0.00056989
15650 0.00056989
15660 0.00056989
15670 0.00056989
15680 0.00056989
15690 0.00056989
15700 0.00056989
15710 0.00056989
15720 0.00056989
15730 0.00056989
15740 0.00056989
15750 0.00056989
15760 0.00056989
15770 0.00056989
15780 0.00056989
15790 0.00056989
15800 0.00056989
15810 0.00056989
15820 0.00056989
15830 0.00056989
15840 0.00056989
15850 0.00056989
15860 0.00056989
15870 0.00056989
15880 0.00056989
15890 0.00056989
15900 0.00056989
15910 0.00056989
15920 0.00056989
15930 0.00056989
15940 0.00056989
15950 0.00056989
15960 0.00056989
15970 0.00056989
15980 0.00056989
15990 0.00056989
16000 0.00056989
16010 0.00056989
16020 0.00056989
16030 0.00056989
16040 0.00056989
16050 0.00056989
16060 0.00056989
16070 0.00056989
16080 0.00056989
16090 0.00056989
16100 0.00056989
16110 0.00056989
16120 0.00056989
16130 0.00056989
16140 0.00056989
16150 0.00056989
16160 0.00056989
16170 0.00056989
16180 0.00056989
16190 0.00056989
16200 0.00056989
16210 0.00056989
16220 0.00056989
16230 0.00056989
16240 0.00056989
16250 0.00056989
16260 0.00056989
16270 0.00056989
16280 0.00056989
16290 0.00056989
16300 0.00056989
16310 0.00056989
16320 0.00056989
16330 0.00056989
16340 0.00056989
16350 0.00056989
16360 0.00056989
16370 0.00056989
16380 0.00056989
16390 0.00056989
16400 0.00056989
16410 0.00056989
16420 0.00056989
16430 0.00056989
16440 0.00056989
16450 0.00056989
16460 0.00056989
16470 0.00056989
16480 0.00056989
16490 0.00056989
16500 0.00056989
16510 0.00056989
16520 0.00056989
16530 0.00056989
16540 0.00056989
16550 0.00056989
16560 0.00056989
16570 0.00056989
16580 0.00056989
16590 0.00056989
16600 0.00056989
16610 0.00056989
16620 0.00056989
16630 0.00056989
16640 0.00056989
16650 0.00056989
16660 0.00056989
16670 0.00056989
16680 0.00056989
16690 0.00056989
16700 0.00056989
16710 0.00056989
16720 0.00056989
16730 0.00056989
16740 0.00056989
16750 0.00056989
16760 0.00056989
16770 0.00056989
16780 0.00056989
16790 0.00056989
16800 0.00056989
16810 0.00056989
16820 0.00056989
16830 0.00056989
16840 0.00056989
16850 0.00056989
16860 0.00056989
16870 0.00056989
16880 0.00056989
16890 0.00056989
16900 0.00056989
16910 0.00056989
16920 0.00056989
16930 0.00056989
16940 0.00056989
16950 0.00056989
16960 0.00056989
16970 0.00056989
16980 0.00056989
16990 0.00056989
17000 0.00056989
17010 0.00056989
17020 0.00056989
17030 0.00056989
17040 0.00056989
17050 0.00056989
17060 0.00056989
17070 0.00056989
17080 0.00056989
17090 0.00056989
17100 0.00056989
17110 0.00056989
17120 0.00056989
17130 0.00056989
17140 0.00056989
17150 0.00056989
17160 0.00056989
17170 0.00056989
17180 0.00056989
17190 0.00056989
17200 0.00056989
17210 0.00056989
17220 0.00056989
17230 0.00056989
17240 0.00056989
17250 0.00056989
17260 0.00056989
17270 0.00056989
17280 0.00056989
17290 0.00056989
17300 0.00056989
17310 0.00056989
17320 0.00056989
17330 0.00056989
17340 0.00056989
17350 0.00056989
17360 0.00056989
17370 0.00056989
17380 0.00056989
17390 0.00056989
17400 0.00056989
17410 0.00056989
17420 0.00056989
17430 0.00056989
17440 0.00056989
17450 0.00056989
17460 0.00056989
17470 0.00056989
17480 0.00056989
17490 0.00056989
17500 0.00056989
17510 0.00056989
17520 0.00056989
17530 0.00056989
17540 0.00056989
17550 0.00056989
17560 0.00056989
17570 0.00056989
17580 0.00056989
17590 0.00056989
17600 0.00056989
17610 0.00056989
17620 0.00056989
17630 0.00056989
17640 0.00056989
17650 0.00056989
17660 0.00056989
17670 0.00056989
17680 0.00056989
17690 0.00056989
17700 0.00056989
17710 0.00056989
17720 0.00056989
17730 0.00056989
17740 0.00056989
17750 0.00056989
17760 0.00056989
17770 0.00056989
17780 0.00056989
17790 0.00056989
17800 0.00056989
17810 0.00056989
17820 0.00056989
17830 0.00056989
17840 0.00056989
17850 0.00056989
17860 0.00056989
17870 0.00056989
17880 0.00056989
17890 0.00056989
17900 0.00056989
17910 0.00056989
17920 0.00056989
17930 0.00056989
17940 0.00056989
17950 0.00056989
17960 0.00056989
17970 0.00056989
17980 0.00056989
17990 0.00056989
18000 0.00056989
18010 0.00056989
18020 0.00056989
18030 0.00056989
18040 0.00056989
18050 0.00056989
18060 0.00056989
18070 0.00056989
18080 0.00056989
18090 0.00056989
18100 0.00056989
18110 0.00056989
18120 0.00056989
18130 0.00056989
18140 0.00056989
18150 0.00056989
18160 0.00056989
18170 0.00056989
18180 0.00056989
18190 0.00056989
18200 0.00056989
18210 0.00056989
18220 0.00056989
18230 0.00056989
18240 0.00056989
18250 0.00056989
18260 0.00056989
18270 0.00056989
18280 0.00056989
18290 0.00056989
18300 0.00056989
18310 0.00056989
18320 0.00056989
18330 0.00056989
18340 0.00056989
18350 0.00056989
18360 0.00056989
18370 0.00056989
18380 0.00056989
18390 0.00056989
18400 0.00056989
18410 0.00056989
18420 0.00056989
18430 0.00056989
18440 0.00056989
18450 0.00056989
18460 0.00056989
18470 0.00056989
18480 0.00056989
18490 0.00056989
18500 0.00056989
18510 0.00056989
18520 0.00056989
18530 0.00056989
18540 0.00056989
18550 0.00056989
18560 0.00056989
18570 0.00056989
18580 0.00056989
18590 0.00056989
18600 0.00056989
18610 0.00056989
18620 0.00056989
18630 0.00056989
18640 0.00056989
18650 0.00056989
18660 0.00056989
18670 0.00056989
18680 0.00056989
18690 0.00056989
18700 0.00056989
18710 0.00056989
18720 0.00056989
18730 0.00056989
18740 0.00056989
18750 0.00056989
18760 0.00056989
18770 0.00056989
18780 0.00056989
18790 0.00056989
18800 0.00056989
18810 0.00056989
18820 0.00056989
18830 0.00056989
18840 0.00056989
18850 0.00056989
18860 0.00056989
18870 0.00056989
18880 0.00056989
18890 0.00056989
18900 0.00056989
18910 0.00056989
18920 0.00056989
18930 0.00056989
18940 0.00056989
18950 0.00056989
18960 0.00056989
18970 0.00056989
18980 0.00056989
18990 0.00056989
19000 0.00056989
19010 0.00056989
19020 0.00056989
19030 0.00056989
19040 0.00056989
19050 0.00056989
19060 0.00056989
19070 0.00056989
19080 0.00056989
19090 0.00056989
19100 0.00056989
19110 0.00056989
19120 0.00056989
19130 0.00056989
19140 0.00056989
19150 0.00056989
19160 0.00056989
19170 0.00056989
19180 0.00056989
19190 0.00056989
19200 0.00056989
19210 0.00056989
19220 0.00056989
19230 0.00056989
19240 0.00056989
19250 0.00056989
19260 0.00056989
19270 0.00056989
19280 0.00056989
19290 0.00056989
19300 0.00056989
19310 0.00056989
19320 0.00056989
19330 0.00056989
19340 0.00056989
19350 0.00056989
19360 0.00056989
19370 0.00056989
19380 0.00056989
19390 0.00056989
19400 0.00056989
19410 0.00056989
19420 0.00056989
19430 0.00056989
19440 0.00056989
19450 0.00056989
19460 0.00056989
19470 0.00056989
19480 0.00056989
19490 0.00056989
19500 0.00056989
19510 0.00056989
19520 0.00056989
19530 0.00056989
19540 0.00056989
19550 0.00056989
19560 0.00056989
19570 0.00056989
19580 0.00056989
19590 0.00056989
19600 0.00056989
19610 0.00056989
19620 0.00056989
19630 0.00056989
19640 0.00056989
19650 0.00056989
19660 0.00056989
19670 0.00056989
19680 0.00056989
19690 0.00056989
19700 0.00056989
19710 0.00056989
19720 0.00056989
19730 0.00056989
19740 0.00056989
19750 0.00056989
19760 0.00056989
19770 0.00056989
19780 0.00056989
19790 0.00056989
19800 0.00056989
19810 0.00056989
19820 0.00056989
19830 0.00056989
19840 0.00056989
19850 0.00056989
19860 0.00056989
19870 0.00056989
19880 0.00056989
19890 0.00056989
19900 0.00056989
19910 0.00056989
19920 0.00056989
19930 0.00056989
19940 0.00056989
19950 0.00056989
19960 0.00056989
19970 0.00056989
19980 0.00056989
19990 0.00056989
20000 0.00056989
-END-OF-DATA-
