   0.0000000e+00
   0.0000000e+00
   0.0000000e+00
   0.0000000e+00
   0.0000000e+00
   0.0000000e+00
   0.0000000e+00
   0.0000000e+00
  -0.0000000e+00
   3.2432263e-03
  -1.1745628e-02
  -1.7137607e-02
  -1.6804266e-02
  -1.1289189e-02
  -8.6012897e-03
  -6.8786030e-03
  -5.1073927e-03
  -4.5643334e-03
  -4.8121457e-03
  -7.7332790e-03
  -6.9594846e-03
  -6.1230635e-03
  -2.0703061e-02
  -5.3740446e-02
   0.0000000e+00
   0.0000000e+00
   0.0000000e+00
   0.0000000e+00
   0.0000000e+00
   0.0000000e+00
   0.0000000e+00
   0.0000000e+00
   0.0000000e+00
   0.0000000e+00
   0.0000000e+00
   0.0000000e+00
   0.0000000e+00
   0.0000000e+00
   0.0000000e+00
   0.0000000e+00
   0.0000000e+00
   0.0000000e+00
   0.0000000e+00
   0.0000000e+00
   0.0000000e+00
   2.4717942e-02
  -1.2345640e-02
  -2.3627030e-02
  -2.1342628e-02
  -1.4095138e-02
  -6.9117267e-03
   4.9888436e-04
   6.3061002e-03
   1.0178313e-02
   1.1570260e-02
   1.0873729e-02
   9.0016657e-03
   5.4008113e-03
  -1.2640894e-03
  -1.4859656e-02
  -2.8378582e-02
   0.0000000e+00
   0.0000000e+00
   0.0000000e+00
   0.0000000e+00
   0.0000000e+00
   0.0000000e+00
   0.0000000e+00
   0.0000000e+00
   0.0000000e+00
   0.0000000e+00
   0.0000000e+00
   0.0000000e+00
   0.0000000e+00
   0.0000000e+00
   0.0000000e+00
   0.0000000e+00
   0.0000000e+00
   0.0000000e+00
   0.0000000e+00
   0.0000000e+00
   6.2746749e-02
   1.2717336e-02
  -1.3413939e-03
  -2.5712708e-03
   1.2996190e-03
   5.1758504e-03
   8.1616687e-03
   1.1800280e-02
   1.5383215e-02
   1.7299369e-02
   1.7307863e-02
   1.5899980e-02
   1.2565669e-02
   5.9412974e-03
  -2.6154553e-03
  -1.9189991e-02
   0.0000000e+00
  -0.0000000e+00
  -0.0000000e+00
   0.0000000e+00
   0.0000000e+00
   0.0000000e+00
   0.0000000e+00
   0.0000000e+00
   0.0000000e+00
   0.0000000e+00
   0.0000000e+00
   0.0000000e+00
   0.0000000e+00
   0.0000000e+00
   0.0000000e+00
   0.0000000e+00
   0.0000000e+00
   0.0000000e+00
   0.0000000e+00
  -0.0000000e+00
   5.8607158e-02
   6.8266936e-02
   5.2596353e-02
   4.3518756e-02
   3.6502682e-02
   2.8544229e-02
   2.5332918e-02
   2.3334838e-02
   2.1911500e-02
   2.5534589e-02
   2.7785327e-02
   2.8382400e-02
   2.7134614e-02
   2.3185460e-02
   1.6736180e-02
  -5.3101359e-04
  -3.0473348e-02
  -2.2289045e-02
   2.0623719e-02
   2.9044304e-02
  -1.1407706e-02
   0.0000000e+00
   0.0000000e+00
   0.0000000e+00
   0.0000000e+00
   0.0000000e+00
   0.0000000e+00
   0.0000000e+00
   0.0000000e+00
   0.0000000e+00
   0.0000000e+00
   0.0000000e+00
   0.0000000e+00
   0.0000000e+00
   0.0000000e+00
   0.0000000e+00
   1.0258032e-01
   1.1905185e-01
   1.0270817e-01
   8.6611722e-02
   5.0354397e-02
   0.0000000e+00
   4.3882070e-02
   2.9532256e-02
   2.8443568e-02
   3.2705747e-02
   3.6227658e-02
   3.8333997e-02
   4.0081710e-02
   4.1676626e-02
   4.0785227e-02
   3.7179764e-02
   3.2243092e-02
   3.7402898e-02
   4.9963262e-02
   4.5731179e-02
  -1.2429383e-03
   0.0000000e+00
   0.0000000e+00
   0.0000000e+00
   0.0000000e+00
   0.0000000e+00
   0.0000000e+00
   0.0000000e+00
   0.0000000e+00
   0.0000000e+00
   0.0000000e+00
   0.0000000e+00
   0.0000000e+00
   0.0000000e+00
   0.0000000e+00
   1.0306215e-01
   1.3981553e-01
   1.3933421e-01
   1.2485486e-01
   1.0694902e-01
   9.4517433e-02
   8.3735437e-02
   7.0829357e-02
   0.0000000e+00
   0.0000000e+00
   3.7175559e-02
   3.7893055e-02
   4.1364250e-02
   4.4693096e-02
   5.0209738e-02
   5.4678868e-02
   5.7921726e-02
   6.2427714e-02
   6.9459037e-02
   7.5514075e-02
   6.9450196e-02
   3.8315104e-02
   2.0108854e-02
   0.0000000e+00
   0.0000000e+00
   0.0000000e+00
   0.0000000e+00
   0.0000000e+00
   0.0000000e+00
   0.0000000e+00
   0.0000000e+00
   0.0000000e+00
   0.0000000e+00
   8.8593472e-02
   9.2854753e-02
   8.5052252e-02
   1.0435537e-01
   1.2178592e-01
   1.2472804e-01
   1.1674657e-01
   1.0264213e-01
   9.0874575e-02
   8.2488231e-02
   7.2954401e-02
   6.4352465e-02
   4.9258447e-02
   0.0000000e+00
   3.2404702e-02
   3.5096653e-02
   3.9860051e-02
   4.7474056e-02
   5.4294478e-02
   6.0487811e-02
   6.8221465e-02
   7.5871535e-02
   8.0706015e-02
   7.6767892e-02
   6.4384639e-02
   5.1312178e-02
   0.0000000e+00
   0.0000000e+00
   0.0000000e+00
   0.0000000e+00
   0.0000000e+00
   0.0000000e+00
   0.0000000e+00
   0.0000000e+00
   0.0000000e+00
   0.0000000e+00
   7.5775018e-02
   7.0435241e-02
   6.4499393e-02
   7.1399963e-02
   7.7864662e-02
   7.9548053e-02
   7.5699633e-02
   6.6900373e-02
   6.0156532e-02
   5.8989816e-02
   5.8584727e-02
   5.5669289e-02
   5.1738524e-02
   0.0000000e+00
   0.0000000e+00
   2.6106068e-02
   3.0918933e-02
   3.7805993e-02
   4.3202667e-02
   4.7898829e-02
   5.3280897e-02
   5.7783008e-02
   6.0597926e-02
   5.9163060e-02
   5.5481301e-02
   5.4593638e-02
   0.0000000e+00
   0.0000000e+00
   0.0000000e+00
   0.0000000e+00
   0.0000000e+00
   0.0000000e+00
   0.0000000e+00
   0.0000000e+00
   0.0000000e+00
   4.7751650e-02
   4.8935421e-02
   4.0466122e-02
   3.2568399e-02
   3.1975176e-02
   3.3957925e-02
   3.5465367e-02
   3.8028722e-02
   4.4319682e-02
   2.1097478e-02
   2.8612917e-02
   3.2669213e-02
   3.3877924e-02
   2.9545835e-02
   0.0000000e+00
   0.0000000e+00
   1.8402692e-02
   2.2341728e-02
   2.5434477e-02
   2.8126111e-02
   3.0078908e-02
   3.1627372e-02
   3.2921810e-02
   3.3963509e-02
   3.3126064e-02
   3.2976456e-02
   3.9139330e-02
   4.3976543e-02
   0.0000000e+00
   0.0000000e+00
   0.0000000e+00
   0.0000000e+00
   0.0000000e+00
   0.0000000e+00
   2.3426758e-02
   1.1251679e-02
   1.7214281e-02
   1.3499568e-02
   4.4012023e-03
  -3.4939318e-03
  -7.9844492e-03
  -9.7431792e-03
  -9.0215318e-03
  -7.8633832e-03
  -1.0754446e-02
  -0.0000000e+00
  -5.7698773e-03
  -1.1618000e-03
   1.8396572e-03
   1.0807306e-02
   0.0000000e+00
   0.0000000e+00
   2.5560821e-03
   4.3828972e-03
   4.0569631e-03
   4.1364511e-03
   4.2221621e-03
   3.9726137e-03
   3.6011781e-03
   2.4803472e-03
  -1.3648416e-05
  -4.9731380e-04
   6.6158716e-03
   1.4651320e-02
   0.0000000e+00
   0.0000000e+00
   0.0000000e+00
   0.0000000e+00
   0.0000000e+00
  -7.7599125e-03
  -5.7228631e-03
  -3.8290024e-03
  -1.0727263e-03
  -7.8042047e-03
  -1.5262410e-02
  -2.3102576e-02
  -3.0134719e-02
  -3.5248891e-02
  -3.5411920e-02
  -2.8535903e-02
  -2.3104029e-02
   0.0000000e+00
  -0.0000000e+00
  -2.2957684e-02
  -2.2668352e-02
   0.0000000e+00
   0.0000000e+00
  -0.0000000e+00
  -1.1733999e-02
  -1.1827893e-02
  -1.2688464e-02
  -1.2757149e-02
  -1.2372854e-02
  -1.2533224e-02
  -1.3975032e-02
  -1.7795943e-02
  -2.5321212e-02
  -2.0744074e-02
  -1.9582061e-02
  -1.3883016e-02
   0.0000000e+00
   0.0000000e+00
   0.0000000e+00
   0.0000000e+00
  -0.0000000e+00
  -2.6146188e-02
  -2.4488881e-02
  -1.9267038e-02
  -1.8863361e-02
  -2.3264714e-02
  -2.9385759e-02
  -3.7611291e-02
  -4.6385873e-02
  -5.3698018e-02
  -5.6004193e-02
  -4.9234834e-02
  -3.8914617e-02
   0.0000000e+00
  -0.0000000e+00
  -4.0609095e-02
  -3.6026975e-02
   0.0000000e+00
   0.0000000e+00
  -0.0000000e+00
  -2.2686873e-02
  -2.3860119e-02
  -2.3419399e-02
  -2.2339044e-02
  -2.1290796e-02
  -2.2451935e-02
  -2.7385283e-02
  -3.6652088e-02
  -4.8429434e-02
  -3.4885888e-02
  -4.1360811e-02
  -3.5573112e-02
  -3.0671527e-02
   0.0000000e+00
   0.0000000e+00
   0.0000000e+00
  -0.0000000e+00
  -3.2510895e-02
  -3.0095672e-02
  -3.0720075e-02
  -2.9614791e-02
  -3.3169966e-02
  -3.9058793e-02
  -4.7413517e-02
  -5.6564581e-02
  -6.3287295e-02
  -6.6649482e-02
  -6.0236536e-02
  -4.5713478e-02
  -3.3404289e-02
  -0.0000000e+00
  -5.1036645e-02
  -3.2577069e-02
  -9.4966125e-03
   0.0000000e+00
  -2.2967101e-02
  -2.4609013e-02
  -2.5963712e-02
  -2.4681002e-02
  -2.2739280e-02
  -2.2967486e-02
  -2.7308406e-02
  -3.6097396e-02
  -4.8466653e-02
  -5.6642768e-02
  -5.0784657e-02
  -0.0000000e+00
  -5.2366842e-02
  -4.2799000e-02
   0.0000000e+00
   0.0000000e+00
   0.0000000e+00
  -0.0000000e+00
  -2.8315601e-02
  -3.3604415e-02
  -3.7089291e-02
  -3.6726657e-02
  -4.0442415e-02
  -4.6281453e-02
  -5.3838462e-02
  -6.0943570e-02
  -6.4980894e-02
  -6.5500155e-02
  -6.1244741e-02
  -4.9519255e-02
  -2.6314278e-02
  -5.8602326e-02
  -5.3458396e-02
  -2.7732167e-02
  -6.8573987e-03
  -0.0000000e+00
  -2.0875217e-02
  -2.0098640e-02
  -1.9959539e-02
  -2.2933189e-02
  -2.3188548e-02
  -2.6308898e-02
  -3.2538395e-02
  -4.1388098e-02
  -5.0323393e-02
  -4.7988381e-02
  -3.8697820e-02
  -0.0000000e+00
  -5.6068167e-02
  -3.9151914e-02
   0.0000000e+00
   0.0000000e+00
   0.0000000e+00
  -0.0000000e+00
  -3.4943428e-02
  -4.2469615e-02
  -4.2100005e-02
  -4.2102478e-02
  -4.6214987e-02
  -5.1424880e-02
  -5.6755774e-02
  -5.9673928e-02
  -5.9315402e-02
  -5.5839714e-02
  -5.2375097e-02
  -5.2418689e-02
  -0.0000000e+00
  -4.2775787e-02
  -4.6742354e-02
  -2.5605293e-02
  -1.5089251e-02
  -1.8125982e-02
  -1.6190706e-02
  -1.5143414e-02
  -1.5107163e-02
  -2.4930017e-02
  -3.0007543e-02
  -3.5302296e-02
  -4.0128946e-02
  -4.3939184e-02
  -4.4015892e-02
  -3.0199012e-02
  -1.7140433e-02
  -0.0000000e+00
  -4.3742508e-02
  -2.1720994e-02
   0.0000000e+00
   0.0000000e+00
   0.0000000e+00
  -0.0000000e+00
  -3.7076328e-02
  -4.0896323e-02
  -3.9228793e-02
  -4.1147057e-02
  -4.5195278e-02
  -4.9183298e-02
  -5.1809229e-02
  -5.1421899e-02
  -4.7945864e-02
  -4.1809760e-02
  -3.1356584e-02
   0.0000000e+00
  -0.0000000e+00
  -3.8886692e-02
  -3.0411700e-02
  -1.8208807e-02
  -1.5801173e-02
  -1.5751082e-02
  -1.4887935e-02
  -1.7828638e-02
  -2.3514245e-02
  -3.0337157e-02
  -3.7493236e-02
  -4.2246882e-02
  -4.3657765e-02
  -4.0742908e-02
  -3.3112925e-02
  -1.7449839e-02
  -7.5993189e-03
  -0.0000000e+00
  -2.3472566e-02
  -1.1275840e-02
   0.0000000e+00
   0.0000000e+00
   0.0000000e+00
  -2.2125653e-02
  -2.8927680e-02
  -3.0871516e-02
  -3.1551812e-02
  -3.4324229e-02
  -3.7601124e-02
  -4.0166527e-02
  -4.0705469e-02
  -3.8491219e-02
  -3.3675049e-02
  -2.5151638e-02
  -1.2079401e-02
   0.0000000e+00
  -0.0000000e+00
  -2.4681903e-02
  -1.8670630e-02
  -1.6333198e-02
  -1.8642304e-02
  -2.1267580e-02
  -2.4453953e-02
  -2.8821254e-02
  -3.4373984e-02
  -3.9411824e-02
  -4.4361051e-02
  -4.5911968e-02
  -4.2887710e-02
  -3.4382690e-02
  -2.2083117e-02
  -8.7178685e-03
  -2.3112129e-03
  -0.0000000e+00
  -4.9696043e-03
   5.5417018e-03
   0.0000000e+00
   0.0000000e+00
  -0.0000000e+00
  -1.6226821e-02
  -2.0421774e-02
  -2.3241139e-02
  -2.5704886e-02
  -2.8425444e-02
  -3.0588841e-02
  -3.1603351e-02
  -3.0589467e-02
  -2.7688468e-02
  -2.2743560e-02
  -1.3458642e-02
   5.4462538e-04
   0.0000000e+00
  -0.0000000e+00
  -1.7006256e-02
  -1.7632162e-02
  -2.1541848e-02
  -2.6196886e-02
  -3.0405857e-02
  -3.4241367e-02
  -3.7978306e-02
  -4.1937208e-02
  -4.5481386e-02
  -4.7509631e-02
  -4.6050890e-02
  -4.0368411e-02
  -3.0380175e-02
  -1.6553758e-02
  -2.5805581e-03
   2.0537998e-03
  -0.0000000e+00
   5.2023053e-03
   1.1132267e-02
   0.0000000e+00
   0.0000000e+00
  -0.0000000e+00
  -1.3556028e-02
  -1.6454561e-02
  -2.0176032e-02
  -2.3582992e-02
  -2.6838016e-02
  -2.9007444e-02
  -2.9629402e-02
  -2.8142464e-02
  -2.4853633e-02
  -1.9628547e-02
  -1.1593564e-02
  -3.1117558e-03
   0.0000000e+00
  -0.0000000e+00
  -1.4386195e-02
  -1.7677111e-02
  -2.2907266e-02
  -2.7701769e-02
  -3.1736568e-02
  -3.5052135e-02
  -3.8454584e-02
  -4.2255527e-02
  -4.5951007e-02
  -4.8143646e-02
  -4.7431009e-02
  -4.2691740e-02
  -3.3945653e-02
  -2.1031865e-02
  -3.3195383e-03
   2.8026645e-03
  -0.0000000e+00
   2.6707070e-03
   0.0000000e+00
   0.0000000e+00
   0.0000000e+00
  -0.0000000e+00
  -1.7451001e-02
  -1.9714892e-02
  -2.3012141e-02
  -2.5842292e-02
  -2.8564889e-02
  -3.0587453e-02
  -3.1190217e-02
  -2.9917944e-02
  -2.6757976e-02
  -2.1996325e-02
  -1.7627712e-02
  -1.5812230e-02
   0.0000000e+00
  -1.9528677e-02
  -1.7433545e-02
  -1.9005856e-02
  -2.1547068e-02
  -2.5893830e-02
  -3.0352160e-02
  -3.3333384e-02
  -3.5035312e-02
  -3.8889691e-02
  -4.3892026e-02
  -4.8225418e-02
  -5.0242733e-02
  -4.8598919e-02
  -4.2803291e-02
  -3.3649117e-02
  -1.6975369e-02
  -8.2813641e-03
  -0.0000000e+00
  -8.3524412e-03
  -1.1178691e-02
   0.0000000e+00
   0.0000000e+00
  -1.7836619e-02
  -2.8074433e-02
  -3.1082259e-02
  -3.2675199e-02
  -3.4015194e-02
  -3.5459213e-02
  -3.6857661e-02
  -3.7219539e-02
  -3.6011644e-02
  -3.3300798e-02
  -3.0057658e-02
  -2.7891960e-02
  -3.0375093e-02
  -3.7263092e-02
  -3.4065910e-02
  -3.1581074e-02
  -2.9229809e-02
  -2.4201673e-02
  -2.6269687e-02
  -3.3256315e-02
  -3.8560551e-02
  -3.3774849e-02
  -3.3542298e-02
  -3.7562653e-02
  -4.2473335e-02
  -4.6464302e-02
  -4.8389096e-02
  -4.8015781e-02
  -4.7922760e-02
  -4.4529822e-02
  -3.7235670e-02
  -3.2583347e-02
  -2.5059871e-02
  -1.5911567e-02
   0.0000000e+00
  -0.0000000e+00
  -2.2458261e-02
  -5.0536920e-02
  -4.9799688e-02
  -4.8769057e-02
  -4.7962837e-02
  -4.7813371e-02
  -4.8154596e-02
  -4.8353229e-02
  -4.7989581e-02
  -4.7116380e-02
  -4.7024723e-02
  -4.7832776e-02
  -5.0588731e-02
  -5.4548200e-02
  -5.6952808e-02
  -5.5389777e-02
  -4.8567653e-02
  -3.0334011e-02
  -2.4888307e-02
  -3.5107113e-02
  -5.0753277e-02
  -4.3648757e-02
  -3.5219938e-02
  -3.5575289e-02
  -3.8118940e-02
  -4.1288987e-02
  -4.4633605e-02
  -4.8371468e-02
  -5.5234756e-02
  -6.6047929e-02
  -6.3421894e-02
  -5.6066621e-02
  -5.1237755e-02
  -4.4075396e-02
  -7.9064074e-02
  -0.0000000e+00
  -5.2084860e-02
  -6.7531221e-02
  -6.5975055e-02
  -6.3537367e-02
  -6.1271314e-02
  -5.9531286e-02
  -5.8249176e-02
  -5.8078002e-02
  -5.9441794e-02
  -6.1599888e-02
  -6.4441651e-02
  -6.7647979e-02
  -7.0428163e-02
  -7.2763562e-02
  -7.3617086e-02
  -7.3314488e-02
  -6.5385655e-02
  -3.4822326e-02
  -1.7063038e-02
  -2.4565146e-02
  -4.4542966e-02
  -5.3038842e-02
  -4.4729553e-02
  -4.1377764e-02
  -4.0422589e-02
  -4.1700665e-02
  -4.5246597e-02
  -5.0157964e-02
  -5.6972690e-02
  -6.8062857e-02
  -7.2301924e-02
  -7.2413422e-02
  -6.9877595e-02
  -5.9934802e-02
  -7.7733720e-02
  -6.8686970e-02
  -7.0950896e-02
  -7.0364848e-02
  -6.9441311e-02
  -6.7588031e-02
  -6.5555982e-02
  -6.3249469e-02
  -6.1165489e-02
  -6.0510159e-02
  -6.2330447e-02
  -6.5746851e-02
  -6.9213524e-02
  -7.2114594e-02
  -7.4147873e-02
  -7.4116156e-02
  -7.4131370e-02
  -7.4333474e-02
  -7.0142254e-02
  -4.8138747e-02
  -1.2592214e-02
  -0.0000000e+00
  -0.0000000e+00
  -0.0000000e+00
  -5.2927114e-02
  -4.9997270e-02
  -4.7145568e-02
  -4.6918735e-02
  -5.0053000e-02
  -5.5069745e-02
  -6.0588989e-02
  -6.6375561e-02
  -6.7963123e-02
  -6.9185302e-02
  -7.2740458e-02
  -7.0064209e-02
  -0.0000000e+00
  -7.0340462e-02
  -7.0764273e-02
  -5.5347547e-02
  -5.6163069e-02
  -5.5746220e-02
  -5.4904871e-02
  -5.3538192e-02
  -5.2095350e-02
  -5.1388454e-02
  -5.2596737e-02
  -5.5077318e-02
  -5.7285003e-02
  -5.8806423e-02
  -5.9842650e-02
  -5.9223011e-02
  -5.8250222e-02
  -5.7737894e-02
  -5.8309209e-02
  -6.2641690e-02
  -5.6553917e-02
   0.0000000e+00
   0.0000000e+00
  -0.0000000e+00
  -4.7649901e-02
  -4.8924014e-02
  -4.7523927e-02
  -4.6942797e-02
  -4.8375688e-02
  -5.1335640e-02
  -5.4314308e-02
  -5.6072816e-02
  -5.3956460e-02
  -5.2070174e-02
  -5.5780724e-02
  -5.5900624e-02
   0.0000000e+00
  -5.4857295e-02
  -5.3819511e-02
  -2.2598336e-02
  -2.4735400e-02
  -2.5748929e-02
  -2.6301645e-02
  -2.6441965e-02
  -2.6642501e-02
  -2.7049365e-02
  -2.8027924e-02
  -2.9067250e-02
  -2.9718157e-02
  -2.9967099e-02
  -2.9897174e-02
  -2.9467531e-02
  -2.8355323e-02
  -2.7714944e-02
  -2.9676197e-02
  -4.1990496e-02
  -4.7132171e-02
   0.0000000e+00
   0.0000000e+00
  -0.0000000e+00
  -2.7801514e-02
  -3.0997049e-02
  -3.2620404e-02
  -3.3468671e-02
  -3.3433948e-02
  -3.3521622e-02
  -3.3332411e-02
  -3.2691509e-02
  -3.1008216e-02
  -2.5449501e-02
  -2.3618752e-02
  -3.0184172e-02
  -1.7290827e-02
  -2.3369607e-02
  -2.0607287e-02
   1.7051417e-02
   1.4795082e-02
   1.2624624e-02
   1.1027305e-02
   9.6297776e-03
   7.7648149e-03
   5.4550916e-03
   3.1678765e-03
   2.1431888e-03
   2.2219587e-03
   3.0364813e-03
   3.9879847e-03
   4.6464372e-03
   4.9139201e-03
   4.8093721e-03
   2.7172675e-03
  -5.4961173e-03
  -1.8355788e-02
  -2.0724071e-02
  -1.0778218e-02
  -3.1749736e-03
  -2.9711970e-03
  -4.7654277e-03
  -7.3005902e-03
  -9.6445717e-03
  -9.4785653e-03
  -7.7763605e-03
  -5.2458653e-03
  -2.5432215e-03
  -2.7424394e-04
   1.1735768e-03
  -7.9899470e-03
   1.9877040e-03
  -1.0655996e-03
   1.4493137e-02
   1.7519303e-02
   7.1911231e-02
   7.0772804e-02
   6.8270862e-02
   6.6202916e-02
   6.3494354e-02
   5.9917055e-02
   5.5693846e-02
   5.1526193e-02
   4.9549144e-02
   4.9678579e-02
   5.1272187e-02
   5.2924454e-02
   5.3498670e-02
   5.2722063e-02
   5.0604735e-02
   4.6970628e-02
   4.0363640e-02
   3.0019253e-02
   1.8275743e-02
   1.6478233e-02
   2.2741240e-02
   2.6611526e-02
   3.0505544e-02
   3.1123184e-02
   2.9975956e-02
   3.0556368e-02
   3.4285177e-02
   3.9998483e-02
   4.6407241e-02
   5.0474808e-02
   5.0557995e-02
   0.0000000e+00
   4.0404570e-02
   4.0711705e-02
   7.6794863e-02
   7.0326418e-02
   1.1676931e-01
   1.1406444e-01
   1.1109814e-01
   1.0842874e-01
   1.0501764e-01
   1.0099218e-01
   9.6499979e-02
   9.2200138e-02
   9.0094198e-02
   9.0026513e-02
   9.1367319e-02
   9.2751209e-02
   9.2626408e-02
   9.0579711e-02
   8.6820033e-02
   8.1571288e-02
   7.4350558e-02
   6.5605156e-02
   5.6920789e-02
   5.2670974e-02
   5.2007133e-02
   5.3723022e-02
   5.7881538e-02
   6.0618442e-02
   6.2685512e-02
   6.6209629e-02
   7.2595662e-02
   8.1277579e-02
   9.1328897e-02
   9.8616305e-02
   1.0279903e-01
   1.0298735e-01
   9.1682311e-02
   8.1712388e-02
   1.3904007e-01
   1.1652401e-01
   1.4443158e-01
   1.4001255e-01
   1.3667379e-01
   1.3332966e-01
   1.2958466e-01
   1.2621222e-01
   1.2312540e-01
   1.2079950e-01
   1.1979751e-01
   1.1916457e-01
   1.1917640e-01
   1.1877877e-01
   1.1725866e-01
   1.1366804e-01
   1.0864508e-01
   1.0297782e-01
   9.6726395e-02
   9.0503618e-02
   8.4798031e-02
   8.0853015e-02
   7.9165377e-02
   7.9480879e-02
   8.1749566e-02
   8.5704029e-02
   9.0779163e-02
   9.7888701e-02
   1.0646392e-01
   1.1620701e-01
   1.2578830e-01
   1.3284069e-01
   1.3727324e-01
   1.4183393e-01
   1.3726775e-01
   1.1320371e-01
   1.7987907e-01
   1.4757083e-01
   1.1988621e-01
   1.1523014e-01
   1.1208113e-01
   1.0987442e-01
   1.0746553e-01
   1.0593176e-01
   1.0571767e-01
   1.0674578e-01
   1.0799487e-01
   1.0838223e-01
   1.0757934e-01
   1.0504500e-01
   1.0243818e-01
   9.8466463e-02
   9.4127182e-02
   8.9825898e-02
   8.6016729e-02
   8.3829145e-02
   8.1846923e-02
   7.9672605e-02
   7.8897061e-02
   7.8748301e-02
   8.0125064e-02
   8.4626454e-02
   9.0975270e-02
   9.8866731e-02
   1.0638557e-01
   1.1291061e-01
   1.1749710e-01
   1.2045319e-01
   1.2394613e-01
   1.2828341e-01
   1.2241299e-01
   1.0895979e-01
   1.5820771e-01
   1.2689447e-01
   5.8746014e-02
   5.5848689e-02
   5.5186115e-02
   5.4869850e-02
   5.4414672e-02
   5.5501673e-02
   5.7894257e-02
   6.1925612e-02
   6.4590774e-02
   6.5846882e-02
   6.5270625e-02
   6.3131601e-02
   6.0795080e-02
   5.7652500e-02
   5.5110868e-02
   5.3807431e-02
   5.3471388e-02
   5.4238401e-02
   5.4914624e-02
   5.5739780e-02
   5.6571305e-02
   5.6897868e-02
   5.7868634e-02
   6.0855485e-02
   6.5533295e-02
   7.1166619e-02
   7.5393252e-02
   7.8213116e-02
   7.8314563e-02
   7.7308923e-02
   7.6802006e-02
   7.6769395e-02
   6.9927424e-02
   6.8764030e-02
   8.8128661e-02
   6.5333992e-02
  -3.9731420e-04
  -6.6745433e-04
   4.3014637e-04
   8.4327627e-04
   2.0232210e-03
   3.8921305e-03
   6.4677293e-03
   9.8212706e-03
   1.2824870e-02
   1.4859882e-02
   1.5548754e-02
   1.4879578e-02
   1.2920035e-02
   1.1347553e-02
   1.1373175e-02
   1.2604615e-02
   1.4834759e-02
   1.7381338e-02
   2.0240558e-02
   2.2429276e-02
   2.3596180e-02
   2.4197698e-02
   2.5488671e-02
   2.6767323e-02
   2.8224766e-02
   3.0502986e-02
   3.0817289e-02
   2.9621130e-02
   2.6096385e-02
   2.1743092e-02
   1.8252749e-02
   1.4338156e-02
   1.0361865e-02
   1.8114718e-02
   1.7967870e-02
   3.5019677e-03
  -3.3576198e-02
  -3.2914374e-02
  -3.1883530e-02
  -3.0548707e-02
  -2.8033625e-02
  -2.6323950e-02
  -2.4308696e-02
  -2.2485517e-02
  -2.0330459e-02
  -1.9359209e-02
  -1.9257965e-02
  -1.9875873e-02
  -2.0742532e-02
  -2.0785842e-02
  -1.9369092e-02
  -1.7035389e-02
  -1.3666616e-02
  -1.0999109e-02
  -9.1553852e-03
  -6.8023335e-03
  -5.1942379e-03
  -3.9507141e-03
  -3.3089377e-03
  -3.6806006e-03
  -4.3328856e-03
  -5.9172148e-03
  -8.4719127e-03
  -1.1762430e-02
  -1.6094577e-02
  -1.9230336e-02
  -2.2394080e-02
  -2.5962176e-02
  -2.5656430e-02
  -1.8296098e-02
  -2.8596403e-02
  -3.4213062e-02
  -3.6200043e-02
  -3.5724685e-02
  -3.5220127e-02
  -3.4211472e-02
  -3.2801282e-02
  -3.1539008e-02
  -3.0898485e-02
  -3.0692341e-02
  -3.0500623e-02
  -3.0836834e-02
  -3.1142132e-02
  -3.1172872e-02
  -3.1056775e-02
  -3.0641701e-02
  -2.9476652e-02
  -2.7386639e-02
  -2.5651267e-02
  -2.4484186e-02
  -2.3482265e-02
  -2.2002380e-02
  -2.0211392e-02
  -1.8943552e-02
  -1.8911671e-02
  -1.9829105e-02
  -2.1531116e-02
  -2.3847276e-02
  -2.6044243e-02
  -2.8153716e-02
  -3.0153856e-02
  -3.1844780e-02
  -3.3449721e-02
  -3.4792077e-02
  -3.3014983e-02
  -2.8372208e-02
  -3.5843141e-02
  -3.7231944e-02
  -1.7085074e-02
  -1.6417824e-02
  -1.6172056e-02
  -1.6110899e-02
  -1.6378529e-02
  -1.6850715e-02
  -1.7247420e-02
  -1.7618678e-02
  -1.7932981e-02
  -1.8181970e-02
  -1.8196441e-02
  -1.8042655e-02
  -1.7779407e-02
  -1.7333299e-02
  -1.6806214e-02
  -1.6511427e-02
  -1.6183920e-02
  -1.5627340e-02
  -1.4960382e-02
  -1.4321908e-02
  -1.4204974e-02
  -1.4513888e-02
  -1.5166715e-02
  -1.5867695e-02
  -1.6307001e-02
  -1.6444213e-02
  -1.6517774e-02
  -1.6396157e-02
  -1.6181302e-02
  -1.5953133e-02
  -1.5808200e-02
  -1.5578354e-02
  -1.4807993e-02
  -1.3571818e-02
  -1.5425926e-02
  -1.7377201e-02
