   0.0000000e+00   0.0000000e+00   0.0000000e+00   0.0000000e+00   0.0000000e+00   0.0000000e+00   0.0000000e+00   0.0000000e+00   0.0000000e+00   0.0000000e+00   0.0000000e+00   0.0000000e+00   0.0000000e+00   0.0000000e+00   0.0000000e+00   0.0000000e+00   0.0000000e+00   0.0000000e+00   0.0000000e+00   1.2096470e+00   6.9558498e-01   0.0000000e+00   0.0000000e+00   0.0000000e+00   1.3104277e+00   1.2597439e+00   1.3399674e+00   1.3948989e+00   9.6149170e-01   8.8448584e-01   8.9186151e-01   8.3538115e-01   8.5640118e-01   8.9378782e-01   0.0000000e+00   0.0000000e+00
   0.0000000e+00   0.0000000e+00   0.0000000e+00   0.0000000e+00   0.0000000e+00   0.0000000e+00   0.0000000e+00   0.0000000e+00   0.0000000e+00   0.0000000e+00   0.0000000e+00   0.0000000e+00   0.0000000e+00   0.0000000e+00   0.0000000e+00   0.0000000e+00   0.0000000e+00   0.0000000e+00   0.0000000e+00   0.0000000e+00   1.3540367e+00   0.0000000e+00   0.0000000e+00   2.2129295e+00   1.7051019e+00   1.3466928e+00   9.8616948e-01   0.0000000e+00   0.0000000e+00   0.0000000e+00   0.0000000e+00   0.0000000e+00   0.0000000e+00   0.0000000e+00   0.0000000e+00   0.0000000e+00
   0.0000000e+00   0.0000000e+00   0.0000000e+00   0.0000000e+00   0.0000000e+00   0.0000000e+00   2.5311642e+00   2.8006771e+00   2.6247063e+00   0.0000000e+00   0.0000000e+00   1.0126906e+00   1.3995193e+00   0.0000000e+00   0.0000000e+00   0.0000000e+00   0.0000000e+00   0.0000000e+00   0.0000000e+00   0.0000000e+00   1.3433003e+00   1.0890053e+00   8.6293272e-01   8.4551132e-01   7.1651951e-01   4.7418825e-01   9.8311615e-01   0.0000000e+00   0.0000000e+00   0.0000000e+00   0.0000000e+00   0.0000000e+00   0.0000000e+00   0.0000000e+00   0.0000000e+00   0.0000000e+00
   0.0000000e+00   0.0000000e+00   0.0000000e+00   0.0000000e+00   1.9064755e+00   1.5309586e+00   1.5042307e+00   1.2963914e+00   1.1394591e+00   1.2290413e+00   1.5668085e+00   1.8453803e+00   1.9420416e+00   0.0000000e+00   0.0000000e+00   0.0000000e+00   0.0000000e+00   0.0000000e+00   0.0000000e+00   0.0000000e+00   7.9986835e-01   1.0071214e+00   1.4777731e+00   1.7878538e+00   1.7005629e+00   0.0000000e+00   0.0000000e+00   0.0000000e+00   0.0000000e+00   0.0000000e+00   0.0000000e+00   0.0000000e+00   0.0000000e+00   0.0000000e+00   0.0000000e+00   0.0000000e+00
   0.0000000e+00   0.0000000e+00   0.0000000e+00   0.0000000e+00   1.6395850e+00   1.2009557e+00   1.3173107e+00   1.6501776e+00   2.2070176e+00   2.7843013e+00   3.2745837e+00   3.4083160e+00   2.9710207e+00   2.4820513e+00   0.0000000e+00   0.0000000e+00   0.0000000e+00   0.0000000e+00   0.0000000e+00   0.0000000e+00   1.1915302e+00   1.5302268e+00   1.9684031e+00   2.2323878e+00   1.9465675e+00   0.0000000e+00   0.0000000e+00   0.0000000e+00   0.0000000e+00   0.0000000e+00   0.0000000e+00   0.0000000e+00   0.0000000e+00   0.0000000e+00   0.0000000e+00   0.0000000e+00
   0.0000000e+00   0.0000000e+00   0.0000000e+00   2.3044905e+00   1.9833060e+00   2.3036928e+00   2.9400529e+00   3.4716959e+00   3.8327851e+00   4.1073203e+00   4.2892838e+00   4.1359863e+00   3.4841205e+00   2.7500637e+00   0.0000000e+00   0.0000000e+00   0.0000000e+00   0.0000000e+00   0.0000000e+00   2.6966933e+00   2.2940028e+00   2.1821566e+00   2.2252128e+00   2.1629734e+00   1.8806182e+00   0.0000000e+00   0.0000000e+00   0.0000000e+00   0.0000000e+00   0.0000000e+00   0.0000000e+00   0.0000000e+00   0.0000000e+00   0.0000000e+00   0.0000000e+00   0.0000000e+00
   0.0000000e+00   0.0000000e+00   0.0000000e+00   2.9205859e+00   2.5235216e+00   2.9401097e+00   3.4408102e+00   3.7857049e+00   3.9704094e+00   4.0707250e+00   4.0495572e+00   3.7395947e+00   3.2060025e+00   3.5579033e+00   0.0000000e+00   0.0000000e+00   0.0000000e+00   0.0000000e+00   0.0000000e+00   2.6050949e+00   2.3950169e+00   2.1503716e+00   2.0112379e+00   1.7131956e+00   2.1802190e+00   0.0000000e+00   0.0000000e+00   0.0000000e+00   0.0000000e+00   0.0000000e+00   0.0000000e+00   0.0000000e+00   0.0000000e+00   0.0000000e+00   0.0000000e+00   0.0000000e+00
   0.0000000e+00   0.0000000e+00   2.0654752e+00   2.3736616e+00   2.1971527e+00   2.2860055e+00   2.5124301e+00   2.6721570e+00   2.7557299e+00   2.7710983e+00   2.5776169e+00   2.1826975e+00   2.3155257e+00   4.1555867e+00   0.0000000e+00   0.0000000e+00   0.0000000e+00   0.0000000e+00   0.0000000e+00   2.1701515e+00   1.7091628e+00   1.3696172e+00   1.0482996e+00   9.4802701e-01   2.4053442e+00   0.0000000e+00   0.0000000e+00   0.0000000e+00   0.0000000e+00   0.0000000e+00   0.0000000e+00   0.0000000e+00   0.0000000e+00   0.0000000e+00   0.0000000e+00   0.0000000e+00
   0.0000000e+00   0.0000000e+00   1.4775960e+00   1.6200587e+00   1.4956214e+00   1.3401893e+00   1.3302461e+00   1.2570930e+00   1.1733677e+00   1.0120853e+00   7.1433151e-01   8.2606107e-01   1.9236408e+00   3.9391258e+00   4.5362395e+00   0.0000000e+00   0.0000000e+00   0.0000000e+00   1.6679849e+00   1.2836473e+00   7.3509812e-01   5.6224090e-01   6.1427790e-01   1.4498638e+00   3.0117912e+00   0.0000000e+00   0.0000000e+00   0.0000000e+00   0.0000000e+00   0.0000000e+00   0.0000000e+00   0.0000000e+00   0.0000000e+00   0.0000000e+00   0.0000000e+00   0.0000000e+00
   0.0000000e+00   0.0000000e+00   2.4005279e+00   1.2203832e+00   6.8456805e-01   1.0089430e+00   1.3637794e+00   1.5305760e+00   1.5945984e+00   1.7643486e+00   2.0402062e+00   2.5011373e+00   3.1200304e+00   3.9489138e+00   3.9519996e+00   0.0000000e+00   0.0000000e+00   1.7225988e+00   9.7027737e-01   8.9021254e-01   1.1878443e+00   1.5959933e+00   2.2808607e+00   3.6298423e+00   4.3457206e+00   0.0000000e+00   0.0000000e+00   0.0000000e+00   0.0000000e+00   0.0000000e+00   0.0000000e+00   0.0000000e+00   0.0000000e+00   0.0000000e+00   0.0000000e+00   0.0000000e+00
   0.0000000e+00   0.0000000e+00   3.2618928e+00   2.7994993e+00   2.5121083e+00   2.6762102e+00   3.1055608e+00   3.4855134e+00   3.7717905e+00   3.9939229e+00   4.2104893e+00   4.4440470e+00   4.5279684e+00   4.4590797e+00   3.6279166e+00   0.0000000e+00   3.3703156e+00   2.8725923e+00   2.0870261e+00   2.2425413e+00   2.4526916e+00   2.9182308e+00   3.8483977e+00   5.3891916e+00   0.0000000e+00   0.0000000e+00   0.0000000e+00   0.0000000e+00   0.0000000e+00   0.0000000e+00   0.0000000e+00   0.0000000e+00   0.0000000e+00   0.0000000e+00   0.0000000e+00   0.0000000e+00
   0.0000000e+00   3.7110306e+00   3.4843893e+00   3.7500770e+00   3.8647304e+00   4.3336096e+00   4.9809670e+00   5.5227132e+00   5.8738170e+00   6.0348158e+00   6.1429367e+00   6.1340337e+00   5.8572183e+00   5.1642489e+00   3.7043886e+00   2.0527303e+00   4.9240313e+00   4.0506623e+00   3.9748007e+00   3.7181280e+00   3.7205036e+00   4.1562018e+00   5.1015115e+00   6.3107419e+00   0.0000000e+00   0.0000000e+00   0.0000000e+00   0.0000000e+00   0.0000000e+00   0.0000000e+00   0.0000000e+00   0.0000000e+00   0.0000000e+00   0.0000000e+00   0.0000000e+00   0.0000000e+00
   0.0000000e+00   2.9250812e+00   3.3733382e+00   4.0002193e+00   4.6850286e+00   5.5855980e+00   6.3687973e+00   6.9020648e+00   7.1960487e+00   7.3250570e+00   7.3688169e+00   7.2306318e+00   6.7316294e+00   5.6828260e+00   3.8422604e+00   1.9388263e+00   0.0000000e+00   4.9805618e+00   5.2867855e+00   4.8024888e+00   4.7181468e+00   4.9007297e+00   5.4811001e+00   5.8796015e+00   0.0000000e+00   0.0000000e+00   0.0000000e+00   0.0000000e+00   0.0000000e+00   0.0000000e+00   0.0000000e+00   1.7794505e+00   3.3781904e+00   0.0000000e+00   0.0000000e+00   0.0000000e+00
   0.0000000e+00   2.3195808e+00   3.4952915e+00   4.1138797e+00   5.2320132e+00   6.3450613e+00   7.1312661e+00   7.6255288e+00   7.9088311e+00   8.0494757e+00   8.0767813e+00   7.8549757e+00   7.1560364e+00   5.8143291e+00   3.7685523e+00   1.8495455e+00   1.7533992e+00   0.0000000e+00   6.5220086e+00   5.8364329e+00   5.3851919e+00   5.2000370e+00   5.0641875e+00   4.6187639e+00   0.0000000e+00   0.0000000e+00   0.0000000e+00   0.0000000e+00   0.0000000e+00   0.0000000e+00   0.0000000e+00   1.3090143e+00   2.7942557e+00   0.0000000e+00   0.0000000e+00   0.0000000e+00
   0.0000000e+00   1.5738207e+00   2.3773705e+00   4.1282386e+00   5.3977785e+00   6.5874343e+00   7.3745270e+00   7.8820043e+00   8.1577787e+00   8.2240143e+00   8.0997438e+00   7.6044083e+00   6.5342808e+00   4.9042597e+00   2.9701073e+00   1.9092685e+00   2.6671915e+00   3.4848395e+00   6.0575719e+00   6.1724309e+00   5.8184895e+00   5.1987314e+00   4.1345868e+00   3.1188889e+00   0.0000000e+00   0.0000000e+00   0.0000000e+00   0.0000000e+00   0.0000000e+00   0.0000000e+00   0.0000000e+00   5.0978867e-01   2.1248748e+00   0.0000000e+00   4.1524866e+00   3.1985620e+00
   0.0000000e+00   9.7382625e-01   1.5637482e+00   3.7357731e+00   4.9647856e+00   6.0407062e+00   6.7238522e+00   7.1197386e+00   7.2420979e+00   7.0856771e+00   6.6364408e+00   5.7789335e+00   4.5881996e+00   3.2484674e+00   2.1004801e+00   1.6859639e+00   2.0220215e+00   2.1401598e+00   0.0000000e+00   0.0000000e+00   6.0639819e+00   5.1722550e+00   3.1984217e+00   1.8803723e+00   2.6576136e+00   0.0000000e+00   0.0000000e+00   0.0000000e+00   0.0000000e+00   0.0000000e+00   0.0000000e+00   4.8521598e-01   1.6605539e+00   2.5413944e+00   3.7369778e+00   2.1180232e+00
   2.7949580e-01   2.7949580e-01   1.9541844e+00   3.0804738e+00   4.2076106e+00   5.0885220e+00   5.5912638e+00   5.8363247e+00   5.8907647e+00   5.7638521e+00   5.4634051e+00   4.9530368e+00   4.3268790e+00   3.7930388e+00   3.3088408e+00   2.5005996e+00   1.3852654e+00   9.1038889e-01   0.0000000e+00   0.0000000e+00   0.0000000e+00   5.1900518e+00   2.7517025e+00   1.1332691e+00   2.5545592e+00   0.0000000e+00   0.0000000e+00   0.0000000e+00   0.0000000e+00   0.0000000e+00   0.0000000e+00   4.5592721e-01   1.1459345e+00   3.0191235e+00   3.1290119e+00   1.6931536e+00
   0.0000000e+00   0.0000000e+00   1.9395641e+00   2.6589891e+00   3.6014719e+00   4.6318692e+00   5.2425698e+00   5.5807603e+00   5.7670982e+00   5.8037579e+00   5.6986940e+00   5.4360645e+00   5.1176814e+00   4.9138664e+00   4.5844030e+00   3.7166491e+00   2.1751787e+00   1.2524371e+00   0.0000000e+00   0.0000000e+00   0.0000000e+00   4.8272235e+00   3.3024431e+00   1.9568410e+00   2.3523093e+00   2.8314047e+00   2.9986832e+00   0.0000000e+00   0.0000000e+00   0.0000000e+00   1.9980969e+00   7.1966550e-01   7.4035290e-01   2.3193223e+00   2.4611201e+00   1.5784603e+00
   0.0000000e+00   0.0000000e+00   1.5736785e+00   2.2053308e+00   2.8860282e+00   4.1493616e+00   5.0759491e+00   5.6007989e+00   5.8501613e+00   5.8622835e+00   5.7005780e+00   5.4158538e+00   5.1491865e+00   4.9652051e+00   4.6372885e+00   3.9263268e+00   2.9774932e+00   2.3006988e+00   0.0000000e+00   0.0000000e+00   0.0000000e+00   0.0000000e+00   4.1873540e+00   3.3123134e+00   3.2592755e+00   2.8231443e+00   2.2236040e+00   0.0000000e+00   0.0000000e+00   0.0000000e+00   2.2649102e+00   1.1071751e+00   8.3936330e-01   1.5944582e+00   1.8666275e+00   1.3234029e+00
   0.0000000e+00   6.8621303e-01   9.5525932e-01   1.8067562e+00   2.1332037e+00   2.8280849e+00   3.6721911e+00   4.1771111e+00   4.4316463e+00   4.5364647e+00   4.6060724e+00   4.7524104e+00   4.9594159e+00   5.1401119e+00   5.1077242e+00   4.7959619e+00   4.2472134e+00   3.4785576e+00   0.0000000e+00   0.0000000e+00   0.0000000e+00   0.0000000e+00   4.9178719e+00   4.8141046e+00   4.7038560e+00   3.9665642e+00   2.5519859e+00   0.0000000e+00   0.0000000e+00   0.0000000e+00   2.7379935e+00   1.7254179e+00   1.6846303e+00   2.0530169e+00   2.2139459e+00   1.7455462e+00
   3.0964598e+00   1.4496072e+00   7.6828313e-01   8.2931458e-01   2.0102310e+00   1.7180820e+00   2.1924491e+00   2.5923350e+00   2.8509090e+00   3.1099987e+00   3.5253537e+00   4.2161536e+00   4.8891420e+00   5.3747253e+00   5.6206942e+00   5.6678376e+00   5.4637327e+00   4.8278638e+00   0.0000000e+00   0.0000000e+00   0.0000000e+00   0.0000000e+00   0.0000000e+00   5.7231088e+00   5.7414732e+00   5.0481400e+00   3.3340333e+00   0.0000000e+00   0.0000000e+00   0.0000000e+00   2.9366948e+00   2.6068847e+00   2.8260050e+00   3.2923307e+00   3.4679270e+00   3.0642126e+00
   3.7618543e+00   2.8753050e+00   1.5801533e+00   0.0000000e+00   1.9658400e+00   1.7331473e+00   1.7664196e+00   2.1010134e+00   2.4830265e+00   2.8615997e+00   3.3811584e+00   4.1210003e+00   4.8022575e+00   5.3848062e+00   5.8356276e+00   6.1113043e+00   6.2201214e+00   6.0872550e+00   5.7323087e+00   0.0000000e+00   0.0000000e+00   0.0000000e+00   0.0000000e+00   5.9589691e+00   6.2963085e+00   5.8946829e+00   4.3717337e+00   0.0000000e+00   0.0000000e+00   0.0000000e+00   2.6910393e+00   3.3114364e+00   3.8738966e+00   4.5884500e+00   4.9544635e+00   4.5836611e+00
   4.7169819e+00   3.4052217e+00   2.2778895e+00   2.4410294e+00   0.0000000e+00   2.7923844e+00   2.6463623e+00   2.8179595e+00   3.0748973e+00   3.2265317e+00   3.4493284e+00   3.8778179e+00   4.3788285e+00   4.9301314e+00   5.4628243e+00   5.8644876e+00   6.1869369e+00   6.4079094e+00   5.8310456e+00   0.0000000e+00   0.0000000e+00   0.0000000e+00   5.2709319e+00   5.6761827e+00   6.3036628e+00   6.4305000e+00   6.1034279e+00   0.0000000e+00   0.0000000e+00   0.0000000e+00   1.7159051e+00   3.8623241e+00   4.6702881e+00   5.5062947e+00   6.0419617e+00   5.8393312e+00
   4.9517584e+00   3.3785503e+00   2.1476173e+00   2.5934863e+00   4.7542569e+00   3.7189810e+00   3.5630546e+00   3.6359124e+00   3.6559312e+00   3.5464239e+00   3.4114227e+00   3.4749627e+00   3.7926555e+00   4.2299085e+00   4.6957393e+00   5.1268992e+00   5.5343065e+00   5.9826121e+00   5.7718039e+00   0.0000000e+00   0.0000000e+00   0.0000000e+00   4.4297689e+00   4.9359946e+00   5.6991520e+00   6.3325710e+00   6.7536558e+00   0.0000000e+00   0.0000000e+00   0.0000000e+00   0.0000000e+00   4.2679787e+00   5.0290570e+00   5.7709560e+00   6.2813444e+00   6.1088076e+00
   4.7488203e+00   2.9218356e+00   0.0000000e+00   0.0000000e+00   4.3577293e+00   3.8857808e+00   3.7820632e+00   3.8522463e+00   3.7472620e+00   3.4818900e+00   3.1385345e+00   2.9113741e+00   2.9965389e+00   3.2654347e+00   3.5660000e+00   3.9097936e+00   4.3453445e+00   4.9394889e+00   5.0134577e+00   0.0000000e+00   0.0000000e+00   0.0000000e+00   3.7915119e+00   3.6979706e+00   4.4298940e+00   5.4899874e+00   6.5489074e+00   0.0000000e+00   0.0000000e+00   0.0000000e+00   3.5932404e+00   4.0573025e+00   4.6957269e+00   5.2201815e+00   5.6698017e+00   5.7025766e+00
   4.2777243e+00   2.8128633e+00   0.0000000e+00   0.0000000e+00   3.4961307e+00   2.9786239e+00   2.8944695e+00   3.0050104e+00   2.9043498e+00   2.6909747e+00   2.3906372e+00   2.1042266e+00   2.0319548e+00   2.1116610e+00   2.1821480e+00   2.3199587e+00   2.6595073e+00   3.5420136e+00   5.0465884e+00   0.0000000e+00   0.0000000e+00   0.0000000e+00   2.8674540e+00   2.2233539e+00   2.5682812e+00   3.7117450e+00   6.2221808e+00   0.0000000e+00   0.0000000e+00   3.0505698e+00   3.1372802e+00   3.2804613e+00   3.5129547e+00   3.6591775e+00   3.9642003e+00   4.4318767e+00
   3.8476738e+00   0.0000000e+00   0.0000000e+00   0.0000000e+00   0.0000000e+00   1.2358397e+00   1.3953145e+00   1.5029225e+00   1.4356465e+00   1.3689892e+00   1.2411501e+00   1.0503120e+00   9.6308988e-01   9.2150009e-01   8.1333029e-01   7.3377806e-01   9.6858990e-01   2.1457267e+00   4.5620839e+00   0.0000000e+00   0.0000000e+00   2.3941448e+00   2.0489948e+00   9.6163672e-01   6.9986790e-01   1.6241475e+00   4.5097427e+00   0.0000000e+00   0.0000000e+00   2.4502689e+00   2.5055059e+00   2.1466587e+00   1.8442860e+00   1.6043417e+00   1.7247179e+00   2.6592307e+00
   3.1507244e+00   0.0000000e+00   0.0000000e+00   0.0000000e+00   0.0000000e+00   3.5142317e-01   3.4281376e-01   5.1920319e-01   6.8999428e-01   7.2510588e-01   7.0333505e-01   7.0066446e-01   8.3094072e-01   1.0244187e+00   1.1587508e+00   1.3094723e+00   1.4155095e+00   1.6676478e+00   3.2636953e+00   0.0000000e+00   0.0000000e+00   1.2855012e+00   1.0645751e+00   1.2966737e+00   1.7079394e+00   1.7556233e+00   2.3162892e+00   3.7189786e+00   0.0000000e+00   9.2262029e-01   8.8465452e-01   7.5189197e-01   8.7583935e-01   1.4071755e+00   1.6467327e+00   1.7729392e+00
   3.4239665e+00   0.0000000e+00   0.0000000e+00   0.0000000e+00   0.0000000e+00   1.0001201e+00   1.1176762e+00   1.6444074e+00   2.0891702e+00   2.2211871e+00   2.2217355e+00   2.2311435e+00   2.2988577e+00   2.4389112e+00   2.5857081e+00   2.7897371e+00   2.9290814e+00   2.7245543e+00   2.5911576e+00   0.0000000e+00   0.0000000e+00   1.2036000e+00   1.6474450e+00   2.7058940e+00   3.3660301e+00   3.6028352e+00   3.0594876e+00   2.1042213e+00   1.6117514e+00   1.2902704e+00   1.3199997e+00   2.0855563e+00   3.1136231e+00   3.8147173e+00   4.0944161e+00   3.7368383e+00
   5.2935677e+00   0.0000000e+00   0.0000000e+00   0.0000000e+00   0.0000000e+00   1.8611193e+00   2.2279062e+00   2.8892095e+00   3.3408744e+00   3.4837689e+00   3.6674385e+00   3.7833240e+00   3.8717487e+00   3.9470644e+00   4.0721145e+00   4.2153945e+00   4.3057756e+00   4.1067076e+00   3.5388896e+00   0.0000000e+00   2.2416873e+00   2.5679450e+00   3.3507473e+00   4.1946425e+00   4.7507396e+00   5.1173253e+00   5.0098252e+00   4.0731192e+00   3.1107528e+00   3.0511503e+00   3.4148927e+00   4.3696237e+00   5.2732553e+00   6.0021129e+00   6.3660421e+00   6.1720018e+00
   6.8311665e+00   6.2458210e+00   5.0091390e+00   5.0559769e+00   0.0000000e+00   3.2362594e+00   3.5173060e+00   3.5885267e+00   4.0212653e+00   4.1067729e+00   4.3767445e+00   4.7031959e+00   4.8680068e+00   4.9468062e+00   5.0318206e+00   5.0942971e+00   5.0823711e+00   4.9705017e+00   4.8327086e+00   0.0000000e+00   3.3137107e+00   4.0498486e+00   4.6656278e+00   5.1328924e+00   5.4156830e+00   5.7102355e+00   5.8578786e+00   5.7686217e+00   5.4925192e+00   5.2599390e+00   5.5316951e+00   6.2014660e+00   6.5546474e+00   7.0578836e+00   7.3191800e+00   7.3168654e+00
   6.8997588e+00   6.6297188e+00   6.0683737e+00   5.6589376e+00   5.2196197e+00   4.3346109e+00   4.3432331e+00   4.3694340e+00   3.8950258e+00   4.1887980e+00   4.5732293e+00   4.9729233e+00   5.1480193e+00   5.2939711e+00   5.3851080e+00   5.3721299e+00   5.2716789e+00   5.1732521e+00   5.1589346e+00   0.0000000e+00   4.3272047e+00   4.8175211e+00   5.1371393e+00   5.2255616e+00   5.2907305e+00   5.4606056e+00   5.6455069e+00   5.8677039e+00   6.0767722e+00   6.2077789e+00   6.4510436e+00   6.7589750e+00   6.5595169e+00   6.7979736e+00   6.9297614e+00   6.8579497e+00
   4.8850861e+00   5.2964931e+00   5.3390846e+00   5.0532870e+00   4.6296520e+00   4.3780055e+00   4.2482085e+00   4.1491694e+00   3.9338918e+00   4.0495663e+00   4.2724791e+00   4.4042096e+00   4.3965764e+00   4.5389767e+00   4.6120906e+00   4.6246777e+00   4.5450177e+00   4.4785328e+00   4.5183036e+00   0.0000000e+00   4.3252006e+00   4.2999043e+00   4.4784245e+00   4.3287148e+00   4.1664572e+00   4.1696668e+00   4.3037510e+00   4.5744190e+00   4.9062333e+00   5.2091169e+00   5.3445082e+00   5.2916918e+00   4.8864627e+00   4.9661560e+00   4.8903689e+00   4.5455050e+00
   1.5564660e+00   1.8427182e+00   2.4901774e+00   2.8204727e+00   2.9929638e+00   3.0980039e+00   3.0498178e+00   2.9545786e+00   2.9480090e+00   3.0250835e+00   3.0333011e+00   2.8211458e+00   2.6961920e+00   2.7385097e+00   2.7682796e+00   2.7651534e+00   2.7409492e+00   2.7609971e+00   2.9020190e+00   2.7685146e+00   2.6899202e+00   2.7434630e+00   2.8975592e+00   2.6547890e+00   2.3462465e+00   2.1005416e+00   1.9618701e+00   2.0110073e+00   2.1846125e+00   2.2446680e+00   2.1498897e+00   2.1424165e+00   2.0642135e+00   2.0560515e+00   1.7966429e+00   1.5735649e+00
   4.0486548e+00   2.5151846e+00   1.0187468e+00   5.7758191e-01   8.7133574e-01   1.0252495e+00   1.0997810e+00   1.2467313e+00   1.2508270e+00   1.2478452e+00   1.1301599e+00   1.0884966e+00   9.7792196e-01   8.9216995e-01   7.9141450e-01   7.3801386e-01   6.8477643e-01   6.7732459e-01   7.7135184e-01   1.2315298e+00   1.0246267e+00   9.7661340e-01   9.4230568e-01   8.5206831e-01   7.5624364e-01   8.8251193e-01   8.9328853e-01   1.4513363e+00   1.7835241e+00   2.7328547e+00   2.4817100e+00   3.5605573e+00   3.4349529e+00   3.5869240e+00   4.6237444e+00   4.2650878e+00
   0.0000000e+00   5.0476330e+00   0.0000000e+00   3.2425812e+00   2.2391472e+00   0.0000000e+00   3.9581144e+00   2.4895289e+00   2.5049479e+00   2.5655412e+00   2.4143257e+00   2.0193508e+00   1.5813704e+00   1.5839840e+00   1.9097119e+00   2.2410495e+00   2.2819718e+00   1.9502396e+00   2.2149441e+00   0.0000000e+00   2.1519229e+00   2.0945424e+00   2.5474288e+00   1.8322967e+00   2.2069531e+00   0.0000000e+00   0.0000000e+00   0.0000000e+00   0.0000000e+00   0.0000000e+00   0.0000000e+00   0.0000000e+00   0.0000000e+00   0.0000000e+00   0.0000000e+00   0.0000000e+00
