   1.6349382e+00   1.5857456e+00   1.5641770e+00   1.5550145e+00   1.5428993e+00   1.5329489e+00   1.5205995e+00   1.5121412e+00   1.5108490e+00   1.5060689e+00   1.5020051e+00   1.5009192e+00   1.4873631e+00   1.4673271e+00   1.4327096e+00   1.3708036e+00   1.2968116e+00   1.2162586e+00   1.1297553e+00   1.0586048e+00   1.0176622e+00   1.0079052e+00   1.0304130e+00   1.0735693e+00   1.1270008e+00   1.1691974e+00   1.2057945e+00   1.2315565e+00   1.2504830e+00   1.2724693e+00   1.3016400e+00   1.3356664e+00   1.3833045e+00   1.4907742e+00   1.6222677e+00   1.6726185e+00
   2.3759780e+00   2.3491537e+00   2.2662907e+00   2.1418707e+00   2.0178218e+00   1.8844142e+00   1.7683461e+00   1.6853127e+00   1.6588154e+00   1.6893302e+00   1.7445731e+00   1.7901363e+00   1.8386714e+00   1.8606049e+00   1.8364513e+00   1.7361006e+00   1.5812383e+00   1.3990154e+00   1.2222997e+00   1.0917312e+00   1.0549839e+00   1.1371520e+00   1.3068606e+00   1.4849166e+00   1.6212261e+00   1.7483766e+00   1.8726568e+00   1.9957691e+00   2.1372585e+00   2.2762949e+00   2.3843427e+00   2.4289071e+00   2.4003747e+00   2.3297975e+00   2.3767886e+00   2.4306250e+00
   1.3376198e+00   1.2509629e+00   1.1454473e+00   1.0293502e+00   8.7134266e-01   7.3302615e-01   5.9372711e-01   5.4535747e-01   5.9977776e-01   6.8125290e-01   7.2743344e-01   7.7359492e-01   7.8988284e-01   7.5534165e-01   7.4035853e-01   7.8385556e-01   8.2634848e-01   7.7442789e-01   6.8977982e-01   5.8676130e-01   5.6962126e-01   7.0046657e-01   8.6824596e-01   9.1792375e-01   9.2447758e-01   9.7907150e-01   1.0483940e+00   1.1459391e+00   1.2783765e+00   1.4014786e+00   1.4695976e+00   1.4948076e+00   1.4549123e+00   1.2987688e+00   1.3947660e+00   1.3859539e+00
   1.6476635e+00   1.5338924e+00   1.5611634e+00   1.7108203e+00   1.8688797e+00   2.0141976e+00   2.1352694e+00   2.2077724e+00   2.2660656e+00   2.3082879e+00   2.2806534e+00   2.1988363e+00   2.0422194e+00   1.8521904e+00   1.7672852e+00   1.8264096e+00   2.0135587e+00   2.2051744e+00   2.3479917e+00   2.3873631e+00   2.3030789e+00   2.1464188e+00   2.0262214e+00   1.9409274e+00   1.9492400e+00   2.0164293e+00   2.0730736e+00   2.0439293e+00   1.9155745e+00   1.8005843e+00   1.7091126e+00   1.6727109e+00   1.6858846e+00   1.8333046e+00   2.6284954e+00   2.1067386e+00
   4.9894861e+00   4.9054112e+00   4.9047564e+00   4.9312328e+00   4.9341755e+00   4.8872923e+00   4.8181895e+00   4.7805333e+00   4.7814592e+00   4.8146137e+00   4.8097858e+00   4.7614841e+00   4.6590857e+00   4.5236669e+00   4.3889484e+00   4.2712078e+00   4.1822982e+00   4.1366672e+00   4.1146083e+00   4.0720944e+00   3.9533465e+00   3.8041630e+00   3.7658365e+00   3.8873408e+00   4.0780902e+00   4.3114896e+00   4.5331129e+00   4.6610984e+00   4.7038355e+00   4.7096204e+00   4.7884425e+00   4.9989405e+00   5.2031563e+00   5.0381325e+00   5.9257383e+00   5.4904316e+00
   7.3898888e+00   7.2750362e+00   7.1629376e+00   6.9996881e+00   6.7746209e+00   6.5396967e+00   6.3456311e+00   6.2238968e+00   6.1597991e+00   6.2145333e+00   6.3188670e+00   6.3746700e+00   6.3709574e+00   6.3391302e+00   6.2063336e+00   5.9613886e+00   5.5507361e+00   5.0452857e+00   4.5523262e+00   4.1705694e+00   4.1076112e+00   4.3415079e+00   4.6069928e+00   4.9826956e+00   5.2530441e+00   5.5014889e+00   5.9010620e+00   6.2831397e+00   6.5484856e+00   6.7517266e+00   6.9837294e+00   7.2451777e+00   7.4276829e+00   6.9284620e+00   7.9392424e+00   7.7788520e+00
   7.6103134e+00   7.5330601e+00   7.3375821e+00   7.0139437e+00   6.6775074e+00   6.3721275e+00   6.1225009e+00   5.9572101e+00   5.9013791e+00   5.9742250e+00   6.1664414e+00   6.3823638e+00   6.5555253e+00   6.6033173e+00   6.5023775e+00   6.1638446e+00   5.4582314e+00   4.3515682e+00   3.1064582e+00   2.2401478e+00   2.6296263e+00   3.6043146e+00   4.1519399e+00   4.7057738e+00   5.0954247e+00   5.3259945e+00   5.8370991e+00   6.3802514e+00   6.8281550e+00   7.1744962e+00   7.3982935e+00   7.4910569e+00   7.4921007e+00   6.8523111e+00   7.7078261e+00   7.6334291e+00
   5.7826533e+00   5.6873157e+00   5.4078164e+00   5.0120745e+00   4.6556882e+00   4.3520494e+00   4.1047115e+00   3.9828217e+00   3.9893591e+00   4.0852165e+00   4.3062820e+00   4.6217413e+00   4.9078875e+00   5.0660595e+00   5.0612736e+00   4.7472506e+00   3.7552746e+00   2.1694384e+00   1.1270392e+00   7.0041732e-01   8.0932450e-01   1.9270008e+00   2.4867441e+00   3.1188102e+00   3.7148790e+00   3.9927237e+00   4.3800282e+00   4.8475151e+00   5.3111781e+00   5.6084843e+00   5.6027660e+00   5.3002709e+00   5.0727544e+00   4.3848710e+00   5.4180306e+00   5.4933243e+00
   3.0664046e+00   2.8891883e+00   2.5945153e+00   2.2479541e+00   1.9593141e+00   1.7129254e+00   1.5454186e+00   1.5138183e+00   1.5655999e+00   1.6789360e+00   1.9101583e+00   2.2391479e+00   2.5645256e+00   2.7811966e+00   2.8404474e+00   2.6618581e+00   2.5424240e+00   1.1813627e+00   6.1244237e-01   7.6355958e-01   8.5481954e-01   5.3626966e-01   7.5000536e-01   1.3434045e+00   1.8749518e+00   2.0573270e+00   2.2467887e+00   2.5571532e+00   2.8856044e+00   3.0413780e+00   2.8198373e+00   2.0963216e+00   1.9827582e+00   1.7778916e+00   2.7967899e+00   2.9736702e+00
   1.3852843e+00   1.5279624e+00   1.6151761e+00   1.7450453e+00   1.8520992e+00   1.9318639e+00   1.9384985e+00   1.8288261e+00   1.6970419e+00   1.5152675e+00   1.3238238e+00   1.1837999e+00   1.1049826e+00   1.0974642e+00   1.1678736e+00   1.7673060e+00   3.4833345e+00   1.3220913e+00   1.3293527e+00   5.4643792e-01   1.4213387e+00   1.4071422e+00   1.3384130e+00   1.1187142e+00   1.0595261e+00   1.0629247e+00   9.5452511e-01   7.4394822e-01   8.3859068e-01   1.1426501e+00   1.8616115e+00   1.7648591e+00   1.8739864e+00   1.8892939e+00   9.3573183e-01   1.0950695e+00
   4.2059083e+00   4.2925286e+00   4.2871189e+00   4.2886891e+00   4.2711043e+00   4.1916533e+00   4.0365787e+00   3.8435593e+00   3.6650686e+00   3.5187888e+00   3.4415531e+00   3.4023612e+00   3.3526599e+00   3.4024849e+00   3.5796647e+00   3.8952281e+00   4.0883293e+00   1.2873327e+00   9.3913168e-01   7.7632225e-01   1.9305234e+00   2.6575968e+00   2.8401473e+00   2.7810197e+00   2.7318461e+00   2.8058231e+00   2.9448597e+00   3.1044610e+00   3.3110309e+00   3.6853020e+00   4.1770048e+00   2.6121051e+00   4.0580697e+00   3.9974890e+00   3.6932297e+00   3.9442377e+00
   6.3278165e+00   6.2694206e+00   6.1247387e+00   6.0257168e+00   5.8695803e+00   5.6293535e+00   5.3203149e+00   5.0542297e+00   4.8760633e+00   4.8360839e+00   4.9473629e+00   5.1082392e+00   5.3129587e+00   5.5892739e+00   5.9591160e+00   5.9890285e+00   4.9332452e+00   2.5108066e+00   2.4617407e+00   2.7826736e+00   3.2557936e+00   3.7413816e+00   3.7807212e+00   3.6935894e+00   3.8000002e+00   4.1534095e+00   4.5801330e+00   4.9887385e+00   5.3395104e+00   5.6821084e+00   5.7958174e+00   5.6280541e+00   6.7945275e+00   5.8344879e+00   5.8062267e+00   6.1467013e+00
   7.0387535e+00   6.8345847e+00   6.5983138e+00   6.3970017e+00   6.0965176e+00   5.7605338e+00   5.4182138e+00   5.2254114e+00   5.1602058e+00   5.2816625e+00   5.5840788e+00   5.9215102e+00   6.2579131e+00   6.5635395e+00   7.1129284e+00   7.1672311e+00   5.8144727e+00   4.3423080e+00   4.0573845e+00   3.9175706e+00   3.7770605e+00   3.7810810e+00   3.7111456e+00   3.7996840e+00   4.2162681e+00   4.7800202e+00   5.3245382e+00   5.8267221e+00   6.1906567e+00   6.3723955e+00   6.0000353e+00   6.4375262e+00   5.6701169e+00   3.6871536e+00   6.4675894e+00   6.9827642e+00
   6.5212226e+00   6.1880865e+00   5.8641014e+00   5.5125732e+00   5.1338558e+00   4.8716798e+00   4.7401800e+00   4.7723131e+00   4.8857856e+00   5.1821060e+00   5.5798845e+00   5.9948878e+00   6.4090481e+00   6.7785320e+00   6.7386265e+00   6.6805196e+00   6.0235844e+00   4.6345005e+00   4.0075574e+00   3.5253320e+00   3.2222238e+00   3.1638746e+00   3.3331118e+00   3.7273629e+00   4.3355751e+00   4.9088306e+00   5.4259453e+00   5.9589047e+00   6.3717036e+00   6.5173554e+00   4.4587688e+00   5.6884708e+00   3.1844292e+00   2.6365397e+00   6.2609863e+00   6.6719818e+00
   4.7818098e+00   4.4122591e+00   4.0909791e+00   3.7600436e+00   3.6022189e+00   3.6679981e+00   3.8767843e+00   4.1341057e+00   4.3850923e+00   4.6566706e+00   4.9336967e+00   5.3084650e+00   5.8670344e+00   6.3209014e+00   5.1828794e+00   3.7010374e+00   4.8079252e+00   3.5116010e+00   2.8772137e+00   2.6022670e+00   2.7161393e+00   3.0334971e+00   3.4980271e+00   4.0543351e+00   4.5692334e+00   4.8929253e+00   5.1385951e+00   5.4580755e+00   5.7172356e+00   5.4658217e+00   3.0703712e+00   4.2291837e+00   1.5648205e+00   2.2396548e+00   5.3950925e+00   5.1800075e+00
   2.6472917e+00   2.5282722e+00   2.5450845e+00   2.6430347e+00   2.9527671e+00   3.3789306e+00   3.7967327e+00   4.0871878e+00   4.2217860e+00   4.2180991e+00   4.1337194e+00   4.1456380e+00   4.4877276e+00   4.1924157e+00   2.6079793e+00   1.5312630e+00   2.6109343e+00   2.3210292e+00   2.2524891e+00   2.5337830e+00   3.2325652e+00   3.8976955e+00   4.2881312e+00   4.7783093e+00   5.0399766e+00   5.0126638e+00   4.8046522e+00   4.5987539e+00   4.6346045e+00   3.7643473e+00   2.4257588e+00   2.7350342e+00   9.4980901e-01   1.5665364e+00   2.6082113e+00   3.2051504e+00
   1.2366827e+00   1.5882802e+00   2.2084901e+00   2.8500659e+00   3.4927044e+00   4.0907440e+00   4.5390048e+00   4.7519150e+00   4.7333531e+00   4.4637523e+00   3.9613371e+00   3.3589253e+00   2.8321855e+00   1.6137910e+00   1.2816066e+00   8.0109769e-01   1.4967995e+00   2.2036481e+00   2.8243592e+00   3.2811007e+00   4.1728921e+00   5.0492744e+00   5.2303715e+00   5.6006970e+00   5.6852541e+00   5.4627337e+00   4.9373336e+00   4.1480470e+00   3.5186567e+00   2.2831903e+00   1.4837893e+00   1.3180431e+00   1.3583752e+00   9.6284127e-01   1.5579685e+00   1.7514498e+00
   9.0987201e-01   1.7444856e+00   2.8011903e+00   3.7099307e+00   4.4433240e+00   5.0288275e+00   5.3776248e+00   5.4580477e+00   5.3009137e+00   4.8745822e+00   4.1381817e+00   2.9685367e+00   1.3444070e+00   4.3582616e-01   6.7568229e-01   7.4901548e-01   1.2285971e+00   2.5792264e+00   3.8973906e+00   4.0706649e+00   4.6507692e+00   5.8092907e+00   6.1299360e+00   6.2731440e+00   6.1931154e+00   5.8146246e+00   5.1195668e+00   4.0718532e+00   2.7340621e+00   9.8471105e-01   1.2561855e+00   1.1036119e+00   1.7726807e+00   5.3556257e-01   1.0552360e+00   1.1271380e+00
   1.3815494e+00   2.2095678e+00   3.1861897e+00   4.0178580e+00   4.6520595e+00   5.1354378e+00   5.4226602e+00   5.4715522e+00   5.2745813e+00   4.7948679e+00   3.9838703e+00   2.6794199e+00   1.0359766e+00   3.7907173e-01   8.2851632e-01   8.6314739e-01   1.1383155e+00   1.9704964e+00   2.9792887e+00   4.2240786e+00   4.1800594e+00   4.0595493e+00   5.8982589e+00   6.2614329e+00   6.1699641e+00   5.7582357e+00   5.0387129e+00   3.9644103e+00   2.3952996e+00   6.3538884e-01   1.9186136e+00   2.0508749e+00   1.3057630e+00   4.6507839e-01   6.9626925e-01   1.3913081e+00
   1.4666333e+00   2.1080978e+00   2.7274585e+00   3.3601995e+00   3.8967700e+00   4.3558173e+00   4.6747932e+00   4.7853551e+00   4.6763964e+00   4.2842226e+00   3.5744579e+00   2.6211278e+00   1.8985199e+00   1.2554299e+00   1.0748063e+00   7.1923500e-01   1.0434780e+00   9.3615264e-01   1.3929428e+00   3.1247687e+00   3.6511583e+00   4.1207299e+00   5.0246067e+00   5.4266973e+00   5.5037842e+00   5.2474275e+00   4.6366596e+00   3.6244221e+00   2.4784958e+00   1.3801943e+00   2.7322769e+00   2.7723284e+00   1.0760766e+00   4.7603166e-01   4.1986847e-01   1.0361210e+00
   1.3616455e+00   2.0065739e+00   2.3213801e+00   2.7267714e+00   3.1407101e+00   3.5976562e+00   3.9677668e+00   4.1486440e+00   4.1591730e+00   3.9601953e+00   3.5665748e+00   3.1065063e+00   2.7498648e+00   2.3312957e+00   1.3883020e+00   7.6269293e-01   1.5452036e+00   5.5507016e-01   6.5974557e-01   1.7629366e+00   3.4077680e+00   4.0440812e+00   4.0189319e+00   4.4197330e+00   4.6448908e+00   4.6006031e+00   4.3012023e+00   3.7269592e+00   3.0887797e+00   1.8626261e+00   3.0661163e+00   3.8618844e+00   9.6439970e-01   5.0591415e-01   3.4234515e-01   5.5425310e-01
   1.3704764e+00   1.9099739e+00   2.5600967e+00   2.6501656e+00   2.8199325e+00   3.1527183e+00   3.5335553e+00   3.8018878e+00   3.9508862e+00   3.9811847e+00   3.9306502e+00   3.8514075e+00   3.6370335e+00   3.2025349e+00   2.0407078e+00   8.0609876e-01   2.4103453e+00   5.1275659e-01   5.7910657e-01   1.6538652e+00   3.2014489e+00   3.1710448e+00   3.0691261e+00   3.4660773e+00   3.9176984e+00   4.2549663e+00   4.4707017e+00   4.4237223e+00   3.8723559e+00   1.8855036e+00   3.1892030e+00   5.3919377e+00   2.5102220e+00   4.4141221e-01   4.3733200e-01   4.2546076e-01
   2.4277706e+00   3.0406256e+00   3.2953970e+00   2.9686170e+00   2.8857634e+00   3.0045021e+00   3.2869062e+00   3.5795393e+00   3.7808805e+00   3.9825180e+00   4.1995244e+00   4.3807936e+00   4.3210020e+00   3.9432244e+00   2.8289022e+00   1.1403116e+00   3.2571442e+00   1.5346357e+00   9.7251093e-01   1.7569075e+00   3.3720372e+00   3.1638014e+00   2.8550539e+00   2.9639122e+00   3.4185438e+00   3.9644396e+00   4.5308123e+00   4.9648070e+00   4.7576056e+00   2.0584743e+00   4.1823215e+00   6.0623860e+00   5.0492711e+00   1.7920884e+00   6.1641443e-01   5.4739398e-01
   2.5085657e+00   3.6688366e+00   3.6403031e+00   2.8320458e+00   2.6358550e+00   2.7226906e+00   2.9895518e+00   3.2823431e+00   3.5279276e+00   3.8345211e+00   4.2005386e+00   4.5619769e+00   4.5971599e+00   4.1751642e+00   3.4782958e+00   2.0534914e+00   3.8939195e+00   3.1604533e+00   1.6638741e+00   1.8652092e+00   3.6663775e+00   3.6085396e+00   3.3449161e+00   3.1103225e+00   3.2041903e+00   3.5973263e+00   4.1813879e+00   4.8667469e+00   5.1272678e+00   3.5713966e+00   4.7784557e+00   5.7656007e+00   5.6573343e+00   3.7167606e+00   1.8236320e+00   8.0639976e-01
   1.7866359e+00   3.0939598e+00   3.1486917e+00   1.4080521e+00   1.5952320e+00   1.7893772e+00   2.2138820e+00   2.5843396e+00   2.8902268e+00   3.1945653e+00   3.5903809e+00   4.0861759e+00   4.3306212e+00   3.6462531e+00   2.7475641e+00   2.5211298e+00   3.7770257e+00   2.7436213e+00   1.2525175e+00   1.8701477e+00   3.5052526e+00   3.4894903e+00   3.4263785e+00   3.1624410e+00   2.9349420e+00   3.0204914e+00   3.3625908e+00   4.0133443e+00   4.4564219e+00   3.2011461e+00   3.9392445e+00   4.5915055e+00   4.6090393e+00   3.5511243e+00   3.2577238e+00   1.6155695e+00
   1.1716944e+00   1.6615657e+00   2.0094647e+00   1.3272673e+00   8.3913636e-01   7.3877293e-01   1.0243273e+00   1.3557756e+00   1.6876044e+00   1.9650484e+00   2.2703416e+00   2.6912544e+00   3.3527780e+00   2.1916833e+00   1.4742196e+00   2.4992774e+00   2.5013909e+00   1.3887026e+00   1.3801646e+00   2.1631863e+00   2.5842242e+00   2.5133889e+00   2.5091980e+00   2.4116025e+00   2.1775830e+00   2.0536511e+00   2.1083581e+00   2.4867408e+00   3.0748322e+00   1.3655543e+00   2.7277815e+00   2.7805598e+00   2.6660130e+00   2.0272801e+00   2.0927241e+00   1.8248463e+00
   5.7240689e-01   1.2158729e+00   1.0411540e+00   1.6267356e+00   1.3857046e+00   1.5491729e+00   1.2564453e+00   9.4930941e-01   7.4790722e-01   6.4998281e-01   7.3940194e-01   9.8656094e-01   1.9998078e+00   1.5622188e+00   1.7305802e+00   1.6554718e+00   1.0287156e+00   1.2152760e+00   1.9263122e+00   1.6027956e+00   1.2477287e+00   1.1469182e+00   1.1374993e+00   1.1269830e+00   9.9446791e-01   8.3411300e-01   7.7588302e-01   8.2412791e-01   1.6274424e+00   1.2144132e+00   1.4363986e+00   2.0006154e+00   1.9452257e+00   9.4717723e-01   8.9267051e-01   1.1243361e+00
   1.5423673e+00   2.1524847e+00   2.9944549e+00   1.9584085e+00   1.0606902e+00   2.0885546e+00   2.4353004e+00   2.1934595e+00   1.7979466e+00   1.4902163e+00   1.3737309e+00   1.3598090e+00   1.4066337e+00   1.5251231e+00   1.0424647e+00   5.6454444e-01   8.3969402e-01   9.2524755e-01   6.6922009e-01   5.5693513e-01   6.6690689e-01   7.9967105e-01   8.2949090e-01   7.8999156e-01   7.8824294e-01   9.4806719e-01   1.2103397e+00   1.3727882e+00   1.4013749e+00   1.2917564e+00   1.8516595e+00   2.8213606e+00   2.5330429e+00   2.5703535e+00   2.3848038e+00   2.0554857e+00
   2.8200846e+00   1.8705404e+00   3.5970142e+00   3.6205018e+00   2.4399530e+00   3.1382351e+00   2.9995565e+00   2.9459847e+00   2.7919002e+00   2.7159319e+00   2.7851798e+00   2.9425330e+00   2.9541192e+00   2.7079343e+00   1.5429698e+00   1.4184406e+00   1.8208416e+00   1.8814449e+00   1.9388943e+00   2.0117407e+00   2.0963206e+00   2.1321518e+00   2.1388018e+00   2.1023235e+00   2.0852716e+00   2.2319894e+00   2.4983075e+00   2.7990897e+00   2.9350339e+00   1.8700784e+00   3.3882871e+00   2.2182421e+00   2.0313973e+00   2.7294936e+00   3.4898842e+00   3.4831307e+00
   1.6206568e+00   1.2312366e+00   1.3892175e+00   2.0519674e+00   2.3605452e+00   3.5455992e+00   3.3075600e+00   3.2724948e+00   3.4058087e+00   3.5731010e+00   3.7687929e+00   4.0602140e+00   4.2770905e+00   4.1794443e+00   3.9094939e+00   3.5627480e+00   3.3252382e+00   3.2327282e+00   3.2117786e+00   3.1996243e+00   3.1596735e+00   3.1268110e+00   3.1163399e+00   3.1094251e+00   3.1322517e+00   3.2673597e+00   3.4675143e+00   3.7685833e+00   3.9448564e+00   3.1567917e+00   4.1394081e+00   1.9714978e+00   1.7385454e+00   1.6074091e+00   1.8418601e+00   1.8117217e+00
   1.1951578e+00   1.0608473e+00   1.1318188e+00   1.0423705e+00   1.1648435e+00   2.1378571e+00   2.9938697e+00   3.1240021e+00   3.5045278e+00   3.8300085e+00   3.9936368e+00   4.3089183e+00   4.5252912e+00   4.5819112e+00   4.4418204e+00   4.1816447e+00   3.8661158e+00   3.6184382e+00   3.4878578e+00   3.4138910e+00   3.3118689e+00   3.2793212e+00   3.2666732e+00   3.2746508e+00   3.3551056e+00   3.4441697e+00   3.5304858e+00   3.7457373e+00   3.9638729e+00   4.2409661e+00   2.5262806e+00   1.5757993e+00   1.4335466e+00   1.2842586e+00   1.1564371e+00   1.0520410e+00
   7.3742056e-01   7.0192862e-01   8.8190293e-01   7.9215950e-01   6.8316847e-01   1.1249007e+00   1.6083492e+00   1.9099358e+00   3.2339466e+00   3.3890417e+00   3.5540252e+00   4.0040541e+00   4.2478871e+00   4.2794709e+00   4.1110559e+00   3.8295851e+00   3.4934978e+00   3.2005453e+00   3.0222728e+00   2.8990684e+00   2.8166709e+00   2.7857802e+00   2.7861903e+00   2.8203607e+00   2.8936131e+00   2.8142385e+00   2.7448359e+00   2.9152484e+00   3.1069651e+00   2.8643229e+00   1.2591681e+00   1.2111602e+00   1.0411938e+00   7.3488247e-01   6.8500119e-01   6.9997668e-01
   4.7031939e-01   4.7358611e-01   4.7873846e-01   4.9988428e-01   6.7916673e-01   6.0845184e-01   6.8604869e-01   8.0068022e-01   1.4164920e+00   9.4085824e-01   1.9312793e+00   3.0131714e+00   3.2847052e+00   3.1433134e+00   2.9094362e+00   2.6739912e+00   2.4530311e+00   2.2403500e+00   2.0890503e+00   1.9891477e+00   1.9353375e+00   1.9121670e+00   1.8893937e+00   1.8639805e+00   1.7526819e+00   1.5065751e+00   1.3784882e+00   1.7507836e+00   1.9002513e+00   1.5726821e+00   6.3443613e-01   6.3437301e-01   4.5474645e-01   3.3174467e-01   3.9075455e-01   4.2551690e-01
   4.1012916e-01   2.8487825e-01   3.9609632e-01   6.1738390e-01   1.0504068e+00   7.2447014e-01   4.2365080e-01   3.1261060e-01   2.2732487e-01   2.9872435e-01   1.2003726e+00   2.0242283e+00   1.8836778e+00   1.4048232e+00   1.2620728e+00   1.3272974e+00   1.2809541e+00   1.1962980e+00   1.1303583e+00   1.1095676e+00   1.0681279e+00   9.6964431e-01   8.3157015e-01   6.8498939e-01   4.9549484e-01   3.9357549e-01   7.5312775e-01   1.4901755e+00   8.4585452e-01   3.5512891e-01   2.1187447e-01   2.4541111e-01   3.2719451e-01   4.0312451e-01   4.7308239e-01   5.0465649e-01
   2.5130510e+00   2.5985889e+00   2.3184493e+00   2.1349392e+00   2.7833326e+00   2.3659472e+00   1.6885014e+00   1.2975496e+00   1.0430657e+00   7.3857796e-01   8.2661545e-01   1.7342708e+00   1.2236805e+00   5.1293427e-01   2.2813621e-01   4.8156965e-01   5.8351707e-01   5.5148596e-01   5.1189828e-01   4.4674185e-01   4.3160629e-01   4.1119817e-01   7.7076018e-01   1.2062457e+00   1.7688503e+00   1.9076548e+00   1.9944706e+00   2.5377624e+00   2.1125546e+00   6.6726339e-01   8.9657789e-01   1.5753291e+00   1.9701265e+00   2.2593219e+00   2.1784003e+00   2.4240818e+00
   2.1747220e+00   1.9384431e+00   1.9121863e+00   2.4222465e+00   2.9417601e+00   3.0636764e+00   2.9168284e+00   3.0642941e+00   3.8935311e+00   4.4015694e+00   3.5717881e+00   3.2304409e+00   3.0882773e+00   2.4944670e+00   2.1973038e+00   2.2504764e+00   2.1997995e+00   2.1216741e+00   2.1537776e+00   1.9940257e+00   2.4768281e+00   3.1639030e+00   3.9513781e+00   4.4667802e+00   3.4119351e+00   2.2143400e+00   2.2758672e+00   3.0096116e+00   3.6938875e+00   3.5436716e+00   3.9936271e+00   3.3367298e+00   2.7429368e+00   2.2958231e+00   2.1117556e+00   2.1969264e+00
