   0.0000000e+00
   0.0000000e+00
   0.0000000e+00
   0.0000000e+00
   0.0000000e+00
   0.0000000e+00
   0.0000000e+00
   0.0000000e+00
   0.0000000e+00
   0.0000000e+00
  -0.0000000e+00
  -0.0000000e+00
  -3.8380694e-03
  -5.0449523e-03
  -9.6548010e-03
  -1.0847805e-02
  -1.0256445e-02
  -6.4343227e-03
  -9.1797658e-03
  -1.0058802e-02
  -1.8679148e-02
  -2.8971475e-02
   0.0000000e+00
   0.0000000e+00
   0.0000000e+00
   0.0000000e+00
   0.0000000e+00
   0.0000000e+00
  -0.0000000e+00
  -0.0000000e+00
   0.0000000e+00
   0.0000000e+00
   0.0000000e+00
   0.0000000e+00
   0.0000000e+00
   0.0000000e+00
   0.0000000e+00
   0.0000000e+00
   0.0000000e+00
   0.0000000e+00
   0.0000000e+00
   0.0000000e+00
   0.0000000e+00
   0.0000000e+00
   0.0000000e+00
   0.0000000e+00
   0.0000000e+00
   1.8855916e-02
   1.3942219e-02
   8.0809668e-03
   7.2244005e-03
   7.4756397e-03
   9.0958383e-03
   9.4088698e-03
   8.7543130e-03
   7.2071906e-03
   3.6294032e-03
  -2.9007348e-03
  -1.0166449e-02
  -1.8319326e-02
   0.0000000e+00
   0.0000000e+00
  -0.0000000e+00
  -0.0000000e+00
  -0.0000000e+00
  -0.0000000e+00
   0.0000000e+00
   0.0000000e+00
   0.0000000e+00
   0.0000000e+00
   0.0000000e+00
   0.0000000e+00
   0.0000000e+00
   0.0000000e+00
   0.0000000e+00
   0.0000000e+00
   0.0000000e+00
   0.0000000e+00
   0.0000000e+00
   0.0000000e+00
   0.0000000e+00
   0.0000000e+00
   4.7542010e-02
   4.7291864e-02
   4.1005567e-02
   3.1328831e-02
   2.6867369e-02
   2.4930824e-02
   2.3865638e-02
   2.3411311e-02
   2.2298601e-02
   2.0816658e-02
   1.9235143e-02
   1.6804272e-02
   1.2837204e-02
   6.9876010e-03
   0.0000000e+00
  -0.0000000e+00
  -8.8912364e-03
  -5.3064873e-03
   0.0000000e+00
   0.0000000e+00
   0.0000000e+00
   0.0000000e+00
   0.0000000e+00
   0.0000000e+00
   0.0000000e+00
   0.0000000e+00
   0.0000000e+00
   0.0000000e+00
   0.0000000e+00
   0.0000000e+00
   0.0000000e+00
   0.0000000e+00
   0.0000000e+00
   0.0000000e+00
   0.0000000e+00
   0.0000000e+00
   6.3271835e-02
   7.1920581e-02
   7.2507478e-02
   6.3129924e-02
   5.4541454e-02
   4.8604995e-02
   4.4084422e-02
   4.0949699e-02
   3.8191117e-02
   3.6088012e-02
   3.4991927e-02
   3.3845309e-02
   3.2711308e-02
   3.1405647e-02
   3.0750862e-02
   2.3557126e-02
   2.6161846e-02
   3.2551558e-02
   3.7583824e-02
   3.3943486e-02
   0.0000000e+00
   0.0000000e+00
   0.0000000e+00
   0.0000000e+00
   0.0000000e+00
   0.0000000e+00
   0.0000000e+00
   0.0000000e+00
   0.0000000e+00
   0.0000000e+00
   0.0000000e+00
   0.0000000e+00
   0.0000000e+00
   5.6360281e-02
   6.8324071e-02
   6.9975668e-02
   7.7127106e-02
   8.5726373e-02
   8.8698506e-02
   8.3674505e-02
   7.5231440e-02
   6.7219891e-02
   6.0022842e-02
   5.5346236e-02
   5.2020214e-02
   4.9080290e-02
   4.8122942e-02
   4.7296386e-02
   4.6993982e-02
   4.7936358e-02
   4.8506778e-02
   4.7449231e-02
   5.1161416e-02
   5.6452148e-02
   5.8932442e-02
   5.6658090e-02
   0.0000000e+00
   0.0000000e+00
   0.0000000e+00
   0.0000000e+00
   0.0000000e+00
   0.0000000e+00
   0.0000000e+00
   0.0000000e+00
   0.0000000e+00
   0.0000000e+00
   0.0000000e+00
   5.3167154e-02
   4.8492586e-02
   5.5144388e-02
   6.6794560e-02
   7.0785013e-02
   7.7065279e-02
   8.4462310e-02
   8.8231554e-02
   8.5946856e-02
   7.9787018e-02
   7.1947065e-02
   6.4746019e-02
   6.0078997e-02
   5.7189375e-02
   5.4249584e-02
   5.2920117e-02
   5.2500072e-02
   5.1743473e-02
   5.2243861e-02
   5.4609105e-02
   5.7047877e-02
   6.1612852e-02
   6.7388829e-02
   7.1681735e-02
   7.4067655e-02
   0.0000000e+00
   0.0000000e+00
   0.0000000e+00
   0.0000000e+00
   0.0000000e+00
   0.0000000e+00
   0.0000000e+00
   0.0000000e+00
   0.0000000e+00
   0.0000000e+00
   0.0000000e+00
   5.9989849e-02
   5.0729282e-02
   5.2227721e-02
   5.7463869e-02
   6.1614886e-02
   6.7514554e-02
   7.4199483e-02
   7.7400856e-02
   7.3047161e-02
   6.5442398e-02
   5.9289113e-02
   5.5207450e-02
   5.2693259e-02
   5.0914768e-02
   4.8767786e-02
   4.7478806e-02
   4.6947446e-02
   4.5955319e-02
   4.5727417e-02
   4.7453754e-02
   5.1088016e-02
   5.6107629e-02
   6.1862856e-02
   6.7298880e-02
   6.9113031e-02
   6.9463145e-02
   0.0000000e+00
   0.0000000e+00
   0.0000000e+00
   0.0000000e+00
   0.0000000e+00
   0.0000000e+00
   0.0000000e+00
   5.7669661e-02
   5.9069370e-02
   4.6109228e-02
   4.8885075e-02
   4.4928610e-02
   4.1966625e-02
   4.1486851e-02
   4.2705253e-02
   4.6270296e-02
   4.9417467e-02
   4.8325397e-02
   4.5770455e-02
   4.0166664e-02
   3.1442932e-02
   3.0461077e-02
   3.1491414e-02
   3.0978922e-02
   3.0342884e-02
   3.0605972e-02
   3.0782832e-02
   3.0001236e-02
   2.8933049e-02
   2.9658604e-02
   3.3145886e-02
   3.7473171e-02
   4.1169431e-02
   4.0272217e-02
   0.0000000e+00
   4.4732297e-02
   0.0000000e+00
   0.0000000e+00
   0.0000000e+00
   0.0000000e+00
   0.0000000e+00
   0.0000000e+00
   3.8535614e-02
   3.9766282e-02
   0.0000000e+00
   0.0000000e+00
   3.3153869e-02
   3.1358644e-02
   2.5648229e-02
   2.2227481e-02
   2.0615952e-02
   2.0875867e-02
   2.0846946e-02
   1.9687810e-02
   1.6474172e-02
   1.2924678e-02
   1.0683339e-02
   1.6054358e-02
   5.5607016e-03
   8.3388286e-03
   9.5686782e-03
   1.1241366e-02
   1.2374783e-02
   1.1934306e-02
   1.1090328e-02
   1.1615162e-02
   1.4487504e-02
   1.7140463e-02
   1.8162468e-02
   1.7719207e-02
   1.6331224e-02
   2.6189238e-02
   0.0000000e+00
   0.0000000e+00
   0.0000000e+00
   0.0000000e+00
   0.0000000e+00
   0.0000000e+00
   7.2197816e-03
   5.6645409e-03
   4.1589711e-03
   1.5914306e-02
   1.4332602e-02
   7.0279515e-03
  -4.2476575e-05
  -4.5097703e-03
  -8.0350172e-03
  -9.2902705e-03
  -1.1122124e-02
  -1.2392133e-02
   0.0000000e+00
  -1.3203100e-02
  -1.1492488e-02
  -1.3875630e-02
  -0.0000000e+00
  -1.4301554e-02
  -1.4637213e-02
  -1.2384994e-02
  -1.0949196e-02
  -1.1097224e-02
  -1.1116233e-02
  -9.8179299e-03
  -7.6309019e-03
  -7.1888128e-03
  -9.5691709e-03
  -1.0774938e-02
  -0.0000000e+00
  -3.2554050e-03
  -4.4146729e-03
   0.0000000e+00
   0.0000000e+00
   0.0000000e+00
   0.0000000e+00
  -0.0000000e+00
  -2.1931246e-02
  -2.0034542e-02
  -8.1665528e-03
  -2.3764884e-03
  -5.2467287e-03
  -1.1509984e-02
  -1.7272502e-02
  -2.1279342e-02
  -2.5596611e-02
  -2.8470431e-02
  -3.0103115e-02
  -2.3531920e-02
  -1.6492412e-02
  -0.0000000e+00
  -2.4388005e-02
  -2.0969049e-02
   0.0000000e+00
   0.0000000e+00
  -2.8207315e-02
  -2.7572047e-02
  -2.6485905e-02
  -2.5909711e-02
  -2.4349611e-02
  -2.2223920e-02
  -2.1550070e-02
  -2.3617558e-02
  -2.7701436e-02
  -2.3859749e-02
  -0.0000000e+00
  -2.3749295e-02
  -1.7989606e-02
  -1.6090901e-02
   0.0000000e+00
   0.0000000e+00
   0.0000000e+00
  -0.0000000e+00
  -4.3302540e-02
  -3.1099215e-02
  -1.9717819e-02
  -1.7096655e-02
  -2.0413464e-02
  -2.4704149e-02
  -2.9451363e-02
  -3.3269837e-02
  -3.8237084e-02
  -4.2209614e-02
  -4.3142084e-02
  -3.4089103e-02
  -2.7991632e-02
  -2.7373164e-02
  -3.6305760e-02
  -3.1070949e-02
  -2.3687245e-02
   0.0000000e+00
  -0.0000000e+00
  -3.7651051e-02
  -3.6291692e-02
  -3.3770129e-02
  -3.0690573e-02
  -2.9299648e-02
  -3.1672254e-02
  -3.7032790e-02
  -4.1924372e-02
  -3.4827345e-02
   0.0000000e+00
  -0.0000000e+00
  -3.9023705e-02
  -3.3240631e-02
   0.0000000e+00
   0.0000000e+00
   0.0000000e+00
  -5.2705403e-02
  -4.9726352e-02
  -3.6733903e-02
  -2.9324723e-02
  -2.6455035e-02
  -2.8263368e-02
  -3.1659808e-02
  -3.5795584e-02
  -3.9288424e-02
  -4.3792821e-02
  -4.6294898e-02
  -4.6022266e-02
  -3.8332034e-02
  -3.1875316e-02
  -2.9152118e-02
  -0.0000000e+00
  -3.6796156e-02
  -2.5839674e-02
   0.0000000e+00
  -0.0000000e+00
  -3.9702088e-02
  -3.6449216e-02
  -3.1890079e-02
  -2.9887639e-02
  -3.1814385e-02
  -3.7683506e-02
  -4.4647824e-02
  -4.8072994e-02
  -3.9213111e-02
   0.0000000e+00
  -0.0000000e+00
  -5.2906919e-02
  -4.4188492e-02
   0.0000000e+00
   0.0000000e+00
  -0.0000000e+00
  -4.8101307e-02
  -4.4116434e-02
  -3.6425512e-02
  -3.1851407e-02
  -3.0337851e-02
  -3.2401867e-02
  -3.6176898e-02
  -3.9931074e-02
  -4.2463887e-02
  -4.4545855e-02
  -4.4748675e-02
  -4.2731158e-02
  -3.5482306e-02
  -2.6041454e-02
  -2.0172779e-02
  -0.0000000e+00
  -3.0017202e-02
   0.0000000e+00
   0.0000000e+00
  -0.0000000e+00
  -3.6837347e-02
  -3.2091297e-02
  -2.8543074e-02
  -3.0292775e-02
  -3.5745397e-02
  -4.2881832e-02
  -4.7938272e-02
  -4.5993894e-02
  -3.0121446e-02
   0.0000000e+00
  -0.0000000e+00
  -5.5825565e-02
  -4.4896444e-02
   0.0000000e+00
   0.0000000e+00
  -0.0000000e+00
  -2.1850503e-02
  -3.0967209e-02
  -2.9672790e-02
  -2.9881774e-02
  -3.1683508e-02
  -3.5944078e-02
  -4.0562805e-02
  -4.3874521e-02
  -4.5282725e-02
  -4.4600848e-02
  -4.1344136e-02
  -3.5959315e-02
  -2.7656255e-02
  -1.5207708e-02
  -6.3373540e-03
  -0.0000000e+00
  -1.5780078e-02
   0.0000000e+00
   0.0000000e+00
  -0.0000000e+00
  -3.3137038e-02
  -3.0325614e-02
  -3.2156549e-02
  -3.7726514e-02
  -4.4129316e-02
  -4.8646208e-02
  -4.8174284e-02
  -3.9462034e-02
  -2.1780198e-02
  -1.2402593e-02
  -0.0000000e+00
  -4.4925814e-02
   0.0000000e+00
   0.0000000e+00
   0.0000000e+00
  -0.0000000e+00
  -1.7107259e-02
  -2.0889752e-02
  -2.3566704e-02
  -2.7021421e-02
  -3.2037884e-02
  -3.7521925e-02
  -4.2008437e-02
  -4.4595547e-02
  -4.4895153e-02
  -4.2341791e-02
  -3.5525586e-02
  -2.6610589e-02
  -1.8809627e-02
  -6.2521826e-03
   2.9336242e-03
  -0.0000000e+00
  -3.2484700e-03
   0.0000000e+00
   0.0000000e+00
  -0.0000000e+00
  -3.1851090e-02
  -3.2732323e-02
  -3.8389042e-02
  -4.5220200e-02
  -5.0143968e-02
  -5.0374791e-02
  -4.4909976e-02
  -3.3238851e-02
  -1.9701669e-02
  -1.6948115e-02
  -2.9059920e-02
  -1.6230953e-02
   0.0000000e+00
   0.0000000e+00
   0.0000000e+00
  -0.0000000e+00
  -1.2844738e-02
  -1.6611528e-02
  -2.1788772e-02
  -2.6975315e-02
  -3.2857951e-02
  -3.7935987e-02
  -4.1499369e-02
  -4.2938445e-02
  -4.1876815e-02
  -3.7917599e-02
  -2.9477172e-02
  -1.7922781e-02
  -7.7767745e-03
  -3.5887495e-04
   5.9998203e-03
  -0.0000000e+00
  -2.0470495e-03
  -1.9165549e-03
  -0.0000000e+00
  -2.7492062e-02
  -2.8822093e-02
  -3.6731431e-02
  -4.4884652e-02
  -5.0256841e-02
  -5.2098867e-02
  -4.8369899e-02
  -4.0140495e-02
  -2.7883567e-02
  -1.3367383e-02
  -1.3553875e-02
  -1.4589323e-02
   2.1373974e-03
   0.0000000e+00
   0.0000000e+00
   0.0000000e+00
  -8.6565356e-03
  -9.0564469e-03
  -1.6265927e-02
  -2.3165393e-02
  -2.9118598e-02
  -3.4840662e-02
  -3.8950558e-02
  -4.1183102e-02
  -4.1060827e-02
  -3.8630459e-02
  -3.3933509e-02
  -2.5586598e-02
  -1.2165530e-02
   4.5891095e-04
   0.0000000e+00
   5.8775468e-03
  -0.0000000e+00
  -7.6390305e-03
  -1.2354915e-02
  -3.3098043e-02
  -2.9859282e-02
  -2.6219436e-02
  -4.6641242e-02
  -5.0550764e-02
  -5.2488474e-02
  -5.0477577e-02
  -4.4053311e-02
  -3.5281490e-02
  -2.4509213e-02
  -8.3783333e-03
  -3.8430337e-03
  -2.1195190e-03
   9.7746965e-03
   0.0000000e+00
   0.0000000e+00
  -0.0000000e+00
  -6.6513783e-03
  -5.9171210e-03
  -1.3938723e-02
  -2.1010309e-02
  -2.7367266e-02
  -3.3699047e-02
  -3.8399591e-02
  -4.0991082e-02
  -4.1138670e-02
  -3.8984942e-02
  -3.4674681e-02
  -2.7075056e-02
  -1.4935800e-02
  -2.5608506e-03
   0.0000000e+00
   1.4295364e-03
  -6.5513149e-03
  -1.2103646e-02
  -2.3824676e-02
  -2.9835075e-02
  -3.2699115e-02
  -3.5719007e-02
  -4.8846879e-02
  -5.1711836e-02
  -5.3558563e-02
  -5.1478533e-02
  -4.5274807e-02
  -3.6923717e-02
  -2.7443659e-02
  -1.1482423e-02
  -2.3876833e-03
  -2.3642692e-03
   1.0371516e-02
   1.1259715e-02
   0.0000000e+00
  -0.0000000e+00
  -4.1136984e-03
  -9.8383864e-03
  -1.4712328e-02
  -1.9013699e-02
  -2.3957374e-02
  -3.0007610e-02
  -3.5512198e-02
  -3.9647136e-02
  -4.1770212e-02
  -4.1420542e-02
  -3.8928144e-02
  -3.3381224e-02
  -2.6884712e-02
  -1.8973749e-02
  -0.0000000e+00
  -2.5450646e-03
  -1.0363642e-02
  -1.3589714e-02
  -1.9767702e-02
  -2.3059996e-02
  -2.9554270e-02
  -3.7543211e-02
  -4.3116830e-02
  -4.9195502e-02
  -5.3367842e-02
  -5.4028604e-02
  -5.0644800e-02
  -4.4542290e-02
  -3.7033930e-02
  -2.5200147e-02
  -1.3398686e-02
  -1.1309999e-02
   4.5739417e-03
   9.3869586e-03
   0.0000000e+00
  -0.0000000e+00
  -9.4343321e-03
  -2.5071595e-02
  -2.5380064e-02
  -2.5027301e-02
  -2.6218001e-02
  -2.9683463e-02
  -3.4176398e-02
  -3.8696971e-02
  -4.2377520e-02
  -4.4083804e-02
  -4.4146966e-02
  -4.2051565e-02
  -4.1405901e-02
  -4.3234595e-02
  -2.8306309e-02
  -1.1281936e-02
  -0.0000000e+00
  -2.1415966e-02
  -2.0308211e-02
  -2.0033995e-02
  -2.4337297e-02
  -3.1548727e-02
  -3.6937837e-02
  -4.4707566e-02
  -5.1044252e-02
  -5.4639235e-02
  -5.4688573e-02
  -5.2585050e-02
  -4.9581710e-02
  -4.4622771e-02
  -3.0098051e-02
  -2.6185463e-02
  -5.5867000e-03
   6.9165542e-03
   0.0000000e+00
  -0.0000000e+00
  -2.6335377e-02
  -4.9832221e-02
  -4.6425439e-02
  -4.2136006e-02
  -3.8812362e-02
  -3.7941169e-02
  -3.9264068e-02
  -4.2088486e-02
  -4.5329247e-02
  -4.8057035e-02
  -5.0376996e-02
  -5.2404262e-02
  -5.5911627e-02
  -6.0336240e-02
  -6.0127918e-02
  -5.6585082e-02
  -4.9297670e-02
  -3.6965169e-02
  -2.9771052e-02
  -2.5987212e-02
  -2.5628528e-02
  -2.8614540e-02
  -3.3157375e-02
  -3.9894659e-02
  -4.7292415e-02
  -5.3427808e-02
  -5.7030879e-02
  -5.9077278e-02
  -6.0571462e-02
  -6.0191445e-02
  -4.3470139e-02
  -3.7824883e-02
  -2.6913834e-02
   0.0000000e+00
  -0.0000000e+00
  -5.2496056e-02
  -5.2221846e-02
  -7.2834641e-02
  -6.8215758e-02
  -6.3307174e-02
  -5.7922754e-02
  -5.3305682e-02
  -5.0558060e-02
  -4.9596198e-02
  -5.0215390e-02
  -5.2040849e-02
  -5.5693891e-02
  -6.0055010e-02
  -6.4912595e-02
  -6.9299445e-02
  -7.5150423e-02
  -7.8278540e-02
  -6.7503557e-02
  -4.6311997e-02
  -3.9633859e-02
  -3.6247067e-02
  -3.3921529e-02
  -3.2916464e-02
  -3.3535823e-02
  -3.6681525e-02
  -4.2703941e-02
  -5.0008651e-02
  -5.6501534e-02
  -6.1715022e-02
  -6.6291720e-02
  -6.8864390e-02
  -6.3443635e-02
  -5.8216612e-02
  -5.5448353e-02
   0.0000000e+00
  -0.0000000e+00
  -7.1378179e-02
  -7.4626625e-02
  -8.1354789e-02
  -7.7535555e-02
  -7.4174047e-02
  -7.0129700e-02
  -6.5148562e-02
  -6.0454510e-02
  -5.6729220e-02
  -5.5053029e-02
  -5.5087317e-02
  -5.7643011e-02
  -6.1328091e-02
  -6.5254755e-02
  -6.8926260e-02
  -7.5031266e-02
  -8.0272377e-02
  -6.6335440e-02
  -4.1027151e-02
  -3.8051780e-02
  -3.9054632e-02
  -4.0096574e-02
  -4.0011626e-02
  -3.9542653e-02
  -3.9023366e-02
  -4.1658822e-02
  -4.7400173e-02
  -5.4312974e-02
  -6.0152661e-02
  -6.4725272e-02
  -6.7051739e-02
  -6.7800090e-02
  -6.5258807e-02
  -7.9265955e-02
  -8.1678063e-02
  -0.0000000e+00
  -7.7311471e-02
  -8.1861675e-02
  -7.2950654e-02
  -7.1154825e-02
  -6.9489464e-02
  -6.7742012e-02
  -6.4707637e-02
  -6.1097678e-02
  -5.7342537e-02
  -5.4461297e-02
  -5.3086556e-02
  -5.3662993e-02
  -5.5079956e-02
  -5.6463826e-02
  -5.8607459e-02
  -6.3331917e-02
  -6.6328429e-02
  -5.1894855e-02
  -2.2761317e-02
  -2.1526124e-02
  -2.8160181e-02
  -3.6731282e-02
  -4.0221013e-02
  -4.2539708e-02
  -4.1505512e-02
  -4.0885177e-02
  -4.2821549e-02
  -4.7239907e-02
  -5.1437963e-02
  -5.4995529e-02
  -5.7898257e-02
  -6.0067471e-02
  -5.6230068e-02
  -7.5819512e-02
  -6.5825031e-02
  -6.5754121e-02
  -6.7419536e-02
  -7.1871474e-02
  -4.6486821e-02
  -4.7171280e-02
  -4.7344998e-02
  -4.7557760e-02
  -4.7194581e-02
  -4.6170127e-02
  -4.4390589e-02
  -4.1830193e-02
  -3.9965793e-02
  -3.8746122e-02
  -3.7802629e-02
  -3.6224525e-02
  -3.5096746e-02
  -3.6084849e-02
  -3.6997192e-02
  -3.1077625e-02
  -5.1908242e-03
   2.7858376e-03
  -5.1647288e-03
  -2.6067650e-02
  -2.9669590e-02
  -3.3047598e-02
  -3.3195179e-02
  -3.1725526e-02
  -3.0979285e-02
  -3.1813368e-02
  -3.2857917e-02
  -3.3828788e-02
  -3.5596378e-02
  -3.8828157e-02
  -3.5614384e-02
  -4.7546931e-02
  -4.3083750e-02
  -4.2707916e-02
  -4.0785220e-02
  -4.4285074e-02
  -1.1822148e-02
  -1.4094806e-02
  -1.6248370e-02
  -1.8126028e-02
  -1.9837478e-02
  -2.1026991e-02
  -2.0851165e-02
  -1.9422030e-02
  -1.7642673e-02
  -1.5529815e-02
  -1.2851039e-02
  -9.7706486e-03
  -7.0988755e-03
  -6.1704116e-03
  -6.7829029e-03
  -9.0909060e-03
   0.0000000e+00
   0.0000000e+00
   0.0000000e+00
  -0.0000000e+00
  -1.8836576e-02
  -1.7510505e-02
  -1.5058649e-02
  -1.1637267e-02
  -1.0692551e-02
  -9.9339560e-03
  -8.7467553e-03
  -7.1573006e-03
  -6.5486394e-03
  -8.9636799e-03
  -1.2606774e-02
  -1.9368431e-02
  -1.9290449e-02
  -1.3518137e-02
  -6.9512865e-03
  -9.4942227e-03
   4.1978445e-02
   3.7922412e-02
   3.3011660e-02
   2.8457660e-02
   2.4352554e-02
   2.1109965e-02
   1.9700002e-02
   1.9686509e-02
   2.0854097e-02
   2.3147039e-02
   2.7363528e-02
   3.1760059e-02
   3.5283543e-02
   3.6751840e-02
   3.5445541e-02
   2.8834954e-02
   1.6712664e-02
   0.0000000e+00
   0.0000000e+00
  -0.0000000e+00
  -2.7945567e-03
   5.6020925e-03
   1.2591197e-02
   2.4569504e-02
   2.7314436e-02
   2.9180374e-02
   3.2510705e-02
   3.7207667e-02
   4.0957682e-02
   4.0442158e-02
   3.3389993e-02
   2.6720090e-02
   2.2614781e-02
   2.4045212e-02
   4.2865291e-02
   4.2547025e-02
   9.2437185e-02
   8.7318577e-02
   8.0026982e-02
   7.3041759e-02
   6.6706553e-02
   6.1913237e-02
   5.8826949e-02
   5.7536136e-02
   5.8246282e-02
   6.0995422e-02
   6.6195428e-02
   7.1571632e-02
   7.5182475e-02
   7.5938120e-02
   7.2741634e-02
   6.3459247e-02
   4.3526993e-02
   4.4753205e-02
   0.0000000e+00
   0.0000000e+00
   1.8170010e-02
   2.9860251e-02
   3.8622644e-02
   5.5206467e-02
   5.9493709e-02
   6.5629058e-02
   7.3098010e-02
   8.1236660e-02
   8.7934628e-02
   8.9450527e-02
   8.4637433e-02
   7.9320922e-02
   6.9095380e-02
   6.6725940e-02
   9.5801018e-02
   9.1209356e-02
   1.4067049e-01
   1.3431513e-01
   1.2639625e-01
   1.1800731e-01
   1.1004167e-01
   1.0437622e-01
   1.0052434e-01
   9.8545894e-02
   9.9134766e-02
   1.0242914e-01
   1.0752302e-01
   1.1185855e-01
   1.1422970e-01
   1.1279786e-01
   1.0703345e-01
   9.5810369e-02
   7.6837055e-02
   6.1245385e-02
   5.5731412e-02
   3.6266007e-02
   4.5819860e-02
   5.9050307e-02
   6.8781212e-02
   8.5362539e-02
   8.7836899e-02
   9.8193601e-02
   1.1046994e-01
   1.2160354e-01
   1.2996742e-01
   1.3439789e-01
   1.3519336e-01
   1.3442877e-01
   1.2604056e-01
   1.1184047e-01
   1.6304046e-01
   1.4168118e-01
   1.4345451e-01
   1.3753814e-01
   1.3192390e-01
   1.2599307e-01
   1.1981115e-01
   1.1513899e-01
   1.1233597e-01
   1.1109605e-01
   1.1208492e-01
   1.1492610e-01
   1.1753102e-01
   1.1806185e-01
   1.1748333e-01
   1.1382021e-01
   1.0756451e-01
   9.8331697e-02
   8.5829124e-02
   7.6044017e-02
   6.9315709e-02
   6.4574666e-02
   6.6633784e-02
   7.2176166e-02
   8.0669008e-02
   9.1491896e-02
   9.6050300e-02
   1.0575724e-01
   1.1623710e-01
   1.2446021e-01
   1.2990046e-01
   1.3370673e-01
   1.3746324e-01
   1.4137273e-01
   1.3619654e-01
   1.2373560e-01
   1.7906149e-01
   1.4936702e-01
   9.5492307e-02
   9.2326749e-02
   9.0845980e-02
   9.0126414e-02
   8.9160543e-02
   8.7817334e-02
   8.7308531e-02
   8.7688540e-02
   8.9002006e-02
   8.9971368e-02
   8.9520667e-02
   8.7601647e-02
   8.4348430e-02
   7.9700252e-02
   7.4604429e-02
   6.9618828e-02
   6.5542623e-02
   6.4290650e-02
   6.5100014e-02
   6.4828284e-02
   6.2767074e-02
   6.1687525e-02
   6.5020658e-02
   7.0162348e-02
   7.5301146e-02
   8.2156499e-02
   8.7439165e-02
   9.0173353e-02
   9.1380123e-02
   9.1831118e-02
   9.3983252e-02
   9.7819779e-02
   9.5645152e-02
   9.5689829e-02
   1.2549959e-01
   1.0114561e-01
   2.8925223e-02
   2.8451066e-02
   3.0114492e-02
   3.2881994e-02
   3.5818897e-02
   3.8210081e-02
   4.0244002e-02
   4.1516084e-02
   4.2643531e-02
   4.2680044e-02
   4.0814970e-02
   3.8143157e-02
   3.4299679e-02
   3.0197097e-02
   2.7628992e-02
   2.7062260e-02
   2.8995590e-02
   3.2806775e-02
   3.6641974e-02
   3.8440190e-02
   3.6544705e-02
   3.3788241e-02
   3.1915739e-02
   3.1679487e-02
   3.2893006e-02
   3.4932148e-02
   3.5754921e-02
   3.4320351e-02
   3.1606000e-02
   2.9462954e-02
   2.9123835e-02
   3.0001163e-02
   3.0651286e-02
   4.0985156e-02
   4.9161375e-02
   3.3508515e-02
  -2.0918246e-02
  -2.0167446e-02
  -1.7559512e-02
  -1.3431770e-02
  -9.0534799e-03
  -5.2620200e-03
  -2.4601126e-03
  -3.7629582e-04
   5.9017353e-04
  -3.7358981e-04
  -2.5584376e-03
  -5.5272281e-03
  -7.9208510e-03
  -9.9826232e-03
  -1.0828471e-02
  -9.3394909e-03
  -5.6006601e-03
  -1.8047504e-04
   4.3625752e-03
   6.7679388e-03
   6.0146214e-03
   4.1529946e-03
   1.2856739e-03
  -1.9122923e-03
  -4.7754175e-03
  -6.9194864e-03
  -9.5558427e-03
  -1.2628983e-02
  -1.5757080e-02
  -1.8515253e-02
  -2.0747036e-02
  -2.1975804e-02
  -1.8939534e-02
  -9.3198474e-03
  -1.5020721e-02
  -2.0622287e-02
  -3.9062817e-02
  -3.8364764e-02
  -3.6249611e-02
  -3.4160208e-02
  -3.1923730e-02
  -2.9637560e-02
  -2.7620701e-02
  -2.6147246e-02
  -2.6252345e-02
  -2.7060408e-02
  -2.7900793e-02
  -2.8754602e-02
  -3.0009819e-02
  -3.0882705e-02
  -3.0432858e-02
  -2.8220924e-02
  -2.4803689e-02
  -2.1242871e-02
  -1.7979572e-02
  -1.5587549e-02
  -1.4721109e-02
  -1.5352858e-02
  -1.7569400e-02
  -2.0352568e-02
  -2.3053939e-02
  -2.5742816e-02
  -2.7744741e-02
  -2.9733114e-02
  -3.2316659e-02
  -3.4448709e-02
  -3.6144100e-02
  -3.6534701e-02
  -3.3890310e-02
  -2.9852923e-02
  -3.7289765e-02
  -3.9259388e-02
  -2.3664375e-02
  -2.3431538e-02
  -2.3474601e-02
  -2.3467488e-02
  -2.3083914e-02
  -2.2681788e-02
  -2.2268809e-02
  -2.2047293e-02
  -2.2017345e-02
  -2.1954852e-02
  -2.1946280e-02
  -2.1873203e-02
  -2.1635550e-02
  -2.1296905e-02
  -2.0679089e-02
  -1.9646359e-02
  -1.8173757e-02
  -1.6503119e-02
  -1.4922564e-02
  -1.3620111e-02
  -1.2838650e-02
  -1.2570500e-02
  -1.2944068e-02
  -1.3809076e-02
  -1.4684837e-02
  -1.5366129e-02
  -1.5944914e-02
  -1.6433174e-02
  -1.7016319e-02
  -1.7652319e-02
  -1.8240461e-02
  -1.8713797e-02
  -1.8577048e-02
  -1.7919139e-02
  -2.0750410e-02
  -2.3273393e-02
