   3.3521238e-03
  -4.8903047e-04
  -2.3595964e-03
  -4.2791180e-03
  -6.2037481e-03
  -7.0359817e-03
  -7.4656026e-03
  -7.9671459e-03
  -7.8545781e-03
  -6.9481504e-03
  -7.8368437e-03
  -7.3697138e-03
  -1.3593289e-02
  -2.2288755e-02
  -0.0000000e+00
  -0.0000000e+00
  -0.0000000e+00
  -0.0000000e+00
  -0.0000000e+00
  -0.0000000e+00
  -0.0000000e+00
  -0.0000000e+00
  -0.0000000e+00
  -0.0000000e+00
  -0.0000000e+00
  -0.0000000e+00
   0.0000000e+00
   0.0000000e+00
   9.1772699e-03
   9.0169315e-03
   1.2972859e-02
   1.3713830e-02
   1.2661386e-02
   1.1080582e-02
   7.9923120e-03
   5.8598734e-03
  -4.3604029e-03
  -7.4937227e-03
  -9.3225269e-03
  -9.2825703e-03
  -9.8004369e-03
  -8.6380756e-03
  -7.1532419e-03
  -5.8905650e-03
  -5.9687621e-03
  -5.3718635e-03
  -4.5404071e-03
  -1.5123798e-04
  -7.1287882e-03
   0.0000000e+00
   0.0000000e+00
   0.0000000e+00
   0.0000000e+00
   0.0000000e+00
   0.0000000e+00
   0.0000000e+00
   0.0000000e+00
   0.0000000e+00
   0.0000000e+00
   0.0000000e+00
   0.0000000e+00
   0.0000000e+00
   0.0000000e+00
   0.0000000e+00
   0.0000000e+00
   0.0000000e+00
   2.4470929e-02
   1.6831828e-02
   1.1074706e-02
   6.0737366e-03
   3.4594547e-03
  -3.7899285e-04
  -1.2329297e-02
  -1.3860872e-02
  -1.3913584e-02
  -1.3351699e-02
  -1.1607596e-02
  -8.1585385e-03
  -6.0302229e-03
  -5.6147310e-03
  -6.5314439e-03
  -7.0513445e-03
  -6.0415817e-03
  -8.7709859e-04
   6.8391389e-03
   0.0000000e+00
   0.0000000e+00
   0.0000000e+00
   0.0000000e+00
   0.0000000e+00
   0.0000000e+00
   0.0000000e+00
   0.0000000e+00
   0.0000000e+00
   0.0000000e+00
   0.0000000e+00
   0.0000000e+00
   0.0000000e+00
   0.0000000e+00
   0.0000000e+00
   0.0000000e+00
   0.0000000e+00
   1.6463986e-02
   4.4435700e-03
  -3.2025282e-03
  -6.9645983e-03
  -8.6064395e-03
  -1.0661595e-02
  -1.5399104e-02
  -1.5343833e-02
  -1.5389513e-02
  -1.4905034e-02
  -1.2995357e-02
  -9.2149954e-03
  -7.4142814e-03
  -7.7814539e-03
  -9.1955923e-03
  -9.8380800e-03
  -7.8868922e-03
  -5.7182030e-04
   1.8085551e-02
   0.0000000e+00
   0.0000000e+00
   0.0000000e+00
   0.0000000e+00
   0.0000000e+00
   0.0000000e+00
   0.0000000e+00
   0.0000000e+00
   0.0000000e+00
   0.0000000e+00
   0.0000000e+00
   0.0000000e+00
   0.0000000e+00
   0.0000000e+00
   0.0000000e+00
   0.0000000e+00
   0.0000000e+00
  -3.1852321e-04
  -6.2605757e-03
  -1.2680120e-02
  -1.5538737e-02
  -1.5595772e-02
  -1.5506812e-02
  -1.4690315e-02
  -1.5161309e-02
  -1.5707560e-02
  -1.5678162e-02
  -1.3542504e-02
  -1.0410935e-02
  -9.0760253e-03
  -9.0016490e-03
  -1.0031883e-02
  -9.6783126e-03
  -6.3782744e-03
   3.4356650e-03
   2.5796337e-02
   1.2702408e-02
   0.0000000e+00
   0.0000000e+00
   0.0000000e+00
   0.0000000e+00
   0.0000000e+00
   0.0000000e+00
   0.0000000e+00
   0.0000000e+00
   0.0000000e+00
   0.0000000e+00
   0.0000000e+00
   0.0000000e+00
   0.0000000e+00
   0.0000000e+00
   0.0000000e+00
  -0.0000000e+00
  -6.4811250e-03
  -1.0098189e-02
  -1.7280241e-02
  -1.8781420e-02
  -1.6193761e-02
  -1.4810189e-02
  -1.2819875e-02
  -1.3397751e-02
  -1.4183876e-02
  -1.4136283e-02
  -1.2012998e-02
  -9.4181357e-03
  -7.8335977e-03
  -7.5416830e-03
  -7.8701582e-03
  -6.0953739e-03
  -6.2965140e-04
   1.1729653e-02
   3.4552420e-02
   2.0879383e-02
   0.0000000e+00
   0.0000000e+00
   0.0000000e+00
   0.0000000e+00
   0.0000000e+00
   0.0000000e+00
   0.0000000e+00
   0.0000000e+00
   0.0000000e+00
   0.0000000e+00
   0.0000000e+00
   0.0000000e+00
   0.0000000e+00
   0.0000000e+00
   0.0000000e+00
  -0.0000000e+00
  -9.1415472e-03
  -1.2313340e-02
  -1.8047449e-02
  -1.7678551e-02
  -1.3864418e-02
  -1.2585743e-02
  -8.4311962e-03
  -8.7325694e-03
  -9.7963074e-03
  -9.8132733e-03
  -8.1922393e-03
  -5.8571538e-03
  -4.3206187e-03
  -3.7767328e-03
  -3.1833970e-03
  -3.0742993e-04
   6.9746776e-03
   2.0382602e-02
   4.0673885e-02
   2.7563440e-02
   0.0000000e+00
   0.0000000e+00
   0.0000000e+00
   0.0000000e+00
   0.0000000e+00
   0.0000000e+00
   0.0000000e+00
   0.0000000e+00
   0.0000000e+00
  -0.0000000e+00
   0.0000000e+00
   0.0000000e+00
   0.0000000e+00
   0.0000000e+00
   0.0000000e+00
  -0.0000000e+00
  -6.6288519e-03
  -1.0006723e-02
  -1.3962380e-02
  -1.2508902e-02
  -9.0876073e-03
  -8.1484588e-03
  -5.5329327e-04
  -1.6250375e-03
  -3.3709866e-03
  -3.7789401e-03
  -3.0516949e-03
  -1.3689578e-03
   2.2166877e-04
   8.0864748e-04
   2.1097730e-03
   6.1213379e-03
   1.4401359e-02
   2.7582005e-02
   4.0615801e-02
   1.8631215e-02
   0.0000000e+00
   0.0000000e+00
   0.0000000e+00
   0.0000000e+00
   0.0000000e+00
   0.0000000e+00
   0.0000000e+00
   0.0000000e+00
   0.0000000e+00
  -1.2093675e-02
  -1.0432076e-05
  -8.6786909e-04
  -3.2952374e-03
   0.0000000e+00
   0.0000000e+00
   0.0000000e+00
  -1.9291308e-03
  -3.8212158e-03
  -4.9523719e-03
  -2.7260270e-03
  -3.0343802e-04
  -1.0052491e-05
   5.9694252e-03
   3.9985264e-03
   1.8336780e-03
   9.0605783e-04
   1.0336977e-03
   2.1573829e-03
   3.5313747e-03
   3.9298940e-03
   5.8049979e-03
   1.0359456e-02
   1.8530112e-02
   3.1701081e-02
   4.4703052e-02
   0.0000000e+00
   0.0000000e+00
   0.0000000e+00
   0.0000000e+00
   0.0000000e+00
   0.0000000e+00
   0.0000000e+00
   0.0000000e+00
   0.0000000e+00
   0.0000000e+00
  -8.6743805e-03
   3.8700728e-03
   2.9814430e-03
   2.7447723e-03
   4.0881988e-03
   0.0000000e+00
   6.1375441e-03
   4.0094871e-03
   4.3196324e-03
   5.3730160e-03
   7.0609003e-03
   8.0423430e-03
   7.2660851e-03
   1.1847735e-02
   9.2327679e-03
   6.6879033e-03
   5.3025186e-03
   4.8815971e-03
   5.3282585e-03
   6.0769175e-03
   6.6065853e-03
   8.9638615e-03
   1.3498197e-02
   2.1199459e-02
   3.6823150e-02
   5.5928838e-02
   0.0000000e+00
   0.0000000e+00
   0.0000000e+00
   0.0000000e+00
   0.0000000e+00
   0.0000000e+00
   0.0000000e+00
   0.0000000e+00
   0.0000000e+00
  -0.0000000e+00
  -2.9516055e-03
   8.1774611e-03
   1.1143781e-02
   1.2410460e-02
   1.4502885e-02
   1.5501632e-02
   1.3873780e-02
   1.3721091e-02
   1.4912633e-02
   1.5696462e-02
   1.6157530e-02
   1.5943609e-02
   1.4082964e-02
   1.4115680e-02
   1.1255695e-02
   8.6307870e-03
   7.2257579e-03
   6.4349831e-03
   6.4478377e-03
   6.9657844e-03
   7.9643009e-03
   1.0624241e-02
   1.5177723e-02
   2.2986179e-02
   3.9035369e-02
   5.1262307e-02
   0.0000000e+00
   0.0000000e+00
   0.0000000e+00
   0.0000000e+00
   0.0000000e+00
   0.0000000e+00
   0.0000000e+00
   0.0000000e+00
   0.0000000e+00
  -0.0000000e+00
   3.6721535e-03
   1.3140676e-02
   1.7206412e-02
   1.9602733e-02
   2.2161199e-02
   2.1466292e-02
   1.9383721e-02
   1.9611575e-02
   1.9823471e-02
   2.0150404e-02
   2.0135770e-02
   1.9291990e-02
   1.6824912e-02
   1.2798866e-02
   9.8333117e-03
   7.5467937e-03
   6.4016511e-03
   5.6164316e-03
   5.8234553e-03
   6.7621418e-03
   8.6840838e-03
   1.2219305e-02
   1.7430691e-02
   2.6125526e-02
   4.0470261e-02
   4.1997631e-02
   0.0000000e+00
   0.0000000e+00
   0.0000000e+00
   0.0000000e+00
   0.0000000e+00
   0.0000000e+00
   0.0000000e+00
   0.0000000e+00
  -0.0000000e+00
   2.0635230e-03
   9.6011143e-03
   1.7661186e-02
   2.1477664e-02
   2.3803050e-02
   2.4795730e-02
   2.2714183e-02
   2.1859888e-02
   2.1166436e-02
   2.0945458e-02
   2.1000549e-02
   2.0587226e-02
   1.8817373e-02
   1.5876468e-02
   7.9877414e-03
   5.7351976e-03
   4.2234333e-03
   3.6248479e-03
   3.3098771e-03
   3.8587686e-03
   5.4082172e-03
   8.6375969e-03
   1.3582611e-02
   2.0348052e-02
   3.0399432e-02
   4.2397350e-02
   3.8090214e-02
   0.0000000e+00
   0.0000000e+00
   0.0000000e+00
   0.0000000e+00
   0.0000000e+00
   0.0000000e+00
   0.0000000e+00
   0.0000000e+00
  -0.0000000e+00
   6.9147902e-03
   1.3634040e-02
   1.9000079e-02
   2.1436585e-02
   2.2656307e-02
   2.2374982e-02
   2.0354051e-02
   1.9082611e-02
   1.7867448e-02
   1.7515864e-02
   1.7222270e-02
   1.6400779e-02
   1.3826273e-02
   1.0844262e-02
   2.9708312e-03
   2.3328001e-03
   2.1730163e-03
   2.2916864e-03
   2.2730269e-03
   2.7905919e-03
   4.7311308e-03
   8.9786593e-03
   1.5162594e-02
   2.3338377e-02
   3.2995004e-02
   4.1213993e-02
   3.4639990e-02
   0.0000000e+00
   0.0000000e+00
   0.0000000e+00
   0.0000000e+00
   0.0000000e+00
   0.0000000e+00
   0.0000000e+00
   0.0000000e+00
   0.0000000e+00
   8.2977330e-03
   1.5570085e-02
   1.7735604e-02
   1.8150803e-02
   1.8057643e-02
   1.7143022e-02
   1.4834378e-02
   1.2755080e-02
   1.1318954e-02
   1.0691630e-02
   1.0033330e-02
   8.8630375e-03
   6.4493348e-03
   4.4200937e-03
  -1.9839439e-03
  -8.9305511e-04
   6.6414976e-04
   2.2371546e-03
   3.4100015e-03
   4.7400054e-03
   7.2108582e-03
   1.1457145e-02
   1.7416839e-02
   2.4484778e-02
   3.0494977e-02
   3.1669430e-02
   2.1049582e-02
   0.0000000e+00
   0.0000000e+00
   0.0000000e+00
   0.0000000e+00
   0.0000000e+00
   0.0000000e+00
   0.0000000e+00
   0.0000000e+00
   0.0000000e+00
   9.7942045e-03
   1.3956212e-02
   1.3606229e-02
   1.2289727e-02
   1.0974859e-02
   9.7970134e-03
   7.3667164e-03
   4.7513791e-03
   3.1517602e-03
   2.1501554e-03
   1.3576092e-03
   2.4725113e-04
  -1.2639203e-03
  -2.0604983e-03
  -9.3168365e-03
  -8.4419399e-03
  -6.7602955e-03
  -4.2421604e-03
  -8.7196095e-04
   2.9975926e-03
   7.2455872e-03
   1.1818680e-02
   1.6894974e-02
   2.2681629e-02
   2.9039999e-02
   1.7949110e-02
   1.2633282e-02
   0.0000000e+00
   0.0000000e+00
   0.0000000e+00
   0.0000000e+00
   0.0000000e+00
   0.0000000e+00
   0.0000000e+00
   0.0000000e+00
   0.0000000e+00
   6.9192955e-03
   8.4033543e-03
   7.4260351e-03
   5.7356781e-03
   4.2510051e-03
   5.7158768e-03
   2.5858674e-03
  -1.0722539e-03
  -3.0805047e-03
  -4.3735746e-03
  -5.6191282e-03
  -7.2619957e-03
  -8.7596523e-03
  -9.3653565e-03
  -1.6080977e-02
  -1.7156772e-02
  -1.7443778e-02
  -1.6418563e-02
  -1.3480101e-02
  -8.7412689e-03
  -2.7607749e-03
   3.0823560e-03
   7.7617415e-03
   1.2773108e-02
   1.3276679e-02
   6.7024778e-03
   5.2827932e-03
   0.0000000e+00
   0.0000000e+00
   0.0000000e+00
   0.0000000e+00
   0.0000000e+00
   0.0000000e+00
   0.0000000e+00
   0.0000000e+00
   5.1675172e-03
   1.9151882e-03
   2.4681389e-03
   1.5817734e-03
  -3.6647700e-04
  -6.3750677e-04
   5.5915008e-03
   2.3850370e-03
  -3.5402512e-03
  -5.8873491e-03
  -7.4923369e-03
  -9.4178431e-03
  -1.1640937e-02
  -1.3547592e-02
  -1.4819317e-02
  -9.1121270e-03
  -1.0836105e-02
  -1.2665966e-02
  -1.4005997e-02
  -1.3996968e-02
  -1.2055914e-02
  -8.7383332e-03
  -5.3753497e-03
  -3.0243603e-03
  -7.3354589e-04
  -2.3900109e-04
   2.5456873e-03
   3.7214833e-03
   0.0000000e+00
   0.0000000e+00
   0.0000000e+00
   0.0000000e+00
   0.0000000e+00
   0.0000000e+00
   0.0000000e+00
  -7.0127862e-03
   6.2584962e-03
   5.2303302e-04
   1.0127680e-03
   5.0731562e-04
  -2.4966695e-03
  -3.8685408e-03
   0.0000000e+00
   0.0000000e+00
  -2.2189605e-03
  -3.6727751e-03
  -3.8763462e-03
  -4.8476508e-03
  -6.0055817e-03
  -6.9463482e-03
  -7.8742299e-03
   8.5744754e-03
   7.0662965e-03
   4.6007833e-03
   1.6362355e-03
  -9.9823333e-04
  -2.4404351e-03
  -3.3364122e-03
  -4.4797160e-03
  -6.0194067e-03
  -7.9650422e-03
  -8.9542678e-03
  -2.9240440e-03
   2.1873887e-03
   0.0000000e+00
   0.0000000e+00
   0.0000000e+00
   0.0000000e+00
   0.0000000e+00
   0.0000000e+00
  -0.0000000e+00
  -1.4248669e-04
   7.2679967e-03
   3.0837814e-03
   3.8002932e-03
   3.6896146e-03
   1.1175171e-05
  -3.8343985e-03
  -1.1196774e-02
  -9.4091791e-03
   1.6649269e-04
   2.4738502e-03
   5.2132256e-03
   6.6660383e-03
   7.6168310e-03
   8.5163591e-03
   8.9054246e-03
   1.2739967e-02
   1.0395858e-02
   6.3157310e-03
   1.1517748e-03
  -3.8303486e-03
  -7.5762663e-03
  -1.0966574e-02
  -1.4739145e-02
  -1.8232847e-02
  -2.0355670e-02
  -1.7509617e-02
  -6.9352858e-03
   5.2066549e-03
   0.0000000e+00
   0.0000000e+00
   0.0000000e+00
   0.0000000e+00
   0.0000000e+00
   0.0000000e+00
  -9.2878807e-03
  -2.7585581e-03
  -1.9975051e-03
  -3.4821942e-03
   1.2018927e-04
   2.5736208e-03
   1.7828682e-03
  -1.8489402e-03
  -6.3535799e-03
  -4.8454286e-03
  -1.7234293e-03
   3.2944856e-03
   7.5681363e-03
   1.0084895e-02
   1.1640858e-02
   1.2774900e-02
   1.3268583e-02
   3.4190619e-03
   2.8358051e-04
  -4.0834108e-03
  -8.8951197e-03
  -1.3337820e-02
  -1.6854890e-02
  -2.0171789e-02
  -2.4135660e-02
  -2.7883293e-02
  -3.0369639e-02
  -2.8660499e-02
  -1.9058700e-02
   0.0000000e+00
   0.0000000e+00
   0.0000000e+00
   0.0000000e+00
   0.0000000e+00
   0.0000000e+00
   0.0000000e+00
  -5.9514409e-03
  -1.0192870e-02
  -1.3263812e-02
  -1.0943636e-02
  -2.0975065e-03
   2.5973858e-03
   5.7599207e-03
   3.4625358e-03
  -5.0384547e-03
  -3.6090636e-03
  -4.6623941e-03
  -1.0173729e-03
   3.5171355e-03
   5.6529753e-03
   6.2139169e-03
   5.8778170e-03
   5.0503490e-03
  -2.5763121e-03
  -4.8454413e-03
  -8.1668571e-03
  -1.1641933e-02
  -1.4940612e-02
  -1.8042864e-02
  -2.1418113e-02
  -2.5881173e-02
  -3.1184636e-02
  -3.6572140e-02
  -3.9733868e-02
  -3.6514428e-02
   0.0000000e+00
   0.0000000e+00
   0.0000000e+00
   0.0000000e+00
   0.0000000e+00
   0.0000000e+00
  -0.0000000e+00
  -3.3241126e-03
  -1.5466700e-02
  -2.2158263e-02
  -1.8502990e-02
  -3.8761810e-03
   5.0594192e-03
  -2.5093970e-04
  -2.0464437e-04
  -5.4582214e-03
  -4.9149347e-03
  -8.3896071e-03
  -7.6386794e-03
  -3.0187096e-03
  -4.7704316e-04
  -6.4084961e-05
  -6.8033847e-04
  -1.4921763e-03
  -3.5416917e-03
  -2.5494068e-03
  -3.3000624e-03
  -5.4313270e-03
  -8.4461039e-03
  -1.1715255e-02
  -1.5657106e-02
  -2.1236947e-02
  -2.8607555e-02
  -3.7607212e-02
  -4.3240670e-02
  -4.4526572e-02
   0.0000000e+00
   0.0000000e+00
   0.0000000e+00
   0.0000000e+00
   0.0000000e+00
   0.0000000e+00
  -0.0000000e+00
  -4.5274161e-03
  -1.5546096e-02
  -2.5205219e-02
  -2.6910190e-02
  -2.5102805e-02
   0.0000000e+00
  -0.0000000e+00
  -9.6480536e-03
   0.0000000e+00
  -1.0170202e-02
  -1.2533175e-02
  -1.3583342e-02
  -9.5230918e-03
  -6.3493433e-03
  -5.2043363e-03
  -5.1127388e-03
  -4.6307319e-03
  -6.4656073e-03
  -2.2268791e-03
   7.4957250e-05
  -4.9751194e-05
  -2.4163153e-03
  -5.7079187e-03
  -9.4976351e-03
  -1.4797658e-02
  -2.2279430e-02
  -3.2708891e-02
  -3.9481413e-02
  -5.1843745e-02
  -7.6217603e-02
   0.0000000e+00
   0.0000000e+00
   0.0000000e+00
   0.0000000e+00
   0.0000000e+00
  -0.0000000e+00
  -1.0898610e-02
  -1.8655224e-02
  -2.5799921e-02
  -2.9715942e-02
  -3.5727002e-02
   0.0000000e+00
  -0.0000000e+00
  -3.6948953e-02
   0.0000000e+00
  -1.1130436e-02
  -1.4578355e-02
  -1.6690828e-02
  -1.3782195e-02
  -1.0806333e-02
  -9.8902239e-03
  -9.9319760e-03
  -9.0270722e-03
  -1.2916098e-02
  -7.3593003e-03
  -2.1089211e-03
   6.6567434e-04
   4.6928987e-04
  -2.1655320e-03
  -5.2735535e-03
  -9.3621323e-03
  -1.5120086e-02
  -2.4544459e-02
  -3.2171875e-02
  -5.2998647e-02
  -5.4630922e-02
   0.0000000e+00
   0.0000000e+00
   0.0000000e+00
   0.0000000e+00
   0.0000000e+00
   0.0000000e+00
  -0.0000000e+00
  -1.6984388e-02
  -2.4911437e-02
  -2.8878387e-02
  -2.6539627e-02
  -1.5007253e-02
  -2.8125952e-02
  -3.7601335e-02
   0.0000000e+00
  -7.6545806e-03
  -1.2964424e-02
  -1.6739991e-02
  -1.5468891e-02
  -1.2935359e-02
  -1.2748929e-02
  -1.3920966e-02
  -1.4571584e-02
  -1.6615842e-02
  -1.3044000e-02
  -6.9974000e-03
  -2.2098911e-03
   2.4335871e-04
  -6.4967829e-04
  -2.8803961e-03
  -5.6482116e-03
  -9.0234149e-03
  -1.5250130e-02
  -2.4989538e-02
  -3.2670356e-02
  -4.2772177e-02
   0.0000000e+00
   0.0000000e+00
   0.0000000e+00
   0.0000000e+00
   0.0000000e+00
   0.0000000e+00
   0.0000000e+00
  -4.2738092e-03
  -1.5725911e-02
  -2.1961216e-02
  -2.2085465e-02
  -1.6367704e-02
  -2.0525359e-02
  -3.1262334e-02
   0.0000000e+00
   0.0000000e+00
  -6.1312378e-03
  -1.2868757e-02
  -1.3427874e-02
  -1.1289761e-02
  -1.1454646e-02
  -1.3672208e-02
  -1.5813503e-02
  -1.5215276e-02
  -1.4230539e-02
  -9.2853494e-03
  -4.1665230e-03
  -5.8927393e-04
   5.2992902e-05
  -1.5343279e-03
  -3.6417590e-03
  -5.7035517e-03
  -8.7727159e-03
  -1.2938551e-02
  -1.7470320e-02
  -3.1135011e-02
   0.0000000e+00
   0.0000000e+00
   0.0000000e+00
   0.0000000e+00
   0.0000000e+00
   0.0000000e+00
   0.0000000e+00
   0.0000000e+00
  -0.0000000e+00
  -1.2279333e-02
  -1.1021580e-02
  -1.1582449e-02
  -1.4384012e-02
  -2.2593492e-02
   0.0000000e+00
   0.0000000e+00
   1.4775193e-03
  -5.5097500e-03
  -7.8450600e-03
  -6.4189737e-03
  -6.9361511e-03
  -9.9690622e-03
  -1.3054454e-02
  -1.0347146e-02
  -1.0971891e-02
  -8.0781989e-03
  -3.9447485e-03
  -1.9224291e-04
   1.1544963e-03
   9.6637195e-05
  -1.5382797e-03
  -3.2464729e-03
  -4.8572319e-03
  -6.6814199e-03
  -1.0660165e-02
  -1.9707516e-02
   0.0000000e+00
   0.0000000e+00
   0.0000000e+00
   0.0000000e+00
   0.0000000e+00
   0.0000000e+00
   0.0000000e+00
   0.0000000e+00
   0.0000000e+00
   0.0000000e+00
   2.5212349e-03
   5.1439228e-04
  -5.6903502e-03
  -8.9107597e-03
  -6.3104962e-03
   0.0000000e+00
   8.0637219e-03
   6.5521672e-03
   5.4327161e-03
   4.9428707e-03
   2.4580075e-03
  -2.3418171e-03
  -7.1991952e-03
  -4.9103792e-03
  -6.2436624e-03
  -4.0050642e-03
  -9.9680154e-04
   2.1120177e-03
   3.4423813e-03
   2.5545831e-03
   1.0258595e-03
  -5.1140255e-04
  -1.8847954e-03
  -3.9826534e-03
  -6.5075067e-03
  -1.2909857e-02
   0.0000000e+00
   0.0000000e+00
   0.0000000e+00
   0.0000000e+00
   0.0000000e+00
   0.0000000e+00
   0.0000000e+00
   0.0000000e+00
   0.0000000e+00
   0.0000000e+00
   0.0000000e+00
   5.9603983e-03
  -7.5239275e-04
  -1.9160209e-03
  -2.8710069e-03
   0.0000000e+00
   7.3239021e-03
   1.0007082e-02
   1.7414844e-02
   1.8534714e-02
   1.3739803e-02
   6.3517648e-03
  -5.3555495e-04
   2.7544792e-03
   5.4314139e-04
   3.2272567e-03
   6.4290655e-03
   8.4603177e-03
   8.8992445e-03
   7.7904025e-03
   6.1028772e-03
   4.7801654e-03
   3.7245024e-03
   1.1037929e-03
   3.7926284e-04
  -2.5907776e-03
   0.0000000e+00
   0.0000000e+00
   0.0000000e+00
   0.0000000e+00
   0.0000000e+00
   0.0000000e+00
   0.0000000e+00
   0.0000000e+00
   0.0000000e+00
   0.0000000e+00
   0.0000000e+00
   0.0000000e+00
  -6.4595508e-05
   3.4845988e-04
   0.0000000e+00
   0.0000000e+00
   0.0000000e+00
   9.5274121e-03
   2.2567865e-02
   3.0776475e-02
   2.7279710e-02
   1.7548442e-02
   8.9256288e-03
   9.4043976e-03
   6.4919903e-03
   9.2902027e-03
   1.3303375e-02
   1.5647853e-02
   1.5101763e-02
   1.3507005e-02
   1.1443121e-02
   1.0412944e-02
   1.0048481e-02
   8.3285602e-03
   7.1440246e-03
   9.6174414e-03
   9.2239893e-03
   0.0000000e+00
   0.0000000e+00
   0.0000000e+00
  -0.0000000e+00
   0.0000000e+00
   0.0000000e+00
   0.0000000e+00
   0.0000000e+00
   0.0000000e+00
   0.0000000e+00
   0.0000000e+00
   0.0000000e+00
   0.0000000e+00
   0.0000000e+00
   0.0000000e+00
   0.0000000e+00
   0.0000000e+00
   1.9899955e-02
   3.0880161e-02
   3.3411901e-02
   2.5435712e-02
   1.6744338e-02
   1.3225580e-02
   9.6075961e-03
   1.1912208e-02
   1.5705045e-02
   1.8949497e-02
   1.8587019e-02
   1.6643461e-02
   1.4015204e-02
   1.2985406e-02
   1.3555601e-02
   1.4596164e-02
   1.0190644e-02
   1.3385578e-02
   1.3041437e-02
   0.0000000e+00
   0.0000000e+00
   0.0000000e+00
  -0.0000000e+00
  -0.0000000e+00
   0.0000000e+00
   0.0000000e+00
   0.0000000e+00
   0.0000000e+00
   0.0000000e+00
   0.0000000e+00
   0.0000000e+00
   0.0000000e+00
   0.0000000e+00
   0.0000000e+00
   0.0000000e+00
   0.0000000e+00
   0.0000000e+00
   2.3303712e-02
   3.1893987e-02
   2.8615346e-02
   2.0591265e-02
   1.3358386e-02
   1.0122960e-02
   1.1234047e-02
   1.3654768e-02
   1.6499324e-02
   1.7218278e-02
   1.5225708e-02
   1.2612947e-02
   1.1308331e-02
   1.2087261e-02
   1.4951070e-02
   1.4261047e-02
   1.4990836e-02
   1.7955511e-02
   1.5716997e-02
   7.9329726e-03
   0.0000000e+00
   0.0000000e+00
  -0.0000000e+00
   0.0000000e+00
   0.0000000e+00
   0.0000000e+00
   0.0000000e+00
   0.0000000e+00
   0.0000000e+00
  -0.0000000e+00
  -0.0000000e+00
  -0.0000000e+00
   0.0000000e+00
   0.0000000e+00
   0.0000000e+00
  -0.0000000e+00
   5.4278163e-03
   1.9360509e-02
   2.2525247e-02
   1.8234403e-02
   9.4291754e-03
   8.4606186e-03
   8.2285712e-03
   8.9771440e-03
   1.1138403e-02
   1.1906100e-02
   1.0277720e-02
   8.1600305e-03
   7.5814286e-03
   8.6563211e-03
   1.2199001e-02
   1.2309362e-02
   1.1513938e-02
   1.7023079e-02
   1.9632364e-02
   1.9050608e-02
   1.4048327e-02
   0.0000000e+00
   0.0000000e+00
   0.0000000e+00
   0.0000000e+00
   0.0000000e+00
   0.0000000e+00
   0.0000000e+00
   0.0000000e+00
  -0.0000000e+00
  -6.6769977e-03
  -1.0810610e-02
  -1.2977286e-02
  -1.5967665e-02
  -1.9640011e-02
  -1.6764380e-02
  -6.9287163e-03
   3.5766021e-03
   9.9343900e-03
   1.0491019e-02
   1.7251160e-03
   2.5929844e-03
   3.4656826e-03
   3.4805306e-03
   4.6490040e-03
   5.1788826e-03
   4.7602006e-03
   4.4598621e-03
   4.2416262e-03
   5.5232234e-03
   1.0259979e-02
   1.0192374e-02
   1.1625054e-02
   1.7396951e-02
   2.0737344e-02
   2.2684027e-02
   2.1239585e-02
   0.0000000e+00
   0.0000000e+00
   0.0000000e+00
   0.0000000e+00
   0.0000000e+00
   0.0000000e+00
   0.0000000e+00
   0.0000000e+00
   0.0000000e+00
  -9.9448081e-03
  -5.9343819e-03
  -1.1110807e-02
  -1.4542218e-02
  -1.6238788e-02
  -1.4750920e-02
  -1.0819064e-02
  -5.8916886e-03
  -2.2010156e-03
   2.9520300e-04
  -4.5640443e-03
  -2.4470215e-03
  -1.1455572e-03
  -2.6179001e-04
   7.7888540e-04
   1.6859801e-03
   2.6215442e-03
   3.0321891e-03
   4.8585854e-03
   6.6875479e-03
   9.1280023e-03
   1.2165889e-02
   1.4393497e-02
   1.7052052e-02
   2.0706914e-02
   2.4201451e-02
   1.4689464e-02
   0.0000000e+00
   0.0000000e+00
   0.0000000e+00
   0.0000000e+00
   0.0000000e+00
   0.0000000e+00
   0.0000000e+00
  -0.0000000e+00
  -0.0000000e+00
  -1.1192957e-02
  -8.9437387e-03
  -9.1637233e-03
  -1.1593310e-02
  -1.1915819e-02
  -1.1880524e-02
  -1.1384813e-02
  -9.7243068e-03
  -8.2717254e-03
  -6.2104596e-03
