-START-OF-DATA-
1759.5 0.00080589
1769.5 0.00080589
1779.5 0.00080589
1789.5 0.00080589
1799.5 0.00080589
1809.5 0.00080589
1819.5 0.00080589
1829.5 0.00080589
1839.5 0.00080589
1849.5 0.00080589
1859.5 0.00080589
1869.5 0.00080589
1879.5 0.00080589
1889.5 0.00080589
1899.5 0.00080589
1909.5 0.00080589
1919.5 0.00080589
1929.5 0.00080589
1939.5 0.00080589
1949.5 0.000858
2049.5 0.000875
2149.5 0.000904
2249.5 0.000945
2349.5 0.000994
2449.5 0.001049
2549.5 0.001119
2649.5 0.001212
2749.5 0.001331
2849.5 0.001481
2949.5 0.00167
3049.5 0.001899
3149.5 0.002171
3249.5 0.002487
3349.5 0.002847
3449.5 0.003247
3549.5 0.003624
3649.5 0.004029
3749.5 0.004435
3849.5 0.004783
3949.5 0.005102
4049.5 0.005363
4149.5 0.005595
4249.5 0.005769
4349.5 0.005885
4449.5 0.006001
4549.5 0.006059
4649.5 0.006117
4749.5 0.006146
4849.5 0.006175
4949.5 0.006175
5049.5 0.006175
5149.5 0.006146
5249.5 0.006146
5349.5 0.006117
5449.5 0.006088
5549.5 0.006088
5649.5 0.006059
5749.5 0.00603
5849.5 0.006001
5949.5 0.005972
6049.5 0.005943
6149.5 0.005914
6249.5 0.005885
6349.5 0.005856
6449.5 0.005827
6549.5 0.005827
6649.5 0.005798
6749.5 0.005769
6849.5 0.00574
6949.5 0.005711
7049.5 0.005682
7149.5 0.005682
7249.5 0.005653
7349.5 0.005624
7449.5 0.005595
7549.5 0.005566
7649.5 0.005566
7749.5 0.005537
7849.5 0.005508
7949.5 0.005508
8049.5 0.005479
8149.5 0.00545
8249.5 0.005421
8349.5 0.005421
8449.5 0.005392
8549.5 0.005363
8649.5 0.005363
8749.5 0.005334
8849.5 0.005305
8949.5 0.005305
9049.5 0.005276
9149.5 0.005247
9249.5 0.005247
9349.5 0.005218
9449.5 0.005189
9549.5 0.005189
9649.5 0.00516
9749.5 0.00516
9849.5 0.005131
9949.5 0.005102
10049.5 0.005102
10149.5 0.005073
10249.5 0.005073
10349.5 0.005044
10449.5 0.005015
10549.5 0.005015
10649.5 0.004986
10749.5 0.004986
10849.5 0.004957
10949.5 0.004957
11049.5 0.004928
11149.5 0.004899
11249.5 0.004899
11349.5 0.00487
11449.5 0.00487
11549.5 0.004841
11649.5 0.004841
11749.5 0.004812
11849.5 0.004812
11949.5 0.004783
12049.5 0.004783
12149.5 0.004754
12249.5 0.004754
12349.5 0.004725
12449.5 0.004725
12549.5 0.004696
12649.5 0.004696
12749.5 0.004667
12849.5 0.004667
12949.5 0.004638
13049.5 0.004638
13149.5 0.004609
13249.5 0.004609
13349.5 0.00458
13449.5 0.00458
13549.5 0.004551
13649.5 0.004551
13749.5 0.004551
13849.5 0.004522
13949.5 0.004522
14049.5 0.004493
14149.5 0.004493
14249.5 0.004464
14349.5 0.004464
14449.5 0.004435
14549.5 0.004435
14649.5 0.004435
14749.5 0.004406
14849.5 0.004406
14949.5 0.004377
15049.5 0.004377
15149.5 0.004348
15249.5 0.004348
15349.5 0.004348
15449.5 0.004319
15549.5 0.004319
15649.5 0.00429
15749.5 0.00429
15849.5 0.00429
15949.5 0.004261
16049.5 0.004261
16149.5 0.004232
16249.5 0.004232
16349.5 0.004232
16449.5 0.004203
16549.5 0.004203
16649.5 0.004203
16749.5 0.004174
16849.5 0.004174
16949.5 0.004145
17049.5 0.004145
17149.5 0.004145
17249.5 0.004116
17349.5 0.004116
17449.5 0.004116
17549.5 0.004087
17649.5 0.004087
17749.5 0.004058
17849.5 0.004058
17949.5 0.004058
18049.5 0.004029
18149.5 0.004029
18249.5 0.004029
18349.5 0.004
18449.5 0.004
18549.5 0.004
18649.5 0.003971
18749.5 0.003971
18849.5 0.003971
18949.5 0.003942
19049.5 0.003942
19149.5 0.003942
19249.5 0.003913
19349.5 0.003913
19449.5 0.003913
19549.5 0.003885
19649.5 0.003885
19749.5 0.003885
19849.5 0.003856
19949.5 0.003856
20049.5 0.003856
20149.5 0.003856
20249.5 0.003827
20349.5 0.003827
20449.5 0.003827
20549.5 0.003798
20649.5 0.003798
20749.5 0.003798
20849.5 0.003769
20949.5 0.003769
21049.5 0.003769
21149.5 0.003769
21249.5 0.00374
21349.5 0.00374
21449.5 0.00374
21549.5 0.003711
21649.5 0.003711
21749.5 0.003711
21849.5 0.003711
21949.5 0.003682
22049.5 0.003682
22149.5 0.003682
22249.5 0.003682
22349.5 0.003653
22449.5 0.003653
22549.5 0.003653
22649.5 0.003624
22749.5 0.003624
22849.5 0.003624
22949.5 0.003624
23049.5 0.003595
23149.5 0.003595
23249.5 0.003595
23349.5 0.003595
23449.5 0.003566
23549.5 0.003566
23649.5 0.003566
23749.5 0.003566
23849.5 0.003537
23949.5 0.003537
24049.5 0.003537
24149.5 0.003537
24249.5 0.003537
24349.5 0.003508
24449.5 0.003508
24549.5 0.003508
24649.5 0.003508
24749.5 0.003479
24849.5 0.003479
24949.5 0.003479
25049.5 0.003479
25149.5 0.00345
25249.5 0.00345
25349.5 0.00345
25449.5 0.00345
25549.5 0.00345
25649.5 0.003421
25749.5 0.003421
25849.5 0.003421
25949.5 0.003421
26049.5 0.003421
26149.5 0.003392
26249.5 0.003392
26349.5 0.003392
26449.5 0.003392
26549.5 0.003392
26649.5 0.003363
26749.5 0.003363
26849.5 0.003363
26949.5 0.003363
27049.5 0.003363
27149.5 0.003334
27249.5 0.003334
27349.5 0.003334
27449.5 0.003334
27549.5 0.003334
27649.5 0.003305
27749.5 0.003305
27849.5 0.003305
27949.5 0.003305
28049.5 0.003305
28149.5 0.003305
28249.5 0.003276
28349.5 0.003276
28449.5 0.003276
28549.5 0.003276
28649.5 0.003276
28749.5 0.003247
28849.5 0.003247
28949.5 0.003247
29049.5 0.003247
29149.5 0.003247
29249.5 0.003247
29349.5 0.003218
29449.5 0.003218
29549.5 0.003218
29649.5 0.003218
29749.5 0.003218
29849.5 0.003218
29949.5 0.003218
30049.5 0.003189
30149.5 0.003189
30249.5 0.003189
30349.5 0.003189
30449.5 0.003189
30549.5 0.003189
30649.5 0.00316
30749.5 0.00316
30849.5 0.00316
30949.5 0.00316
31049.5 0.00316
31149.5 0.00316
31249.5 0.00316
31349.5 0.003131
31449.5 0.003131
31549.5 0.003131
31649.5 0.003131
31749.5 0.003131
31849.5 0.003131
31949.5 0.003131
32049.5 0.003102
32149.5 0.003102
32249.5 0.003102
32349.5 0.003102
32449.5 0.003102
32549.5 0.003102
32649.5 0.003102
32749.5 0.003102
32849.5 0.003073
32949.5 0.003073
33049.5 0.003073
33149.5 0.003073
33249.5 0.003073
33349.5 0.003073
33449.5 0.003073
33549.5 0.003073
33649.5 0.003044
33749.5 0.003044
33849.5 0.003044
33949.5 0.003044
34049.5 0.003044
34149.5 0.003044
34249.5 0.003044
34349.5 0.003044
34449.5 0.003015
34549.5 0.003015
34649.5 0.003015
34749.5 0.003015
34849.5 0.003015
34949.5 0.003015
35049.5 0.003015
35149.5 0.003015
35249.5 0.003015
35349.5 0.002986
35449.5 0.002986
35549.5 0.002986
35649.5 0.002986
35749.5 0.002986
35849.5 0.002986
35949.5 0.002986
36049.5 0.002986
36149.5 0.002986
36249.5 0.002957
36349.5 0.002957
36449.5 0.002957
36549.5 0.002957
36649.5 0.002957
36749.5 0.002957
36849.5 0.002957
36949.5 0.002957
37049.5 0.002957
37149.5 0.002957
37249.5 0.002928
37349.5 0.002928
37449.5 0.002928
37549.5 0.002928
37649.5 0.002928
37749.5 0.002928
37849.5 0.002928
37949.5 0.002928
38049.5 0.002928
38149.5 0.002928
38249.5 0.002899
38349.5 0.002899
38449.5 0.002899
38549.5 0.002899
38649.5 0.002899
38749.5 0.002899
38849.5 0.002896
38949.5 0.002893
39049.5 0.00289
39149.5 0.002887
39249.5 0.002887
39349.5 0.002884
39449.5 0.002881
39549.5 0.002879
39649.5 0.002876
39749.5 0.002873
39849.5 0.00287
39949.5 0.002867
40049.5 0.002867
40149.5 0.002864
40249.5 0.002861
40349.5 0.002858
40449.5 0.002855
40549.5 0.002853
40649.5 0.002853
40749.5 0.00285
40849.5 0.002847
40949.5 0.002844
41049.5 0.002841
41149.5 0.002841
41249.5 0.002838
41349.5 0.002835
41449.5 0.002832
41549.5 0.002832
41649.5 0.002829
41749.5 0.002826
41849.5 0.002824
41949.5 0.002821
42049.5 0.002821
42149.5 0.002818
42249.5 0.002815
42349.5 0.002812
42449.5 0.002812
42549.5 0.002809
42649.5 0.002806
42749.5 0.002806
42849.5 0.002803
42949.5 0.0028
43049.5 0.002797
43149.5 0.002797
43249.5 0.002795
43349.5 0.002792
43449.5 0.002792
43549.5 0.002789
43649.5 0.002786
43749.5 0.002786
43849.5 0.002783
43949.5 0.00278
44049.5 0.00278
44149.5 0.002777
44249.5 0.002774
44349.5 0.002774
44449.5 0.002771
44549.5 0.002768
44649.5 0.002768
44749.5 0.002766
44849.5 0.002763
44949.5 0.002763
45049.5 0.00276
45149.5 0.002757
45249.5 0.002757
45349.5 0.002754
45449.5 0.002754
45549.5 0.002751
45649.5 0.002748
45749.5 0.002748
45849.5 0.002745
45949.5 0.002742
46049.5 0.002742
46149.5 0.002739
46249.5 0.002739
46349.5 0.002737
46449.5 0.002737
46549.5 0.002734
46649.5 0.002731
46749.5 0.002731
46849.5 0.002728
46949.5 0.002728
47049.5 0.002725
47149.5 0.002722
47249.5 0.002722
47349.5 0.002719
47449.5 0.002719
47549.5 0.002716
47649.5 0.002716
47749.5 0.002713
47849.5 0.00271
47949.5 0.00271
48049.5 0.002708
48149.5 0.002708
48249.5 0.002705
48349.5 0.002705
48449.5 0.002702
48549.5 0.002702
48649.5 0.002699
48749.5 0.002699
48849.5 0.002696
48949.5 0.002693
49049.5 0.002693
49149.5 0.00269
49249.5 0.00269
49349.5 0.002687
49449.5 0.002687
49549.5 0.002684
49649.5 0.002684
49749.5 0.002681
49849.5 0.002681
49949.5 0.002679
50049.5 0.002679
50149.5 0.002676
50249.5 0.002676
50349.5 0.002673
50449.5 0.002673
50549.5 0.00267
50649.5 0.002667
50749.5 0.002667
50849.5 0.002664
50949.5 0.002664
51049.5 0.002661
51149.5 0.002661
51249.5 0.002658
51349.5 0.002658
51449.5 0.002655
51549.5 0.002655
51649.5 0.002652
51749.5 0.002652
51849.5 0.00265
51949.5 0.00265
52049.5 0.002647
52149.5 0.002647
52249.5 0.002644
52349.5 0.002644
52449.5 0.002641
52549.5 0.002641
52649.5 0.002638
52749.5 0.002638
52849.5 0.002635
52949.5 0.002635
53049.5 0.002632
53149.5 0.002632
53249.5 0.002629
53349.5 0.002629
53449.5 0.002626
53549.5 0.002626
53649.5 0.002623
53749.5 0.002623
53849.5 0.002621
53949.5 0.002621
54049.5 0.002618
54149.5 0.002618
54249.5 0.002615
54349.5 0.002615
54449.5 0.002612
54549.5 0.002612
54649.5 0.002609
54749.5 0.002609
54849.5 0.002609
54949.5 0.002606
55049.5 0.002606
55149.5 0.002603
55249.5 0.002603
55349.5 0.0026
55449.5 0.0026
55549.5 0.002597
55649.5 0.002597
55749.5 0.002595
55849.5 0.002595
55949.5 0.002592
56049.5 0.002592
56149.5 0.002589
56249.5 0.002589
56349.5 0.002586
56449.5 0.002586
56549.5 0.002583
56649.5 0.002583
56749.5 0.00258
56849.5 0.00258
56949.5 0.00258
57049.5 0.002577
57149.5 0.002577
57249.5 0.002574
57349.5 0.002574
57449.5 0.002571
57549.5 0.002571
57649.5 0.002568
57749.5 0.002568
57849.5 0.002566
57949.5 0.002566
58049.5 0.002563
58149.5 0.002563
58249.5 0.00256
58349.5 0.00256
58449.5 0.00256
58549.5 0.002557
58649.5 0.002557
58749.5 0.002554
58849.5 0.002554
58949.5 0.002551
59049.5 0.002551
59149.5 0.002548
59249.5 0.002548
59349.5 0.002545
59449.5 0.002545
59549.5 0.002545
59649.5 0.002542
59749.5 0.002542
59849.5 0.002539
59949.5 0.002539
60049.5 0.002537
60149.5 0.002537
60249.5 0.002534
60349.5 0.002534
60449.5 0.002531
60549.5 0.002531
60649.5 0.002531
60749.5 0.002528
60849.5 0.002528
60949.5 0.002525
61049.5 0.002525
61149.5 0.002522
61249.5 0.002522
61349.5 0.002519
61449.5 0.002519
61549.5 0.002519
61649.5 0.002516
61749.5 0.002516
61849.5 0.002513
61949.5 0.002513
62049.5 0.00251
62149.5 0.00251
62249.5 0.002508
62349.5 0.002508
62449.5 0.002508
62549.5 0.002505
62649.5 0.002505
62749.5 0.002502
62849.5 0.002502
62949.5 0.002499
63049.5 0.002499
63149.5 0.002499
63249.5 0.002496
63349.5 0.002496
63449.5 0.002493
63549.5 0.002493
63649.5 0.00249
63749.5 0.00249
63849.5 0.00249
63949.5 0.002487
64049.5 0.002487
64149.5 0.002484
64249.5 0.002484
64349.5 0.002481
64449.5 0.002481
64549.5 0.002481
64649.5 0.002479
64749.5 0.002479
64849.5 0.002476
64949.5 0.002476
65049.5 0.002473
65149.5 0.002473
65249.5 0.002473
65349.5 0.00247
65449.5 0.00247
65549.5 0.002467
65649.5 0.002467
65749.5 0.002464
65849.5 0.002464
65949.5 0.002464
66049.5 0.002461
66149.5 0.002461
66249.5 0.002458
66349.5 0.002458
66449.5 0.002455
66549.5 0.002455
66649.5 0.002455
66749.5 0.002452
66849.5 0.002452
66949.5 0.00245
67049.5 0.00245
67149.5 0.00245
67249.5 0.002447
67349.5 0.002447
67449.5 0.002444
67549.5 0.002444
67649.5 0.002444
67749.5 0.002441
67849.5 0.002441
67949.5 0.002438
68049.5 0.002438
68149.5 0.002435
68249.5 0.002435
68349.5 0.002435
68449.5 0.002432
68549.5 0.002432
68649.5 0.002429
68749.5 0.002429
68849.5 0.002429
68949.5 0.002426
69049.5 0.002426
69149.5 0.002423
69249.5 0.002423
69349.5 0.002423
69449.5 0.002421
69549.5 0.002421
69649.5 0.002418
69749.5 0.002418
69849.5 0.002418
69949.5 0.002415
70049.5 0.002415
70149.5 0.002412
70249.5 0.002412
70349.5 0.002412
70449.5 0.002409
70549.5 0.002409
70649.5 0.002409
70749.5 0.002406
70849.5 0.002406
70949.5 0.002403
71049.5 0.002403
71149.5 0.002403
71249.5 0.0024
71349.5 0.0024
71449.5 0.002397
71549.5 0.002397
71649.5 0.002397
71749.5 0.002394
71849.5 0.002394
71949.5 0.002392
72049.5 0.002392
72149.5 0.002392
72249.5 0.002389
72349.5 0.002389
72449.5 0.002389
72549.5 0.002386
72649.5 0.002386
72749.5 0.002383
72849.5 0.002383
72949.5 0.002383
73049.5 0.00238
73149.5 0.00238
73249.5 0.002377
73349.5 0.002377
73449.5 0.002377
73549.5 0.002374
73649.5 0.002374
73749.5 0.002374
73849.5 0.002371
73949.5 0.002371
74049.5 0.002368
74149.5 0.002368
74249.5 0.002368
74349.5 0.002365
74449.5 0.002365
74549.5 0.002365
74649.5 0.002363
74749.5 0.002363
74849.5 0.00236
74949.5 0.00236
75049.5 0.00236
75149.5 0.002357
75249.5 0.002357
75349.5 0.002357
75449.5 0.002354
75549.5 0.002354
75649.5 0.002354
75749.5 0.002351
75849.5 0.002351
75949.5 0.002348
76049.5 0.002348
76149.5 0.002348
76249.5 0.002345
76349.5 0.002345
76449.5 0.002345
76549.5 0.002342
76649.5 0.002342
76749.5 0.002339
76849.5 0.002339
76949.5 0.002339
77049.5 0.002337
77149.5 0.002337
77249.5 0.002337
77349.5 0.002334
77449.5 0.002334
77549.5 0.002334
77649.5 0.002331
77749.5 0.002331
77849.5 0.002328
77949.5 0.002328
78049.5 0.002328
78149.5 0.002325
78249.5 0.002325
78349.5 0.002325
78449.5 0.002322
78549.5 0.002322
78649.5 0.002319
78749.5 0.002319
78849.5 0.002319
78949.5 0.002316
79049.5 0.002316
79149.5 0.002313
79249.5 0.002313
79349.5 0.002313
79449.5 0.00231
79549.5 0.00231
79649.5 0.002308
79749.5 0.002308
79849.5 0.002308
79949.5 0.002305
80049.5 0.002305
80149.5 0.002305
80249.5 0.002302
80349.5 0.002302
80449.5 0.002299
80549.5 0.002299
80649.5 0.002299
80749.5 0.002296
80849.5 0.002296
80949.5 0.002296
81049.5 0.002293
81149.5 0.002293
81249.5 0.00229
81349.5 0.00229
81449.5 0.00229
81549.5 0.002287
81649.5 0.002287
81749.5 0.002287
81849.5 0.002284
81949.5 0.002284
82049.5 0.002284
82149.5 0.002281
82249.5 0.002281
82349.5 0.002279
82449.5 0.002279
82549.5 0.002279
82649.5 0.002276
82749.5 0.002276
82849.5 0.002276
82949.5 0.002273
83049.5 0.002273
83149.5 0.002273
83249.5 0.00227
83349.5 0.00227
83449.5 0.00227
83549.5 0.002267
83649.5 0.002267
83749.5 0.002267
83849.5 0.002264
83949.5 0.002264
84049.5 0.002264
84149.5 0.002261
84249.5 0.002261
84349.5 0.002261
84449.5 0.002258
84549.5 0.002258
84649.5 0.002258
84749.5 0.002255
84849.5 0.002255
84949.5 0.002255
85049.5 0.002252
85149.5 0.002252
85249.5 0.002252
85349.5 0.00225
85449.5 0.00225
85549.5 0.00225
85649.5 0.002247
85749.5 0.002247
85849.5 0.002247
85949.5 0.002244
86049.5 0.002244
86149.5 0.002244
86249.5 0.002241
86349.5 0.002241
86449.5 0.002241
86549.5 0.002241
86649.5 0.002238
86749.5 0.002238
86849.5 0.002238
86949.5 0.002235
87049.5 0.002235
87149.5 0.002235
87249.5 0.002232
87349.5 0.002232
87449.5 0.002232
87549.5 0.002229
87649.5 0.002229
87749.5 0.002229
87849.5 0.002226
87949.5 0.002226
88049.5 0.002226
88149.5 0.002226
88249.5 0.002223
88349.5 0.002223
88449.5 0.002223
88549.5 0.002221
88649.5 0.002221
88749.5 0.002221
88849.5 0.002221
88949.5 0.002218
89049.5 0.002218
89149.5 0.002218
89249.5 0.002215
89349.5 0.002215
89449.5 0.002215
89549.5 0.002212
89649.5 0.002212
89749.5 0.002212
89849.5 0.002212
89949.5 0.002209
90049.5 0.002209
90149.5 0.002209
90249.5 0.002206
90349.5 0.002206
90449.5 0.002206
90549.5 0.002206
90649.5 0.002203
90749.5 0.002203
90849.5 0.002203
90949.5 0.0022
91049.5 0.0022
91149.5 0.0022
91249.5 0.0022
91349.5 0.002197
91449.5 0.002197
91549.5 0.002197
91649.5 0.002194
91749.5 0.002194
91849.5 0.002194
91949.5 0.002192
92049.5 0.002192
92149.5 0.002192
92249.5 0.002192
92349.5 0.002189
92449.5 0.002189
92549.5 0.002189
92649.5 0.002186
92749.5 0.002186
92849.5 0.002186
92949.5 0.002186
93049.5 0.002183
93149.5 0.002183
93249.5 0.002183
93349.5 0.00218
93449.5 0.00218
93549.5 0.00218
93649.5 0.00218
93749.5 0.002177
93849.5 0.002177
93949.5 0.002177
94049.5 0.002174
94149.5 0.002174
94249.5 0.002174
94349.5 0.002174
94449.5 0.002171
94549.5 0.002171
94649.5 0.002171
94749.5 0.002168
94849.5 0.002168
94949.5 0.002168
95049.5 0.002165
95149.5 0.002165
95249.5 0.002165
95349.5 0.002165
95449.5 0.002163
95549.5 0.002163
95649.5 0.002163
95749.5 0.00216
95849.5 0.00216
95949.5 0.00216
96049.5 0.002157
96149.5 0.002157
96249.5 0.002157
96349.5 0.002157
96449.5 0.002154
96549.5 0.002154
96649.5 0.002154
96749.5 0.002151
96849.5 0.002151
96949.5 0.002151
97049.5 0.002151
97149.5 0.002148
97249.5 0.002148
97349.5 0.002148
97449.5 0.002145
97549.5 0.002145
97649.5 0.002145
97749.5 0.002145
97849.5 0.002142
97949.5 0.002142
98049.5 0.002142
98149.5 0.002139
98249.5 0.002139
98349.5 0.002139
98449.5 0.002139
98549.5 0.002136
98649.5 0.002136
98749.5 0.002136
98849.5 0.002134
98949.5 0.002134
99049.5 0.002134
99149.5 0.002134
99249.5 0.002131
99349.5 0.002131
99449.5 0.002131
99549.5 0.002128
99649.5 0.002128
99749.5 0.002128
99849.5 0.002128
99949.5 0.002125
100049.5 0.002125
100149.5 0.002125
100249.5 0.002125
100349.5 0.002122
100449.5 0.002122
100549.5 0.002122
100649.5 0.002119
100749.5 0.002119
100849.5 0.002119
100949.5 0.002119
101049.5 0.002116
101149.5 0.002116
101249.5 0.002116
101349.5 0.002116
101449.5 0.002113
101549.5 0.002113
101649.5 0.002113
101749.5 0.002113
101849.5 0.00211
101949.5 0.00211
102049.5 0.00211
102149.5 0.002107
102249.5 0.002107
102349.5 0.002107
102449.5 0.002107
102549.5 0.002105
9999982445 0.000806
-END-OF-DATA-
