   0.0000000e+00
   1.0423125e-02
   0.0000000e+00
   3.0346154e-03
   5.1853829e-04
   0.0000000e+00
   1.3662046e-02
   1.3930253e-02
   1.0782049e-02
   1.1097694e-02
   8.6024638e-03
   0.0000000e+00
   0.0000000e+00
   7.3084006e-03
   9.7129126e-03
   9.2101591e-03
   9.5264887e-03
   1.1959310e-02
   1.1020964e-02
   3.2105406e-03
   3.2982875e-03
   6.7644164e-03
   6.8680969e-03
   2.3011273e-03
   0.0000000e+00
   0.0000000e+00
   0.0000000e+00
   0.0000000e+00
   0.0000000e+00
   0.0000000e+00
   0.0000000e+00
   0.0000000e+00
   0.0000000e+00
   0.0000000e+00
   0.0000000e+00
   0.0000000e+00
   9.6439312e-03
   3.7957933e-03
   4.5112766e-03
   9.1540234e-03
   8.4821483e-03
   9.9882523e-03
   1.6100141e-02
   1.5340999e-02
   9.2099737e-03
   7.6897154e-03
   7.1121012e-03
   4.2865944e-03
   4.9530510e-03
   6.3596389e-03
   9.5062582e-03
   7.1433540e-03
   6.0045544e-03
  -4.2859565e-04
  -5.1884005e-03
   3.5882066e-03
   1.4445799e-03
   3.3080284e-03
   6.0000522e-03
   4.7006489e-03
   9.4879228e-04
  -2.3178923e-03
  -7.2769094e-03
  -9.4094905e-03
  -1.0542856e-02
  -8.5379857e-03
  -8.9892058e-03
   1.1364797e-02
   1.0533758e-02
   9.6990874e-03
   5.4667794e-03
   0.0000000e+00
  -4.6292116e-03
  -2.5699861e-03
   4.2937075e-03
   7.2892874e-03
   8.4757719e-03
   1.3691268e-02
   1.4663542e-02
   8.0261119e-03
   2.7017393e-03
   1.0521216e-03
   2.8836692e-03
   3.2431039e-03
   2.3335646e-03
   3.2077546e-03
   3.5873046e-03
   3.6213654e-03
   2.0339035e-03
  -2.3629547e-03
  -6.6912740e-03
  -7.6960428e-03
  -5.9432420e-03
  -1.7831436e-04
   4.8154211e-03
   5.4558897e-03
   1.8976693e-03
  -3.0709205e-03
  -8.6631682e-03
  -1.1427920e-02
  -1.0646745e-02
  -7.1762973e-03
  -5.1550004e-04
   7.4637619e-03
   1.1431841e-02
   1.1708269e-02
   7.4647968e-03
   1.6530844e-03
   0.0000000e+00
  -0.0000000e+00
   0.0000000e+00
   0.0000000e+00
   0.0000000e+00
   1.9146073e-02
   7.1933545e-03
  -1.5500740e-03
  -7.0487229e-03
  -1.8797999e-03
  -2.4752486e-03
  -4.2290287e-03
  -3.6940477e-03
  -4.0196599e-03
  -4.7156848e-03
  -5.1460758e-03
  -6.5373429e-03
  -9.1367923e-03
  -1.5961481e-02
  -2.2654262e-02
  -4.1661234e-03
  -4.8679512e-04
   3.3545753e-03
   2.8223174e-03
  -2.3920035e-03
  -9.4719967e-03
  -1.6615544e-02
  -1.9046124e-02
  -1.6403032e-02
  -8.4072342e-03
  -5.7915807e-04
   5.0601484e-03
   7.7638854e-03
   6.4973069e-03
   1.6355389e-03
  -1.0680047e-02
   0.0000000e+00
   0.0000000e+00
   0.0000000e+00
   0.0000000e+00
   0.0000000e+00
   9.0707844e-03
  -5.2482879e-05
  -1.0166661e-02
  -1.5971127e-02
  -1.3483150e-02
  -1.3219909e-02
  -1.3471407e-02
  -1.1935885e-02
  -1.3459336e-02
  -1.3343114e-02
  -1.3575705e-02
  -1.4191434e-02
  -1.5821870e-02
  -2.3202373e-02
  -0.0000000e+00
  -2.6000646e-03
  -4.0910752e-03
   4.8261142e-04
  -1.3563104e-03
  -8.6720856e-03
  -1.7982204e-02
  -2.5207624e-02
  -2.4727067e-02
  -1.7928360e-02
  -8.0052158e-03
  -5.4375699e-04
   2.5671823e-03
   1.2968178e-03
  -2.6872836e-03
  -8.8402135e-03
  -1.9393899e-02
   0.0000000e+00
   0.0000000e+00
   0.0000000e+00
   0.0000000e+00
   0.0000000e+00
   7.8102244e-03
  -5.9071218e-03
  -1.5823588e-02
  -1.6005335e-02
  -1.6098879e-02
  -1.8551245e-02
  -1.8585818e-02
  -1.7802944e-02
  -1.7532268e-02
  -1.6285127e-02
  -1.5996417e-02
  -1.5908152e-02
  -1.6958484e-02
  -1.9093299e-02
  -0.0000000e+00
  -0.0000000e+00
  -5.5592684e-03
  -2.2847775e-03
  -5.9389390e-03
  -1.4238999e-02
  -2.2876971e-02
  -2.7024609e-02
  -2.1741227e-02
  -1.1999506e-02
  -4.3972865e-03
   1.6630689e-03
   1.7932835e-03
  -3.6899108e-03
  -9.9058670e-03
  -1.4370038e-02
  -1.6070601e-02
   2.4268972e-03
   4.9327594e-03
   0.0000000e+00
   0.0000000e+00
   2.3746432e-03
   2.5991490e-03
  -1.3309239e-02
  -2.0459628e-02
  -1.8510457e-02
  -1.8183082e-02
  -1.8822273e-02
  -1.8939868e-02
  -1.7793167e-02
  -1.5797662e-02
  -1.4606453e-02
  -1.3803814e-02
  -1.3791179e-02
  -1.3525030e-02
  -7.6496322e-03
   4.2489381e-03
   0.0000000e+00
  -7.5155536e-03
  -4.8714262e-03
  -9.5688254e-03
  -1.5750822e-02
  -1.9025274e-02
  -1.5840421e-02
  -0.0000000e+00
  -3.6417368e-03
   3.1989446e-05
   6.9474457e-03
   3.7097468e-03
  -5.7313256e-03
  -1.2515095e-02
  -1.4609094e-02
  -8.6955178e-03
   6.0579998e-03
   8.7068418e-03
  -4.7866824e-03
  -0.0000000e+00
   1.2072831e-03
  -5.0425297e-03
  -1.7736243e-02
  -2.0672852e-02
  -1.7178804e-02
  -1.4760302e-02
  -1.3909660e-02
  -1.3442317e-02
  -1.2264590e-02
  -1.1094860e-02
  -9.9203838e-03
  -9.2072588e-03
  -9.1708759e-03
  -6.3934927e-03
   7.5552687e-03
   2.6763460e-02
   0.0000000e+00
  -0.0000000e+00
  -8.8704284e-03
  -1.2215402e-02
  -1.1716592e-02
  -4.3838080e-03
   8.4680607e-03
   0.0000000e+00
  -3.2502208e-03
   4.1205296e-03
   1.3021047e-02
   4.6081170e-03
  -6.1639529e-03
  -1.1310190e-02
  -1.1209274e-02
  -3.4320117e-03
   9.9394489e-03
   1.2863633e-02
   6.7291664e-03
   2.9122367e-03
  -7.7709594e-04
  -8.5619716e-03
  -1.4585197e-02
  -1.3991139e-02
  -1.0059766e-02
  -7.4387328e-03
  -6.9070789e-03
  -6.7332676e-03
  -6.5421970e-03
  -5.9614931e-03
  -4.8214542e-03
  -4.5733941e-03
  -3.8337871e-03
   1.5060706e-03
   2.0249030e-02
   4.0991479e-02
   0.0000000e+00
  -0.0000000e+00
  -1.5606111e-02
  -1.4667359e-02
  -4.8065521e-03
   1.5524789e-02
   3.7611569e-02
   0.0000000e+00
  -0.0000000e+00
   6.1948934e-03
   9.5783881e-03
  -8.6761161e-04
  -6.8131760e-03
  -7.6219267e-03
  -4.8513408e-03
   2.2814395e-03
   1.4341727e-02
   1.6329540e-02
   1.5913861e-02
   0.0000000e+00
  -3.5933180e-04
  -4.1776341e-03
  -6.2836111e-03
  -4.9208258e-03
  -1.9387311e-03
  -8.8872970e-05
  -4.6054204e-04
  -1.2816684e-03
  -1.5735341e-03
  -1.4315924e-03
  -8.0890016e-04
  -7.7431684e-04
   1.0942110e-03
   8.7760193e-03
   3.1210843e-02
   5.3856486e-02
   0.0000000e+00
   0.0000000e+00
  -1.8630410e-02
  -1.8198026e-02
   3.2833200e-03
   3.5581153e-02
   6.0516616e-02
   0.0000000e+00
   0.0000000e+00
   4.1947939e-03
   2.3734411e-03
  -2.6466912e-03
  -3.2265282e-03
  -1.2449329e-03
   2.6343984e-03
   8.7480713e-03
   1.9514679e-02
   2.1136524e-02
   2.0453842e-02
   1.0067508e-02
   4.0220810e-03
   1.9221482e-03
   4.7634891e-04
   1.7655669e-03
   3.8172018e-03
   4.8005789e-03
   3.3636529e-03
   1.8374643e-03
   1.4959060e-03
   1.1099775e-03
   1.3393845e-03
   1.9566433e-03
   5.4378188e-03
   1.5671602e-02
   3.9102669e-02
   5.3276456e-02
   0.0000000e+00
   0.0000000e+00
  -0.0000000e+00
  -1.9567732e-02
   1.1597702e-02
   4.6943627e-02
   6.0952157e-02
   0.0000000e+00
   0.0000000e+00
   2.8344727e-03
   8.9218159e-04
   4.5657071e-04
   2.1897459e-03
   5.2962036e-03
   9.8943319e-03
   1.5255735e-02
   2.5699027e-02
   2.6824305e-02
   2.4237778e-02
   1.4434367e-02
   6.9912984e-03
   5.3847497e-03
   4.5369631e-03
   5.5782185e-03
   6.8038898e-03
   6.5003708e-03
   4.1898531e-03
   2.5860311e-03
   2.1825170e-03
   1.6074986e-03
   2.4957056e-03
   4.8493217e-03
   1.0825569e-02
   2.4101598e-02
   4.5054063e-02
   4.2418146e-02
   0.0000000e+00
   0.0000000e+00
   0.0000000e+00
  -1.1629575e-02
   2.0005586e-02
   5.0527841e-02
   5.3482706e-02
   0.0000000e+00
   0.0000000e+00
  -2.4065144e-03
   5.4373662e-03
   6.0266592e-03
   7.4605355e-03
   1.1812840e-02
   1.7415198e-02
   2.2482624e-02
   2.9916940e-02
   2.9517666e-02
   2.4073295e-02
   1.3776761e-02
   7.3035425e-03
   5.6795166e-03
   5.3763082e-03
   6.2184329e-03
   6.4511430e-03
   4.9861134e-03
   2.3295821e-03
   1.0535324e-03
   8.6042122e-04
   1.3474273e-03
   4.0381867e-03
   8.5999314e-03
   1.7300487e-02
   3.2895375e-02
   4.9098719e-02
   3.7495107e-02
   0.0000000e+00
   0.0000000e+00
   0.0000000e+00
   4.1200586e-03
   2.6921581e-02
   5.1025175e-02
   4.9267719e-02
   0.0000000e+00
   0.0000000e+00
   3.6983819e-03
   1.1109633e-02
   1.1494133e-02
   1.1889430e-02
   1.7075283e-02
   2.3207370e-02
   2.7922407e-02
   3.0406035e-02
   2.6678128e-02
   1.9495685e-02
   1.0438496e-02
   4.6478165e-03
   3.5686565e-03
   3.6901713e-03
   4.4705928e-03
   3.7467228e-03
   1.8288932e-03
  -1.2246534e-04
  -4.0263074e-04
   6.7381875e-04
   2.9959399e-03
   7.7428399e-03
   1.4653621e-02
   2.5142688e-02
   4.0535513e-02
   5.4602933e-02
   0.0000000e+00
   0.0000000e+00
   0.0000000e+00
   0.0000000e+00
   1.6772646e-02
   3.3635844e-02
   4.8981912e-02
   4.1055468e-02
   0.0000000e+00
   0.0000000e+00
   1.4160572e-02
   1.6235147e-02
   1.6831424e-02
   1.6218472e-02
   2.1652877e-02
   2.7511928e-02
   3.0705558e-02
   2.5558056e-02
   1.9229515e-02
   1.2147917e-02
   4.5925323e-03
   3.4512026e-04
   1.8196905e-04
   9.2799694e-04
   1.8917429e-03
   1.5218043e-03
   7.1692141e-04
   7.0064212e-04
   2.1443614e-03
   4.4977255e-03
   7.9816598e-03
   1.3445748e-02
   2.0564165e-02
   2.9351102e-02
   4.0036876e-02
   4.4250331e-02
   0.0000000e+00
   0.0000000e+00
   0.0000000e+00
   0.0000000e+00
   2.5305721e-02
   3.6062833e-02
   4.3002442e-02
   2.9850205e-02
   0.0000000e+00
   0.0000000e+00
   2.2467478e-02
   1.7194360e-02
   1.8867809e-02
   1.7183037e-02
   2.3481762e-02
   2.7712207e-02
   2.8579282e-02
   1.6764384e-02
   1.0385242e-02
   4.4430387e-03
  -9.5148460e-04
  -3.6095348e-03
  -3.3426203e-03
  -2.5610318e-03
  -1.6135096e-03
  -9.9889480e-04
  -3.3137658e-05
   2.0850198e-03
   5.4537877e-03
   9.2632435e-03
   1.3478683e-02
   1.8486645e-02
   2.3989415e-02
   2.9002475e-02
   3.1510457e-02
   3.0223591e-02
   0.0000000e+00
   0.0000000e+00
   0.0000000e+00
   0.0000000e+00
   0.0000000e+00
   3.4895103e-02
   3.5869904e-02
   0.0000000e+00
   0.0000000e+00
   0.0000000e+00
   2.7149367e-02
   1.3171001e-02
   2.1503897e-02
   0.0000000e+00
   2.2579027e-02
   2.3607647e-02
   2.1851987e-02
   8.2298042e-03
   3.3596295e-03
  -9.5591310e-04
  -4.4176835e-03
  -7.0802649e-03
  -7.7127144e-03
  -8.0698235e-03
  -8.1037460e-03
  -7.6689171e-03
  -6.1161406e-03
  -2.8454540e-03
   2.1117807e-03
   7.1987021e-03
   1.1749100e-02
   1.5794925e-02
   1.8962365e-02
   2.0757293e-02
   1.8707775e-02
   1.4279922e-02
   0.0000000e+00
   0.0000000e+00
   0.0000000e+00
   0.0000000e+00
   3.5340955e-02
   3.1535905e-02
   2.8098155e-02
   0.0000000e+00
   0.0000000e+00
   0.0000000e+00
   0.0000000e+00
   7.4422158e-03
   1.8864011e-02
   0.0000000e+00
   1.8653139e-02
   1.6357463e-02
   1.2514214e-02
   5.0766647e-03
   1.1076775e-03
  -3.6019981e-03
  -5.5898692e-03
  -9.3326820e-03
  -1.0313606e-02
  -1.1406616e-02
  -1.2199511e-02
  -1.2310994e-02
  -1.1172534e-02
  -8.2948739e-03
  -3.8691009e-03
   4.1716077e-04
   3.4475236e-03
   4.7784466e-03
   4.6091013e-03
   3.4120500e-03
   1.3484812e-03
  -1.0069162e-03
   0.0000000e+00
   0.0000000e+00
   0.0000000e+00
  -4.5638533e-03
   2.4972919e-02
   2.3298276e-02
   2.0081246e-02
   0.0000000e+00
   0.0000000e+00
   0.0000000e+00
   0.0000000e+00
   2.3258057e-03
   9.0305842e-03
   0.0000000e+00
   0.0000000e+00
   1.2357271e-02
   5.1569501e-03
  -1.4991759e-03
   8.1329358e-04
  -2.7367242e-03
  -1.2611197e-03
  -4.2473953e-03
  -3.7643693e-03
  -3.2214068e-03
  -2.5671897e-03
  -1.7731031e-03
  -5.1069283e-04
   1.5619691e-03
   4.3385127e-03
   6.7248731e-03
   7.4871159e-03
   5.3208540e-03
   1.0531426e-03
  -4.2932322e-03
  -1.0595703e-02
  -1.1206065e-02
   0.0000000e+00
   0.0000000e+00
  -0.0000000e+00
  -5.6527459e-03
   1.8445233e-02
   1.7098304e-02
   0.0000000e+00
   0.0000000e+00
   0.0000000e+00
   0.0000000e+00
   0.0000000e+00
   2.2458585e-03
   2.1938833e-03
   0.0000000e+00
   0.0000000e+00
   1.4959411e-02
   3.3116057e-03
  -9.7748032e-04
   1.9644166e-03
  -1.8533906e-03
   6.6799114e-04
  -3.2744987e-04
   1.0674326e-03
   3.2078442e-03
   5.1392686e-03
   6.5904905e-03
   7.9082134e-03
   9.6626899e-03
   1.2081325e-02
   1.4073188e-02
   1.3798050e-02
   8.6608484e-03
   2.5115749e-04
  -8.6363480e-03
  -1.8282982e-02
  -2.0500917e-02
   0.0000000e+00
   0.0000000e+00
  -2.3001101e-02
  -1.0879643e-02
   8.4887604e-03
   0.0000000e+00
   0.0000000e+00
   0.0000000e+00
   0.0000000e+00
   0.0000000e+00
   0.0000000e+00
   0.0000000e+00
  -2.5167324e-03
   0.0000000e+00
   0.0000000e+00
   0.0000000e+00
   7.8367032e-03
  -0.0000000e+00
  -0.0000000e+00
  -6.2079649e-03
  -9.2368108e-03
  -9.2374428e-03
  -7.4436818e-03
  -5.8026989e-03
  -4.1083382e-03
  -3.4200440e-03
  -3.6741439e-03
  -4.0452243e-03
  -3.7570826e-03
  -2.5462541e-03
  -7.6529011e-04
  -3.6465283e-04
  -3.4083368e-03
  -1.0001334e-02
  -2.1185715e-02
  -2.9330581e-02
  -3.2992606e-02
   0.0000000e+00
  -2.6999725e-02
  -2.2780757e-02
  -7.0269153e-03
   0.0000000e+00
   0.0000000e+00
   0.0000000e+00
   0.0000000e+00
   0.0000000e+00
   0.0000000e+00
  -0.0000000e+00
  -6.6959106e-03
   0.0000000e+00
   0.0000000e+00
   0.0000000e+00
   0.0000000e+00
  -0.0000000e+00
  -1.6321004e-02
  -1.0003994e-02
  -1.4677684e-02
  -1.6543254e-02
  -1.8652430e-02
  -1.8058613e-02
  -1.6615303e-02
  -1.5892666e-02
  -1.6976828e-02
  -1.9336550e-02
  -2.2174142e-02
  -2.3530964e-02
  -2.1491742e-02
  -1.4000872e-02
  -5.6258822e-03
  -4.2022425e-03
  -1.3915185e-02
  -2.4653343e-02
  -2.0258846e-02
  -1.4933064e-02
  -2.8354609e-02
  -3.3706922e-02
  -2.4937406e-02
   0.0000000e+00
   0.0000000e+00
   0.0000000e+00
   0.0000000e+00
   0.0000000e+00
   0.0000000e+00
   0.0000000e+00
  -8.5770997e-03
   0.0000000e+00
   0.0000000e+00
   0.0000000e+00
   0.0000000e+00
   0.0000000e+00
  -1.0207062e-02
  -1.1434298e-02
  -1.6455630e-02
  -2.0119308e-02
  -2.3252672e-02
  -2.3666114e-02
  -2.2563890e-02
  -2.1498488e-02
  -2.2653526e-02
  -2.6167016e-02
  -3.0984826e-02
  -3.4886327e-02
  -3.5457421e-02
  -2.8656617e-02
  -1.4551877e-02
  -2.2981139e-03
  -8.3370843e-03
  -1.5433189e-02
  -1.0459374e-02
  -1.3019847e-02
  -2.5905266e-02
  -3.9668337e-02
  -4.4750810e-02
   0.0000000e+00
   0.0000000e+00
   0.0000000e+00
   0.0000000e+00
   0.0000000e+00
   0.0000000e+00
  -0.0000000e+00
  -1.3374300e-02
   0.0000000e+00
   0.0000000e+00
   0.0000000e+00
   0.0000000e+00
  -0.0000000e+00
  -5.6086524e-03
  -1.0122767e-02
  -1.4738875e-02
  -1.8676070e-02
  -2.2613009e-02
  -2.4200126e-02
  -2.3741916e-02
  -2.2306813e-02
  -2.2340988e-02
  -2.4970520e-02
  -2.9872723e-02
  -3.4903429e-02
  -3.8078155e-02
  -3.5717856e-02
  -2.3532473e-02
  -7.6356433e-03
   0.0000000e+00
  -6.8787456e-03
  -5.0891582e-03
  -9.2279594e-03
  -2.1022565e-02
  -4.0442828e-02
  -6.2575072e-02
   0.0000000e+00
   0.0000000e+00
   0.0000000e+00
   0.0000000e+00
   0.0000000e+00
   0.0000000e+00
  -3.3207950e-02
  -1.9875727e-02
   0.0000000e+00
   0.0000000e+00
   0.0000000e+00
   0.0000000e+00
  -0.0000000e+00
  -1.6257504e-03
  -5.9719901e-03
  -1.0758298e-02
  -1.4688065e-02
  -1.9183690e-02
  -2.1721518e-02
  -2.1732008e-02
  -1.9548947e-02
  -1.7216733e-02
  -1.7011087e-02
  -2.0186549e-02
  -2.5300168e-02
  -3.0556217e-02
  -3.3305876e-02
  -2.6897611e-02
  -1.0743611e-02
   0.0000000e+00
  -1.2693520e-03
  -9.6659869e-04
  -4.5887232e-03
  -1.3887321e-02
  -3.2357376e-02
  -6.1878771e-02
   0.0000000e+00
   0.0000000e+00
   0.0000000e+00
   0.0000000e+00
   0.0000000e+00
   0.0000000e+00
  -3.9379859e-02
  -3.4863738e-02
   0.0000000e+00
   0.0000000e+00
   0.0000000e+00
   0.0000000e+00
   0.0000000e+00
  -0.0000000e+00
  -5.8573170e-04
  -5.7791206e-03
  -9.6356925e-03
  -1.4133131e-02
  -1.6998807e-02
  -1.7630478e-02
  -1.5935967e-02
  -1.2753479e-02
  -1.0641687e-02
  -1.1886020e-02
  -1.6463401e-02
  -2.2931136e-02
  -2.9768549e-02
  -2.8796693e-02
  -0.0000000e+00
   1.9851775e-02
   4.7701825e-03
   1.6239973e-03
  -1.0065179e-03
  -7.9903901e-03
  -2.3047231e-02
  -5.3343704e-02
  -6.6593833e-02
   0.0000000e+00
   0.0000000e+00
   0.0000000e+00
   0.0000000e+00
  -0.0000000e+00
  -3.3143073e-02
  -0.0000000e+00
   0.0000000e+00
   0.0000000e+00
   0.0000000e+00
   0.0000000e+00
   0.0000000e+00
   0.0000000e+00
   9.2181264e-03
   2.5461967e-03
  -1.7881092e-03
  -6.2409511e-03
  -9.0739092e-03
  -1.0076306e-02
  -9.3039496e-03
  -7.1381657e-03
  -5.0953644e-03
  -5.6434709e-03
  -1.0116802e-02
  -1.7813433e-02
  -2.8649511e-02
  -3.2341931e-02
  -0.0000000e+00
   2.6776207e-02
   8.3925988e-03
   5.3788677e-03
   4.3780826e-03
  -1.5550232e-03
  -1.2467147e-02
  -3.8763258e-02
  -5.7461979e-02
   0.0000000e+00
   0.0000000e+00
  -1.0249423e-02
  -2.1114556e-02
  -8.3428574e-03
  -1.7321503e-02
  -0.0000000e+00
   0.0000000e+00
   0.0000000e+00
   0.0000000e+00
   0.0000000e+00
   0.0000000e+00
   0.0000000e+00
   1.5113737e-02
   1.0076380e-02
   5.8709150e-03
   1.9606305e-03
  -5.4390589e-04
  -9.9783286e-04
   1.6563412e-04
   1.5307110e-03
   2.3338730e-03
   5.4491678e-04
  -4.9699689e-03
  -1.4450528e-02
  -2.9593762e-02
  -3.2496620e-02
   0.0000000e+00
   0.0000000e+00
   0.0000000e+00
   1.4441058e-02
   1.2118641e-02
   5.5631418e-03
  -2.9945886e-03
  -2.2718415e-02
  -3.9138664e-02
   0.0000000e+00
   0.0000000e+00
  -8.9958854e-03
  -1.2419828e-02
   9.6398899e-04
  -0.0000000e+00
   0.0000000e+00
   0.0000000e+00
   0.0000000e+00
   0.0000000e+00
   0.0000000e+00
   0.0000000e+00
   0.0000000e+00
   9.4127872e-03
   6.9065723e-03
   7.0810486e-03
   7.1529010e-03
   6.4773913e-03
   7.8515681e-03
   1.0802752e-02
   1.2773718e-02
   1.2803949e-02
   9.1255987e-03
   1.6919137e-03
  -1.0797393e-02
  -3.0390384e-02
  -0.0000000e+00
   0.0000000e+00
   0.0000000e+00
   0.0000000e+00
   1.8503198e-02
   1.7684707e-02
   1.3345241e-02
   6.4881942e-03
  -8.1352405e-03
  -2.4551136e-02
   1.5105183e-03
  -2.8612546e-03
  -0.0000000e+00
   0.0000000e+00
   0.0000000e+00
   0.0000000e+00
   0.0000000e+00
   0.0000000e+00
   0.0000000e+00
   0.0000000e+00
   0.0000000e+00
   0.0000000e+00
   0.0000000e+00
  -0.0000000e+00
  -1.4283502e-03
   4.6011959e-03
   1.0077963e-02
   1.2427785e-02
   1.5556809e-02
   1.9973155e-02
   2.2765539e-02
   2.2796767e-02
   1.8006546e-02
   9.1323450e-03
  -6.2953234e-03
  -2.9823057e-02
  -0.0000000e+00
   0.0000000e+00
   0.0000000e+00
   0.0000000e+00
   0.0000000e+00
   1.7174441e-02
   1.7746541e-02
   1.4380451e-02
   4.3210806e-03
  -1.1284629e-02
   0.0000000e+00
   0.0000000e+00
   0.0000000e+00
   0.0000000e+00
   0.0000000e+00
   0.0000000e+00
   0.0000000e+00
   0.0000000e+00
   0.0000000e+00
   0.0000000e+00
   0.0000000e+00
   0.0000000e+00
   0.0000000e+00
  -0.0000000e+00
  -7.2346103e-03
   1.6957065e-04
   9.7159585e-03
   1.6363965e-02
   2.1113826e-02
   2.5682032e-02
   2.8610749e-02
   2.9055085e-02
   2.4205521e-02
   1.5294284e-02
   5.3438218e-04
  -2.5854316e-02
  -0.0000000e+00
   0.0000000e+00
   0.0000000e+00
   0.0000000e+00
   0.0000000e+00
   0.0000000e+00
   1.7882634e-02
   1.8183194e-02
   1.3584014e-02
   4.3431022e-03
   0.0000000e+00
   0.0000000e+00
   0.0000000e+00
   0.0000000e+00
   0.0000000e+00
   0.0000000e+00
   0.0000000e+00
   0.0000000e+00
   0.0000000e+00
   0.0000000e+00
   0.0000000e+00
   0.0000000e+00
   0.0000000e+00
   0.0000000e+00
  -2.2528427e-02
  -7.5841951e-03
   3.9545000e-03
   1.2993421e-02
   1.9673834e-02
   2.4697607e-02
   2.7632930e-02
   2.8266806e-02
   2.4738660e-02
   1.7551126e-02
   6.3695461e-03
  -5.9644350e-03
   0.0000000e+00
   0.0000000e+00
   0.0000000e+00
   0.0000000e+00
   0.0000000e+00
   0.0000000e+00
   1.3416513e-02
   1.4491869e-02
   1.5928414e-02
   1.1043823e-02
   0.0000000e+00
   0.0000000e+00
   0.0000000e+00
   0.0000000e+00
   0.0000000e+00
   0.0000000e+00
   0.0000000e+00
   0.0000000e+00
   0.0000000e+00
   0.0000000e+00
   0.0000000e+00
   0.0000000e+00
   0.0000000e+00
   0.0000000e+00
  -0.0000000e+00
  -2.0656150e-02
  -7.7600004e-03
   1.8281888e-03
   9.4559377e-03
   1.6410008e-02
   2.0413773e-02
   2.1685806e-02
   2.0130325e-02
   1.6277265e-02
   9.2747955e-03
   6.5720463e-03
   0.0000000e+00
   0.0000000e+00
   0.0000000e+00
   0.0000000e+00
   0.0000000e+00
   0.0000000e+00
  -2.3922778e-03
   3.6705276e-03
   1.2389441e-02
   1.4999819e-02
   2.3669432e-03
   0.0000000e+00
   0.0000000e+00
   0.0000000e+00
   0.0000000e+00
   0.0000000e+00
   0.0000000e+00
   0.0000000e+00
   0.0000000e+00
   0.0000000e+00
   0.0000000e+00
   0.0000000e+00
   0.0000000e+00
   0.0000000e+00
  -0.0000000e+00
  -2.9925933e-02
  -1.8369587e-02
  -1.5504114e-02
  -8.8162366e-03
  -1.1495829e-03
   5.6004033e-03
   9.4942767e-03
   1.0850938e-02
   1.1663685e-02
   1.0242756e-02
   0.0000000e+00
   0.0000000e+00
   0.0000000e+00
   0.0000000e+00
   0.0000000e+00
   0.0000000e+00
   0.0000000e+00
  -2.5222798e-02
  -4.3366169e-03
   4.6571254e-03
   1.2404393e-02
   6.9946718e-03
   0.0000000e+00
   0.0000000e+00
   0.0000000e+00
   0.0000000e+00
   0.0000000e+00
   0.0000000e+00
   0.0000000e+00
   0.0000000e+00
   0.0000000e+00
   0.0000000e+00
   0.0000000e+00
   0.0000000e+00
   0.0000000e+00
  -0.0000000e+00
  -0.0000000e+00
  -0.0000000e+00
  -0.0000000e+00
  -0.0000000e+00
  -2.6001928e-02
  -1.6845521e-02
  -6.1050567e-03
   0.0000000e+00
   0.0000000e+00
   0.0000000e+00
   0.0000000e+00
   0.0000000e+00
   0.0000000e+00
   0.0000000e+00
   0.0000000e+00
   0.0000000e+00
   0.0000000e+00
  -2.0421741e-02
  -1.0740872e-02
  -0.0000000e+00
   0.0000000e+00
  -6.9680517e-03
   7.2222037e-03
   0.0000000e+00
   0.0000000e+00
   0.0000000e+00
   0.0000000e+00
   0.0000000e+00
   0.0000000e+00
   0.0000000e+00
   0.0000000e+00
   0.0000000e+00
   0.0000000e+00
   0.0000000e+00
   0.0000000e+00
   0.0000000e+00
   0.0000000e+00
   0.0000000e+00
   0.0000000e+00
   0.0000000e+00
  -4.9811106e-02
  -2.8687698e-02
   0.0000000e+00
   0.0000000e+00
  -9.8806829e-03
  -3.6967976e-03
   1.9685301e-03
   5.5320109e-03
   0.0000000e+00
   0.0000000e+00
   0.0000000e+00
   0.0000000e+00
   0.0000000e+00
  -1.6433680e-02
  -3.1220584e-03
   0.0000000e+00
   0.0000000e+00
  -0.0000000e+00
  -3.7146909e-03
   4.1727741e-03
   2.2204021e-03
   4.5701420e-03
   3.2843857e-03
   2.1261955e-03
   5.2771127e-03
   0.0000000e+00
   0.0000000e+00
   0.0000000e+00
