-START-OF-DATA-
1759.5 0.0023082
1769.5 0.0023082
1779.5 0.0023082
1789.5 0.0023082
1799.5 0.0023082
1809.5 0.0023082
1819.5 0.0023082
1829.5 0.0023082
1839.5 0.0023082
1849.5 0.0023082
1859.5 0.0023082
1869.5 0.0023082
1879.5 0.0023082
1889.5 0.0023082
1899.5 0.0023082
1909.5 0.0023082
1919.5 0.0023082
1929.5 0.0023082
1939.5 0.0023082
1949.5 0.002458
1959.5 0.002507
1969.5 0.00259
1979.5 0.002707
1989.5 0.002848
1999.5 0.003006
2009.5 0.003205
2019.5 0.003471
2029.5 0.003811
2039.5 0.004243
2049.5 0.004782
2059.5 0.005438
2069.5 0.006219
2079.5 0.007124
2089.5 0.008153
2099.5 0.009299
2109.5 0.010379
2119.5 0.011541
2129.5 0.012703
2139.5 0.0137
2149.5 0.014613
2159.5 0.01536
2169.5 0.016025
2179.5 0.016523
2189.5 0.016855
2199.5 0.017187
2209.5 0.017353
2219.5 0.017519
2229.5 0.017602
2239.5 0.017685
2249.5 0.017685
2259.5 0.017685
2269.5 0.017602
2279.5 0.017602
2289.5 0.017519
2299.5 0.017436
2309.5 0.017436
2319.5 0.017353
2329.5 0.01727
2339.5 0.017187
2349.5 0.017104
2359.5 0.017021
2369.5 0.016938
2379.5 0.016855
2389.5 0.016772
2399.5 0.016689
2409.5 0.016689
2419.5 0.016606
2429.5 0.016523
2439.5 0.01644
2449.5 0.016357
2459.5 0.016274
2469.5 0.016274
2479.5 0.016191
2489.5 0.016108
2499.5 0.016025
2509.5 0.015942
2519.5 0.015942
2529.5 0.015858
2539.5 0.015775
2549.5 0.015775
2559.5 0.015692
2569.5 0.015609
2579.5 0.015526
2589.5 0.015526
2599.5 0.015443
2609.5 0.01536
2619.5 0.01536
2629.5 0.015277
2639.5 0.015194
2649.5 0.015194
2659.5 0.015111
2669.5 0.015028
2679.5 0.015028
2689.5 0.014945
2699.5 0.014862
2709.5 0.014862
2719.5 0.014779
2729.5 0.014779
2739.5 0.014696
2749.5 0.014613
2759.5 0.014613
2769.5 0.01453
2779.5 0.01453
2789.5 0.014447
2799.5 0.014364
2809.5 0.014364
2819.5 0.014281
2829.5 0.014281
2839.5 0.014198
2849.5 0.014198
2859.5 0.014115
2869.5 0.014032
2879.5 0.014032
2889.5 0.013949
2899.5 0.013949
2909.5 0.013866
2919.5 0.013866
2929.5 0.013783
2939.5 0.013783
2949.5 0.0137
2959.5 0.0137
2969.5 0.013617
2979.5 0.013617
2989.5 0.013534
2999.5 0.013534
3009.5 0.013451
3019.5 0.013451
3029.5 0.013368
3039.5 0.013368
3049.5 0.013285
3059.5 0.013285
3069.5 0.013202
3079.5 0.013202
3089.5 0.013119
3099.5 0.013119
3109.5 0.013036
3119.5 0.013036
3129.5 0.013036
3139.5 0.012952
3149.5 0.012952
3159.5 0.012869
3169.5 0.012869
3179.5 0.012786
3189.5 0.012786
3199.5 0.012703
3209.5 0.012703
3219.5 0.012703
3229.5 0.01262
3239.5 0.01262
3249.5 0.012537
3259.5 0.012537
3269.5 0.012454
3279.5 0.012454
3289.5 0.012454
3299.5 0.012371
3309.5 0.012371
3319.5 0.012288
3329.5 0.012288
3339.5 0.012288
3349.5 0.012205
3359.5 0.012205
3369.5 0.012122
3379.5 0.012122
3389.5 0.012122
3399.5 0.012039
3409.5 0.012039
3419.5 0.012039
3429.5 0.011956
3439.5 0.011956
3449.5 0.011873
3459.5 0.011873
3469.5 0.011873
3479.5 0.01179
3489.5 0.01179
3499.5 0.01179
3509.5 0.011707
3519.5 0.011707
3529.5 0.011624
3539.5 0.011624
3549.5 0.011624
3559.5 0.011541
3569.5 0.011541
3579.5 0.011541
3589.5 0.011458
3599.5 0.011458
3609.5 0.011458
3619.5 0.011375
3629.5 0.011375
3639.5 0.011375
3649.5 0.011292
3659.5 0.011292
3669.5 0.011292
3679.5 0.011209
3689.5 0.011209
3699.5 0.011209
3709.5 0.011126
3719.5 0.011126
3729.5 0.011126
3739.5 0.011043
3749.5 0.011043
3759.5 0.011043
3769.5 0.011043
3779.5 0.01096
3789.5 0.01096
3799.5 0.01096
3809.5 0.010877
3819.5 0.010877
3829.5 0.010877
3839.5 0.010794
3849.5 0.010794
3859.5 0.010794
3869.5 0.010794
3879.5 0.010711
3889.5 0.010711
3899.5 0.010711
3909.5 0.010628
3919.5 0.010628
3929.5 0.010628
3939.5 0.010628
3949.5 0.010545
3959.5 0.010545
3969.5 0.010545
3979.5 0.010545
3989.5 0.010462
3999.5 0.010462
4009.5 0.010462
4019.5 0.010379
4029.5 0.010379
4039.5 0.010379
4049.5 0.010379
4059.5 0.010296
4069.5 0.010296
4079.5 0.010296
4089.5 0.010296
4099.5 0.010213
4109.5 0.010213
4119.5 0.010213
4129.5 0.010213
4139.5 0.01013
4149.5 0.01013
4159.5 0.01013
4169.5 0.01013
4179.5 0.01013
4189.5 0.010046
4199.5 0.010046
4209.5 0.010046
4219.5 0.010046
4229.5 0.009963
4239.5 0.009963
4249.5 0.009963
4259.5 0.009963
4269.5 0.00988
4279.5 0.00988
4289.5 0.00988
4299.5 0.00988
4309.5 0.00988
4319.5 0.009797
4329.5 0.009797
4339.5 0.009797
4349.5 0.009797
4359.5 0.009797
4369.5 0.009714
4379.5 0.009714
4389.5 0.009714
4399.5 0.009714
4409.5 0.009714
4419.5 0.009631
4429.5 0.009631
4439.5 0.009631
4449.5 0.009631
4459.5 0.009631
4469.5 0.009548
4479.5 0.009548
4489.5 0.009548
4499.5 0.009548
4509.5 0.009548
4519.5 0.009465
4529.5 0.009465
4539.5 0.009465
4549.5 0.009465
4559.5 0.009465
4569.5 0.009465
4579.5 0.009382
4589.5 0.009382
4599.5 0.009382
4609.5 0.009382
4619.5 0.009382
4629.5 0.009299
4639.5 0.009299
4649.5 0.009299
4659.5 0.009299
4669.5 0.009299
4679.5 0.009299
4689.5 0.009216
4699.5 0.009216
4709.5 0.009216
4719.5 0.009216
4729.5 0.009216
4739.5 0.009216
4749.5 0.009216
4759.5 0.009133
4769.5 0.009133
4779.5 0.009133
4789.5 0.009133
4799.5 0.009133
4809.5 0.009133
4819.5 0.00905
4829.5 0.00905
4839.5 0.00905
4849.5 0.00905
4859.5 0.00905
4869.5 0.00905
4879.5 0.00905
4889.5 0.008967
4899.5 0.008967
4909.5 0.008967
4919.5 0.008967
4929.5 0.008967
4939.5 0.008967
4949.5 0.008967
4959.5 0.008884
4969.5 0.008884
4979.5 0.008884
4989.5 0.008884
4999.5 0.008884
5009.5 0.008884
5019.5 0.008884
5029.5 0.008884
5039.5 0.008801
5049.5 0.008801
5059.5 0.008801
5069.5 0.008801
5079.5 0.008801
5089.5 0.008801
5099.5 0.008801
5109.5 0.008801
5119.5 0.008718
5129.5 0.008718
5139.5 0.008718
5149.5 0.008718
5159.5 0.008718
5169.5 0.008718
5179.5 0.008718
5189.5 0.008718
5199.5 0.008635
5209.5 0.008635
5219.5 0.008635
5229.5 0.008635
5239.5 0.008635
5249.5 0.008635
5259.5 0.008635
5269.5 0.008635
5279.5 0.008635
5289.5 0.008552
5299.5 0.008552
5309.5 0.008552
5319.5 0.008552
5329.5 0.008552
5339.5 0.008552
5349.5 0.008552
5359.5 0.008552
5369.5 0.008552
5379.5 0.008469
5389.5 0.008469
5399.5 0.008469
5409.5 0.008469
5419.5 0.008469
5429.5 0.008469
5439.5 0.008469
5449.5 0.008469
5459.5 0.008469
5469.5 0.008469
5479.5 0.008386
5489.5 0.008386
5499.5 0.008386
5509.5 0.008386
5519.5 0.008386
5529.5 0.008386
5539.5 0.008386
5549.5 0.008386
5559.5 0.008386
5569.5 0.008386
5579.5 0.008303
5589.5 0.008303
5599.5 0.008303
5609.5 0.008303
5619.5 0.008303
5629.5 0.008303
5639.5 0.008295
5649.5 0.008286
5659.5 0.008278
5669.5 0.00827
5679.5 0.00827
5689.5 0.008261
5699.5 0.008253
5709.5 0.008245
5719.5 0.008236
5729.5 0.008228
5739.5 0.00822
5749.5 0.008212
5759.5 0.008212
5769.5 0.008203
5779.5 0.008195
5789.5 0.008187
5799.5 0.008178
5809.5 0.00817
5819.5 0.00817
5829.5 0.008162
5839.5 0.008153
5849.5 0.008145
5859.5 0.008137
5869.5 0.008137
5879.5 0.008129
5889.5 0.00812
5899.5 0.008112
5909.5 0.008112
5919.5 0.008104
5929.5 0.008095
5939.5 0.008087
5949.5 0.008079
5959.5 0.008079
5969.5 0.00807
5979.5 0.008062
5989.5 0.008054
5999.5 0.008054
6009.5 0.008045
6019.5 0.008037
6029.5 0.008037
6039.5 0.008029
6049.5 0.008021
6059.5 0.008012
6069.5 0.008012
6079.5 0.008004
6089.5 0.007996
6099.5 0.007996
6109.5 0.007987
6119.5 0.007979
6129.5 0.007979
6139.5 0.007971
6149.5 0.007962
6159.5 0.007962
6169.5 0.007954
6179.5 0.007946
6189.5 0.007946
6199.5 0.007938
6209.5 0.007929
6219.5 0.007929
6229.5 0.007921
6239.5 0.007913
6249.5 0.007913
6259.5 0.007904
6269.5 0.007896
6279.5 0.007896
6289.5 0.007888
6299.5 0.007888
6309.5 0.007879
6319.5 0.007871
6329.5 0.007871
6339.5 0.007863
6349.5 0.007855
6359.5 0.007855
6369.5 0.007846
6379.5 0.007846
6389.5 0.007838
6399.5 0.007838
6409.5 0.00783
6419.5 0.007821
6429.5 0.007821
6439.5 0.007813
6449.5 0.007813
6459.5 0.007805
6469.5 0.007796
6479.5 0.007796
6489.5 0.007788
6499.5 0.007788
6509.5 0.00778
6519.5 0.00778
6529.5 0.007771
6539.5 0.007763
6549.5 0.007763
6559.5 0.007755
6569.5 0.007755
6579.5 0.007747
6589.5 0.007747
6599.5 0.007738
6609.5 0.007738
6619.5 0.00773
6629.5 0.00773
6639.5 0.007722
6649.5 0.007713
6659.5 0.007713
6669.5 0.007705
6679.5 0.007705
6689.5 0.007697
6699.5 0.007697
6709.5 0.007688
6719.5 0.007688
6729.5 0.00768
6739.5 0.00768
6749.5 0.007672
6759.5 0.007672
6769.5 0.007664
6779.5 0.007664
6789.5 0.007655
6799.5 0.007655
6809.5 0.007647
6819.5 0.007639
6829.5 0.007639
6839.5 0.00763
6849.5 0.00763
6859.5 0.007622
6869.5 0.007622
6879.5 0.007614
6889.5 0.007614
6899.5 0.007605
6909.5 0.007605
6919.5 0.007597
6929.5 0.007597
6939.5 0.007589
6949.5 0.007589
6959.5 0.007581
6969.5 0.007581
6979.5 0.007572
6989.5 0.007572
6999.5 0.007564
7009.5 0.007564
7019.5 0.007556
7029.5 0.007556
7039.5 0.007547
7049.5 0.007547
7059.5 0.007539
7069.5 0.007539
7079.5 0.007531
7089.5 0.007531
7099.5 0.007522
7109.5 0.007522
7119.5 0.007514
7129.5 0.007514
7139.5 0.007506
7149.5 0.007506
7159.5 0.007497
7169.5 0.007497
7179.5 0.007489
7189.5 0.007489
7199.5 0.007481
7209.5 0.007481
7219.5 0.007473
7229.5 0.007473
7239.5 0.007473
7249.5 0.007464
7259.5 0.007464
7269.5 0.007456
7279.5 0.007456
7289.5 0.007448
7299.5 0.007448
7309.5 0.007439
7319.5 0.007439
7329.5 0.007431
7339.5 0.007431
7349.5 0.007423
7359.5 0.007423
7369.5 0.007414
7379.5 0.007414
7389.5 0.007406
7399.5 0.007406
7409.5 0.007398
7419.5 0.007398
7429.5 0.00739
7439.5 0.00739
7449.5 0.00739
7459.5 0.007381
7469.5 0.007381
7479.5 0.007373
7489.5 0.007373
7499.5 0.007365
7509.5 0.007365
7519.5 0.007356
7529.5 0.007356
7539.5 0.007348
7549.5 0.007348
7559.5 0.00734
7569.5 0.00734
7579.5 0.007331
7589.5 0.007331
7599.5 0.007331
7609.5 0.007323
7619.5 0.007323
7629.5 0.007315
7639.5 0.007315
7649.5 0.007307
7659.5 0.007307
7669.5 0.007298
7679.5 0.007298
7689.5 0.00729
7699.5 0.00729
7709.5 0.00729
7719.5 0.007282
7729.5 0.007282
7739.5 0.007273
7749.5 0.007273
7759.5 0.007265
7769.5 0.007265
7779.5 0.007257
7789.5 0.007257
7799.5 0.007248
7809.5 0.007248
7819.5 0.007248
7829.5 0.00724
7839.5 0.00724
7849.5 0.007232
7859.5 0.007232
7869.5 0.007224
7879.5 0.007224
7889.5 0.007215
7899.5 0.007215
7909.5 0.007215
7919.5 0.007207
7929.5 0.007207
7939.5 0.007199
7949.5 0.007199
7959.5 0.00719
7969.5 0.00719
7979.5 0.007182
7989.5 0.007182
7999.5 0.007182
8009.5 0.007174
8019.5 0.007174
8029.5 0.007165
8039.5 0.007165
8049.5 0.007157
8059.5 0.007157
8069.5 0.007157
8079.5 0.007149
8089.5 0.007149
8099.5 0.00714
8109.5 0.00714
8119.5 0.007132
8129.5 0.007132
8139.5 0.007132
8149.5 0.007124
8159.5 0.007124
8169.5 0.007116
8179.5 0.007116
8189.5 0.007107
8199.5 0.007107
8209.5 0.007107
8219.5 0.007099
8229.5 0.007099
8239.5 0.007091
8249.5 0.007091
8259.5 0.007082
8269.5 0.007082
8279.5 0.007082
8289.5 0.007074
8299.5 0.007074
8309.5 0.007066
8319.5 0.007066
8329.5 0.007057
8339.5 0.007057
8349.5 0.007057
8359.5 0.007049
8369.5 0.007049
8379.5 0.007041
8389.5 0.007041
8399.5 0.007033
8409.5 0.007033
8419.5 0.007033
8429.5 0.007024
8439.5 0.007024
8449.5 0.007016
8459.5 0.007016
8469.5 0.007016
8479.5 0.007008
8489.5 0.007008
8499.5 0.006999
8509.5 0.006999
8519.5 0.006999
8529.5 0.006991
8539.5 0.006991
8549.5 0.006983
8559.5 0.006983
8569.5 0.006974
8579.5 0.006974
8589.5 0.006974
8599.5 0.006966
8609.5 0.006966
8619.5 0.006958
8629.5 0.006958
8639.5 0.006958
8649.5 0.00695
8659.5 0.00695
8669.5 0.006941
8679.5 0.006941
8689.5 0.006941
8699.5 0.006933
8709.5 0.006933
8719.5 0.006925
8729.5 0.006925
8739.5 0.006925
8749.5 0.006916
8759.5 0.006916
8769.5 0.006908
8779.5 0.006908
8789.5 0.006908
8799.5 0.0069
8809.5 0.0069
8819.5 0.0069
8829.5 0.006891
8839.5 0.006891
8849.5 0.006883
8859.5 0.006883
8869.5 0.006883
8879.5 0.006875
8889.5 0.006875
8899.5 0.006866
8909.5 0.006866
8919.5 0.006866
8929.5 0.006858
8939.5 0.006858
8949.5 0.00685
8959.5 0.00685
8969.5 0.00685
8979.5 0.006842
8989.5 0.006842
8999.5 0.006842
9009.5 0.006833
9019.5 0.006833
9029.5 0.006825
9039.5 0.006825
9049.5 0.006825
9059.5 0.006817
9069.5 0.006817
9079.5 0.006808
9089.5 0.006808
9099.5 0.006808
9109.5 0.0068
9119.5 0.0068
9129.5 0.0068
9139.5 0.006792
9149.5 0.006792
9159.5 0.006783
9169.5 0.006783
9179.5 0.006783
9189.5 0.006775
9199.5 0.006775
9209.5 0.006775
9219.5 0.006767
9229.5 0.006767
9239.5 0.006759
9249.5 0.006759
9259.5 0.006759
9269.5 0.00675
9279.5 0.00675
9289.5 0.00675
9299.5 0.006742
9309.5 0.006742
9319.5 0.006742
9329.5 0.006734
9339.5 0.006734
9349.5 0.006725
9359.5 0.006725
9369.5 0.006725
9379.5 0.006717
9389.5 0.006717
9399.5 0.006717
9409.5 0.006709
9419.5 0.006709
9429.5 0.0067
9439.5 0.0067
9449.5 0.0067
9459.5 0.006692
9469.5 0.006692
9479.5 0.006692
9489.5 0.006684
9499.5 0.006684
9509.5 0.006684
9519.5 0.006676
9529.5 0.006676
9539.5 0.006667
9549.5 0.006667
9559.5 0.006667
9569.5 0.006659
9579.5 0.006659
9589.5 0.006659
9599.5 0.006651
9609.5 0.006651
9619.5 0.006642
9629.5 0.006642
9639.5 0.006642
9649.5 0.006634
9659.5 0.006634
9669.5 0.006626
9679.5 0.006626
9689.5 0.006626
9699.5 0.006617
9709.5 0.006617
9719.5 0.006609
9729.5 0.006609
9739.5 0.006609
9749.5 0.006601
9759.5 0.006601
9769.5 0.006601
9779.5 0.006592
9789.5 0.006592
9799.5 0.006584
9809.5 0.006584
9819.5 0.006584
9829.5 0.006576
9839.5 0.006576
9849.5 0.006576
9859.5 0.006568
9869.5 0.006568
9879.5 0.006559
9889.5 0.006559
9899.5 0.006559
9909.5 0.006551
9919.5 0.006551
9929.5 0.006551
9939.5 0.006543
9949.5 0.006543
9959.5 0.006543
9969.5 0.006534
9979.5 0.006534
9989.5 0.006526
9999.5 0.006526
10009.5 0.006526
10019.5 0.006518
10029.5 0.006518
10039.5 0.006518
10049.5 0.006509
10059.5 0.006509
10069.5 0.006509
10079.5 0.006501
10089.5 0.006501
10099.5 0.006501
10109.5 0.006493
10119.5 0.006493
10129.5 0.006493
10139.5 0.006485
10149.5 0.006485
10159.5 0.006485
10169.5 0.006476
10179.5 0.006476
10189.5 0.006476
10199.5 0.006468
10209.5 0.006468
10219.5 0.006468
10229.5 0.00646
10239.5 0.00646
10249.5 0.00646
10259.5 0.006451
10269.5 0.006451
10279.5 0.006451
10289.5 0.006443
10299.5 0.006443
10309.5 0.006443
10319.5 0.006435
10329.5 0.006435
10339.5 0.006435
10349.5 0.006426
10359.5 0.006426
10369.5 0.006426
10379.5 0.006418
10389.5 0.006418
10399.5 0.006418
10409.5 0.006418
10419.5 0.00641
10429.5 0.00641
10439.5 0.00641
10449.5 0.006402
10459.5 0.006402
10469.5 0.006402
10479.5 0.006393
10489.5 0.006393
10499.5 0.006393
10509.5 0.006385
10519.5 0.006385
10529.5 0.006385
10539.5 0.006377
10549.5 0.006377
10559.5 0.006377
10569.5 0.006377
10579.5 0.006368
10589.5 0.006368
10599.5 0.006368
10609.5 0.00636
10619.5 0.00636
10629.5 0.00636
10639.5 0.00636
10649.5 0.006352
10659.5 0.006352
10669.5 0.006352
10679.5 0.006343
10689.5 0.006343
10699.5 0.006343
10709.5 0.006335
10719.5 0.006335
10729.5 0.006335
10739.5 0.006335
10749.5 0.006327
10759.5 0.006327
10769.5 0.006327
10779.5 0.006318
10789.5 0.006318
10799.5 0.006318
10809.5 0.006318
10819.5 0.00631
10829.5 0.00631
10839.5 0.00631
10849.5 0.006302
10859.5 0.006302
10869.5 0.006302
10879.5 0.006302
10889.5 0.006294
10899.5 0.006294
10909.5 0.006294
10919.5 0.006285
10929.5 0.006285
10939.5 0.006285
10949.5 0.006277
10959.5 0.006277
10969.5 0.006277
10979.5 0.006277
10989.5 0.006269
10999.5 0.006269
11009.5 0.006269
11019.5 0.00626
11029.5 0.00626
11039.5 0.00626
11049.5 0.00626
11059.5 0.006252
11069.5 0.006252
11079.5 0.006252
11089.5 0.006244
11099.5 0.006244
11109.5 0.006244
11119.5 0.006244
11129.5 0.006235
11139.5 0.006235
11149.5 0.006235
11159.5 0.006227
11169.5 0.006227
11179.5 0.006227
11189.5 0.006227
11199.5 0.006219
11209.5 0.006219
11219.5 0.006219
11229.5 0.006211
11239.5 0.006211
11249.5 0.006211
11259.5 0.006202
11269.5 0.006202
11279.5 0.006202
11289.5 0.006202
11299.5 0.006194
11309.5 0.006194
11319.5 0.006194
11329.5 0.006186
11339.5 0.006186
11349.5 0.006186
11359.5 0.006177
11369.5 0.006177
11379.5 0.006177
11389.5 0.006177
11399.5 0.006169
11409.5 0.006169
11419.5 0.006169
11429.5 0.006161
11439.5 0.006161
11449.5 0.006161
11459.5 0.006161
11469.5 0.006152
11479.5 0.006152
11489.5 0.006152
11499.5 0.006144
11509.5 0.006144
11519.5 0.006144
11529.5 0.006144
11539.5 0.006136
11549.5 0.006136
11559.5 0.006136
11569.5 0.006128
11579.5 0.006128
11589.5 0.006128
11599.5 0.006128
11609.5 0.006119
11619.5 0.006119
11629.5 0.006119
11639.5 0.006111
11649.5 0.006111
11659.5 0.006111
11669.5 0.006111
11679.5 0.006103
11689.5 0.006103
11699.5 0.006103
11709.5 0.006094
11719.5 0.006094
11729.5 0.006094
11739.5 0.006094
11749.5 0.006086
11759.5 0.006086
11769.5 0.006086
11779.5 0.006086
11789.5 0.006078
11799.5 0.006078
11809.5 0.006078
11819.5 0.006069
11829.5 0.006069
11839.5 0.006069
11849.5 0.006069
11859.5 0.006061
11869.5 0.006061
11879.5 0.006061
11889.5 0.006061
11899.5 0.006053
11909.5 0.006053
11919.5 0.006053
11929.5 0.006053
11939.5 0.006044
11949.5 0.006044
11959.5 0.006044
11969.5 0.006036
11979.5 0.006036
11989.5 0.006036
11999.5 0.006036
12009.5 0.006028
999999999 0.002308
-END-OF-DATA-
