   2.3757732e-02
   1.8728937e-02
   1.5934731e-02
   1.4286860e-02
   1.3148133e-02
   1.2672944e-02
   1.2951703e-02
   1.3660548e-02
   1.4500888e-02
   1.5375008e-02
   1.5594662e-02
   1.5893156e-02
   1.5551334e-02
   1.5682124e-02
   1.5546347e-02
   1.5708103e-02
   1.5793070e-02
   1.6745324e-02
   1.7867310e-02
   1.9781067e-02
   2.2392463e-02
   2.5483459e-02
   2.7695976e-02
   3.1468301e-02
   3.5670709e-02
   3.9110763e-02
   0.0000000e+00
   0.0000000e+00
   0.0000000e+00
   0.0000000e+00
   0.0000000e+00
   0.0000000e+00
   0.0000000e+00
   3.6512767e-02
   3.1074462e-02
   2.9069403e-02
   0.0000000e+00
   6.5698521e-03
   8.3083455e-03
   1.1236358e-02
   1.5353631e-02
   2.0530600e-02
   2.6499292e-02
   3.2909051e-02
   3.8822025e-02
   4.4115908e-02
   4.7719602e-02
   4.9699582e-02
   4.9890634e-02
   4.9388710e-02
   4.8335314e-02
   4.7300294e-02
   4.5692410e-02
   4.3976616e-02
   4.0345248e-02
   3.6274258e-02
   3.2169186e-02
   2.8401835e-02
   2.7836348e-02
   0.0000000e+00
   0.0000000e+00
   0.0000000e+00
   0.0000000e+00
   0.0000000e+00
   0.0000000e+00
   0.0000000e+00
   0.0000000e+00
   0.0000000e+00
   0.0000000e+00
   0.0000000e+00
   0.0000000e+00
   0.0000000e+00
   0.0000000e+00
   1.1662736e-02
   1.7101601e-02
   2.1190612e-02
   2.5775719e-02
   3.2414652e-02
   4.0698327e-02
   4.9349688e-02
   5.7947960e-02
   6.5062135e-02
   6.8640679e-02
   6.9706403e-02
   6.9254041e-02
   6.7945212e-02
   6.7183822e-02
   6.6393033e-02
   6.4608037e-02
   6.1802972e-02
   5.7065066e-02
   4.9434748e-02
   3.8840666e-02
   2.7100297e-02
   0.0000000e+00
   0.0000000e+00
   0.0000000e+00
   0.0000000e+00
   0.0000000e+00
   0.0000000e+00
   0.0000000e+00
   0.0000000e+00
   0.0000000e+00
   0.0000000e+00
   0.0000000e+00
   0.0000000e+00
   0.0000000e+00
   0.0000000e+00
   0.0000000e+00
   2.8725228e-02
   3.3931691e-02
   3.5269208e-02
   3.8080130e-02
   4.2966742e-02
   5.0626826e-02
   5.8755100e-02
   6.5566905e-02
   7.0897207e-02
   7.3730096e-02
   7.4300088e-02
   7.3142171e-02
   7.2899044e-02
   7.3304482e-02
   7.3725231e-02
   7.3423482e-02
   7.1529664e-02
   6.5780737e-02
   5.5392507e-02
   4.1513849e-02
   3.2911301e-02
   0.0000000e+00
   0.0000000e+00
   0.0000000e+00
   0.0000000e+00
   0.0000000e+00
   0.0000000e+00
   0.0000000e+00
   0.0000000e+00
   0.0000000e+00
   0.0000000e+00
   0.0000000e+00
   0.0000000e+00
   0.0000000e+00
   0.0000000e+00
   0.0000000e+00
   4.7283436e-02
   4.1981142e-02
   4.2980511e-02
   4.5656923e-02
   4.7982607e-02
   5.1596429e-02
   5.6187797e-02
   5.9932437e-02
   6.3417412e-02
   6.5521143e-02
   6.6391982e-02
   6.6259488e-02
   6.5973260e-02
   6.6364862e-02
   6.7225493e-02
   6.7727432e-02
   6.6330820e-02
   6.0409639e-02
   4.9601737e-02
   3.6113355e-02
   2.4795281e-02
   0.0000000e+00
   0.0000000e+00
   0.0000000e+00
   0.0000000e+00
   0.0000000e+00
   0.0000000e+00
   0.0000000e+00
   0.0000000e+00
   0.0000000e+00
   0.0000000e+00
   0.0000000e+00
   0.0000000e+00
   0.0000000e+00
   0.0000000e+00
   0.0000000e+00
   7.4820059e-02
   6.6297908e-02
   5.7957526e-02
   5.3273505e-02
   4.9951869e-02
   4.6650096e-02
   4.5317104e-02
   4.5927885e-02
   4.7416001e-02
   4.9106619e-02
   5.0223037e-02
   5.0350300e-02
   4.9857246e-02
   4.9588028e-02
   4.9639470e-02
   4.8697734e-02
   4.6062439e-02
   4.0763429e-02
   3.2049313e-02
   2.2568678e-02
   1.3494201e-02
   0.0000000e+00
   0.0000000e+00
   0.0000000e+00
   0.0000000e+00
   0.0000000e+00
   0.0000000e+00
   0.0000000e+00
   0.0000000e+00
   0.0000000e+00
   0.0000000e+00
   0.0000000e+00
   0.0000000e+00
   0.0000000e+00
   0.0000000e+00
   0.0000000e+00
   7.8049762e-02
   7.6787278e-02
   6.5190621e-02
   5.4076746e-02
   4.4530421e-02
   3.4710784e-02
   2.8373744e-02
   2.5365990e-02
   2.5414504e-02
   2.6816864e-02
   2.7926743e-02
   2.8511075e-02
   2.8028058e-02
   2.7104627e-02
   2.5530767e-02
   2.3266975e-02
   2.0198748e-02
   1.5139841e-02
   8.2662869e-03
   4.7880667e-03
   5.8312602e-03
   0.0000000e+00
   0.0000000e+00
   0.0000000e+00
   0.0000000e+00
   0.0000000e+00
   0.0000000e+00
   0.0000000e+00
   0.0000000e+00
   0.0000000e+00
   0.0000000e+00
   0.0000000e+00
   0.0000000e+00
   0.0000000e+00
   0.0000000e+00
   0.0000000e+00
   4.0435805e-02
   4.6468060e-02
   4.1071996e-02
   3.2296818e-02
   2.1762751e-02
   1.1376467e-02
   3.8251134e-03
  -4.8894418e-04
  -1.4090645e-03
  -7.3717898e-04
   4.8326794e-04
   1.9356352e-03
   2.0068893e-03
   1.0027471e-03
  -9.4317232e-04
  -3.4936236e-03
  -6.8005272e-03
  -1.1117039e-02
  -1.5838878e-02
  -1.6048595e-02
  -6.1596675e-03
   0.0000000e+00
   0.0000000e+00
   0.0000000e+00
   0.0000000e+00
   0.0000000e+00
   0.0000000e+00
   0.0000000e+00
   0.0000000e+00
   0.0000000e+00
   1.7475997e-02
   1.6886390e-02
   0.0000000e+00
   0.0000000e+00
   0.0000000e+00
  -5.1141889e-03
  -3.9572979e-04
   2.5368505e-03
   2.7814235e-03
  -7.6170644e-04
  -6.5234681e-03
  -1.2906621e-02
  -1.8334040e-02
  -2.2312822e-02
  -2.3708375e-02
  -2.2975042e-02
  -2.1153178e-02
  -1.8977737e-02
  -1.7986560e-02
  -1.8364208e-02
  -1.9907495e-02
  -2.2416465e-02
  -2.5480483e-02
  -2.8704748e-02
  -3.2383200e-02
  -3.6108613e-02
  -9.2882888e-03
   0.0000000e+00
   0.0000000e+00
   0.0000000e+00
   0.0000000e+00
   0.0000000e+00
   0.0000000e+00
   0.0000000e+00
   0.0000000e+00
  -0.0000000e+00
   1.2333872e-04
  -2.3942557e-03
  -7.4695691e-03
  -1.0872626e-02
  -8.0594558e-03
  -4.6368886e-02
  -4.4759765e-02
  -4.2473309e-02
  -3.9521992e-02
  -3.7995920e-02
  -3.8256735e-02
  -3.9672557e-02
  -4.2040497e-02
  -4.4473827e-02
  -4.5354806e-02
  -4.3895941e-02
  -4.1090075e-02
  -3.7838466e-02
  -3.6124513e-02
  -3.6072195e-02
  -3.7600536e-02
  -4.0178150e-02
  -4.2496484e-02
  -4.4024173e-02
  -4.5367241e-02
  -4.3889293e-02
   0.0000000e+00
   0.0000000e+00
   0.0000000e+00
   0.0000000e+00
   0.0000000e+00
   0.0000000e+00
   0.0000000e+00
   0.0000000e+00
   0.0000000e+00
  -0.0000000e+00
  -2.8597521e-02
  -3.0655276e-02
  -3.4970485e-02
  -4.0747713e-02
  -4.4355884e-02
  -6.5581270e-02
  -6.5440245e-02
  -6.3115336e-02
  -5.9429541e-02
  -5.6216650e-02
  -5.4218583e-02
  -5.3530440e-02
  -5.3938478e-02
  -5.4986782e-02
  -5.5019204e-02
  -5.2985199e-02
  -4.9668375e-02
  -4.6669286e-02
  -4.5537170e-02
  -4.6051133e-02
  -4.8161428e-02
  -5.0608627e-02
  -5.2328549e-02
  -5.2468129e-02
  -4.9184117e-02
  -3.2311228e-02
   0.0000000e+00
   0.0000000e+00
   0.0000000e+00
   0.0000000e+00
   0.0000000e+00
   0.0000000e+00
   0.0000000e+00
   0.0000000e+00
   0.0000000e+00
  -0.0000000e+00
  -4.3133356e-02
  -4.6824962e-02
  -5.2576929e-02
  -5.9076976e-02
  -6.3640192e-02
  -7.0117712e-02
  -7.1463786e-02
  -6.9605932e-02
  -6.5877311e-02
  -6.2656559e-02
  -6.0554910e-02
  -6.0258377e-02
  -6.0716681e-02
  -6.1415110e-02
  -6.0926370e-02
  -5.8670729e-02
  -5.6069445e-02
  -5.4872852e-02
  -5.5287100e-02
  -5.6911029e-02
  -5.9080269e-02
  -6.0663704e-02
  -6.1199527e-02
  -5.8833253e-02
  -4.4959843e-02
  -2.2337691e-02
   0.0000000e+00
   0.0000000e+00
   0.0000000e+00
   0.0000000e+00
   0.0000000e+00
   0.0000000e+00
   0.0000000e+00
   0.0000000e+00
   0.0000000e+00
  -0.0000000e+00
  -4.9499858e-02
  -5.3161435e-02
  -5.8169719e-02
  -6.3768990e-02
  -6.7202404e-02
  -6.1417259e-02
  -6.3833103e-02
  -6.3903593e-02
  -6.2394794e-02
  -6.1230995e-02
  -6.1634053e-02
  -6.3927993e-02
  -6.6965371e-02
  -6.9287226e-02
  -7.0022032e-02
  -6.9336303e-02
  -6.8642445e-02
  -6.8803132e-02
  -6.9481574e-02
  -7.0107698e-02
  -7.0276469e-02
  -6.9833353e-02
  -6.8082914e-02
  -6.0389210e-02
  -3.5518356e-02
   2.8139514e-03
   0.0000000e+00
   0.0000000e+00
   0.0000000e+00
   0.0000000e+00
   0.0000000e+00
   0.0000000e+00
   0.0000000e+00
   0.0000000e+00
   0.0000000e+00
  -0.0000000e+00
  -4.9303498e-02
  -4.9937114e-02
  -5.1651552e-02
  -5.4935802e-02
  -5.8073699e-02
  -4.6834465e-02
  -5.0605051e-02
  -5.4007232e-02
  -5.6679130e-02
  -5.9578251e-02
  -6.3567206e-02
  -6.8872795e-02
  -7.4419118e-02
  -7.9442807e-02
  -8.3344460e-02
  -8.5471787e-02
  -8.6211875e-02
  -8.5759416e-02
  -8.4207863e-02
  -8.1705265e-02
  -7.8139894e-02
  -7.3618487e-02
  -6.6616789e-02
  -5.2147385e-02
  -2.3057558e-02
   9.4108373e-03
   0.0000000e+00
   0.0000000e+00
   0.0000000e+00
   0.0000000e+00
   0.0000000e+00
   0.0000000e+00
   0.0000000e+00
   0.0000000e+00
  -0.0000000e+00
  -4.3565899e-02
  -4.4643171e-02
  -4.0732473e-02
  -3.8029999e-02
  -3.9184622e-02
  -4.3017376e-02
  -2.9879924e-02
  -3.5537351e-02
  -4.2537827e-02
  -4.9758013e-02
  -5.6886639e-02
  -6.4138830e-02
  -7.1543179e-02
  -7.8156419e-02
  -8.4284730e-02
  -9.0096578e-02
  -9.4330736e-02
  -9.6539892e-02
  -9.6014962e-02
  -9.2351958e-02
  -8.6110055e-02
  -7.7085540e-02
  -6.6530749e-02
  -5.3999320e-02
  -3.6201980e-02
  -8.9591397e-03
   1.4381186e-02
   0.0000000e+00
   0.0000000e+00
   0.0000000e+00
   0.0000000e+00
   0.0000000e+00
   0.0000000e+00
   0.0000000e+00
   0.0000000e+00
  -0.0000000e+00
  -4.1613873e-02
  -3.4816746e-02
  -2.6697146e-02
  -2.0239735e-02
  -1.9563779e-02
  -2.4021842e-02
  -1.6843583e-02
  -2.4070473e-02
  -3.2293625e-02
  -4.0813267e-02
  -4.8988357e-02
  -5.7052150e-02
  -6.4497218e-02
  -7.0440143e-02
  -7.5635210e-02
  -8.0244027e-02
  -8.3614923e-02
  -8.5681245e-02
  -8.5646220e-02
  -8.2080975e-02
  -7.5045250e-02
  -6.4326592e-02
  -5.1899541e-02
  -3.8107552e-02
  -2.0445364e-02
   5.8508047e-04
   1.1169600e-02
   0.0000000e+00
   0.0000000e+00
   0.0000000e+00
   0.0000000e+00
   0.0000000e+00
   0.0000000e+00
   0.0000000e+00
   0.0000000e+00
  -0.0000000e+00
  -3.2838263e-02
  -2.3120545e-02
  -1.3706972e-02
  -6.1726971e-03
  -3.8476491e-03
  -8.3012851e-03
  -1.1953284e-02
  -1.9234410e-02
  -2.7884239e-02
  -3.6892183e-02
  -4.5650706e-02
  -5.4191343e-02
  -6.1566364e-02
  -6.6837981e-02
  -7.0994020e-02
  -7.3655061e-02
  -7.4396238e-02
  -7.3334187e-02
  -7.0223182e-02
  -6.4525187e-02
  -5.6141932e-02
  -4.4770461e-02
  -3.2711413e-02
  -2.0433569e-02
  -6.1524948e-03
   7.4613895e-03
   6.5097306e-03
   0.0000000e+00
   0.0000000e+00
   0.0000000e+00
   0.0000000e+00
   0.0000000e+00
   0.0000000e+00
   0.0000000e+00
   0.0000000e+00
  -0.0000000e+00
  -2.4667697e-02
  -1.5069645e-02
  -6.5492601e-03
   5.4598210e-04
   3.9459430e-03
  -1.3274328e-03
  -1.3768703e-02
  -2.0127035e-02
  -3.0375728e-02
  -4.1943739e-02
  -5.3112273e-02
  -6.3411064e-02
  -7.1675799e-02
  -7.6901807e-02
  -8.0072907e-02
  -8.0109207e-02
  -7.6967849e-02
  -7.1117475e-02
  -6.2885106e-02
  -5.3223522e-02
  -4.2873854e-02
  -3.1734969e-02
  -2.0486636e-02
  -8.1819836e-03
   5.6418719e-03
   1.6144406e-02
   9.8110407e-03
   0.0000000e+00
   0.0000000e+00
   0.0000000e+00
   0.0000000e+00
   0.0000000e+00
   0.0000000e+00
   0.0000000e+00
   0.0000000e+00
  -2.3476822e-02
  -1.8583538e-02
  -1.0335296e-02
  -3.7603993e-03
   1.8305945e-03
   5.9228286e-03
   7.1474377e-06
  -1.6244280e-02
  -2.2026164e-02
  -3.2757595e-02
  -4.5236884e-02
  -5.6606044e-02
  -6.6234350e-02
  -7.3548182e-02
  -7.7808900e-02
  -8.0038091e-02
  -7.9378521e-02
  -7.5762464e-02
  -6.9431118e-02
  -6.0897649e-02
  -5.1180100e-02
  -4.0899711e-02
  -2.9827777e-02
  -1.7998814e-02
  -4.0579056e-03
   1.2201449e-02
   2.3418841e-02
   2.0745044e-02
   0.0000000e+00
   0.0000000e+00
   0.0000000e+00
   0.0000000e+00
   0.0000000e+00
   0.0000000e+00
  -0.0000000e+00
  -4.0988671e-02
  -2.1467502e-02
  -1.1745169e-02
  -5.7955703e-03
  -2.0420158e-03
   3.6748503e-04
   1.7845514e-03
  -9.8632787e-03
  -1.7522300e-02
  -2.3344882e-02
  -3.1841055e-02
  -4.1794587e-02
  -5.0799847e-02
  -5.8155525e-02
  -6.3445397e-02
  -6.6567987e-02
  -6.8961099e-02
  -7.0415273e-02
  -7.0588022e-02
  -6.8979293e-02
  -6.5169826e-02
  -5.8788702e-02
  -4.9847212e-02
  -3.7740313e-02
  -2.3381246e-02
  -6.9052540e-03
   1.1482565e-02
   2.6536825e-02
   3.1860101e-02
   0.0000000e+00
   0.0000000e+00
   0.0000000e+00
   0.0000000e+00
   0.0000000e+00
   0.0000000e+00
  -4.9615137e-02
  -4.1445144e-02
  -1.8677939e-02
  -9.2792949e-03
  -4.5398199e-03
  -2.2763417e-03
  -2.9467572e-03
  -3.4625540e-03
  -1.0595236e-02
  -2.1475557e-02
  -2.8285334e-02
  -3.4770891e-02
  -4.2142324e-02
  -4.9456209e-02
  -5.6224339e-02
  -6.1970893e-02
  -6.6454604e-02
  -7.0933834e-02
  -7.5472757e-02
  -7.9154626e-02
  -8.1157871e-02
  -8.0398679e-02
  -7.6060459e-02
  -6.8293497e-02
  -5.5895478e-02
  -3.9755542e-02
  -2.0484788e-02
   1.9603877e-03
   2.5209303e-02
   0.0000000e+00
   0.0000000e+00
   0.0000000e+00
   0.0000000e+00
   0.0000000e+00
   0.0000000e+00
   0.0000000e+00
  -5.1187724e-02
  -3.8856570e-02
  -1.9753810e-02
  -1.0637071e-02
  -4.2707501e-03
   1.0430177e-03
  -1.6547163e-03
  -5.8627576e-03
  -1.3719733e-02
  -2.7933644e-02
  -3.6190368e-02
  -4.2321999e-02
  -4.9109612e-02
  -5.6911197e-02
  -6.5221049e-02
  -7.2929755e-02
  -7.9541266e-02
  -8.6126447e-02
  -9.2688374e-02
  -9.7511262e-02
  -9.9864483e-02
  -9.9184647e-02
  -9.5369972e-02
  -8.8452041e-02
  -7.6964438e-02
  -6.1559509e-02
  -4.1876618e-02
  -1.9361148e-02
   2.6971559e-03
   0.0000000e+00
   0.0000000e+00
   0.0000000e+00
   0.0000000e+00
   0.0000000e+00
   0.0000000e+00
  -0.0000000e+00
  -5.1681455e-02
  -4.0661432e-02
  -2.5286794e-02
  -1.4987321e-02
  -4.2219772e-03
   8.7010916e-03
   1.0924903e-02
  -1.9320296e-03
  -1.6170766e-02
  -3.5302684e-02
  -4.3919466e-02
  -4.9379509e-02
  -5.4792039e-02
  -6.1284371e-02
  -6.8809554e-02
  -7.5514585e-02
  -8.0662951e-02
  -8.5333608e-02
  -9.0136245e-02
  -9.4102509e-02
  -9.6612729e-02
  -9.7584270e-02
  -9.6751377e-02
  -9.3891196e-02
  -8.7736301e-02
  -7.7187136e-02
  -6.0854990e-02
  -4.0677596e-02
  -2.9576674e-02
   0.0000000e+00
   0.0000000e+00
   0.0000000e+00
   0.0000000e+00
   0.0000000e+00
   0.0000000e+00
  -5.3954865e-02
  -5.0361179e-02
  -4.1975386e-02
  -3.1051312e-02
  -1.9966295e-02
  -2.0298327e-03
   1.1020692e-02
   1.8374925e-02
   9.9556452e-03
  -2.6362553e-02
  -4.0881433e-02
  -4.8971064e-02
  -5.3298347e-02
  -5.5858351e-02
  -5.9302345e-02
  -6.4334780e-02
  -6.8454117e-02
  -7.0488542e-02
  -7.1255647e-02
  -7.2290152e-02
  -7.4452065e-02
  -7.7407621e-02
  -8.0875553e-02
  -8.4185831e-02
  -8.6709507e-02
  -8.7577760e-02
  -8.4670067e-02
  -7.3956653e-02
  -5.6571679e-02
  -3.9886017e-02
   0.0000000e+00
   0.0000000e+00
   0.0000000e+00
   0.0000000e+00
   0.0000000e+00
   0.0000000e+00
  -5.1382720e-02
  -4.5140285e-02
  -3.7323084e-02
  -3.2684736e-02
  -2.4021517e-02
  -3.3641635e-03
   7.7183275e-03
   0.0000000e+00
   1.3795488e-02
  -0.0000000e+00
  -4.3226394e-02
  -4.8618697e-02
  -5.2103203e-02
  -5.2058611e-02
  -5.2804656e-02
  -5.6021947e-02
  -5.9492774e-02
  -6.0676239e-02
  -5.8929358e-02
  -5.5608023e-02
  -5.3118985e-02
  -5.3156931e-02
  -5.6544546e-02
  -6.2159672e-02
  -6.8656340e-02
  -7.5263515e-02
  -8.0442101e-02
  -7.8786962e-02
  -6.8900092e-02
  -5.6321608e-02
  -2.6595318e-02
   0.0000000e+00
   0.0000000e+00
   0.0000000e+00
   0.0000000e+00
   0.0000000e+00
  -0.0000000e+00
  -3.7067760e-02
  -3.0012166e-02
  -3.0177385e-02
  -2.8034337e-02
  -1.9562580e-02
   0.0000000e+00
  -0.0000000e+00
  -2.9233121e-02
   0.0000000e+00
  -0.0000000e+00
  -3.8138114e-02
  -4.1574568e-02
  -4.1455094e-02
  -4.2254817e-02
  -4.5579523e-02
  -5.0689351e-02
  -5.3811308e-02
  -5.3201910e-02
  -4.8729166e-02
  -4.2397637e-02
  -3.7262890e-02
  -3.6129236e-02
  -3.9732505e-02
  -4.6616957e-02
  -5.5613231e-02
  -6.4643376e-02
  -7.2526067e-02
  -6.3762307e-02
  -5.4037368e-02
  -3.7262991e-02
   0.0000000e+00
   0.0000000e+00
   0.0000000e+00
   0.0000000e+00
   0.0000000e+00
   0.0000000e+00
  -2.4606276e-02
  -1.9734979e-02
  -2.4229005e-02
  -2.6306836e-02
  -3.1877348e-02
  -3.9292797e-02
  -3.7952151e-02
  -3.5794480e-02
   0.0000000e+00
  -0.0000000e+00
  -1.9416049e-02
  -2.3495661e-02
  -2.5549090e-02
  -2.9004639e-02
  -3.4080707e-02
  -4.0369295e-02
  -4.5064308e-02
  -4.6732616e-02
  -4.4134870e-02
  -3.8356613e-02
  -3.1869724e-02
  -2.7515413e-02
  -2.7594190e-02
  -3.2031372e-02
  -3.9531507e-02
  -4.7406953e-02
  -5.6873899e-02
  -5.9182536e-02
  -4.6919009e-02
  -3.1168714e-02
   0.0000000e+00
   0.0000000e+00
   0.0000000e+00
   0.0000000e+00
   0.0000000e+00
   0.0000000e+00
  -0.0000000e+00
  -1.3396895e-02
  -1.5765502e-02
  -1.5223062e-02
  -2.1487890e-02
  -2.7760625e-02
  -2.7249109e-02
  -2.8752727e-02
   0.0000000e+00
   0.0000000e+00
   0.0000000e+00
   8.7218247e-03
   3.2699220e-03
  -5.4176776e-03
  -1.4470554e-02
  -2.2594543e-02
  -2.8548541e-02
  -3.1811669e-02
  -3.1236812e-02
  -2.8128510e-02
  -2.3980927e-02
  -1.9855639e-02
  -1.8158127e-02
  -1.9602727e-02
  -2.3246491e-02
  -2.7649017e-02
  -3.2244608e-02
  -3.4339536e-02
  -2.9323224e-02
  -1.6297778e-02
   0.0000000e+00
   0.0000000e+00
   0.0000000e+00
   0.0000000e+00
   0.0000000e+00
   0.0000000e+00
   0.0000000e+00
   0.0000000e+00
   0.0000000e+00
  -7.9867682e-04
   5.8208180e-03
   4.2732130e-03
   3.1649647e-03
  -1.5796163e-03
   5.9827804e-03
   0.0000000e+00
   0.0000000e+00
   3.6295734e-02
   3.1984247e-02
   2.0594367e-02
   8.4155314e-03
  -2.6734965e-03
  -9.7640322e-03
  -1.3554895e-02
  -1.3780199e-02
  -1.1846834e-02
  -9.3410173e-03
  -7.2388449e-03
  -6.6180696e-03
  -7.3002302e-03
  -9.1520390e-03
  -1.1274668e-02
  -1.2761533e-02
  -1.2339142e-02
  -1.0970620e-02
  -4.7422631e-03
   0.0000000e+00
   0.0000000e+00
   0.0000000e+00
   0.0000000e+00
   0.0000000e+00
   0.0000000e+00
   0.0000000e+00
   0.0000000e+00
   0.0000000e+00
   0.0000000e+00
   0.0000000e+00
   2.9163223e-02
   3.0879017e-02
   2.2543143e-02
   2.2072790e-02
   0.0000000e+00
   0.0000000e+00
   5.1446192e-02
   5.3918160e-02
   4.8505526e-02
   3.9277196e-02
   2.7120424e-02
   1.9592289e-02
   1.6754709e-02
   1.6579702e-02
   1.8127963e-02
   1.9475313e-02
   1.9386401e-02
   1.8393833e-02
   1.7255694e-02
   1.5756777e-02
   1.4308031e-02
   1.3641064e-02
   1.7019570e-02
   1.1185434e-02
   1.0476520e-02
   0.0000000e+00
   0.0000000e+00
   0.0000000e+00
   0.0000000e+00
   0.0000000e+00
   0.0000000e+00
   0.0000000e+00
   0.0000000e+00
   0.0000000e+00
   0.0000000e+00
   0.0000000e+00
   4.0263168e-02
   4.4712126e-02
   3.3412356e-02
   0.0000000e+00
   0.0000000e+00
   0.0000000e+00
   0.0000000e+00
   5.3832452e-02
   5.8545896e-02
   5.7020064e-02
   5.1333122e-02
   4.9191499e-02
   5.0133593e-02
   5.2056108e-02
   5.5077522e-02
   5.6740806e-02
   5.6400575e-02
   5.4457522e-02
   5.2895214e-02
   5.1166069e-02
   4.9078623e-02
   4.5962591e-02
   2.7767636e-02
   3.0360416e-02
   0.0000000e+00
   0.0000000e+00
   0.0000000e+00
   0.0000000e+00
   0.0000000e+00
   0.0000000e+00
   0.0000000e+00
   0.0000000e+00
   0.0000000e+00
   0.0000000e+00
   0.0000000e+00
   0.0000000e+00
   0.0000000e+00
   0.0000000e+00
   0.0000000e+00
   0.0000000e+00
   0.0000000e+00
   0.0000000e+00
   0.0000000e+00
   0.0000000e+00
   0.0000000e+00
   5.5251469e-02
   5.9510235e-02
   6.9505341e-02
   7.8607788e-02
   8.4422019e-02
   9.1273665e-02
   9.4438177e-02
   9.5660496e-02
   9.5578782e-02
   9.4940778e-02
   9.3824532e-02
   9.1486171e-02
   8.8020612e-02
   9.9029981e-02
   7.3336241e-02
   7.6343740e-02
   0.0000000e+00
   0.0000000e+00
   0.0000000e+00
   0.0000000e+00
   0.0000000e+00
   0.0000000e+00
   0.0000000e+00
   0.0000000e+00
   0.0000000e+00
   0.0000000e+00
   0.0000000e+00
   0.0000000e+00
   0.0000000e+00
   0.0000000e+00
   0.0000000e+00
   0.0000000e+00
   0.0000000e+00
   0.0000000e+00
   0.0000000e+00
   0.0000000e+00
   3.7532125e-02
   5.7602298e-02
   7.8991924e-02
   9.4615288e-02
   1.0587478e-01
   1.1396251e-01
   1.1863858e-01
   1.2196956e-01
   1.2407962e-01
   1.2577838e-01
   1.2619330e-01
   1.2561020e-01
   1.2370747e-01
   1.1537664e-01
   1.0035450e-01
   9.4264314e-02
   9.1927697e-02
   0.0000000e+00
   6.1160179e-02
   0.0000000e+00
   4.4236832e-02
   4.7504810e-02
   0.0000000e+00
   0.0000000e+00
   0.0000000e+00
   0.0000000e+00
   0.0000000e+00
   0.0000000e+00
   0.0000000e+00
   0.0000000e+00
   0.0000000e+00
   1.2336999e-02
   1.6657533e-02
   2.3686454e-02
   2.8478479e-02
   2.9307737e-02
   3.8266718e-02
   5.8105800e-02
   7.6683484e-02
   9.2313923e-02
   1.0439133e-01
   1.1146829e-01
   1.1573981e-01
   1.1799417e-01
   1.1974442e-01
   1.2208463e-01
   1.2513001e-01
   1.2738913e-01
   1.2777973e-01
   1.1865252e-01
   1.0086845e-01
   9.5534451e-02
   9.0322750e-02
   7.9981093e-02
   6.7642078e-02
   5.1045221e-02
   4.8401382e-02
   4.4034863e-02
   0.0000000e+00
   0.0000000e+00
   0.0000000e+00
   0.0000000e+00
   0.0000000e+00
   0.0000000e+00
   0.0000000e+00
  -0.0000000e+00
   8.5573912e-03
   2.1373514e-02
   2.4996239e-02
   2.8793681e-02
   3.0863974e-02
   3.2668892e-02
   3.6987133e-02
   4.4759057e-02
   5.3473179e-02
   6.2535733e-02
   6.9296472e-02
   7.3556772e-02
   7.4646026e-02
   7.4494362e-02
   7.5980379e-02
   7.7993214e-02
   8.1204578e-02
   8.4004094e-02
   8.0077839e-02
   6.8454543e-02
   7.4532791e-02
   6.9091596e-02
   6.4767763e-02
   5.9387938e-02
   5.1671274e-02
   4.5223362e-02
   3.7102509e-02
   0.0000000e+00
   0.0000000e+00
   0.0000000e+00
   0.0000000e+00
   0.0000000e+00
   0.0000000e+00
   0.0000000e+00
   0.0000000e+00
   0.0000000e+00
   1.5082637e-02
   2.7331043e-02
   2.7807783e-02
   2.5234492e-02
   2.3584752e-02
   2.1434873e-02
   1.9908413e-02
   1.8570885e-02
   1.7887551e-02
   1.7407411e-02
   1.7107512e-02
   1.6283546e-02
   1.4976262e-02
   1.3298597e-02
   1.2644237e-02
   1.2258211e-02
   1.2693876e-02
   1.2834354e-02
   1.4540678e-02
   1.6089162e-02
   1.7509958e-02
   1.7908102e-02
   1.7575614e-02
   1.6567604e-02
   1.8761288e-02
   0.0000000e+00
   0.0000000e+00
   0.0000000e+00
   0.0000000e+00
   0.0000000e+00
   0.0000000e+00
   0.0000000e+00
   0.0000000e+00
   0.0000000e+00
   0.0000000e+00
   0.0000000e+00
   3.1405433e-02
