   1.6729737e-02
   1.3844659e-02
   1.4037986e-02
   1.2573610e-02
   1.0688827e-02
   9.4085840e-03
   7.7003354e-03
   7.1680393e-03
   7.1096319e-03
   5.1789896e-03
   4.1521592e-03
   1.0854157e-03
  -3.9049305e-03
  -8.1044088e-03
  -1.2542431e-02
  -1.7270359e-02
  -2.0288478e-02
  -2.2172356e-02
  -2.5496219e-02
  -2.6368495e-02
  -3.1899406e-02
  -3.7901543e-02
  -0.0000000e+00
  -0.0000000e+00
  -0.0000000e+00
  -0.0000000e+00
  -0.0000000e+00
  -0.0000000e+00
  -0.0000000e+00
  -0.0000000e+00
  -0.0000000e+00
  -0.0000000e+00
   0.0000000e+00
   0.0000000e+00
   0.0000000e+00
   0.0000000e+00
   0.0000000e+00
   0.0000000e+00
   1.3520989e-02
   4.5162155e-03
  -9.1250091e-05
  -3.9552185e-03
  -3.9448794e-03
  -3.4418071e-03
  -1.6558543e-04
   1.0101020e-03
   5.2319997e-04
  -1.1592722e-03
  -6.4997990e-03
  -1.0744756e-02
  -1.5044575e-02
  -1.8279515e-02
  -2.0103989e-02
  -1.9481625e-02
  -1.8817380e-02
  -1.4503694e-02
  -2.3007672e-02
   0.0000000e+00
   0.0000000e+00
   0.0000000e+00
   0.0000000e+00
   0.0000000e+00
   0.0000000e+00
   0.0000000e+00
   0.0000000e+00
   0.0000000e+00
   0.0000000e+00
   0.0000000e+00
   0.0000000e+00
   0.0000000e+00
   0.0000000e+00
   0.0000000e+00
   0.0000000e+00
   0.0000000e+00
   4.4441596e-03
  -5.5415649e-03
  -1.1626717e-02
  -1.5300836e-02
  -1.4618334e-02
  -1.1178190e-02
  -6.8477779e-03
  -4.0926025e-03
  -2.9403595e-03
  -3.7282421e-03
  -7.1282550e-03
  -1.1611644e-02
  -1.5988326e-02
  -1.9305449e-02
  -1.8861163e-02
  -1.6240945e-02
  -1.2263423e-02
  -5.9578749e-03
  -9.8916033e-05
   0.0000000e+00
   0.0000000e+00
   0.0000000e+00
   0.0000000e+00
   0.0000000e+00
   0.0000000e+00
   0.0000000e+00
   0.0000000e+00
   0.0000000e+00
   0.0000000e+00
   0.0000000e+00
   0.0000000e+00
   0.0000000e+00
   0.0000000e+00
   0.0000000e+00
   0.0000000e+00
   0.0000000e+00
  -1.3808685e-03
  -9.0435995e-03
  -1.4755680e-02
  -2.0006910e-02
  -1.9378234e-02
  -1.4779012e-02
  -9.6745379e-03
  -5.8356570e-03
  -4.7683031e-03
  -5.1648170e-03
  -8.6315321e-03
  -1.3523428e-02
  -1.7046636e-02
  -1.8943097e-02
  -1.7587399e-02
  -1.3851049e-02
  -7.5410372e-03
   1.4426828e-03
   1.7838061e-02
   0.0000000e+00
   0.0000000e+00
   0.0000000e+00
   0.0000000e+00
   0.0000000e+00
   0.0000000e+00
   0.0000000e+00
   0.0000000e+00
   0.0000000e+00
   0.0000000e+00
   0.0000000e+00
   0.0000000e+00
   0.0000000e+00
   0.0000000e+00
   0.0000000e+00
   0.0000000e+00
  -0.0000000e+00
  -8.7663848e-03
  -1.4954871e-02
  -1.9864023e-02
  -2.3181168e-02
  -2.0194767e-02
  -1.5291197e-02
  -1.0827739e-02
  -7.1291118e-03
  -5.4919305e-03
  -6.2910984e-03
  -9.7482642e-03
  -1.3617640e-02
  -1.6455114e-02
  -1.6792558e-02
  -1.4409429e-02
  -9.7545730e-03
  -2.0537127e-03
   8.9383591e-03
   2.7858870e-02
   9.6174131e-03
   0.0000000e+00
   0.0000000e+00
   0.0000000e+00
   0.0000000e+00
   0.0000000e+00
   0.0000000e+00
   0.0000000e+00
   0.0000000e+00
   0.0000000e+00
   0.0000000e+00
   0.0000000e+00
   0.0000000e+00
   0.0000000e+00
   0.0000000e+00
   0.0000000e+00
  -0.0000000e+00
  -1.6925572e-02
  -2.1281955e-02
  -2.3771099e-02
  -2.2602975e-02
  -1.8430569e-02
  -1.4386589e-02
  -1.0609267e-02
  -7.5899074e-03
  -5.8225349e-03
  -6.4044501e-03
  -8.5998155e-03
  -1.1020801e-02
  -1.3190720e-02
  -1.2482269e-02
  -9.4252361e-03
  -3.8756579e-03
   5.7787074e-03
   1.8598205e-02
   3.8113742e-02
   1.7799762e-02
   0.0000000e+00
   0.0000000e+00
   0.0000000e+00
   0.0000000e+00
   0.0000000e+00
   0.0000000e+00
   0.0000000e+00
   0.0000000e+00
   0.0000000e+00
   0.0000000e+00
   0.0000000e+00
   0.0000000e+00
   0.0000000e+00
   0.0000000e+00
   0.0000000e+00
  -0.0000000e+00
  -1.3803446e-02
  -1.7361296e-02
  -1.7737675e-02
  -1.5286942e-02
  -1.2104724e-02
  -9.6329805e-03
  -7.5000776e-03
  -5.6856181e-03
  -4.0296516e-03
  -3.9097611e-03
  -5.0178263e-03
  -6.3881390e-03
  -7.6141832e-03
  -6.4274943e-03
  -2.9068210e-03
   3.2809218e-03
   1.4232235e-02
   2.8793018e-02
   4.7324128e-02
   2.9844970e-02
   0.0000000e+00
   0.0000000e+00
   0.0000000e+00
   0.0000000e+00
   0.0000000e+00
   0.0000000e+00
   0.0000000e+00
   0.0000000e+00
   0.0000000e+00
  -0.0000000e+00
   0.0000000e+00
   0.0000000e+00
   0.0000000e+00
   0.0000000e+00
   0.0000000e+00
  -0.0000000e+00
  -6.3579534e-03
  -5.5090231e-03
  -4.4873510e-03
  -3.5435632e-03
  -3.0169957e-03
  -2.7850127e-03
  -2.3840738e-03
  -1.9438348e-03
  -5.3667946e-04
   1.2838907e-04
  -4.7485525e-04
  -1.4220116e-03
  -1.7750127e-03
  -2.4894037e-04
   3.4703753e-03
   1.0514474e-02
   2.2192193e-02
   3.8077588e-02
   5.4377444e-02
   2.3782656e-02
   0.0000000e+00
   0.0000000e+00
   0.0000000e+00
   0.0000000e+00
   0.0000000e+00
   0.0000000e+00
   0.0000000e+00
   0.0000000e+00
   0.0000000e+00
  -9.4175875e-03
   8.6596347e-04
  -3.1960612e-04
  -2.8717343e-03
   0.0000000e+00
   0.0000000e+00
   3.4855036e-03
   3.4123741e-03
   6.6405702e-03
   6.8192901e-03
   5.5671446e-03
   4.0705926e-03
   2.9733274e-03
   2.1686703e-03
   1.8635006e-03
   3.0034350e-03
   3.5185036e-03
   2.7183271e-03
   1.9297879e-03
   2.0766489e-03
   3.8078534e-03
   8.0511235e-03
   1.5246346e-02
   2.6955189e-02
   4.5878246e-02
   6.5892364e-02
   0.0000000e+00
   0.0000000e+00
   0.0000000e+00
   0.0000000e+00
   0.0000000e+00
   0.0000000e+00
   0.0000000e+00
   0.0000000e+00
   0.0000000e+00
   0.0000000e+00
  -8.4877424e-03
   3.8909817e-03
   3.2234821e-03
   1.2282448e-03
  -4.7225829e-04
   1.2212482e-02
   1.2410037e-02
   1.4394335e-02
   1.6811145e-02
   1.6228253e-02
   1.4096918e-02
   1.1614954e-02
   9.6782213e-03
   7.8815753e-03
   7.0844796e-03
   7.3481165e-03
   7.0068305e-03
   5.7927072e-03
   5.2680210e-03
   5.6400900e-03
   7.8272624e-03
   1.2439867e-02
   1.9386223e-02
   3.1147206e-02
   5.7039302e-02
   9.2847008e-02
   0.0000000e+00
   0.0000000e+00
   0.0000000e+00
   0.0000000e+00
   0.0000000e+00
   0.0000000e+00
   0.0000000e+00
   0.0000000e+00
   0.0000000e+00
  -0.0000000e+00
  -2.9797258e-03
   7.7917487e-03
   1.0254586e-02
   9.9886777e-03
   9.7547341e-03
   1.8250708e-02
   1.7502254e-02
   2.0573411e-02
   2.2075048e-02
   2.1335131e-02
   1.8834541e-02
   1.5773306e-02
   1.3022703e-02
   1.0560079e-02
   9.1935880e-03
   8.4208176e-03
   7.5522275e-03
   6.4739315e-03
   6.3664690e-03
   7.1842168e-03
   1.0029697e-02
   1.4922859e-02
   2.2111876e-02
   3.4772418e-02
   6.3181713e-02
   8.9510578e-02
   0.0000000e+00
   0.0000000e+00
   0.0000000e+00
   0.0000000e+00
   0.0000000e+00
   0.0000000e+00
   0.0000000e+00
   0.0000000e+00
   0.0000000e+00
  -0.0000000e+00
   2.2652179e-03
   1.1423772e-02
   1.5259399e-02
   1.6229713e-02
   1.7101249e-02
   2.0930635e-02
   2.2263147e-02
   2.4671523e-02
   2.5221838e-02
   2.3578668e-02
   1.9998297e-02
   1.5735235e-02
   1.1944558e-02
   8.7348055e-03
   6.7236102e-03
   5.5112443e-03
   4.7360822e-03
   4.3808445e-03
   5.1590959e-03
   7.4268249e-03
   1.1767719e-02
   1.7698923e-02
   2.5949107e-02
   4.0310927e-02
   6.3548014e-02
   6.7175245e-02
   0.0000000e+00
   0.0000000e+00
   0.0000000e+00
   0.0000000e+00
   0.0000000e+00
   0.0000000e+00
   0.0000000e+00
   0.0000000e+00
  -0.0000000e+00
   2.0972084e-03
   8.5323956e-03
   1.6793750e-02
   2.0409262e-02
   2.1342058e-02
   2.1303212e-02
   2.2742262e-02
   2.3841819e-02
   2.4951804e-02
   2.3905326e-02
   2.0874374e-02
   1.6255308e-02
   1.1282323e-02
   7.4430890e-03
   4.6888394e-03
   3.2160112e-03
   2.5100461e-03
   2.2273150e-03
   2.6951819e-03
   4.7068242e-03
   8.6026601e-03
   1.4577398e-02
   2.1843119e-02
   3.1232983e-02
   4.5123518e-02
   5.8981813e-02
   4.8401546e-02
   0.0000000e+00
   0.0000000e+00
   0.0000000e+00
   0.0000000e+00
   0.0000000e+00
   0.0000000e+00
   0.0000000e+00
   0.0000000e+00
  -0.0000000e+00
   1.1424218e-02
   1.6818240e-02
   2.2186881e-02
   2.3942171e-02
   2.3841323e-02
   2.2842038e-02
   2.3638576e-02
   2.2082610e-02
   2.1289745e-02
   1.8700212e-02
   1.4831088e-02
   1.0047250e-02
   6.1936271e-03
   4.0258802e-03
   3.2018044e-03
   3.3768951e-03
   3.8070746e-03
   4.4203131e-03
   5.7408675e-03
   8.3027445e-03
   1.2431213e-02
   1.8601676e-02
   2.5934303e-02
   3.4468912e-02
   4.3402866e-02
   4.8618227e-02
   3.7883461e-02
   0.0000000e+00
   0.0000000e+00
   0.0000000e+00
   0.0000000e+00
   0.0000000e+00
   0.0000000e+00
   0.0000000e+00
   0.0000000e+00
   0.0000000e+00
   1.6355589e-02
   2.3318727e-02
   2.4954729e-02
   2.4806030e-02
   2.4290910e-02
   2.3790747e-02
   2.0861698e-02
   1.6998805e-02
   1.4038075e-02
   1.0242039e-02
   5.9911688e-03
   2.0854124e-03
   2.9685424e-04
   5.4526003e-04
   2.3036790e-03
   4.9373615e-03
   7.5887851e-03
   1.0364230e-02
   1.3236071e-02
   1.6153613e-02
   1.9367788e-02
   2.3520639e-02
   2.8244143e-02
   3.2642465e-02
   3.4230172e-02
   3.4209796e-02
   2.3391696e-02
   0.0000000e+00
   0.0000000e+00
   0.0000000e+00
   0.0000000e+00
   0.0000000e+00
   0.0000000e+00
   0.0000000e+00
   0.0000000e+00
   0.0000000e+00
   2.0944495e-02
   2.4624655e-02
   2.3659000e-02
   2.2383843e-02
   2.1743177e-02
   2.1800604e-02
   1.3862043e-02
   9.8402211e-03
   6.4758752e-03
   1.7998951e-03
  -3.0941924e-03
  -7.0346398e-03
  -8.9094704e-03
  -8.6003449e-03
  -6.2903846e-03
  -2.3915579e-03
   2.2440841e-03
   7.4270046e-03
   1.2609500e-02
   1.6856659e-02
   2.0362016e-02
   2.3791460e-02
   2.7053550e-02
   2.9612498e-02
   3.3580211e-02
   2.3809809e-02
   1.6820662e-02
   0.0000000e+00
   0.0000000e+00
   0.0000000e+00
   0.0000000e+00
   0.0000000e+00
   0.0000000e+00
   0.0000000e+00
   0.0000000e+00
   0.0000000e+00
   1.8885704e-02
   1.9479740e-02
   1.7981060e-02
   1.6234616e-02
   1.5110485e-02
   1.6633514e-02
   1.0390462e-02
   4.0363739e-03
   1.0537778e-03
  -4.4331653e-03
  -1.0493563e-02
  -1.5295173e-02
  -1.8106878e-02
  -1.8739060e-02
  -1.7494198e-02
  -1.4617367e-02
  -1.0581153e-02
  -5.5530230e-03
   1.4593295e-04
   5.1401211e-03
   9.2467740e-03
   1.2723960e-02
   1.5833434e-02
   1.9538864e-02
   2.2346493e-02
   1.3178957e-02
   1.1102056e-02
   0.0000000e+00
   0.0000000e+00
   0.0000000e+00
   0.0000000e+00
   0.0000000e+00
   0.0000000e+00
   0.0000000e+00
   0.0000000e+00
   1.8890525e-02
   1.2633935e-02
   1.2115647e-02
   1.0975091e-02
   8.5803056e-03
   8.9338529e-03
   1.4722499e-02
   1.0003383e-02
   8.0037420e-04
  -1.4528531e-03
  -5.2419485e-03
  -9.1566051e-03
  -1.1936621e-02
  -1.3705410e-02
  -1.4548050e-02
  -1.4666055e-02
  -1.4038292e-02
  -1.2576642e-02
  -1.0259553e-02
  -7.1416177e-03
  -3.8887600e-03
  -8.1220684e-04
   1.9435292e-03
   4.3223048e-03
   7.0978516e-03
   1.0664698e-02
   9.5118757e-03
   1.0402870e-02
   0.0000000e+00
   0.0000000e+00
   0.0000000e+00
   0.0000000e+00
   0.0000000e+00
   0.0000000e+00
   0.0000000e+00
   1.6564625e-03
   1.7079187e-02
   8.7613267e-03
   8.5075879e-03
   7.8994529e-03
   4.4481744e-03
   2.7903742e-03
   0.0000000e+00
  -1.3758853e-02
  -1.3736714e-03
   6.3954519e-04
   2.3104616e-03
   2.9071980e-03
   3.2993332e-03
   3.6380932e-03
   3.7218686e-03
   3.7726825e-03
   3.8047615e-03
   3.5454594e-03
   2.8372697e-03
   1.6817795e-03
   6.1808612e-04
   8.9122481e-05
   5.0462689e-04
   1.4577027e-03
   1.8474739e-03
  -7.8761213e-05
  -6.1661458e-04
   3.9178478e-03
   0.0000000e+00
   0.0000000e+00
   0.0000000e+00
   0.0000000e+00
   0.0000000e+00
   0.0000000e+00
  -0.0000000e+00
   9.6486646e-03
   1.3484625e-02
   8.5191074e-03
   9.7087117e-03
   1.0339882e-02
   6.2067972e-03
   6.4220516e-04
  -1.1034258e-02
  -1.0143851e-02
  -3.9987121e-03
  -1.5664697e-04
   4.2763413e-03
   6.9347885e-03
   8.5292496e-03
   9.4065089e-03
   9.2162108e-03
   8.4330933e-03
   6.9510611e-03
   4.7607720e-03
   1.9071652e-03
  -1.4197347e-03
  -4.4308053e-03
  -6.7092176e-03
  -7.8263730e-03
  -7.8269364e-03
  -8.0197267e-03
  -9.6475864e-03
  -7.2590903e-03
   3.8492739e-03
   0.0000000e+00
   0.0000000e+00
   0.0000000e+00
   0.0000000e+00
   0.0000000e+00
   0.0000000e+00
  -4.2291773e-03
   6.4511783e-03
   3.7636294e-03
   2.3585635e-03
   5.4148808e-03
   8.8273557e-03
   6.8124278e-03
   1.2533355e-03
  -7.9189222e-03
  -6.6970875e-03
  -6.8057068e-03
  -4.4631325e-03
  -2.7937742e-04
   1.3963743e-03
   1.2441402e-03
   1.0666810e-04
  -2.1486310e-03
  -5.1059066e-03
  -8.6715575e-03
  -1.2269184e-02
  -1.5532273e-02
  -1.8277500e-02
  -2.0142227e-02
  -2.1571202e-02
  -2.2618040e-02
  -2.2457981e-02
  -2.1326035e-02
  -1.9911475e-02
  -1.6541710e-02
   0.0000000e+00
   0.0000000e+00
   0.0000000e+00
   0.0000000e+00
   0.0000000e+00
   0.0000000e+00
   0.0000000e+00
  -3.2072011e-03
  -3.2459802e-03
  -7.8441491e-03
  -7.7580195e-03
  -1.2428851e-03
   6.0220617e-03
   8.4695038e-03
   4.5616040e-03
  -3.3031914e-03
  -3.0190500e-03
  -9.5140859e-03
  -9.4451578e-03
  -5.6995950e-03
  -4.5741727e-03
  -6.0645626e-03
  -8.4565450e-03
  -1.1493089e-02
  -1.5004717e-02
  -1.8873226e-02
  -2.2596806e-02
  -2.5742589e-02
  -2.8175185e-02
  -2.9827876e-02
  -3.1214308e-02
  -3.2683641e-02
  -3.3649534e-02
  -3.2919873e-02
  -3.1304687e-02
  -3.0367217e-02
   0.0000000e+00
   0.0000000e+00
   0.0000000e+00
   0.0000000e+00
   0.0000000e+00
   0.0000000e+00
  -0.0000000e+00
  -6.6066515e-03
  -1.2759131e-02
  -1.8104983e-02
  -1.7707353e-02
  -7.1312127e-03
   7.4844103e-03
   5.8546046e-04
  -1.3528093e-03
  -1.5439768e-03
  -4.4011287e-03
  -1.1232357e-02
  -1.3510644e-02
  -1.0364035e-02
  -8.3756177e-03
  -8.5423095e-03
  -9.6118925e-03
  -1.0817075e-02
  -1.2073869e-02
  -1.3525216e-02
  -1.5366754e-02
  -1.7782522e-02
  -2.1121219e-02
  -2.5157543e-02
  -2.9662412e-02
  -3.4998618e-02
  -4.0123779e-02
  -4.2772248e-02
  -3.8532920e-02
  -3.5805838e-02
   0.0000000e+00
   0.0000000e+00
   0.0000000e+00
   0.0000000e+00
   0.0000000e+00
   0.0000000e+00
  -0.0000000e+00
  -1.2992297e-02
  -1.7292468e-02
  -2.1782776e-02
  -2.4917521e-02
  -2.8095467e-02
   0.0000000e+00
  -0.0000000e+00
  -1.1426291e-02
   0.0000000e+00
  -5.1077083e-03
  -1.1403559e-02
  -1.5465901e-02
  -1.3341581e-02
  -1.0358193e-02
  -8.7447716e-03
  -8.2994169e-03
  -7.7449088e-03
  -6.5888716e-03
  -4.9492437e-03
  -4.2962842e-03
  -5.4558450e-03
  -8.9580417e-03
  -1.4407918e-02
  -2.1708896e-02
  -3.1252582e-02
  -4.2115878e-02
  -5.2133869e-02
  -4.3893807e-02
  -6.0808160e-02
  -1.0290779e-01
   0.0000000e+00
   0.0000000e+00
   0.0000000e+00
   0.0000000e+00
   0.0000000e+00
  -0.0000000e+00
  -1.7024044e-02
  -2.1007430e-02
  -2.2075534e-02
  -2.4704318e-02
  -3.5044629e-02
   0.0000000e+00
  -0.0000000e+00
  -3.3760376e-02
   0.0000000e+00
  -2.9151830e-03
  -8.9800954e-03
  -1.4699339e-02
  -1.4086977e-02
  -1.1118039e-02
  -8.4864860e-03
  -8.0535384e-03
  -8.0094188e-03
  -6.8054772e-03
  -3.7022342e-03
  -3.0459432e-04
   1.4236765e-03
   3.4895662e-04
  -3.5173949e-03
  -1.0138001e-02
  -2.0361539e-02
  -3.4096729e-02
  -5.4031439e-02
  -5.6028733e-02
  -8.6676025e-02
  -9.1811014e-02
   0.0000000e+00
   0.0000000e+00
   0.0000000e+00
   0.0000000e+00
   0.0000000e+00
   0.0000000e+00
  -0.0000000e+00
  -1.8070829e-02
  -2.3278188e-02
  -2.2782933e-02
  -2.4671534e-02
  -1.6458250e-02
  -2.4165015e-02
  -3.4524806e-02
   0.0000000e+00
   0.0000000e+00
  -2.5080950e-03
  -9.9538909e-03
  -1.1435826e-02
  -9.7064134e-03
  -6.8218433e-03
  -6.8624644e-03
  -9.1142636e-03
  -1.0347526e-02
  -8.9899031e-03
  -4.9536200e-03
  -4.1219866e-04
   2.0625691e-03
   1.4458445e-03
  -1.9452136e-03
  -9.2111984e-03
  -2.0085454e-02
  -3.7188202e-02
  -5.8443934e-02
  -7.0375755e-02
  -8.3972080e-02
   0.0000000e+00
   0.0000000e+00
   0.0000000e+00
   0.0000000e+00
   0.0000000e+00
   0.0000000e+00
   0.0000000e+00
  -4.5510739e-03
  -1.6346153e-02
  -1.9237490e-02
  -1.8587001e-02
  -1.6235167e-02
  -1.8699383e-02
  -3.0188094e-02
   0.0000000e+00
   0.0000000e+00
   5.7499237e-03
  -2.4336227e-03
  -6.1990423e-03
  -5.9950030e-03
  -3.4166239e-03
  -3.3407174e-03
  -6.9778515e-03
  -1.0526286e-02
  -1.1975417e-02
  -9.8375212e-03
  -5.0897691e-03
  -3.8766250e-04
   1.4461955e-03
   5.6827610e-04
  -3.9324933e-03
  -1.1861146e-02
  -2.2856319e-02
  -3.3884326e-02
  -4.9469400e-02
  -7.4808341e-02
   0.0000000e+00
   0.0000000e+00
   0.0000000e+00
   0.0000000e+00
   0.0000000e+00
   0.0000000e+00
   0.0000000e+00
   0.0000000e+00
  -0.0000000e+00
  -1.2994646e-02
  -1.0601390e-02
  -1.1911900e-02
  -1.4159182e-02
  -2.2615394e-02
   0.0000000e+00
   0.0000000e+00
   1.6567809e-02
   9.1461400e-03
   5.6485902e-03
   3.9536874e-03
   4.9411454e-03
   4.0774541e-03
  -2.8927060e-04
  -5.7889689e-03
  -1.0164357e-02
  -1.0666111e-02
  -7.7213161e-03
  -2.7755210e-03
   6.5691746e-04
   1.6507205e-03
  -1.4855839e-04
  -5.4517137e-03
  -1.3840857e-02
  -2.2805618e-02
  -3.5929885e-02
  -5.4770682e-02
   0.0000000e+00
   0.0000000e+00
   0.0000000e+00
   0.0000000e+00
   0.0000000e+00
   0.0000000e+00
   0.0000000e+00
   0.0000000e+00
   0.0000000e+00
   0.0000000e+00
   1.2590384e-04
  -2.0906280e-03
  -7.1961177e-03
  -9.2438721e-03
  -6.9282715e-03
   0.0000000e+00
   1.7655627e-02
   1.2844149e-02
   1.6632985e-02
   1.8290564e-02
   1.7551249e-02
   1.4002915e-02
   7.7909338e-03
   5.0707912e-04
  -6.0304212e-03
  -8.2515757e-03
  -6.3854093e-03
  -1.7275951e-03
   2.2567270e-03
   3.9640982e-03
   3.2101921e-03
  -7.3197330e-04
  -8.2041873e-03
  -1.8126445e-02
  -2.7496752e-02
  -4.1338042e-02
   0.0000000e+00
   0.0000000e+00
   0.0000000e+00
   0.0000000e+00
   0.0000000e+00
   0.0000000e+00
   0.0000000e+00
   0.0000000e+00
   0.0000000e+00
   0.0000000e+00
   0.0000000e+00
   3.6519398e-03
  -2.2658391e-03
  -1.8222859e-03
  -3.2374487e-03
   0.0000000e+00
   0.0000000e+00
   1.3391831e-02
   1.8385310e-02
   3.2881740e-02
   3.8040597e-02
   3.1419501e-02
   2.1350592e-02
   1.0682551e-02
   1.2720561e-03
  -2.9996440e-03
  -1.9424944e-03
   2.7892403e-03
   7.4715274e-03
   1.0170504e-02
   9.8118354e-03
   6.7103175e-03
  -1.1495285e-04
  -1.1948585e-02
  -1.7992334e-02
  -2.4513125e-02
   0.0000000e+00
   0.0000000e+00
   0.0000000e+00
   0.0000000e+00
   0.0000000e+00
   0.0000000e+00
   0.0000000e+00
   0.0000000e+00
   0.0000000e+00
   0.0000000e+00
   0.0000000e+00
   0.0000000e+00
   1.0840482e-03
   1.6519565e-03
   0.0000000e+00
   0.0000000e+00
   0.0000000e+00
   0.0000000e+00
   1.5240142e-02
   3.0105976e-02
   4.7646292e-02
   4.5433361e-02
   3.4701340e-02
   2.1206690e-02
   9.1715138e-03
   3.4186018e-03
   4.2668846e-03
   9.6241571e-03
   1.5306640e-02
   1.9409277e-02
   1.9700957e-02
   1.6984526e-02
   1.0722565e-02
   3.7922993e-05
  -1.0726692e-02
  -1.0038906e-02
  -7.4509648e-03
   0.0000000e+00
  -0.0000000e+00
   0.0000000e+00
  -0.0000000e+00
   0.0000000e+00
   0.0000000e+00
   0.0000000e+00
   0.0000000e+00
   0.0000000e+00
   0.0000000e+00
   0.0000000e+00
   0.0000000e+00
   0.0000000e+00
   0.0000000e+00
   0.0000000e+00
   0.0000000e+00
   0.0000000e+00
   0.0000000e+00
   1.8107509e-02
   4.0098603e-02
   4.5438698e-02
   3.8430754e-02
   2.6038252e-02
   1.3556917e-02
   7.8439722e-03
   8.7402229e-03
   1.5701298e-02
   2.3365770e-02
   2.9373529e-02
   3.1179691e-02
   2.8904244e-02
   2.2939947e-02
   1.5179376e-02
  -2.3365223e-03
  -2.0384564e-03
  -7.4494011e-04
  -0.0000000e+00
  -0.0000000e+00
   0.0000000e+00
  -0.0000000e+00
  -0.0000000e+00
   0.0000000e+00
   0.0000000e+00
   0.0000000e+00
   0.0000000e+00
   0.0000000e+00
   0.0000000e+00
   0.0000000e+00
   0.0000000e+00
   0.0000000e+00
   0.0000000e+00
   0.0000000e+00
   0.0000000e+00
  -0.0000000e+00
   2.1478442e-03
   2.1999840e-02
   3.3013601e-02
   3.1822095e-02
   2.3118943e-02
   1.3000765e-02
   8.0849077e-03
   8.4541729e-03
   1.5194692e-02
   2.4945458e-02
   3.3111345e-02
   3.7111524e-02
   3.6727509e-02
   3.2267034e-02
   2.5275992e-02
   1.4702322e-02
   8.2926968e-03
   1.0674962e-02
   1.0345672e-02
   5.7528020e-04
   0.0000000e+00
   3.3414648e-03
  -2.9526916e-04
   0.0000000e+00
   0.0000000e+00
   0.0000000e+00
   0.0000000e+00
   0.0000000e+00
   0.0000000e+00
  -0.0000000e+00
  -5.4550556e-03
  -9.1015874e-03
  -1.1962838e-02
  -1.0092712e-02
  -1.2897579e-02
  -1.1953260e-02
  -1.6613844e-03
   1.1583478e-02
   2.1526540e-02
   2.3276271e-02
   1.7547764e-02
   9.5905522e-03
   4.5582373e-03
   3.8548864e-03
   8.2587870e-03
   1.7196283e-02
   2.6215216e-02
   3.3076666e-02
   3.5745788e-02
   3.4977853e-02
   3.0852480e-02
   2.4639059e-02
   1.4635049e-02
   1.6159439e-02
   1.7195161e-02
   1.7243304e-02
   1.2880709e-02
   1.1866031e-02
   0.0000000e+00
   0.0000000e+00
   0.0000000e+00
   0.0000000e+00
   0.0000000e+00
   0.0000000e+00
   0.0000000e+00
  -0.0000000e+00
  -6.5905445e-03
  -1.0908111e-02
  -1.0894619e-02
  -1.0957368e-02
  -1.0459564e-02
  -8.5850041e-03
  -4.3173828e-03
   9.9738687e-04
   6.1556851e-03
   8.8745056e-03
   6.3790069e-03
   1.4072102e-03
  -1.5417210e-03
  -2.6259173e-03
  -2.3937313e-04
   5.2935354e-03
   1.2748026e-02
   2.0459760e-02
   2.5785005e-02
   2.9335523e-02
   3.4390386e-02
   2.5716292e-02
   2.3027545e-02
   2.4437239e-02
   2.4238131e-02
   2.4224656e-02
   2.2909302e-02
   0.0000000e+00
   0.0000000e+00
   0.0000000e+00
   0.0000000e+00
   0.0000000e+00
   0.0000000e+00
   0.0000000e+00
   0.0000000e+00
   0.0000000e+00
  -1.3353056e-02
  -8.8877780e-03
  -1.1327319e-02
  -1.2037894e-02
  -1.1525542e-02
  -1.0883008e-02
  -1.0505018e-02
  -9.1866674e-03
  -8.4733937e-03
  -7.6261172e-03
  -7.6984550e-03
  -8.1337897e-03
  -8.6201427e-03
  -8.1997055e-03
  -6.5499471e-03
  -3.6508988e-03
   1.1417415e-03
   6.7017247e-03
   1.3477875e-02
   1.9058723e-02
   2.3632287e-02
   2.7398430e-02
   2.9639676e-02
   3.0564235e-02
   3.1927087e-02
   3.4530265e-02
   2.9189853e-02
   0.0000000e+00
   0.0000000e+00
   0.0000000e+00
   0.0000000e+00
   0.0000000e+00
   0.0000000e+00
   0.0000000e+00
  -0.0000000e+00
  -0.0000000e+00
  -1.6095157e-02
  -1.3243495e-02
