   0.0000000e+00
   0.0000000e+00
   0.0000000e+00
   0.0000000e+00
   0.0000000e+00
   0.0000000e+00
   0.0000000e+00
   0.0000000e+00
   8.0118314e-03
  -9.5217152e-03
  -1.7986996e-02
  -1.9538283e-02
  -2.0328601e-02
  -2.0955614e-02
  -2.2432066e-02
  -2.4748223e-02
  -2.2627813e-02
  -2.4355963e-02
  -2.7378802e-02
  -2.3987550e-02
   0.0000000e+00
   0.0000000e+00
  -1.1201909e-02
  -8.9114432e-03
  -8.5560876e-03
  -9.1942398e-03
  -1.4966330e-03
  -6.3482403e-03
   0.0000000e+00
   0.0000000e+00
   0.0000000e+00
   0.0000000e+00
   0.0000000e+00
   0.0000000e+00
   0.0000000e+00
   0.0000000e+00
  -0.0000000e+00
   0.0000000e+00
   0.0000000e+00
   0.0000000e+00
   0.0000000e+00
  -1.9131794e-02
  -2.0842858e-02
  -1.9399900e-02
  -1.1401071e-02
  -1.2367560e-02
  -1.1266876e-02
  -9.1385413e-03
  -6.3798777e-03
  -4.0150830e-03
  -2.1888330e-03
  -2.3071151e-03
  -2.6515620e-03
  -3.2830341e-03
  -3.0722541e-03
  -2.6407465e-03
   8.9151814e-04
   1.1770470e-02
   1.0636785e-02
   1.2796246e-02
   1.3896733e-02
   1.1052832e-02
   6.6027397e-03
   0.0000000e+00
   0.0000000e+00
   0.0000000e+00
   0.0000000e+00
   0.0000000e+00
   0.0000000e+00
   0.0000000e+00
  -0.0000000e+00
  -0.0000000e+00
   0.0000000e+00
   0.0000000e+00
   0.0000000e+00
   0.0000000e+00
   0.0000000e+00
  -4.5180833e-03
   3.5151626e-04
   5.9505729e-03
   1.2933469e-02
   2.0292054e-02
   2.6629422e-02
   3.1690728e-02
   3.5337600e-02
   3.7340902e-02
   3.8577888e-02
   3.9690434e-02
   4.0340565e-02
   3.9624520e-02
   3.9379585e-02
   4.0035781e-02
   4.1298218e-02
   4.1690744e-02
   3.9931162e-02
   3.6372699e-02
   3.6654643e-02
   3.9245822e-02
   4.1448069e-02
   3.9240104e-02
   4.3868813e-02
   0.0000000e+00
   0.0000000e+00
   0.0000000e+00
   0.0000000e+00
   0.0000000e+00
   0.0000000e+00
   0.0000000e+00
   0.0000000e+00
   0.0000000e+00
   0.0000000e+00
   0.0000000e+00
   1.7814996e-02
   2.9198613e-02
   3.9751141e-02
   4.6118774e-02
   5.4525681e-02
   6.3514449e-02
   7.1241066e-02
   7.6359659e-02
   7.8842891e-02
   7.9539977e-02
   7.9250969e-02
   7.8863246e-02
   7.9047613e-02
   7.8571215e-02
   7.6899527e-02
   7.4157991e-02
   7.1406208e-02
   0.0000000e+00
   0.0000000e+00
   3.8497331e-02
   4.2462821e-02
   5.3668544e-02
   6.2798686e-02
   5.8479559e-02
   5.1243983e-02
   5.6260689e-02
   6.3347330e-02
   3.6740375e-02
   3.8593436e-02
   3.4172469e-02
   0.0000000e+00
   0.0000000e+00
   0.0000000e+00
   0.0000000e+00
   0.0000000e+00
   6.7281543e-02
   5.0714690e-02
   5.7627983e-02
   6.7987986e-02
   7.4832857e-02
   8.0912374e-02
   8.7103017e-02
   9.2004292e-02
   9.5093802e-02
   9.6543655e-02
   9.7505480e-02
   9.7422868e-02
   9.7245276e-02
   9.7394429e-02
   9.7073101e-02
   9.4856754e-02
   8.9694835e-02
   7.6652996e-02
   0.0000000e+00
   0.0000000e+00
   3.9646991e-02
   4.3449227e-02
   0.0000000e+00
   0.0000000e+00
   5.2993190e-02
   5.3629536e-02
   0.0000000e+00
   6.6233689e-02
   5.7333618e-02
   5.1223457e-02
   5.5498891e-02
   5.0746092e-02
   0.0000000e+00
   8.1224347e-02
   0.0000000e+00
   7.2361816e-02
   8.9566079e-02
   8.8498954e-02
   7.8394590e-02
   8.2051208e-02
   8.6107162e-02
   8.8239212e-02
   8.7360528e-02
   8.6282250e-02
   8.6549667e-02
   8.8428785e-02
   9.0895612e-02
   9.2404258e-02
   9.2853781e-02
   9.3032453e-02
   9.2267122e-02
   8.9958553e-02
   8.4509147e-02
   6.6485539e-02
   0.0000000e+00
   0.0000000e+00
   3.6443059e-02
   3.9585157e-02
   0.0000000e+00
   0.0000000e+00
   0.0000000e+00
   0.0000000e+00
   0.0000000e+00
   0.0000000e+00
   0.0000000e+00
   6.0196024e-02
   7.0330082e-02
   6.7137127e-02
   8.2713519e-02
   7.8460742e-02
   7.8512468e-02
   7.1197301e-02
   8.8335498e-02
   9.3322977e-02
   8.8544607e-02
   8.5491307e-02
   8.0687277e-02
   7.4393101e-02
   6.7641348e-02
   6.2535040e-02
   6.1419774e-02
   6.3164607e-02
   6.6169322e-02
   6.9230326e-02
   7.0652820e-02
   7.1334742e-02
   7.0572175e-02
   6.8877839e-02
   6.4429775e-02
   4.7765210e-02
   0.0000000e+00
   0.0000000e+00
   2.3352779e-02
   2.6087143e-02
   0.0000000e+00
   0.0000000e+00
   0.0000000e+00
   0.0000000e+00
   0.0000000e+00
   0.0000000e+00
   4.1388680e-02
   6.2887194e-02
   7.1485758e-02
   6.7099601e-02
   7.6243132e-02
   5.0017157e-02
   5.3755037e-02
   4.5847689e-02
   4.9699649e-02
   6.0313471e-02
   5.9226979e-02
   5.5298709e-02
   4.8653759e-02
   4.0387690e-02
   3.3806245e-02
   2.9942177e-02
   2.9378390e-02
   3.1084694e-02
   3.3972837e-02
   3.7513509e-02
   4.0123618e-02
   4.0996078e-02
   4.0770113e-02
   3.9573665e-02
   3.4951914e-02
   2.5255391e-02
   2.1968680e-02
   0.0000000e+00
   0.0000000e+00
   0.0000000e+00
   0.0000000e+00
   0.0000000e+00
   0.0000000e+00
   0.0000000e+00
   0.0000000e+00
   0.0000000e+00
   3.7895687e-02
   4.8169799e-02
   5.2145564e-02
   4.8298642e-02
   4.8343584e-02
   1.0594579e-02
   1.0778165e-02
   9.3664471e-03
   1.7353679e-02
   2.0624207e-02
   2.0047333e-02
   1.8470684e-02
   1.4601319e-02
   9.5139518e-03
   5.7926252e-03
   4.1061677e-03
   4.3170759e-03
   6.4439988e-03
   9.4584702e-03
   1.2803232e-02
   1.5176842e-02
   1.6208645e-02
   1.6180785e-02
   1.4043278e-02
   8.5112415e-03
   2.4593326e-03
   3.7195797e-03
   0.0000000e+00
   0.0000000e+00
  -0.0000000e+00
  -0.0000000e+00
   0.0000000e+00
   0.0000000e+00
  -0.0000000e+00
   1.2235372e-02
   9.5684130e-03
   1.5901340e-02
   1.8681435e-02
   1.9797709e-02
   1.6008427e-02
   1.2292095e-02
  -2.3538401e-02
  -2.3787694e-02
  -1.9403888e-02
  -1.3044709e-02
  -1.1917662e-02
  -1.0604220e-02
  -9.9175517e-03
  -1.1421523e-02
  -1.3500563e-02
  -1.4706203e-02
  -1.4655897e-02
  -1.3450916e-02
  -1.1008746e-02
  -8.0235731e-03
  -4.8128315e-03
  -2.4942330e-03
  -1.4954910e-03
  -2.7878443e-03
  -7.4933823e-03
  -1.5080721e-02
  -2.0445824e-02
  -1.4417943e-02
   0.0000000e+00
   0.0000000e+00
  -0.0000000e+00
  -0.0000000e+00
   0.0000000e+00
   0.0000000e+00
  -0.0000000e+00
  -1.0162670e-02
  -1.2640668e-02
  -7.6736547e-03
  -9.1407932e-03
  -1.1032248e-02
  -1.5576384e-02
  -2.0560056e-02
  -4.5691302e-02
  -4.5321204e-02
  -4.0265013e-02
  -3.5610381e-02
  -3.3242453e-02
  -2.9745124e-02
  -2.7597847e-02
  -2.7000416e-02
  -2.6502298e-02
  -2.5906359e-02
  -2.5039095e-02
  -2.3922345e-02
  -2.2257134e-02
  -1.9872881e-02
  -1.6700670e-02
  -1.4577389e-02
  -1.4649308e-02
  -1.8794056e-02
  -2.6907074e-02
  -3.6954451e-02
  -3.8497124e-02
  -1.6403724e-02
   0.0000000e+00
   0.0000000e+00
  -0.0000000e+00
   0.0000000e+00
   0.0000000e+00
   0.0000000e+00
   0.0000000e+00
  -2.5628547e-02
  -2.4957570e-02
  -2.4697641e-02
  -2.8677326e-02
  -3.2808501e-02
  -3.7509907e-02
  -4.2461768e-02
  -5.7275329e-02
  -5.7025522e-02
  -5.3274803e-02
  -4.9481981e-02
  -4.5140706e-02
  -4.1005075e-02
  -3.7658822e-02
  -3.4722392e-02
  -3.2146826e-02
  -3.0702820e-02
  -3.0643221e-02
  -3.1293783e-02
  -3.1099616e-02
  -2.9824805e-02
  -2.8086245e-02
  -2.8184090e-02
  -3.1432059e-02
  -3.8726762e-02
  -4.8287503e-02
  -5.7196938e-02
  -5.2182600e-02
  -0.0000000e+00
   0.0000000e+00
   0.0000000e+00
   0.0000000e+00
  -0.0000000e+00
   0.0000000e+00
   0.0000000e+00
   0.0000000e+00
  -3.5351980e-02
  -3.4864236e-02
  -3.6341816e-02
  -4.1235782e-02
  -4.5434162e-02
  -4.9450997e-02
  -5.3975735e-02
  -5.7791945e-02
  -5.7716791e-02
  -5.4202881e-02
  -4.9562529e-02
  -4.5303490e-02
  -4.1988108e-02
  -3.8808778e-02
  -3.5505362e-02
  -3.3318479e-02
  -3.3126578e-02
  -3.4999792e-02
  -3.7512291e-02
  -3.8825370e-02
  -3.9813485e-02
  -4.1510075e-02
  -4.4912454e-02
  -5.0391331e-02
  -5.7532623e-02
  -6.3763268e-02
  -6.6332296e-02
  -5.6724706e-02
  -0.0000000e+00
   0.0000000e+00
   0.0000000e+00
   0.0000000e+00
  -0.0000000e+00
   0.0000000e+00
   0.0000000e+00
   0.0000000e+00
  -3.9612716e-02
  -3.8451292e-02
  -4.0981460e-02
  -4.5875467e-02
  -4.8859023e-02
  -5.1510546e-02
  -5.5076726e-02
  -4.8341505e-02
  -4.7410168e-02
  -4.2363442e-02
  -3.7283503e-02
  -3.5741650e-02
  -3.5972733e-02
  -3.5738442e-02
  -3.5529047e-02
  -3.7174013e-02
  -4.0828180e-02
  -4.5654036e-02
  -5.0562914e-02
  -5.4874297e-02
  -5.9291840e-02
  -6.3881561e-02
  -6.8095393e-02
  -7.1827613e-02
  -7.4103430e-02
  -7.2148584e-02
  -6.2908992e-02
  -3.8865302e-02
   0.0000000e+00
   0.0000000e+00
   0.0000000e+00
   0.0000000e+00
  -0.0000000e+00
   0.0000000e+00
   0.0000000e+00
   0.0000000e+00
  -4.2963947e-02
  -3.8793810e-02
  -4.1400447e-02
  -4.4514351e-02
  -4.5295913e-02
  -4.5409605e-02
  -4.6754759e-02
  -3.1473093e-02
  -2.9350849e-02
  -2.3947394e-02
  -2.1567434e-02
  -2.4959583e-02
  -3.0400556e-02
  -3.5107270e-02
  -4.0048875e-02
  -4.6028905e-02
  -5.2458465e-02
  -5.8916174e-02
  -6.5456532e-02
  -7.1554005e-02
  -7.7292867e-02
  -8.1901461e-02
  -8.4441498e-02
  -8.5079491e-02
  -8.2284540e-02
  -7.1133979e-02
  -4.7590349e-02
  -2.0977142e-02
   0.0000000e+00
   0.0000000e+00
   0.0000000e+00
   0.0000000e+00
  -0.0000000e+00
   0.0000000e+00
   0.0000000e+00
   0.0000000e+00
  -0.0000000e+00
  -3.6272530e-02
  -3.7528023e-02
  -3.7243940e-02
  -3.5406273e-02
  -3.2838795e-02
  -3.1556033e-02
  -1.2232472e-02
  -1.1285502e-02
  -9.6450057e-03
  -1.2407698e-02
  -2.0347998e-02
  -2.9747562e-02
  -3.8128156e-02
  -4.5877799e-02
  -5.3064771e-02
  -5.9421837e-02
  -6.5274939e-02
  -7.0445471e-02
  -7.4687012e-02
  -7.8264505e-02
  -8.0439955e-02
  -8.0573171e-02
  -7.8403413e-02
  -7.1653247e-02
  -5.6060091e-02
  -2.6823878e-02
   2.7889170e-02
   0.0000000e+00
   0.0000000e+00
   0.0000000e+00
   0.0000000e+00
   0.0000000e+00
   0.0000000e+00
   0.0000000e+00
   0.0000000e+00
  -0.0000000e+00
  -3.0644635e-02
  -2.9629523e-02
  -2.6348215e-02
  -2.2551287e-02
  -1.7943272e-02
  -1.4032594e-02
   4.6965857e-03
   1.1304594e-03
  -3.4726567e-03
  -1.1465603e-02
  -2.3902271e-02
  -3.6733799e-02
  -4.6832103e-02
  -5.4616094e-02
  -6.0627770e-02
  -6.5013468e-02
  -6.8432458e-02
  -7.0322014e-02
  -7.0505358e-02
  -6.9490910e-02
  -6.6674426e-02
  -6.2394988e-02
  -5.6915756e-02
  -4.8743147e-02
  -3.4305766e-02
  -9.4731823e-03
   2.4330995e-02
   0.0000000e+00
   0.0000000e+00
   0.0000000e+00
   0.0000000e+00
   0.0000000e+00
   0.0000000e+00
   0.0000000e+00
   0.0000000e+00
   0.0000000e+00
  -2.2345339e-02
  -1.9737687e-02
  -1.5006217e-02
  -9.9698287e-03
  -3.5149988e-03
   2.8264376e-03
   1.6651495e-02
   7.5399894e-03
  -3.7638755e-03
  -1.5375280e-02
  -3.2917082e-02
  -5.0121780e-02
  -6.2179763e-02
  -7.0263252e-02
  -7.5224683e-02
  -7.7011471e-02
  -7.6666363e-02
  -7.3946260e-02
  -6.9494155e-02
  -6.4022765e-02
  -5.6932379e-02
  -4.9541275e-02
  -4.2009544e-02
  -3.4257501e-02
  -2.5111584e-02
  -1.0866675e-02
   6.3472809e-03
   8.0840053e-03
   0.0000000e+00
   0.0000000e+00
   0.0000000e+00
   0.0000000e+00
   0.0000000e+00
   0.0000000e+00
   0.0000000e+00
   0.0000000e+00
  -1.4316713e-02
  -1.0051709e-02
  -5.3232149e-03
   2.0088113e-04
   7.9703676e-03
   1.5653092e-02
   2.4175871e-02
   1.1954143e-02
  -3.3748760e-03
  -1.5455843e-02
  -3.4300078e-02
  -5.2996580e-02
  -6.5275908e-02
  -7.2882794e-02
  -7.6784216e-02
  -7.7085674e-02
  -7.4866906e-02
  -6.9920361e-02
  -6.3703582e-02
  -5.6992173e-02
  -4.9250461e-02
  -4.1879363e-02
  -3.4887180e-02
  -2.8562881e-02
  -2.3700228e-02
  -1.8761247e-02
  -6.0669435e-03
   7.6333657e-04
   0.0000000e+00
   0.0000000e+00
   0.0000000e+00
   0.0000000e+00
   0.0000000e+00
   0.0000000e+00
   0.0000000e+00
   0.0000000e+00
  -9.9377983e-03
  -3.6564162e-03
   1.3726141e-03
   7.0730345e-03
   1.5665587e-02
   2.3361528e-02
   3.0040527e-02
   1.9340309e-02
  -0.0000000e+00
  -1.5420091e-02
  -2.8497308e-02
  -4.3955741e-02
  -5.4430469e-02
  -6.0933091e-02
  -6.3902967e-02
  -6.3693773e-02
  -6.1346721e-02
  -5.6916009e-02
  -5.1623873e-02
  -4.6034252e-02
  -3.9700479e-02
  -3.3749135e-02
  -2.9030187e-02
  -2.6748239e-02
  -2.8796999e-02
  -3.5816316e-02
  -2.4009581e-02
  -1.3291624e-02
   0.0000000e+00
   1.5774383e-02
   0.0000000e+00
   0.0000000e+00
   0.0000000e+00
   0.0000000e+00
   0.0000000e+00
  -0.0000000e+00
  -1.3893133e-02
  -2.4097011e-03
   4.9212129e-03
   1.1985458e-02
   2.2894978e-02
   2.9880091e-02
   3.7969705e-02
   3.5115782e-02
   0.0000000e+00
  -1.9883056e-02
  -2.9498383e-02
  -4.0490735e-02
  -4.8576474e-02
  -5.4206461e-02
  -5.7391454e-02
  -5.8312930e-02
  -5.7766579e-02
  -5.5535134e-02
  -5.1520921e-02
  -4.5893017e-02
  -3.8817581e-02
  -3.1500638e-02
  -2.4927704e-02
  -2.2800142e-02
  -3.0305702e-02
  -5.4585606e-02
  -4.8953205e-02
  -3.4499362e-02
  -2.4932203e-02
  -2.8092051e-03
   0.0000000e+00
   0.0000000e+00
   0.0000000e+00
   0.0000000e+00
   0.0000000e+00
  -3.6342200e-02
  -2.6509551e-02
  -9.2466157e-03
   7.4871932e-03
   1.8105578e-02
   2.9796668e-02
   3.9186454e-02
   0.0000000e+00
   0.0000000e+00
   0.0000000e+00
  -3.5414767e-02
  -4.1572753e-02
  -5.3060647e-02
  -6.3269146e-02
  -7.2501615e-02
  -8.0761850e-02
  -8.6743742e-02
  -9.0571508e-02
  -9.1466114e-02
  -8.8818885e-02
  -8.3096534e-02
  -7.3869869e-02
  -6.1486520e-02
  -4.4428967e-02
  -2.5059698e-02
  -1.4813934e-02
  -4.3367131e-02
  -6.0796219e-02
  -5.0462835e-02
  -4.3871149e-02
  -2.8621833e-02
   0.0000000e+00
   0.0000000e+00
   0.0000000e+00
  -7.3163076e-02
  -8.3226282e-02
  -4.8149668e-02
  -4.1612890e-02
  -2.0919807e-02
   1.0705416e-02
   2.5941913e-02
   0.0000000e+00
   0.0000000e+00
   0.0000000e+00
   0.0000000e+00
   0.0000000e+00
  -4.6902617e-02
  -5.1571634e-02
  -6.3049033e-02
  -7.4528016e-02
  -8.5712790e-02
  -9.6602201e-02
  -1.0496234e-01
  -1.1077685e-01
  -1.1306979e-01
  -1.1134055e-01
  -1.0614776e-01
  -9.6433178e-02
  -8.2407631e-02
  -6.2435530e-02
  -3.4469452e-02
  -8.1665954e-03
   0.0000000e+00
  -5.8928941e-02
  -6.1931252e-02
  -5.9475981e-02
  -5.2985652e-02
  -0.0000000e+00
   0.0000000e+00
   0.0000000e+00
  -7.0066251e-02
  -7.8534573e-02
  -6.1373964e-02
  -5.1399965e-02
  -3.6280323e-02
  -3.1401646e-03
   0.0000000e+00
   0.0000000e+00
   4.1806440e-02
   0.0000000e+00
   0.0000000e+00
   0.0000000e+00
  -4.8142477e-02
  -5.4389067e-02
  -6.4298771e-02
  -7.3858044e-02
  -8.2847573e-02
  -9.1375336e-02
  -9.7673606e-02
  -1.0220263e-01
  -1.0469180e-01
  -1.0480699e-01
  -1.0237052e-01
  -9.5458247e-02
  -8.3292497e-02
  -6.3983582e-02
  -3.4021154e-02
  -9.0784280e-03
   0.0000000e+00
  -4.9040469e-02
  -6.3112326e-02
  -6.7282990e-02
  -7.0546865e-02
  -7.1869746e-02
   0.0000000e+00
  -0.0000000e+00
  -6.6175259e-02
  -7.1914248e-02
  -6.3266516e-02
  -5.1572831e-02
  -5.2440211e-02
  -5.1145480e-02
   3.1457822e-02
   6.6821277e-02
   0.0000000e+00
   0.0000000e+00
  -3.6082205e-02
  -4.6317345e-02
  -4.6282099e-02
  -5.1491708e-02
  -5.7854906e-02
  -6.3349836e-02
  -6.8288676e-02
  -7.2510406e-02
  -7.5717926e-02
  -7.8125179e-02
  -8.0217101e-02
  -8.2084939e-02
  -8.3066300e-02
  -8.1670396e-02
  -7.5752944e-02
  -6.1215069e-02
  -3.2397382e-02
  -8.2402884e-03
   0.0000000e+00
  -3.7236709e-02
  -5.0444588e-02
  -6.0825575e-02
  -7.0327893e-02
  -7.3520018e-02
   0.0000000e+00
  -5.0073572e-02
  -5.4579522e-02
  -5.9190091e-02
  -5.5659685e-02
  -3.9951491e-02
  -0.0000000e+00
  -4.4638962e-02
   1.3299970e-02
   5.6197149e-02
   0.0000000e+00
   0.0000000e+00
  -3.7217100e-02
  -4.2085583e-02
  -4.1098047e-02
  -4.4063076e-02
  -4.7891155e-02
  -5.0660402e-02
  -5.3072084e-02
  -5.5488657e-02
  -5.7101943e-02
  -5.8252081e-02
  -5.9866134e-02
  -6.2512718e-02
  -6.5551139e-02
  -6.7856252e-02
  -6.6404238e-02
  -5.6530692e-02
  -3.0858440e-02
  -9.3172762e-03
   0.0000000e+00
  -2.0299496e-02
  -2.5995713e-02
  -4.3051969e-02
  -5.5813625e-02
  -6.6532694e-02
  -7.8948917e-02
  -4.9562461e-02
  -4.0480245e-02
  -4.2998612e-02
  -4.3282248e-02
  -3.3042895e-02
   0.0000000e+00
  -2.1259660e-02
   8.8626592e-03
   0.0000000e+00
   0.0000000e+00
   0.0000000e+00
  -0.0000000e+00
  -2.9174146e-02
  -2.7493373e-02
  -2.8842187e-02
  -3.2823868e-02
  -3.5595059e-02
  -3.7774666e-02
  -4.0398284e-02
  -4.1457838e-02
  -4.1357017e-02
  -4.1541922e-02
  -4.3059698e-02
  -4.6122374e-02
  -5.0540236e-02
  -5.3180211e-02
  -4.9022751e-02
  -2.5475361e-02
  -5.6694427e-03
  -0.0000000e+00
  -0.0000000e+00
  -0.0000000e+00
  -1.8303695e-02
  -2.9394403e-02
  -4.2230787e-02
  -5.0274213e-02
  -0.0000000e+00
  -1.9150652e-02
  -1.9911952e-02
  -2.2636148e-02
  -2.3652772e-02
  -8.0815986e-03
   1.0099795e-02
   1.8223095e-02
   0.0000000e+00
   0.0000000e+00
   0.0000000e+00
   0.0000000e+00
  -6.7079007e-03
  -5.2875010e-03
  -6.6386992e-03
  -1.3313265e-02
  -1.9304307e-02
  -2.3753587e-02
  -2.7350867e-02
  -2.8529724e-02
  -2.7575787e-02
  -2.6147721e-02
  -2.5855761e-02
  -2.7489435e-02
  -3.1569034e-02
  -3.6233857e-02
  -3.7430670e-02
  -1.8614756e-02
   0.0000000e+00
   0.0000000e+00
   0.0000000e+00
   0.0000000e+00
   4.0711645e-03
  -4.6736008e-04
  -1.0645806e-02
  -1.7164841e-02
  -3.6123153e-03
   4.9715812e-03
  -7.3552132e-06
   2.6620768e-03
   2.1885124e-03
   1.2460079e-02
   3.7629017e-02
   0.0000000e+00
   0.0000000e+00
   0.0000000e+00
   0.0000000e+00
   0.0000000e+00
   2.0513606e-02
   2.5972573e-02
   2.3008097e-02
   1.2182539e-02
   1.1059325e-03
  -7.6047177e-03
  -1.2503615e-02
  -1.3222810e-02
  -1.1537372e-02
  -8.6359009e-03
  -6.5197758e-03
  -6.3910731e-03
  -9.2067951e-03
  -1.4333306e-02
  -1.9812724e-02
  -1.1954270e-02
  -0.0000000e+00
   0.0000000e+00
   0.0000000e+00
   0.0000000e+00
   0.0000000e+00
   2.4198986e-02
   1.8772934e-02
   1.6725608e-02
   0.0000000e+00
   2.6715391e-02
   3.4291902e-02
   2.6686505e-02
   2.9279429e-02
   3.5509698e-02
   0.0000000e+00
   0.0000000e+00
   0.0000000e+00
   0.0000000e+00
   0.0000000e+00
   0.0000000e+00
   4.1261643e-02
   4.8955479e-02
   4.8209939e-02
   3.5851814e-02
   2.1745087e-02
   1.0519654e-02
   5.3921402e-03
   5.6992884e-03
   8.8308901e-03
   1.3419617e-02
   1.7014157e-02
   1.8550029e-02
   1.7106572e-02
   1.2114090e-02
   4.3569086e-03
  -2.2136199e-03
  -0.0000000e+00
   0.0000000e+00
   0.0000000e+00
   0.0000000e+00
   0.0000000e+00
   0.0000000e+00
   0.0000000e+00
   3.8207667e-02
   3.6318358e-02
   4.5930833e-02
   5.0840908e-02
   4.5107696e-02
   5.4249783e-02
   5.0814244e-02
   0.0000000e+00
   0.0000000e+00
   0.0000000e+00
   0.0000000e+00
   0.0000000e+00
   0.0000000e+00
   0.0000000e+00
   4.5962596e-02
   4.9170926e-02
   4.4103980e-02
   3.6844354e-02
   3.0494079e-02
   2.8302189e-02
   3.0967748e-02
   3.6203794e-02
   4.2914663e-02
   4.8281632e-02
   5.0637793e-02
   4.9735609e-02
   4.4931524e-02
   3.6181297e-02
   2.2051243e-02
   0.0000000e+00
   0.0000000e+00
   0.0000000e+00
   0.0000000e+00
   0.0000000e+00
   0.0000000e+00
   0.0000000e+00
   0.0000000e+00
   0.0000000e+00
   0.0000000e+00
   0.0000000e+00
   6.0162143e-02
   6.4745473e-02
   0.0000000e+00
   0.0000000e+00
   0.0000000e+00
   0.0000000e+00
   0.0000000e+00
   0.0000000e+00
   0.0000000e+00
   0.0000000e+00
   2.9084120e-02
   2.9203027e-02
   3.3563197e-02
   3.9176586e-02
   4.3111414e-02
   4.8155606e-02
   5.4222156e-02
   6.1362714e-02
   6.8671398e-02
   7.4201351e-02
   7.7289067e-02
   7.6627381e-02
   7.2316526e-02
   6.4388603e-02
   5.0028781e-02
   0.0000000e+00
   0.0000000e+00
   0.0000000e+00
   0.0000000e+00
   0.0000000e+00
   0.0000000e+00
   0.0000000e+00
   0.0000000e+00
   0.0000000e+00
   0.0000000e+00
   0.0000000e+00
   0.0000000e+00
   0.0000000e+00
   0.0000000e+00
   0.0000000e+00
   0.0000000e+00
   0.0000000e+00
   0.0000000e+00
   0.0000000e+00
   0.0000000e+00
   0.0000000e+00
   0.0000000e+00
   6.6624923e-03
   1.8039854e-02
   3.2365508e-02
   4.6097638e-02
   5.8952496e-02
   6.8297997e-02
   7.5496136e-02
   8.1544427e-02
   8.5550316e-02
   8.7599230e-02
   8.7525477e-02
   8.4427528e-02
   7.8594861e-02
   6.3632215e-02
   0.0000000e+00
   0.0000000e+00
   0.0000000e+00
   0.0000000e+00
   0.0000000e+00
   0.0000000e+00
   0.0000000e+00
   0.0000000e+00
   0.0000000e+00
   0.0000000e+00
   0.0000000e+00
   0.0000000e+00
   0.0000000e+00
   0.0000000e+00
   0.0000000e+00
   0.0000000e+00
   0.0000000e+00
   0.0000000e+00
   0.0000000e+00
   0.0000000e+00
   0.0000000e+00
  -3.5073725e-03
  -4.1477541e-03
   5.5594882e-03
   2.3076673e-02
   4.1852839e-02
   5.7570320e-02
   6.5971843e-02
   7.0476443e-02
   7.3268741e-02
   7.4443577e-02
   7.3368654e-02
   7.2380319e-02
   6.9066405e-02
   6.3122198e-02
   0.0000000e+00
   0.0000000e+00
   0.0000000e+00
   0.0000000e+00
   0.0000000e+00
   0.0000000e+00
   0.0000000e+00
   0.0000000e+00
   0.0000000e+00
   0.0000000e+00
   0.0000000e+00
   0.0000000e+00
   0.0000000e+00
   0.0000000e+00
  -0.0000000e+00
   0.0000000e+00
   0.0000000e+00
   0.0000000e+00
   0.0000000e+00
   0.0000000e+00
   0.0000000e+00
   0.0000000e+00
  -6.5795179e-03
  -1.0057454e-02
  -8.1149973e-03
   7.1984926e-03
   2.3778852e-02
   3.4140654e-02
   3.7841655e-02
   3.8447250e-02
   3.7266660e-02
   3.3493910e-02
   2.9115527e-02
   2.8203611e-02
   0.0000000e+00
   0.0000000e+00
   0.0000000e+00
   0.0000000e+00
   0.0000000e+00
  -0.0000000e+00
  -0.0000000e+00
   0.0000000e+00
   0.0000000e+00
   0.0000000e+00
   0.0000000e+00
   0.0000000e+00
   0.0000000e+00
  -1.0885213e-02
  -1.2948917e-02
  -1.6500133e-02
  -1.1753156e-02
  -0.0000000e+00
   0.0000000e+00
   0.0000000e+00
   0.0000000e+00
   0.0000000e+00
   0.0000000e+00
   0.0000000e+00
  -0.0000000e+00
   0.0000000e+00
  -0.0000000e+00
  -0.0000000e+00
  -0.0000000e+00
  -8.5416551e-03
  -0.0000000e+00
  -0.0000000e+00
  -0.0000000e+00
  -0.0000000e+00
  -0.0000000e+00
   0.0000000e+00
   0.0000000e+00
   0.0000000e+00
   0.0000000e+00
  -1.0627495e-02
  -1.2991643e-02
  -1.3299773e-02
  -1.2839300e-02
  -1.1651674e-02
  -1.0050925e-02
  -9.8768525e-03
  -8.3330492e-03
  -8.1056281e-03
  -1.0446399e-02
  -1.0796040e-02
  -1.2682933e-02
  -1.6033914e-02
  -1.5875876e-02
   0.0000000e+00
   0.0000000e+00
   0.0000000e+00
   0.0000000e+00
