   2.3264124e+00
   1.6998740e+00
   1.2535048e+00
   1.0526474e+00
   8.6508417e-01
   6.5890467e-01
   5.2125150e-01
   3.5457990e-01
   1.4270668e-01
  -1.1610433e-01
  -1.9854967e-01
  -2.3324011e-01
  -7.2012879e-02
   8.4893502e-02
  -4.2260945e-02
  -1.4606339e-01
  -2.3546593e-01
  -1.1912239e-01
   1.1077975e-01
   8.2271673e-02
   2.1982284e-02
  -3.4815781e-02
  -1.7412560e-01
  -1.6896312e-01
   1.0349244e-01
   2.4355635e-01
   1.9480710e-01
   2.2192311e-01
   2.5043660e-01
   1.2130682e-01
   1.6057488e-02
  -6.5667085e-02
  -2.3947369e-01
  -6.1091140e-02
   6.7611754e-01
   1.5529786e+00
   1.2759637e+00
   1.0025508e+00
   7.6609403e-01
   5.8205694e-01
   5.0052148e-01
   3.1996512e-01
   1.3577583e-01
  -5.1457264e-02
  -1.9666526e-01
  -3.1529319e-01
  -3.6242431e-01
  -5.4608613e-01
  -7.3177326e-01
  -9.1709143e-01
  -9.0027183e-01
  -5.5771679e-01
  -7.9401620e-02
   6.0371453e-01
   2.9143006e-01
   1.8981047e-02
  -5.5840727e-02
  -1.2444760e-01
  -5.9584681e-02
   4.8445277e-02
   1.4324278e-01
   6.5652609e-01
   2.7888140e-01
   5.6862217e-01
   1.6053037e-01
   1.0756304e-01
   3.1164188e-02
  -2.6043284e-01
   8.1031722e-01
   1.8358539e+00
   1.4358013e+00
   1.3685938e+00
   3.7341276e-01
   1.7190735e-01
  -1.1452499e-02
  -1.3806334e-01
  -2.1232691e-01
  -2.7900013e-01
  -3.7196803e-01
  -4.8408353e-01
  -5.8763921e-01
  -6.3303983e-01
  -6.7779732e-01
  -8.4125268e-01
  -1.1394775e+00
  -1.4066434e+00
  -1.1477176e+00
  -6.4113104e-01
  -2.0238967e-01
   1.6343299e-01
   4.2086315e-01
   2.6317900e-01
   1.8538229e-01
   1.5528377e-02
  -1.6924236e-02
   2.4278642e-01
   3.0164173e-01
   5.7490641e-01
   5.5417772e-02
   3.9580103e-02
  -1.2689507e-02
   3.9085871e-01
   2.1131638e-01
  -3.0021942e-01
   1.1904643e+00
   8.5888195e-01
   6.5050113e-01
   5.4993242e-01
  -4.8353106e-01
  -6.1293417e-01
  -6.8561721e-01
  -7.6439404e-01
  -8.3602583e-01
  -9.0820944e-01
  -9.5547533e-01
  -9.8455554e-01
  -9.9418283e-01
  -9.6111333e-01
  -9.6198374e-01
  -1.1145830e+00
  -1.5634447e+00
  -1.5928534e+00
  -8.2649469e-01
  -5.3572458e-01
  -3.4720504e-01
  -5.6634283e-01
  -2.3666662e-01
   2.2304113e-01
   3.8565952e-01
   8.0673993e-02
   3.0269143e-01
  -5.0731823e-02
   5.2670807e-01
   7.8274643e-01
  -7.7470854e-02
  -1.5420516e-01
  -1.3851395e-01
   9.4992742e-02
  -1.3295925e-01
   9.4224408e-02
   4.7710380e-01
   7.5325117e-02
  -1.0491920e-01
  -3.0575988e-01
  -1.1596330e+00
  -1.1514806e+00
  -1.1321998e+00
  -1.1642847e+00
  -1.2421308e+00
  -1.3069453e+00
  -1.3024188e+00
  -1.2581145e+00
  -1.1912048e+00
  -1.0786402e+00
  -9.9577075e-01
  -1.1017214e+00
  -1.5255032e+00
  -1.3844270e+00
  -6.0956115e-01
  -6.8201739e-01
  -4.4418383e-01
  -1.0107787e+00
  -6.6748232e-01
   3.0231768e-02
   2.8820142e-01
  -6.5341783e-01
   1.7004266e-01
  -9.3923554e-02
   3.7461773e-01
   5.0251442e-01
  -8.9807492e-03
  -3.0351141e-01
  -4.3624327e-01
  -2.5541896e-01
  -6.9242102e-01
  -5.1462896e-02
  -5.8340076e-02
  -3.8289720e-01
  -8.1208402e-01
  -1.0717485e+00
  -1.4600178e+00
  -1.3356967e+00
  -1.2466390e+00
  -1.2289673e+00
  -1.2679608e+00
  -1.2767028e+00
  -1.2428865e+00
  -1.1570983e+00
  -1.0319436e+00
  -8.8727825e-01
  -7.9080645e-01
  -8.1369208e-01
  -8.5020225e-01
  -8.3259187e-01
  -3.3647742e-01
  -7.8303580e-01
  -5.7851417e-01
  -8.2422810e-01
  -2.9813062e-01
  -2.2257188e-01
   2.5175057e-01
  -5.5170182e-01
  -2.2622375e-01
  -2.8974982e-01
   3.3219019e-02
   2.7749101e-01
   2.5980115e-02
  -3.4825172e-01
  -5.7403303e-01
  -7.7411531e-01
  -1.2513226e+00
  -4.9701568e-01
  -3.3049514e-01
  -9.6027988e-01
  -1.4530575e+00
  -1.5662707e+00
  -1.3026516e+00
  -1.1153114e+00
  -9.8041666e-01
  -9.0589464e-01
  -9.1518819e-01
  -9.2698872e-01
  -8.9850068e-01
  -7.8673059e-01
  -6.5265071e-01
  -5.2986121e-01
  -4.4666144e-01
  -3.5390785e-01
   2.0718125e-01
   1.5772365e-02
  -2.8408924e-01
  -8.3869743e-01
  -5.6840563e-01
  -6.3814843e-01
   1.1917714e-02
  -3.7991324e-01
   4.0780842e-01
  -1.9747786e-01
  -2.2874334e-01
  -3.5843623e-01
   1.7251213e-01
   2.9903612e-01
  -1.7818986e-01
  -3.6273885e-01
  -3.2454690e-01
  -6.5120578e-01
  -8.2277632e-01
  -6.3202888e-01
  -5.7592499e-01
  -1.2419254e+00
  -1.5981507e+00
  -1.5482048e+00
  -6.7562068e-01
  -4.7499126e-01
  -3.3697689e-01
  -2.9861933e-01
  -3.6091398e-01
  -4.1157064e-01
  -4.0868044e-01
  -3.0754163e-01
  -2.3934047e-01
  -1.4693239e-01
  -1.3083639e-02
   2.3569207e-01
   1.3187057e+00
   1.2212578e+00
   2.2225794e-01
  -4.9839631e-01
  -2.0474053e-01
  -5.5596918e-02
   8.5492335e-02
  -2.4676409e-01
   1.6451745e-01
   4.3411595e-01
  -3.6021476e-01
  -2.5791156e-01
   4.9554312e-01
   3.7405752e-01
  -2.5527629e-01
  -2.7951330e-01
  -1.7521418e-01
  -1.6614422e-01
  -6.1984625e-02
  -3.9061121e-01
  -5.9040618e-01
  -1.0529097e+00
  -1.1380349e+00
  -9.5340520e-01
  -4.7005963e-02
   1.1949851e-01
   2.1006098e-01
   1.7497939e-01
   5.2773882e-02
  -3.7683252e-02
  -7.2278783e-02
  -1.7014934e-02
   9.6933106e-03
   1.3026731e-01
   3.1497219e-01
   7.2651464e-01
   2.1861997e+00
   2.1269186e+00
   3.7955093e-01
  -7.7269867e-02
   1.5660915e-01
   3.0066735e-01
  -5.5441592e-02
   3.2869124e-01
   7.5858705e-02
   7.1987164e-01
  -1.0407165e-01
   5.1494229e-01
   8.2501537e-01
   3.9387643e-01
  -8.6503662e-02
  -1.5697584e-02
   1.5582821e-01
   3.2391915e-01
   6.0071552e-01
   3.1811970e-01
  -2.0890027e-01
  -4.4870675e-01
  -4.6737498e-01
  -2.9211786e-01
   5.6212151e-01
   6.8169063e-01
   6.6625571e-01
   5.5303502e-01
   3.6479291e-01
   2.1739158e-01
   1.6497044e-01
   1.7909120e-01
   2.3443431e-01
   3.7032050e-01
   6.1892086e-01
   1.2830288e+00
   3.1923811e+00
   2.3838069e+00
   6.8396407e-01
   5.0372255e-01
   5.7063735e-01
   1.0486423e+00
   3.8608274e-01
   1.1130904e+00
   5.6720477e-01
   9.1750491e-01
   1.0124767e+00
   1.1207750e+00
   9.4801581e-01
   7.1310771e-01
   5.6902611e-01
   6.4404869e-01
   8.0327582e-01
   9.7103548e-01
   1.0754623e+00
   8.4018284e-01
   5.2045542e-01
   2.5125280e-01
   2.2087274e-01
   3.7365633e-01
   8.9473605e-01
   9.3197763e-01
   8.2508731e-01
   6.4227766e-01
   4.0959162e-01
   2.4266995e-01
   2.2963469e-01
   2.4558641e-01
   3.3099598e-01
   4.7692451e-01
   8.3317471e-01
   1.7526798e+00
   3.9806893e+00
   2.1190896e+00
   1.3613211e+00
   6.4841992e-01
   6.1470151e-01
   2.2024000e+00
   8.6852622e-01
   1.3179338e+00
   7.3679531e-01
   1.1288368e+00
   1.4878767e+00
   1.4306254e+00
   1.3858068e+00
   1.2468027e+00
   1.1406103e+00
   1.1645509e+00
   1.2530791e+00
   1.3439870e+00
   1.4006538e+00
   1.2315921e+00
   8.7253505e-01
   6.1270165e-01
   6.1086464e-01
   7.5397998e-01
   9.8949379e-01
   8.8655180e-01
   7.0179069e-01
   4.6196786e-01
   2.3516349e-01
   1.3396341e-01
   1.8536071e-01
   2.3937763e-01
   3.6464059e-01
   5.7154542e-01
   1.1105480e+00
   2.3534782e+00
   4.5568442e+00
   2.0042977e+00
   1.8578228e+00
   4.4854811e-01
   5.5727088e-01
   2.6937788e+00
   1.3827460e+00
   1.3222355e+00
   5.1924974e-01
   1.3078177e+00
   1.8635838e+00
   1.8222997e+00
   1.7923039e+00
   1.6145577e+00
   1.5069277e+00
   1.5073750e+00
   1.5297856e+00
   1.5697298e+00
   1.5702398e+00
   1.3376766e+00
   9.8813677e-01
   8.1082445e-01
   8.4591442e-01
   9.4926077e-01
   7.0075929e-01
   5.1422638e-01
   3.1379670e-01
   1.0266685e-01
  -3.2046653e-02
  -2.1912321e-02
   7.9423368e-02
   2.0731527e-01
   3.9225173e-01
   7.3540658e-01
   1.4781927e+00
   3.0901163e+00
   4.9630756e+00
   1.8547180e+00
   1.2517300e+00
   4.1539334e-03
   7.4592024e-01
   2.8143001e+00
   1.2344522e+00
   6.5554607e-01
   2.6383904e-01
   1.5814874e+00
   1.9331100e+00
   1.9077187e+00
   1.8280058e+00
   1.6460578e+00
   1.6037880e+00
   1.6054612e+00
   1.5580415e+00
   1.5209715e+00
   1.4243257e+00
   1.1498482e+00
   8.4510028e-01
   7.3261154e-01
   7.6143563e-01
   7.8379101e-01
   1.3925506e-01
  -2.2859490e-03
  -9.3169905e-02
  -1.4429888e-01
  -1.2648743e-01
  -4.1762114e-02
   8.9472868e-02
   2.7294937e-01
   5.4876977e-01
   1.0345192e+00
   1.9563612e+00
   3.6530182e+00
   4.3200088e+00
   8.8879675e-01
   2.2488064e-01
  -2.6430917e-01
   6.0149497e-01
   2.6101544e+00
   3.2918718e-01
  -1.0558907e-02
   2.8052840e-01
   1.3818495e+00
   1.6586030e+00
   1.7030091e+00
   1.5852278e+00
   1.4405577e+00
   1.4469285e+00
   1.4217730e+00
   1.2999564e+00
   1.1570966e+00
   9.6522015e-01
   6.6045153e-01
   3.8523331e-01
   2.8777245e-01
   2.7786034e-01
   2.4555618e-01
  -6.4887357e-01
  -6.3355762e-01
  -5.3621650e-01
  -3.6508232e-01
  -1.5217046e-01
   5.0572582e-02
   2.6277485e-01
   5.2607071e-01
   9.0441400e-01
   1.5096446e+00
   2.4203451e+00
   3.6761167e+00
   2.3124340e+00
  -2.9709297e-01
  -2.8062043e-01
  -1.6547099e-01
   5.4524493e-01
   2.2603955e+00
  -2.8613955e-02
   4.6184413e-02
   4.4645932e-01
   1.0239223e+00
   1.2541140e+00
   1.3731520e+00
   1.1767788e+00
   1.0425259e+00
   1.0148721e+00
   8.8286227e-01
   6.3127822e-01
   3.3830431e-01
   6.4594388e-02
  -2.2750619e-01
  -4.7664705e-01
  -5.9145677e-01
  -6.2036061e-01
  -6.3217294e-01
  -1.6083173e+00
  -1.5111970e+00
  -1.3508966e+00
  -1.0798424e+00
  -7.2957093e-01
  -3.3635545e-01
   9.8818347e-02
   5.0975180e-01
   9.6061367e-01
   1.5553721e+00
   2.2026479e+00
   2.7110698e+00
   1.2054027e+00
   1.9747844e-01
  -3.3455509e-01
  -1.4234559e-01
   5.2113640e-01
   1.6026726e+00
   1.9422571e-01
   1.6194686e-01
   5.5658513e-01
   8.2391483e-01
   8.6559224e-01
   9.5515776e-01
   7.0491439e-01
   5.7528979e-01
   4.7295877e-01
   2.4475880e-01
  -8.6365722e-02
  -5.1366961e-01
  -8.9774054e-01
  -1.1599213e+00
  -1.4242377e+00
  -1.5907968e+00
  -1.6476198e+00
  -1.6506656e+00
  -2.1722174e+00
  -2.1464729e+00
  -2.0524268e+00
  -1.8447950e+00
  -1.5441892e+00
  -1.1401969e+00
  -6.1949068e-01
  -1.1164825e-01
   3.6773181e-01
   8.1894237e-01
   1.1281582e+00
   1.1324533e+00
   1.3555853e-01
  -4.4927618e-01
  -3.1417146e-01
  -3.1311053e-01
   5.4520029e-01
   1.2234616e+00
   1.9776383e-01
   2.0403135e-01
   4.9291402e-01
   4.9717045e-01
   4.3031785e-01
   4.8272884e-01
   3.0564198e-01
   1.8933332e-01
   4.4775628e-02
  -1.5399703e-01
  -3.4935477e-01
  -7.4383193e-01
  -1.2238064e+00
  -1.5269893e+00
  -1.8192632e+00
  -2.0183501e+00
  -2.1035798e+00
  -2.1503386e+00
  -1.1140848e+00
  -1.1299389e+00
  -1.1165686e+00
  -1.0545310e+00
  -9.2661954e-01
  -6.9962130e-01
  -3.5859658e-01
   2.6774440e-03
   3.1569137e-01
   4.7533736e-01
   4.0126766e-01
  -7.5350246e-02
  -1.0616366e+00
  -1.2709586e+00
  -6.4664356e-01
  -9.4731981e-01
   3.8405244e-01
   7.0776454e-01
  -3.4133345e-02
  -8.6167035e-02
   2.2655203e-01
   9.8443966e-02
  -6.0470069e-04
   7.4291675e-02
   1.1881851e-01
   8.7606539e-02
  -1.6523683e-02
  -1.0851346e-01
   5.7282597e-02
  -5.4259651e-02
  -5.0793457e-01
  -7.3119214e-01
  -8.9184262e-01
  -1.0188997e+00
  -1.0598708e+00
  -1.0871893e+00
   1.2002247e+00
   1.1763332e+00
   1.1469120e+00
   1.1206657e+00
   1.1391826e+00
   1.2488752e+00
   1.4478890e+00
   1.6963840e+00
   1.9046729e+00
   1.8357326e+00
   1.2144024e+00
  -2.1303076e-01
  -1.5603183e+00
  -1.8655896e+00
  -1.2915214e+00
  -2.3388760e+00
   1.9120244e-01
   3.3336930e-01
  -4.4950826e-01
  -7.2362265e-01
  -2.8060919e-01
  -5.2547812e-01
  -5.4348462e-01
  -3.3536746e-01
   8.3600040e-03
   1.3096769e-01
   2.6421934e-01
   3.1459054e-01
   7.8369668e-01
   1.1458418e+00
   6.5950445e-01
   8.4547057e-01
   1.2299862e+00
   1.2320434e+00
   1.2355123e+00
   1.2145997e+00
   2.1455290e+00
   2.0469089e+00
   1.8803759e+00
   1.6610106e+00
   1.4761367e+00
   1.4033371e+00
   1.4417998e+00
   1.5947703e+00
   1.7928404e+00
   1.7159771e+00
   9.0196079e-01
  -9.1703182e-01
  -2.4221895e+00
  -2.4175601e+00
  -2.5016403e+00
  -2.9349134e+00
   1.3346471e-02
   4.4660158e-02
  -5.2452600e-01
  -1.0167851e+00
  -7.5619060e-01
  -6.6428769e-01
  -1.1489674e+00
  -1.1022371e+00
  -3.9434299e-01
  -5.5686474e-02
   3.2036781e-01
   3.9489016e-01
   7.1680695e-01
   9.6572149e-01
   1.0066481e+00
   1.2309775e+00
   1.8168392e+00
   2.0378251e+00
   2.1512482e+00
   2.1771839e+00
   1.2255918e+00
   1.0011187e+00
   6.6581547e-01
   2.5579342e-01
  -1.0246955e-01
  -3.5174268e-01
  -4.7180814e-01
  -4.5080838e-01
  -2.2670108e-01
   2.9489788e-01
   5.8260071e-01
  -8.5161638e-01
  -2.9430559e+00
  -2.7520506e+00
  -3.2486668e+00
  -3.4770145e+00
  -4.1352466e-01
  -9.2123292e-02
  -5.9525424e-01
  -1.5644516e+00
  -1.8042728e+00
  -8.8115412e-01
  -1.6240382e+00
  -1.9688637e+00
  -7.2731012e-01
  -2.2506386e-01
   4.2149022e-01
   1.0155231e+00
   7.4835026e-01
  -1.7502597e-01
   2.8157584e-02
   7.4865800e-01
   1.0232220e+00
   1.1284013e+00
   1.2726835e+00
   1.3184938e+00
   1.9017484e-02
  -1.5808818e-01
  -4.7810155e-01
  -9.1983336e-01
  -1.3789821e+00
  -1.8057830e+00
  -2.1683352e+00
  -2.3904567e+00
  -2.3671632e+00
  -1.7675954e+00
  -4.5609581e-01
   6.3445085e-01
  -1.6456664e+00
  -2.4467914e+00
  -3.1032882e+00
  -3.9873278e+00
  -1.3463869e+00
  -1.9645424e-01
  -4.2830831e-01
  -1.6557965e+00
  -2.1641598e+00
  -1.4740863e+00
  -1.7378368e+00
  -2.5375767e+00
  -1.1453497e+00
   6.5494222e-03
  -2.1425116e-01
  -2.4857452e-02
   8.3389300e-01
   2.6030248e-01
  -2.6379299e-01
   1.6345939e-01
   1.4273250e-01
  -5.5785082e-02
  -8.9053065e-05
   5.2781835e-02
  -6.5066719e-01
  -6.9125164e-01
  -8.4806126e-01
  -1.1472312e+00
  -1.5469779e+00
  -2.0007167e+00
  -2.5118380e+00
  -2.9620347e+00
  -3.2194161e+00
  -2.9291291e+00
  -1.6757603e+00
  -4.1555917e-01
  -1.2180589e+00
  -2.0274763e+00
  -2.7952223e+00
  -3.7389038e+00
  -2.2521081e+00
  -1.8176323e-01
  -3.8942158e-01
  -1.4018037e+00
  -1.7705469e+00
  -1.8726293e+00
  -1.7855603e+00
  -2.5922201e+00
  -1.9061232e+00
  -1.3927569e+00
  -1.2492489e+00
   1.7744750e-01
   5.6030023e-01
   8.7566155e-01
  -1.2748241e-01
   4.9747214e-02
  -2.6940081e-01
  -6.4909983e-01
  -7.1638036e-01
  -7.0346403e-01
  -9.8604912e-01
  -8.9002383e-01
  -7.9407096e-01
  -8.1071794e-01
  -1.0278655e+00
  -1.4003656e+00
  -1.9337385e+00
  -2.5598245e+00
  -3.2160246e+00
  -3.5160823e+00
  -2.1706812e+00
   3.8568012e-02
  -4.1803521e-01
  -1.6184525e+00
  -2.5128887e+00
  -3.3536408e+00
  -3.1659734e+00
  -1.2930983e-01
  -1.0557000e-01
  -9.9343187e-01
  -1.7825379e+00
  -2.1901040e+00
  -1.9803187e+00
  -1.7765263e+00
  -2.3020988e+00
  -2.2570877e+00
  -7.9260874e-01
   2.0876142e-01
   5.8738220e-01
   6.9520313e-01
   1.1416922e-01
   1.1284766e-01
  -3.3810952e-01
  -7.9655993e-01
  -9.9212456e-01
  -1.0478060e+00
  -1.1120036e+00
  -9.6900237e-01
  -7.0175344e-01
  -4.4491914e-01
  -4.3067163e-01
  -7.0365435e-01
  -1.2571461e+00
  -2.0276339e+00
  -3.0464120e+00
  -4.0893197e+00
  -2.5680041e+00
   5.4807729e-01
   2.8046727e-01
  -1.0437828e+00
  -1.9083083e+00
  -2.9497116e+00
  -3.3754756e+00
  -1.1522644e+00
   2.3216809e-01
  -5.5547673e-01
  -1.4497700e+00
  -2.2531452e+00
  -2.1079056e+00
  -1.1754879e+00
  -2.6081226e+00
  -3.0977044e+00
   1.1776706e-01
   6.1110055e-01
   7.3451293e-01
   9.1053462e-01
   5.0262290e-01
   2.8962722e-01
  -1.5799654e-01
  -6.4845502e-01
  -9.7900563e-01
  -1.1139492e+00
  -1.0296400e+00
  -9.6083277e-01
  -7.3362428e-01
  -3.8028032e-01
  -1.4818825e-01
  -2.2987017e-01
  -7.2864687e-01
  -1.5942062e+00
  -2.8680096e+00
  -4.4645782e+00
  -2.4944494e+00
   1.0593570e+00
   5.5829394e-01
   9.2448384e-02
  -6.2246633e-01
  -2.3218946e+00
  -2.7739043e+00
  -9.2385948e-01
   8.9088351e-01
  -1.9719966e-01
  -1.0137846e+00
  -1.8832778e+00
  -2.1857803e+00
  -1.8623252e+00
  -2.6655211e+00
  -2.6528063e+00
  -4.6505350e-01
   1.5802956e-01
   4.6860516e-01
   9.0321964e-01
   9.8728758e-01
   5.1765108e-01
   1.9700232e-01
  -2.3222071e-01
  -6.6793489e-01
  -9.1571194e-01
  -7.8882957e-01
  -8.1702775e-01
  -6.9918764e-01
  -4.0244251e-01
  -8.6348996e-02
  -5.4024183e-03
  -3.6345953e-01
  -1.2124276e+00
  -2.6347337e+00
  -4.6223755e+00
  -2.3553610e+00
   1.2101693e+00
   5.5900276e-01
   5.1717597e-01
   5.9812373e-01
  -1.3552911e+00
  -2.1114314e+00
  -1.2317189e+00
   6.2502664e-01
   1.7531384e-03
  -7.9186732e-01
  -1.3890654e+00
  -1.9709979e+00
  -2.1251469e+00
  -2.3415415e+00
  -1.6093138e+00
  -5.5877185e-01
  -2.3561960e-01
   2.6762828e-01
   5.2246857e-01
   1.1340292e+00
   7.4646735e-01
   5.8773994e-01
   2.7301902e-01
  -1.8571538e-01
  -5.5583781e-01
  -3.4384835e-01
  -4.9023420e-01
  -4.8767132e-01
  -3.0152798e-01
  -1.7016366e-02
   1.4571972e-01
  -4.2735115e-02
  -7.3585039e-01
  -2.1417980e+00
  -4.4900980e+00
  -1.3878038e+00
   3.6675504e-01
   2.8203306e-01
   2.5876540e-01
   8.9924693e-01
  -2.0209990e-01
  -7.9673225e-01
  -9.4348115e-01
   2.2505718e-01
   3.4117854e-01
  -2.9056498e-01
  -8.0468434e-01
  -1.3256243e+00
  -2.2192764e+00
  -1.3988900e+00
   3.0825457e-01
  -6.1658931e-01
   1.2523970e-01
   1.8401487e-02
   5.6934530e-01
   1.2014900e+00
   1.1358840e+00
   1.1684657e+00
   9.5620644e-01
   5.4762560e-01
   3.9214779e-02
   1.2685172e-01
  -1.0800162e-01
  -1.6216703e-01
  -4.8252374e-02
   1.6758705e-01
   2.8602573e-01
   1.6470805e-01
  -3.7753953e-01
  -1.5906550e+00
  -3.9758873e+00
  -7.5488773e-01
   2.1584598e-02
   5.8660831e-02
   1.6624036e-01
   5.7990783e-01
   5.0088453e-01
   2.7453047e-01
   7.9128547e-03
   2.7159208e-01
   5.5349397e-01
  -1.3044700e-01
  -2.8287727e-01
  -1.1245349e+00
  -2.0568016e+00
  -5.9794790e-01
   5.6101619e-01
   9.5250532e-02
   3.1804442e-01
   3.3562397e-01
   6.3265228e-01
   1.0280526e+00
   1.3554700e+00
   1.6901274e+00
   1.5659083e+00
   1.1605968e+00
   6.1111844e-01
   7.3570228e-01
   4.1601577e-01
   3.5676399e-01
   4.3772590e-01
   5.8040142e-01
   6.1549276e-01
   4.7072420e-01
   4.0382273e-02
  -8.5109723e-01
  -2.7759378e+00
  -4.4593215e-01
  -1.3227035e-01
  -1.3793100e-02
   8.8651627e-02
   4.1226536e-01
   4.5737344e-01
   7.1497679e-01
   8.3083951e-01
   9.0678066e-01
   4.5677719e-01
  -7.0045199e-03
  -2.6027989e-01
  -1.1503240e+00
  -1.1463850e+00
  -1.4016922e-01
  -3.7720382e-01
  -9.4903708e-02
   4.4996005e-01
   3.1239837e-01
   2.4468908e-01
   3.6371240e-01
   7.0750594e-01
   1.8054700e+00
   2.1709018e+00
   1.8033619e+00
   1.2734437e+00
   1.1844529e+00
   8.4398679e-01
   7.8833330e-01
   9.2175740e-01
   1.0396767e+00
   1.0533036e+00
   8.6137462e-01
   4.7970700e-01
  -1.7785068e-01
  -1.5165144e+00
  -1.4279723e-01
  -1.3868299e-01
   1.4988509e-01
   1.2349085e-01
   2.7515337e-01
   2.4582021e-01
   1.4829466e-01
   8.0806625e-01
   6.4229560e-01
   5.5500544e-01
   4.1647512e-01
   7.4880414e-02
  -7.3855284e-01
  -4.7023556e-01
  -3.2972318e-01
  -5.0485252e-02
   1.9973657e-01
   2.5494567e-01
   1.8218844e-01
  -1.4757884e-02
   8.2620353e-02
   1.5065566e-01
   1.2240180e+00
   2.1653166e+00
   2.0570703e+00
   1.6553370e+00
   1.3179941e+00
   1.0773668e+00
   1.0321630e+00
   1.2097755e+00
   1.3739389e+00
   1.4180423e+00
   1.2603075e+00
   9.0623373e-01
   4.3410010e-01
  -4.9426916e-01
   3.9848089e-01
   1.1481769e-01
   1.0393797e-01
   7.6678082e-02
   1.2725364e-01
   2.9980602e-01
  -2.3688093e-01
  -1.6782344e-01
   2.1757952e-01
   7.3486470e-02
   1.5575136e-01
  -8.3192912e-02
  -2.5996894e-02
  -1.1161956e-01
  -2.1123009e-01
  -1.5179659e-01
   2.3098731e-01
  -2.1748775e-02
  -2.3245143e-02
  -1.5234327e-01
  -5.4178407e-02
  -3.5683170e-01
   2.1865847e-01
   1.4736150e+00
   1.7277013e+00
   1.5953650e+00
   1.0200192e+00
   9.7446436e-01
   1.0180701e+00
   1.1803061e+00
   1.4006604e+00
   1.5170772e+00
   1.4492517e+00
   1.1947501e+00
   9.0439701e-01
   6.3875401e-01
   4.6479049e-01
   2.0508559e-01
   1.6064774e-03
  -2.5843309e-01
   2.1105407e-02
   5.4950893e-01
   2.8226762e-01
  -2.8737152e-01
  -1.1819564e-01
   6.7794029e-02
  -2.0612028e-01
  -2.8300223e-01
  -1.0711373e-01
  -3.6308456e-02
  -3.8389763e-01
   9.5346136e-02
   4.0445238e-01
  -3.3523656e-02
  -2.5666918e-01
  -5.4840279e-01
   5.3141471e-03
  -7.6895134e-01
  -1.0583347e+00
   2.3293304e-01
   8.1324713e-01
   1.0173556e+00
   2.9414400e-01
   4.3551135e-01
   5.8904123e-01
   8.2454789e-01
   1.0715950e+00
   1.2255592e+00
   1.3017610e+00
   1.2067735e+00
   8.4626603e-01
   1.0853961e+00
   3.4009457e-01
  -4.7349732e-02
  -3.2193221e-03
  -1.4956115e-01
  -1.3168333e-01
   5.4655063e-01
   5.4062372e-01
  -4.6372095e-01
  -2.6592946e-01
  -1.8802872e-02
  -3.0010548e-01
  -4.3016753e-01
  -1.2929867e-01
  -3.8718167e-01
  -1.3011014e-01
   8.2468987e-02
   9.2193760e-02
   3.0965608e-01
  -1.4971876e-01
  -7.4451959e-01
  -4.6801883e-01
  -1.0411131e+00
  -1.7067446e+00
  -8.3943677e-01
  -2.8638542e-01
   6.8370320e-02
  -8.2533711e-01
  -5.0035256e-01
  -2.5299224e-01
   1.5437786e-01
   5.3204578e-01
   9.0917844e-01
   4.1215178e-01
   4.2391388e-01
   4.7881690e-01
   7.2101229e-01
   2.7381354e-01
   3.4210172e-02
   2.7714112e-01
   5.4776051e-02
  -1.2234709e-01
   3.5353673e-01
   5.4659771e-01
  -1.8732937e-01
   6.0856249e-02
  -1.1040371e-02
  -3.5736936e-01
  -6.4616531e-01
  -6.2677173e-01
  -5.3476888e-01
   2.5355947e-01
   2.7824652e-01
   1.2654740e-01
   2.1247560e-01
   3.6234085e-01
   7.6986350e-02
  -9.6178210e-01
  -2.0098081e+00
  -1.6537454e+00
  -2.3408263e+00
  -1.4686291e+00
  -1.2667865e+00
  -1.0442383e+00
  -5.0223935e-01
  -6.1674356e-01
  -5.0281256e-01
  -4.4401029e-01
  -3.0632612e-01
  -2.1304321e-01
  -5.2165542e-02
   4.0099120e-01
   6.5695333e-01
   7.1126097e-01
   9.6770024e-01
   1.0761399e+00
   6.9919813e-01
   3.5800272e-01
   4.1819674e-01
   3.8283265e-01
   2.3123044e-01
   1.0382260e-01
  -1.1407728e-01
  -3.6056980e-01
  -5.2101839e-01
  -5.7465523e-01
  -4.7123709e-01
  -2.4825817e-01
  -1.3914427e-01
  -1.0799477e-01
  -7.2312877e-02
  -1.4450189e-01
  -1.8278559e-01
  -1.2468781e-01
  -3.4842405e-01
  -7.0921326e-01
  -7.7062035e-01
  -8.7446517e-01
  -1.2863195e+00
