-START-OF-DATA-
0 0.000278
10 0.000278
20 0.000278
30 0.000278
40 0.000278
50 0.000278
60 0.000278
70 0.000278
80 0.000278
90 0.000278
100 0.000278
110 0.000278
120 0.000278
130 0.000278
140 0.000278
150 0.000278
160 0.000278
170 0.000278
180 0.000278
190 0.000278
200 0.000278
210 0.000278
220 0.000278
230 0.000278
240 0.000278
250 0.000278
260 0.000278
270 0.000278
280 0.000278
290 0.000278
300 0.000278
310 0.000278
320 0.000278
330 0.000278
340 0.000278
350 0.000278
360 0.000278
370 0.000278
380 0.000278
390 0.000278
400 0.000278
410 0.000278
420 0.000278
430 0.000278
440 0.000278
450 0.000278
460 0.000278
470 0.000278
480 0.000278
490 0.000278
500 0.000278
510 0.000278
520 0.000278
530 0.000278
540 0.000278
550 0.000278
560 0.000278
570 0.000278
580 0.000278
590 0.000278
600 0.000278
610 0.000278
620 0.000278
630 0.000278
640 0.000278
650 0.000278
660 0.000278
670 0.000278
680 0.000278
690 0.000278
700 0.000278
710 0.000278
720 0.000278
730 0.000278
740 0.000278
750 0.000278
760 0.000278
770 0.000278
780 0.000278
790 0.000278
800 0.000278
810 0.000278
820 0.000278
830 0.000278
840 0.000278
850 0.000278
860 0.000278
870 0.000278
880 0.000278
890 0.000278
900 0.000278
910 0.000278
920 0.000278
930 0.000278
940 0.000278
950 0.000278
960 0.000278
970 0.000278
980 0.000278
990 0.000278
1000 0.000278
1010 0.000278
1020 0.000278
1030 0.000278
1040 0.000278
1050 0.000278
1060 0.000278
1070 0.000278
1080 0.000278
1090 0.000278
1100 0.000278
1110 0.000278
1120 0.000278
1130 0.000278
1140 0.000278
1150 0.000278
1160 0.000278
1170 0.000278
1180 0.000278
1190 0.000278
1200 0.000278
1210 0.000278
1220 0.000278
1230 0.000278
1240 0.000278
1250 0.000278
1260 0.000278
1270 0.000278
1280 0.000278
1290 0.000278
1300 0.000278
1310 0.000278
1320 0.000278
1330 0.000278
1340 0.000278
1350 0.000278
1360 0.000278
1370 0.000278
1380 0.000278
1390 0.000278
1400 0.000278
1410 0.000278
1420 0.000278
1430 0.000278
1440 0.000278
1450 0.000278
1460 0.000278
1470 0.000278
1480 0.000278
1490 0.000278
1500 0.000278
1510 0.000278
1520 0.000278
1530 0.000278
1540 0.000278
1550 0.000278
1560 0.000278
1570 0.000278
1580 0.000278
1590 0.000278
1600 0.000278
1610 0.000278
1620 0.000278
1630 0.000278
1640 0.000278
1650 0.000278
1660 0.000278
1670 0.000278
1680 0.000278
1690 0.000278
1700 0.000278
1710 0.000278
1720 0.000278
1730 0.000278
1740 0.000278
1750 0.000278
1760 0.000278
1770 0.000278
1780 0.000278
1790 0.000278
1800 0.000278
1810 0.000278
1820 0.000278
1830 0.000278
1840 0.000278
1850 0.000278
1860 0.000278
1870 0.000278
1880 0.000278
1890 0.000278
1900 0.000278
1910 0.000278
1920 0.000278
1930 0.000278
1940 0.000278
1950 0.000278
1960 0.000278
1970 0.000278
1980 0.000278
1990 0.000278
2000 0.000278
2010 0.000278
2020 0.000278
2030 0.000278
2040 0.000278
2050 0.000278
2060 0.000278
2070 0.000278
2080 0.000278
2090 0.000278
2100 0.000278
2110 0.000278
2120 0.000278
2130 0.000278
2140 0.000278
2150 0.000278
2160 0.000278
2170 0.000278
2180 0.000278
2190 0.000278
2200 0.000278
2210 0.000278
2220 0.000278
2230 0.000278
2240 0.000278
2250 0.000278
2260 0.000278
2270 0.000278
2280 0.000278
2290 0.000278
2300 0.000278
2310 0.000278
2320 0.000278
2330 0.000278
2340 0.000278
2350 0.000278
2360 0.000278
2370 0.000278
2380 0.000278
2390 0.000278
2400 0.000278
2410 0.000278
2420 0.000278
2430 0.000278
2440 0.000278
2450 0.000278
2460 0.000278
2470 0.000278
2480 0.000278
2490 0.000278
2500 0.000278
2510 0.000278
2520 0.000278
2530 0.000278
2540 0.000278
2550 0.000278
2560 0.000278
2570 0.000278
2580 0.000278
2590 0.000278
2600 0.000278
2610 0.000278
2620 0.000278
2630 0.000278
2640 0.000278
2650 0.000278
2660 0.000278
2670 0.000278
2680 0.000278
2690 0.000278
2700 0.000278
2710 0.000278
2720 0.000278
2730 0.000278
2740 0.000278
2750 0.000278
2760 0.000278
2770 0.000278
2780 0.000278
2790 0.000278
2800 0.000278
2810 0.000278
2820 0.000278
2830 0.000278
2840 0.000278
2850 0.000278
2860 0.000278
2870 0.000278
2880 0.000278
2890 0.000278
2900 0.000278
2910 0.000278
2920 0.000278
2930 0.000278
2940 0.000278
2950 0.000278
2960 0.000278
2970 0.000278
2980 0.000278
2990 0.000278
3000 0.000278
3010 0.000278
3020 0.000278
3030 0.000278
3040 0.000278
3050 0.000278
3060 0.000278
3070 0.000278
3080 0.000278
3090 0.000278
3100 0.000278
3110 0.000278
3120 0.000278
3130 0.000278
3140 0.000278
3150 0.000278
3160 0.000278
3170 0.000278
3180 0.000278
3190 0.000278
3200 0.000278
3210 0.000278
3220 0.000278
3230 0.000278
3240 0.000278
3250 0.000278
3260 0.000278
3270 0.000278
3280 0.000278
3290 0.000278
3300 0.000278
3310 0.000278
3320 0.000278
3330 0.000278
3340 0.000278
3350 0.000278
3360 0.000278
3370 0.000278
3380 0.000278
3390 0.000278
3400 0.000278
3410 0.000278
3420 0.000278
3430 0.000278
3440 0.000278
3450 0.000278
3460 0.000278
3470 0.000278
3480 0.000278
3490 0.000278
3500 0.000278
3510 0.000278
3520 0.000278
3530 0.000278
3540 0.000278
3550 0.000278
3560 0.000278
3570 0.000278
3580 0.000278
3590 0.000278
3600 0.000278
3610 0.000278
3620 0.000278
3630 0.000278
3640 0.000278
3650 0.000278
3660 0.000278
3670 0.000278
3680 0.000278
3690 0.000278
3700 0.000278
3710 0.000278
3720 0.000278
3730 0.000278
3740 0.000278
3750 0.000278
3760 0.000278
3770 0.000278
3780 0.000278
3790 0.000278
3800 0.000278
3810 0.000278
3820 0.000278
3830 0.000278
3840 0.000278
3850 0.000278
3860 0.000278
3870 0.000278
3880 0.000278
3890 0.000278
3900 0.000278
3910 0.000278
3920 0.000278
3930 0.000278
3940 0.000278
3950 0.000278
3960 0.000278
3970 0.000278
3980 0.000278
3990 0.000278
4000 0.000278
4010 0.000278
4020 0.000278
4030 0.000278
4040 0.000278
4050 0.000278
4060 0.000278
4070 0.000278
4080 0.000278
4090 0.000278
4100 0.000278
4110 0.000278
4120 0.000278
4130 0.000278
4140 0.000278
4150 0.000278
4160 0.000278
4170 0.000278
4180 0.000278
4190 0.000278
4200 0.000278
4210 0.000278
4220 0.000278
4230 0.000278
4240 0.000278
4250 0.000278
4260 0.000278
4270 0.000278
4280 0.000278
4290 0.000278
4300 0.000278
4310 0.000278
4320 0.000278
4330 0.000278
4340 0.000278
4350 0.000278
4360 0.000278
4370 0.000278
4380 0.000278
4390 0.000278
4400 0.000278
4410 0.000278
4420 0.000278
4430 0.000278
4440 0.000278
4450 0.000278
4460 0.000278
4470 0.000278
4480 0.000278
4490 0.000278
4500 0.000278
4510 0.000278
4520 0.000278
4530 0.000278
4540 0.000278
4550 0.000278
4560 0.000278
4570 0.000278
4580 0.000278
4590 0.000278
4600 0.000278
4610 0.000278
4620 0.000278
4630 0.000278
4640 0.000278
4650 0.000278
4660 0.000278
4670 0.000278
4680 0.000278
4690 0.000278
4700 0.000278
4710 0.000278
4720 0.000278
4730 0.000278
4740 0.000278
4750 0.000278
4760 0.000278
4770 0.000278
4780 0.000278
4790 0.000278
4800 0.000278
4810 0.000278
4820 0.000278
4830 0.000278
4840 0.000278
4850 0.000278
4860 0.000278
4870 0.000278
4880 0.000278
4890 0.000278
4900 0.000278
4910 0.000278
4920 0.000278
4930 0.000278
4940 0.000278
4950 0.000278
4960 0.000278
4970 0.000278
4980 0.000278
4990 0.000278
5000 0.000278
5010 0.000279733376623377
5020 0.000281466753246753
5030 0.00028320012987013
5040 0.000284933506493506
5050 0.000286666883116883
5060 0.00028840025974026
5070 0.000290133636363636
5080 0.000291867012987013
5090 0.00029360038961039
5100 0.000295333766233766
5110 0.000297067142857143
5120 0.00029880051948052
5130 0.000300533896103896
5140 0.000302267272727273
5150 0.000304000649350649
5160 0.000305734025974026
5170 0.000307467402597403
5180 0.000309200779220779
5190 0.000310934155844156
5200 0.000312667532467532
5210 0.000314400909090909
5220 0.000316134285714286
5230 0.000317867662337662
5240 0.000319601038961039
5250 0.000321334415584416
5260 0.000323067792207792
5270 0.000324801168831169
5280 0.000326534545454545
5290 0.000328267922077922
5300 0.000330001298701299
5310 0.000331734675324675
5320 0.000333468051948052
5330 0.000335201428571429
5340 0.000336934805194805
5350 0.000338668181818182
5360 0.000340401558441558
5370 0.000342134935064935
5380 0.000343868311688312
5390 0.000345601688311688
5400 0.000347335064935065
5410 0.000349068441558442
5420 0.000350801818181818
5430 0.000352535194805195
5440 0.000354268571428571
5450 0.000356001948051948
5460 0.000357735324675325
5470 0.000359468701298701
5480 0.000361202077922078
5490 0.000362935454545455
5500 0.000364668831168831
5510 0.000366402207792208
5520 0.000368135584415584
5530 0.000369868961038961
5540 0.000371602337662338
5550 0.000373335714285714
5560 0.000375069090909091
5570 0.000376802467532468
5580 0.000378535844155844
5590 0.000380269220779221
5600 0.000382002597402597
5610 0.000383735974025974
5620 0.000385469350649351
5630 0.000387202727272727
5640 0.000388936103896104
5650 0.00039066948051948
5660 0.000392402857142857
5670 0.000394136233766234
5680 0.00039586961038961
5690 0.000397602987012987
5700 0.000399336363636364
5710 0.00040106974025974
5720 0.000402803116883117
5730 0.000404536493506493
5740 0.00040626987012987
5750 0.000408003246753247
5760 0.000409736623376623
5770 0.00041147
5780 0.000413203376623377
5790 0.000414936753246753
5800 0.00041667012987013
5810 0.000418403506493506
5820 0.000420136883116883
5830 0.00042187025974026
5840 0.000423603636363636
5850 0.000425337012987013
5860 0.00042707038961039
5870 0.000428803766233766
5880 0.000430537142857143
5890 0.00043227051948052
5900 0.000434003896103896
5910 0.000435737272727273
5920 0.000437470649350649
5930 0.000439204025974026
5940 0.000440937402597403
5950 0.000442670779220779
5960 0.000444404155844156
5970 0.000446137532467532
5980 0.000447870909090909
5990 0.000449604285714286
6000 0.000451337662337662
6010 0.000453071038961039
6020 0.000454804415584416
6030 0.000456537792207792
6040 0.000458271168831169
6050 0.000460004545454545
6060 0.000461737922077922
6070 0.000463471298701299
6080 0.000465204675324675
6090 0.000466938051948052
6100 0.000468671428571428
6110 0.000470404805194805
6120 0.000472138181818182
6130 0.000473871558441558
6140 0.000475604935064935
6150 0.000477338311688312
6160 0.000479071688311688
6170 0.000480805064935065
6180 0.000482538441558442
6190 0.000484271818181818
6200 0.000486005194805195
6210 0.000487738571428571
6220 0.000489471948051948
6230 0.000491205324675325
6240 0.000492938701298701
6250 0.000494672077922078
6260 0.000496405454545455
6270 0.000498138831168831
6280 0.000499872207792208
6290 0.000501605584415584
6300 0.000503338961038961
6310 0.000505072337662338
6320 0.000506805714285714
6330 0.000508539090909091
6340 0.000510272467532467
6350 0.000512005844155844
6360 0.000513739220779221
6370 0.000515472597402597
6380 0.000517205974025974
6390 0.000518939350649351
6400 0.000520672727272727
6410 0.000522406103896104
6420 0.00052413948051948
6430 0.000525872857142857
6440 0.000527606233766234
6450 0.00052933961038961
6460 0.000531072987012987
6470 0.000532806363636364
6480 0.00053453974025974
6490 0.000536273116883117
6500 0.000538006493506493
6510 0.00053973987012987
6520 0.000541473246753247
6530 0.000543206623376623
6540 0.00054494
6550 0.000546673376623377
6560 0.000548406753246753
6570 0.00055014012987013
6580 0.000551873506493506
6590 0.000553606883116883
6600 0.00055534025974026
6610 0.000557073636363636
6620 0.000558807012987013
6630 0.00056054038961039
6640 0.000562273766233766
6650 0.000564007142857143
6660 0.00056574051948052
6670 0.000567473896103896
6680 0.000569207272727273
6690 0.000570940649350649
6700 0.000572674025974026
6710 0.000574407402597403
6720 0.000576140779220779
6730 0.000577874155844156
6740 0.000579607532467532
6750 0.000581340909090909
6760 0.000583074285714286
6770 0.000584807662337662
6780 0.000586541038961039
6790 0.000588274415584416
6800 0.000590007792207792
6810 0.000591741168831169
6820 0.000593474545454545
6830 0.000595207922077922
6840 0.000596941298701299
6850 0.000598674675324675
6860 0.000600408051948052
6870 0.000602141428571429
6880 0.000603874805194805
6890 0.000605608181818182
6900 0.000607341558441558
6910 0.000609074935064935
6920 0.000610808311688312
6930 0.000612541688311688
6940 0.000614275064935065
6950 0.000616008441558442
6960 0.000617741818181818
6970 0.000619475194805195
6980 0.000621208571428571
6990 0.000622941948051948
7000 0.000624675324675325
7010 0.000626408701298701
7020 0.000628142077922078
7030 0.000629875454545454
7040 0.000631608831168831
7050 0.000633342207792208
7060 0.000635075584415584
7070 0.000636808961038961
7080 0.000638542337662338
7090 0.000640275714285714
7100 0.000642009090909091
7110 0.000643742467532467
7120 0.000645475844155844
7130 0.000647209220779221
7140 0.000648942597402597
7150 0.000650675974025974
7160 0.00065240935064935
7170 0.000654142727272727
7180 0.000655876103896104
7190 0.00065760948051948
7200 0.000659342857142857
7210 0.000661076233766234
7220 0.00066280961038961
7230 0.000664542987012987
7240 0.000666276363636364
7250 0.00066800974025974
7260 0.000669743116883117
7270 0.000671476493506493
7280 0.00067320987012987
7290 0.000674943246753247
7300 0.000676676623376623
7310 0.00067841
7320 0.000680143376623377
7330 0.000681876753246753
7340 0.00068361012987013
7350 0.000685343506493506
7360 0.000687076883116883
7370 0.00068881025974026
7380 0.000690543636363636
7390 0.000692277012987013
7400 0.00069401038961039
7410 0.000695743766233766
7420 0.000697477142857143
7430 0.000699210519480519
7440 0.000700943896103896
7450 0.000702677272727273
7460 0.000704410649350649
7470 0.000706144025974026
7480 0.000707877402597402
7490 0.000709610779220779
7500 0.000711344155844156
7510 0.000713077532467532
7520 0.000714810909090909
7530 0.000716544285714286
7540 0.000718277662337662
7550 0.000720011038961039
7560 0.000721744415584415
7570 0.000723477792207792
7580 0.000725211168831169
7590 0.000726944545454545
7600 0.000728677922077922
7610 0.000730411298701299
7620 0.000732144675324675
7630 0.000733878051948052
7640 0.000735611428571429
7650 0.000737344805194805
7660 0.000739078181818182
7670 0.000740811558441558
7680 0.000742544935064935
7690 0.000744278311688312
7700 0.000746011688311688
7710 0.000747745064935065
7720 0.000749478441558442
7730 0.000751211818181818
7740 0.000752945194805195
7750 0.000754678571428571
7760 0.000756411948051948
7770 0.000758145324675325
7780 0.000759878701298701
7790 0.000761612077922078
7800 0.000763345454545455
7810 0.000765078831168831
7820 0.000766812207792208
7830 0.000768545584415584
7840 0.000770278961038961
7850 0.000772012337662338
7860 0.000773745714285714
7870 0.000775479090909091
7880 0.000777212467532468
7890 0.000778945844155844
7900 0.000780679220779221
7910 0.000782412597402597
7920 0.000784145974025974
7930 0.000785879350649351
7940 0.000787612727272727
7950 0.000789346103896104
7960 0.00079107948051948
7970 0.000792812857142857
7980 0.000794546233766234
7990 0.00079627961038961
8000 0.000798012987012987
8010 0.000799746363636363
8020 0.00080147974025974
8030 0.000803213116883117
8040 0.000804946493506493
8050 0.00080667987012987
8060 0.000808413246753247
8070 0.000810146623376623
8080 0.00081188
8090 0.000813613376623377
8100 0.000815346753246753
8110 0.00081708012987013
8120 0.000818813506493506
8130 0.000820546883116883
8140 0.00082228025974026
8150 0.000824013636363636
8160 0.000825747012987013
8170 0.00082748038961039
8180 0.000829213766233766
8190 0.000830947142857143
8200 0.000832680519480519
8210 0.000834413896103896
8220 0.000836147272727273
8230 0.000837880649350649
8240 0.000839614025974026
8250 0.000841347402597403
8260 0.000843080779220779
8270 0.000844814155844156
8280 0.000846547532467532
8290 0.000848280909090909
8300 0.000850014285714286
8310 0.000851747662337662
8320 0.000853481038961039
8330 0.000855214415584416
8340 0.000856947792207792
8350 0.000858681168831169
8360 0.000860414545454545
8370 0.000862147922077922
8380 0.000863881298701299
8390 0.000865614675324675
8400 0.000867348051948052
8410 0.000869081428571428
8420 0.000870814805194805
8430 0.000872548181818182
8440 0.000874281558441558
8450 0.000876014935064935
8460 0.000877748311688312
8470 0.000879481688311688
8480 0.000881215064935065
8490 0.000882948441558441
8500 0.000884681818181818
8510 0.000886415194805195
8520 0.000888148571428571
8530 0.000889881948051948
8540 0.000891615324675325
8550 0.000893348701298701
8560 0.000895082077922078
8570 0.000896815454545454
8580 0.000898548831168831
8590 0.000900282207792208
8600 0.000902015584415584
8610 0.000903748961038961
8620 0.000905482337662338
8630 0.000907215714285714
8640 0.000908949090909091
8650 0.000910682467532467
8660 0.000912415844155844
8670 0.000914149220779221
8680 0.000915882597402597
8690 0.000917615974025974
8700 0.00091934935064935
8710 0.000921082727272727
8720 0.000922816103896104
8730 0.00092454948051948
8740 0.000926282857142857
8750 0.000928016233766234
8760 0.00092974961038961
8770 0.000931482987012987
8780 0.000933216363636364
8790 0.00093494974025974
8800 0.000936683116883117
8810 0.000938416493506493
8820 0.00094014987012987
8830 0.000941883246753247
8840 0.000943616623376623
8850 0.00094535
8860 0.000947083376623376
8870 0.000948816753246753
8880 0.00095055012987013
8890 0.000952283506493506
8900 0.000954016883116883
8910 0.00095575025974026
8920 0.000957483636363636
8930 0.000959217012987013
8940 0.000960950389610389
8950 0.000962683766233766
8960 0.000964417142857143
8970 0.000966150519480519
8980 0.000967883896103896
8990 0.000969617272727272
9000 0.000971350649350649
9010 0.000973084025974026
9020 0.000974817402597402
9030 0.000976550779220779
9040 0.000978284155844156
9050 0.000980017532467532
9060 0.000981750909090909
9070 0.000983484285714286
9080 0.000985217662337662
9090 0.000986951038961039
9100 0.000988684415584415
9110 0.000990417792207792
9120 0.000992151168831169
9130 0.000993884545454545
9140 0.000995617922077922
9150 0.000997351298701299
9160 0.000999084675324675
9170 0.00100081805194805
9180 0.00100255142857143
9190 0.0010042848051948
9200 0.00100601818181818
9210 0.00100775155844156
9220 0.00100948493506493
9230 0.00101121831168831
9240 0.00101295168831169
9250 0.00101468506493506
9260 0.00101641844155844
9270 0.00101815181818182
9280 0.00101988519480519
9290 0.00102161857142857
9300 0.00102335194805195
9310 0.00102508532467532
9320 0.0010268187012987
9330 0.00102855207792208
9340 0.00103028545454545
9350 0.00103201883116883
9360 0.00103375220779221
9370 0.00103548558441558
9380 0.00103721896103896
9390 0.00103895233766234
9400 0.00104068571428571
9410 0.00104241909090909
9420 0.00104415246753247
9430 0.00104588584415584
9440 0.00104761922077922
9450 0.0010493525974026
9460 0.00105108597402597
9470 0.00105281935064935
9480 0.00105455272727273
9490 0.0010562861038961
9500 0.00105801948051948
9510 0.00105975285714286
9520 0.00106148623376623
9530 0.00106321961038961
9540 0.00106495298701299
9550 0.00106668636363636
9560 0.00106841974025974
9570 0.00107015311688312
9580 0.00107188649350649
9590 0.00107361987012987
9600 0.00107535324675325
9610 0.00107708662337662
9620 0.00107882
9630 0.00108055337662338
9640 0.00108228675324675
9650 0.00108402012987013
9660 0.00108575350649351
9670 0.00108748688311688
9680 0.00108922025974026
9690 0.00109095363636364
9700 0.00109268701298701
9710 0.00109442038961039
9720 0.00109615376623377
9730 0.00109788714285714
9740 0.00109962051948052
9750 0.0011013538961039
9760 0.00110308727272727
9770 0.00110482064935065
9780 0.00110655402597403
9790 0.0011082874025974
9800 0.00111002077922078
9810 0.00111175415584416
9820 0.00111348753246753
9830 0.00111522090909091
9840 0.00111695428571429
9850 0.00111868766233766
9860 0.00112042103896104
9870 0.00112215441558442
9880 0.00112388779220779
9890 0.00112562116883117
9900 0.00112735454545455
9910 0.00112908792207792
9920 0.0011308212987013
9930 0.00113255467532468
9940 0.00113428805194805
9950 0.00113602142857143
9960 0.00113775480519481
9970 0.00113948818181818
9980 0.00114122155844156
9990 0.00114295493506493
10000 0.00114468831168831
10010 0.00114642168831169
10020 0.00114815506493506
10030 0.00114988844155844
10040 0.00115162181818182
10050 0.00115335519480519
10060 0.00115508857142857
10070 0.00115682194805195
10080 0.00115855532467532
10090 0.0011602887012987
10100 0.00116202207792208
10110 0.00116375545454545
10120 0.00116548883116883
10130 0.00116722220779221
10140 0.00116895558441558
10150 0.00117068896103896
10160 0.00117242233766234
10170 0.00117415571428571
10180 0.00117588909090909
10190 0.00117762246753247
10200 0.00117935584415584
10210 0.00118108922077922
10220 0.0011828225974026
10230 0.00118455597402597
10240 0.00118628935064935
10250 0.00118802272727273
10260 0.0011897561038961
10270 0.00119148948051948
10280 0.00119322285714286
10290 0.00119495623376623
10300 0.00119668961038961
10310 0.00119842298701299
10320 0.00120015636363636
10330 0.00120188974025974
10340 0.00120362311688312
10350 0.00120535649350649
10360 0.00120708987012987
10370 0.00120882324675325
10380 0.00121055662337662
10390 0.00121229
10400 0.00121402337662338
10410 0.00121575675324675
10420 0.00121749012987013
10430 0.00121922350649351
10440 0.00122095688311688
10450 0.00122269025974026
10460 0.00122442363636364
10470 0.00122615701298701
10480 0.00122789038961039
10490 0.00122962376623377
10500 0.00123135714285714
10510 0.00123309051948052
10520 0.0012348238961039
10530 0.00123655727272727
10540 0.00123829064935065
10550 0.00124002402597403
10560 0.0012417574025974
10570 0.00124349077922078
10580 0.00124522415584416
10590 0.00124695753246753
10600 0.00124869090909091
10610 0.00125042428571429
10620 0.00125215766233766
10630 0.00125389103896104
10640 0.00125562441558442
10650 0.00125735779220779
10660 0.00125909116883117
10670 0.00126082454545455
10680 0.00126255792207792
10690 0.0012642912987013
10700 0.00126602467532468
10710 0.00126775805194805
10720 0.00126949142857143
10730 0.00127122480519481
10740 0.00127295818181818
10750 0.00127469155844156
10760 0.00127642493506494
10770 0.00127815831168831
10780 0.00127989168831169
10790 0.00128162506493506
10800 0.00128335844155844
10810 0.00128509181818182
10820 0.00128682519480519
10830 0.00128855857142857
10840 0.00129029194805195
10850 0.00129202532467532
10860 0.0012937587012987
10870 0.00129549207792208
10880 0.00129722545454545
10890 0.00129895883116883
10900 0.00130069220779221
10910 0.00130242558441558
10920 0.00130415896103896
10930 0.00130589233766234
10940 0.00130762571428571
10950 0.00130935909090909
10960 0.00131109246753247
10970 0.00131282584415584
10980 0.00131455922077922
10990 0.0013162925974026
11000 0.00131802597402597
11010 0.00131975935064935
11020 0.00132149272727273
11030 0.0013232261038961
11040 0.00132495948051948
11050 0.00132669285714286
11060 0.00132842623376623
11070 0.00133015961038961
11080 0.00133189298701299
11090 0.00133362636363636
11100 0.00133535974025974
11110 0.00133709311688312
11120 0.00133882649350649
11130 0.00134055987012987
11140 0.00134229324675325
11150 0.00134402662337662
11160 0.00134576
11170 0.00134749337662338
11180 0.00134922675324675
11190 0.00135096012987013
11200 0.00135269350649351
11210 0.00135442688311688
11220 0.00135616025974026
11230 0.00135789363636364
11240 0.00135962701298701
11250 0.00136136038961039
11260 0.00136309376623377
11270 0.00136482714285714
11280 0.00136656051948052
11290 0.0013682938961039
11300 0.00137002727272727
11310 0.00137176064935065
11320 0.00137349402597403
11330 0.0013752274025974
11340 0.00137696077922078
11350 0.00137869415584416
11360 0.00138042753246753
11370 0.00138216090909091
11380 0.00138389428571429
11390 0.00138562766233766
11400 0.00138736103896104
11410 0.00138909441558442
11420 0.00139082779220779
11430 0.00139256116883117
11440 0.00139429454545455
11450 0.00139602792207792
11460 0.0013977612987013
11470 0.00139949467532468
11480 0.00140122805194805
11490 0.00140296142857143
11500 0.00140469480519481
11510 0.00140642818181818
11520 0.00140816155844156
11530 0.00140989493506494
11540 0.00141162831168831
11550 0.00141336168831169
11560 0.00141509506493506
11570 0.00141682844155844
11580 0.00141856181818182
11590 0.00142029519480519
11600 0.00142202857142857
11610 0.00142376194805195
11620 0.00142549532467532
11630 0.0014272287012987
11640 0.00142896207792208
11650 0.00143069545454545
11660 0.00143242883116883
11670 0.00143416220779221
11680 0.00143589558441558
11690 0.00143762896103896
11700 0.00143936233766234
11710 0.00144109571428571
11720 0.00144282909090909
11730 0.00144456246753247
11740 0.00144629584415584
11750 0.00144802922077922
11760 0.0014497625974026
11770 0.00145149597402597
11780 0.00145322935064935
11790 0.00145496272727273
11800 0.0014566961038961
11810 0.00145842948051948
11820 0.00146016285714286
11830 0.00146189623376623
11840 0.00146362961038961
11850 0.00146536298701299
11860 0.00146709636363636
11870 0.00146882974025974
11880 0.00147056311688312
11890 0.00147229649350649
11900 0.00147402987012987
11910 0.00147576324675325
11920 0.00147749662337662
11930 0.00147923
11940 0.00148096337662338
11950 0.00148269675324675
11960 0.00148443012987013
11970 0.00148616350649351
11980 0.00148789688311688
11990 0.00148963025974026
12000 0.00149136363636364
12010 0.00149309701298701
12020 0.00149483038961039
12030 0.00149656376623377
12040 0.00149829714285714
12050 0.00150003051948052
12060 0.0015017638961039
12070 0.00150349727272727
12080 0.00150523064935065
12090 0.00150696402597403
12100 0.0015086974025974
12110 0.00151043077922078
12120 0.00151216415584416
12130 0.00151389753246753
12140 0.00151563090909091
12150 0.00151736428571429
12160 0.00151909766233766
12170 0.00152083103896104
12180 0.00152256441558442
12190 0.00152429779220779
12200 0.00152603116883117
12210 0.00152776454545455
12220 0.00152949792207792
12230 0.0015312312987013
12240 0.00153296467532468
12250 0.00153469805194805
12260 0.00153643142857143
12270 0.00153816480519481
12280 0.00153989818181818
12290 0.00154163155844156
12300 0.00154336493506493
12310 0.00154509831168831
12320 0.00154683168831169
12330 0.00154856506493506
12340 0.00155029844155844
12350 0.00155203181818182
12360 0.00155376519480519
12370 0.00155549857142857
12380 0.00155723194805195
12390 0.00155896532467532
12400 0.0015606987012987
12410 0.00156243207792208
12420 0.00156416545454545
12430 0.00156589883116883
12440 0.00156763220779221
12450 0.00156936558441558
12460 0.00157109896103896
12470 0.00157283233766234
12480 0.00157456571428571
12490 0.00157629909090909
12500 0.00157803246753247
12510 0.00157976584415584
12520 0.00158149922077922
12530 0.0015832325974026
12540 0.00158496597402597
12550 0.00158669935064935
12560 0.00158843272727273
12570 0.0015901661038961
12580 0.00159189948051948
12590 0.00159363285714286
12600 0.00159536623376623
12610 0.00159709961038961
12620 0.00159883298701299
12630 0.00160056636363636
12640 0.00160229974025974
12650 0.00160403311688312
12660 0.00160576649350649
12670 0.00160749987012987
12680 0.00160923324675325
12690 0.00161096662337662
12700 0.0016127
12710 0.00161443337662338
12720 0.00161616675324675
12730 0.00161790012987013
12740 0.00161963350649351
12750 0.00162136688311688
12760 0.00162310025974026
12770 0.00162483363636364
12780 0.00162656701298701
12790 0.00162830038961039
12800 0.00163003376623377
12810 0.00163176714285714
12820 0.00163350051948052
12830 0.0016352338961039
12840 0.00163696727272727
12850 0.00163870064935065
12860 0.00164043402597403
12870 0.0016421674025974
12880 0.00164390077922078
12890 0.00164563415584416
12900 0.00164736753246753
12910 0.00164910090909091
12920 0.00165083428571429
12930 0.00165256766233766
12940 0.00165430103896104
12950 0.00165603441558442
12960 0.00165776779220779
12970 0.00165950116883117
12980 0.00166123454545455
12990 0.00166296792207792
13000 0.0016647012987013
13010 0.00166643467532468
13020 0.00166816805194805
13030 0.00166990142857143
13040 0.0016716348051948
13050 0.00167336818181818
13060 0.00167510155844156
13070 0.00167683493506493
13080 0.00167856831168831
13090 0.00168030168831169
13100 0.00168203506493506
13110 0.00168376844155844
13120 0.00168550181818182
13130 0.00168723519480519
13140 0.00168896857142857
13150 0.00169070194805195
13160 0.00169243532467532
13170 0.0016941687012987
13180 0.00169590207792208
13190 0.00169763545454545
13200 0.00169936883116883
13210 0.00170110220779221
13220 0.00170283558441558
13230 0.00170456896103896
13240 0.00170630233766234
13250 0.00170803571428571
13260 0.00170976909090909
13270 0.00171150246753247
13280 0.00171323584415584
13290 0.00171496922077922
13300 0.0017167025974026
13310 0.00171843597402597
13320 0.00172016935064935
13330 0.00172190272727273
13340 0.0017236361038961
13350 0.00172536948051948
13360 0.00172710285714286
13370 0.00172883623376623
13380 0.00173056961038961
13390 0.00173230298701299
13400 0.00173403636363636
13410 0.00173576974025974
13420 0.00173750311688312
13430 0.00173923649350649
13440 0.00174096987012987
13450 0.00174270324675325
13460 0.00174443662337662
13470 0.00174617
13480 0.00174790337662338
13490 0.00174963675324675
13500 0.00175137012987013
13510 0.00175310350649351
13520 0.00175483688311688
13530 0.00175657025974026
13540 0.00175830363636364
13550 0.00176003701298701
13560 0.00176177038961039
13570 0.00176350376623377
13580 0.00176523714285714
13590 0.00176697051948052
13600 0.0017687038961039
13610 0.00177043727272727
13620 0.00177217064935065
13630 0.00177390402597403
13640 0.0017756374025974
13650 0.00177737077922078
13660 0.00177910415584416
13670 0.00178083753246753
13680 0.00178257090909091
13690 0.00178430428571429
13700 0.00178603766233766
13710 0.00178777103896104
13720 0.00178950441558442
13730 0.00179123779220779
13740 0.00179297116883117
13750 0.00179470454545455
13760 0.00179643792207792
13770 0.0017981712987013
13780 0.00179990467532468
13790 0.00180163805194805
13800 0.00180337142857143
13810 0.0018051048051948
13820 0.00180683818181818
13830 0.00180857155844156
13840 0.00181030493506493
13850 0.00181203831168831
13860 0.00181377168831169
13870 0.00181550506493506
13880 0.00181723844155844
13890 0.00181897181818182
13900 0.00182070519480519
13910 0.00182243857142857
13920 0.00182417194805195
13930 0.00182590532467532
13940 0.0018276387012987
13950 0.00182937207792208
13960 0.00183110545454545
13970 0.00183283883116883
13980 0.00183457220779221
13990 0.00183630558441558
14000 0.00183803896103896
14010 0.00183977233766234
14020 0.00184150571428571
14030 0.00184323909090909
14040 0.00184497246753247
14050 0.00184670584415584
14060 0.00184843922077922
14070 0.0018501725974026
14080 0.00185190597402597
14090 0.00185363935064935
14100 0.00185537272727273
14110 0.0018571061038961
14120 0.00185883948051948
14130 0.00186057285714286
14140 0.00186230623376623
14150 0.00186403961038961
14160 0.00186577298701299
14170 0.00186750636363636
14180 0.00186923974025974
14190 0.00187097311688312
14200 0.00187270649350649
14210 0.00187443987012987
14220 0.00187617324675325
14230 0.00187790662337662
14240 0.00187964
14250 0.00188137337662338
14260 0.00188310675324675
14270 0.00188484012987013
14280 0.00188657350649351
14290 0.00188830688311688
14300 0.00189004025974026
14310 0.00189177363636364
14320 0.00189350701298701
14330 0.00189524038961039
14340 0.00189697376623377
14350 0.00189870714285714
14360 0.00190044051948052
14370 0.0019021738961039
14380 0.00190390727272727
14390 0.00190564064935065
14400 0.00190737402597403
14410 0.0019091074025974
14420 0.00191084077922078
14430 0.00191257415584416
14440 0.00191430753246753
14450 0.00191604090909091
14460 0.00191777428571429
14470 0.00191950766233766
14480 0.00192124103896104
14490 0.00192297441558442
14500 0.00192470779220779
14510 0.00192644116883117
14520 0.00192817454545455
14530 0.00192990792207792
14540 0.0019316412987013
14550 0.00193337467532468
14560 0.00193510805194805
14570 0.00193684142857143
14580 0.0019385748051948
14590 0.00194030818181818
14600 0.00194204155844156
14610 0.00194377493506493
14620 0.00194550831168831
14630 0.00194724168831169
14640 0.00194897506493506
14650 0.00195070844155844
14660 0.00195244181818182
14670 0.00195417519480519
14680 0.00195590857142857
14690 0.00195764194805195
14700 0.00195937532467532
14710 0.0019611087012987
14720 0.00196284207792208
14730 0.00196457545454545
14740 0.00196630883116883
14750 0.00196804220779221
14760 0.00196977558441558
14770 0.00197150896103896
14780 0.00197324233766234
14790 0.00197497571428571
14800 0.00197670909090909
14810 0.00197844246753247
14820 0.00198017584415584
14830 0.00198190922077922
14840 0.0019836425974026
14850 0.00198537597402597
14860 0.00198710935064935
14870 0.00198884272727273
14880 0.0019905761038961
14890 0.00199230948051948
14900 0.00199404285714286
14910 0.00199577623376623
14920 0.00199750961038961
14930 0.00199924298701299
14940 0.00200097636363636
14950 0.00200270974025974
14960 0.00200444311688312
14970 0.00200617649350649
14980 0.00200790987012987
14990 0.00200964324675325
15000 0.00201137662337662
15010 0.00201311
15020 0.00201311
15030 0.00201311
15040 0.00201311
15050 0.00201311
15060 0.00201311
15070 0.00201311
15080 0.00201311
15090 0.00201311
15100 0.00201311
15110 0.00201311
15120 0.00201311
15130 0.00201311
15140 0.00201311
15150 0.00201311
15160 0.00201311
15170 0.00201311
15180 0.00201311
15190 0.00201311
15200 0.00201311
15210 0.00201311
15220 0.00201311
15230 0.00201311
15240 0.00201311
15250 0.00201311
15260 0.00201311
15270 0.00201311
15280 0.00201311
15290 0.00201311
15300 0.00201311
15310 0.00201311
15320 0.00201311
15330 0.00201311
15340 0.00201311
15350 0.00201311
15360 0.00201311
15370 0.00201311
15380 0.00201311
15390 0.00201311
15400 0.00201311
15410 0.00201311
15420 0.00201311
15430 0.00201311
15440 0.00201311
15450 0.00201311
15460 0.00201311
15470 0.00201311
15480 0.00201311
15490 0.00201311
15500 0.00201311
15510 0.00201311
15520 0.00201311
15530 0.00201311
15540 0.00201311
15550 0.00201311
15560 0.00201311
15570 0.00201311
15580 0.00201311
15590 0.00201311
15600 0.00201311
15610 0.00201311
15620 0.00201311
15630 0.00201311
15640 0.00201311
15650 0.00201311
15660 0.00201311
15670 0.00201311
15680 0.00201311
15690 0.00201311
15700 0.00201311
15710 0.00201311
15720 0.00201311
15730 0.00201311
15740 0.00201311
15750 0.00201311
15760 0.00201311
15770 0.00201311
15780 0.00201311
15790 0.00201311
15800 0.00201311
15810 0.00201311
15820 0.00201311
15830 0.00201311
15840 0.00201311
15850 0.00201311
15860 0.00201311
15870 0.00201311
15880 0.00201311
15890 0.00201311
15900 0.00201311
15910 0.00201311
15920 0.00201311
15930 0.00201311
15940 0.00201311
15950 0.00201311
15960 0.00201311
15970 0.00201311
15980 0.00201311
15990 0.00201311
16000 0.00201311
16010 0.00201311
16020 0.00201311
16030 0.00201311
16040 0.00201311
16050 0.00201311
16060 0.00201311
16070 0.00201311
16080 0.00201311
16090 0.00201311
16100 0.00201311
16110 0.00201311
16120 0.00201311
16130 0.00201311
16140 0.00201311
16150 0.00201311
16160 0.00201311
16170 0.00201311
16180 0.00201311
16190 0.00201311
16200 0.00201311
16210 0.00201311
16220 0.00201311
16230 0.00201311
16240 0.00201311
16250 0.00201311
16260 0.00201311
16270 0.00201311
16280 0.00201311
16290 0.00201311
16300 0.00201311
16310 0.00201311
16320 0.00201311
16330 0.00201311
16340 0.00201311
16350 0.00201311
16360 0.00201311
16370 0.00201311
16380 0.00201311
16390 0.00201311
16400 0.00201311
16410 0.00201311
16420 0.00201311
16430 0.00201311
16440 0.00201311
16450 0.00201311
16460 0.00201311
16470 0.00201311
16480 0.00201311
16490 0.00201311
16500 0.00201311
16510 0.00201311
16520 0.00201311
16530 0.00201311
16540 0.00201311
16550 0.00201311
16560 0.00201311
16570 0.00201311
16580 0.00201311
16590 0.00201311
16600 0.00201311
16610 0.00201311
16620 0.00201311
16630 0.00201311
16640 0.00201311
16650 0.00201311
16660 0.00201311
16670 0.00201311
16680 0.00201311
16690 0.00201311
16700 0.00201311
16710 0.00201311
16720 0.00201311
16730 0.00201311
16740 0.00201311
16750 0.00201311
16760 0.00201311
16770 0.00201311
16780 0.00201311
16790 0.00201311
16800 0.00201311
16810 0.00201311
16820 0.00201311
16830 0.00201311
16840 0.00201311
16850 0.00201311
16860 0.00201311
16870 0.00201311
16880 0.00201311
16890 0.00201311
16900 0.00201311
16910 0.00201311
16920 0.00201311
16930 0.00201311
16940 0.00201311
16950 0.00201311
16960 0.00201311
16970 0.00201311
16980 0.00201311
16990 0.00201311
17000 0.00201311
17010 0.00201311
17020 0.00201311
17030 0.00201311
17040 0.00201311
17050 0.00201311
17060 0.00201311
17070 0.00201311
17080 0.00201311
17090 0.00201311
17100 0.00201311
17110 0.00201311
17120 0.00201311
17130 0.00201311
17140 0.00201311
17150 0.00201311
17160 0.00201311
17170 0.00201311
17180 0.00201311
17190 0.00201311
17200 0.00201311
17210 0.00201311
17220 0.00201311
17230 0.00201311
17240 0.00201311
17250 0.00201311
17260 0.00201311
17270 0.00201311
17280 0.00201311
17290 0.00201311
17300 0.00201311
17310 0.00201311
17320 0.00201311
17330 0.00201311
17340 0.00201311
17350 0.00201311
17360 0.00201311
17370 0.00201311
17380 0.00201311
17390 0.00201311
17400 0.00201311
17410 0.00201311
17420 0.00201311
17430 0.00201311
17440 0.00201311
17450 0.00201311
17460 0.00201311
17470 0.00201311
17480 0.00201311
17490 0.00201311
17500 0.00201311
17510 0.00201311
17520 0.00201311
17530 0.00201311
17540 0.00201311
17550 0.00201311
17560 0.00201311
17570 0.00201311
17580 0.00201311
17590 0.00201311
17600 0.00201311
17610 0.00201311
17620 0.00201311
17630 0.00201311
17640 0.00201311
17650 0.00201311
17660 0.00201311
17670 0.00201311
17680 0.00201311
17690 0.00201311
17700 0.00201311
17710 0.00201311
17720 0.00201311
17730 0.00201311
17740 0.00201311
17750 0.00201311
17760 0.00201311
17770 0.00201311
17780 0.00201311
17790 0.00201311
17800 0.00201311
17810 0.00201311
17820 0.00201311
17830 0.00201311
17840 0.00201311
17850 0.00201311
17860 0.00201311
17870 0.00201311
17880 0.00201311
17890 0.00201311
17900 0.00201311
17910 0.00201311
17920 0.00201311
17930 0.00201311
17940 0.00201311
17950 0.00201311
17960 0.00201311
17970 0.00201311
17980 0.00201311
17990 0.00201311
18000 0.00201311
18010 0.00201311
18020 0.00201311
18030 0.00201311
18040 0.00201311
18050 0.00201311
18060 0.00201311
18070 0.00201311
18080 0.00201311
18090 0.00201311
18100 0.00201311
18110 0.00201311
18120 0.00201311
18130 0.00201311
18140 0.00201311
18150 0.00201311
18160 0.00201311
18170 0.00201311
18180 0.00201311
18190 0.00201311
18200 0.00201311
18210 0.00201311
18220 0.00201311
18230 0.00201311
18240 0.00201311
18250 0.00201311
18260 0.00201311
18270 0.00201311
18280 0.00201311
18290 0.00201311
18300 0.00201311
18310 0.00201311
18320 0.00201311
18330 0.00201311
18340 0.00201311
18350 0.00201311
18360 0.00201311
18370 0.00201311
18380 0.00201311
18390 0.00201311
18400 0.00201311
18410 0.00201311
18420 0.00201311
18430 0.00201311
18440 0.00201311
18450 0.00201311
18460 0.00201311
18470 0.00201311
18480 0.00201311
18490 0.00201311
18500 0.00201311
18510 0.00201311
18520 0.00201311
18530 0.00201311
18540 0.00201311
18550 0.00201311
18560 0.00201311
18570 0.00201311
18580 0.00201311
18590 0.00201311
18600 0.00201311
18610 0.00201311
18620 0.00201311
18630 0.00201311
18640 0.00201311
18650 0.00201311
18660 0.00201311
18670 0.00201311
18680 0.00201311
18690 0.00201311
18700 0.00201311
18710 0.00201311
18720 0.00201311
18730 0.00201311
18740 0.00201311
18750 0.00201311
18760 0.00201311
18770 0.00201311
18780 0.00201311
18790 0.00201311
18800 0.00201311
18810 0.00201311
18820 0.00201311
18830 0.00201311
18840 0.00201311
18850 0.00201311
18860 0.00201311
18870 0.00201311
18880 0.00201311
18890 0.00201311
18900 0.00201311
18910 0.00201311
18920 0.00201311
18930 0.00201311
18940 0.00201311
18950 0.00201311
18960 0.00201311
18970 0.00201311
18980 0.00201311
18990 0.00201311
19000 0.00201311
19010 0.00201311
19020 0.00201311
19030 0.00201311
19040 0.00201311
19050 0.00201311
19060 0.00201311
19070 0.00201311
19080 0.00201311
19090 0.00201311
19100 0.00201311
19110 0.00201311
19120 0.00201311
19130 0.00201311
19140 0.00201311
19150 0.00201311
19160 0.00201311
19170 0.00201311
19180 0.00201311
19190 0.00201311
19200 0.00201311
19210 0.00201311
19220 0.00201311
19230 0.00201311
19240 0.00201311
19250 0.00201311
19260 0.00201311
19270 0.00201311
19280 0.00201311
19290 0.00201311
19300 0.00201311
19310 0.00201311
19320 0.00201311
19330 0.00201311
19340 0.00201311
19350 0.00201311
19360 0.00201311
19370 0.00201311
19380 0.00201311
19390 0.00201311
19400 0.00201311
19410 0.00201311
19420 0.00201311
19430 0.00201311
19440 0.00201311
19450 0.00201311
19460 0.00201311
19470 0.00201311
19480 0.00201311
19490 0.00201311
19500 0.00201311
19510 0.00201311
19520 0.00201311
19530 0.00201311
19540 0.00201311
19550 0.00201311
19560 0.00201311
19570 0.00201311
19580 0.00201311
19590 0.00201311
19600 0.00201311
19610 0.00201311
19620 0.00201311
19630 0.00201311
19640 0.00201311
19650 0.00201311
19660 0.00201311
19670 0.00201311
19680 0.00201311
19690 0.00201311
19700 0.00201311
19710 0.00201311
19720 0.00201311
19730 0.00201311
19740 0.00201311
19750 0.00201311
19760 0.00201311
19770 0.00201311
19780 0.00201311
19790 0.00201311
19800 0.00201311
19810 0.00201311
19820 0.00201311
19830 0.00201311
19840 0.00201311
19850 0.00201311
19860 0.00201311
19870 0.00201311
19880 0.00201311
19890 0.00201311
19900 0.00201311
19910 0.00201311
19920 0.00201311
19930 0.00201311
19940 0.00201311
19950 0.00201311
19960 0.00201311
19970 0.00201311
19980 0.00201311
19990 0.00201311
20000 0.00201311
20010 0.00201311
20020 0.00201311
20030 0.00201311
20040 0.00201311
20050 0.00201311
20060 0.00201311
20070 0.00201311
20080 0.00201311
20090 0.00201311
20100 0.00201311
20110 0.00201311
20120 0.00201311
20130 0.00201311
20140 0.00201311
20150 0.00201311
20160 0.00201311
20170 0.00201311
20180 0.00201311
20190 0.00201311
20200 0.00201311
20210 0.00201311
20220 0.00201311
20230 0.00201311
20240 0.00201311
20250 0.00201311
20260 0.00201311
20270 0.00201311
20280 0.00201311
20290 0.00201311
20300 0.00201311
20310 0.00201311
20320 0.00201311
20330 0.00201311
20340 0.00201311
20350 0.00201311
20360 0.00201311
20370 0.00201311
20380 0.00201311
20390 0.00201311
20400 0.00201311
20410 0.00201311
20420 0.00201311
20430 0.00201311
20440 0.00201311
20450 0.00201311
20460 0.00201311
20470 0.00201311
20480 0.00201311
20490 0.00201311
20500 0.00201311
20510 0.00201311
20520 0.00201311
20530 0.00201311
20540 0.00201311
20550 0.00201311
20560 0.00201311
20570 0.00201311
20580 0.00201311
20590 0.00201311
20600 0.00201311
20610 0.00201311
20620 0.00201311
20630 0.00201311
20640 0.00201311
20650 0.00201311
20660 0.00201311
20670 0.00201311
20680 0.00201311
20690 0.00201311
20700 0.00201311
20710 0.00201311
20720 0.00201311
20730 0.00201311
20740 0.00201311
20750 0.00201311
20760 0.00201311
20770 0.00201311
20780 0.00201311
20790 0.00201311
20800 0.00201311
20810 0.00201311
20820 0.00201311
20830 0.00201311
20840 0.00201311
20850 0.00201311
20860 0.00201311
20870 0.00201311
20880 0.00201311
20890 0.00201311
20900 0.00201311
20910 0.00201311
20920 0.00201311
20930 0.00201311
20940 0.00201311
20950 0.00201311
20960 0.00201311
20970 0.00201311
20980 0.00201311
20990 0.00201311
21000 0.00201311
21010 0.00201311
21020 0.00201311
21030 0.00201311
21040 0.00201311
21050 0.00201311
21060 0.00201311
21070 0.00201311
21080 0.00201311
21090 0.00201311
21100 0.00201311
21110 0.00201311
21120 0.00201311
21130 0.00201311
21140 0.00201311
21150 0.00201311
21160 0.00201311
21170 0.00201311
21180 0.00201311
21190 0.00201311
21200 0.00201311
21210 0.00201311
21220 0.00201311
21230 0.00201311
21240 0.00201311
21250 0.00201311
21260 0.00201311
21270 0.00201311
21280 0.00201311
21290 0.00201311
21300 0.00201311
21310 0.00201311
21320 0.00201311
21330 0.00201311
21340 0.00201311
21350 0.00201311
21360 0.00201311
21370 0.00201311
21380 0.00201311
21390 0.00201311
21400 0.00201311
21410 0.00201311
21420 0.00201311
21430 0.00201311
21440 0.00201311
21450 0.00201311
21460 0.00201311
21470 0.00201311
21480 0.00201311
21490 0.00201311
21500 0.00201311
21510 0.00201311
21520 0.00201311
21530 0.00201311
21540 0.00201311
21550 0.00201311
21560 0.00201311
21570 0.00201311
21580 0.00201311
21590 0.00201311
21600 0.00201311
21610 0.00201311
21620 0.00201311
21630 0.00201311
21640 0.00201311
21650 0.00201311
21660 0.00201311
21670 0.00201311
21680 0.00201311
21690 0.00201311
21700 0.00201311
21710 0.00201311
21720 0.00201311
21730 0.00201311
21740 0.00201311
21750 0.00201311
21760 0.00201311
21770 0.00201311
21780 0.00201311
21790 0.00201311
21800 0.00201311
21810 0.00201311
21820 0.00201311
21830 0.00201311
21840 0.00201311
21850 0.00201311
21860 0.00201311
21870 0.00201311
21880 0.00201311
21890 0.00201311
21900 0.00201311
21910 0.00201311
21920 0.00201311
21930 0.00201311
21940 0.00201311
21950 0.00201311
21960 0.00201311
21970 0.00201311
21980 0.00201311
21990 0.00201311
22000 0.00201311
22010 0.00201311
22020 0.00201311
22030 0.00201311
22040 0.00201311
22050 0.00201311
22060 0.00201311
22070 0.00201311
22080 0.00201311
22090 0.00201311
22100 0.00201311
22110 0.00201311
22120 0.00201311
22130 0.00201311
22140 0.00201311
22150 0.00201311
22160 0.00201311
22170 0.00201311
22180 0.00201311
22190 0.00201311
22200 0.00201311
22210 0.00201311
22220 0.00201311
22230 0.00201311
22240 0.00201311
22250 0.00201311
22260 0.00201311
22270 0.00201311
22280 0.00201311
22290 0.00201311
22300 0.00201311
22310 0.00201311
22320 0.00201311
22330 0.00201311
22340 0.00201311
22350 0.00201311
22360 0.00201311
22370 0.00201311
22380 0.00201311
22390 0.00201311
22400 0.00201311
22410 0.00201311
22420 0.00201311
22430 0.00201311
22440 0.00201311
22450 0.00201311
22460 0.00201311
22470 0.00201311
22480 0.00201311
22490 0.00201311
22500 0.00201311
22510 0.00201311
22520 0.00201311
22530 0.00201311
22540 0.00201311
22550 0.00201311
22560 0.00201311
22570 0.00201311
22580 0.00201311
22590 0.00201311
22600 0.00201311
22610 0.00201311
22620 0.00201311
22630 0.00201311
22640 0.00201311
22650 0.00201311
22660 0.00201311
22670 0.00201311
22680 0.00201311
22690 0.00201311
22700 0.00201311
22710 0.00201311
22720 0.00201311
22730 0.00201311
22740 0.00201311
22750 0.00201311
22760 0.00201311
22770 0.00201311
22780 0.00201311
22790 0.00201311
22800 0.00201311
22810 0.00201311
22820 0.00201311
22830 0.00201311
22840 0.00201311
22850 0.00201311
22860 0.00201311
22870 0.00201311
22880 0.00201311
22890 0.00201311
22900 0.00201311
22910 0.00201311
22920 0.00201311
22930 0.00201311
22940 0.00201311
22950 0.00201311
22960 0.00201311
22970 0.00201311
22980 0.00201311
22990 0.00201311
23000 0.00201311
23010 0.00201311
23020 0.00201311
23030 0.00201311
23040 0.00201311
23050 0.00201311
23060 0.00201311
23070 0.00201311
23080 0.00201311
23090 0.00201311
23100 0.00201311
23110 0.00201311
23120 0.00201311
23130 0.00201311
23140 0.00201311
23150 0.00201311
23160 0.00201311
23170 0.00201311
23180 0.00201311
23190 0.00201311
23200 0.00201311
23210 0.00201311
23220 0.00201311
23230 0.00201311
23240 0.00201311
23250 0.00201311
23260 0.00201311
23270 0.00201311
23280 0.00201311
23290 0.00201311
23300 0.00201311
23310 0.00201311
23320 0.00201311
23330 0.00201311
23340 0.00201311
23350 0.00201311
23360 0.00201311
23370 0.00201311
23380 0.00201311
23390 0.00201311
23400 0.00201311
23410 0.00201311
23420 0.00201311
23430 0.00201311
23440 0.00201311
23450 0.00201311
23460 0.00201311
23470 0.00201311
23480 0.00201311
23490 0.00201311
23500 0.00201311
23510 0.00201311
23520 0.00201311
23530 0.00201311
23540 0.00201311
23550 0.00201311
23560 0.00201311
23570 0.00201311
23580 0.00201311
23590 0.00201311
23600 0.00201311
23610 0.00201311
23620 0.00201311
23630 0.00201311
23640 0.00201311
23650 0.00201311
23660 0.00201311
23670 0.00201311
23680 0.00201311
23690 0.00201311
23700 0.00201311
23710 0.00201311
23720 0.00201311
23730 0.00201311
23740 0.00201311
23750 0.00201311
23760 0.00201311
23770 0.00201311
23780 0.00201311
23790 0.00201311
23800 0.00201311
23810 0.00201311
23820 0.00201311
23830 0.00201311
23840 0.00201311
23850 0.00201311
23860 0.00201311
23870 0.00201311
23880 0.00201311
23890 0.00201311
23900 0.00201311
23910 0.00201311
23920 0.00201311
23930 0.00201311
23940 0.00201311
23950 0.00201311
23960 0.00201311
23970 0.00201311
23980 0.00201311
23990 0.00201311
24000 0.00201311
24010 0.00201311
24020 0.00201311
24030 0.00201311
24040 0.00201311
24050 0.00201311
24060 0.00201311
24070 0.00201311
24080 0.00201311
24090 0.00201311
24100 0.00201311
24110 0.00201311
24120 0.00201311
24130 0.00201311
24140 0.00201311
24150 0.00201311
24160 0.00201311
24170 0.00201311
24180 0.00201311
24190 0.00201311
24200 0.00201311
24210 0.00201311
24220 0.00201311
24230 0.00201311
24240 0.00201311
24250 0.00201311
24260 0.00201311
24270 0.00201311
24280 0.00201311
24290 0.00201311
24300 0.00201311
24310 0.00201311
24320 0.00201311
24330 0.00201311
24340 0.00201311
24350 0.00201311
24360 0.00201311
24370 0.00201311
24380 0.00201311
24390 0.00201311
24400 0.00201311
24410 0.00201311
24420 0.00201311
24430 0.00201311
24440 0.00201311
24450 0.00201311
24460 0.00201311
24470 0.00201311
24480 0.00201311
24490 0.00201311
24500 0.00201311
24510 0.00201311
24520 0.00201311
24530 0.00201311
24540 0.00201311
24550 0.00201311
24560 0.00201311
24570 0.00201311
24580 0.00201311
24590 0.00201311
24600 0.00201311
24610 0.00201311
24620 0.00201311
24630 0.00201311
24640 0.00201311
24650 0.00201311
24660 0.00201311
24670 0.00201311
24680 0.00201311
24690 0.00201311
24700 0.00201311
24710 0.00201311
24720 0.00201311
24730 0.00201311
24740 0.00201311
24750 0.00201311
24760 0.00201311
24770 0.00201311
24780 0.00201311
24790 0.00201311
24800 0.00201311
24810 0.00201311
24820 0.00201311
24830 0.00201311
24840 0.00201311
24850 0.00201311
24860 0.00201311
24870 0.00201311
24880 0.00201311
24890 0.00201311
24900 0.00201311
24910 0.00201311
24920 0.00201311
24930 0.00201311
24940 0.00201311
24950 0.00201311
24960 0.00201311
24970 0.00201311
24980 0.00201311
24990 0.00201311
25000 0.00201311
-END-OF-DATA-
