  -1.3519560e-02
  -1.3780011e-02
  -1.3947447e-02
  -1.3217177e-02
  -1.2570497e-02
  -1.2245037e-02
  -1.1384091e-02
  -1.0579512e-02
  -9.7396122e-03
  -8.5336687e-03
  -8.1798498e-03
  -8.0826192e-03
  -8.0190487e-03
  -7.8577929e-03
  -7.9448800e-03
  -0.0000000e+00
  -6.9319660e-03
  -6.5031499e-03
  -7.1844125e-03
  -9.6325094e-03
  -8.6464061e-03
  -7.0829649e-03
  -5.2662554e-03
  -0.0000000e+00
   0.0000000e+00
   0.0000000e+00
   0.0000000e+00
   0.0000000e+00
   0.0000000e+00
   0.0000000e+00
   0.0000000e+00
   2.5819141e-03
  -4.2265022e-03
  -7.0303410e-03
  -9.7147371e-03
  -1.2572720e-02
  -2.8451940e-02
  -2.6175700e-02
  -2.3785232e-02
  -2.2336759e-02
  -2.1543631e-02
  -2.1035939e-02
  -2.0028615e-02
  -1.8984867e-02
  -1.7644584e-02
  -1.5780255e-02
  -1.4097500e-02
  -1.2718769e-02
  -1.0686101e-02
  -1.0114754e-02
  -8.7505477e-03
  -3.8473828e-03
  -6.9667251e-03
  -5.6955249e-03
  -0.0000000e+00
  -0.0000000e+00
  -0.0000000e+00
  -0.0000000e+00
  -0.0000000e+00
   0.0000000e+00
   0.0000000e+00
   0.0000000e+00
   0.0000000e+00
   0.0000000e+00
   0.0000000e+00
   0.0000000e+00
   0.0000000e+00
  -2.4525539e-02
  -2.8311005e-02
  -3.0670024e-02
  -3.1963095e-02
  -3.1179229e-02
  -1.2059231e-02
  -9.5192574e-03
  -6.9688084e-03
  -4.9614510e-03
  -4.4431569e-03
  -5.0242776e-03
  -5.8823372e-03
  -6.7498573e-03
  -7.5173737e-03
  -8.5926140e-03
  -9.3785234e-03
  -9.5804613e-03
  -8.6291591e-03
  -5.8927087e-03
  -2.5857074e-03
   2.3115331e-03
   9.3996138e-03
   9.0778203e-03
   0.0000000e+00
   0.0000000e+00
   0.0000000e+00
   0.0000000e+00
   0.0000000e+00
   0.0000000e+00
   0.0000000e+00
   0.0000000e+00
   0.0000000e+00
   0.0000000e+00
   0.0000000e+00
  -0.0000000e+00
  -2.7748936e-02
  -2.7462358e-02
  -2.4334243e-02
  -2.2467082e-02
  -1.9712911e-02
  -1.5877279e-02
   2.3632092e-02
   2.5593207e-02
   2.6311930e-02
   2.6515590e-02
   2.6250933e-02
   2.4989082e-02
   2.3084842e-02
   2.1334651e-02
   1.9025074e-02
   1.6380422e-02
   1.3092707e-02
   9.8280003e-03
   8.2899267e-03
   9.4704258e-03
   1.5577231e-02
   1.3858714e-02
   1.7885702e-02
   1.2959951e-02
   0.0000000e+00
   0.0000000e+00
   0.0000000e+00
   0.0000000e+00
   0.0000000e+00
   0.0000000e+00
   0.0000000e+00
   0.0000000e+00
   0.0000000e+00
   0.0000000e+00
   0.0000000e+00
   0.0000000e+00
   3.5747918e-03
   8.9602087e-03
   1.4082026e-02
   1.7339177e-02
   1.9028138e-02
   2.0993885e-02
   5.4559540e-02
   5.5486340e-02
   5.4910570e-02
   5.3659983e-02
   5.1610790e-02
   5.0309952e-02
   4.9728651e-02
   4.8897032e-02
   4.7189295e-02
   4.4795603e-02
   4.1190278e-02
   3.6707003e-02
   3.2264449e-02
   2.8086126e-02
   2.4766825e-02
   0.0000000e+00
   1.9201026e-02
   1.9325855e-02
   0.0000000e+00
   0.0000000e+00
   0.0000000e+00
   0.0000000e+00
   0.0000000e+00
   0.0000000e+00
   0.0000000e+00
   0.0000000e+00
   0.0000000e+00
   0.0000000e+00
   2.5241167e-02
   0.0000000e+00
   3.7649773e-02
   4.8941039e-02
   5.4172486e-02
   5.5575926e-02
   5.5188201e-02
   5.4192491e-02
   7.2976789e-02
   7.1197352e-02
   6.9199390e-02
   6.7284069e-02
   6.4655736e-02
   6.3443541e-02
   6.3354321e-02
   6.3934296e-02
   6.4282499e-02
   6.4009733e-02
   6.1972596e-02
   5.8071960e-02
   5.1509296e-02
   4.1926543e-02
   0.0000000e+00
   0.0000000e+00
   0.0000000e+00
   0.0000000e+00
   0.0000000e+00
   0.0000000e+00
   0.0000000e+00
   0.0000000e+00
   0.0000000e+00
   0.0000000e+00
   0.0000000e+00
   0.0000000e+00
   3.6533916e-02
   4.0868736e-02
   5.1029787e-02
   5.7498231e-02
   6.4122006e-02
   7.6642661e-02
   8.2104524e-02
   8.1970093e-02
   7.8751041e-02
   7.5864336e-02
   7.3546007e-02
   6.9891922e-02
   6.7222863e-02
   6.5369673e-02
   6.3179128e-02
   6.1971996e-02
   6.1629687e-02
   6.2868707e-02
   6.4668968e-02
   6.6212632e-02
   6.6445462e-02
   6.4660273e-02
   5.8642812e-02
   4.4889387e-02
   0.0000000e+00
   0.0000000e+00
   0.0000000e+00
   0.0000000e+00
   0.0000000e+00
   0.0000000e+00
   0.0000000e+00
   0.0000000e+00
   0.0000000e+00
   0.0000000e+00
   0.0000000e+00
   0.0000000e+00
   4.1417555e-02
   6.6112428e-02
   7.4146517e-02
   7.5272128e-02
   7.8483723e-02
   8.6208887e-02
   9.0685852e-02
   9.0129204e-02
   8.4934458e-02
   7.9298317e-02
   5.2320078e-02
   4.7791185e-02
   4.5830086e-02
   4.5867845e-02
   4.5094384e-02
   4.4122033e-02
   4.3971252e-02
   4.5068605e-02
   4.7760047e-02
   5.0986841e-02
   5.3453420e-02
   5.4071225e-02
   4.9084779e-02
   3.3968437e-02
   0.0000000e+00
   0.0000000e+00
   0.0000000e+00
   0.0000000e+00
   0.0000000e+00
   0.0000000e+00
   0.0000000e+00
   0.0000000e+00
   0.0000000e+00
   0.0000000e+00
   5.2858031e-02
   5.6256241e-02
   6.1565705e-02
   7.2345801e-02
   7.6575993e-02
   7.5282902e-02
   7.3795021e-02
   7.4956311e-02
   7.5657755e-02
   7.3271140e-02
   6.6894613e-02
   5.9265547e-02
   1.9108806e-02
   1.5109093e-02
   1.4575521e-02
   1.6623190e-02
   1.7195014e-02
   1.7400261e-02
   1.7806908e-02
   1.9093752e-02
   2.2252802e-02
   2.6712690e-02
   3.0383000e-02
   3.1713940e-02
   2.7835511e-02
   1.5420604e-02
   0.0000000e+00
   0.0000000e+00
   0.0000000e+00
   0.0000000e+00
   0.0000000e+00
   0.0000000e+00
   0.0000000e+00
   0.0000000e+00
   0.0000000e+00
   3.3479294e-02
   4.3645811e-02
   4.6299353e-02
   4.9118023e-02
   5.3170938e-02
   5.3498380e-02
   4.9612943e-02
   4.4961032e-02
   4.2376276e-02
   4.0481031e-02
   3.7521746e-02
   3.2003015e-02
   2.4873907e-02
  -1.5933342e-02
  -1.8051885e-02
  -1.7388333e-02
  -1.3849244e-02
  -1.1445615e-02
  -1.0035982e-02
  -8.5843150e-03
  -6.3398271e-03
  -3.0720267e-03
   1.3029035e-03
   5.0366214e-03
   6.3141794e-03
   2.4537882e-03
  -4.7423644e-03
  -0.0000000e+00
   0.0000000e+00
   0.0000000e+00
   0.0000000e+00
   0.0000000e+00
   0.0000000e+00
   0.0000000e+00
   0.0000000e+00
   0.0000000e+00
   2.0212745e-02
   2.2167834e-02
   2.2058487e-02
   2.2102362e-02
   2.0025454e-02
   1.5522278e-02
   9.6134981e-03
   3.8089880e-03
  -1.2967444e-04
  -2.6723854e-03
  -4.4372017e-03
  -7.8926757e-03
  -1.2788006e-02
  -4.2844936e-02
  -4.3299267e-02
  -4.2139217e-02
  -3.8073517e-02
  -3.4015581e-02
  -3.0706042e-02
  -2.7254200e-02
  -2.3984021e-02
  -2.0857798e-02
  -1.7633872e-02
  -1.5509269e-02
  -1.6249668e-02
  -2.1259796e-02
  -2.2153405e-02
  -0.0000000e+00
   0.0000000e+00
   0.0000000e+00
   0.0000000e+00
   0.0000000e+00
   0.0000000e+00
  -7.3824025e-03
  -1.7238374e-03
  -4.1849017e-03
   1.5013407e-03
  -2.2556225e-05
  -3.0580492e-03
  -6.5111700e-03
  -1.0880178e-02
  -1.6961710e-02
  -2.3465775e-02
  -2.9637303e-02
  -3.3787399e-02
  -3.6255222e-02
  -3.7302200e-02
  -3.8881510e-02
  -4.1490410e-02
  -5.9946742e-02
  -5.9929702e-02
  -5.8835708e-02
  -5.4801632e-02
  -4.9354777e-02
  -4.3767959e-02
  -3.8896210e-02
  -3.5329677e-02
  -3.3504967e-02
  -3.2802962e-02
  -3.3548113e-02
  -3.6756959e-02
  -4.2458303e-02
  -3.5000607e-02
  -0.0000000e+00
   0.0000000e+00
   0.0000000e+00
   0.0000000e+00
   0.0000000e+00
   0.0000000e+00
  -2.2696184e-02
  -1.1061624e-02
  -9.2235720e-03
  -1.0038072e-02
  -1.3975594e-02
  -1.9192437e-02
  -2.4633436e-02
  -3.0588884e-02
  -3.7403896e-02
  -4.4757657e-02
  -5.1264849e-02
  -5.5554502e-02
  -5.7642803e-02
  -5.8200553e-02
  -5.8410503e-02
  -5.9282612e-02
  -6.2694348e-02
  -6.2533602e-02
  -6.1537065e-02
  -5.8502726e-02
  -5.3464338e-02
  -4.8208952e-02
  -4.4361364e-02
  -4.2670552e-02
  -4.3069117e-02
  -4.4922974e-02
  -4.7550876e-02
  -5.1011365e-02
  -5.4490257e-02
  -4.0760549e-02
  -0.0000000e+00
   0.0000000e+00
   0.0000000e+00
   0.0000000e+00
   0.0000000e+00
   0.0000000e+00
  -0.0000000e+00
  -1.7461801e-02
  -1.2333649e-02
  -1.1443079e-02
  -1.7021963e-02
  -2.4266735e-02
  -3.1146389e-02
  -3.7703488e-02
  -4.4579841e-02
  -5.2405339e-02
  -5.8994953e-02
  -6.3018009e-02
  -6.4556114e-02
  -6.4243615e-02
  -6.2974490e-02
  -6.2520139e-02
  -5.1822823e-02
  -5.1300921e-02
  -5.0873708e-02
  -5.0271727e-02
  -4.9210530e-02
  -4.8851226e-02
  -5.0240722e-02
  -5.2390587e-02
  -5.5153932e-02
  -5.8119696e-02
  -5.9885826e-02
  -6.0125105e-02
  -5.8314465e-02
  -4.6631893e-02
   0.0000000e+00
   0.0000000e+00
   0.0000000e+00
   0.0000000e+00
   0.0000000e+00
   0.0000000e+00
   0.0000000e+00
  -0.0000000e+00
  -1.4378300e-02
  -1.3529778e-02
  -2.0886930e-02
  -2.6914662e-02
  -3.2517437e-02
  -3.7946276e-02
  -4.3741055e-02
  -5.1116243e-02
  -5.7311311e-02
  -6.0642678e-02
  -6.1760396e-02
  -5.9993766e-02
  -5.6347478e-02
  -5.3325195e-02
  -3.4146227e-02
  -3.3917822e-02
  -3.4788601e-02
  -3.7131052e-02
  -4.1701064e-02
  -4.8380584e-02
  -5.5906367e-02
  -6.2088311e-02
  -6.6868760e-02
  -6.8990827e-02
  -6.6960327e-02
  -6.1206639e-02
  -4.6511605e-02
  -0.0000000e+00
   0.0000000e+00
   0.0000000e+00
   0.0000000e+00
   0.0000000e+00
   0.0000000e+00
   0.0000000e+00
   0.0000000e+00
   0.0000000e+00
  -2.1169995e-02
  -2.2719139e-02
  -2.7354741e-02
  -2.8704667e-02
  -3.0679412e-02
  -3.3968378e-02
  -3.7688281e-02
  -4.2984352e-02
  -4.7312904e-02
  -4.9737729e-02
  -4.9959760e-02
  -4.6444181e-02
  -4.1051522e-02
  -3.6428973e-02
  -2.1337513e-02
  -2.2205681e-02
  -2.4256337e-02
  -2.8302364e-02
  -3.5559691e-02
  -4.5610715e-02
  -5.6199744e-02
  -6.4894341e-02
  -7.1109928e-02
  -7.2207436e-02
  -6.6021606e-02
  -5.3304981e-02
  -2.9168166e-02
  -0.0000000e+00
   0.0000000e+00
   0.0000000e+00
   0.0000000e+00
   0.0000000e+00
   0.0000000e+00
   0.0000000e+00
   0.0000000e+00
   0.0000000e+00
  -2.7022279e-02
  -2.6382986e-02
  -2.6353272e-02
  -2.4612753e-02
  -2.4167787e-02
  -2.5012337e-02
  -2.6372740e-02
  -2.9691983e-02
  -3.1738352e-02
  -3.2757297e-02
  -3.2700639e-02
  -2.9622301e-02
  -2.5349490e-02
  -2.2355117e-02
  -2.1632001e-02
  -2.4510708e-02
  -2.8213605e-02
  -3.3018049e-02
  -3.9250121e-02
  -4.7083799e-02
  -5.4776836e-02
  -6.0750682e-02
  -6.4076982e-02
  -6.2246401e-02
  -5.3008627e-02
  -3.6559019e-02
  -1.1500895e-02
  -0.0000000e+00
   0.0000000e+00
   0.0000000e+00
   0.0000000e+00
   0.0000000e+00
   0.0000000e+00
   0.0000000e+00
   0.0000000e+00
   0.0000000e+00
  -2.7700776e-02
  -2.1481823e-02
  -1.7953102e-02
  -1.4477422e-02
  -1.2784173e-02
  -1.2280195e-02
  -1.1718129e-02
  -1.4387845e-02
  -1.5508528e-02
  -1.5845504e-02
  -1.7999718e-02
  -1.8960409e-02
  -1.9123992e-02
  -1.9904222e-02
  -3.3995941e-02
  -3.9361133e-02
  -4.5445222e-02
  -5.1724065e-02
  -5.6946288e-02
  -6.0711309e-02
  -6.1357521e-02
  -5.9187770e-02
  -5.4193575e-02
  -4.6116449e-02
  -3.5207371e-02
  -2.0570535e-02
   6.1563606e-04
   0.0000000e+00
   0.0000000e+00
   0.0000000e+00
   0.0000000e+00
   0.0000000e+00
   0.0000000e+00
   0.0000000e+00
   0.0000000e+00
   0.0000000e+00
  -1.9642334e-02
  -1.4472869e-02
  -7.6017692e-03
  -2.5878208e-03
  -1.3050923e-04
  -1.7381881e-04
   5.5313986e-04
  -5.0379750e-03
  -6.4592628e-03
  -7.8776511e-03
  -1.4731019e-02
  -2.1021014e-02
  -2.5542358e-02
  -2.9480612e-02
  -3.7348114e-02
  -4.3038953e-02
  -4.9196221e-02
  -5.5283137e-02
  -6.0113374e-02
  -6.2913738e-02
  -6.1605155e-02
  -5.6433242e-02
  -4.7942761e-02
  -3.7131451e-02
  -2.6313020e-02
  -1.4643820e-02
   7.5305637e-04
   0.0000000e+00
   0.0000000e+00
   0.0000000e+00
   0.0000000e+00
   0.0000000e+00
   0.0000000e+00
   0.0000000e+00
   0.0000000e+00
   0.0000000e+00
  -2.0489927e-02
  -1.2929141e-02
  -2.8526117e-03
   5.0534410e-03
   1.0268921e-02
   1.0051829e-02
   1.0772557e-02
   0.0000000e+00
  -0.0000000e+00
  -7.9047065e-03
  -1.6236532e-02
  -2.3345798e-02
  -2.8104434e-02
  -3.2374233e-02
  -3.1452730e-02
  -3.6857007e-02
  -4.2983857e-02
  -4.9029490e-02
  -5.4016187e-02
  -5.7505130e-02
  -5.7478234e-02
  -5.3125601e-02
  -4.4693252e-02
  -3.3065539e-02
  -2.1523995e-02
  -1.2070151e-02
  -5.7313891e-03
  -0.0000000e+00
   0.0000000e+00
   0.0000000e+00
   0.0000000e+00
   0.0000000e+00
   0.0000000e+00
   0.0000000e+00
   0.0000000e+00
   0.0000000e+00
  -2.5761902e-02
  -1.6684568e-02
  -3.7066384e-03
   8.3729378e-03
   1.9585921e-02
   2.1311854e-02
   1.5190451e-02
   1.3986612e-02
   0.0000000e+00
  -1.1642449e-02
  -1.6883716e-02
  -2.1502080e-02
  -2.4413742e-02
  -2.7325142e-02
  -2.2298174e-02
  -2.3861645e-02
  -2.7733566e-02
  -3.3483423e-02
  -3.9838996e-02
  -4.6083845e-02
  -5.0196115e-02
  -5.0059766e-02
  -4.5174323e-02
  -3.4965433e-02
  -2.1888040e-02
  -1.0482792e-02
  -1.2839104e-02
  -0.0000000e+00
   0.0000000e+00
   0.0000000e+00
   0.0000000e+00
   0.0000000e+00
   0.0000000e+00
   0.0000000e+00
   0.0000000e+00
   0.0000000e+00
  -3.9620272e-02
  -2.6370643e-02
  -8.3223879e-03
   1.0657852e-02
   3.0945560e-02
   0.0000000e+00
   1.5286510e-02
   1.3986613e-02
   0.0000000e+00
  -1.8649456e-02
  -2.4161987e-02
  -2.5731897e-02
  -2.4859639e-02
  -2.3115110e-02
  -3.1393748e-02
  -2.9219119e-02
  -3.0915853e-02
  -3.7683100e-02
  -4.7289241e-02
  -5.7603326e-02
  -6.5758988e-02
  -6.8269640e-02
  -6.3844591e-02
  -5.0688952e-02
  -3.0960731e-02
  -9.2235133e-03
  -0.0000000e+00
   0.0000000e+00
   0.0000000e+00
  -0.0000000e+00
   0.0000000e+00
   0.0000000e+00
   0.0000000e+00
   0.0000000e+00
  -7.4652606e-02
  -6.4356327e-02
  -5.4031669e-02
  -3.6805142e-02
  -9.6823536e-03
   1.1369393e-02
   0.0000000e+00
   0.0000000e+00
   0.0000000e+00
   0.0000000e+00
   0.0000000e+00
  -3.0034649e-02
  -3.6650591e-02
  -3.9300829e-02
  -3.8555820e-02
  -3.5501450e-02
  -4.7065154e-02
  -4.4654198e-02
  -4.5382205e-02
  -5.1444512e-02
  -6.1208818e-02
  -7.2210342e-02
  -8.0925435e-02
  -8.3216287e-02
  -7.7700667e-02
  -6.2264029e-02
  -3.8321700e-02
  -1.1683151e-02
   0.0000000e+00
   0.0000000e+00
  -5.3928094e-02
  -3.4186670e-02
   0.0000000e+00
   0.0000000e+00
   0.0000000e+00
   0.0000000e+00
  -7.1912299e-02
  -6.5613672e-02
  -5.9201479e-02
  -4.7160901e-02
  -1.5880903e-02
  -1.7502339e-03
   0.0000000e+00
   0.0000000e+00
   0.0000000e+00
   0.0000000e+00
   0.0000000e+00
  -3.8819611e-02
  -4.4371352e-02
  -4.8930641e-02
  -5.0636664e-02
  -4.9931634e-02
  -5.9881758e-02
  -5.9729435e-02
  -5.9930332e-02
  -6.1974838e-02
  -6.6831707e-02
  -7.3862001e-02
  -8.0035619e-02
  -8.1426268e-02
  -7.6466210e-02
  -6.3268907e-02
  -4.1026666e-02
  -1.3050091e-02
   0.0000000e+00
  -3.8633385e-02
  -5.0274902e-02
  -4.8040662e-02
  -0.0000000e+00
   0.0000000e+00
   0.0000000e+00
  -5.4649306e-02
  -6.0473353e-02
  -6.1923526e-02
  -5.7365195e-02
  -5.7211146e-02
  -5.4129980e-02
   2.2867454e-03
   0.0000000e+00
   0.0000000e+00
   0.0000000e+00
   0.0000000e+00
  -0.0000000e+00
  -4.0198938e-02
  -4.5742780e-02
  -5.1260959e-02
  -5.5879888e-02
  -5.8836136e-02
  -6.6693082e-02
  -6.7981184e-02
  -6.7189045e-02
  -6.4985096e-02
  -6.3311435e-02
  -6.4147234e-02
  -6.6933505e-02
  -6.7926168e-02
  -6.4111069e-02
  -5.3612463e-02
  -3.6217798e-02
  -1.0141655e-02
   0.0000000e+00
  -3.3336252e-02
  -3.7940090e-02
  -4.6217684e-02
  -0.0000000e+00
   0.0000000e+00
   0.0000000e+00
  -4.6112880e-02
  -4.8491407e-02
  -4.9415991e-02
  -4.7060307e-02
  -4.9353037e-02
  -5.5057218e-02
  -0.0000000e+00
   0.0000000e+00
   0.0000000e+00
   0.0000000e+00
   0.0000000e+00
   0.0000000e+00
  -3.7173288e-02
  -4.1756522e-02
  -4.7985572e-02
  -5.5213537e-02
  -6.1811879e-02
  -6.3394606e-02
  -6.4611666e-02
  -6.3196398e-02
  -6.0278617e-02
  -5.6539860e-02
  -5.3575464e-02
  -5.3062230e-02
  -5.2625597e-02
  -4.8941664e-02
  -3.9005894e-02
  -2.4605928e-02
  -5.1685859e-03
   0.0000000e+00
  -0.0000000e+00
  -0.0000000e+00
  -3.1465258e-02
  -4.0623449e-02
   0.0000000e+00
   0.0000000e+00
  -3.2768998e-02
  -3.3717286e-02
  -3.4943171e-02
  -3.2334637e-02
  -3.0672449e-02
  -4.3067132e-02
   0.0000000e+00
   0.0000000e+00
   0.0000000e+00
   0.0000000e+00
   0.0000000e+00
   0.0000000e+00
  -2.8681966e-02
  -3.2517917e-02
  -3.9169077e-02
  -4.7982655e-02
  -5.7053514e-02
  -4.6036119e-02
  -4.7523810e-02
  -4.6527734e-02
  -4.4526154e-02
  -4.2305692e-02
  -3.9306617e-02
  -3.5888787e-02
  -3.2871172e-02
  -2.8358249e-02
  -1.8777920e-02
  -5.9609359e-03
   0.0000000e+00
   0.0000000e+00
   0.0000000e+00
   0.0000000e+00
  -7.0512001e-03
  -1.9792293e-02
  -1.4256643e-02
  -1.3018575e-02
  -1.5968056e-02
  -1.3867991e-02
  -1.5840091e-02
  -1.4633329e-02
  -1.3690736e-02
  -1.8718470e-02
   0.0000000e+00
   0.0000000e+00
   0.0000000e+00
   0.0000000e+00
   0.0000000e+00
   0.0000000e+00
  -8.8191920e-03
  -1.0462582e-02
  -1.8212596e-02
  -2.9328048e-02
  -3.9583280e-02
  -1.8177647e-02
  -2.0661240e-02
  -2.1448636e-02
  -2.1017175e-02
  -2.0983459e-02
  -1.9857313e-02
  -1.5980443e-02
  -1.1261514e-02
  -5.6171995e-03
  -4.0151338e-04
   7.6646751e-03
   0.0000000e+00
   0.0000000e+00
   0.0000000e+00
   0.0000000e+00
   1.1752320e-02
   6.1773872e-03
   3.7960820e-04
  -1.3018575e-02
   5.1732485e-03
   7.4951332e-03
   5.3556347e-03
   4.8214793e-03
   5.7880384e-03
   1.1666607e-02
   0.0000000e+00
   0.0000000e+00
   0.0000000e+00
   0.0000000e+00
   0.0000000e+00
   0.0000000e+00
   1.7933379e-02
   2.1106429e-02
   1.1495404e-02
  -1.3457240e-03
  -1.1466714e-02
   1.5008343e-02
   1.1678005e-02
   9.6348338e-03
   8.5065905e-03
   7.2096530e-03
   7.1888235e-03
   9.7842403e-03
   1.4271256e-02
   2.1003859e-02
   2.2894988e-02
   2.2976502e-02
   0.0000000e+00
   0.0000000e+00
   0.0000000e+00
   0.0000000e+00
   0.0000000e+00
   2.7698062e-02
   2.1814631e-02
   0.0000000e+00
   2.1191540e-02
   2.8957864e-02
   2.8467871e-02
   2.9656351e-02
   2.9838860e-02
   3.3451602e-02
   0.0000000e+00
   0.0000000e+00
   0.0000000e+00
   0.0000000e+00
   0.0000000e+00
   0.0000000e+00
   3.8755685e-02
   4.6817876e-02
   3.9158054e-02
   2.7843894e-02
   2.0404404e-02
   4.0751047e-02
   3.8825690e-02
   3.7281662e-02
   3.6059279e-02
   3.5017065e-02
   3.5225399e-02
   3.7146740e-02
   4.0179516e-02
   4.4701319e-02
   3.9072494e-02
   3.5064325e-02
   0.0000000e+00
   0.0000000e+00
   0.0000000e+00
   0.0000000e+00
   0.0000000e+00
   0.0000000e+00
   0.0000000e+00
   0.0000000e+00
   0.0000000e+00
   4.0452024e-02
   4.2932464e-02
   0.0000000e+00
   0.0000000e+00
   0.0000000e+00
   0.0000000e+00
   0.0000000e+00
   0.0000000e+00
   0.0000000e+00
   0.0000000e+00
   0.0000000e+00
   0.0000000e+00
   4.3618366e-02
   4.2969581e-02
   4.1312321e-02
   4.1520044e-02
   5.4442722e-02
   5.5116948e-02
   5.5292480e-02
   5.5451330e-02
   5.6248587e-02
   5.8002189e-02
   6.0395874e-02
   6.2057562e-02
   0.0000000e+00
   4.0142205e-02
   4.0318228e-02
   0.0000000e+00
   0.0000000e+00
   0.0000000e+00
   0.0000000e+00
   0.0000000e+00
   0.0000000e+00
   0.0000000e+00
   0.0000000e+00
   0.0000000e+00
   0.0000000e+00
   0.0000000e+00
   0.0000000e+00
   0.0000000e+00
   0.0000000e+00
   0.0000000e+00
   0.0000000e+00
   0.0000000e+00
   0.0000000e+00
   0.0000000e+00
   0.0000000e+00
   0.0000000e+00
   1.8942124e-02
   2.8910378e-02
   4.1175678e-02
   5.0321866e-02
   5.2123092e-02
   5.5655339e-02
   5.7577796e-02
   5.8586486e-02
   6.0951073e-02
   6.4579993e-02
   6.7951918e-02
   6.9564319e-02
   6.8298800e-02
   5.6256228e-02
   0.0000000e+00
   0.0000000e+00
   0.0000000e+00
   0.0000000e+00
   0.0000000e+00
   0.0000000e+00
   0.0000000e+00
   0.0000000e+00
   0.0000000e+00
   0.0000000e+00
   0.0000000e+00
   0.0000000e+00
   0.0000000e+00
   0.0000000e+00
   0.0000000e+00
   0.0000000e+00
   0.0000000e+00
   0.0000000e+00
   0.0000000e+00
   0.0000000e+00
   0.0000000e+00
   0.0000000e+00
   0.0000000e+00
   1.5301109e-02
   3.2548755e-02
   4.4763096e-02
   3.5907901e-02
   4.1764401e-02
   4.4530222e-02
   4.6372676e-02
   5.0089646e-02
   5.4100812e-02
   5.7457165e-02
   5.9610136e-02
   6.1215680e-02
   5.6999453e-02
   0.0000000e+00
   0.0000000e+00
   0.0000000e+00
   0.0000000e+00
   0.0000000e+00
   0.0000000e+00
   0.0000000e+00
   0.0000000e+00
   0.0000000e+00
   0.0000000e+00
   0.0000000e+00
   0.0000000e+00
   0.0000000e+00
   0.0000000e+00
   0.0000000e+00
   0.0000000e+00
   0.0000000e+00
   0.0000000e+00
   0.0000000e+00
   0.0000000e+00
   0.0000000e+00
   0.0000000e+00
   0.0000000e+00
   5.6271961e-03
   1.6222475e-02
   2.6712446e-02
   1.3150427e-02
   1.9149670e-02
   2.2331240e-02
   2.5215384e-02
   2.9328572e-02
   3.2549765e-02
   3.4153618e-02
   3.4167207e-02
   3.4624349e-02
   3.6726248e-02
   0.0000000e+00
   0.0000000e+00
   0.0000000e+00
   0.0000000e+00
   0.0000000e+00
   0.0000000e+00
   0.0000000e+00
   0.0000000e+00
   0.0000000e+00
   0.0000000e+00
   0.0000000e+00
   0.0000000e+00
   0.0000000e+00
   0.0000000e+00
  -0.0000000e+00
  -0.0000000e+00
   0.0000000e+00
   0.0000000e+00
   0.0000000e+00
   0.0000000e+00
   0.0000000e+00
   0.0000000e+00
   0.0000000e+00
   6.6387444e-03
   1.2387092e-03
   4.5416583e-03
  -8.8091958e-03
  -3.6155000e-03
  -2.0539628e-03
  -2.7124744e-04
   4.6785710e-03
   7.9492368e-03
   5.9187714e-03
   0.0000000e+00
   5.0102835e-03
   1.2708048e-02
   0.0000000e+00
   0.0000000e+00
   0.0000000e+00
   0.0000000e+00
   0.0000000e+00
   0.0000000e+00
   0.0000000e+00
   0.0000000e+00
   0.0000000e+00
  -0.0000000e+00
  -0.0000000e+00
  -0.0000000e+00
  -0.0000000e+00
   0.0000000e+00
  -0.0000000e+00
  -0.0000000e+00
   0.0000000e+00
   0.0000000e+00
   0.0000000e+00
   0.0000000e+00
   0.0000000e+00
  -0.0000000e+00
   0.0000000e+00
  -0.0000000e+00
  -1.7364120e-02
  -1.8215373e-02
  -1.3430839e-02
  -2.0289046e-02
  -2.8545617e-02
  -2.4080362e-02
  -1.4924373e-02
  -1.5635996e-02
  -2.2056873e-02
   0.0000000e+00
  -2.0049844e-02
  -2.1432817e-02
  -1.5867199e-02
  -1.8308273e-02
   0.0000000e+00
   0.0000000e+00
   0.0000000e+00
   0.0000000e+00
   0.0000000e+00
   0.0000000e+00
   0.0000000e+00
   0.0000000e+00
  -0.0000000e+00
  -0.0000000e+00
   0.0000000e+00
   0.0000000e+00
   0.0000000e+00
   0.0000000e+00
   0.0000000e+00
   0.0000000e+00
   0.0000000e+00
   0.0000000e+00
   0.0000000e+00
   0.0000000e+00
   0.0000000e+00
   0.0000000e+00
  -0.0000000e+00
  -0.0000000e+00
