   2.5039752e-01   5.2970862e-01   7.9770837e-01   5.8278741e-01   0.0000000e+00   0.0000000e+00   1.5287529e+00   1.7651338e+00   1.6291659e+00   1.5968116e+00   0.0000000e+00   0.0000000e+00   0.0000000e+00   0.0000000e+00   0.0000000e+00   0.0000000e+00   0.0000000e+00   0.0000000e+00   1.0174462e+00   8.4397923e-01   9.0543834e-01   8.6410381e-01   7.4352527e-01   6.8799788e-01   6.2086628e-01   6.3365218e-01   5.6574977e-01   2.9864770e-01   1.8202188e-01   3.0535701e-01   4.8318714e-01   4.5671501e-01   3.6205181e-01   3.4638366e-01   3.2345650e-01   2.5804758e-01
   0.0000000e+00   0.0000000e+00   0.0000000e+00   0.0000000e+00   2.3046400e+00   1.7669078e+00   1.7853700e+00   1.4742955e+00   1.0941132e+00   8.5537538e-01   6.8427658e-01   6.2229026e-01   6.5800756e-01   5.1604084e-01   7.8878344e-01   9.2204858e-01   0.0000000e+00   0.0000000e+00   0.0000000e+00   2.7952892e-01   2.5713256e-01   0.0000000e+00   0.0000000e+00   0.0000000e+00   0.0000000e+00   0.0000000e+00   0.0000000e+00   1.0739081e+00   8.9427084e-01   7.0692301e-01   8.1979873e-01   7.7713132e-01   6.2582193e-01   0.0000000e+00   0.0000000e+00   0.0000000e+00
   0.0000000e+00   0.0000000e+00   0.0000000e+00   2.0445433e+00   1.6664863e+00   1.0444450e+00   5.6588781e-01   5.2621371e-01   7.6754129e-01   1.0811834e+00   1.3097869e+00   1.4367648e+00   1.5162519e+00   1.5652959e+00   1.5399401e+00   1.5370789e+00   1.5640892e+00   0.0000000e+00   0.0000000e+00   4.1465207e-01   7.2611972e-01   7.0687155e-01   8.6095859e-01   7.9076263e-01   0.0000000e+00   0.0000000e+00   0.0000000e+00   0.0000000e+00   0.0000000e+00   1.0278994e+00   1.0522892e+00   5.1865599e-01   3.2638739e-01   0.0000000e+00   0.0000000e+00   0.0000000e+00
   0.0000000e+00   0.0000000e+00   0.0000000e+00   1.9116467e+00   8.7178433e-01   7.0484179e-01   1.0812748e+00   1.4783360e+00   1.8178215e+00   2.1029226e+00   2.3346050e+00   2.4395907e+00   2.4768096e+00   2.4632823e+00   2.3690946e+00   2.1776375e+00   2.0283761e+00   0.0000000e+00   0.0000000e+00   0.0000000e+00   0.0000000e+00   1.0364179e+00   1.0980140e+00   9.0115014e-01   0.0000000e+00   0.0000000e+00   0.0000000e+00   0.0000000e+00   0.0000000e+00   0.0000000e+00   0.0000000e+00   3.4897930e-01   5.8622994e-01   0.0000000e+00   0.0000000e+00   0.0000000e+00
   0.0000000e+00   0.0000000e+00   0.0000000e+00   1.7476164e+00   1.3485829e+00   1.8449240e+00   2.1199858e+00   2.2763071e+00   2.3638031e+00   2.5000300e+00   2.6630415e+00   2.7847656e+00   2.8480771e+00   2.8767165e+00   2.8649355e+00   2.6426067e+00   2.1067507e+00   0.0000000e+00   0.0000000e+00   0.0000000e+00   0.0000000e+00   0.0000000e+00   0.0000000e+00   0.0000000e+00   0.0000000e+00   0.0000000e+00   1.7777983e+00   2.0284525e+00   0.0000000e+00   0.0000000e+00   0.0000000e+00   0.0000000e+00   0.0000000e+00   0.0000000e+00   0.0000000e+00   0.0000000e+00
   0.0000000e+00   0.0000000e+00   0.0000000e+00   2.3680802e+00   2.5609374e+00   2.7710826e+00   2.7330795e+00   2.5501521e+00   2.3791673e+00   2.3151353e+00   2.3367412e+00   2.4666455e+00   2.6044536e+00   2.7146056e+00   2.7923021e+00   2.7565213e+00   2.6097279e+00   0.0000000e+00   0.0000000e+00   0.0000000e+00   0.0000000e+00   0.0000000e+00   0.0000000e+00   3.2209773e+00   3.0497843e+00   3.1129320e+00   2.5458729e+00   2.6268212e+00   0.0000000e+00   0.0000000e+00   0.0000000e+00   0.0000000e+00   0.0000000e+00   0.0000000e+00   0.0000000e+00   0.0000000e+00
   0.0000000e+00   1.3762997e+00   2.8188737e+00   3.1313572e+00   3.2995450e+00   3.1174994e+00   2.7214611e+00   2.2356167e+00   1.8952802e+00   1.6595707e+00   1.5470817e+00   1.6142706e+00   1.7829522e+00   1.9397163e+00   2.1319966e+00   2.3215995e+00   2.8115335e+00   0.0000000e+00   0.0000000e+00   0.0000000e+00   0.0000000e+00   0.0000000e+00   3.1589249e+00   3.3606328e+00   2.9374673e+00   2.5945200e+00   2.9836907e+00   3.0149484e+00   3.3857222e+00   0.0000000e+00   2.9795468e+00   2.2262585e+00   0.0000000e+00   0.0000000e+00   0.0000000e+00   0.0000000e+00
   0.0000000e+00   1.4348752e+00   2.5159317e+00   3.0497805e+00   2.9627256e+00   2.3858817e+00   1.7433496e+00   1.1785412e+00   7.6066929e-01   5.7269769e-01   5.0768214e-01   5.2752262e-01   5.9205507e-01   6.6807812e-01   8.1043667e-01   1.1416505e+00   2.1171844e+00   3.3508809e+00   0.0000000e+00   0.0000000e+00   0.0000000e+00   2.9914639e+00   2.8810131e+00   2.4993203e+00   1.7498535e+00   1.3789469e+00   1.7340886e+00   1.8986573e+00   2.3307295e+00   2.5466164e+00   2.0632710e+00   1.8938043e+00   0.0000000e+00   0.0000000e+00   0.0000000e+00   0.0000000e+00
   0.0000000e+00   1.1693069e+00   2.0708055e+00   2.1630983e+00   1.6727577e+00   9.2599881e-01   4.7642782e-01   5.6150877e-01   6.6728759e-01   8.9335132e-01   1.0857049e+00   1.1436405e+00   1.1009368e+00   9.5075417e-01   8.0973881e-01   8.6604047e-01   1.6315603e+00   3.2245242e+00   0.0000000e+00   1.2170210e+00   2.3556376e+00   2.4818853e+00   1.9786105e+00   1.1038278e+00   1.1615145e+00   0.0000000e+00   7.7313843e-01   7.3723685e-01   9.2279637e-01   8.0259192e-01   9.0493757e-01   2.7236775e+00   3.0678590e+00   0.0000000e+00   0.0000000e+00   0.0000000e+00
   0.0000000e+00   1.4591161e+00   1.0412420e+00   8.5152805e-01   9.4294894e-01   1.4116321e+00   1.8359314e+00   2.1160007e+00   2.3643486e+00   2.5803566e+00   2.7532904e+00   2.8442163e+00   2.8915873e+00   2.8748460e+00   2.8277214e+00   2.6801534e+00   2.6807759e+00   3.8793138e+00   0.0000000e+00   1.7749114e+00   1.0474665e+00   9.5062566e-01   7.0112634e-01   1.6882862e+00   2.8034177e+00   3.0525347e+00   2.0992310e+00   1.5077085e+00   1.5744599e+00   1.9950661e+00   1.9562636e+00   2.7031612e+00   2.4215462e+00   0.0000000e+00   0.0000000e+00   0.0000000e+00
   0.0000000e+00   1.9799795e+00   1.9310881e+00   2.2535813e+00   2.7556572e+00   3.1459861e+00   3.3774607e+00   3.5131125e+00   3.6178906e+00   3.7361112e+00   3.8869979e+00   4.0173364e+00   4.1540709e+00   4.2713871e+00   4.3291068e+00   4.2558823e+00   4.0778413e+00   4.0653667e+00   0.0000000e+00   2.6462742e+00   1.1603912e+00   1.2951820e+00   2.1468782e+00   3.3749449e+00   4.3045115e+00   4.1502404e+00   3.6645463e+00   2.8019030e+00   2.7784541e+00   3.2355814e+00   0.0000000e+00   3.6447655e+00   2.9197759e+00   0.0000000e+00   0.0000000e+00   0.0000000e+00
   0.0000000e+00   3.0529708e+00   3.3393643e+00   3.8517392e+00   4.2688580e+00   4.4899130e+00   4.5521607e+00   4.5291281e+00   4.5061479e+00   4.5498462e+00   4.6553011e+00   4.7947736e+00   4.9660144e+00   5.1612749e+00   5.3209023e+00   5.4107180e+00   5.1533070e+00   3.1978699e+00   1.4558081e+00   2.8340016e+00   2.7407339e+00   3.1255338e+00   3.7095644e+00   4.6079769e+00   5.4664936e+00   4.5760254e+00   4.2233963e+00   4.1656251e+00   4.1107221e+00   3.6717393e+00   2.9837199e+00   4.9659052e+00   0.0000000e+00   0.0000000e+00   0.0000000e+00   0.0000000e+00
   3.5964209e+00   3.5993379e+00   4.1212749e+00   4.5579877e+00   4.8754082e+00   4.9682589e+00   4.8856640e+00   4.7278066e+00   4.5934587e+00   4.5485849e+00   4.5644140e+00   4.6586523e+00   4.7703452e+00   4.9379969e+00   5.1379118e+00   5.3255501e+00   5.0633388e+00   3.2245016e+00   2.9376376e+00   3.5490897e+00   3.9484992e+00   4.1744423e+00   4.3880930e+00   5.0047112e+00   5.7181827e+00   0.0000000e+00   0.0000000e+00   5.0344610e+00   4.8699656e+00   4.2980728e+00   3.9129349e+00   5.5042240e+00   3.6650354e+00   0.0000000e+00   0.0000000e+00   0.0000000e+00
   3.7152808e+00   2.7776683e+00   4.1297073e+00   4.4485607e+00   4.7343235e+00   4.7664819e+00   4.5529633e+00   4.2579503e+00   3.9569268e+00   3.7837391e+00   3.7341256e+00   3.7204523e+00   3.7232354e+00   3.7892835e+00   3.9499357e+00   4.1641102e+00   4.0991979e+00   3.6083667e+00   3.8557332e+00   4.3654523e+00   4.7073627e+00   4.6023798e+00   4.3646469e+00   4.8050547e+00   0.0000000e+00   0.0000000e+00   0.0000000e+00   5.6949768e+00   5.3135443e+00   4.8126526e+00   4.7206583e+00   5.7566759e+00   3.0661254e+00   3.2072803e+00   0.0000000e+00   0.0000000e+00
   0.0000000e+00   8.2143185e-01   3.5642971e+00   3.7823358e+00   4.0521283e+00   3.9988065e+00   3.6360688e+00   3.2094445e+00   2.8291373e+00   2.6713963e+00   2.6601107e+00   2.6647055e+00   2.6717720e+00   2.6936357e+00   2.7848253e+00   2.9702795e+00   3.2750349e+00   3.9340541e+00   4.7230310e+00   5.1877351e+00   5.4745283e+00   5.1314983e+00   4.1647038e+00   3.9156756e+00   3.8506726e+00   0.0000000e+00   0.0000000e+00   5.9528142e+00   5.9491601e+00   5.2621056e+00   4.4452305e+00   4.3336167e+00   1.8112957e+00   2.8296774e+00   3.2897265e+00   0.0000000e+00
   5.0221022e-01   6.9565968e-01   2.5500476e+00   2.6949704e+00   2.8887839e+00   2.7780282e+00   2.5281565e+00   2.3539789e+00   2.3768747e+00   2.5579436e+00   2.7915173e+00   3.0100260e+00   3.1268382e+00   3.1604056e+00   3.1447420e+00   3.1523283e+00   3.3139744e+00   3.8086195e+00   4.4121766e+00   5.0816898e+00   5.9117894e+00   5.7215242e+00   4.0517063e+00   2.6985621e+00   3.3741628e+00   0.0000000e+00   0.0000000e+00   0.0000000e+00   0.0000000e+00   4.3419113e+00   3.5119379e+00   2.2178590e+00   1.6302096e+00   0.0000000e+00   1.6948306e+00   0.0000000e+00
   5.0983876e-01   1.0592495e+00   1.8090070e+00   1.6278613e+00   1.9115256e+00   2.1874142e+00   2.5274849e+00   2.9465704e+00   3.4424620e+00   3.9078155e+00   4.3343148e+00   4.7018461e+00   4.9298754e+00   5.0349317e+00   5.0128603e+00   4.8612132e+00   4.5926495e+00   4.3434253e+00   4.2397308e+00   4.5040965e+00   5.2316669e+00   5.7943753e+00   3.6176983e+00   1.5466393e+00   0.0000000e+00   0.0000000e+00   0.0000000e+00   0.0000000e+00   0.0000000e+00   0.0000000e+00   2.4096144e+00   1.1110344e+00   1.4873930e+00   2.1269563e+00   2.6226812e+00   0.0000000e+00
   8.3015626e-01   8.3187332e-01   9.1786010e-01   1.0398079e+00   1.6611013e+00   2.4413049e+00   3.2234779e+00   3.9262490e+00   4.5527949e+00   5.0860714e+00   5.5461257e+00   5.9265158e+00   6.1639530e+00   6.2683327e+00   6.2192261e+00   5.9855249e+00   5.5198329e+00   4.8532394e+00   4.1625604e+00   3.7185147e+00   4.7602725e+00   0.0000000e+00   3.1061011e+00   1.4038516e+00   0.0000000e+00   0.0000000e+00   0.0000000e+00   0.0000000e+00   0.0000000e+00   0.0000000e+00   1.4494454e+00   4.8002294e-01   1.0191337e+00   1.5746226e+00   1.9946439e+00   0.0000000e+00
   8.8417490e-01   7.7970883e-01   5.8475082e-01   9.1147621e-01   1.5898771e+00   2.4518794e+00   3.2990869e+00   4.0250163e+00   4.6453122e+00   5.1655406e+00   5.6084946e+00   5.9583290e+00   6.1666586e+00   6.2520721e+00   6.2029431e+00   5.9741313e+00   5.4980238e+00   4.6976971e+00   3.6795066e+00   2.4838619e+00   0.0000000e+00   0.0000000e+00   0.0000000e+00   2.1311030e+00   0.0000000e+00   0.0000000e+00   0.0000000e+00   0.0000000e+00   0.0000000e+00   0.0000000e+00   1.3153059e+00   1.0047126e+00   1.3203131e+00   1.6035798e+00   1.7267652e+00   1.5638216e+00
   1.8231368e+00   1.5311474e+00   1.2640589e+00   1.2718046e+00   1.5376898e+00   2.0183134e+00   2.5620191e+00   3.0745087e+00   3.5395954e+00   3.9763978e+00   4.4480677e+00   4.9599009e+00   5.4118648e+00   5.7866416e+00   6.0439825e+00   6.0754938e+00   5.7956972e+00   4.9968705e+00   3.4939568e+00   1.4267665e+00   1.8621515e+00   2.7567044e+00   0.0000000e+00   2.7326956e+00   4.3750822e+00   3.0406372e+00   0.0000000e+00   0.0000000e+00   0.0000000e+00   0.0000000e+00   1.9800144e+00   1.9821948e+00   2.1596127e+00   2.4051709e+00   2.6451375e+00   2.4407148e+00
   3.1173501e+00   2.8686416e+00   2.5377395e+00   2.3323374e+00   2.2220726e+00   2.1978874e+00   2.2285163e+00   2.3638539e+00   2.6080830e+00   2.9769115e+00   3.5575883e+00   4.3724804e+00   5.1671758e+00   5.8614435e+00   6.4267850e+00   6.7294426e+00   6.7433786e+00   6.2977805e+00   5.0214405e+00   2.6803977e+00   1.8621513e+00   2.2923374e+00   0.0000000e+00   2.7671322e+00   4.8131567e+00   3.7197831e+00   0.0000000e+00   0.0000000e+00   0.0000000e+00   0.0000000e+00   2.7815571e+00   2.9451888e+00   3.1034303e+00   3.3639174e+00   3.5891337e+00   3.4301226e+00
   4.4704456e+00   4.4026356e+00   4.1007690e+00   3.8154888e+00   3.5909197e+00   3.3837430e+00   3.1628480e+00   3.0036144e+00   3.0710826e+00   3.3961210e+00   3.9176733e+00   4.6282911e+00   5.3375392e+00   5.9995332e+00   6.6186934e+00   7.0406899e+00   7.2430825e+00   7.0960102e+00   6.3628860e+00   4.6643639e+00   0.0000000e+00   0.0000000e+00   0.0000000e+00   0.0000000e+00   5.4464261e+00   4.6156468e+00   0.0000000e+00   0.0000000e+00   0.0000000e+00   3.2102776e+00   3.3016872e+00   3.6843574e+00   3.9796317e+00   4.2479987e+00   4.4630675e+00   4.4859228e+00
   5.3681331e+00   5.4498920e+00   5.2250118e+00   4.9337454e+00   4.6840134e+00   4.4890423e+00   4.3011527e+00   4.0940175e+00   4.0362778e+00   4.2101874e+00   4.4732113e+00   4.7202926e+00   4.9762778e+00   5.3253040e+00   5.7921538e+00   6.2449389e+00   6.6005530e+00   6.7573118e+00   6.6460466e+00   6.4390821e+00   0.0000000e+00   0.0000000e+00   0.0000000e+00   0.0000000e+00   6.0976660e+00   5.5943670e+00   0.0000000e+00   0.0000000e+00   0.0000000e+00   3.2113838e+00   3.4226930e+00   3.9169095e+00   4.4456944e+00   4.7894721e+00   5.0287957e+00   5.1822367e+00
   5.5402799e+00   5.6412182e+00   5.4732141e+00   5.1765900e+00   4.9443688e+00   4.7639856e+00   4.6091671e+00   4.4727077e+00   4.4282856e+00   4.5032430e+00   4.5896025e+00   4.5588026e+00   4.4958067e+00   4.5112147e+00   4.7181983e+00   5.1068077e+00   5.5590615e+00   5.9847188e+00   6.3198285e+00   6.7969785e+00   5.5738819e+00   0.0000000e+00   0.0000000e+00   0.0000000e+00   5.7871251e+00   5.9372931e+00   0.0000000e+00   0.0000000e+00   0.0000000e+00   3.2491040e+00   3.2790694e+00   3.6491537e+00   4.3014340e+00   4.8049593e+00   5.1091771e+00   5.3221765e+00
   4.8752098e+00   4.9549632e+00   4.8211436e+00   4.4185691e+00   4.2512779e+00   4.1697898e+00   4.0582356e+00   3.9875319e+00   3.9824662e+00   4.0254049e+00   4.0085320e+00   3.8886070e+00   3.7564425e+00   3.6397960e+00   3.6509240e+00   3.8848720e+00   4.2810197e+00   4.8012867e+00   5.4232903e+00   6.1422434e+00   5.5437887e+00   0.0000000e+00   0.0000000e+00   0.0000000e+00   5.0065854e+00   6.0707316e+00   0.0000000e+00   0.0000000e+00   0.0000000e+00   2.9899041e+00   2.6245365e+00   2.7170784e+00   3.3861961e+00   4.0403585e+00   4.4698677e+00   4.7075405e+00
   3.2685754e+00   3.3207982e+00   3.2369657e+00   2.6317198e+00   2.4410734e+00   2.5694919e+00   2.5662422e+00   2.6204717e+00   2.6993153e+00   2.7701182e+00   2.7490587e+00   2.6414418e+00   2.5506959e+00   2.4713383e+00   2.4593072e+00   2.6160231e+00   2.8533502e+00   3.2544546e+00   3.9845610e+00   5.2221546e+00   4.2387040e+00   0.0000000e+00   0.0000000e+00   0.0000000e+00   3.7142612e+00   5.6387534e+00   0.0000000e+00   0.0000000e+00   0.0000000e+00   1.6898031e+00   1.3225511e+00   1.5793261e+00   1.8687636e+00   2.4266198e+00   2.9175479e+00   3.1745858e+00
   1.4417344e+00   1.5163653e+00   1.7164757e+00   1.4427191e+00   8.9244461e-01   8.1362659e-01   7.5751716e-01   8.1460071e-01   1.0401481e+00   1.2078465e+00   1.2786371e+00   1.2552216e+00   1.2299652e+00   1.2115077e+00   1.2365372e+00   1.3470219e+00   1.4391513e+00   1.6289022e+00   2.3284202e+00   4.2330413e+00   5.3552761e+00   0.0000000e+00   0.0000000e+00   0.0000000e+00   2.3822558e+00   4.5167902e+00   0.0000000e+00   0.0000000e+00   0.0000000e+00   1.0249336e+00   8.4426035e-01   0.0000000e+00   8.2970768e-01   8.7920547e-01   1.1635855e+00   1.3527387e+00
   1.6646407e+00   1.8951366e+00   2.1366010e+00   2.2271228e+00   1.9895398e+00   2.1236231e+00   1.9976997e+00   1.6758280e+00   1.2598909e+00   9.3234754e-01   6.8816555e-01   4.9108332e-01   4.6063420e-01   5.0609839e-01   6.1512899e-01   7.5875729e-01   8.1062597e-01   6.8676335e-01   9.8254514e-01   2.9730990e+00   5.8245824e+00   0.0000000e+00   0.0000000e+00   2.2054174e+00   1.1501875e+00   2.7221779e+00   0.0000000e+00   0.0000000e+00   0.0000000e+00   1.4747126e+00   1.8925853e+00   0.0000000e+00   1.2876762e+00   9.7272444e-01   9.5841879e-01   1.3131511e+00
   3.3059007e+00   3.5409634e+00   3.6360598e+00   3.8949175e+00   4.0043044e+00   3.6958115e+00   3.5653763e+00   3.2605953e+00   2.8198755e+00   2.3988378e+00   2.0579410e+00   1.7818608e+00   1.6695596e+00   1.7091253e+00   1.8337814e+00   1.9886012e+00   2.2104011e+00   2.3926141e+00   2.3302655e+00   2.8187666e+00   3.8181541e+00   0.0000000e+00   0.0000000e+00   1.3119879e+00   1.4964903e+00   2.4078250e+00   0.0000000e+00   0.0000000e+00   0.0000000e+00   2.2839157e+00   2.1554064e+00   0.0000000e+00   0.0000000e+00   2.2440505e+00   2.5780563e+00   2.9591918e+00
   4.5092788e+00   4.7146454e+00   5.0457083e+00   4.6172976e+00   5.0047806e+00   4.3970141e+00   4.2269917e+00   4.0758319e+00   3.7464671e+00   3.3844573e+00   3.1000698e+00   2.9207406e+00   2.8864901e+00   2.9824438e+00   3.1741147e+00   3.4198935e+00   3.6960130e+00   3.9725852e+00   4.0088501e+00   3.6837258e+00   0.0000000e+00   0.0000000e+00   1.4695807e+00   2.3016176e+00   3.1762640e+00   2.9219327e+00   0.0000000e+00   0.0000000e+00   1.8355066e+00   2.7342151e+00   2.7495655e+00   2.5370957e+00   2.8464599e+00   3.1722021e+00   3.8368292e+00   4.2634292e+00
   4.6062493e+00   4.8983269e+00   0.0000000e+00   0.0000000e+00   0.0000000e+00   3.8900219e+00   3.5324597e+00   3.4553511e+00   3.4498489e+00   3.3730706e+00   3.3103692e+00   3.3621618e+00   3.4913036e+00   3.6761899e+00   3.8888426e+00   4.1639447e+00   4.4423535e+00   4.6829760e+00   4.8222405e+00   4.4703539e+00   0.0000000e+00   2.7268730e+00   3.0490741e+00   3.6482706e+00   4.0582562e+00   3.7759142e+00   0.0000000e+00   0.0000000e+00   1.6768803e+00   2.1829224e+00   2.6686246e+00   2.8697783e+00   3.1140181e+00   3.6354544e+00   4.1503480e+00   4.4514468e+00
   4.3165122e+00   0.0000000e+00   0.0000000e+00   0.0000000e+00   0.0000000e+00   0.0000000e+00   2.3753107e+00   2.2079191e+00   2.3498721e+00   2.5770910e+00   2.7910728e+00   3.0930357e+00   3.4072547e+00   3.6335514e+00   3.8625789e+00   4.0943513e+00   4.2760696e+00   4.4481978e+00   4.6120634e+00   4.7819334e+00   0.0000000e+00   3.2669179e+00   3.6593292e+00   3.8444018e+00   3.8269641e+00   3.6864092e+00   3.7912335e+00   2.9372604e+00   1.8712798e+00   1.9246958e+00   2.1563463e+00   2.5512760e+00   3.1298571e+00   3.4609509e+00   3.7143879e+00   3.7979184e+00
   0.0000000e+00   0.0000000e+00   0.0000000e+00   0.0000000e+00   0.0000000e+00   0.0000000e+00   8.7221057e-01   7.0873928e-01   9.1986215e-01   1.2629634e+00   1.6494281e+00   2.0896578e+00   2.4204431e+00   2.6362097e+00   2.8047290e+00   2.9334259e+00   2.9947629e+00   3.0417941e+00   3.1363254e+00   3.1843983e+00   3.1588886e+00   3.0415611e+00   3.0609965e+00   2.9739912e+00   2.7392559e+00   2.6235640e+00   2.8790362e+00   2.6756358e+00   2.2450256e+00   2.0399621e+00   1.9876735e+00   2.0663965e+00   2.2896640e+00   2.3962917e+00   2.4142218e+00   2.4029385e+00
   0.0000000e+00   0.0000000e+00   0.0000000e+00   0.0000000e+00   0.0000000e+00   0.0000000e+00   1.0485670e+00   5.5955058e-01   3.1718889e-01   4.8487120e-01   7.1747643e-01   9.1107124e-01   1.0121015e+00   1.0272408e+00   1.0553474e+00   1.0256943e+00   1.0017335e+00   9.5636058e-01   9.4388622e-01   9.7063428e-01   1.2422806e+00   1.4849085e+00   1.6202506e+00   1.5540833e+00   1.3871498e+00   1.3081110e+00   1.5004424e+00   1.6752493e+00   1.6234717e+00   1.4372641e+00   1.2366391e+00   1.1138630e+00   1.0971932e+00   1.0549831e+00   9.8951083e-01   1.0024855e+00
   1.9969636e+00   1.4806102e+00   1.2872917e+00   1.2290199e+00   1.2551328e+00   1.0001512e+00   1.2758908e+00   1.2197481e+00   8.2389088e-01   9.2860947e-01   9.1221303e-01   9.1537007e-01   9.5670820e-01   1.1822537e+00   1.0430419e+00   7.0968614e-01   5.6135739e-01   5.6707522e-01   9.1826423e-01   9.7493243e-01   6.2183338e-01   4.7084302e-01   5.4199409e-01   4.9441955e-01   3.8236390e-01   3.6592276e-01   4.1030338e-01   5.0489271e-01   3.9985614e-01   4.5351437e-01   4.0282935e-01   7.3631959e-01   9.6442603e-01   1.0789921e+00   1.3105144e+00   1.8263073e+00
   0.0000000e+00   8.7831852e-01   6.5308928e-01   0.0000000e+00   6.7005577e-01   7.9664620e-01   0.0000000e+00   1.6391499e+00   1.1584770e+00   1.1125450e+00   1.0495516e+00   0.0000000e+00   0.0000000e+00   0.0000000e+00   1.5646428e+00   1.8098338e+00   1.7217783e+00   1.6451457e+00   1.3257547e+00   9.5014678e-01   1.0780167e+00   1.1790433e+00   1.2233336e+00   7.9990495e-01   0.0000000e+00   0.0000000e+00   0.0000000e+00   0.0000000e+00   0.0000000e+00   0.0000000e+00   0.0000000e+00   0.0000000e+00   0.0000000e+00   0.0000000e+00   0.0000000e+00   0.0000000e+00
