  -0.0000000e+00
  -6.2167635e-03
  -4.6514430e-03
  -0.0000000e+00
  -4.4148107e-03
   0.0000000e+00
   0.0000000e+00
  -2.5490358e-03
  -6.8437652e-03
  -7.0155154e-03
  -9.9045953e-03
  -0.0000000e+00
  -0.0000000e+00
  -0.0000000e+00
  -1.4324148e-02
   0.0000000e+00
  -1.7147379e-02
  -1.7558039e-02
  -9.5820882e-03
  -1.3681574e-02
  -1.2761757e-02
  -1.0191806e-02
  -9.2136244e-03
  -9.2842602e-03
   0.0000000e+00
  -0.0000000e+00
  -0.0000000e+00
  -0.0000000e+00
   0.0000000e+00
   0.0000000e+00
   0.0000000e+00
  -0.0000000e+00
  -0.0000000e+00
   0.0000000e+00
   0.0000000e+00
   0.0000000e+00
  -1.9496580e-02
  -1.7336235e-02
  -1.6747769e-02
  -1.3987757e-02
  -9.6032488e-03
  -1.2088419e-02
  -9.0627572e-03
  -9.8303933e-03
  -1.9193495e-03
  -2.9328435e-03
  -5.2135182e-03
  -6.9392302e-03
  -1.1705260e-02
  -1.0598749e-02
  -6.6637980e-03
  -5.4518428e-03
  -3.2525350e-03
  -8.7036039e-03
  -7.0338742e-03
  -6.8817763e-03
  -1.5481289e-03
   3.1638595e-03
   6.0065930e-03
   5.8850712e-03
   3.2424414e-03
   2.2170392e-03
   1.5281514e-03
   2.6001388e-03
   2.1079607e-03
   1.8584390e-03
  -3.9350085e-03
  -6.4196884e-03
  -8.3587802e-03
  -1.3314118e-02
  -1.8893055e-02
  -2.6047623e-02
  -0.0000000e+00
  -0.0000000e+00
  -0.0000000e+00
  -0.0000000e+00
  -0.0000000e+00
  -0.0000000e+00
  -9.8121762e-03
  -7.1352745e-03
  -1.9586726e-03
   5.4917099e-04
   8.7139662e-03
   1.4001565e-02
   1.6507156e-02
   1.8176006e-02
   1.9897614e-02
   2.0778228e-02
   2.1257553e-02
   2.0662410e-02
   2.2402281e-02
   2.4865186e-02
   2.7586788e-02
   3.2266017e-02
   3.3186272e-02
   3.0746480e-02
   2.8366962e-02
   2.8211277e-02
   3.0586308e-02
   3.0561272e-02
   2.6868511e-02
   2.2356795e-02
   1.8138280e-02
   1.6380841e-02
   1.4767700e-02
   1.1658727e-02
   7.9919901e-03
   4.7884141e-04
   0.0000000e+00
   0.0000000e+00
   0.0000000e+00
   0.0000000e+00
   0.0000000e+00
   0.0000000e+00
   7.5897872e-03
   9.7093238e-03
   1.5464004e-02
   2.3306498e-02
   3.1152746e-02
   3.8429696e-02
   4.3525971e-02
   4.6701677e-02
   4.9872708e-02
   5.2488122e-02
   5.4534446e-02
   5.7009645e-02
   6.0498200e-02
   5.3073417e-02
   5.3690944e-02
   5.3269811e-02
   5.5189520e-02
   5.3259406e-02
   5.0055839e-02
   5.2058987e-02
   5.3573646e-02
   4.3719724e-02
   3.4202434e-02
   3.0258026e-02
   3.1305198e-02
   3.6399912e-02
   4.0010933e-02
   4.0691152e-02
   3.9098091e-02
   3.5090018e-02
   6.2016958e-02
   0.0000000e+00
   0.0000000e+00
   0.0000000e+00
   0.0000000e+00
   0.0000000e+00
   3.5343509e-02
   3.4313958e-02
   3.7709847e-02
   4.2059306e-02
   4.6726882e-02
   5.2908584e-02
   5.7972845e-02
   6.1350547e-02
   6.5265216e-02
   6.9733791e-02
   7.3037080e-02
   7.6463528e-02
   7.7552684e-02
   6.9431505e-02
   0.0000000e+00
   5.3254087e-02
   6.2345520e-02
   6.5525994e-02
   6.4121731e-02
   6.0272743e-02
   6.6012605e-02
   3.4846423e-02
   2.8046107e-02
   2.8846988e-02
   3.6224194e-02
   4.5136124e-02
   5.4574966e-02
   5.9804294e-02
   6.1336856e-02
   5.9420537e-02
   6.9340824e-02
   6.7391172e-02
   0.0000000e+00
   0.0000000e+00
   0.0000000e+00
   5.4013431e-02
   5.5254105e-02
   5.4005316e-02
   5.1816366e-02
   5.0405561e-02
   5.0499054e-02
   5.2524223e-02
   5.5442188e-02
   5.8469958e-02
   6.1893742e-02
   6.7412500e-02
   7.1716801e-02
   7.4816082e-02
   7.1892862e-02
   5.7163652e-02
   0.0000000e+00
   3.7363229e-02
   5.0684998e-02
   6.1027668e-02
   6.2993776e-02
   5.0756223e-02
   0.0000000e+00
   0.0000000e+00
   3.0781954e-02
   3.6759214e-02
   4.1643476e-02
   4.3595990e-02
   5.2731517e-02
   6.3880827e-02
   7.0774720e-02
   7.1011667e-02
   7.0634522e-02
   6.8860155e-02
   6.7190601e-02
   6.6514094e-02
   7.1655911e-02
   6.6524409e-02
   6.6267170e-02
   6.0559615e-02
   5.3473376e-02
   4.7340423e-02
   4.3633815e-02
   4.1900270e-02
   4.2669870e-02
   4.4589210e-02
   4.7355685e-02
   5.1502053e-02
   5.5575192e-02
   5.7317521e-02
   5.1896002e-02
   4.0573291e-02
   0.0000000e+00
   0.0000000e+00
   2.4320591e-02
   4.1218415e-02
   4.6659548e-02
   3.3570983e-02
   0.0000000e+00
   0.0000000e+00
   3.6089959e-02
   3.4572089e-02
   0.0000000e+00
   3.8339709e-02
   4.2456586e-02
   5.5290699e-02
   6.5576687e-02
   7.0095934e-02
   5.2224003e-02
   5.3417654e-02
   5.2627206e-02
   5.7193761e-02
   5.8993146e-02
   5.8516134e-02
   5.5047639e-02
   4.7807915e-02
   3.9995532e-02
   3.3241250e-02
   2.8510595e-02
   2.5532484e-02
   2.4932429e-02
   2.5616809e-02
   2.6624374e-02
   2.8460924e-02
   3.0812943e-02
   3.0708486e-02
   2.5417656e-02
   1.2920914e-02
   0.0000000e+00
   0.0000000e+00
   0.0000000e+00
   1.2176552e-02
   2.1178203e-02
   1.5120319e-02
   0.0000000e+00
   0.0000000e+00
   0.0000000e+00
   0.0000000e+00
   2.0562388e-02
   0.0000000e+00
   0.0000000e+00
   3.4954201e-02
   4.2549225e-02
   4.7990546e-02
   2.3842840e-02
   2.5695872e-02
   2.5909489e-02
   2.3563981e-02
   3.0050628e-02
   3.4055393e-02
   3.1419870e-02
   2.5637295e-02
   1.9373052e-02
   1.4657884e-02
   1.1493055e-02
   9.7316653e-03
   9.2049139e-03
   9.1055585e-03
   8.7875081e-03
   9.1417488e-03
   9.6238842e-03
   8.3303396e-03
   3.3168197e-03
  -7.6455776e-04
   0.0000000e+00
   0.0000000e+00
  -0.0000000e+00
  -1.0469385e-02
   7.6167693e-04
   7.5075985e-04
   0.0000000e+00
   0.0000000e+00
   0.0000000e+00
   1.7709757e-02
   1.8273051e-02
   0.0000000e+00
   1.1756359e-02
   1.1904152e-02
   1.5529169e-02
   1.9912004e-02
  -1.0790145e-02
  -8.9335153e-03
  -2.3186943e-03
  -1.5643891e-04
  -1.2968389e-03
  -1.9311300e-04
  -2.1044789e-03
  -5.6255455e-03
  -9.1158450e-03
  -1.1389672e-02
  -1.2001697e-02
  -1.1726590e-02
  -1.1504944e-02
  -1.1167134e-02
  -1.1602536e-02
  -1.2398079e-02
  -1.3439532e-02
  -1.5933417e-02
  -2.0427462e-02
  -1.0985457e-02
  -1.2260438e-03
   0.0000000e+00
   0.0000000e+00
  -0.0000000e+00
  -1.8128842e-02
  -1.1478446e-02
   0.0000000e+00
   0.0000000e+00
   0.0000000e+00
   2.9493154e-03
   4.4094560e-03
  -0.0000000e+00
  -8.1565809e-03
  -1.2905044e-02
  -1.4070293e-02
  -1.2595471e-02
  -3.2858815e-02
  -3.1080008e-02
  -2.4539016e-02
  -2.2674244e-02
  -2.4091689e-02
  -2.3467431e-02
  -2.4475031e-02
  -2.6634818e-02
  -2.9058680e-02
  -3.0304242e-02
  -2.9729199e-02
  -2.8313672e-02
  -2.6541563e-02
  -2.4923287e-02
  -2.4692208e-02
  -2.6173759e-02
  -2.8910266e-02
  -3.2914244e-02
  -3.6183089e-02
  -1.7753121e-02
  -3.4511455e-03
   0.0000000e+00
   0.0000000e+00
  -0.0000000e+00
  -2.9848717e-02
  -1.3169831e-02
   0.0000000e+00
   0.0000000e+00
  -0.0000000e+00
  -1.3232132e-02
  -1.5289089e-02
  -2.2117765e-02
  -2.4533927e-02
  -2.9931182e-02
  -3.2878958e-02
  -3.3284746e-02
  -4.9524825e-02
  -4.8324034e-02
  -4.3601319e-02
  -4.1495983e-02
  -4.1801039e-02
  -4.0718693e-02
  -4.0639408e-02
  -4.1885193e-02
  -4.3686319e-02
  -4.4701729e-02
  -4.3765094e-02
  -4.1243605e-02
  -3.8188059e-02
  -3.5989303e-02
  -3.6057249e-02
  -3.9319884e-02
  -4.4195302e-02
  -4.8808403e-02
  -4.9022123e-02
  -3.0926049e-02
  -4.8910015e-03
   0.0000000e+00
   0.0000000e+00
  -0.0000000e+00
  -3.7652034e-02
  -1.6500821e-02
   0.0000000e+00
   0.0000000e+00
  -0.0000000e+00
  -2.5200635e-02
  -2.6425907e-02
  -3.2659646e-02
  -3.8716897e-02
  -4.4328004e-02
  -4.7224160e-02
  -4.8758164e-02
  -5.7466943e-02
  -5.6880526e-02
  -5.3205919e-02
  -5.0359704e-02
  -4.9238209e-02
  -4.7686856e-02
  -4.6754718e-02
  -4.6616942e-02
  -4.7401428e-02
  -4.8468281e-02
  -4.8017301e-02
  -4.6054903e-02
  -4.4138145e-02
  -4.4268727e-02
  -4.7278672e-02
  -5.2836314e-02
  -5.7921059e-02
  -6.0008891e-02
  -5.4744743e-02
  -3.8690955e-02
   0.0000000e+00
   0.0000000e+00
   0.0000000e+00
   0.0000000e+00
  -3.9876100e-02
  -1.8694427e-02
   0.0000000e+00
   0.0000000e+00
   0.0000000e+00
  -2.9315184e-02
  -3.1810515e-02
  -3.8986828e-02
  -4.6236925e-02
  -5.0856460e-02
  -5.3418763e-02
  -5.5602230e-02
  -5.5756688e-02
  -5.5382192e-02
  -5.1989149e-02
  -4.8922315e-02
  -4.7138736e-02
  -4.5340456e-02
  -4.3267641e-02
  -4.1773651e-02
  -4.1876074e-02
  -4.3512344e-02
  -4.5092620e-02
  -4.6639077e-02
  -4.9520448e-02
  -5.4450046e-02
  -6.0648441e-02
  -6.6676475e-02
  -6.9397621e-02
  -6.5914713e-02
  -5.1186327e-02
  -2.9358387e-02
   0.0000000e+00
   0.0000000e+00
   0.0000000e+00
   0.0000000e+00
  -3.5147650e-02
  -1.7658666e-02
   0.0000000e+00
   0.0000000e+00
   0.0000000e+00
  -3.0426872e-02
  -3.3862822e-02
  -4.0739600e-02
  -4.6394952e-02
  -5.0186522e-02
  -5.2562516e-02
  -5.3924635e-02
  -4.3206282e-02
  -4.2220123e-02
  -3.9273754e-02
  -3.6938027e-02
  -3.5190988e-02
  -3.3250615e-02
  -3.0915108e-02
  -2.9771034e-02
  -3.0498177e-02
  -3.3570606e-02
  -3.8911734e-02
  -4.6273913e-02
  -5.5194922e-02
  -6.4168371e-02
  -7.1916215e-02
  -7.6460280e-02
  -7.5298190e-02
  -6.5108016e-02
  -3.7133683e-02
  -5.4577934e-03
   0.0000000e+00
  -0.0000000e+00
   0.0000000e+00
   0.0000000e+00
  -2.4538164e-02
  -9.9732541e-03
   0.0000000e+00
   0.0000000e+00
   0.0000000e+00
  -3.0315978e-02
  -3.2934651e-02
  -3.6282744e-02
  -3.9677460e-02
  -4.2850308e-02
  -4.4707932e-02
  -4.3710399e-02
  -2.5461126e-02
  -2.3751300e-02
  -2.1563362e-02
  -2.0571025e-02
  -2.0049227e-02
  -1.9493470e-02
  -1.9231731e-02
  -1.9841637e-02
  -2.1570779e-02
  -2.5520140e-02
  -3.2471739e-02
  -4.1886229e-02
  -5.2401319e-02
  -6.1434943e-02
  -6.7901127e-02
  -6.9619469e-02
  -6.4866573e-02
  -5.1513463e-02
  -2.3020755e-02
   2.6933337e-03
   0.0000000e+00
  -1.1912624e-02
  -2.2805520e-02
  -3.2415466e-02
  -2.2527999e-02
  -2.0645644e-03
   0.0000000e+00
   0.0000000e+00
   0.0000000e+00
  -0.0000000e+00
  -2.5999397e-02
  -2.6002007e-02
  -2.7777081e-02
  -3.0201605e-02
  -3.1512924e-02
  -2.8524704e-02
  -1.1259597e-02
  -9.9361623e-03
  -9.0203257e-03
  -1.0173977e-02
  -1.2361325e-02
  -1.5026286e-02
  -1.8162852e-02
  -2.1210648e-02
  -2.4654925e-02
  -2.9316697e-02
  -3.5202503e-02
  -4.1922856e-02
  -4.8797224e-02
  -5.3940505e-02
  -5.6624647e-02
  -5.4700870e-02
  -4.7640014e-02
  -3.5495833e-02
  -1.6207261e-02
   2.3840052e-03
   0.0000000e+00
  -2.2021181e-02
  -0.0000000e+00
  -2.9236238e-02
  -2.4523318e-02
   1.3557434e-03
   0.0000000e+00
   0.0000000e+00
   0.0000000e+00
  -0.0000000e+00
  -1.5895272e-02
  -1.3823223e-02
  -1.4419735e-02
  -1.5944086e-02
  -1.8040992e-02
  -1.5313464e-02
  -3.5407669e-03
  -3.5443425e-03
  -3.6180688e-03
  -7.0792554e-03
  -1.2049344e-02
  -1.7557995e-02
  -2.3252801e-02
  -2.8158991e-02
  -3.2985385e-02
  -3.8067858e-02
  -4.2536514e-02
  -4.6153044e-02
  -4.8697913e-02
  -4.9508506e-02
  -4.8497366e-02
  -4.4285292e-02
  -3.7411127e-02
  -2.8994436e-02
  -1.7882919e-02
  -5.9072010e-03
   0.0000000e+00
   0.0000000e+00
  -0.0000000e+00
  -1.5965334e-02
   0.0000000e+00
   0.0000000e+00
   0.0000000e+00
   0.0000000e+00
   0.0000000e+00
  -0.0000000e+00
  -7.0701466e-03
  -2.7363183e-03
  -1.9290836e-03
  -2.4763131e-03
  -5.2234468e-03
  -5.0694070e-03
  -2.0950648e-03
  -5.7054076e-03
  -4.5360070e-03
  -7.8843152e-03
  -1.2477857e-02
  -1.7396945e-02
  -2.2683785e-02
  -2.7552497e-02
  -3.2454140e-02
  -3.7548769e-02
  -4.1915531e-02
  -4.5260636e-02
  -4.7159659e-02
  -4.7062686e-02
  -4.5206817e-02
  -4.0676608e-02
  -3.4791100e-02
  -2.9274004e-02
  -2.4583095e-02
  -2.2612067e-02
  -2.6673633e-02
  -0.0000000e+00
  -1.4283375e-02
  -2.4802118e-03
   0.0000000e+00
   0.0000000e+00
   0.0000000e+00
   0.0000000e+00
   0.0000000e+00
  -0.0000000e+00
  -4.0779733e-03
   4.2606163e-03
   8.6939660e-03
   1.0346433e-02
   9.6857537e-03
  -7.4030555e-04
  -3.2212168e-03
  -1.2447490e-02
  -1.1813851e-02
  -1.3956267e-02
  -1.5660252e-02
  -1.6592119e-02
  -1.7993590e-02
  -2.0385167e-02
  -2.3842877e-02
  -2.7933655e-02
  -3.1664588e-02
  -3.4554020e-02
  -3.6145777e-02
  -3.6210883e-02
  -3.5408445e-02
  -3.3534270e-02
  -3.1806294e-02
  -3.1175077e-02
  -3.2278359e-02
  -3.4938559e-02
  -4.2588776e-02
  -3.2508863e-02
  -1.5607759e-02
   3.8084310e-03
   0.0000000e+00
   0.0000000e+00
   0.0000000e+00
   0.0000000e+00
   0.0000000e+00
  -0.0000000e+00
  -7.4896375e-03
   6.4092884e-03
   1.5103870e-02
   1.6955204e-02
   1.9312746e-02
   0.0000000e+00
  -6.9259172e-05
  -1.4239598e-02
  -2.4434719e-02
  -2.7795097e-02
  -2.8019767e-02
  -2.5325708e-02
  -2.1684380e-02
  -1.9420460e-02
  -1.9239729e-02
  -2.0416405e-02
  -2.1951891e-02
  -2.3160554e-02
  -2.3657242e-02
  -2.3636013e-02
  -2.3893014e-02
  -2.5265858e-02
  -2.9122198e-02
  -3.4761000e-02
  -4.0408138e-02
  -4.6457410e-02
  -5.2262384e-02
  -3.9589621e-02
  -2.0994648e-02
   8.2922707e-03
   0.0000000e+00
   0.0000000e+00
   0.0000000e+00
   0.0000000e+00
   0.0000000e+00
  -3.6232814e-02
  -1.6865924e-02
   6.1822125e-03
   1.8444426e-02
   0.0000000e+00
   1.1118724e-02
   0.0000000e+00
  -0.0000000e+00
  -1.9455727e-02
  -3.8511321e-02
  -4.3534800e-02
  -4.4422649e-02
  -4.1253440e-02
  -3.5972092e-02
  -3.1333804e-02
  -2.8770972e-02
  -2.8231736e-02
  -2.8380182e-02
  -2.8339729e-02
  -2.8454000e-02
  -2.8768642e-02
  -2.9387346e-02
  -2.9960955e-02
  -3.2094236e-02
  -3.8867071e-02
  -4.5908090e-02
  -4.9633648e-02
  -5.2370518e-02
  -4.3287922e-02
  -2.9054336e-02
  -7.1962795e-03
   0.0000000e+00
   0.0000000e+00
  -0.0000000e+00
  -5.8371962e-02
  -5.8148689e-02
  -4.9535281e-02
  -3.6743674e-02
  -9.6186097e-03
   1.5584284e-02
   2.5074499e-02
   1.9076134e-02
   0.0000000e+00
  -2.9160601e-02
  -3.3300444e-02
  -4.6100307e-02
  -5.1642142e-02
  -5.2526411e-02
  -5.0357480e-02
  -4.6503782e-02
  -4.3299492e-02
  -4.1521713e-02
  -4.1438498e-02
  -4.1935641e-02
  -4.2110108e-02
  -4.2804629e-02
  -4.3831356e-02
  -4.5000430e-02
  -4.3092407e-02
  -3.4651928e-02
  -3.1418402e-02
  -3.9154992e-02
  -4.2346496e-02
  -4.5366161e-02
  -4.1606195e-02
  -3.6661703e-02
  -2.9884124e-02
   0.0000000e+00
   0.0000000e+00
  -0.0000000e+00
  -5.7588980e-02
  -5.4895304e-02
  -5.1045917e-02
  -5.7085849e-02
  -4.0024404e-02
   1.0539633e-02
   3.3838348e-02
   0.0000000e+00
   0.0000000e+00
  -3.5473240e-02
  -4.2576149e-02
  -4.5737147e-02
  -5.1596422e-02
  -5.2668225e-02
  -5.1742766e-02
  -4.9862534e-02
  -4.8605043e-02
  -4.8451170e-02
  -4.9321186e-02
  -5.0666168e-02
  -5.2321225e-02
  -5.4397389e-02
  -5.6554545e-02
  -5.8451131e-02
  -5.5415377e-02
  -3.7392903e-02
  -1.9833610e-02
  -3.2490350e-02
  -3.2317079e-02
  -3.6888897e-02
  -3.7744164e-02
  -3.9334659e-02
  -4.2570351e-02
   0.0000000e+00
   0.0000000e+00
  -0.0000000e+00
  -5.3421739e-02
  -4.8311297e-02
  -4.0339302e-02
  -5.8028059e-02
  -3.8200052e-02
  -1.1458437e-03
   0.0000000e+00
   0.0000000e+00
   0.0000000e+00
  -0.0000000e+00
  -3.5048024e-02
  -3.7504226e-02
  -4.3540500e-02
  -4.6015549e-02
  -4.7109134e-02
  -4.7670912e-02
  -4.7987279e-02
  -4.8852492e-02
  -5.0183676e-02
  -5.1991262e-02
  -5.4234825e-02
  -5.7023458e-02
  -5.9027512e-02
  -5.9853859e-02
  -5.5430111e-02
  -3.4008943e-02
  -7.5558683e-03
  -1.8197478e-02
  -2.1631629e-02
  -2.5499867e-02
  -2.9333504e-02
  -3.4886714e-02
  -4.3019872e-02
  -4.6115556e-02
  -4.2815675e-02
  -4.2786311e-02
  -4.4050489e-02
  -3.9019458e-02
  -2.9565766e-02
  -4.5670705e-02
  -3.8501207e-02
   0.0000000e+00
   0.0000000e+00
   0.0000000e+00
   0.0000000e+00
   0.0000000e+00
  -1.8130079e-02
  -2.0812517e-02
  -2.6697323e-02
  -3.0861741e-02
  -3.4149278e-02
  -3.6935560e-02
  -3.8942717e-02
  -4.0935583e-02
  -4.2808484e-02
  -4.4493433e-02
  -4.5986161e-02
  -4.7525365e-02
  -4.7903553e-02
  -4.6706691e-02
  -4.1032255e-02
  -2.3984009e-02
  -5.4720202e-03
  -0.0000000e+00
  -9.4786128e-03
  -9.4965538e-03
  -1.5175543e-02
  -2.3090379e-02
  -3.2491274e-02
  -3.9725155e-02
  -4.0103223e-02
  -3.1268809e-02
  -2.9370701e-02
  -2.8702475e-02
  -2.5708497e-02
  -0.0000000e+00
  -1.8825257e-02
   0.0000000e+00
   0.0000000e+00
   0.0000000e+00
   0.0000000e+00
   0.0000000e+00
   2.6875207e-03
   1.7876300e-03
  -3.6560849e-03
  -9.5465016e-03
  -1.5005247e-02
  -1.9735163e-02
  -2.3366548e-02
  -2.7264711e-02
  -3.0545756e-02
  -3.1988263e-02
  -3.2485694e-02
  -3.2180026e-02
  -3.0930689e-02
  -2.8964167e-02
  -2.3292510e-02
  -1.1711500e-02
  -3.4711179e-03
  -0.0000000e+00
   2.1134766e-03
   8.0579845e-03
   2.4016809e-03
  -6.9783106e-03
  -1.7577069e-02
  -2.2288372e-02
  -3.0904295e-02
  -1.7838376e-02
  -1.5941907e-02
  -1.6477870e-02
  -1.8533723e-02
  -1.0622294e-02
   5.1215987e-03
   1.7958933e-02
   0.0000000e+00
   0.0000000e+00
   0.0000000e+00
   0.0000000e+00
   2.8587366e-02
   3.4623794e-02
   3.1719305e-02
   2.4279993e-02
   1.5720380e-02
   7.4542458e-03
   1.0258281e-03
  -5.2848216e-03
  -1.0147129e-02
  -1.1783359e-02
  -1.1673646e-02
  -9.8031089e-03
  -7.0824032e-03
  -4.3798895e-03
   2.0509574e-04
   7.6260380e-03
   8.8918321e-03
   0.0000000e+00
   1.4796378e-02
   2.4935555e-02
   2.5351774e-02
   1.8714923e-02
   8.3385129e-03
   3.7948632e-04
  -0.0000000e+00
   9.8942826e-04
   9.4503909e-03
   8.1977759e-03
   5.3686146e-03
   7.3704094e-03
   2.1354026e-02
   2.7248236e-02
   0.0000000e+00
   0.0000000e+00
   0.0000000e+00
   0.0000000e+00
   3.5975933e-02
   4.9818289e-02
   5.4205611e-02
   4.7345238e-02
   3.7482522e-02
   2.6896603e-02
   1.8254155e-02
   1.1321884e-02
   6.8634674e-03
   5.6400642e-03
   6.4327517e-03
   9.1760354e-03
   1.2416753e-02
   1.5643097e-02
   1.8853195e-02
   2.2594265e-02
   1.5787507e-02
   0.0000000e+00
   0.0000000e+00
   0.0000000e+00
   3.4902178e-02
   3.6403216e-02
   2.9803852e-02
   2.0675898e-02
   2.1682490e-02
   1.9759436e-02
   2.4592592e-02
   2.8473149e-02
   2.6989464e-02
   2.1991786e-02
   2.3255716e-02
   0.0000000e+00
   0.0000000e+00
   0.0000000e+00
   0.0000000e+00
   0.0000000e+00
   3.2354099e-02
   5.4350144e-02
   6.1246973e-02
   5.6108758e-02
   4.8689999e-02
   3.8794640e-02
   3.0870344e-02
   2.5697390e-02
   2.3450334e-02
   2.4081390e-02
   2.6793562e-02
   3.0108232e-02
   3.2970611e-02
   3.5729825e-02
   3.5929419e-02
   3.3726670e-02
   0.0000000e+00
   0.0000000e+00
   0.0000000e+00
   0.0000000e+00
   0.0000000e+00
   4.3402167e-02
   4.5049281e-02
   3.9746590e-02
   3.4596539e-02
   0.0000000e+00
   3.6003749e-02
   0.0000000e+00
   0.0000000e+00
   3.1831279e-02
   2.3688825e-02
   0.0000000e+00
   0.0000000e+00
   0.0000000e+00
   0.0000000e+00
   0.0000000e+00
   0.0000000e+00
   0.0000000e+00
   4.5138609e-02
   4.5523366e-02
   4.3725181e-02
   4.0000193e-02
   3.6262382e-02
   3.4119774e-02
   3.5028338e-02
   3.7715648e-02
   4.1146602e-02
   4.4083480e-02
   4.6416501e-02
   4.6763681e-02
   4.2730510e-02
   3.1860270e-02
   0.0000000e+00
   0.0000000e+00
   0.0000000e+00
   0.0000000e+00
   0.0000000e+00
   0.0000000e+00
   3.8634493e-02
   4.3027929e-02
   3.5641907e-02
   3.4920100e-02
   0.0000000e+00
   0.0000000e+00
   0.0000000e+00
   0.0000000e+00
   0.0000000e+00
   0.0000000e+00
   0.0000000e+00
   0.0000000e+00
   0.0000000e+00
   0.0000000e+00
   0.0000000e+00
   0.0000000e+00
   1.9162997e-02
   2.5164850e-02
   3.0033054e-02
   3.3162478e-02
   3.5488579e-02
   3.7678878e-02
   4.1858255e-02
   4.5605272e-02
   4.8183409e-02
   4.9932995e-02
   5.1102780e-02
   4.9307810e-02
   4.1544447e-02
   2.7886233e-02
   0.0000000e+00
   0.0000000e+00
   0.0000000e+00
   0.0000000e+00
   0.0000000e+00
   0.0000000e+00
   0.0000000e+00
   0.0000000e+00
   2.1046965e-02
   2.6512706e-02
   2.1668356e-02
   0.0000000e+00
   0.0000000e+00
   0.0000000e+00
   0.0000000e+00
   0.0000000e+00
   0.0000000e+00
   0.0000000e+00
   0.0000000e+00
   0.0000000e+00
   0.0000000e+00
   0.0000000e+00
  -2.6495755e-03
   2.3843762e-03
   1.1771148e-02
   2.0321764e-02
   2.7193516e-02
   3.3284064e-02
   3.9349951e-02
   4.3175353e-02
   4.4944033e-02
   4.5752265e-02
   4.5064661e-02
   4.1682836e-02
   3.5442747e-02
   2.9983383e-02
   0.0000000e+00
   0.0000000e+00
   0.0000000e+00
   0.0000000e+00
   5.6916457e-03
   3.5134379e-03
   7.3115458e-03
   0.0000000e+00
   0.0000000e+00
   0.0000000e+00
   0.0000000e+00
   0.0000000e+00
   0.0000000e+00
   0.0000000e+00
   5.7621250e-03
   8.1899523e-03
   0.0000000e+00
   0.0000000e+00
   0.0000000e+00
   0.0000000e+00
   0.0000000e+00
  -0.0000000e+00
  -1.9211905e-02
  -1.4711416e-02
  -7.5805429e-03
   1.0600444e-03
   1.0155951e-02
   1.7953556e-02
   2.3794701e-02
   2.7262872e-02
   2.8585626e-02
   2.9204173e-02
   2.8704124e-02
   2.7168790e-02
   2.3034967e-02
   2.1898496e-02
   0.0000000e+00
   0.0000000e+00
   8.7107599e-04
   1.4902752e-04
  -8.6712047e-04
   4.6602450e-04
   5.5285647e-03
   0.0000000e+00
   0.0000000e+00
  -0.0000000e+00
  -0.0000000e+00
  -0.0000000e+00
  -1.2331879e-02
  -8.7774534e-03
  -8.1436228e-04
  -5.3155710e-03
   0.0000000e+00
   0.0000000e+00
   0.0000000e+00
   0.0000000e+00
   0.0000000e+00
   0.0000000e+00
  -0.0000000e+00
  -1.9231338e-02
  -1.9882386e-02
  -1.7079502e-02
  -8.2861548e-03
  -4.2267763e-03
   1.5530952e-03
   2.7062075e-05
   6.0731309e-03
   2.2774840e-03
   5.4274163e-03
   6.0947515e-03
   3.5020350e-04
   0.0000000e+00
   0.0000000e+00
  -0.0000000e+00
  -2.6918977e-03
  -5.8312480e-03
   0.0000000e+00
   0.0000000e+00
   0.0000000e+00
   0.0000000e+00
  -0.0000000e+00
  -0.0000000e+00
  -1.7869866e-02
  -1.3737499e-02
  -1.0760733e-02
  -7.1045412e-03
  -3.9400965e-03
  -4.9701374e-03
   0.0000000e+00
   0.0000000e+00
   0.0000000e+00
   3.4535803e-03
   3.4876857e-03
   2.4069645e-03
   3.5280916e-04
  -0.0000000e+00
  -0.0000000e+00
  -9.9904652e-03
  -1.4681305e-02
  -1.6220474e-02
  -1.3546452e-02
  -0.0000000e+00
  -0.0000000e+00
  -0.0000000e+00
  -0.0000000e+00
  -0.0000000e+00
  -0.0000000e+00
  -0.0000000e+00
  -0.0000000e+00
  -7.9393420e-03
  -1.0024154e-02
  -8.3098239e-03
  -6.4450713e-03
  -5.3861786e-03
  -5.0205403e-03
  -4.8206992e-03
  -5.1471572e-03
  -4.5345691e-03
  -2.7103657e-03
  -1.5887897e-03
  -1.0276409e-03
  -2.4695638e-03
  -2.7822760e-03
  -2.0804551e-03
  -2.9465042e-03
  -1.0383918e-03
   1.5203958e-03
