-START-OF-DATA-
1759.5 0.00033483
1769.5 0.00033483
1779.5 0.00033483
1789.5 0.00033483
1799.5 0.00033483
1809.5 0.00033483
1819.5 0.00033483
1829.5 0.00033483
1839.5 0.00033483
1849.5 0.00033483
1859.5 0.00033483
1869.5 0.00033483
1879.5 0.00033483
1889.5 0.00033483
1899.5 0.00033483
1909.5 0.00033483
1919.5 0.00033483
1929.5 0.00033483
1939.5 0.00033483
1949.5 0.000357
2049.5 0.000364
2149.5 0.000376
2249.5 0.000393
2349.5 0.000413
2449.5 0.000436
2549.5 0.000465
2649.5 0.000501
2749.5 0.000536
2849.5 0.000568
2949.5 0.000596
3049.5 0.000617
3149.5 0.00063
3249.5 0.000637
3349.5 0.000641
3449.5 0.000641
3549.5 0.000638
3649.5 0.000635
3749.5 0.00063
3849.5 0.000625
3949.5 0.00062
4049.5 0.000614
4149.5 0.000609
4249.5 0.000605
4349.5 6e-04
4449.5 0.000595
4549.5 0.000591
4649.5 0.000587
4749.5 0.000583
4849.5 0.000579
4949.5 0.000576
5049.5 0.000572
5149.5 0.000568
5249.5 0.000565
5349.5 0.000562
5449.5 0.000559
5549.5 0.000556
5649.5 0.000554
5749.5 0.00055
5849.5 0.000548
5949.5 0.000546
6049.5 0.000543
6149.5 0.000541
6249.5 0.00054
6349.5 0.000537
6449.5 0.000535
6549.5 0.000534
6649.5 0.000531
6749.5 0.000529
6849.5 0.000528
6949.5 0.000525
7049.5 0.000524
7149.5 0.000523
7249.5 0.00052
7349.5 0.000519
7449.5 0.000518
7549.5 0.000515
7649.5 0.000514
7749.5 0.000513
7849.5 0.000512
7949.5 0.000511
8049.5 0.000509
8149.5 0.000507
8249.5 0.000506
8349.5 0.000505
8449.5 0.000503
8549.5 0.000502
8649.5 0.000501
8749.5 0.000501
8849.5 5e-04
8949.5 0.000499
9049.5 0.000497
9149.5 0.000496
9249.5 0.000495
9349.5 0.000494
9449.5 0.000494
9549.5 0.000493
9649.5 0.000491
9749.5 0.00049
9849.5 0.00049
9949.5 0.000489
10049.5 0.000488
10149.5 0.000487
10249.5 0.000487
10349.5 0.000485
10449.5 0.000484
10549.5 0.000484
10649.5 0.000483
10749.5 0.000483
10849.5 0.000482
10949.5 0.000481
11049.5 0.000481
11149.5 0.000479
11249.5 0.000479
11349.5 0.000478
11449.5 0.000477
11549.5 0.000477
11649.5 0.000476
11749.5 0.000476
11849.5 0.000475
11949.5 0.000475
12049.5 0.000473
12149.5 0.000473
12249.5 0.000472
12349.5 0.000472
12449.5 0.000471
12549.5 0.000471
12649.5 0.000471
12749.5 0.00047
12849.5 0.00047
12949.5 0.000469
13049.5 0.000469
13149.5 0.000467
13249.5 0.000467
13349.5 0.000466
13449.5 0.000466
13549.5 0.000466
13649.5 0.000465
13749.5 0.000465
13849.5 0.000465
13949.5 0.000464
14049.5 0.000464
14149.5 0.000462
14249.5 0.000462
14349.5 0.000462
14449.5 0.000461
14549.5 0.000461
14649.5 0.000461
14749.5 0.00046
14849.5 0.00046
14949.5 0.00046
15049.5 0.000459
15149.5 0.000459
15249.5 0.000459
15349.5 0.000458
15449.5 0.000458
15549.5 0.000458
15649.5 0.000456
15749.5 0.000456
15849.5 0.000456
15949.5 0.000456
16049.5 0.000455
16149.5 0.000455
16249.5 0.000455
16349.5 0.000454
16449.5 0.000454
16549.5 0.000454
16649.5 0.000454
16749.5 0.000453
16849.5 0.000453
16949.5 0.000453
17049.5 0.000452
17149.5 0.000452
17249.5 0.000452
17349.5 0.000452
17449.5 0.00045
17549.5 0.00045
17649.5 0.00045
17749.5 0.000449
17849.5 0.000449
17949.5 0.000449
18049.5 0.000449
18149.5 0.000448
18249.5 0.000448
18349.5 0.000448
18449.5 0.000448
18549.5 0.000447
18649.5 0.000447
18749.5 0.000447
18849.5 0.000447
18949.5 0.000446
19049.5 0.000446
19149.5 0.000446
19249.5 0.000446
19349.5 0.000444
19449.5 0.000444
19549.5 0.000444
19649.5 0.000443
19749.5 0.000443
19849.5 0.000443
19949.5 0.000443
20049.5 0.000442
20149.5 0.000442
20249.5 0.000442
20349.5 0.000442
20449.5 0.000441
20549.5 0.000441
20649.5 0.000441
20749.5 0.000441
20849.5 0.00044
20949.5 0.00044
21049.5 0.00044
21149.5 0.00044
21249.5 0.000438
21349.5 0.000438
21449.5 0.000438
21549.5 0.000438
21649.5 0.000437
21749.5 0.000437
21849.5 0.000437
21949.5 0.000437
22049.5 0.000436
22149.5 0.000436
22249.5 0.000436
22349.5 0.000436
22449.5 0.000436
22549.5 0.000435
22649.5 0.000435
22749.5 0.000435
22849.5 0.000435
22949.5 0.000434
23049.5 0.000434
23149.5 0.000434
23249.5 0.000434
23349.5 0.000434
23449.5 0.000432
23549.5 0.000432
23649.5 0.000432
23749.5 0.000432
23849.5 0.000432
23949.5 0.000431
24049.5 0.000431
24149.5 0.000431
24249.5 0.000431
24349.5 0.00043
24449.5 0.00043
24549.5 0.00043
24649.5 0.00043
24749.5 0.00043
24849.5 0.00043
24949.5 0.000429
25049.5 0.000429
25149.5 0.000429
25249.5 0.000429
25349.5 0.000429
25449.5 0.000428
25549.5 0.000428
25649.5 0.000428
25749.5 0.000428
25849.5 0.000428
25949.5 0.000428
26049.5 0.000426
26149.5 0.000426
26249.5 0.000426
26349.5 0.000426
26449.5 0.000426
26549.5 0.000425
26649.5 0.000425
26749.5 0.000425
26849.5 0.000425
26949.5 0.000425
27049.5 0.000425
27149.5 0.000425
27249.5 0.000424
27349.5 0.000424
27449.5 0.000424
27549.5 0.000424
27649.5 0.000424
27749.5 0.000424
27849.5 0.000423
27949.5 0.000423
28049.5 0.000423
28149.5 0.000423
28249.5 0.000423
28349.5 0.000423
28449.5 0.000423
28549.5 0.000422
28649.5 0.000422
28749.5 0.000422
28849.5 0.000422
28949.5 0.000422
29049.5 0.000422
29149.5 0.000422
29249.5 0.000422
29349.5 0.00042
29449.5 0.00042
29549.5 0.00042
29649.5 0.00042
29749.5 0.00042
29849.5 0.00042
29949.5 0.00042
30049.5 0.00042
30149.5 0.000419
30249.5 0.000419
30349.5 0.000419
30449.5 0.000419
30549.5 0.000419
30649.5 0.000419
30749.5 0.000419
30849.5 0.000419
30949.5 0.000418
31049.5 0.000418
31149.5 0.000418
31249.5 0.000418
31349.5 0.000418
31449.5 0.000418
31549.5 0.000418
31649.5 0.000418
31749.5 0.000418
31849.5 0.000418
31949.5 0.000417
32049.5 0.000417
32149.5 0.000417
32249.5 0.000417
32349.5 0.000417
32449.5 0.000417
32549.5 0.000417
32649.5 0.000417
32749.5 0.000417
32849.5 0.000417
32949.5 0.000416
33049.5 0.000416
33149.5 0.000416
33249.5 0.000416
33349.5 0.000416
33449.5 0.000416
33549.5 0.000416
33649.5 0.000416
33749.5 0.000416
33849.5 0.000416
33949.5 0.000416
34049.5 0.000416
34149.5 0.000414
34249.5 0.000414
34349.5 0.000414
34449.5 0.000414
34549.5 0.000414
34649.5 0.000414
34749.5 0.000414
34849.5 0.000414
34949.5 0.000414
35049.5 0.000414
35149.5 0.000414
35249.5 0.000414
35349.5 0.000414
35449.5 0.000413
35549.5 0.000413
35649.5 0.000413
35749.5 0.000413
35849.5 0.000413
35949.5 0.000413
36049.5 0.000413
36149.5 0.000413
36249.5 0.000413
36349.5 0.000413
36449.5 0.000413
36549.5 0.000413
36649.5 0.000413
36749.5 0.000413
36849.5 0.000413
36949.5 0.000412
37049.5 0.000412
37149.5 0.000412
37249.5 0.000412
37349.5 0.000412
37449.5 0.000412
37549.5 0.000412
37649.5 0.000412
37749.5 0.000412
37849.5 0.000412
37949.5 0.000412
38049.5 0.000412
38149.5 0.000412
38249.5 0.000412
38349.5 0.000412
38449.5 0.000412
38549.5 0.000411
38649.5 0.000411
38749.5 0.000411
38849.5 0.000411
38949.5 0.000411
39049.5 0.000411
39149.5 0.000411
39249.5 0.000411
39349.5 0.000411
39449.5 0.000411
39549.5 0.000411
39649.5 0.000411
39749.5 0.000411
39849.5 0.000411
39949.5 0.000411
40049.5 0.000411
40149.5 0.00041
40249.5 0.00041
40349.5 0.00041
40449.5 0.00041
40549.5 0.00041
40649.5 0.00041
40749.5 0.00041
40849.5 0.00041
40949.5 0.00041
41049.5 0.00041
41149.5 0.00041
41249.5 0.00041
41349.5 0.00041
41449.5 0.00041
41549.5 0.00041
41649.5 0.00041
41749.5 0.00041
41849.5 0.00041
41949.5 0.000408
42049.5 0.000408
42149.5 0.000408
42249.5 0.000408
42349.5 0.000408
42449.5 0.000408
42549.5 0.000408
42649.5 0.000408
42749.5 0.000408
42849.5 0.000408
42949.5 0.000408
43049.5 0.000408
43149.5 0.000408
43249.5 0.000408
43349.5 0.000408
43449.5 0.000408
43549.5 0.000408
43649.5 0.000408
43749.5 0.000407
43849.5 0.000407
43949.5 0.000407
44049.5 0.000407
44149.5 0.000407
44249.5 0.000407
44349.5 0.000407
44449.5 0.000407
44549.5 0.000407
44649.5 0.000407
44749.5 0.000407
44849.5 0.000407
44949.5 0.000407
45049.5 0.000407
45149.5 0.000407
45249.5 0.000407
45349.5 0.000407
45449.5 0.000407
45549.5 0.000407
45649.5 0.000406
45749.5 0.000406
45849.5 0.000406
45949.5 0.000406
46049.5 0.000406
46149.5 0.000406
46249.5 0.000406
46349.5 0.000406
46449.5 0.000406
46549.5 0.000406
46649.5 0.000406
46749.5 0.000406
46849.5 0.000406
46949.5 0.000406
47049.5 0.000406
47149.5 0.000406
47249.5 0.000406
47349.5 0.000406
47449.5 0.000406
47549.5 0.000406
47649.5 0.000406
47749.5 0.000405
47849.5 0.000405
47949.5 0.000405
48049.5 0.000405
48149.5 0.000405
48249.5 0.000405
48349.5 0.000405
48449.5 0.000405
48549.5 0.000405
48649.5 0.000405
48749.5 0.000405
48849.5 0.000405
48949.5 0.000405
49049.5 0.000405
49149.5 0.000405
49249.5 0.000405
49349.5 0.000405
49449.5 0.000405
49549.5 0.000405
49649.5 0.000405
49749.5 0.000405
49849.5 0.000405
49949.5 0.000405
50049.5 0.000403
50149.5 0.000403
50249.5 0.000403
50349.5 0.000403
50449.5 0.000403
50549.5 0.000403
50649.5 0.000403
50749.5 0.000403
50849.5 0.000403
50949.5 0.000403
51049.5 0.000403
51149.5 0.000403
51249.5 0.000403
51349.5 0.000403
51449.5 0.000403
51549.5 0.000403
51649.5 0.000403
51749.5 0.000403
51849.5 0.000403
51949.5 0.000403
52049.5 0.000403
52149.5 0.000403
52249.5 0.000403
52349.5 0.000403
52449.5 0.000402
52549.5 0.000402
52649.5 0.000402
52749.5 0.000402
52849.5 0.000402
52949.5 0.000402
53049.5 0.000402
53149.5 0.000402
53249.5 0.000402
53349.5 0.000402
53449.5 0.000402
53549.5 0.000402
53649.5 0.000402
53749.5 0.000402
53849.5 0.000402
53949.5 0.000402
54049.5 0.000402
54149.5 0.000402
54249.5 0.000402
54349.5 0.000402
54449.5 0.000402
54549.5 0.000402
54649.5 0.000402
54749.5 0.000402
54849.5 0.000402
54949.5 0.000401
55049.5 0.000401
55149.5 0.000401
55249.5 0.000401
55349.5 0.000401
55449.5 0.000401
55549.5 0.000401
55649.5 0.000401
55749.5 0.000401
55849.5 0.000401
55949.5 0.000401
56049.5 0.000401
56149.5 0.000401
56249.5 0.000401
56349.5 0.000401
56449.5 0.000401
56549.5 0.000401
56649.5 0.000401
56749.5 0.000401
56849.5 0.000401
56949.5 0.000401
57049.5 0.000401
57149.5 0.000401
57249.5 0.000401
57349.5 4e-04
57449.5 4e-04
57549.5 4e-04
57649.5 4e-04
57749.5 4e-04
57849.5 4e-04
57949.5 4e-04
58049.5 4e-04
58149.5 4e-04
58249.5 4e-04
58349.5 4e-04
58449.5 4e-04
58549.5 4e-04
58649.5 4e-04
58749.5 4e-04
58849.5 4e-04
58949.5 4e-04
59049.5 4e-04
59149.5 4e-04
59249.5 4e-04
59349.5 4e-04
59449.5 4e-04
59549.5 4e-04
59649.5 4e-04
59749.5 0.000399
59849.5 0.000399
59949.5 0.000399
60049.5 0.000399
60149.5 0.000399
60249.5 0.000399
60349.5 0.000399
60449.5 0.000399
60549.5 0.000399
60649.5 0.000399
60749.5 0.000399
60849.5 0.000399
60949.5 0.000399
61049.5 0.000399
61149.5 0.000399
61249.5 0.000399
61349.5 0.000399
61449.5 0.000399
61549.5 0.000399
61649.5 0.000399
61749.5 0.000399
61849.5 0.000399
61949.5 0.000399
62049.5 0.000399
62149.5 0.000399
62249.5 0.000399
62349.5 0.000399
62449.5 0.000397
62549.5 0.000397
62649.5 0.000397
62749.5 0.000397
62849.5 0.000397
62949.5 0.000397
63049.5 0.000397
63149.5 0.000397
63249.5 0.000397
63349.5 0.000397
63449.5 0.000397
63549.5 0.000397
63649.5 0.000397
63749.5 0.000397
63849.5 0.000397
63949.5 0.000397
64049.5 0.000397
64149.5 0.000397
64249.5 0.000397
64349.5 0.000397
64449.5 0.000397
64549.5 0.000397
64649.5 0.000397
64749.5 0.000397
64849.5 0.000397
64949.5 0.000397
65049.5 0.000397
65149.5 0.000397
65249.5 0.000397
65349.5 0.000397
65449.5 0.000397
65549.5 0.000396
65649.5 0.000396
65749.5 0.000396
65849.5 0.000396
65949.5 0.000396
66049.5 0.000396
66149.5 0.000396
66249.5 0.000396
66349.5 0.000396
66449.5 0.000396
66549.5 0.000396
66649.5 0.000396
66749.5 0.000396
66849.5 0.000396
66949.5 0.000396
67049.5 0.000396
67149.5 0.000396
67249.5 0.000396
67349.5 0.000396
67449.5 0.000396
67549.5 0.000396
67649.5 0.000396
67749.5 0.000396
67849.5 0.000396
67949.5 0.000396
68049.5 0.000396
68149.5 0.000396
68249.5 0.000396
68349.5 0.000396
68449.5 0.000396
68549.5 0.000396
68649.5 0.000396
68749.5 0.000395
68849.5 0.000395
68949.5 0.000395
69049.5 0.000395
69149.5 0.000395
69249.5 0.000395
69349.5 0.000395
69449.5 0.000395
69549.5 0.000395
69649.5 0.000395
69749.5 0.000395
69849.5 0.000395
69949.5 0.000395
70049.5 0.000395
70149.5 0.000395
70249.5 0.000395
70349.5 0.000395
70449.5 0.000395
70549.5 0.000395
70649.5 0.000395
70749.5 0.000395
70849.5 0.000395
70949.5 0.000395
71049.5 0.000395
71149.5 0.000395
71249.5 0.000395
71349.5 0.000395
71449.5 0.000395
71549.5 0.000395
71649.5 0.000395
71749.5 0.000395
71849.5 0.000395
71949.5 0.000395
72049.5 0.000394
72149.5 0.000394
72249.5 0.000394
72349.5 0.000394
72449.5 0.000394
72549.5 0.000394
72649.5 0.000394
72749.5 0.000394
72849.5 0.000394
72949.5 0.000394
73049.5 0.000394
73149.5 0.000394
73249.5 0.000394
73349.5 0.000394
73449.5 0.000394
73549.5 0.000394
73649.5 0.000394
73749.5 0.000394
73849.5 0.000394
73949.5 0.000394
74049.5 0.000394
74149.5 0.000394
74249.5 0.000394
74349.5 0.000394
74449.5 0.000394
74549.5 0.000394
74649.5 0.000394
74749.5 0.000394
74849.5 0.000394
74949.5 0.000394
75049.5 0.000394
75149.5 0.000393
75249.5 0.000393
75349.5 0.000393
75449.5 0.000393
75549.5 0.000393
75649.5 0.000393
75749.5 0.000393
75849.5 0.000393
75949.5 0.000393
76049.5 0.000393
76149.5 0.000393
76249.5 0.000393
76349.5 0.000393
76449.5 0.000393
76549.5 0.000393
76649.5 0.000393
76749.5 0.000393
76849.5 0.000393
76949.5 0.000393
77049.5 0.000393
77149.5 0.000393
77249.5 0.000393
77349.5 0.000393
77449.5 0.000393
77549.5 0.000393
77649.5 0.000393
77749.5 0.000393
77849.5 0.000393
77949.5 0.000393
78049.5 0.000393
78149.5 0.000393
78249.5 0.000393
78349.5 0.000393
78449.5 0.000393
78549.5 0.000391
78649.5 0.000391
78749.5 0.000391
78849.5 0.000391
78949.5 0.000391
79049.5 0.000391
79149.5 0.000391
79249.5 0.000391
79349.5 0.000391
79449.5 0.000391
79549.5 0.000391
79649.5 0.000391
79749.5 0.000391
79849.5 0.000391
79949.5 0.000391
80049.5 0.000391
80149.5 0.000391
80249.5 0.000391
80349.5 0.000391
80449.5 0.000391
80549.5 0.000391
80649.5 0.000391
80749.5 0.000391
80849.5 0.000391
80949.5 0.000391
81049.5 0.000391
81149.5 0.000391
81249.5 0.000391
81349.5 0.000391
81449.5 0.000391
81549.5 0.000391
81649.5 0.000391
81749.5 0.000391
81849.5 0.000391
81949.5 0.000391
82049.5 0.000391
82149.5 0.000391
82249.5 0.000391
82349.5 0.00039
82449.5 0.00039
82549.5 0.00039
82649.5 0.00039
82749.5 0.00039
82849.5 0.00039
82949.5 0.00039
83049.5 0.00039
83149.5 0.00039
83249.5 0.00039
83349.5 0.00039
83449.5 0.00039
83549.5 0.00039
83649.5 0.00039
83749.5 0.00039
83849.5 0.00039
83949.5 0.00039
84049.5 0.00039
84149.5 0.00039
84249.5 0.00039
84349.5 0.00039
84449.5 0.00039
84549.5 0.00039
84649.5 0.00039
84749.5 0.00039
84849.5 0.00039
84949.5 0.00039
85049.5 0.00039
85149.5 0.00039
85249.5 0.00039
85349.5 0.00039
85449.5 0.00039
85549.5 0.00039
85649.5 0.00039
85749.5 0.00039
85849.5 0.00039
85949.5 0.00039
86049.5 0.00039
86149.5 0.00039
86249.5 0.000389
86349.5 0.000389
86449.5 0.000389
86549.5 0.000389
86649.5 0.000389
86749.5 0.000389
86849.5 0.000389
86949.5 0.000389
87049.5 0.000389
87149.5 0.000389
87249.5 0.000389
87349.5 0.000389
87449.5 0.000389
87549.5 0.000389
87649.5 0.000389
87749.5 0.000389
87849.5 0.000389
87949.5 0.000389
88049.5 0.000389
88149.5 0.000389
88249.5 0.000389
88349.5 0.000389
88449.5 0.000389
88549.5 0.000389
88649.5 0.000389
88749.5 0.000389
88849.5 0.000389
88949.5 0.000389
89049.5 0.000389
89149.5 0.000389
89249.5 0.000389
89349.5 0.000389
89449.5 0.000389
89549.5 0.000389
89649.5 0.000389
89749.5 0.000389
89849.5 0.000389
89949.5 0.000389
90049.5 0.000389
90149.5 0.000389
90249.5 0.000389
90349.5 0.000389
90449.5 0.000389
90549.5 0.000389
90649.5 0.000389
90749.5 0.000389
90849.5 0.000389
90949.5 0.000389
91049.5 0.000388
91149.5 0.000388
91249.5 0.000388
91349.5 0.000388
91449.5 0.000388
91549.5 0.000388
91649.5 0.000388
91749.5 0.000388
91849.5 0.000388
91949.5 0.000388
92049.5 0.000388
92149.5 0.000388
92249.5 0.000388
92349.5 0.000388
92449.5 0.000388
92549.5 0.000388
92649.5 0.000388
92749.5 0.000388
92849.5 0.000388
92949.5 0.000388
93049.5 0.000388
93149.5 0.000388
93249.5 0.000388
93349.5 0.000388
93449.5 0.000388
93549.5 0.000388
93649.5 0.000388
93749.5 0.000388
93849.5 0.000388
93949.5 0.000388
94049.5 0.000388
94149.5 0.000388
94249.5 0.000388
94349.5 0.000388
94449.5 0.000388
94549.5 0.000388
94649.5 0.000388
94749.5 0.000388
94849.5 0.000388
94949.5 0.000388
95049.5 0.000388
95149.5 0.000388
95249.5 0.000388
95349.5 0.000388
95449.5 0.000388
95549.5 0.000388
95649.5 0.000388
95749.5 0.000388
95849.5 0.000388
95949.5 0.000388
96049.5 0.000388
96149.5 0.000388
96249.5 0.000388
96349.5 0.000388
96449.5 0.000387
96549.5 0.000387
96649.5 0.000387
96749.5 0.000387
96849.5 0.000387
96949.5 0.000387
97049.5 0.000387
97149.5 0.000387
97249.5 0.000387
97349.5 0.000387
97449.5 0.000387
97549.5 0.000387
97649.5 0.000387
97749.5 0.000387
97849.5 0.000387
97949.5 0.000387
98049.5 0.000387
98149.5 0.000387
98249.5 0.000387
98349.5 0.000387
98449.5 0.000387
98549.5 0.000387
98649.5 0.000387
98749.5 0.000387
98849.5 0.000387
98949.5 0.000387
99049.5 0.000387
99149.5 0.000387
99249.5 0.000387
99349.5 0.000387
99449.5 0.000387
99549.5 0.000387
99649.5 0.000387
99749.5 0.000387
99849.5 0.000387
99949.5 0.000387
100049.5 0.000387
100149.5 0.000387
100249.5 0.000387
100349.5 0.000387
100449.5 0.000387
100549.5 0.000387
100649.5 0.000387
100749.5 0.000387
100849.5 0.000387
100949.5 0.000387
101049.5 0.000387
101149.5 0.000387
101249.5 0.000387
101349.5 0.000387
101449.5 0.000387
101549.5 0.000387
101649.5 0.000387
101749.5 0.000387
101849.5 0.000387
101949.5 0.000387
102049.5 0.000387
102149.5 0.000387
102249.5 0.000387
102349.5 0.000385
102449.5 0.000385
102549.5 0.000385
9999982445 0.000335
-END-OF-DATA-
