   1.6039093e-02
   1.1261360e-02
   6.8399331e-03
   4.7787013e-03
   4.1185945e-03
   1.9178076e-03
  -4.6237323e-04
  -3.8454388e-03
  -7.9514487e-03
  -1.7516443e-02
  -3.7287726e-02
  -0.0000000e+00
  -0.0000000e+00
  -0.0000000e+00
   0.0000000e+00
   0.0000000e+00
   0.0000000e+00
   0.0000000e+00
   0.0000000e+00
   0.0000000e+00
   0.0000000e+00
   0.0000000e+00
   0.0000000e+00
   0.0000000e+00
   0.0000000e+00
   0.0000000e+00
   0.0000000e+00
   0.0000000e+00
   0.0000000e+00
   0.0000000e+00
   0.0000000e+00
   0.0000000e+00
   0.0000000e+00
   0.0000000e+00
   5.0196852e-02
   2.4933630e-02
   6.9175391e-03
   1.6882974e-03
  -4.7526829e-04
  -1.3230902e-03
  -1.7118357e-03
  -2.7755874e-03
  -4.7111865e-03
  -7.6410733e-03
  -9.3118232e-03
  -1.1497932e-02
  -1.0128672e-02
   0.0000000e+00
   0.0000000e+00
  -0.0000000e+00
  -0.0000000e+00
  -0.0000000e+00
   0.0000000e+00
   0.0000000e+00
   0.0000000e+00
   0.0000000e+00
   0.0000000e+00
   0.0000000e+00
   0.0000000e+00
   0.0000000e+00
   0.0000000e+00
   0.0000000e+00
   0.0000000e+00
   0.0000000e+00
   0.0000000e+00
   0.0000000e+00
   0.0000000e+00
   0.0000000e+00
   0.0000000e+00
   0.0000000e+00
   2.7627433e-02
   1.3361532e-02
  -5.6250584e-03
  -6.7608962e-03
  -5.9383218e-03
  -4.7293496e-03
  -4.5529418e-03
  -6.4659710e-03
  -1.0296376e-02
  -1.3781238e-02
  -1.5630487e-02
  -1.4911162e-02
  -1.3143588e-02
  -1.1678926e-02
   0.0000000e+00
   0.0000000e+00
   0.0000000e+00
   0.0000000e+00
   0.0000000e+00
   0.0000000e+00
   0.0000000e+00
   0.0000000e+00
   0.0000000e+00
   0.0000000e+00
   0.0000000e+00
   0.0000000e+00
   1.3315076e-02
   1.7839559e-03
   0.0000000e+00
   0.0000000e+00
   0.0000000e+00
   0.0000000e+00
   0.0000000e+00
   0.0000000e+00
   0.0000000e+00
   0.0000000e+00
   7.1272776e-03
  -5.6677510e-04
  -1.4190292e-02
  -1.1532662e-02
  -8.0748675e-03
  -5.6535592e-03
  -5.5888020e-03
  -9.6049914e-03
  -1.5161008e-02
  -1.9401811e-02
  -2.0917872e-02
  -1.9617969e-02
  -1.4253326e-02
  -1.1877701e-02
   0.0000000e+00
   0.0000000e+00
   0.0000000e+00
   0.0000000e+00
   0.0000000e+00
   0.0000000e+00
   0.0000000e+00
   0.0000000e+00
   0.0000000e+00
   0.0000000e+00
   0.0000000e+00
   0.0000000e+00
   1.1782089e-02
  -5.2325984e-04
  -1.0724144e-02
  -1.5106386e-02
   0.0000000e+00
   0.0000000e+00
   0.0000000e+00
   0.0000000e+00
   0.0000000e+00
   3.3609431e-03
  -5.5308398e-03
  -1.1935706e-02
  -1.7596707e-02
  -1.2581713e-02
  -7.8887269e-03
  -5.2175424e-03
  -6.2998673e-03
  -1.1585971e-02
  -1.8088499e-02
  -2.2202259e-02
  -2.2614330e-02
  -1.9482033e-02
  -1.2475099e-02
  -3.6990321e-03
   0.0000000e+00
   0.0000000e+00
   0.0000000e+00
   0.0000000e+00
   0.0000000e+00
   0.0000000e+00
   0.0000000e+00
   0.0000000e+00
   0.0000000e+00
   0.0000000e+00
   0.0000000e+00
   2.1202002e-02
   1.3307425e-02
  -2.0982027e-03
  -1.1715062e-02
  -1.3757911e-02
  -4.5719400e-03
  -0.0000000e+00
  -0.0000000e+00
   0.0000000e+00
   2.5828978e-03
  -2.6267443e-03
  -1.5010753e-02
  -1.9240161e-02
  -1.5633659e-02
  -1.0416876e-02
  -5.9264184e-03
  -4.0876002e-03
  -6.0380314e-03
  -1.1114654e-02
  -1.6246966e-02
  -1.8589237e-02
  -1.8125672e-02
  -1.4752066e-02
  -8.3023110e-03
   1.5280741e-03
   1.0073345e-02
   0.0000000e+00
   0.0000000e+00
   0.0000000e+00
   0.0000000e+00
   0.0000000e+00
   0.0000000e+00
   0.0000000e+00
   0.0000000e+00
   0.0000000e+00
   0.0000000e+00
   2.4173676e-02
   8.4923399e-03
  -5.2706663e-03
  -1.2019762e-02
  -1.0756937e-02
  -2.5106791e-03
   4.5689226e-03
   5.4514330e-03
   0.0000000e+00
   3.7867141e-04
  -7.8395433e-03
  -1.9487304e-02
  -1.9472538e-02
  -9.6984608e-03
  -5.9413332e-03
  -2.8668023e-03
  -1.8743158e-03
  -3.3519496e-03
  -6.8498026e-03
  -9.5929317e-03
  -1.1006842e-02
  -1.0645309e-02
  -8.5847024e-03
  -3.5877132e-03
   6.1361422e-03
   1.3123982e-02
   0.0000000e+00
   0.0000000e+00
   0.0000000e+00
   0.0000000e+00
   0.0000000e+00
   0.0000000e+00
   0.0000000e+00
   0.0000000e+00
   0.0000000e+00
   0.0000000e+00
   1.8988585e-02
  -8.4261742e-04
  -7.3330188e-03
  -1.1040702e-02
  -7.2751120e-03
   4.5836973e-04
   9.6879760e-03
   8.0655627e-03
   6.1901519e-03
  -7.7699078e-05
  -9.8344767e-03
  -1.5863858e-02
  -1.3490014e-02
  -2.5067106e-03
  -5.3127453e-04
   1.5869429e-03
   2.5243140e-03
   2.3536277e-03
   5.4346700e-04
  -1.4819683e-03
  -3.5134202e-03
  -4.3604783e-03
  -3.5781825e-03
   6.0518098e-05
   1.0211411e-02
   2.1268633e-02
   0.0000000e+00
   0.0000000e+00
   0.0000000e+00
   0.0000000e+00
   0.0000000e+00
   0.0000000e+00
   0.0000000e+00
   0.0000000e+00
   0.0000000e+00
  -2.1449280e-03
   9.9513701e-03
  -2.3874023e-03
  -3.1802242e-03
  -5.6449116e-03
  -7.8072786e-04
   4.0616127e-03
   9.9481118e-03
   5.1217079e-03
   4.4081751e-03
  -1.0134821e-03
  -5.4988163e-03
  -7.3751686e-03
  -4.8569752e-03
   2.3180600e-03
   3.9584297e-03
   6.0310131e-03
   7.1826745e-03
   7.1807047e-03
   5.4692994e-03
   2.9327741e-03
   1.9719861e-04
  -1.3598622e-03
  -8.7263668e-04
   2.7730181e-03
   1.3608832e-02
   2.6328951e-02
   0.0000000e+00
   0.0000000e+00
   0.0000000e+00
   0.0000000e+00
   0.0000000e+00
   0.0000000e+00
   0.0000000e+00
   0.0000000e+00
  -0.0000000e+00
   5.7479582e-03
   5.3579573e-03
   2.6087014e-03
   4.8230135e-03
   3.9819588e-03
   6.5590411e-03
   0.0000000e+00
   6.5191739e-03
   4.5560948e-03
   6.0746334e-03
   4.3769907e-03
   1.4278237e-03
  -1.2419195e-03
   5.9811136e-04
   7.1866168e-03
   8.9651477e-03
   1.0720065e-02
   1.1428230e-02
   1.0470181e-02
   7.8176130e-03
   4.6204561e-03
   1.6269275e-03
   1.4708853e-04
   1.0028791e-03
   5.7996125e-03
   1.7811807e-02
   3.2775238e-02
   0.0000000e+00
   0.0000000e+00
   0.0000000e+00
   0.0000000e+00
   0.0000000e+00
   0.0000000e+00
   0.0000000e+00
   0.0000000e+00
   0.0000000e+00
   8.9488029e-03
   5.5618822e-03
   1.0482110e-02
   1.6100667e-02
   0.0000000e+00
   1.4863200e-02
   0.0000000e+00
   5.0792916e-03
   9.2846323e-03
   1.1947475e-02
   1.0068780e-02
   5.5808323e-03
   3.1472556e-03
   5.5914880e-03
   9.6584074e-03
   1.1040718e-02
   1.2174531e-02
   1.1899443e-02
   9.6830875e-03
   6.1456002e-03
   2.9023315e-03
   4.9401907e-04
  -7.5148520e-05
   1.9660979e-03
   8.3737615e-03
   2.2190697e-02
   3.7831056e-02
   0.0000000e+00
   0.0000000e+00
   0.0000000e+00
   0.0000000e+00
   0.0000000e+00
   0.0000000e+00
   0.0000000e+00
   0.0000000e+00
   0.0000000e+00
   8.4907617e-03
   8.6323144e-03
   1.4416022e-02
   7.2840874e-03
   1.1470736e-02
   1.6010374e-02
   0.0000000e+00
   0.0000000e+00
   1.2100728e-02
   1.3789602e-02
   1.0625133e-02
   6.0545425e-03
   5.3096260e-03
   8.0501782e-03
   9.8522911e-03
   1.0109278e-02
   9.8182987e-03
   7.7777938e-03
   4.3311454e-03
   1.0389800e-03
  -1.0240802e-03
  -1.5040020e-03
  -2.7355674e-04
   3.7762108e-03
   1.2670937e-02
   2.8452961e-02
   3.9629018e-02
   2.1893614e-02
   1.6341437e-02
   0.0000000e+00
   0.0000000e+00
   0.0000000e+00
   0.0000000e+00
   0.0000000e+00
   0.0000000e+00
   0.0000000e+00
   8.1605809e-03
   1.1852670e-02
   1.5576081e-02
   1.3120350e-02
   1.4798367e-02
   1.7953679e-02
   0.0000000e+00
   0.0000000e+00
   1.1635404e-02
   1.2411476e-02
   8.9964215e-03
   5.8263750e-03
   6.4182836e-03
   8.7623717e-03
   6.8213595e-03
   5.2772267e-03
   3.0787513e-03
   2.3057240e-04
  -2.4082034e-03
  -3.7844095e-03
  -3.6631445e-03
  -2.0889349e-03
   8.7102840e-04
   6.7861127e-03
   1.7486675e-02
   3.1854939e-02
   3.5622634e-02
   2.6465768e-02
   2.7788493e-02
   0.0000000e+00
   0.0000000e+00
   0.0000000e+00
   0.0000000e+00
   0.0000000e+00
  -0.0000000e+00
   3.4616934e-03
   8.4401546e-03
   1.4446463e-02
   1.6209200e-02
   1.6284393e-02
   1.8069430e-02
   1.9102326e-02
   0.0000000e+00
   0.0000000e+00
   9.8557901e-03
   1.0741042e-02
   7.3555289e-03
   5.4103206e-03
   6.1636409e-03
   7.2894641e-03
   1.9048876e-04
  -2.4157306e-03
  -4.7343764e-03
  -6.1918702e-03
  -6.5307710e-03
  -5.6005744e-03
  -3.7646396e-03
  -1.0961122e-03
   2.7122940e-03
   9.1594430e-03
   1.9267004e-02
   2.9333306e-02
   3.2360740e-02
   3.1456501e-02
   0.0000000e+00
   0.0000000e+00
   0.0000000e+00
   0.0000000e+00
   0.0000000e+00
   0.0000000e+00
  -4.3807887e-03
   3.4063419e-03
   1.2748867e-02
   1.7058743e-02
   1.6929153e-02
   1.8387685e-02
   2.1986899e-02
   0.0000000e+00
   0.0000000e+00
   1.0101226e-02
   9.8302523e-03
   8.7278448e-03
   4.8247869e-03
   3.1204249e-03
   2.8479828e-03
   2.1899736e-03
  -9.0070227e-03
  -1.0585173e-02
  -1.1339451e-02
  -1.1094116e-02
  -9.8991729e-03
  -8.0911648e-03
  -5.4313871e-03
  -1.5819556e-03
   3.0019921e-03
   9.0319226e-03
   1.7074360e-02
   2.3486935e-02
   2.6220517e-02
   0.0000000e+00
   0.0000000e+00
   0.0000000e+00
   0.0000000e+00
   0.0000000e+00
   0.0000000e+00
  -0.0000000e+00
  -6.9955333e-03
   5.9278067e-03
   1.6587131e-02
   1.8770309e-02
   1.8275416e-02
   1.8409107e-02
   1.8296944e-02
   0.0000000e+00
   0.0000000e+00
   6.6424944e-03
   5.9021548e-03
   1.8796879e-03
  -1.8823912e-03
  -3.9003051e-03
  -5.4065031e-03
  -7.0546181e-03
  -1.7798526e-02
  -1.8975444e-02
  -1.9431971e-02
  -1.9234968e-02
  -1.8497612e-02
  -1.7149491e-02
  -1.4639508e-02
  -1.0082534e-02
  -4.1127838e-03
   2.4661378e-03
   9.2649544e-03
   1.4130616e-02
   1.5779778e-02
   0.0000000e+00
   0.0000000e+00
   0.0000000e+00
   0.0000000e+00
   0.0000000e+00
   0.0000000e+00
  -0.0000000e+00
  -1.3716497e-02
   3.9583244e-03
   1.3707753e-02
   1.6153183e-02
   1.5900696e-02
   1.3964017e-02
   1.3143333e-02
   0.0000000e+00
   0.0000000e+00
  -2.2462890e-03
  -3.4742486e-03
  -7.3932935e-03
  -1.0450453e-02
  -1.2640978e-02
  -1.4618978e-02
  -1.6274489e-02
  -1.8681848e-02
  -2.0222716e-02
  -2.2055650e-02
  -2.4234958e-02
  -2.6376953e-02
  -2.7267372e-02
  -2.6380893e-02
  -2.3030490e-02
  -1.7313620e-02
  -1.0551947e-02
  -4.4309562e-03
   5.0120440e-04
   4.3352884e-03
   0.0000000e+00
   0.0000000e+00
   0.0000000e+00
   0.0000000e+00
   0.0000000e+00
   0.0000000e+00
  -0.0000000e+00
  -2.3802424e-02
  -5.2629840e-03
   5.4116552e-03
   8.9087375e-03
   9.0203863e-03
   6.8576694e-03
   4.6344684e-03
   0.0000000e+00
  -0.0000000e+00
  -8.4375730e-03
  -9.6777407e-03
  -1.2102103e-02
  -1.3926134e-02
  -1.5229208e-02
  -1.6429219e-02
  -1.7478947e-02
  -6.6394062e-03
  -7.2721178e-03
  -8.4951910e-03
  -1.0525928e-02
  -1.3530285e-02
  -1.6657123e-02
  -1.9165860e-02
  -2.0009471e-02
  -1.8887521e-02
  -1.6716461e-02
  -1.4255690e-02
  -1.1423648e-02
  -7.1133194e-03
  -6.3750710e-03
   0.0000000e+00
   0.0000000e+00
   0.0000000e+00
   0.0000000e+00
   0.0000000e+00
  -0.0000000e+00
  -3.1279642e-02
  -1.5715422e-02
  -4.3324730e-03
   3.6242463e-04
   1.4898114e-03
  -4.5222705e-05
  -2.8978417e-03
   0.0000000e+00
  -0.0000000e+00
  -8.5847451e-03
  -7.1771132e-03
  -6.9355854e-03
  -6.6810042e-03
  -6.4442243e-03
  -6.3024728e-03
  -6.3316116e-03
   1.0143123e-02
   1.0610105e-02
   1.0186978e-02
   8.4551730e-03
   4.9331378e-03
   4.9545674e-04
  -4.0374147e-03
  -7.8295907e-03
  -1.0608574e-02
  -1.3134707e-02
  -1.5932092e-02
  -1.8513802e-02
  -1.7902719e-02
  -6.0624765e-03
   0.0000000e+00
   0.0000000e+00
   0.0000000e+00
   0.0000000e+00
   0.0000000e+00
   0.0000000e+00
  -2.9041405e-02
  -2.2191982e-02
  -1.0846002e-02
  -6.0571411e-03
  -4.4702538e-03
  -4.3886792e-03
  -8.1536490e-03
  -1.2277896e-02
  -1.0631565e-02
  -5.7212094e-03
   1.4138361e-03
   4.5567406e-03
   6.3546278e-03
   7.5194743e-03
   8.4926234e-03
   9.3511546e-03
   1.6098347e-02
   1.7279606e-02
   1.6703954e-02
   1.3729458e-02
   8.0792075e-03
   1.4333366e-03
  -5.1525286e-03
  -1.1267959e-02
  -1.6562672e-02
  -2.2060478e-02
  -2.7440444e-02
  -2.9952103e-02
  -2.7336765e-02
  -1.8664297e-02
   0.0000000e+00
   0.0000000e+00
   0.0000000e+00
   0.0000000e+00
   0.0000000e+00
   0.0000000e+00
  -2.5138344e-02
  -3.1834830e-02
  -1.9938370e-02
  -1.3534581e-02
  -1.1625636e-02
  -8.4015355e-03
  -7.3502110e-03
  -9.2364028e-03
  -1.6050136e-02
  -1.4342560e-02
  -5.8230298e-04
   5.8470704e-03
   9.3792109e-03
   1.1279750e-02
   1.2765757e-02
   1.4332367e-02
   6.2572230e-03
   6.9564199e-03
   6.1773546e-03
   3.3742462e-03
  -1.4672197e-03
  -6.9371280e-03
  -1.2408992e-02
  -1.7878398e-02
  -2.2760702e-02
  -2.8067861e-02
  -3.4409795e-02
  -3.9607253e-02
  -4.2414032e-02
  -3.7634944e-02
   0.0000000e+00
   0.0000000e+00
   0.0000000e+00
   0.0000000e+00
   0.0000000e+00
   0.0000000e+00
  -0.0000000e+00
  -3.1974752e-02
  -2.9803334e-02
  -2.2198664e-02
  -2.1407552e-02
  -1.4973543e-02
  -6.8143979e-03
  -2.3481820e-03
  -1.3122771e-02
  -2.5740117e-02
  -1.1494640e-02
  -2.0894802e-03
   3.4296524e-03
   5.1069222e-03
   5.2986057e-03
   5.4618223e-03
  -6.0084411e-03
  -4.0574959e-03
  -2.5202311e-03
  -3.1407007e-03
  -5.8998647e-03
  -9.2899809e-03
  -1.2661374e-02
  -1.6246608e-02
  -2.0014737e-02
  -2.5043195e-02
  -3.3105582e-02
  -4.3535542e-02
  -5.6706287e-02
  -6.3532089e-02
   0.0000000e+00
   0.0000000e+00
   0.0000000e+00
   0.0000000e+00
   0.0000000e+00
   0.0000000e+00
  -0.0000000e+00
  -0.0000000e+00
  -3.0778489e-02
  -3.0149205e-02
  -3.2172099e-02
  -2.6288407e-02
  -1.1308470e-02
   3.9410292e-03
  -1.0470542e-02
  -2.6945731e-02
  -2.2052377e-02
  -1.4076565e-02
  -5.6406902e-03
  -3.0298471e-03
  -4.2631784e-03
  -5.9237056e-03
  -1.3385630e-02
  -1.0510581e-02
  -5.4047275e-03
  -2.2656263e-03
  -2.7322164e-03
  -5.1959390e-03
  -8.1122136e-03
  -1.0926628e-02
  -1.3716540e-02
  -1.8169072e-02
  -2.6724752e-02
  -3.9560005e-02
  -5.7374656e-02
  -6.9287704e-02
  -5.3763017e-02
   0.0000000e+00
   0.0000000e+00
   0.0000000e+00
   0.0000000e+00
   0.0000000e+00
   0.0000000e+00
   0.0000000e+00
  -0.0000000e+00
  -3.2034818e-02
  -3.9467081e-02
  -3.6700305e-02
  -2.1862562e-02
   2.9466652e-03
   0.0000000e+00
  -0.0000000e+00
  -2.4706315e-02
  -2.2110993e-02
  -1.2857025e-02
  -8.0168871e-03
  -9.1766398e-03
  -1.2041203e-02
  -1.7404601e-02
  -1.6008716e-02
  -9.4651114e-03
  -2.3200312e-03
   4.9180730e-04
  -1.2559075e-03
  -4.7726850e-03
  -8.2402267e-03
  -1.0647578e-02
  -1.3339410e-02
  -1.9749714e-02
  -3.1481419e-02
  -4.9989097e-02
  -6.8001941e-02
  -5.7275098e-02
   0.0000000e+00
   0.0000000e+00
   0.0000000e+00
   0.0000000e+00
   0.0000000e+00
   0.0000000e+00
   0.0000000e+00
  -0.0000000e+00
  -2.8213911e-02
  -3.8562462e-02
  -4.0327381e-02
  -3.3307056e-02
   0.0000000e+00
   0.0000000e+00
  -1.5251703e-02
  -2.2070901e-02
  -2.4190214e-02
  -1.7007487e-02
  -1.1124851e-02
  -1.1184685e-02
  -1.4460883e-02
  -1.8849602e-02
  -2.0199277e-02
  -1.5673533e-02
  -6.7267767e-03
   6.1473198e-04
   1.3801632e-03
  -1.8482957e-03
  -6.2158578e-03
  -9.0683503e-03
  -1.0459980e-02
  -1.3428274e-02
  -2.1293830e-02
  -3.6429349e-02
  -6.0372647e-02
  -6.0053851e-02
   0.0000000e+00
   0.0000000e+00
   0.0000000e+00
   0.0000000e+00
   0.0000000e+00
   0.0000000e+00
   0.0000000e+00
  -0.0000000e+00
  -0.0000000e+00
  -0.0000000e+00
  -3.6503956e-02
  -3.8751634e-02
   0.0000000e+00
   0.0000000e+00
  -8.2579326e-03
  -1.9068953e-02
  -2.2411469e-02
  -1.8206535e-02
  -1.2547811e-02
  -1.1667582e-02
  -1.4597730e-02
  -1.6205577e-02
  -1.9512502e-02
  -1.8254485e-02
  -1.1605053e-02
  -2.4309438e-03
   1.8435746e-03
   4.6985247e-04
  -3.9151320e-03
  -7.2065983e-03
  -8.7048300e-03
  -9.3794279e-03
  -1.2961729e-02
  -2.2392558e-02
  -4.3329075e-02
  -5.3110208e-02
   0.0000000e+00
   0.0000000e+00
   0.0000000e+00
   0.0000000e+00
   0.0000000e+00
   0.0000000e+00
   0.0000000e+00
  -0.0000000e+00
   0.0000000e+00
   0.0000000e+00
  -2.5652107e-02
  -4.3022912e-02
   0.0000000e+00
   0.0000000e+00
  -3.1913498e-03
  -1.6338438e-02
  -1.7509613e-02
  -1.4395416e-02
  -9.9792294e-03
  -8.7708961e-03
  -1.1518275e-02
  -1.0584569e-02
  -1.4852551e-02
  -1.5282341e-02
  -1.1517899e-02
  -4.1778451e-03
   1.7504228e-03
   2.0566136e-03
  -1.7606110e-03
  -5.0492007e-03
  -6.7329477e-03
  -6.7119529e-03
  -7.7048610e-03
  -1.2785707e-02
  -2.7594745e-02
  -4.0831331e-02
   0.0000000e+00
   0.0000000e+00
   0.0000000e+00
   0.0000000e+00
   0.0000000e+00
   0.0000000e+00
  -0.0000000e+00
  -0.0000000e+00
   0.0000000e+00
   0.0000000e+00
  -0.0000000e+00
  -0.0000000e+00
   0.0000000e+00
   0.0000000e+00
   0.0000000e+00
   0.0000000e+00
  -1.1085158e-02
  -4.7411798e-03
  -2.5075572e-03
  -2.6856442e-03
  -5.6344504e-03
  -1.2810603e-03
  -5.8551049e-03
  -6.2548583e-03
  -3.7079083e-03
   4.7938077e-04
   4.9959747e-03
   5.7435399e-03
   2.1525992e-03
  -1.4239878e-03
  -2.7239516e-03
  -2.0009393e-03
  -8.3880412e-04
  -2.4915310e-03
  -1.0349065e-02
  -2.0726171e-02
   0.0000000e+00
   0.0000000e+00
   0.0000000e+00
   0.0000000e+00
   0.0000000e+00
  -0.0000000e+00
  -0.0000000e+00
   0.0000000e+00
   0.0000000e+00
   0.0000000e+00
   0.0000000e+00
   0.0000000e+00
  -0.0000000e+00
   0.0000000e+00
   0.0000000e+00
  -0.0000000e+00
  -7.9671033e-03
   8.6848736e-03
   1.2739684e-02
   9.5302928e-03
   4.1336836e-03
   6.2474576e-03
   2.0425692e-03
   2.7190553e-03
   6.8651293e-03
   1.0455073e-02
   1.2487829e-02
   1.1686400e-02
   7.1060895e-03
   2.9025268e-03
   2.2011397e-03
   4.4472036e-03
   7.8140283e-03
   8.3144680e-03
   3.4911169e-03
  -7.4446622e-03
   0.0000000e+00
   0.0000000e+00
   0.0000000e+00
   0.0000000e+00
  -0.0000000e+00
  -7.3285759e-03
  -1.0078367e-02
   0.0000000e+00
   0.0000000e+00
   0.0000000e+00
   0.0000000e+00
   0.0000000e+00
   0.0000000e+00
  -0.0000000e+00
  -9.2751041e-03
  -1.9896779e-02
  -7.3443344e-03
   1.0483874e-02
   1.8861419e-02
   1.8344572e-02
   1.2448888e-02
   1.2083434e-02
   9.0778163e-03
   1.1356062e-02
   1.8177994e-02
   2.4071556e-02
   2.4860324e-02
   2.1737671e-02
   1.4708732e-02
   8.8464255e-03
   8.0500431e-03
   1.2674535e-02
   2.0127449e-02
   2.4723625e-02
   2.3249185e-02
   1.3735996e-02
   0.0000000e+00
   0.0000000e+00
  -0.0000000e+00
  -1.2263489e-03
  -1.9927634e-03
  -4.7103457e-03
  -5.6552632e-03
   0.0000000e+00
   0.0000000e+00
   0.0000000e+00
   0.0000000e+00
   2.6186433e-03
   3.1351595e-03
   6.2572950e-04
  -5.3066663e-03
  -1.7217027e-02
  -9.6002975e-03
   7.5718421e-03
   1.7408926e-02
   2.0420825e-02
   1.7135702e-02
   1.2685417e-02
   1.1344811e-02
   1.4967997e-02
   2.2822835e-02
   3.0596159e-02
   3.2465968e-02
   2.8320746e-02
   2.0037534e-02
   1.2892453e-02
   1.0902691e-02
   1.6473427e-02
   2.7233690e-02
   3.6635965e-02
   3.9867830e-02
   3.3724204e-02
   2.6763487e-02
   1.3421987e-02
  -0.0000000e+00
   4.4159495e-04
   5.9189537e-04
  -1.0122805e-03
   0.0000000e+00
   0.0000000e+00
   0.0000000e+00
   0.0000000e+00
  -0.0000000e+00
   2.0447197e-03
   2.3658543e-03
   3.2505095e-03
  -2.5718729e-04
  -5.2964021e-03
  -2.3552966e-03
   8.9621806e-03
   1.7039746e-02
   1.9600468e-02
   1.6968120e-02
   9.0724061e-03
   7.6726526e-03
   1.2752526e-02
   2.0070517e-02
   2.6806135e-02
   2.9644117e-02
   2.6369788e-02
   1.9109094e-02
   1.2196958e-02
   9.6482930e-03
   1.4896398e-02
   2.6645306e-02
   3.8864235e-02
   4.6264412e-02
   4.4970319e-02
   3.4524727e-02
   2.1447021e-02
   1.2623876e-02
   3.0208072e-03
   2.4431782e-03
  -0.0000000e+00
   0.0000000e+00
   0.0000000e+00
   0.0000000e+00
   0.0000000e+00
  -0.0000000e+00
  -1.8860485e-03
  -3.3937300e-03
  -1.3937155e-03
   6.5163105e-05
   5.1887921e-04
   2.7613807e-03
   8.4343478e-03
   1.3866085e-02
   1.4645085e-02
   1.2543781e-02
   1.5984311e-03
   7.1376417e-06
   4.6927126e-03
   1.1190230e-02
   1.5075982e-02
   1.7241757e-02
   1.5485235e-02
   1.0580417e-02
   5.8012776e-03
   4.1923355e-03
   8.2145715e-03
   1.8948752e-02
   3.1502925e-02
   4.0772025e-02
   4.3750780e-02
   3.9701555e-02
   3.0046843e-02
   1.8198130e-02
   1.0663475e-02
   9.2907090e-03
   0.0000000e+00
   0.0000000e+00
   0.0000000e+00
   0.0000000e+00
   0.0000000e+00
  -0.0000000e+00
  -6.5801525e-03
  -1.1479468e-02
  -8.9667244e-03
  -5.4862000e-03
  -1.8577081e-03
   1.6649301e-03
   4.3686379e-03
   7.1026487e-03
   6.4458391e-03
   4.2204897e-03
  -7.0531783e-03
  -7.4772867e-03
  -4.8924633e-03
  -9.9003525e-04
   1.8568787e-03
   3.0683298e-03
   2.5203100e-03
   2.6633096e-04
  -2.6648955e-03
  -3.0010864e-03
   4.6695542e-04
   8.1626857e-03
   1.8889790e-02
   2.8517403e-02
   3.3556182e-02
   3.4340817e-02
   3.2201074e-02
   2.6750850e-02
   2.0220958e-02
   1.4909917e-02
   1.2640182e-02
   0.0000000e+00
   0.0000000e+00
   0.0000000e+00
   0.0000000e+00
  -0.0000000e+00
  -8.2190679e-03
  -1.5273279e-02
  -1.3814596e-02
  -1.1665563e-02
  -8.2640415e-03
  -4.8511452e-03
  -2.9335907e-03
  -1.7825717e-03
  -2.2663185e-03
  -4.2669754e-03
  -1.1140752e-02
  -1.1816423e-02
  -1.0414489e-02
  -9.0296762e-03
  -7.2482387e-03
  -6.7743446e-03
  -6.3228165e-03
  -7.2112456e-03
  -8.2181217e-03
  -8.4900353e-03
  -6.7567215e-03
  -1.6548634e-03
   5.2959262e-03
   1.2993850e-02
   1.8800588e-02
   2.2184687e-02
   2.5449924e-02
   2.6424800e-02
   2.3329021e-02
   1.7086739e-02
   1.2382322e-02
   1.0159758e-02
   0.0000000e+00
   0.0000000e+00
   0.0000000e+00
  -2.7961397e-04
  -4.6995719e-03
  -8.2296273e-03
  -9.7868675e-03
  -9.1864428e-03
  -8.3446894e-03
  -7.4861674e-03
  -6.9519920e-03
  -7.2794799e-03
  -7.3396475e-03
  -8.6767002e-03
  -7.5963540e-03
  -8.0714263e-03
  -8.0940388e-03
  -8.1885196e-03
  -8.0447232e-03
  -7.7602006e-03
  -7.5506268e-03
  -7.5800356e-03
  -7.6449153e-03
  -7.7977745e-03
  -7.0921040e-03
  -5.0417001e-03
  -1.6544744e-03
   2.0530602e-03
   4.9071751e-03
   7.2525125e-03
   1.0200026e-02
   1.2576142e-02
   1.3358157e-02
   1.2382563e-02
   9.9129529e-03
   7.5873967e-03
   6.3493370e-03
   5.9534009e-03
   6.0408402e-03
   5.3340055e-03
   4.5398115e-03
   3.6448710e-03
   1.8932601e-03
   2.4073917e-04
  -1.2066724e-03
  -2.5349613e-03
  -3.6879120e-03
  -4.6126022e-03
  -5.4926732e-03
  -6.6604340e-03
