  3.461678e-01
  3.398132e-01
  3.244522e-01
  3.169796e-01
  3.096315e-01
  2.940727e-01
  2.797924e-01
  2.603945e-01
  2.427601e-01
  2.302334e-01
  2.196190e-01
  2.162650e-01
  2.188065e-01
  2.252080e-01
  2.354462e-01
  2.450121e-01
  2.402095e-01
  2.215404e-01
  2.194429e-01
  2.371639e-01
  2.411269e-01
  2.274811e-01
  2.150895e-01
  2.105589e-01
  2.110453e-01
  2.146896e-01
  2.228791e-01
  2.351755e-01
  2.628140e-01
  2.918811e-01
  3.081127e-01
  3.198929e-01
  3.294537e-01
  3.412128e-01
  3.603368e-01
  3.898968e-01
