  -4.5320511e-01
  -4.2253107e-01
  -2.5607523e-01
  -9.4411202e-02
   9.5209561e-02
   8.6627096e-02
  -1.9779520e-01
  -2.9956955e-01
  -4.3351027e-01
  -7.2247124e-01
  -9.1903269e-01
  -9.5600474e-01
  -9.6387863e-01
  -9.2473710e-01
  -9.4640529e-01
  -8.9493829e-01
  -7.9234523e-01
  -7.2897404e-01
  -7.1217591e-01
  -5.6768727e-01
  -4.3761471e-01
  -3.2365635e-01
  -7.3747277e-02
  -9.7845972e-02
  -2.0175107e-01
  -2.7853537e-01
  -3.5462448e-01
  -3.0862477e-01
  -2.3586191e-01
  -1.3692248e-01
  -1.9886546e-02
   9.3168668e-02
   5.8532849e-02
  -2.1750343e-01
  -2.3013926e-01
  -3.0817160e-01
   4.5517158e-02
  -7.0622645e-02
  -3.0004942e-01
  -3.6234286e-01
   2.5378534e-01
  -5.3466433e-01
  -5.5896378e-01
  -5.5626285e-01
  -5.1469493e-01
  -4.6436468e-01
  -4.3279800e-01
  -4.4095570e-01
  -4.7436488e-01
  -4.5443648e-01
  -4.3408063e-01
  -3.8111287e-01
  -3.4541383e-01
  -3.4431747e-01
  -3.0097330e-01
  -1.8141115e-01
  -8.4072679e-02
   1.4921597e-01
   5.6994790e-01
   8.1316161e-01
   8.8681960e-01
   7.8997028e-01
   2.5000635e-01
   3.0840546e-01
   2.4126516e-01
   1.9369364e-01
  -4.3879069e-02
  -2.2692010e-01
   1.2068598e-01
  -5.9019510e-02
  -3.8396871e-01
  -1.9097303e-01
   1.7934054e-01
   2.7883151e-01
   1.2820666e-01
   1.6600432e-01
   2.6253009e-01
   3.3530852e-01
   5.8069694e-01
   8.8436592e-01
   1.1672525e+00
   1.3503264e+00
   1.4315051e+00
   1.4497696e+00
   1.4554430e+00
   1.4166750e+00
   1.4265420e+00
   1.4565845e+00
   1.4471520e+00
   1.3470030e+00
   1.1891474e+00
   1.0493098e+00
   9.9634719e-01
   9.8434806e-01
   8.3577943e-01
   1.3908749e+00
   1.5261505e+00
   1.8219773e+00
   2.0268106e+00
   1.1834409e+00
   8.5157281e-01
   4.2407432e-01
   4.5142412e-01
   5.0295693e-01
   1.8634070e-01
  -1.1256015e-01
   7.4121132e-02
   8.9898698e-02
   4.1034049e-01
   5.0383013e-01
   3.6286515e-01
   8.3258927e-01
   1.5083387e+00
   1.8883995e+00
   2.1676736e+00
   2.5164626e+00
   2.8750877e+00
   3.1589611e+00
   3.3469567e+00
   3.3744745e+00
   3.3830469e+00
   3.4294953e+00
   3.4441977e+00
   3.4384789e+00
   3.3996043e+00
   3.2711034e+00
   3.0629408e+00
   2.8167806e+00
   2.5478053e+00
   1.1961788e+00
   5.4294741e-01
   1.3892521e+00
   1.7685159e+00
   2.0049515e+00
   2.6485057e+00
   3.0878546e+00
   3.3303218e+00
   2.7376420e+00
   2.5110054e+00
   1.7613758e+00
   1.9669492e+00
   1.5475160e+00
   4.8169720e-01
   5.5133820e-01
   1.2011290e+00
   1.1632974e+00
   1.5771520e+00
   2.5155411e+00
   2.9380648e+00
   3.0754066e+00
   3.3770614e+00
   3.7027898e+00
   3.9988918e+00
   4.2276525e+00
   4.3835626e+00
   4.4900250e+00
   4.5778885e+00
   4.6676464e+00
   4.7281418e+00
   4.7406025e+00
   4.7013984e+00
   4.6193633e+00
   4.4752684e+00
   4.2482619e+00
   3.8276303e+00
   1.7395506e+00
   9.2162460e-01
   1.6156549e+00
   2.1263895e+00
   1.0248971e+00
   1.6471622e+00
   2.3740942e+00
   2.3547421e+00
   1.5176194e+00
   1.8006132e+00
   1.6975123e+00
   3.0456581e+00
   3.1551070e+00
   2.1325765e+00
   1.6839707e+00
   3.3375613e+00
   3.0263922e+00
   2.8448998e+00
   3.1946808e+00
   4.0463474e+00
   3.9273927e+00
   3.9701447e+00
   4.0883129e+00
   4.1935604e+00
   4.2593451e+00
   4.3498194e+00
   4.4642785e+00
   4.5729633e+00
   4.6432937e+00
   4.7190083e+00
   4.7511087e+00
   4.7757152e+00
   4.7727578e+00
   4.7416249e+00
   4.6067059e+00
   4.1848829e+00
   2.5408228e+00
   1.0443242e+00
   1.4075597e+00
   2.2752524e+00
   1.0806753e+00
   9.5289135e-01
   1.6791397e+00
   1.4989274e+00
   1.2846628e+00
   1.1359732e+00
   2.0356230e+00
   3.9851642e+00
   3.9624386e+00
   4.2364042e+00
   4.3319447e+00
   4.7299342e+00
   4.8916736e+00
   2.3568373e+00
   3.2955673e+00
   4.2445240e+00
   3.9079146e+00
   3.6637096e+00
   3.4595613e+00
   3.3188207e+00
   3.2582562e+00
   3.3171983e+00
   3.3844943e+00
   3.4454417e+00
   3.5060725e+00
   3.5654416e+00
   3.6180520e+00
   3.7278504e+00
   3.8297553e+00
   3.9315891e+00
   3.8955441e+00
   3.5421579e+00
   1.9426523e+00
   1.1438404e+00
   8.1198889e-01
   1.6046093e+00
   1.3750161e+00
   1.5738747e+00
   1.8272136e+00
   2.0848045e+00
   1.1167294e+00
   1.5218165e+00
   3.8695085e+00
   4.3702888e+00
   4.3321218e+00
   4.1656537e+00
   4.3427987e+00
   3.0615851e+00
   3.0616312e+00
   3.3984864e+00
   3.3220769e+00
   2.8645027e+00
   2.4376299e+00
   1.9997321e+00
   1.5852673e+00
   1.3148718e+00
   1.2290607e+00
   1.2866936e+00
   1.3615307e+00
   1.4092544e+00
   1.4492993e+00
   1.5193872e+00
   1.6308578e+00
   1.7979082e+00
   2.0270262e+00
   2.2209351e+00
   2.2768464e+00
   1.9672148e+00
   1.1221410e+00
   8.7946409e-01
   2.2146854e-01
   3.1520580e-01
   1.2612147e+00
   1.5221410e+00
   1.5262745e+00
   1.4579639e+00
   2.4220996e+00
   1.6991208e+00
   3.3894167e+00
   3.4785588e+00
   3.6579035e+00
   3.3481255e+00
   3.1131356e+00
   1.1380421e+00
   1.0436566e+00
   1.2274064e+00
   1.2181854e+00
   8.8716078e-01
   4.3798745e-01
  -2.3530833e-02
  -4.3686479e-01
  -6.7225760e-01
  -6.9573689e-01
  -6.1664522e-01
  -5.0594783e-01
  -4.1376370e-01
  -3.5636580e-01
  -2.6959604e-01
  -1.3868901e-01
   7.1177997e-02
   3.5622737e-01
   5.5521554e-01
   5.9150338e-01
   3.2833114e-01
   3.5209990e-01
   2.1457148e-01
  -3.5059056e-01
  -6.3639593e-01
   3.7665996e-01
   3.8425213e-01
   6.8040276e-01
   2.9307047e-01
   1.9465116e+00
   1.5806909e+00
   1.8792087e+00
   1.8361647e+00
   2.0908022e+00
   1.8273830e+00
   1.4041359e+00
  -1.4597155e+00
  -1.5806510e+00
  -1.5551043e+00
  -1.5735955e+00
  -1.7109799e+00
  -1.9876575e+00
  -2.2972212e+00
  -2.5341580e+00
  -2.6524644e+00
  -2.6229708e+00
  -2.5096886e+00
  -2.3470809e+00
  -2.1881049e+00
  -2.0663421e+00
  -1.9602780e+00
  -1.8304051e+00
  -1.6437078e+00
  -1.4140229e+00
  -1.3223295e+00
  -1.4263957e+00
  -1.6345904e+00
  -2.3794803e-01
  -1.1015812e-01
  -1.7399591e+00
  -1.2191211e+00
  -1.4159486e+00
  -1.1942072e+00
  -1.0230584e+00
  -1.1527526e+00
  -5.9358311e-01
  -7.5448647e-02
  -4.0791979e-01
  -4.0919459e-01
  -4.2673820e-01
  -7.2326499e-01
  -1.1597286e+00
  -3.1895614e+00
  -3.2863414e+00
  -3.2558854e+00
  -3.1924248e+00
  -3.1924148e+00
  -3.2844887e+00
  -3.4407029e+00
  -3.5749960e+00
  -3.6059194e+00
  -3.5182738e+00
  -3.3856473e+00
  -3.1526608e+00
  -2.9684374e+00
  -2.8401699e+00
  -2.7143562e+00
  -2.6052799e+00
  -2.5219722e+00
  -2.4737425e+00
  -2.5590706e+00
  -2.8325982e+00
  -2.9819732e+00
  -1.2662576e+00
  -1.0547706e+00
  -2.2909813e+00
  -1.9301178e+00
  -2.1993694e+00
  -2.3068824e+00
  -1.8314500e+00
  -1.3153596e+00
  -2.3227110e+00
  -1.8046069e+00
  -1.9167788e+00
  -2.2344048e+00
  -2.4026666e+00
  -2.6425328e+00
  -2.9580450e+00
  -4.2223024e+00
  -4.2318511e+00
  -4.0721846e+00
  -3.9247818e+00
  -3.8234744e+00
  -3.7518225e+00
  -3.7552214e+00
  -3.7805309e+00
  -3.7233164e+00
  -3.6193933e+00
  -3.4828594e+00
  -3.2526066e+00
  -3.1030605e+00
  -3.0354872e+00
  -2.9955702e+00
  -3.0109665e+00
  -3.1229808e+00
  -3.3551555e+00
  -3.6620798e+00
  -4.0554261e+00
  -4.0562840e+00
  -2.0644665e+00
  -2.3761010e+00
  -2.1145034e+00
  -2.4704332e+00
  -2.1460156e+00
  -2.4384243e+00
  -1.4220285e+00
  -1.2320011e+00
  -2.9530959e+00
  -3.0531807e+00
  -3.1699314e+00
  -3.4927197e+00
  -3.6920662e+00
  -3.8471870e+00
  -4.0518560e+00
  -4.2046957e+00
  -4.1410551e+00
  -3.8635969e+00
  -3.6349163e+00
  -3.4572763e+00
  -3.2866082e+00
  -3.1547732e+00
  -3.0555747e+00
  -3.0044007e+00
  -3.0088363e+00
  -2.9882646e+00
  -2.9484601e+00
  -2.9420669e+00
  -3.0211880e+00
  -3.2068529e+00
  -3.4255915e+00
  -3.7065573e+00
  -4.0878406e+00
  -4.4812765e+00
  -4.7226272e+00
  -3.8468039e+00
  -1.1178813e+00
  -2.0548773e+00
  -9.1185844e-01
  -1.6654193e+00
  -1.0761021e+00
  -1.0422723e+00
  -8.2042348e-01
  -1.0335807e+00
  -2.7803082e+00
  -3.2072983e+00
  -3.3546267e+00
  -3.6406341e+00
  -3.7975569e+00
  -3.9045475e+00
  -4.0750027e+00
  -3.4278991e+00
  -3.3762558e+00
  -3.0345953e+00
  -2.7264726e+00
  -2.5011220e+00
  -2.2887280e+00
  -2.1270754e+00
  -2.0821173e+00
  -2.2178655e+00
  -2.4581754e+00
  -2.7258139e+00
  -3.0141287e+00
  -3.2554846e+00
  -3.5152261e+00
  -3.8178530e+00
  -4.1218829e+00
  -4.4211679e+00
  -4.7248011e+00
  -4.9181218e+00
  -4.6830997e+00
  -2.4997759e+00
  -3.6808339e-01
  -5.2429736e-01
  -1.4443193e-01
  -6.9669586e-01
  -1.9310233e-01
  -3.6285448e-01
  -6.1415982e-01
  -8.0927598e-01
  -1.7002943e+00
  -2.8748019e+00
  -3.0031056e+00
  -3.1474614e+00
  -3.1934102e+00
  -3.2246561e+00
  -3.3177831e+00
  -2.0578909e+00
  -2.1474133e+00
  -1.8703396e+00
  -1.6303744e+00
  -1.5707904e+00
  -1.5667977e+00
  -1.6047826e+00
  -1.7949841e+00
  -2.1630330e+00
  -2.6437762e+00
  -3.1963446e+00
  -3.7423604e+00
  -4.1471262e+00
  -4.4836435e+00
  -4.7748933e+00
  -4.9924912e+00
  -5.1109495e+00
  -5.0618587e+00
  -4.7315087e+00
  -3.6338196e+00
  -4.1012356e-01
   8.4945530e-01
   4.7177297e-01
   2.0450960e-01
  -4.9948912e-02
   1.4986706e-01
  -3.2405794e-01
  -6.1040616e-01
  -7.6634127e-01
  -1.5833671e+00
  -2.5006993e+00
  -2.4019542e+00
  -2.2737298e+00
  -2.1758475e+00
  -2.0718298e+00
  -1.9856656e+00
  -5.4176068e-01
  -1.0235157e+00
  -1.1695946e+00
  -1.2889464e+00
  -1.6825775e+00
  -2.0971196e+00
  -2.4488111e+00
  -2.8225954e+00
  -3.2421324e+00
  -3.7010040e+00
  -4.1873274e+00
  -4.6494575e+00
  -5.0067053e+00
  -5.3002305e+00
  -5.5041990e+00
  -5.5575657e+00
  -5.4264464e+00
  -5.0156813e+00
  -4.1911612e+00
  -2.3441396e+00
   1.4173381e+00
   2.1100616e+00
   8.7536329e-01
   3.8515466e-01
   3.5458031e-01
   3.2296497e-01
  -3.9187863e-01
  -6.5638369e-01
  -8.4316188e-01
  -1.7479964e+00
  -2.0690134e+00
  -1.7160244e+00
  -1.3492590e+00
  -1.0920755e+00
  -8.1145978e-01
  -5.1405412e-01
   5.7802039e-01
  -3.4842193e-01
  -1.2363956e+00
  -1.8191774e+00
  -2.7047129e+00
  -3.5315938e+00
  -4.1142406e+00
  -4.5806065e+00
  -5.0082107e+00
  -5.3821425e+00
  -5.7073708e+00
  -5.9868851e+00
  -6.1689811e+00
  -6.2849846e+00
  -6.3087306e+00
  -6.1693053e+00
  -5.7989306e+00
  -5.1541324e+00
  -4.1557784e+00
  -2.1887691e+00
   1.0682526e+00
   1.6924870e+00
   8.8615513e-01
   4.6220532e-01
   5.4049748e-01
   3.1390461e-01
  -4.4775975e-01
  -7.6434195e-01
  -8.4355283e-01
  -1.3621707e+00
  -1.5874989e+00
  -1.2349814e+00
  -7.2694653e-01
  -3.2180908e-01
   1.2144772e-01
   5.6084526e-01
   1.1237348e+00
   1.5831177e-01
  -1.3807784e+00
  -2.4439306e+00
  -3.6791046e+00
  -4.7435884e+00
  -5.4261311e+00
  -5.9465525e+00
  -6.4057643e+00
  -6.7685777e+00
  -7.0341908e+00
  -7.2010942e+00
  -7.2352315e+00
  -7.1684514e+00
  -6.9635183e+00
  -6.6202766e+00
  -6.0769775e+00
  -5.2886775e+00
  -4.2737779e+00
  -2.6592316e+00
  -2.7681058e-01
   1.3725050e+00
   5.3083580e-01
   4.8620176e-01
   6.8169323e-01
   2.4181017e-01
  -5.5889713e-01
  -9.0103884e-01
  -7.2598186e-01
  -1.3107169e+00
  -1.3463692e+00
  -8.7013735e-01
  -2.7142474e-01
   2.4031757e-01
   7.1065394e-01
   1.0899168e+00
   1.5571850e+00
   1.0485011e+00
  -9.3598867e-01
  -2.3265934e+00
  -3.3656092e+00
  -4.4153971e+00
  -5.1163376e+00
  -5.6947492e+00
  -6.2123534e+00
  -6.6130215e+00
  -6.8956691e+00
  -7.0486060e+00
  -7.0363899e+00
  -6.8968893e+00
  -6.6142966e+00
  -6.2342207e+00
  -5.7255085e+00
  -5.0587605e+00
  -4.3284483e+00
  -3.5025666e+00
  -2.1173055e+00
  -1.0799864e-01
  -6.3727803e-02
   8.7779142e-01
   9.7020448e-01
   1.5937554e-01
  -7.9245862e-01
  -1.0146902e+00
  -5.2549338e-01
  -1.8289221e+00
  -1.4591258e+00
  -5.8401876e-01
   2.1116479e-01
   8.5171040e-01
   1.3557761e+00
   1.5692214e+00
   1.7410808e+00
   1.3455709e+00
  -5.0811946e-01
  -1.5036813e+00
  -2.5623360e+00
  -3.2738025e+00
  -3.7540145e+00
  -4.1934929e+00
  -4.6539822e+00
  -5.0560961e+00
  -5.3799930e+00
  -5.6110868e+00
  -5.7034597e+00
  -5.6778088e+00
  -5.5066171e+00
  -5.2055917e+00
  -4.8343759e+00
  -4.5272884e+00
  -4.4418669e+00
  -4.6012025e+00
  -3.7706172e+00
  -2.3405201e+00
  -8.9544249e-01
   7.7325696e-01
   9.7767055e-01
  -4.1344378e-02
  -1.0251315e+00
  -1.2213246e+00
  -8.1619942e-01
  -2.3202431e+00
  -1.9636183e+00
  -7.3843539e-01
   3.9948374e-01
   1.0980878e+00
   1.9301527e+00
   2.3368325e+00
   1.3511951e+00
   1.1425877e+00
  -3.8260317e-01
  -1.1147625e+00
  -2.5172729e+00
  -2.9435596e+00
  -3.2397947e+00
  -3.5332313e+00
  -3.9601450e+00
  -4.4476957e+00
  -4.9450736e+00
  -5.3864737e+00
  -5.6535635e+00
  -5.7482147e+00
  -5.5953994e+00
  -5.1819663e+00
  -4.5950713e+00
  -4.0742612e+00
  -4.0041037e+00
  -4.7821922e+00
  -4.8458862e+00
  -4.0239692e+00
  -2.8025010e+00
  -4.2225802e-01
   8.0071330e-01
  -2.6378375e-01
  -1.1623573e+00
  -1.7225306e+00
  -2.8808503e+00
  -2.5404882e+00
  -2.3565440e+00
  -1.1091776e+00
   7.1998680e-01
   1.5349395e+00
   1.4124398e+00
   2.0591168e+00
   6.6712576e-01
   3.1281635e-01
  -2.5518376e-01
  -1.6571426e+00
  -3.0050011e+00
  -3.4040096e+00
  -3.7885585e+00
  -4.1799049e+00
  -4.7180758e+00
  -5.3658090e+00
  -6.0896468e+00
  -6.7437682e+00
  -7.1622868e+00
  -7.3502879e+00
  -7.2032475e+00
  -6.6622815e+00
  -5.7095666e+00
  -4.3542018e+00
  -2.8577325e+00
  -1.5485141e+00
  -4.0887256e+00
  -4.5171161e+00
  -3.7896316e+00
  -1.9538907e+00
   2.8197035e-01
  -6.7384589e-01
  -1.4170326e+00
  -2.9052727e+00
  -4.9412723e+00
  -3.6728995e+00
  -2.5697250e+00
  -1.5075141e+00
   7.6556796e-01
   5.6138623e-01
   5.1959926e-01
   1.3412299e+00
   3.0919731e-01
  -3.9956206e-01
  -4.2558795e-01
  -2.9105618e+00
  -3.5181363e+00
  -4.0628662e+00
  -4.6103272e+00
  -5.1516190e+00
  -5.7414184e+00
  -6.3278589e+00
  -6.9253964e+00
  -7.4571033e+00
  -7.7988544e+00
  -7.9432406e+00
  -7.8078508e+00
  -7.3109021e+00
  -6.3218694e+00
  -4.5482049e+00
  -2.0575447e+00
   1.0949111e-01
  -3.2808211e+00
  -4.4436073e+00
  -4.1638274e+00
  -3.2228527e+00
  -9.9642324e-01
  -1.1841061e+00
  -2.1655612e+00
  -4.1635418e+00
  -4.3238335e+00
  -3.5654509e+00
  -2.4750988e+00
  -1.6744325e+00
  -6.6919732e-01
   2.5039824e-02
   2.6268067e+00
   3.1355104e+00
   3.1307620e-01
  -9.3509996e-01
  -9.2278218e-01
  -3.2872229e+00
  -3.8939145e+00
  -4.5635490e+00
  -5.1871948e+00
  -5.7340775e+00
  -6.1992831e+00
  -6.5321960e+00
  -6.8177395e+00
  -7.0909033e+00
  -7.2982688e+00
  -7.4173861e+00
  -7.3838034e+00
  -7.0839324e+00
  -6.2890329e+00
  -4.4678426e+00
  -1.9649283e+00
  -1.6346446e+00
  -3.6828377e+00
  -3.7375116e+00
  -4.0017037e+00
  -3.9727900e+00
  -2.4435329e+00
  -9.8059499e-01
  -2.2077506e+00
  -4.2943258e+00
  -3.9348722e+00
  -3.2703223e+00
  -2.3146517e+00
  -1.1344326e+00
  -1.3833053e+00
   7.8926122e-01
   3.6206474e+00
   1.9594890e+00
   3.3671069e-01
  -1.4668406e+00
  -2.4917498e+00
  -3.4221032e+00
  -3.9940133e+00
  -4.6991658e+00
  -5.2892084e+00
  -5.7354536e+00
  -5.9810362e+00
  -6.0595198e+00
  -6.0790968e+00
  -6.0942845e+00
  -6.1827440e+00
  -6.3098516e+00
  -6.4141350e+00
  -6.3777504e+00
  -5.9170814e+00
  -4.3399558e+00
  -1.6341896e+00
  -2.2798185e+00
  -2.8436782e+00
  -2.0591562e+00
  -2.9808404e+00
  -3.9831598e+00
  -4.0275373e+00
  -1.2504606e+00
  -2.2321270e+00
  -3.4927566e+00
  -3.2150764e+00
  -2.7739563e+00
  -1.8423084e+00
  -7.7751899e-01
  -9.1153455e-01
   1.3964779e+00
   2.4632161e+00
   9.8126584e-01
   2.0950340e-02
  -1.2684392e+00
  -3.0556278e+00
  -2.9460473e+00
  -3.5221872e+00
  -4.2023311e+00
  -4.6995063e+00
  -5.0315413e+00
  -5.1297898e+00
  -5.0910063e+00
  -4.9924545e+00
  -4.8627682e+00
  -4.8291988e+00
  -4.9097881e+00
  -5.0408850e+00
  -5.1351347e+00
  -4.9464788e+00
  -3.7683690e+00
  -1.2207305e+00
  -1.5757396e+00
  -8.3916444e-01
   4.6428481e-01
  -9.4135135e-01
  -2.7638328e+00
  -3.8128898e+00
  -2.8737149e+00
  -3.5215871e+00
  -2.4594083e+00
  -2.0712132e+00
  -1.7838576e+00
  -1.1522765e+00
  -1.1252702e+00
   3.0061358e-01
   1.5581572e+00
   7.2346616e-01
   5.0866085e-01
  -9.2638899e-03
  -8.7262660e-01
  -1.7208064e+00
  -2.0934803e+00
  -2.5737128e+00
  -3.1822097e+00
  -3.6225278e+00
  -3.9077456e+00
  -3.9720473e+00
  -3.9203949e+00
  -3.8183069e+00
  -3.6723390e+00
  -3.5705526e+00
  -3.5479410e+00
  -3.5922506e+00
  -3.6572263e+00
  -3.5820580e+00
  -2.6862698e+00
  -8.7853873e-01
  -7.9070562e-01
   9.3384588e-01
   1.2817111e+00
   4.7952870e-01
  -6.1911595e-01
  -1.8922827e+00
  -1.7483671e+00
  -1.0097471e+00
  -1.1169431e+00
  -6.5266430e-01
  -5.5602622e-01
  -7.5395787e-01
  -5.2326751e-01
   1.8861291e+00
   1.4667841e+00
   6.3150686e-01
   5.3023237e-01
   1.0590134e-01
  -4.0880743e-01
  -2.6302007e-01
  -5.6468582e-01
  -8.7969786e-01
  -1.4065588e+00
  -1.8299736e+00
  -2.1271026e+00
  -2.2412312e+00
  -2.2217700e+00
  -2.1562426e+00
  -2.0488272e+00
  -1.8920770e+00
  -1.7552093e+00
  -1.6380258e+00
  -1.5535628e+00
  -1.4479747e+00
  -7.8494740e-01
   4.6298543e-01
   1.4381218e-01
   8.5379601e-01
   7.5003445e-01
   6.2273961e-01
   1.9026923e+00
   1.2591676e+00
  -3.7327781e-02
   1.2238419e-01
   9.2697603e-01
   8.6381274e-01
   1.7871715e-01
   5.0200742e-01
   1.3081880e+00
   1.9267859e+00
   1.0934632e+00
   1.1955674e+00
   5.4140466e-01
   3.9147679e-01
  -4.9548149e-01
   3.8248074e-01
   6.8393598e-01
   6.3384211e-01
   1.9402437e-01
  -2.4064379e-01
  -5.4025286e-01
  -6.9414818e-01
  -7.3100338e-01
  -7.0304573e-01
  -6.3029075e-01
  -4.4806249e-01
  -2.2427972e-01
   3.1355601e-03
   2.0470894e-01
   3.6943278e-01
   7.4039954e-01
   1.1653359e+00
   9.5851737e-01
   9.7032768e-01
   7.5365183e-01
   7.1699864e-01
   1.7052393e+00
   1.9683900e+00
   1.8948514e+00
   1.0383947e+00
   1.4868516e+00
   2.1126533e+00
   1.2727425e+00
   1.6939720e+00
   2.1129701e+00
   1.0936441e+00
   7.9492595e-01
   1.1436284e+00
   4.1349366e-01
   4.3901914e-01
  -4.5234606e-01
   4.5531288e-01
   1.5278610e+00
   1.8093597e+00
   1.6914389e+00
   1.4386157e+00
   1.2318275e+00
   1.1216489e+00
   1.0416774e+00
   1.0389889e+00
   1.1303909e+00
   1.3225273e+00
   1.5772313e+00
   1.8557004e+00
   2.0831103e+00
   2.2569606e+00
   2.2105153e+00
   9.8249447e-01
   1.4532963e+00
   9.1529942e-01
   8.5338545e-01
   8.5362107e-01
   8.7825251e-01
   1.3002610e+00
   2.3398352e+00
   9.0173978e-01
   8.9031893e-01
   1.4475226e+00
   1.4867039e+00
   2.1940873e+00
   1.9330562e+00
   4.4192341e-01
   3.0832496e-01
   3.5511947e-01
   5.5125117e-01
   2.5066862e-01
  -4.0535234e-02
   4.5249462e-01
   1.7526278e+00
   1.9948210e+00
   2.1767774e+00
   2.3795426e+00
   2.4936776e+00
   2.5552437e+00
   2.6123777e+00
   2.6632781e+00
   2.7637038e+00
   2.9256314e+00
   3.1155224e+00
   3.3289671e+00
   3.4757876e+00
   3.5467305e+00
   3.5141037e+00
   1.9688445e+00
   1.5052269e+00
   9.7965783e-01
   9.4919013e-01
   9.0106821e-01
   8.9126366e-01
   1.0460204e+00
   2.0234618e+00
   1.1773024e+00
   2.0092843e+00
   1.3264419e+00
   1.0425078e+00
   1.8406881e+00
   7.5785971e-01
  -1.5531747e-01
   3.2256854e-01
   7.1658671e-01
   5.5948251e-01
   3.1120113e-01
   4.2528889e-01
   4.7630978e-01
   1.0769503e+00
   1.7188076e+00
   2.2505843e+00
   2.8275177e+00
   3.2800246e+00
   3.6019083e+00
   3.8210061e+00
   3.9703779e+00
   4.0796385e+00
   4.1846380e+00
   4.2780242e+00
   4.3238763e+00
   4.2872925e+00
   4.1988292e+00
   4.0021892e+00
   1.7679734e+00
   1.1105139e+00
   1.0154343e+00
   8.9687973e-01
   7.0241336e-01
   6.3214396e-01
   5.3233224e-01
   8.2012536e-01
   8.6787720e-01
   6.6346234e-01
   4.6122617e-01
   4.4159953e-01
   6.5244234e-01
   3.5437654e-02
  -1.1086792e-01
   1.9561583e-01
   4.3080742e-01
   4.8790825e-01
   2.5370441e-01
   4.6153861e-01
   5.0719929e-01
   9.0185886e-01
   1.3490162e+00
   2.1100466e+00
   2.7423650e+00
   3.3401878e+00
   3.8384502e+00
   4.1829884e+00
   4.4047537e+00
   4.5230770e+00
   4.5699537e+00
   4.5511765e+00
   4.4258938e+00
   4.1927221e+00
   3.9869862e+00
   2.1761935e+00
   1.1936682e+00
   9.9652386e-01
   7.7730066e-01
   5.1114968e-01
   4.3400422e-01
   2.7023199e-01
   3.1868811e-01
   6.5141702e-01
   3.8661906e-01
   3.5733395e-01
   7.2564296e-02
   1.2114836e-01
   4.4402207e-02
  -5.0506247e-03
   5.2703522e-02
   2.1065347e-01
   2.7089408e-01
   4.2092556e-01
   4.1008523e-01
   4.8347482e-01
   4.6492448e-01
   1.1802537e+00
   1.2660974e+00
   1.4604533e+00
   1.8969542e+00
   2.4034004e+00
   2.8876050e+00
   3.2183287e+00
   3.4059989e+00
   3.5311620e+00
   3.5266514e+00
   3.3784599e+00
   3.1709347e+00
   2.8608139e+00
   1.7753441e+00
   7.5642204e-01
   6.9965988e-01
   6.7759246e-01
   2.8726548e-01
   1.2873945e-01
   1.0564678e-01
  -6.2872373e-02
   2.0340478e-01
   6.2457329e-01
   3.0352490e-02
  -1.3029820e-01
   5.0472524e-02
  -8.2169175e-02
  -2.0351423e-02
   6.0063057e-02
   1.9908415e-01
  -6.6994116e-02
   2.6992662e-02
   1.8104447e-01
   4.4658888e-01
   6.9133002e-01
   7.5957263e-01
   3.6626698e-01
  -2.0960915e-01
   2.8639856e-01
   2.9616665e-01
   5.2995354e-01
   6.5669149e-01
   7.4392065e-01
   7.9620993e-01
   7.2365856e-01
   5.0398213e-01
   2.3142415e-01
   9.6862487e-02
  -5.5894122e-02
   2.5487313e-01
   1.5651804e-01
   3.7761350e-01
   2.9316938e-01
  -1.3084286e-02
  -5.8854375e-02
  -3.9838545e-02
  -5.7109538e-02
   1.5219013e-01
   6.0378534e-01
   9.3226917e-02
   1.9832942e-02
  -9.4792970e-02
  -9.1566481e-02
   3.6573029e-02
  -4.7172543e-02
  -4.2337880e-02
   1.0681859e-02
   3.1456858e-01
   3.8661656e-01
   1.5693069e-01
   2.9733121e-01
   2.8604096e-01
   4.8784545e-01
   5.7224590e-01
   1.1527675e-01
  -5.6697749e-02
  -1.0421419e-01
  -7.4718207e-01
  -8.3711380e-01
  -8.7818182e-01
  -1.2126662e+00
  -9.8964858e-01
  -6.4175743e-01
  -4.5203024e-01
  -1.0022157e+00
  -8.6808819e-01
  -6.0104048e-01
  -5.5266666e-01
  -5.5634165e-01
  -7.4250156e-01
  -5.3247213e-01
  -3.4842110e-01
  -2.7864051e-01
  -1.3961837e-01
  -9.6226394e-02
  -2.8600683e-03
   7.2769448e-02
   1.4179537e-01
   1.3396844e-01
   8.5108921e-02
  -4.2157033e-03
   2.3054682e-02
   1.4448009e-01
   2.1046011e-01
   1.2621203e-01
