   4.7184254e-03
  -5.8694602e-03
  -9.6003437e-03
  -9.4515993e-03
   0.0000000e+00
  -2.3187053e-02
  -1.9312719e-02
  -2.2538277e-02
  -1.9621390e-02
  -1.8997580e-02
  -0.0000000e+00
  -0.0000000e+00
  -1.4840229e-02
  -6.8934885e-03
  -5.3603054e-03
  -5.5196532e-03
  -1.0554709e-02
  -1.3606689e-02
   0.0000000e+00
   0.0000000e+00
   0.0000000e+00
   0.0000000e+00
   0.0000000e+00
   0.0000000e+00
   0.0000000e+00
   0.0000000e+00
   0.0000000e+00
   0.0000000e+00
   0.0000000e+00
   0.0000000e+00
   0.0000000e+00
   0.0000000e+00
   0.0000000e+00
   0.0000000e+00
   0.0000000e+00
   0.0000000e+00
  -7.6002125e-03
  -8.8867880e-03
  -9.3475282e-03
  -1.0859463e-02
  -1.2919935e-02
  -1.4901708e-02
  -1.6132139e-02
  -1.7293960e-02
  -1.7167050e-02
  -1.5417133e-02
  -1.6196382e-02
  -1.2033335e-02
  -6.1541014e-03
  -2.8301015e-03
   1.2972127e-03
   2.3865991e-03
   4.9774140e-03
   3.0972634e-03
   1.2685115e-02
   2.1453890e-03
   6.5769957e-03
   0.0000000e+00
   0.0000000e+00
   0.0000000e+00
   0.0000000e+00
   0.0000000e+00
   0.0000000e+00
  -0.0000000e+00
  -0.0000000e+00
  -0.0000000e+00
  -0.0000000e+00
   0.0000000e+00
   0.0000000e+00
   0.0000000e+00
  -1.5906441e-02
  -1.4703389e-02
  -2.8543421e-03
   1.5363026e-03
   5.4410156e-03
   9.4687399e-03
   1.1654363e-02
   1.1177562e-02
   8.7634344e-03
   6.1052695e-03
   4.6466310e-03
   5.1881545e-03
   5.2688060e-03
   7.7525959e-03
   8.1416069e-03
   1.2517065e-02
   1.3156264e-02
   1.3683472e-02
   1.4630634e-02
   1.6710732e-02
   2.0019330e-02
   2.1062413e-02
   1.9777470e-02
   1.1043004e-02
   4.6244799e-03
   1.3778277e-04
  -5.9804711e-04
  -1.7822798e-03
  -3.7279736e-03
  -8.2454685e-03
  -0.0000000e+00
  -0.0000000e+00
  -0.0000000e+00
   0.0000000e+00
   0.0000000e+00
  -1.0690199e-02
  -1.1182194e-02
  -7.4635250e-03
   2.0596232e-02
   2.9432457e-02
   3.7576858e-02
   4.4678714e-02
   4.8597159e-02
   5.0491080e-02
   5.0854687e-02
   4.9740540e-02
   4.8639368e-02
   4.7677524e-02
   4.6293633e-02
   4.5062415e-02
   4.0797020e-02
   0.0000000e+00
   2.6286080e-02
   2.5052462e-02
   2.5162847e-02
   2.8126471e-02
   3.5656985e-02
   3.4889441e-02
   3.0314667e-02
   2.3964301e-02
   2.0581720e-02
   1.8439494e-02
   1.7933652e-02
   1.8579565e-02
   1.9061431e-02
   1.6139925e-02
   0.0000000e+00
   0.0000000e+00
   0.0000000e+00
   0.0000000e+00
   0.0000000e+00
   2.1817446e-03
   4.0840176e-03
   1.1658609e-02
   4.2978637e-02
   5.1715661e-02
   6.0092520e-02
   6.7817092e-02
   7.3382862e-02
   7.7124663e-02
   7.9312950e-02
   8.0569059e-02
   8.1140816e-02
   7.9955228e-02
   7.5768419e-02
   6.8452537e-02
   5.1367506e-02
   0.0000000e+00
   3.1004153e-02
   3.6334205e-02
   3.9061319e-02
   3.9474165e-02
   0.0000000e+00
   0.0000000e+00
   3.1709377e-02
   2.7154353e-02
   2.9678738e-02
   3.3429056e-02
   3.7631092e-02
   4.2370848e-02
   4.5992792e-02
   4.1655600e-02
   0.0000000e+00
   0.0000000e+00
   0.0000000e+00
   0.0000000e+00
   0.0000000e+00
   2.5708592e-02
   2.9938966e-02
   3.5227008e-02
   5.3365135e-02
   5.8733937e-02
   6.5132267e-02
   7.1424081e-02
   7.6855822e-02
   8.1715187e-02
   8.5630653e-02
   8.8378255e-02
   8.9117203e-02
   8.7955263e-02
   8.3436695e-02
   7.2213254e-02
   5.3064859e-02
   0.0000000e+00
   2.9994133e-02
   4.0697868e-02
   4.6594309e-02
   4.3752614e-02
   0.0000000e+00
   0.0000000e+00
   3.2028271e-02
   3.4967421e-02
   0.0000000e+00
   3.9973659e-02
   4.2817956e-02
   5.2492307e-02
   6.0325578e-02
   6.0822817e-02
   6.1652855e-02
   0.0000000e+00
   0.0000000e+00
   0.0000000e+00
   4.5930742e-02
   4.4431562e-02
   4.6171082e-02
   4.8798637e-02
   5.2497569e-02
   5.3919684e-02
   5.5981439e-02
   5.9159711e-02
   6.3098185e-02
   6.7643903e-02
   7.1763262e-02
   7.4354999e-02
   7.5012840e-02
   7.3414400e-02
   6.9616072e-02
   5.9098676e-02
   4.3550248e-02
   0.0000000e+00
   1.6397773e-02
   3.0998424e-02
   4.0480334e-02
   3.4800553e-02
   0.0000000e+00
   0.0000000e+00
   3.2989238e-02
   3.6195069e-02
   0.0000000e+00
   0.0000000e+00
   4.0772207e-02
   4.9355898e-02
   5.8716297e-02
   6.0895942e-02
   6.0894198e-02
   5.9523091e-02
   5.1876744e-02
   4.8558147e-02
   5.4800223e-02
   5.2174844e-02
   5.0945375e-02
   5.0920662e-02
   3.9394073e-02
   3.7002034e-02
   3.4822080e-02
   3.5541840e-02
   3.7930626e-02
   4.0849518e-02
   4.3848850e-02
   4.5643022e-02
   4.5652807e-02
   4.4734340e-02
   4.1755306e-02
   3.4400515e-02
   2.1198377e-02
   0.0000000e+00
   0.0000000e+00
   9.6414920e-03
   2.1285265e-02
   1.9120564e-02
   0.0000000e+00
   0.0000000e+00
   0.0000000e+00
   3.3182969e-02
   0.0000000e+00
   0.0000000e+00
   3.2495430e-02
   3.6023974e-02
   3.9479904e-02
   4.0603612e-02
   4.2342144e-02
   4.5364525e-02
   4.7025417e-02
   0.0000000e+00
   4.6004998e-02
   4.6979241e-02
   4.4715425e-02
   4.1754987e-02
   1.7071307e-02
   1.3122745e-02
   1.0357136e-02
   1.0160492e-02
   1.2064656e-02
   1.4350522e-02
   1.6442072e-02
   1.7630009e-02
   1.7833509e-02
   1.7000385e-02
   1.4755107e-02
   9.7599644e-03
   6.1224078e-03
   0.0000000e+00
   0.0000000e+00
  -0.0000000e+00
  -1.1650288e-03
   3.9751828e-03
   0.0000000e+00
   0.0000000e+00
   0.0000000e+00
   2.4023357e-02
   2.4273605e-02
   8.1795742e-03
   1.9513345e-02
   1.4015933e-02
   1.2338625e-02
   1.2105549e-02
   1.2576195e-02
   1.4742830e-02
   1.6959325e-02
   4.8895647e-03
   2.3241798e-02
   2.4883414e-02
   2.3718748e-02
   2.0771846e-02
  -6.9814557e-03
  -1.0122776e-02
  -1.2358718e-02
  -1.2819162e-02
  -1.1046419e-02
  -8.8202739e-03
  -6.8464410e-03
  -5.4884530e-03
  -4.9258200e-03
  -5.9550954e-03
  -8.7307841e-03
  -1.2608662e-02
  -3.7845211e-03
   0.0000000e+00
   0.0000000e+00
   0.0000000e+00
  -1.2513027e-02
  -5.9349675e-03
   0.0000000e+00
   0.0000000e+00
   0.0000000e+00
   5.3251144e-03
   1.2347667e-02
   3.7470497e-03
   6.0806400e-05
  -8.0605196e-03
  -1.2419476e-02
  -1.5300621e-02
  -1.6378561e-02
  -1.5380297e-02
  -1.0266199e-02
  -4.5465538e-03
  -2.8046165e-03
  -1.6219646e-03
  -1.7787236e-03
  -3.6569503e-03
  -2.4309875e-02
  -2.6280409e-02
  -2.7934205e-02
  -2.8344238e-02
  -2.6674592e-02
  -2.4012418e-02
  -2.1460880e-02
  -1.9893409e-02
  -2.0317586e-02
  -2.3137681e-02
  -2.7508643e-02
  -3.1738669e-02
  -1.6544053e-02
  -0.0000000e+00
   0.0000000e+00
   0.0000000e+00
  -1.8013055e-02
  -6.2328397e-03
   0.0000000e+00
   0.0000000e+00
   0.0000000e+00
  -1.1412565e-02
  -6.6337059e-03
  -1.2513792e-02
  -1.8461660e-02
  -2.5241592e-02
  -3.1710770e-02
  -3.6538228e-02
  -3.8760024e-02
  -3.8114816e-02
  -3.2621551e-02
  -2.6215295e-02
  -2.4210118e-02
  -2.3124574e-02
  -2.2096406e-02
  -2.2655023e-02
  -3.3708382e-02
  -3.4736503e-02
  -3.5373159e-02
  -3.5029229e-02
  -3.3409376e-02
  -3.1313621e-02
  -2.9636972e-02
  -3.0026022e-02
  -3.3175241e-02
  -3.8843546e-02
  -4.4318806e-02
  -4.7695711e-02
  -3.5585177e-02
   0.0000000e+00
   0.0000000e+00
   0.0000000e+00
  -2.5467666e-02
  -1.2279115e-02
   0.0000000e+00
   0.0000000e+00
   0.0000000e+00
  -1.9464099e-02
  -2.1046311e-02
  -2.4978934e-02
  -3.1614393e-02
  -3.9331883e-02
  -4.6331357e-02
  -5.1235430e-02
  -5.3632826e-02
  -5.2128427e-02
  -4.5760389e-02
  -4.0854715e-02
  -3.8712263e-02
  -3.6221627e-02
  -3.4062903e-02
  -3.3390697e-02
  -3.4397721e-02
  -3.5032906e-02
  -3.5315949e-02
  -3.4629025e-02
  -3.3760756e-02
  -3.3789128e-02
  -3.5586275e-02
  -3.9478995e-02
  -4.5010399e-02
  -5.1244996e-02
  -5.5030745e-02
  -5.5300549e-02
  -4.2871416e-02
   0.0000000e+00
   0.0000000e+00
   0.0000000e+00
  -0.0000000e+00
  -2.0274241e-02
   0.0000000e+00
   0.0000000e+00
   0.0000000e+00
  -2.6472217e-02
  -2.7499283e-02
  -3.1675957e-02
  -3.9358959e-02
  -4.5936842e-02
  -5.0565045e-02
  -5.4097880e-02
  -5.6457441e-02
  -5.4710764e-02
  -4.9136363e-02
  -4.4507984e-02
  -4.0997330e-02
  -3.7573256e-02
  -3.5294935e-02
  -3.4235410e-02
  -3.3210840e-02
  -3.4775738e-02
  -3.5939936e-02
  -3.6868427e-02
  -3.8746186e-02
  -4.2542174e-02
  -4.8039708e-02
  -5.3761985e-02
  -5.8909331e-02
  -6.1746225e-02
  -5.9634697e-02
  -4.5900211e-02
  -0.0000000e+00
   0.0000000e+00
   0.0000000e+00
   0.0000000e+00
  -0.0000000e+00
  -1.8688752e-02
   0.0000000e+00
   0.0000000e+00
   0.0000000e+00
  -3.3000289e-02
  -3.1374309e-02
  -3.6324937e-02
  -4.1599855e-02
  -4.4235010e-02
  -4.5007318e-02
  -4.6564497e-02
  -4.8463807e-02
  -4.6820603e-02
  -4.1094389e-02
  -3.5875920e-02
  -3.2831609e-02
  -3.0837027e-02
  -3.0434240e-02
  -3.1464998e-02
  -3.6381930e-02
  -4.0552184e-02
  -4.4044286e-02
  -4.7628369e-02
  -5.1846154e-02
  -5.7129458e-02
  -6.2465198e-02
  -6.6256285e-02
  -6.7751743e-02
  -6.4709105e-02
  -5.3648919e-02
  -2.5442695e-02
   0.0000000e+00
   0.0000000e+00
   0.0000000e+00
   0.0000000e+00
  -2.0631128e-02
  -8.7442063e-03
   0.0000000e+00
   0.0000000e+00
   0.0000000e+00
  -0.0000000e+00
  -3.3983182e-02
  -3.6122698e-02
  -3.6907490e-02
  -3.5726119e-02
  -3.3232100e-02
  -3.1731248e-02
  -3.2191452e-02
  -3.0591799e-02
  -2.5231102e-02
  -2.2151511e-02
  -2.1983080e-02
  -2.3503726e-02
  -2.6824854e-02
  -3.1478055e-02
  -3.9918222e-02
  -4.6546403e-02
  -5.2108601e-02
  -5.7298075e-02
  -6.1924793e-02
  -6.6301107e-02
  -6.9335870e-02
  -6.9813691e-02
  -6.6884503e-02
  -5.8227107e-02
  -3.9740704e-02
  -9.3215406e-03
   0.0000000e+00
   0.0000000e+00
   0.0000000e+00
   0.0000000e+00
  -1.6549791e-02
  -4.6323705e-04
   0.0000000e+00
   0.0000000e+00
   0.0000000e+00
  -0.0000000e+00
  -3.2314386e-02
  -3.0797720e-02
  -2.8057115e-02
  -2.4253633e-02
  -1.9304100e-02
  -1.4858592e-02
  -1.4239214e-02
  -1.4703623e-02
  -1.2903486e-02
  -1.3868643e-02
  -1.7002799e-02
  -2.0917131e-02
  -2.6040576e-02
  -3.2537069e-02
  -4.4785492e-02
  -5.1216930e-02
  -5.6512650e-02
  -6.0878474e-02
  -6.3859954e-02
  -6.5715984e-02
  -6.5074719e-02
  -6.1556872e-02
  -5.4698884e-02
  -4.3051805e-02
  -2.4194147e-02
   3.6182793e-04
   1.5458781e-02
   0.0000000e+00
   0.0000000e+00
  -7.7366314e-03
  -0.0000000e+00
   0.0000000e+00
   0.0000000e+00
   0.0000000e+00
   0.0000000e+00
  -0.0000000e+00
  -2.5824613e-02
  -2.1436188e-02
  -1.6478145e-02
  -1.1232255e-02
  -4.9632131e-03
   1.1792330e-03
   1.0680859e-03
  -4.5246738e-03
  -8.2448972e-03
  -1.3538493e-02
  -1.9930981e-02
  -2.5796082e-02
  -3.1480759e-02
  -3.7740063e-02
  -5.8948115e-02
  -6.2932771e-02
  -6.5087698e-02
  -6.5234296e-02
  -6.3741181e-02
  -6.1231431e-02
  -5.6497358e-02
  -4.9899868e-02
  -4.1292626e-02
  -3.0313505e-02
  -1.7788231e-02
  -4.9681817e-03
   8.7446515e-03
   0.0000000e+00
   0.0000000e+00
   2.0899531e-03
   0.0000000e+00
   0.0000000e+00
   0.0000000e+00
   0.0000000e+00
   0.0000000e+00
   0.0000000e+00
  -1.5290341e-02
  -1.0495643e-02
  -4.5561562e-03
   8.1442738e-04
   6.3378238e-03
   1.2364311e-02
   1.1236164e-02
   2.8135575e-04
  -9.4715990e-03
  -1.9169874e-02
  -2.9745424e-02
  -3.9106987e-02
  -4.6745072e-02
  -5.3274743e-02
  -6.2627718e-02
  -6.4982310e-02
  -6.5242745e-02
  -6.3104808e-02
  -5.9400253e-02
  -5.4851748e-02
  -4.8742540e-02
  -4.1831486e-02
  -3.4032512e-02
  -2.5524152e-02
  -1.8870257e-02
  -1.5591555e-02
  -1.4536752e-02
  -0.0000000e+00
  -1.7857362e-03
   7.4774359e-03
   0.0000000e+00
   0.0000000e+00
   0.0000000e+00
   0.0000000e+00
   0.0000000e+00
   0.0000000e+00
  -9.7124747e-03
  -2.9174488e-03
   4.7083762e-03
   1.0899623e-02
   1.4932793e-02
   1.9477028e-02
   1.7386045e-02
   0.0000000e+00
  -1.0586571e-02
  -2.0173231e-02
  -3.2382589e-02
  -4.3239411e-02
  -5.1580276e-02
  -5.7991661e-02
  -5.3917206e-02
  -5.6330569e-02
  -5.6852012e-02
  -5.5253229e-02
  -5.2375964e-02
  -4.8852815e-02
  -4.4376151e-02
  -3.9875126e-02
  -3.5335687e-02
  -3.1486865e-02
  -3.0103793e-02
  -2.9983969e-02
  -2.8219476e-02
  -2.3021881e-02
  -1.1414533e-02
   1.9491285e-03
   0.0000000e+00
   0.0000000e+00
   0.0000000e+00
   0.0000000e+00
   0.0000000e+00
  -0.0000000e+00
  -1.1622030e-02
   2.7920297e-05
   1.1279942e-02
   2.0502829e-02
   2.4406812e-02
   2.7312347e-02
   2.4289233e-02
   0.0000000e+00
  -0.0000000e+00
  -1.5982187e-02
  -2.5683061e-02
  -3.5108608e-02
  -4.2913980e-02
  -4.9253712e-02
  -4.1923709e-02
  -4.5259494e-02
  -4.7766268e-02
  -4.9174588e-02
  -4.9349129e-02
  -4.8742753e-02
  -4.7327746e-02
  -4.6197224e-02
  -4.6055958e-02
  -4.7688477e-02
  -5.1410265e-02
  -5.1620565e-02
  -4.5965619e-02
  -4.5322749e-02
  -2.7198641e-02
  -6.1640162e-03
   0.0000000e+00
   0.0000000e+00
   0.0000000e+00
   0.0000000e+00
  -3.8395284e-02
  -2.9774707e-02
  -1.7988073e-02
  -1.2714363e-03
   1.6123271e-02
   2.8066706e-02
   4.1916204e-02
   2.8027696e-02
   3.4015230e-02
   2.5562494e-02
  -0.0000000e+00
  -1.6631722e-02
  -2.2031568e-02
  -2.7661143e-02
  -3.2776609e-02
  -3.7542701e-02
  -5.3191409e-02
  -5.9846457e-02
  -6.5934375e-02
  -7.0562735e-02
  -7.2777726e-02
  -7.3012263e-02
  -7.0496663e-02
  -6.4823993e-02
  -5.6441966e-02
  -4.9844876e-02
  -5.3277016e-02
  -6.1167054e-02
  -5.5541657e-02
  -5.2236900e-02
  -3.8038056e-02
  -1.7719667e-02
  -0.0000000e+00
   0.0000000e+00
   0.0000000e+00
   0.0000000e+00
  -4.4059187e-02
  -3.9007507e-02
  -2.5335368e-02
  -2.6612796e-03
   1.7628778e-02
   0.0000000e+00
   0.0000000e+00
   1.6441090e-02
   0.0000000e+00
   0.0000000e+00
   0.0000000e+00
  -2.5983025e-02
  -2.9989555e-02
  -3.5790354e-02
  -4.1102156e-02
  -4.6555068e-02
  -6.8647183e-02
  -7.7471696e-02
  -8.5870214e-02
  -9.2582956e-02
  -9.6063107e-02
  -9.6189298e-02
  -9.1462478e-02
  -8.0755226e-02
  -6.2629730e-02
  -3.8583450e-02
  -3.1869760e-02
  -5.8779059e-02
  -5.3770930e-02
  -5.2537948e-02
  -4.4291809e-02
  -2.9643737e-02
  -0.0000000e+00
   0.0000000e+00
   0.0000000e+00
  -5.6668278e-02
  -5.4134983e-02
  -4.5386111e-02
  -3.1502753e-02
  -1.3033579e-02
   0.0000000e+00
   3.7181129e-02
   4.9950352e-02
   0.0000000e+00
   0.0000000e+00
   0.0000000e+00
  -0.0000000e+00
  -3.3742616e-02
  -3.9062168e-02
  -4.7000743e-02
  -5.3893182e-02
  -6.0434304e-02
  -7.6105349e-02
  -8.3640498e-02
  -9.0865955e-02
  -9.6701145e-02
  -9.9376279e-02
  -9.8659851e-02
  -9.3098156e-02
  -8.1094769e-02
  -6.0165901e-02
  -2.7658889e-02
  -7.9553435e-03
   0.0000000e+00
  -4.5621987e-02
  -4.7018627e-02
  -4.5111496e-02
  -4.4662472e-02
  -4.3819424e-02
   0.0000000e+00
  -0.0000000e+00
  -5.4189781e-02
  -5.2626051e-02
  -4.3781046e-02
  -3.1027666e-02
  -3.5774875e-02
   1.9684938e-04
   4.4444936e-02
   5.6313169e-02
   0.0000000e+00
   0.0000000e+00
  -3.3756048e-02
  -3.5459362e-02
  -3.7137344e-02
  -4.5086093e-02
  -5.4953378e-02
  -6.2893636e-02
  -6.9177449e-02
  -7.1374446e-02
  -7.4157037e-02
  -7.7157639e-02
  -7.9914644e-02
  -8.1278563e-02
  -8.0947243e-02
  -7.7785954e-02
  -6.8904713e-02
  -5.0211478e-02
  -1.6147746e-02
   4.5714001e-03
  -3.1182708e-02
  -3.3693213e-02
  -3.6865566e-02
  -4.0604133e-02
  -4.7442801e-02
  -4.9718179e-02
   0.0000000e+00
  -4.6470635e-02
  -4.6620660e-02
  -4.6418920e-02
  -3.7400518e-02
  -2.3126856e-02
  -3.3444725e-02
  -1.0442579e-02
   2.1960213e-02
   0.0000000e+00
   0.0000000e+00
  -0.0000000e+00
  -3.4686071e-02
  -3.5747023e-02
  -3.8162865e-02
  -4.7626749e-02
  -5.7296414e-02
  -6.4206146e-02
  -6.8382882e-02
  -6.2192909e-02
  -6.1507564e-02
  -6.1181445e-02
  -6.1483212e-02
  -6.2003162e-02
  -6.2359586e-02
  -6.1338287e-02
  -5.6022882e-02
  -4.1828480e-02
  -1.0140084e-02
   0.0000000e+00
  -2.6067774e-02
  -1.8884974e-02
  -2.3011224e-02
  -3.1091589e-02
  -3.9284308e-02
  -4.8967713e-02
  -6.6056023e-02
  -4.0922096e-02
  -3.4369379e-02
  -3.5366993e-02
  -3.0079061e-02
  -2.1809129e-02
  -1.8134131e-02
  -4.8673302e-03
  -0.0000000e+00
   0.0000000e+00
   0.0000000e+00
  -0.0000000e+00
  -3.3344135e-02
  -3.2151852e-02
  -3.6706697e-02
  -4.6023726e-02
  -5.3876132e-02
  -5.8936551e-02
  -6.1674826e-02
  -5.0001131e-02
  -4.7994880e-02
  -4.5417322e-02
  -4.3531197e-02
  -4.2748547e-02
  -4.2591123e-02
  -4.2357529e-02
  -3.9850107e-02
  -3.0750614e-02
  -4.8536276e-03
   0.0000000e+00
  -1.1453976e-02
   3.2986632e-03
  -2.0446947e-03
  -1.4103755e-02
  -2.3869744e-02
  -3.1519119e-02
  -0.0000000e+00
  -2.2354924e-02
  -1.8332032e-02
  -1.7820086e-02
  -1.9406732e-02
  -1.3334820e-02
  -7.2672344e-04
   1.2938223e-02
   1.1224705e-02
   0.0000000e+00
   0.0000000e+00
   0.0000000e+00
  -1.8793311e-02
  -2.2739970e-02
  -2.9705085e-02
  -3.7740621e-02
  -4.4010463e-02
  -4.8198370e-02
  -5.0187913e-02
  -3.6323991e-02
  -3.4336247e-02
  -3.0976819e-02
  -2.7536033e-02
  -2.5404440e-02
  -2.4447352e-02
  -2.4209501e-02
  -2.3184326e-02
  -1.7244181e-02
  -1.5928907e-03
   0.0000000e+00
   3.3424124e-03
   0.0000000e+00
   1.2167924e-02
   6.8226373e-03
  -1.3991006e-03
  -8.7996544e-03
  -1.0986253e-02
  -1.8723503e-03
  -1.2273842e-05
   2.2773966e-03
   4.0810282e-04
   9.5457747e-04
   1.9653538e-02
   3.5769787e-02
   2.7767049e-02
   0.0000000e+00
   0.0000000e+00
   0.0000000e+00
  -0.0000000e+00
  -7.9204217e-03
  -1.4279089e-02
  -2.1719206e-02
  -2.8665099e-02
  -3.3657502e-02
  -3.6365092e-02
  -1.9013500e-02
  -1.7051673e-02
  -1.3603169e-02
  -9.3450285e-03
  -6.3249380e-03
  -4.7571049e-03
  -4.4634538e-03
  -4.7747195e-03
  -2.0426270e-03
   1.1254822e-02
   0.0000000e+00
   0.0000000e+00
   0.0000000e+00
   0.0000000e+00
   2.4056152e-02
   2.4252946e-02
   2.0010876e-02
   1.6331772e-02
   1.5911335e-02
   1.9230353e-02
   2.2643452e-02
   2.2726074e-02
   2.2029357e-02
   2.5913397e-02
   0.0000000e+00
   0.0000000e+00
   0.0000000e+00
   0.0000000e+00
   0.0000000e+00
   0.0000000e+00
   1.0189471e-02
   9.3291160e-03
   2.0965822e-03
  -7.0862449e-03
  -1.4173212e-02
  -1.8587383e-02
   2.7055806e-03
   4.7880759e-03
   8.7649701e-03
   1.3417933e-02
   1.6705414e-02
   1.8293170e-02
   1.8185802e-02
   1.5866468e-02
   1.3055296e-02
   1.6110534e-02
   0.0000000e+00
   1.1210225e-02
   0.0000000e+00
   0.0000000e+00
   0.0000000e+00
   0.0000000e+00
   4.2581324e-02
   4.1578777e-02
   2.8884888e-02
   3.1980455e-02
   3.5031810e-02
   3.2731870e-02
   3.3143021e-02
   2.5054264e-02
   0.0000000e+00
   0.0000000e+00
   0.0000000e+00
   0.0000000e+00
   0.0000000e+00
   0.0000000e+00
   2.1301532e-02
   2.9161278e-02
   2.5232578e-02
   1.6153716e-02
   8.6748403e-03
   3.7014193e-03
   3.2187339e-02
   3.5426717e-02
   4.0191025e-02
   4.4792645e-02
   4.7791276e-02
   4.8519485e-02
   4.6290420e-02
   4.0802743e-02
   2.9402809e-02
   1.7410770e-02
   0.0000000e+00
   1.5083773e-02
   0.0000000e+00
   0.0000000e+00
   0.0000000e+00
   0.0000000e+00
   0.0000000e+00
   0.0000000e+00
   2.8145845e-02
   3.2002498e-02
   0.0000000e+00
   0.0000000e+00
   3.3893892e-02
   2.0286698e-02
   0.0000000e+00
   0.0000000e+00
   0.0000000e+00
   0.0000000e+00
   0.0000000e+00
   0.0000000e+00
   2.3949758e-02
   3.3553641e-02
   3.5158683e-02
   3.4429085e-02
   3.2987066e-02
   3.1720493e-02
   6.0923651e-02
   6.5924160e-02
   7.0987582e-02
   7.4736379e-02
   7.6481624e-02
   7.5764202e-02
   7.1051054e-02
   6.2226627e-02
   4.7266781e-02
   3.1459627e-02
   0.0000000e+00
   1.4109850e-02
   0.0000000e+00
   0.0000000e+00
   0.0000000e+00
   0.0000000e+00
   0.0000000e+00
   0.0000000e+00
   0.0000000e+00
   0.0000000e+00
   0.0000000e+00
   0.0000000e+00
   0.0000000e+00
   0.0000000e+00
   0.0000000e+00
   0.0000000e+00
   0.0000000e+00
   0.0000000e+00
   0.0000000e+00
   0.0000000e+00
   0.0000000e+00
   2.2537421e-02
   3.0419637e-02
   4.2161185e-02
   5.0105659e-02
   5.5759043e-02
   8.0563647e-02
   8.6845770e-02
   9.0658758e-02
   9.2633862e-02
   9.2466764e-02
   8.9898456e-02
   8.3628682e-02
   7.2829299e-02
   5.8719594e-02
   4.4509722e-02
   0.0000000e+00
   1.4724656e-02
   1.6401942e-02
   1.7864012e-02
   1.7722724e-02
   0.0000000e+00
   0.0000000e+00
   0.0000000e+00
   0.0000000e+00
   0.0000000e+00
   0.0000000e+00
   0.0000000e+00
   0.0000000e+00
  -0.0000000e+00
  -0.0000000e+00
   0.0000000e+00
   0.0000000e+00
   0.0000000e+00
   0.0000000e+00
   0.0000000e+00
   0.0000000e+00
   1.2404143e-02
   2.5224936e-02
   4.3781827e-02
   5.9204489e-02
   7.1291587e-02
   7.6958366e-02
   8.3438007e-02
   8.6025491e-02
   8.5833155e-02
   8.2978358e-02
   7.8689285e-02
   7.1672916e-02
   6.1653521e-02
   4.9088617e-02
   0.0000000e+00
   0.0000000e+00
   1.1390908e-02
   1.4406261e-02
   1.4189409e-02
   1.0649034e-02
   0.0000000e+00
   0.0000000e+00
   0.0000000e+00
  -0.0000000e+00
  -0.0000000e+00
   0.0000000e+00
   0.0000000e+00
   0.0000000e+00
  -0.0000000e+00
  -0.0000000e+00
   0.0000000e+00
   0.0000000e+00
   0.0000000e+00
   0.0000000e+00
   0.0000000e+00
   0.0000000e+00
   1.4989985e-02
   1.9023437e-02
   3.4127630e-02
   5.0816392e-02
   6.5429926e-02
   4.0666331e-02
   4.5238799e-02
   4.5731142e-02
   4.2270780e-02
   3.6422554e-02
   3.1009236e-02
   3.0021619e-02
   0.0000000e+00
   0.0000000e+00
   0.0000000e+00
   0.0000000e+00
   2.6991033e-03
   4.4884419e-04
   0.0000000e+00
   0.0000000e+00
   0.0000000e+00
   0.0000000e+00
   0.0000000e+00
   0.0000000e+00
   0.0000000e+00
  -1.4046671e-02
  -1.3909357e-02
  -9.4473434e-03
  -3.9593466e-03
  -0.0000000e+00
   0.0000000e+00
   0.0000000e+00
   0.0000000e+00
   0.0000000e+00
   0.0000000e+00
   0.0000000e+00
   0.0000000e+00
   1.1024578e-04
   7.9005612e-03
   1.9388595e-02
   3.1026293e-02
  -5.1461860e-03
   0.0000000e+00
   0.0000000e+00
   0.0000000e+00
  -0.0000000e+00
  -0.0000000e+00
  -0.0000000e+00
   0.0000000e+00
   0.0000000e+00
   0.0000000e+00
  -5.5299381e-03
  -3.4992912e-03
  -6.9896362e-03
  -7.8733305e-03
  -8.5883709e-03
  -8.5041431e-03
  -7.4107246e-03
  -6.5673582e-03
  -6.2277067e-03
  -3.3726341e-03
  -3.5395169e-03
  -4.7782245e-03
  -5.6264712e-03
  -4.9177423e-03
  -1.3373056e-03
  -4.8880261e-04
   2.7824912e-04
   0.0000000e+00
   0.0000000e+00
   0.0000000e+00
   0.0000000e+00
   0.0000000e+00
  -0.0000000e+00
  -0.0000000e+00
  -0.0000000e+00
  -5.5390937e-03
