-START-OF-DATA-
1759.5 0.00080203
1769.5 0.00080203
1779.5 0.00080203
1789.5 0.00080203
1799.5 0.00080203
1809.5 0.00080203
1819.5 0.00080203
1829.5 0.00080203
1839.5 0.00080203
1849.5 0.00080203
1859.5 0.00080203
1869.5 0.00080203
1879.5 0.00080203
1889.5 0.00080203
1899.5 0.00080203
1909.5 0.00080203
1919.5 0.00080203
1929.5 0.00080203
1939.5 0.00080203
1949.5 0.000854
2049.5 0.000871
2149.5 9e-04
2249.5 0.000941
2349.5 0.00099
2449.5 0.001044
2549.5 0.001114
2649.5 0.0012
2749.5 0.001284
2849.5 0.001362
2949.5 0.001428
3049.5 0.001477
3149.5 0.001509
3249.5 0.001526
3349.5 0.001535
3449.5 0.001535
3549.5 0.001529
3649.5 0.00152
3749.5 0.001509
3849.5 0.001497
3949.5 0.001486
4049.5 0.001471
4149.5 0.00146
4249.5 0.001448
4349.5 0.001437
4449.5 0.001425
4549.5 0.001417
4649.5 0.001405
4749.5 0.001396
4849.5 0.001388
4949.5 0.001379
5049.5 0.00137
5149.5 0.001362
5249.5 0.001353
5349.5 0.001347
5449.5 0.001339
5549.5 0.001333
5649.5 0.001327
5749.5 0.001318
5849.5 0.001313
5949.5 0.001307
6049.5 0.001301
6149.5 0.001295
6249.5 0.001292
6349.5 0.001287
6449.5 0.001281
6549.5 0.001278
6649.5 0.001272
6749.5 0.001267
6849.5 0.001264
6949.5 0.001258
7049.5 0.001255
7149.5 0.001252
7249.5 0.001246
7349.5 0.001243
7449.5 0.001241
7549.5 0.001235
7649.5 0.001232
7749.5 0.001229
7849.5 0.001226
7949.5 0.001223
8049.5 0.00122
8149.5 0.001215
8249.5 0.001212
8349.5 0.001209
8449.5 0.001206
8549.5 0.001203
8649.5 0.0012
8749.5 0.0012
8849.5 0.001197
8949.5 0.001194
9049.5 0.001192
9149.5 0.001189
9249.5 0.001186
9349.5 0.001183
9449.5 0.001183
9549.5 0.00118
9649.5 0.001177
9749.5 0.001174
9849.5 0.001174
9949.5 0.001171
10049.5 0.001168
10149.5 0.001166
10249.5 0.001166
10349.5 0.001163
10449.5 0.00116
10549.5 0.00116
10649.5 0.001157
10749.5 0.001157
10849.5 0.001154
10949.5 0.001151
11049.5 0.001151
11149.5 0.001148
11249.5 0.001148
11349.5 0.001145
11449.5 0.001142
11549.5 0.001142
11649.5 0.00114
11749.5 0.00114
11849.5 0.001137
11949.5 0.001137
12049.5 0.001134
12149.5 0.001134
12249.5 0.001131
12349.5 0.001131
12449.5 0.001128
12549.5 0.001128
12649.5 0.001128
12749.5 0.001125
12849.5 0.001125
12949.5 0.001122
13049.5 0.001122
13149.5 0.001119
13249.5 0.001119
13349.5 0.001116
13449.5 0.001116
13549.5 0.001116
13649.5 0.001114
13749.5 0.001114
13849.5 0.001114
13949.5 0.001111
14049.5 0.001111
14149.5 0.001108
14249.5 0.001108
14349.5 0.001108
14449.5 0.001105
14549.5 0.001105
14649.5 0.001105
14749.5 0.001102
14849.5 0.001102
14949.5 0.001102
15049.5 0.001099
15149.5 0.001099
15249.5 0.001099
15349.5 0.001096
15449.5 0.001096
15549.5 0.001096
15649.5 0.001093
15749.5 0.001093
15849.5 0.001093
15949.5 0.001093
16049.5 0.001091
16149.5 0.001091
16249.5 0.001091
16349.5 0.001088
16449.5 0.001088
16549.5 0.001088
16649.5 0.001088
16749.5 0.001085
16849.5 0.001085
16949.5 0.001085
17049.5 0.001082
17149.5 0.001082
17249.5 0.001082
17349.5 0.001082
17449.5 0.001079
17549.5 0.001079
17649.5 0.001079
17749.5 0.001076
17849.5 0.001076
17949.5 0.001076
18049.5 0.001076
18149.5 0.001073
18249.5 0.001073
18349.5 0.001073
18449.5 0.001073
18549.5 0.00107
18649.5 0.00107
18749.5 0.00107
18849.5 0.00107
18949.5 0.001067
19049.5 0.001067
19149.5 0.001067
19249.5 0.001067
19349.5 0.001065
19449.5 0.001065
19549.5 0.001065
19649.5 0.001062
19749.5 0.001062
19849.5 0.001062
19949.5 0.001062
20049.5 0.001059
20149.5 0.001059
20249.5 0.001059
20349.5 0.001059
20449.5 0.001056
20549.5 0.001056
20649.5 0.001056
20749.5 0.001056
20849.5 0.001053
20949.5 0.001053
21049.5 0.001053
21149.5 0.001053
21249.5 0.00105
21349.5 0.00105
21449.5 0.00105
21549.5 0.00105
21649.5 0.001047
21749.5 0.001047
21849.5 0.001047
21949.5 0.001047
22049.5 0.001044
22149.5 0.001044
22249.5 0.001044
22349.5 0.001044
22449.5 0.001044
22549.5 0.001041
22649.5 0.001041
22749.5 0.001041
22849.5 0.001041
22949.5 0.001039
23049.5 0.001039
23149.5 0.001039
23249.5 0.001039
23349.5 0.001039
23449.5 0.001036
23549.5 0.001036
23649.5 0.001036
23749.5 0.001036
23849.5 0.001036
23949.5 0.001033
24049.5 0.001033
24149.5 0.001033
24249.5 0.001033
24349.5 0.00103
24449.5 0.00103
24549.5 0.00103
24649.5 0.00103
24749.5 0.00103
24849.5 0.00103
24949.5 0.001027
25049.5 0.001027
25149.5 0.001027
25249.5 0.001027
25349.5 0.001027
25449.5 0.001024
25549.5 0.001024
25649.5 0.001024
25749.5 0.001024
25849.5 0.001024
25949.5 0.001024
26049.5 0.001021
26149.5 0.001021
26249.5 0.001021
26349.5 0.001021
26449.5 0.001021
26549.5 0.001018
26649.5 0.001018
26749.5 0.001018
26849.5 0.001018
26949.5 0.001018
27049.5 0.001018
27149.5 0.001018
27249.5 0.001016
27349.5 0.001016
27449.5 0.001016
27549.5 0.001016
27649.5 0.001016
27749.5 0.001016
27849.5 0.001013
27949.5 0.001013
28049.5 0.001013
28149.5 0.001013
28249.5 0.001013
28349.5 0.001013
28449.5 0.001013
28549.5 0.00101
28649.5 0.00101
28749.5 0.00101
28849.5 0.00101
28949.5 0.00101
29049.5 0.00101
29149.5 0.00101
29249.5 0.00101
29349.5 0.001007
29449.5 0.001007
29549.5 0.001007
29649.5 0.001007
29749.5 0.001007
29849.5 0.001007
29949.5 0.001007
30049.5 0.001007
30149.5 0.001004
30249.5 0.001004
30349.5 0.001004
30449.5 0.001004
30549.5 0.001004
30649.5 0.001004
30749.5 0.001004
30849.5 0.001004
30949.5 0.001001
31049.5 0.001001
31149.5 0.001001
31249.5 0.001001
31349.5 0.001001
31449.5 0.001001
31549.5 0.001001
31649.5 0.001001
31749.5 0.001001
31849.5 0.001001
31949.5 0.000998
32049.5 0.000998
32149.5 0.000998
32249.5 0.000998
32349.5 0.000998
32449.5 0.000998
32549.5 0.000998
32649.5 0.000998
32749.5 0.000998
32849.5 0.000998
32949.5 0.000995
33049.5 0.000995
33149.5 0.000995
33249.5 0.000995
33349.5 0.000995
33449.5 0.000995
33549.5 0.000995
33649.5 0.000995
33749.5 0.000995
33849.5 0.000995
33949.5 0.000995
34049.5 0.000995
34149.5 0.000992
34249.5 0.000992
34349.5 0.000992
34449.5 0.000992
34549.5 0.000992
34649.5 0.000992
34749.5 0.000992
34849.5 0.000992
34949.5 0.000992
35049.5 0.000992
35149.5 0.000992
35249.5 0.000992
35349.5 0.000992
35449.5 0.00099
35549.5 0.00099
35649.5 0.00099
35749.5 0.00099
35849.5 0.00099
35949.5 0.00099
36049.5 0.00099
36149.5 0.00099
36249.5 0.00099
36349.5 0.00099
36449.5 0.00099
36549.5 0.00099
36649.5 0.00099
36749.5 0.00099
36849.5 0.00099
36949.5 0.000987
37049.5 0.000987
37149.5 0.000987
37249.5 0.000987
37349.5 0.000987
37449.5 0.000987
37549.5 0.000987
37649.5 0.000987
37749.5 0.000987
37849.5 0.000987
37949.5 0.000987
38049.5 0.000987
38149.5 0.000987
38249.5 0.000987
38349.5 0.000987
38449.5 0.000987
38549.5 0.000984
38649.5 0.000984
38749.5 0.000984
38849.5 0.000984
38949.5 0.000984
39049.5 0.000984
39149.5 0.000984
39249.5 0.000984
39349.5 0.000984
39449.5 0.000984
39549.5 0.000984
39649.5 0.000984
39749.5 0.000984
39849.5 0.000984
39949.5 0.000984
40049.5 0.000984
40149.5 0.000981
40249.5 0.000981
40349.5 0.000981
40449.5 0.000981
40549.5 0.000981
40649.5 0.000981
40749.5 0.000981
40849.5 0.000981
40949.5 0.000981
41049.5 0.000981
41149.5 0.000981
41249.5 0.000981
41349.5 0.000981
41449.5 0.000981
41549.5 0.000981
41649.5 0.000981
41749.5 0.000981
41849.5 0.000981
41949.5 0.000978
42049.5 0.000978
42149.5 0.000978
42249.5 0.000978
42349.5 0.000978
42449.5 0.000978
42549.5 0.000978
42649.5 0.000978
42749.5 0.000978
42849.5 0.000978
42949.5 0.000978
43049.5 0.000978
43149.5 0.000978
43249.5 0.000978
43349.5 0.000978
43449.5 0.000978
43549.5 0.000978
43649.5 0.000978
43749.5 0.000975
43849.5 0.000975
43949.5 0.000975
44049.5 0.000975
44149.5 0.000975
44249.5 0.000975
44349.5 0.000975
44449.5 0.000975
44549.5 0.000975
44649.5 0.000975
44749.5 0.000975
44849.5 0.000975
44949.5 0.000975
45049.5 0.000975
45149.5 0.000975
45249.5 0.000975
45349.5 0.000975
45449.5 0.000975
45549.5 0.000975
45649.5 0.000972
45749.5 0.000972
45849.5 0.000972
45949.5 0.000972
46049.5 0.000972
46149.5 0.000972
46249.5 0.000972
46349.5 0.000972
46449.5 0.000972
46549.5 0.000972
46649.5 0.000972
46749.5 0.000972
46849.5 0.000972
46949.5 0.000972
47049.5 0.000972
47149.5 0.000972
47249.5 0.000972
47349.5 0.000972
47449.5 0.000972
47549.5 0.000972
47649.5 0.000972
47749.5 0.000969
47849.5 0.000969
47949.5 0.000969
48049.5 0.000969
48149.5 0.000969
48249.5 0.000969
48349.5 0.000969
48449.5 0.000969
48549.5 0.000969
48649.5 0.000969
48749.5 0.000969
48849.5 0.000969
48949.5 0.000969
49049.5 0.000969
49149.5 0.000969
49249.5 0.000969
49349.5 0.000969
49449.5 0.000969
49549.5 0.000969
49649.5 0.000969
49749.5 0.000969
49849.5 0.000969
49949.5 0.000969
50049.5 0.000966
50149.5 0.000966
50249.5 0.000966
50349.5 0.000966
50449.5 0.000966
50549.5 0.000966
50649.5 0.000966
50749.5 0.000966
50849.5 0.000966
50949.5 0.000966
51049.5 0.000966
51149.5 0.000966
51249.5 0.000966
51349.5 0.000966
51449.5 0.000966
51549.5 0.000966
51649.5 0.000966
51749.5 0.000966
51849.5 0.000966
51949.5 0.000966
52049.5 0.000966
52149.5 0.000966
52249.5 0.000966
52349.5 0.000966
52449.5 0.000964
52549.5 0.000964
52649.5 0.000964
52749.5 0.000964
52849.5 0.000964
52949.5 0.000964
53049.5 0.000964
53149.5 0.000964
53249.5 0.000964
53349.5 0.000964
53449.5 0.000964
53549.5 0.000964
53649.5 0.000964
53749.5 0.000964
53849.5 0.000964
53949.5 0.000964
54049.5 0.000964
54149.5 0.000964
54249.5 0.000964
54349.5 0.000964
54449.5 0.000964
54549.5 0.000964
54649.5 0.000964
54749.5 0.000964
54849.5 0.000964
54949.5 0.000961
55049.5 0.000961
55149.5 0.000961
55249.5 0.000961
55349.5 0.000961
55449.5 0.000961
55549.5 0.000961
55649.5 0.000961
55749.5 0.000961
55849.5 0.000961
55949.5 0.000961
56049.5 0.000961
56149.5 0.000961
56249.5 0.000961
56349.5 0.000961
56449.5 0.000961
56549.5 0.000961
56649.5 0.000961
56749.5 0.000961
56849.5 0.000961
56949.5 0.000961
57049.5 0.000961
57149.5 0.000961
57249.5 0.000961
57349.5 0.000958
57449.5 0.000958
57549.5 0.000958
57649.5 0.000958
57749.5 0.000958
57849.5 0.000958
57949.5 0.000958
58049.5 0.000958
58149.5 0.000958
58249.5 0.000958
58349.5 0.000958
58449.5 0.000958
58549.5 0.000958
58649.5 0.000958
58749.5 0.000958
58849.5 0.000958
58949.5 0.000958
59049.5 0.000958
59149.5 0.000958
59249.5 0.000958
59349.5 0.000958
59449.5 0.000958
59549.5 0.000958
59649.5 0.000958
59749.5 0.000955
59849.5 0.000955
59949.5 0.000955
60049.5 0.000955
60149.5 0.000955
60249.5 0.000955
60349.5 0.000955
60449.5 0.000955
60549.5 0.000955
60649.5 0.000955
60749.5 0.000955
60849.5 0.000955
60949.5 0.000955
61049.5 0.000955
61149.5 0.000955
61249.5 0.000955
61349.5 0.000955
61449.5 0.000955
61549.5 0.000955
61649.5 0.000955
61749.5 0.000955
61849.5 0.000955
61949.5 0.000955
62049.5 0.000955
62149.5 0.000955
62249.5 0.000955
62349.5 0.000955
62449.5 0.000952
62549.5 0.000952
62649.5 0.000952
62749.5 0.000952
62849.5 0.000952
62949.5 0.000952
63049.5 0.000952
63149.5 0.000952
63249.5 0.000952
63349.5 0.000952
63449.5 0.000952
63549.5 0.000952
63649.5 0.000952
63749.5 0.000952
63849.5 0.000952
63949.5 0.000952
64049.5 0.000952
64149.5 0.000952
64249.5 0.000952
64349.5 0.000952
64449.5 0.000952
64549.5 0.000952
64649.5 0.000952
64749.5 0.000952
64849.5 0.000952
64949.5 0.000952
65049.5 0.000952
65149.5 0.000952
65249.5 0.000952
65349.5 0.000952
65449.5 0.000952
65549.5 0.000949
65649.5 0.000949
65749.5 0.000949
65849.5 0.000949
65949.5 0.000949
66049.5 0.000949
66149.5 0.000949
66249.5 0.000949
66349.5 0.000949
66449.5 0.000949
66549.5 0.000949
66649.5 0.000949
66749.5 0.000949
66849.5 0.000949
66949.5 0.000949
67049.5 0.000949
67149.5 0.000949
67249.5 0.000949
67349.5 0.000949
67449.5 0.000949
67549.5 0.000949
67649.5 0.000949
67749.5 0.000949
67849.5 0.000949
67949.5 0.000949
68049.5 0.000949
68149.5 0.000949
68249.5 0.000949
68349.5 0.000949
68449.5 0.000949
68549.5 0.000949
68649.5 0.000949
68749.5 0.000946
68849.5 0.000946
68949.5 0.000946
69049.5 0.000946
69149.5 0.000946
69249.5 0.000946
69349.5 0.000946
69449.5 0.000946
69549.5 0.000946
69649.5 0.000946
69749.5 0.000946
69849.5 0.000946
69949.5 0.000946
70049.5 0.000946
70149.5 0.000946
70249.5 0.000946
70349.5 0.000946
70449.5 0.000946
70549.5 0.000946
70649.5 0.000946
70749.5 0.000946
70849.5 0.000946
70949.5 0.000946
71049.5 0.000946
71149.5 0.000946
71249.5 0.000946
71349.5 0.000946
71449.5 0.000946
71549.5 0.000946
71649.5 0.000946
71749.5 0.000946
71849.5 0.000946
71949.5 0.000946
72049.5 0.000943
72149.5 0.000943
72249.5 0.000943
72349.5 0.000943
72449.5 0.000943
72549.5 0.000943
72649.5 0.000943
72749.5 0.000943
72849.5 0.000943
72949.5 0.000943
73049.5 0.000943
73149.5 0.000943
73249.5 0.000943
73349.5 0.000943
73449.5 0.000943
73549.5 0.000943
73649.5 0.000943
73749.5 0.000943
73849.5 0.000943
73949.5 0.000943
74049.5 0.000943
74149.5 0.000943
74249.5 0.000943
74349.5 0.000943
74449.5 0.000943
74549.5 0.000943
74649.5 0.000943
74749.5 0.000943
74849.5 0.000943
74949.5 0.000943
75049.5 0.000943
75149.5 0.000941
75249.5 0.000941
75349.5 0.000941
75449.5 0.000941
75549.5 0.000941
75649.5 0.000941
75749.5 0.000941
75849.5 0.000941
75949.5 0.000941
76049.5 0.000941
76149.5 0.000941
76249.5 0.000941
76349.5 0.000941
76449.5 0.000941
76549.5 0.000941
76649.5 0.000941
76749.5 0.000941
76849.5 0.000941
76949.5 0.000941
77049.5 0.000941
77149.5 0.000941
77249.5 0.000941
77349.5 0.000941
77449.5 0.000941
77549.5 0.000941
77649.5 0.000941
77749.5 0.000941
77849.5 0.000941
77949.5 0.000941
78049.5 0.000941
78149.5 0.000941
78249.5 0.000941
78349.5 0.000941
78449.5 0.000941
78549.5 0.000938
78649.5 0.000938
78749.5 0.000938
78849.5 0.000938
78949.5 0.000938
79049.5 0.000938
79149.5 0.000938
79249.5 0.000938
79349.5 0.000938
79449.5 0.000938
79549.5 0.000938
79649.5 0.000938
79749.5 0.000938
79849.5 0.000938
79949.5 0.000938
80049.5 0.000938
80149.5 0.000938
80249.5 0.000938
80349.5 0.000938
80449.5 0.000938
80549.5 0.000938
80649.5 0.000938
80749.5 0.000938
80849.5 0.000938
80949.5 0.000938
81049.5 0.000938
81149.5 0.000938
81249.5 0.000938
81349.5 0.000938
81449.5 0.000938
81549.5 0.000938
81649.5 0.000938
81749.5 0.000938
81849.5 0.000938
81949.5 0.000938
82049.5 0.000938
82149.5 0.000938
82249.5 0.000938
82349.5 0.000935
82449.5 0.000935
82549.5 0.000935
82649.5 0.000935
82749.5 0.000935
82849.5 0.000935
82949.5 0.000935
83049.5 0.000935
83149.5 0.000935
83249.5 0.000935
83349.5 0.000935
83449.5 0.000935
83549.5 0.000935
83649.5 0.000935
83749.5 0.000935
83849.5 0.000935
83949.5 0.000935
84049.5 0.000935
84149.5 0.000935
84249.5 0.000935
84349.5 0.000935
84449.5 0.000935
84549.5 0.000935
84649.5 0.000935
84749.5 0.000935
84849.5 0.000935
84949.5 0.000935
85049.5 0.000935
85149.5 0.000935
85249.5 0.000935
85349.5 0.000935
85449.5 0.000935
85549.5 0.000935
85649.5 0.000935
85749.5 0.000935
85849.5 0.000935
85949.5 0.000935
86049.5 0.000935
86149.5 0.000935
86249.5 0.000932
86349.5 0.000932
86449.5 0.000932
86549.5 0.000932
86649.5 0.000932
86749.5 0.000932
86849.5 0.000932
86949.5 0.000932
87049.5 0.000932
87149.5 0.000932
87249.5 0.000932
87349.5 0.000932
87449.5 0.000932
87549.5 0.000932
87649.5 0.000932
87749.5 0.000932
87849.5 0.000932
87949.5 0.000932
88049.5 0.000932
88149.5 0.000932
88249.5 0.000932
88349.5 0.000932
88449.5 0.000932
88549.5 0.000932
88649.5 0.000932
88749.5 0.000932
88849.5 0.000932
88949.5 0.000932
89049.5 0.000932
89149.5 0.000932
89249.5 0.000932
89349.5 0.000932
89449.5 0.000932
89549.5 0.000932
89649.5 0.000932
89749.5 0.000932
89849.5 0.000932
89949.5 0.000932
90049.5 0.000932
90149.5 0.000932
90249.5 0.000932
90349.5 0.000932
90449.5 0.000932
90549.5 0.000932
90649.5 0.000932
90749.5 0.000932
90849.5 0.000932
90949.5 0.000932
91049.5 0.000929
91149.5 0.000929
91249.5 0.000929
91349.5 0.000929
91449.5 0.000929
91549.5 0.000929
91649.5 0.000929
91749.5 0.000929
91849.5 0.000929
91949.5 0.000929
92049.5 0.000929
92149.5 0.000929
92249.5 0.000929
92349.5 0.000929
92449.5 0.000929
92549.5 0.000929
92649.5 0.000929
92749.5 0.000929
92849.5 0.000929
92949.5 0.000929
93049.5 0.000929
93149.5 0.000929
93249.5 0.000929
93349.5 0.000929
93449.5 0.000929
93549.5 0.000929
93649.5 0.000929
93749.5 0.000929
93849.5 0.000929
93949.5 0.000929
94049.5 0.000929
94149.5 0.000929
94249.5 0.000929
94349.5 0.000929
94449.5 0.000929
94549.5 0.000929
94649.5 0.000929
94749.5 0.000929
94849.5 0.000929
94949.5 0.000929
95049.5 0.000929
95149.5 0.000929
95249.5 0.000929
95349.5 0.000929
95449.5 0.000929
95549.5 0.000929
95649.5 0.000929
95749.5 0.000929
95849.5 0.000929
95949.5 0.000929
96049.5 0.000929
96149.5 0.000929
96249.5 0.000929
96349.5 0.000929
96449.5 0.000926
96549.5 0.000926
96649.5 0.000926
96749.5 0.000926
96849.5 0.000926
96949.5 0.000926
97049.5 0.000926
97149.5 0.000926
97249.5 0.000926
97349.5 0.000926
97449.5 0.000926
97549.5 0.000926
97649.5 0.000926
97749.5 0.000926
97849.5 0.000926
97949.5 0.000926
98049.5 0.000926
98149.5 0.000926
98249.5 0.000926
98349.5 0.000926
98449.5 0.000926
98549.5 0.000926
98649.5 0.000926
98749.5 0.000926
98849.5 0.000926
98949.5 0.000926
99049.5 0.000926
99149.5 0.000926
99249.5 0.000926
99349.5 0.000926
99449.5 0.000926
99549.5 0.000926
99649.5 0.000926
99749.5 0.000926
99849.5 0.000926
99949.5 0.000926
100049.5 0.000926
100149.5 0.000926
100249.5 0.000926
100349.5 0.000926
100449.5 0.000926
100549.5 0.000926
100649.5 0.000926
100749.5 0.000926
100849.5 0.000926
100949.5 0.000926
101049.5 0.000926
101149.5 0.000926
101249.5 0.000926
101349.5 0.000926
101449.5 0.000926
101549.5 0.000926
101649.5 0.000926
101749.5 0.000926
101849.5 0.000926
101949.5 0.000926
102049.5 0.000926
102149.5 0.000926
102249.5 0.000926
102349.5 0.000923
102449.5 0.000923
102549.5 0.000923
9999982445 0.000802
-END-OF-DATA-
