-START-OF-DATA-
1759.5 0.00164328
1769.5 0.00164328
1779.5 0.00164328
1789.5 0.00164328
1799.5 0.00164328
1809.5 0.00164328
1819.5 0.00164328
1829.5 0.00164328
1839.5 0.00164328
1849.5 0.00164328
1859.5 0.00164328
1869.5 0.00164328
1879.5 0.00164328
1889.5 0.00164328
1899.5 0.00164328
1909.5 0.00164328
1919.5 0.00164328
1929.5 0.00164328
1939.5 0.00164328
1949.5 0.00175
1959.5 0.001785
1969.5 0.001844
1979.5 0.001927
1989.5 0.002028
1999.5 0.00214
2009.5 0.002282
2019.5 0.002471
2029.5 0.002713
2039.5 0.003021
2049.5 0.003405
2059.5 0.003872
2069.5 0.004427
2079.5 0.005072
2089.5 0.005805
2099.5 0.00662
2109.5 0.007389
2119.5 0.008216
2129.5 0.009044
2139.5 0.009753
2149.5 0.010403
2159.5 0.010935
2169.5 0.011408
2179.5 0.011763
2189.5 0.011999
2199.5 0.012236
2209.5 0.012354
2219.5 0.012472
2229.5 0.012531
2239.5 0.012591
2249.5 0.012591
2259.5 0.012591
2269.5 0.012531
2279.5 0.012531
2289.5 0.012472
2299.5 0.012413
2309.5 0.012413
2319.5 0.012354
2329.5 0.012295
2339.5 0.012236
2349.5 0.012177
2359.5 0.012118
2369.5 0.012059
2379.5 0.011999
2389.5 0.01194
2399.5 0.011881
2409.5 0.011881
2419.5 0.011822
2429.5 0.011763
2439.5 0.011704
2449.5 0.011645
2459.5 0.011586
2469.5 0.011586
2479.5 0.011527
2489.5 0.011467
2499.5 0.011408
2509.5 0.011349
2519.5 0.011349
2529.5 0.01129
2539.5 0.011231
2549.5 0.011231
2559.5 0.011172
2569.5 0.011113
2579.5 0.011054
2589.5 0.011054
2599.5 0.010995
2609.5 0.010935
2619.5 0.010935
2629.5 0.010876
2639.5 0.010817
2649.5 0.010817
2659.5 0.010758
2669.5 0.010699
2679.5 0.010699
2689.5 0.01064
2699.5 0.010581
2709.5 0.010581
2719.5 0.010522
2729.5 0.010522
2739.5 0.010463
2749.5 0.010403
2759.5 0.010403
2769.5 0.010344
2779.5 0.010344
2789.5 0.010285
2799.5 0.010226
2809.5 0.010226
2819.5 0.010167
2829.5 0.010167
2839.5 0.010108
2849.5 0.010108
2859.5 0.010049
2869.5 0.00999
2879.5 0.00999
2889.5 0.009931
2899.5 0.009931
2909.5 0.009872
2919.5 0.009872
2929.5 0.009812
2939.5 0.009812
2949.5 0.009753
2959.5 0.009753
2969.5 0.009694
2979.5 0.009694
2989.5 0.009635
2999.5 0.009635
3009.5 0.009576
3019.5 0.009576
3029.5 0.009517
3039.5 0.009517
3049.5 0.009458
3059.5 0.009458
3069.5 0.009399
3079.5 0.009399
3089.5 0.00934
3099.5 0.00934
3109.5 0.00928
3119.5 0.00928
3129.5 0.00928
3139.5 0.009221
3149.5 0.009221
3159.5 0.009162
3169.5 0.009162
3179.5 0.009103
3189.5 0.009103
3199.5 0.009044
3209.5 0.009044
3219.5 0.009044
3229.5 0.008985
3239.5 0.008985
3249.5 0.008926
3259.5 0.008926
3269.5 0.008867
3279.5 0.008867
3289.5 0.008867
3299.5 0.008808
3309.5 0.008808
3319.5 0.008748
3329.5 0.008748
3339.5 0.008748
3349.5 0.008689
3359.5 0.008689
3369.5 0.00863
3379.5 0.00863
3389.5 0.00863
3399.5 0.008571
3409.5 0.008571
3419.5 0.008571
3429.5 0.008512
3439.5 0.008512
3449.5 0.008453
3459.5 0.008453
3469.5 0.008453
3479.5 0.008394
3489.5 0.008394
3499.5 0.008394
3509.5 0.008335
3519.5 0.008335
3529.5 0.008276
3539.5 0.008276
3549.5 0.008276
3559.5 0.008216
3569.5 0.008216
3579.5 0.008216
3589.5 0.008157
3599.5 0.008157
3609.5 0.008157
3619.5 0.008098
3629.5 0.008098
3639.5 0.008098
3649.5 0.008039
3659.5 0.008039
3669.5 0.008039
3679.5 0.00798
3689.5 0.00798
3699.5 0.00798
3709.5 0.007921
3719.5 0.007921
3729.5 0.007921
3739.5 0.007862
3749.5 0.007862
3759.5 0.007862
3769.5 0.007862
3779.5 0.007803
3789.5 0.007803
3799.5 0.007803
3809.5 0.007744
3819.5 0.007744
3829.5 0.007744
3839.5 0.007684
3849.5 0.007684
3859.5 0.007684
3869.5 0.007684
3879.5 0.007625
3889.5 0.007625
3899.5 0.007625
3909.5 0.007566
3919.5 0.007566
3929.5 0.007566
3939.5 0.007566
3949.5 0.007507
3959.5 0.007507
3969.5 0.007507
3979.5 0.007507
3989.5 0.007448
3999.5 0.007448
4009.5 0.007448
4019.5 0.007389
4029.5 0.007389
4039.5 0.007389
4049.5 0.007389
4059.5 0.00733
4069.5 0.00733
4079.5 0.00733
4089.5 0.00733
4099.5 0.007271
4109.5 0.007271
4119.5 0.007271
4129.5 0.007271
4139.5 0.007212
4149.5 0.007212
4159.5 0.007212
4169.5 0.007212
4179.5 0.007212
4189.5 0.007152
4199.5 0.007152
4209.5 0.007152
4219.5 0.007152
4229.5 0.007093
4239.5 0.007093
4249.5 0.007093
4259.5 0.007093
4269.5 0.007034
4279.5 0.007034
4289.5 0.007034
4299.5 0.007034
4309.5 0.007034
4319.5 0.006975
4329.5 0.006975
4339.5 0.006975
4349.5 0.006975
4359.5 0.006975
4369.5 0.006916
4379.5 0.006916
4389.5 0.006916
4399.5 0.006916
4409.5 0.006916
4419.5 0.006857
4429.5 0.006857
4439.5 0.006857
4449.5 0.006857
4459.5 0.006857
4469.5 0.006798
4479.5 0.006798
4489.5 0.006798
4499.5 0.006798
4509.5 0.006798
4519.5 0.006739
4529.5 0.006739
4539.5 0.006739
4549.5 0.006739
4559.5 0.006739
4569.5 0.006739
4579.5 0.00668
4589.5 0.00668
4599.5 0.00668
4609.5 0.00668
4619.5 0.00668
4629.5 0.00662
4639.5 0.00662
4649.5 0.00662
4659.5 0.00662
4669.5 0.00662
4679.5 0.00662
4689.5 0.006561
4699.5 0.006561
4709.5 0.006561
4719.5 0.006561
4729.5 0.006561
4739.5 0.006561
4749.5 0.006561
4759.5 0.006502
4769.5 0.006502
4779.5 0.006502
4789.5 0.006502
4799.5 0.006502
4809.5 0.006502
4819.5 0.006443
4829.5 0.006443
4839.5 0.006443
4849.5 0.006443
4859.5 0.006443
4869.5 0.006443
4879.5 0.006443
4889.5 0.006384
4899.5 0.006384
4909.5 0.006384
4919.5 0.006384
4929.5 0.006384
4939.5 0.006384
4949.5 0.006384
4959.5 0.006325
4969.5 0.006325
4979.5 0.006325
4989.5 0.006325
4999.5 0.006325
5009.5 0.006325
5019.5 0.006325
5029.5 0.006325
5039.5 0.006266
5049.5 0.006266
5059.5 0.006266
5069.5 0.006266
5079.5 0.006266
5089.5 0.006266
5099.5 0.006266
5109.5 0.006266
5119.5 0.006207
5129.5 0.006207
5139.5 0.006207
5149.5 0.006207
5159.5 0.006207
5169.5 0.006207
5179.5 0.006207
5189.5 0.006207
5199.5 0.006148
5209.5 0.006148
5219.5 0.006148
5229.5 0.006148
5239.5 0.006148
5249.5 0.006148
5259.5 0.006148
5269.5 0.006148
5279.5 0.006148
5289.5 0.006088
5299.5 0.006088
5309.5 0.006088
5319.5 0.006088
5329.5 0.006088
5339.5 0.006088
5349.5 0.006088
5359.5 0.006088
5369.5 0.006088
5379.5 0.006029
5389.5 0.006029
5399.5 0.006029
5409.5 0.006029
5419.5 0.006029
5429.5 0.006029
5439.5 0.006029
5449.5 0.006029
5459.5 0.006029
5469.5 0.006029
5479.5 0.00597
5489.5 0.00597
5499.5 0.00597
5509.5 0.00597
5519.5 0.00597
5529.5 0.00597
5539.5 0.00597
5549.5 0.00597
5559.5 0.00597
5569.5 0.00597
5579.5 0.005911
5589.5 0.005911
5599.5 0.005911
5609.5 0.005911
5619.5 0.005911
5629.5 0.005911
5639.5 0.005905
5649.5 0.005899
5659.5 0.005893
5669.5 0.005887
5679.5 0.005887
5689.5 0.005882
5699.5 0.005876
5709.5 0.00587
5719.5 0.005864
5729.5 0.005858
5739.5 0.005852
5749.5 0.005846
5759.5 0.005846
5769.5 0.00584
5779.5 0.005834
5789.5 0.005828
5799.5 0.005822
5809.5 0.005817
5819.5 0.005817
5829.5 0.005811
5839.5 0.005805
5849.5 0.005799
5859.5 0.005793
5869.5 0.005793
5879.5 0.005787
5889.5 0.005781
5899.5 0.005775
5909.5 0.005775
5919.5 0.005769
5929.5 0.005763
5939.5 0.005757
5949.5 0.005751
5959.5 0.005751
5969.5 0.005746
5979.5 0.00574
5989.5 0.005734
5999.5 0.005734
6009.5 0.005728
6019.5 0.005722
6029.5 0.005722
6039.5 0.005716
6049.5 0.00571
6059.5 0.005704
6069.5 0.005704
6079.5 0.005698
6089.5 0.005692
6099.5 0.005692
6109.5 0.005686
6119.5 0.005681
6129.5 0.005681
6139.5 0.005675
6149.5 0.005669
6159.5 0.005669
6169.5 0.005663
6179.5 0.005657
6189.5 0.005657
6199.5 0.005651
6209.5 0.005645
6219.5 0.005645
6229.5 0.005639
6239.5 0.005633
6249.5 0.005633
6259.5 0.005627
6269.5 0.005621
6279.5 0.005621
6289.5 0.005616
6299.5 0.005616
6309.5 0.00561
6319.5 0.005604
6329.5 0.005604
6339.5 0.005598
6349.5 0.005592
6359.5 0.005592
6369.5 0.005586
6379.5 0.005586
6389.5 0.00558
6399.5 0.00558
6409.5 0.005574
6419.5 0.005568
6429.5 0.005568
6439.5 0.005562
6449.5 0.005562
6459.5 0.005556
6469.5 0.005551
6479.5 0.005551
6489.5 0.005545
6499.5 0.005545
6509.5 0.005539
6519.5 0.005539
6529.5 0.005533
6539.5 0.005527
6549.5 0.005527
6559.5 0.005521
6569.5 0.005521
6579.5 0.005515
6589.5 0.005515
6599.5 0.005509
6609.5 0.005509
6619.5 0.005503
6629.5 0.005503
6639.5 0.005497
6649.5 0.005491
6659.5 0.005491
6669.5 0.005485
6679.5 0.005485
6689.5 0.00548
6699.5 0.00548
6709.5 0.005474
6719.5 0.005474
6729.5 0.005468
6739.5 0.005468
6749.5 0.005462
6759.5 0.005462
6769.5 0.005456
6779.5 0.005456
6789.5 0.00545
6799.5 0.00545
6809.5 0.005444
6819.5 0.005438
6829.5 0.005438
6839.5 0.005432
6849.5 0.005432
6859.5 0.005426
6869.5 0.005426
6879.5 0.00542
6889.5 0.00542
6899.5 0.005415
6909.5 0.005415
6919.5 0.005409
6929.5 0.005409
6939.5 0.005403
6949.5 0.005403
6959.5 0.005397
6969.5 0.005397
6979.5 0.005391
6989.5 0.005391
6999.5 0.005385
7009.5 0.005385
7019.5 0.005379
7029.5 0.005379
7039.5 0.005373
7049.5 0.005373
7059.5 0.005367
7069.5 0.005367
7079.5 0.005361
7089.5 0.005361
7099.5 0.005355
7109.5 0.005355
7119.5 0.00535
7129.5 0.00535
7139.5 0.005344
7149.5 0.005344
7159.5 0.005338
7169.5 0.005338
7179.5 0.005332
7189.5 0.005332
7199.5 0.005326
7209.5 0.005326
7219.5 0.00532
7229.5 0.00532
7239.5 0.00532
7249.5 0.005314
7259.5 0.005314
7269.5 0.005308
7279.5 0.005308
7289.5 0.005302
7299.5 0.005302
7309.5 0.005296
7319.5 0.005296
7329.5 0.00529
7339.5 0.00529
7349.5 0.005285
7359.5 0.005285
7369.5 0.005279
7379.5 0.005279
7389.5 0.005273
7399.5 0.005273
7409.5 0.005267
7419.5 0.005267
7429.5 0.005261
7439.5 0.005261
7449.5 0.005261
7459.5 0.005255
7469.5 0.005255
7479.5 0.005249
7489.5 0.005249
7499.5 0.005243
7509.5 0.005243
7519.5 0.005237
7529.5 0.005237
7539.5 0.005231
7549.5 0.005231
7559.5 0.005225
7569.5 0.005225
7579.5 0.005219
7589.5 0.005219
7599.5 0.005219
7609.5 0.005214
7619.5 0.005214
7629.5 0.005208
7639.5 0.005208
7649.5 0.005202
7659.5 0.005202
7669.5 0.005196
7679.5 0.005196
7689.5 0.00519
7699.5 0.00519
7709.5 0.00519
7719.5 0.005184
7729.5 0.005184
7739.5 0.005178
7749.5 0.005178
7759.5 0.005172
7769.5 0.005172
7779.5 0.005166
7789.5 0.005166
7799.5 0.00516
7809.5 0.00516
7819.5 0.00516
7829.5 0.005154
7839.5 0.005154
7849.5 0.005149
7859.5 0.005149
7869.5 0.005143
7879.5 0.005143
7889.5 0.005137
7899.5 0.005137
7909.5 0.005137
7919.5 0.005131
7929.5 0.005131
7939.5 0.005125
7949.5 0.005125
7959.5 0.005119
7969.5 0.005119
7979.5 0.005113
7989.5 0.005113
7999.5 0.005113
8009.5 0.005107
8019.5 0.005107
8029.5 0.005101
8039.5 0.005101
8049.5 0.005095
8059.5 0.005095
8069.5 0.005095
8079.5 0.005089
8089.5 0.005089
8099.5 0.005084
8109.5 0.005084
8119.5 0.005078
8129.5 0.005078
8139.5 0.005078
8149.5 0.005072
8159.5 0.005072
8169.5 0.005066
8179.5 0.005066
8189.5 0.00506
8199.5 0.00506
8209.5 0.00506
8219.5 0.005054
8229.5 0.005054
8239.5 0.005048
8249.5 0.005048
8259.5 0.005042
8269.5 0.005042
8279.5 0.005042
8289.5 0.005036
8299.5 0.005036
8309.5 0.00503
8319.5 0.00503
8329.5 0.005024
8339.5 0.005024
8349.5 0.005024
8359.5 0.005019
8369.5 0.005019
8379.5 0.005013
8389.5 0.005013
8399.5 0.005007
8409.5 0.005007
8419.5 0.005007
8429.5 0.005001
8439.5 0.005001
8449.5 0.004995
8459.5 0.004995
8469.5 0.004995
8479.5 0.004989
8489.5 0.004989
8499.5 0.004983
8509.5 0.004983
8519.5 0.004983
8529.5 0.004977
8539.5 0.004977
8549.5 0.004971
8559.5 0.004971
8569.5 0.004965
8579.5 0.004965
8589.5 0.004965
8599.5 0.004959
8609.5 0.004959
8619.5 0.004953
8629.5 0.004953
8639.5 0.004953
8649.5 0.004948
8659.5 0.004948
8669.5 0.004942
8679.5 0.004942
8689.5 0.004942
8699.5 0.004936
8709.5 0.004936
8719.5 0.00493
8729.5 0.00493
8739.5 0.00493
8749.5 0.004924
8759.5 0.004924
8769.5 0.004918
8779.5 0.004918
8789.5 0.004918
8799.5 0.004912
8809.5 0.004912
8819.5 0.004912
8829.5 0.004906
8839.5 0.004906
8849.5 0.0049
8859.5 0.0049
8869.5 0.0049
8879.5 0.004894
8889.5 0.004894
8899.5 0.004888
8909.5 0.004888
8919.5 0.004888
8929.5 0.004883
8939.5 0.004883
8949.5 0.004877
8959.5 0.004877
8969.5 0.004877
8979.5 0.004871
8989.5 0.004871
8999.5 0.004871
9009.5 0.004865
9019.5 0.004865
9029.5 0.004859
9039.5 0.004859
9049.5 0.004859
9059.5 0.004853
9069.5 0.004853
9079.5 0.004847
9089.5 0.004847
9099.5 0.004847
9109.5 0.004841
9119.5 0.004841
9129.5 0.004841
9139.5 0.004835
9149.5 0.004835
9159.5 0.004829
9169.5 0.004829
9179.5 0.004829
9189.5 0.004823
9199.5 0.004823
9209.5 0.004823
9219.5 0.004818
9229.5 0.004818
9239.5 0.004812
9249.5 0.004812
9259.5 0.004812
9269.5 0.004806
9279.5 0.004806
9289.5 0.004806
9299.5 0.0048
9309.5 0.0048
9319.5 0.0048
9329.5 0.004794
9339.5 0.004794
9349.5 0.004788
9359.5 0.004788
9369.5 0.004788
9379.5 0.004782
9389.5 0.004782
9399.5 0.004782
9409.5 0.004776
9419.5 0.004776
9429.5 0.00477
9439.5 0.00477
9449.5 0.00477
9459.5 0.004764
9469.5 0.004764
9479.5 0.004764
9489.5 0.004758
9499.5 0.004758
9509.5 0.004758
9519.5 0.004753
9529.5 0.004753
9539.5 0.004747
9549.5 0.004747
9559.5 0.004747
9569.5 0.004741
9579.5 0.004741
9589.5 0.004741
9599.5 0.004735
9609.5 0.004735
9619.5 0.004729
9629.5 0.004729
9639.5 0.004729
9649.5 0.004723
9659.5 0.004723
9669.5 0.004717
9679.5 0.004717
9689.5 0.004717
9699.5 0.004711
9709.5 0.004711
9719.5 0.004705
9729.5 0.004705
9739.5 0.004705
9749.5 0.004699
9759.5 0.004699
9769.5 0.004699
9779.5 0.004693
9789.5 0.004693
9799.5 0.004687
9809.5 0.004687
9819.5 0.004687
9829.5 0.004682
9839.5 0.004682
9849.5 0.004682
9859.5 0.004676
9869.5 0.004676
9879.5 0.00467
9889.5 0.00467
9899.5 0.00467
9909.5 0.004664
9919.5 0.004664
9929.5 0.004664
9939.5 0.004658
9949.5 0.004658
9959.5 0.004658
9969.5 0.004652
9979.5 0.004652
9989.5 0.004646
9999.5 0.004646
10009.5 0.004646
10019.5 0.00464
10029.5 0.00464
10039.5 0.00464
10049.5 0.004634
10059.5 0.004634
10069.5 0.004634
10079.5 0.004628
10089.5 0.004628
10099.5 0.004628
10109.5 0.004622
10119.5 0.004622
10129.5 0.004622
10139.5 0.004617
10149.5 0.004617
10159.5 0.004617
10169.5 0.004611
10179.5 0.004611
10189.5 0.004611
10199.5 0.004605
10209.5 0.004605
10219.5 0.004605
10229.5 0.004599
10239.5 0.004599
10249.5 0.004599
10259.5 0.004593
10269.5 0.004593
10279.5 0.004593
10289.5 0.004587
10299.5 0.004587
10309.5 0.004587
10319.5 0.004581
10329.5 0.004581
10339.5 0.004581
10349.5 0.004575
10359.5 0.004575
10369.5 0.004575
10379.5 0.004569
10389.5 0.004569
10399.5 0.004569
10409.5 0.004569
10419.5 0.004563
10429.5 0.004563
10439.5 0.004563
10449.5 0.004557
10459.5 0.004557
10469.5 0.004557
10479.5 0.004552
10489.5 0.004552
10499.5 0.004552
10509.5 0.004546
10519.5 0.004546
10529.5 0.004546
10539.5 0.00454
10549.5 0.00454
10559.5 0.00454
10569.5 0.00454
10579.5 0.004534
10589.5 0.004534
10599.5 0.004534
10609.5 0.004528
10619.5 0.004528
10629.5 0.004528
10639.5 0.004528
10649.5 0.004522
10659.5 0.004522
10669.5 0.004522
10679.5 0.004516
10689.5 0.004516
10699.5 0.004516
10709.5 0.00451
10719.5 0.00451
10729.5 0.00451
10739.5 0.00451
10749.5 0.004504
10759.5 0.004504
10769.5 0.004504
10779.5 0.004498
10789.5 0.004498
10799.5 0.004498
10809.5 0.004498
10819.5 0.004492
10829.5 0.004492
10839.5 0.004492
10849.5 0.004487
10859.5 0.004487
10869.5 0.004487
10879.5 0.004487
10889.5 0.004481
10899.5 0.004481
10909.5 0.004481
10919.5 0.004475
10929.5 0.004475
10939.5 0.004475
10949.5 0.004469
10959.5 0.004469
10969.5 0.004469
10979.5 0.004469
10989.5 0.004463
10999.5 0.004463
11009.5 0.004463
11019.5 0.004457
11029.5 0.004457
11039.5 0.004457
11049.5 0.004457
11059.5 0.004451
11069.5 0.004451
11079.5 0.004451
11089.5 0.004445
11099.5 0.004445
11109.5 0.004445
11119.5 0.004445
11129.5 0.004439
11139.5 0.004439
11149.5 0.004439
11159.5 0.004433
11169.5 0.004433
11179.5 0.004433
11189.5 0.004433
11199.5 0.004427
11209.5 0.004427
11219.5 0.004427
11229.5 0.004421
11239.5 0.004421
11249.5 0.004421
11259.5 0.004416
11269.5 0.004416
11279.5 0.004416
11289.5 0.004416
11299.5 0.00441
11309.5 0.00441
11319.5 0.00441
11329.5 0.004404
11339.5 0.004404
11349.5 0.004404
11359.5 0.004398
11369.5 0.004398
11379.5 0.004398
11389.5 0.004398
11399.5 0.004392
11409.5 0.004392
11419.5 0.004392
11429.5 0.004386
11439.5 0.004386
11449.5 0.004386
11459.5 0.004386
11469.5 0.00438
11479.5 0.00438
11489.5 0.00438
11499.5 0.004374
11509.5 0.004374
11519.5 0.004374
11529.5 0.004374
11539.5 0.004368
11549.5 0.004368
11559.5 0.004368
11569.5 0.004362
11579.5 0.004362
11589.5 0.004362
11599.5 0.004362
11609.5 0.004356
11619.5 0.004356
11629.5 0.004356
11639.5 0.004351
11649.5 0.004351
11659.5 0.004351
11669.5 0.004351
11679.5 0.004345
11689.5 0.004345
11699.5 0.004345
11709.5 0.004339
11719.5 0.004339
11729.5 0.004339
11739.5 0.004339
11749.5 0.004333
11759.5 0.004333
11769.5 0.004333
11779.5 0.004333
11789.5 0.004327
11799.5 0.004327
11809.5 0.004327
11819.5 0.004321
11829.5 0.004321
11839.5 0.004321
11849.5 0.004321
11859.5 0.004315
11869.5 0.004315
11879.5 0.004315
11889.5 0.004315
11899.5 0.004309
11909.5 0.004309
11919.5 0.004309
11929.5 0.004309
11939.5 0.004303
11949.5 0.004303
11959.5 0.004303
11969.5 0.004297
11979.5 0.004297
11989.5 0.004297
11999.5 0.004297
12009.5 0.004291
999999999 0.001643
-END-OF-DATA-
