   0.0000000e+00   0.0000000e+00   0.0000000e+00   0.0000000e+00   0.0000000e+00   0.0000000e+00   0.0000000e+00   0.0000000e+00   1.6944451e+00   1.4021084e+00   1.2166063e+00   1.3302918e+00   1.5355189e+00   1.4208012e+00   1.3235581e+00   1.1401853e+00   1.0603635e+00   9.1424416e-01   1.1409364e+00   1.7439475e+00   1.1469773e+00   7.3524307e-01   7.1936088e-01   6.1899391e-01   6.7442278e-01   6.5502681e-01   6.2086877e-01   5.2633336e-01   5.5690165e-01   4.7348117e-01   5.2943937e-01   5.7550711e-01   6.7397544e-01   0.0000000e+00   0.0000000e+00   0.0000000e+00
   0.0000000e+00   0.0000000e+00   0.0000000e+00   0.0000000e+00   0.0000000e+00   8.2131393e-01   1.0014523e+00   1.3426624e+00   1.7499847e+00   1.6397338e+00   1.5866712e+00   1.5201324e+00   1.4903590e+00   1.2861565e+00   1.1946702e+00   1.0816155e+00   4.8333193e-01   6.7008072e-01   1.0099512e+00   0.0000000e+00   0.0000000e+00   0.0000000e+00   0.0000000e+00   0.0000000e+00   0.0000000e+00   0.0000000e+00   0.0000000e+00   8.8236121e-01   4.4067291e-01   3.2927599e-01   5.2736342e-01   0.0000000e+00   0.0000000e+00   0.0000000e+00   0.0000000e+00   0.0000000e+00
   0.0000000e+00   0.0000000e+00   0.0000000e+00   0.0000000e+00   0.0000000e+00   1.2232896e+00   1.4262751e+00   1.8657007e+00   2.4810259e+00   2.9407246e+00   3.2736042e+00   3.5180576e+00   3.6823781e+00   3.7844574e+00   3.7739780e+00   3.8851202e+00   4.2179880e+00   4.0316218e+00   0.0000000e+00   0.0000000e+00   0.0000000e+00   0.0000000e+00   0.0000000e+00   0.0000000e+00   0.0000000e+00   0.0000000e+00   0.0000000e+00   0.0000000e+00   0.0000000e+00   0.0000000e+00   0.0000000e+00   0.0000000e+00   0.0000000e+00   0.0000000e+00   0.0000000e+00   0.0000000e+00
   0.0000000e+00   0.0000000e+00   0.0000000e+00   0.0000000e+00   0.0000000e+00   8.6773384e-01   1.5970287e+00   2.5633097e+00   3.4124084e+00   4.0461261e+00   4.5064039e+00   4.8393064e+00   5.0858963e+00   5.2828407e+00   5.3667989e+00   5.3008774e+00   5.1337528e+00   4.6638079e+00   0.0000000e+00   0.0000000e+00   0.0000000e+00   0.0000000e+00   0.0000000e+00   0.0000000e+00   0.0000000e+00   0.0000000e+00   0.0000000e+00   0.0000000e+00   0.0000000e+00   0.0000000e+00   0.0000000e+00   0.0000000e+00   0.0000000e+00   0.0000000e+00   0.0000000e+00   0.0000000e+00
   0.0000000e+00   0.0000000e+00   0.0000000e+00   0.0000000e+00   0.0000000e+00   9.6234912e-01   1.9348471e+00   2.8326484e+00   3.5134009e+00   4.0697060e+00   4.5126280e+00   4.8868469e+00   5.1710267e+00   5.4015935e+00   5.5047315e+00   5.4025865e+00   5.1867035e+00   4.8557319e+00   0.0000000e+00   0.0000000e+00   0.0000000e+00   0.0000000e+00   0.0000000e+00   0.0000000e+00   0.0000000e+00   0.0000000e+00   0.0000000e+00   0.0000000e+00   0.0000000e+00   0.0000000e+00   0.0000000e+00   0.0000000e+00   0.0000000e+00   0.0000000e+00   0.0000000e+00   0.0000000e+00
   0.0000000e+00   0.0000000e+00   0.0000000e+00   0.0000000e+00   0.0000000e+00   2.5434783e+00   2.8374697e+00   2.9592319e+00   3.0591207e+00   3.2067813e+00   3.4502728e+00   3.7498758e+00   4.0373912e+00   4.2885408e+00   4.3929634e+00   4.2721596e+00   4.1450493e+00   4.3305491e+00   4.3784542e+00   0.0000000e+00   0.0000000e+00   0.0000000e+00   0.0000000e+00   0.0000000e+00   0.0000000e+00   0.0000000e+00   0.0000000e+00   0.0000000e+00   0.0000000e+00   0.0000000e+00   0.0000000e+00   0.0000000e+00   0.0000000e+00   0.0000000e+00   0.0000000e+00   0.0000000e+00
   0.0000000e+00   0.0000000e+00   0.0000000e+00   0.0000000e+00   3.2715929e+00   3.1046734e+00   2.9732337e+00   2.5446587e+00   2.0982189e+00   1.7994199e+00   1.7551440e+00   1.8975239e+00   2.1393800e+00   2.3434536e+00   2.4326260e+00   2.4179668e+00   2.5541416e+00   3.4746114e+00   4.3478565e+00   0.0000000e+00   0.0000000e+00   0.0000000e+00   0.0000000e+00   0.0000000e+00   0.0000000e+00   2.8854917e+00   2.9904028e+00   0.0000000e+00   0.0000000e+00   0.0000000e+00   0.0000000e+00   0.0000000e+00   0.0000000e+00   0.0000000e+00   0.0000000e+00   0.0000000e+00
   0.0000000e+00   0.0000000e+00   0.0000000e+00   2.4457606e+00   2.5710815e+00   2.5697684e+00   2.2375905e+00   1.8016651e+00   1.4624494e+00   1.1284091e+00   8.2394868e-01   6.2723994e-01   6.2851398e-01   6.6881037e-01   6.9294572e-01   1.0616815e+00   1.9029696e+00   2.3495523e+00   4.9960946e+00   0.0000000e+00   0.0000000e+00   0.0000000e+00   0.0000000e+00   0.0000000e+00   7.8460384e-01   1.2092885e+00   2.7522971e+00   2.5912235e+00   3.1975968e+00   3.2457716e+00   3.0306767e+00   2.8714137e+00   3.3555076e+00   0.0000000e+00   0.0000000e+00   0.0000000e+00
   0.0000000e+00   0.0000000e+00   0.0000000e+00   1.4598483e+00   1.5102575e+00   1.6450528e+00   1.7561364e+00   1.9951767e+00   2.2346511e+00   2.3496051e+00   2.3261395e+00   2.1958132e+00   2.1075675e+00   2.0695121e+00   2.0894630e+00   2.3100405e+00   2.1607730e+00   2.5814819e+00   5.5289388e+00   0.0000000e+00   0.0000000e+00   0.0000000e+00   0.0000000e+00   0.0000000e+00   1.3593198e+00   2.0298772e+00   1.6541486e+00   1.5843638e+00   1.5805864e+00   1.8132275e+00   1.8451499e+00   1.9758506e+00   2.9382537e+00   0.0000000e+00   0.0000000e+00   0.0000000e+00
   0.0000000e+00   0.0000000e+00   0.0000000e+00   1.8965451e+00   1.7693837e+00   2.1563873e+00   2.7540905e+00   3.3320131e+00   3.7791977e+00   4.0109282e+00   4.0276456e+00   3.9256177e+00   3.8758299e+00   3.9359951e+00   4.1901627e+00   4.3355870e+00   4.1475315e+00   5.0041326e+00   5.8464093e+00   4.8499201e+00   0.0000000e+00   0.0000000e+00   0.0000000e+00   0.0000000e+00   3.9426905e+00   4.7827156e+00   0.0000000e+00   1.7025149e+00   1.2335228e+00   1.5369773e+00   2.0715080e+00   2.4937329e+00   3.0422621e+00   0.0000000e+00   0.0000000e+00   0.0000000e+00
   0.0000000e+00   0.0000000e+00   0.0000000e+00   3.4201815e+00   3.4737556e+00   3.7124596e+00   4.1349864e+00   4.6109819e+00   4.9714766e+00   5.1064873e+00   5.0631056e+00   4.9504566e+00   4.9474745e+00   5.1378069e+00   5.4948659e+00   5.7223587e+00   5.9066620e+00   6.0365877e+00   5.5319256e+00   4.7045387e+00   0.0000000e+00   0.0000000e+00   0.0000000e+00   0.0000000e+00   0.0000000e+00   0.0000000e+00   0.0000000e+00   3.7475327e+00   3.0997488e+00   3.0197868e+00   3.1253896e+00   3.1935127e+00   4.2043713e+00   0.0000000e+00   0.0000000e+00   0.0000000e+00
   0.0000000e+00   0.0000000e+00   4.1598235e+00   4.4703617e+00   4.8389544e+00   5.1614289e+00   5.5199585e+00   5.8459516e+00   6.0467649e+00   6.0852523e+00   6.0595880e+00   6.0739059e+00   6.2299256e+00   6.5054231e+00   6.7965999e+00   6.9682012e+00   7.0104899e+00   6.4583240e+00   5.6019664e+00   4.4271036e+00   0.0000000e+00   0.0000000e+00   0.0000000e+00   0.0000000e+00   0.0000000e+00   0.0000000e+00   0.0000000e+00   4.9829079e+00   4.6486397e+00   4.2583556e+00   3.9055462e+00   3.4064608e+00   4.2760008e+00   0.0000000e+00   0.0000000e+00   0.0000000e+00
   0.0000000e+00   0.0000000e+00   4.3872956e+00   4.6473355e+00   5.4253006e+00   6.0897350e+00   6.5642824e+00   6.8860059e+00   7.1124535e+00   7.2643352e+00   7.4057364e+00   7.5644422e+00   7.7240520e+00   7.8399191e+00   7.8545604e+00   7.7356148e+00   7.4028487e+00   6.5499730e+00   5.4843903e+00   3.7127402e+00   0.0000000e+00   0.0000000e+00   0.0000000e+00   0.0000000e+00   0.0000000e+00   0.0000000e+00   0.0000000e+00   6.0570576e+00   5.5027618e+00   4.7739758e+00   4.1556859e+00   3.4779449e+00   4.0638840e+00   3.2213799e+00   0.0000000e+00   0.0000000e+00
   0.0000000e+00   0.0000000e+00   0.0000000e+00   4.3716495e+00   5.3958235e+00   6.4443798e+00   7.1387486e+00   7.6079431e+00   7.9850569e+00   8.3057356e+00   8.5847692e+00   8.7958288e+00   8.8866825e+00   8.8494816e+00   8.6355104e+00   8.2120600e+00   7.4848099e+00   6.3459754e+00   5.0188823e+00   3.4199641e+00   0.0000000e+00   0.0000000e+00   0.0000000e+00   0.0000000e+00   0.0000000e+00   0.0000000e+00   0.0000000e+00   0.0000000e+00   6.0469789e+00   4.9271770e+00   4.1063361e+00   3.6952515e+00   3.9464172e+00   0.0000000e+00   0.0000000e+00   0.0000000e+00
   0.0000000e+00   0.0000000e+00   0.0000000e+00   3.6638039e+00   4.7749162e+00   5.9393845e+00   6.7473207e+00   7.2902055e+00   7.7276101e+00   8.1042652e+00   8.4415874e+00   8.7188835e+00   8.8611736e+00   8.8426790e+00   8.5702820e+00   7.9798374e+00   7.0039487e+00   5.6212759e+00   4.0674963e+00   2.4974184e+00   1.5051905e+00   0.0000000e+00   0.0000000e+00   0.0000000e+00   0.0000000e+00   0.0000000e+00   0.0000000e+00   0.0000000e+00   0.0000000e+00   4.8385934e+00   3.8806586e+00   3.3402429e+00   3.0314565e+00   3.3107901e+00   0.0000000e+00   2.9183052e+00
   1.8660161e+00   0.0000000e+00   0.0000000e+00   2.8188340e+00   3.8751514e+00   4.8833170e+00   5.5713954e+00   6.0125074e+00   6.3741674e+00   6.6748571e+00   6.9072485e+00   7.0654955e+00   7.0925026e+00   6.9688902e+00   6.6223183e+00   6.0154552e+00   5.0674734e+00   3.7019315e+00   2.2342968e+00   1.3023579e+00   1.5386686e+00   0.0000000e+00   0.0000000e+00   0.0000000e+00   0.0000000e+00   0.0000000e+00   0.0000000e+00   0.0000000e+00   0.0000000e+00   4.1620016e+00   3.4313338e+00   2.6091719e+00   2.0292990e+00   3.0970913e+00   4.2216460e+00   2.9183051e+00
   2.3930480e+00   0.0000000e+00   0.0000000e+00   2.6391018e+00   3.8782232e+00   5.0159841e+00   5.7606416e+00   6.2368999e+00   6.6280842e+00   6.9258432e+00   7.0979462e+00   7.1130247e+00   6.9428773e+00   6.6071777e+00   6.0628362e+00   5.3259945e+00   4.3170619e+00   2.9768865e+00   1.6660054e+00   8.4931386e-01   9.3968623e-01   0.0000000e+00   0.0000000e+00   0.0000000e+00   0.0000000e+00   0.0000000e+00   0.0000000e+00   0.0000000e+00   0.0000000e+00   4.1467428e+00   2.9722791e+00   1.7635779e+00   1.3109562e+00   2.3914664e+00   3.6670134e+00   4.1890191e+00
   3.3065383e+00   0.0000000e+00   0.0000000e+00   3.1259919e+00   4.6923641e+00   6.0816219e+00   6.9636952e+00   7.5200501e+00   7.9294076e+00   8.1764574e+00   8.2578258e+00   8.1463089e+00   7.8239379e+00   7.3240972e+00   6.6266696e+00   5.8365581e+00   4.9278339e+00   3.8741818e+00   2.8384320e+00   1.7344827e+00   1.0625720e+00   0.0000000e+00   0.0000000e+00   0.0000000e+00   0.0000000e+00   0.0000000e+00   0.0000000e+00   0.0000000e+00   0.0000000e+00   4.1844692e+00   2.2354934e+00   1.1353531e+00   6.3368730e-01   1.7497204e+00   2.8134014e+00   2.9671644e+00
   2.1513155e+00   8.5040722e-01   1.9929906e+00   3.2577644e+00   4.9874629e+00   6.3303954e+00   7.1924931e+00   7.7799883e+00   8.2325659e+00   8.4938144e+00   8.5531396e+00   8.3833847e+00   7.9925551e+00   7.4456092e+00   6.7614838e+00   6.0587265e+00   5.2873596e+00   4.4096236e+00   3.4888271e+00   2.3035984e+00   1.8881823e+00   0.0000000e+00   0.0000000e+00   0.0000000e+00   0.0000000e+00   0.0000000e+00   0.0000000e+00   0.0000000e+00   0.0000000e+00   0.0000000e+00   1.9651977e+00   1.1721536e+00   8.0782386e-01   1.3506532e+00   1.9222082e+00   1.8897466e+00
   1.2817317e+00   8.5607493e-01   1.6115454e+00   2.8943212e+00   4.3231483e+00   5.4763560e+00   6.2655420e+00   6.8102217e+00   7.2156653e+00   7.4508314e+00   7.5224438e+00   7.4497943e+00   7.2669692e+00   7.0211959e+00   6.7079568e+00   6.3316436e+00   5.8155522e+00   5.1344762e+00   4.3355207e+00   3.2560613e+00   2.6909685e+00   0.0000000e+00   0.0000000e+00   0.0000000e+00   0.0000000e+00   0.0000000e+00   0.0000000e+00   0.0000000e+00   0.0000000e+00   0.0000000e+00   2.5067958e+00   1.8084291e+00   1.5286539e+00   1.4869492e+00   1.5276192e+00   1.3458921e+00
   1.1787944e+00   1.3733445e+00   1.8979931e+00   2.4521186e+00   3.1553514e+00   3.8438199e+00   4.4167061e+00   4.8816032e+00   5.3204370e+00   5.7262564e+00   6.0529995e+00   6.3248615e+00   6.5571609e+00   6.7862520e+00   6.9623928e+00   7.0018401e+00   6.8866596e+00   6.5807748e+00   6.0334220e+00   5.1122222e+00   3.9263711e+00   0.0000000e+00   0.0000000e+00   0.0000000e+00   0.0000000e+00   0.0000000e+00   0.0000000e+00   0.0000000e+00   0.0000000e+00   0.0000000e+00   2.6446470e+00   2.4475589e+00   2.2450147e+00   1.9891453e+00   1.7266510e+00   1.3429093e+00
   2.3702981e+00   2.6953409e+00   2.9235606e+00   2.9511313e+00   2.8592381e+00   2.7733474e+00   2.9568834e+00   3.3926225e+00   4.0588675e+00   4.8001614e+00   5.4774828e+00   6.0665812e+00   6.5529046e+00   7.0087328e+00   7.3915467e+00   7.5956039e+00   7.6284719e+00   7.4792738e+00   7.1417966e+00   6.5335617e+00   5.5035596e+00   5.2029789e+00   0.0000000e+00   0.0000000e+00   0.0000000e+00   0.0000000e+00   0.0000000e+00   0.0000000e+00   0.0000000e+00   0.0000000e+00   2.7323998e+00   2.8891385e+00   2.9332576e+00   2.7465234e+00   2.5246732e+00   2.2907424e+00
   3.7011437e+00   3.9859426e+00   4.1677103e+00   4.2196870e+00   4.0384545e+00   3.5512791e+00   3.2372844e+00   3.3190553e+00   3.8533816e+00   4.5165014e+00   5.0994172e+00   5.5805197e+00   5.9366384e+00   6.2593579e+00   6.6000299e+00   6.8947730e+00   7.1129017e+00   7.2468309e+00   7.2711387e+00   7.1102781e+00   6.6699057e+00   6.2770930e+00   0.0000000e+00   0.0000000e+00   0.0000000e+00   0.0000000e+00   0.0000000e+00   0.0000000e+00   0.0000000e+00   0.0000000e+00   2.7508403e+00   3.0121839e+00   3.3689413e+00   3.4550116e+00   3.4479063e+00   3.4770808e+00
   4.4993939e+00   4.7426124e+00   4.9767623e+00   5.1894784e+00   5.2023215e+00   4.9222856e+00   4.5340729e+00   4.2383356e+00   4.2657433e+00   4.5109215e+00   4.7282476e+00   4.8506141e+00   4.8918467e+00   4.9305520e+00   5.1073179e+00   5.4799376e+00   5.9573860e+00   6.4521999e+00   6.8376250e+00   7.1185117e+00   7.1528778e+00   6.3225116e+00   0.0000000e+00   0.0000000e+00   0.0000000e+00   0.0000000e+00   0.0000000e+00   0.0000000e+00   0.0000000e+00   3.2796446e+00   2.7408044e+00   3.0575960e+00   3.5554569e+00   3.8811514e+00   4.0597763e+00   4.2504930e+00
   4.8409581e+00   5.0634484e+00   5.3207989e+00   5.5867290e+00   5.7073255e+00   5.6327872e+00   5.3838673e+00   5.0618429e+00   4.7759576e+00   4.6462231e+00   4.5442929e+00   4.3679581e+00   4.1508327e+00   3.9482679e+00   3.8486378e+00   4.0411630e+00   4.5126128e+00   5.1861267e+00   5.8228312e+00   6.4261637e+00   6.9703603e+00   6.7048211e+00   0.0000000e+00   0.0000000e+00   0.0000000e+00   0.0000000e+00   0.0000000e+00   0.0000000e+00   0.0000000e+00   2.7327850e+00   2.5788128e+00   2.9644375e+00   3.4616823e+00   3.9312303e+00   4.2607417e+00   4.5659451e+00
   4.3045959e+00   4.5399780e+00   4.8034000e+00   5.0702467e+00   5.2282357e+00   5.2252312e+00   5.0746412e+00   4.8955989e+00   4.6797748e+00   4.4603267e+00   4.2349844e+00   3.9915776e+00   3.6762433e+00   3.3438554e+00   3.0894713e+00   3.0589917e+00   3.2916689e+00   3.7702930e+00   4.3606000e+00   5.0453882e+00   5.9377518e+00   6.8034029e+00   0.0000000e+00   0.0000000e+00   0.0000000e+00   0.0000000e+00   0.0000000e+00   0.0000000e+00   0.0000000e+00   0.0000000e+00   2.1730835e+00   2.2102399e+00   2.6540873e+00   3.1553938e+00   3.5939090e+00   3.9936609e+00
   2.8458445e+00   3.1554537e+00   3.4742212e+00   3.7318633e+00   3.9286141e+00   4.0101223e+00   3.9696934e+00   3.9366698e+00   3.8768671e+00   3.7434335e+00   3.5511723e+00   3.3194571e+00   3.0440283e+00   2.7169776e+00   2.3957796e+00   2.2286828e+00   2.2195961e+00   2.3847322e+00   2.7365274e+00   3.3144264e+00   4.3966246e+00   6.1607819e+00   0.0000000e+00   0.0000000e+00   0.0000000e+00   0.0000000e+00   0.0000000e+00   0.0000000e+00   0.0000000e+00   0.0000000e+00   0.0000000e+00   8.9707036e-01   1.1749911e+00   1.6082108e+00   2.0422845e+00   2.4810710e+00
   8.3441848e-01   9.9617469e-01   1.1706816e+00   1.3101891e+00   1.4852939e+00   1.7378781e+00   1.9167762e+00   2.0672719e+00   2.1920185e+00   2.2213848e+00   2.1529927e+00   1.9668462e+00   1.7332853e+00   1.4624218e+00   1.1345935e+00   8.8362885e-01   7.6868814e-01   7.3627973e-01   7.8360105e-01   1.1802037e+00   2.3302703e+00   4.6728921e+00   0.0000000e+00   0.0000000e+00   0.0000000e+00   0.0000000e+00   0.0000000e+00   0.0000000e+00   0.0000000e+00   0.0000000e+00   0.0000000e+00   1.2377549e+00   1.3102779e+00   1.2410098e+00   9.7232658e-01   7.4020010e-01
   2.1862383e+00   1.9463401e+00   1.6856288e+00   1.4167786e+00   1.1938027e+00   1.0035274e+00   8.2615693e-01   6.8397760e-01   6.4741635e-01   6.9208161e-01   6.5693009e-01   5.1120794e-01   4.9329832e-01   5.9162962e-01   6.7811865e-01   7.8721830e-01   9.8772788e-01   1.2290089e+00   1.3888096e+00   1.5566181e+00   1.9845065e+00   3.4030205e+00   0.0000000e+00   0.0000000e+00   0.0000000e+00   0.0000000e+00   0.0000000e+00   0.0000000e+00   0.0000000e+00   0.0000000e+00   0.0000000e+00   0.0000000e+00   2.3472024e+00   2.3841963e+00   2.7151542e+00   2.3970146e+00
   3.8052328e+00   3.8502631e+00   3.7826519e+00   3.5534244e+00   3.2939196e+00   3.0260277e+00   2.6608844e+00   2.3314764e+00   2.0376952e+00   1.8400642e+00   1.7519621e+00   1.8175311e+00   1.9862639e+00   2.2595141e+00   2.5210481e+00   2.7673814e+00   2.9854658e+00   3.1799963e+00   3.3564930e+00   3.4058776e+00   3.1976707e+00   3.0015066e+00   0.0000000e+00   0.0000000e+00   0.0000000e+00   0.0000000e+00   0.0000000e+00   0.0000000e+00   0.0000000e+00   0.0000000e+00   0.0000000e+00   0.0000000e+00   0.0000000e+00   4.0778873e+00   4.0710284e+00   3.9057742e+00
   4.2589433e+00   4.2870101e+00   4.1264451e+00   4.1573668e+00   4.1651585e+00   4.1882703e+00   4.0317001e+00   3.8533227e+00   3.7257917e+00   3.6940751e+00   3.6914074e+00   3.7742874e+00   3.9406836e+00   4.1677067e+00   4.4079597e+00   4.5868269e+00   4.6916016e+00   4.7736114e+00   4.7814022e+00   4.6751473e+00   4.3210414e+00   3.5377852e+00   0.0000000e+00   0.0000000e+00   0.0000000e+00   0.0000000e+00   0.0000000e+00   0.0000000e+00   0.0000000e+00   0.0000000e+00   0.0000000e+00   0.0000000e+00   0.0000000e+00   0.0000000e+00   0.0000000e+00   4.0069023e+00
   0.0000000e+00   3.5152518e+00   3.5234711e+00   3.9707811e+00   4.3207474e+00   4.5079422e+00   4.5768552e+00   4.5970650e+00   4.5840921e+00   4.6652284e+00   4.7481060e+00   4.9194956e+00   5.1039467e+00   5.2623057e+00   5.4039283e+00   5.5175009e+00   5.5785656e+00   5.5788865e+00   5.4735608e+00   5.2244172e+00   4.7404227e+00   3.9490178e+00   3.4545068e+00   0.0000000e+00   1.1132924e+00   1.1342410e+00   0.0000000e+00   0.0000000e+00   0.0000000e+00   0.0000000e+00   0.0000000e+00   0.0000000e+00   0.0000000e+00   0.0000000e+00   0.0000000e+00   0.0000000e+00
   2.6277428e+00   2.6782218e+00   3.1772015e+00   3.7221897e+00   4.0575852e+00   4.2329712e+00   4.3488531e+00   4.4502177e+00   4.5517488e+00   4.6624694e+00   4.7697310e+00   4.9120703e+00   5.0261741e+00   5.0823770e+00   5.0957580e+00   5.1274219e+00   5.1675191e+00   5.1181631e+00   4.9670796e+00   4.6866121e+00   4.2550669e+00   3.7310643e+00   3.3555824e+00   3.0276694e+00   2.2620129e+00   1.9417012e+00   2.7252140e+00   0.0000000e+00   0.0000000e+00   0.0000000e+00   0.0000000e+00   0.0000000e+00   0.0000000e+00   0.0000000e+00   0.0000000e+00   0.0000000e+00
   1.8378433e+00   1.8825475e+00   2.1251826e+00   2.3829246e+00   2.6479893e+00   2.9245374e+00   3.1681504e+00   3.3891492e+00   3.5582695e+00   3.6580389e+00   3.7587252e+00   3.8253841e+00   3.8075252e+00   3.7324367e+00   3.6536071e+00   3.6092825e+00   3.5760999e+00   3.5167480e+00   3.4069543e+00   3.2418394e+00   3.0334949e+00   2.8930805e+00   2.8658710e+00   2.8775700e+00   2.4070268e+00   2.1885711e+00   0.0000000e+00   0.0000000e+00   0.0000000e+00   0.0000000e+00   0.0000000e+00   0.0000000e+00   0.0000000e+00   0.0000000e+00   0.0000000e+00   0.0000000e+00
   0.0000000e+00   0.0000000e+00   1.9483398e+00   1.1537113e+00   1.0184798e+00   9.2324436e-01   1.0421476e+00   1.1893489e+00   1.3558812e+00   1.5143070e+00   1.5832424e+00   1.6122781e+00   1.5641854e+00   1.4782326e+00   1.3598893e+00   1.2728281e+00   1.2723386e+00   1.3356272e+00   1.5227975e+00   1.7089076e+00   1.8955894e+00   2.1162806e+00   2.2652519e+00   2.3796291e+00   2.0671082e+00   1.7473855e+00   1.5579397e+00   1.7797763e+00   1.8743673e+00   0.0000000e+00   0.0000000e+00   0.0000000e+00   0.0000000e+00   0.0000000e+00   0.0000000e+00   0.0000000e+00
   1.3817488e+00   1.6407378e+00   1.5127160e+00   1.0960622e+00   1.0141459e+00   8.4223003e-01   7.1760547e-01   6.0705429e-01   5.2208457e-01   4.9012140e-01   4.6741202e-01   4.6969049e-01   4.8634064e-01   4.9641396e-01   5.3773862e-01   5.5726488e-01   6.7621975e-01   8.1125954e-01   9.4555850e-01   1.1480849e+00   1.3211352e+00   1.4880440e+00   1.6534591e+00   1.7877731e+00   1.8187776e+00   1.7746788e+00   1.5695699e+00   1.6102605e+00   1.5551650e+00   1.4805320e+00   1.3762317e+00   1.3268608e+00   1.2971594e+00   1.2906919e+00   1.3123914e+00   1.1833560e+00
