   1.0285769e+00
   1.0951697e+00
   3.6059669e-01
  -4.9029633e-02
  -2.1667190e-01
  -3.7569290e-01
  -3.9711127e-01
  -4.3083942e-01
  -3.9576939e-01
  -3.6792189e-01
  -3.4289879e-01
  -3.6125356e-01
  -3.7733838e-01
  -4.2802846e-01
  -4.8480970e-01
  -5.1052558e-01
  -5.3981346e-01
  -5.0547296e-01
  -4.1147339e-01
  -2.9915044e-01
  -7.3293976e-02
   1.7907366e-01
   4.7056496e-01
   7.5764471e-01
   9.7735500e-01
   1.2120448e+00
   1.1710354e+00
   1.4793462e+00
   1.5157506e+00
   1.4424412e+00
   1.3167515e+00
   1.0698329e+00
   1.0311369e+00
   9.3172973e-01
   8.4102124e-01
   7.6456845e-01
   2.1935046e-01
   4.5803374e-01
   6.2255198e-01
   5.9931040e-01
   6.5220106e-01
   7.9231828e-01
   9.5399559e-01
   1.1278367e+00
   1.2867868e+00
   1.4513253e+00
   1.5553502e+00
   1.5967636e+00
   1.5580359e+00
   1.4719709e+00
   1.3522786e+00
   1.2417425e+00
   1.1300658e+00
   1.0304365e+00
   9.8232180e-01
   9.0936273e-01
   8.8513649e-01
   9.5352477e-01
   1.0990916e+00
   1.3597121e+00
   1.2043525e+00
   1.1444989e+00
   8.7541777e-01
   1.1743068e+00
   1.3952172e+00
   1.0097795e+00
   6.7787105e-01
   3.9093709e-01
   4.7027385e-01
   6.1537498e-01
   3.0479851e-01
   3.1536233e-01
   1.1016376e+00
   1.6087649e+00
   2.0413439e+00
   2.3588710e+00
   2.6173456e+00
   2.8358419e+00
   3.0291729e+00
   3.2271318e+00
   3.3914864e+00
   3.5101132e+00
   3.6557317e+00
   3.7714438e+00
   3.7765670e+00
   3.7035570e+00
   3.6203682e+00
   3.5471365e+00
   3.4576533e+00
   3.3358753e+00
   3.1595008e+00
   2.9006526e+00
   2.5560446e+00
   2.2553926e+00
   2.1183584e+00
   1.0303290e+00
   1.5111444e+00
   2.1017883e+00
   1.1533544e+00
   6.5678257e-01
   7.6190579e-01
   6.4760381e-01
   3.5785517e-01
   4.3757719e-01
   5.4395634e-01
   8.8412142e-01
   8.3966970e-01
   5.1781964e-01
   1.4503713e+00
   2.5981882e+00
   3.1460569e+00
   3.6656899e+00
   3.9619157e+00
   4.0965223e+00
   4.1749253e+00
   4.2489338e+00
   4.3567529e+00
   4.4888577e+00
   4.6342254e+00
   4.8267360e+00
   4.9676805e+00
   5.0296698e+00
   5.0295715e+00
   5.0265603e+00
   5.0224924e+00
   4.9445062e+00
   4.7756925e+00
   4.4881430e+00
   4.0316725e+00
   3.4298468e+00
   2.7520614e+00
   2.2000480e+00
   2.0943232e+00
   1.8289922e+00
   1.8349199e+00
   1.0133519e+00
   7.1134198e-01
   7.6237935e-01
   6.2858862e-01
   5.9841710e-01
   8.6746657e-01
   8.5896868e-01
   9.5339191e-01
   1.3069797e+00
   1.9604523e+00
   2.8582025e+00
   3.4790525e+00
   3.9066095e+00
   4.2287531e+00
   4.3909774e+00
   4.4148555e+00
   4.4002504e+00
   4.3782682e+00
   4.4809561e+00
   4.5959501e+00
   4.8175216e+00
   5.0327621e+00
   5.1993771e+00
   5.3256793e+00
   5.4041662e+00
   5.4315324e+00
   5.4252801e+00
   5.3315082e+00
   5.1090546e+00
   4.6454535e+00
   3.8612599e+00
   1.8901197e+00
   8.8625580e-01
   1.0092084e+00
   7.4705416e-01
   9.2768013e-01
   1.0148656e+00
   9.4714844e-01
   8.6949766e-01
   6.7512095e-01
   8.0273730e-01
   1.0869716e+00
   1.0528219e+00
   1.2097157e+00
   2.3178320e+00
   3.8025794e+00
   4.1582153e+00
   4.0381548e+00
   4.0431805e+00
   4.0449350e+00
   4.0637453e+00
   3.8803143e+00
   3.6800732e+00
   3.5287137e+00
   3.5231094e+00
   3.5603702e+00
   3.6900828e+00
   3.8858502e+00
   4.1224606e+00
   4.3501294e+00
   4.5022898e+00
   4.5825999e+00
   4.6687892e+00
   4.6975160e+00
   4.6255014e+00
   4.2999666e+00
   3.4752788e+00
   1.2409905e+00
   7.4330179e-01
   1.3586208e-01
   9.9763584e-01
   4.9046531e-01
   6.1831136e-01
   9.5248162e-01
   1.1175497e+00
   1.0026388e+00
   8.7874811e-01
   1.0957069e+00
   1.2880125e+00
   1.4556904e+00
   3.2745719e+00
   3.7721872e+00
   3.7540383e+00
   3.6039782e+00
   3.3578908e+00
   3.1190112e+00
   2.8813710e+00
   2.5254333e+00
   2.1788232e+00
   1.8734665e+00
   1.7156221e+00
   1.6779054e+00
   1.7811940e+00
   1.9660633e+00
   2.2458832e+00
   2.4985788e+00
   2.7256966e+00
   2.9267020e+00
   3.1174245e+00
   3.3188233e+00
   3.3957138e+00
   3.1490953e+00
   2.4354129e+00
   9.6825409e-01
   4.3847975e-01
   2.3832744e-01
   5.3136998e-01
   1.3256149e+00
   2.0051825e+00
   1.4568481e+00
   1.5641035e+00
   1.5119935e+00
   9.5172083e-01
   1.1696532e+00
   1.9064608e+00
   3.1633263e+00
   3.7085438e+00
   2.1168053e+00
   1.7956015e+00
   1.4532675e+00
   1.1349122e+00
   8.4608197e-01
   5.1127392e-01
   1.8357011e-01
  -1.3967076e-01
  -4.0901303e-01
  -5.6403469e-01
  -5.5148953e-01
  -3.9970231e-01
  -1.8493725e-01
   8.4682465e-02
   3.7681299e-01
   6.4169000e-01
   9.0061808e-01
   1.1642944e+00
   1.3714318e+00
   1.4401416e+00
   1.2690936e+00
   7.0015762e-01
   1.8589127e-01
  -5.8544397e-01
  -8.2342186e-01
  -1.1669111e+00
   3.1789571e-01
   1.2692154e+00
   1.3551751e+00
   1.6357276e+00
   1.1123415e+00
   7.7957129e-01
   1.6406668e+00
   2.1562784e+00
   2.7089369e+00
   2.3851242e+00
  -8.3750367e-02
  -5.2653444e-01
  -9.1983581e-01
  -1.2044191e+00
  -1.4441801e+00
  -1.6684916e+00
  -1.8281440e+00
  -2.0072608e+00
  -2.1579144e+00
  -2.1991320e+00
  -2.1374567e+00
  -1.9489560e+00
  -1.7065984e+00
  -1.4315484e+00
  -1.1173398e+00
  -8.7295127e-01
  -6.5334016e-01
  -4.8972350e-01
  -4.5043859e-01
  -5.0855350e-01
  -6.9742489e-01
  -7.6158351e-01
  -2.1228847e-01
  -1.0628490e+00
  -8.8171971e-01
  -1.5112175e+00
  -9.6635854e-01
  -2.3582999e-01
   2.2996567e-01
   2.0176211e-01
   2.1207257e-01
   6.7291611e-01
   1.2786620e+00
   1.0817680e+00
   8.2260954e-01
   3.6891598e-01
  -2.6917987e+00
  -3.0552032e+00
  -3.4054866e+00
  -3.6551735e+00
  -3.8102858e+00
  -3.8371246e+00
  -3.7972569e+00
  -3.8095877e+00
  -3.8002462e+00
  -3.6972096e+00
  -3.5219152e+00
  -3.2923496e+00
  -3.0135164e+00
  -2.6923666e+00
  -2.3860524e+00
  -2.2263811e+00
  -2.2110097e+00
  -2.3805187e+00
  -2.6766717e+00
  -2.9666963e+00
  -3.1048670e+00
  -2.2118535e+00
  -6.5728700e-01
  -1.6850177e+00
  -2.2516284e+00
  -2.2800927e+00
  -2.1412773e+00
  -1.1665868e+00
  -5.3798330e-01
  -2.6253328e-01
  -5.8973420e-01
  -7.5119025e-01
  -9.8446137e-01
  -1.3108639e+00
  -1.7679753e+00
  -2.2640979e+00
  -4.0619926e+00
  -4.3688145e+00
  -4.6715326e+00
  -4.9240861e+00
  -5.0366287e+00
  -4.9865994e+00
  -4.8529501e+00
  -4.7334666e+00
  -4.5918250e+00
  -4.4150825e+00
  -4.2101617e+00
  -3.9721160e+00
  -3.6610761e+00
  -3.3359046e+00
  -3.0871155e+00
  -3.0519981e+00
  -3.2848067e+00
  -3.7629373e+00
  -4.2571893e+00
  -4.6262121e+00
  -4.5948009e+00
  -2.9836667e+00
  -9.5736194e-01
  -1.8936028e+00
  -2.1035821e+00
  -2.5730233e+00
  -2.8264952e+00
  -2.4611666e+00
  -1.9732347e+00
  -1.5770195e-01
  -1.0879996e+00
  -2.1699719e+00
  -2.4499462e+00
  -2.8167675e+00
  -3.2215822e+00
  -3.6688499e+00
  -4.5218234e+00
  -4.8349462e+00
  -5.1251082e+00
  -5.3708873e+00
  -5.4526172e+00
  -5.3520026e+00
  -5.1532569e+00
  -4.9220800e+00
  -4.7255645e+00
  -4.6301227e+00
  -4.5385594e+00
  -4.3648415e+00
  -4.1476822e+00
  -3.9412258e+00
  -3.8311610e+00
  -4.0202885e+00
  -4.5068059e+00
  -5.1587639e+00
  -5.6476426e+00
  -5.8865285e+00
  -5.5076780e+00
  -3.2295058e+00
  -7.8884071e-01
  -1.6975131e+00
  -7.5674373e-01
  -2.2786412e+00
  -3.1387565e+00
  -3.2247825e+00
  -3.6264999e+00
  -1.7354741e+00
  -2.3204949e+00
  -2.8650086e+00
  -3.1357923e+00
  -3.4575887e+00
  -3.7548273e+00
  -4.1278071e+00
  -4.1244459e+00
  -4.4817204e+00
  -4.7432270e+00
  -4.9396954e+00
  -4.9401636e+00
  -4.6912518e+00
  -4.4007969e+00
  -4.1934061e+00
  -4.2568216e+00
  -4.5045524e+00
  -4.7204442e+00
  -4.8408432e+00
  -4.8785839e+00
  -4.9095039e+00
  -5.0821066e+00
  -5.4670711e+00
  -5.9462643e+00
  -6.3655686e+00
  -6.5423560e+00
  -6.3965030e+00
  -5.4592800e+00
  -3.0806558e+00
  -3.2854298e-01
  -7.5770748e-01
  -2.4349320e-01
  -1.1548015e+00
  -1.8894180e+00
  -1.4797759e+00
  -1.5914096e+00
  -2.8262179e+00
  -2.7085934e+00
  -2.8710327e+00
  -3.0800753e+00
  -3.2552967e+00
  -3.4221654e+00
  -3.7082987e+00
  -3.2827883e+00
  -3.7235942e+00
  -3.9480906e+00
  -4.0210309e+00
  -3.8887463e+00
  -3.4774017e+00
  -3.2070045e+00
  -3.2810678e+00
  -3.8139443e+00
  -4.4886270e+00
  -5.0833726e+00
  -5.5722942e+00
  -5.9306874e+00
  -6.2531085e+00
  -6.5929241e+00
  -6.8740730e+00
  -7.0384283e+00
  -7.0307550e+00
  -6.7859831e+00
  -6.1448984e+00
  -4.7557883e+00
  -2.2834692e+00
  -6.6056079e-01
   1.2357513e-01
  -4.5358635e-02
  -6.3676059e-01
  -7.9053754e-01
  -7.0076096e-01
  -7.9624736e-01
  -1.6637844e+00
  -2.6697316e+00
  -2.7232676e+00
  -2.7504728e+00
  -2.6879821e+00
  -2.6811764e+00
  -2.8434625e+00
  -1.9159411e+00
  -2.5211363e+00
  -2.8268461e+00
  -2.8991330e+00
  -2.8202965e+00
  -2.6633484e+00
  -2.7570517e+00
  -3.1904926e+00
  -3.9220669e+00
  -4.7266665e+00
  -5.4503813e+00
  -6.0625114e+00
  -6.5499249e+00
  -6.9936595e+00
  -7.3424768e+00
  -7.4767613e+00
  -7.3867321e+00
  -7.0238237e+00
  -6.3741851e+00
  -5.2942796e+00
  -3.3622782e+00
   9.5206901e-02
  -3.4724659e-01
   6.2133318e-01
  -7.6820292e-02
  -3.9123181e-01
  -4.8101577e-01
  -6.2664509e-01
  -8.0370581e-01
  -1.1536326e+00
  -2.5221927e+00
  -2.5068557e+00
  -2.1896520e+00
  -1.8210189e+00
  -1.5762848e+00
  -1.5276029e+00
  -3.5242715e-01
  -1.2602030e+00
  -1.8836899e+00
  -2.3640506e+00
  -2.8873823e+00
  -3.4164841e+00
  -3.9255836e+00
  -4.4287910e+00
  -4.9601903e+00
  -5.4773989e+00
  -5.9125299e+00
  -6.2652206e+00
  -6.5370569e+00
  -6.7715387e+00
  -6.9046760e+00
  -6.8482037e+00
  -6.5770588e+00
  -6.0220075e+00
  -5.1396217e+00
  -3.7520287e+00
  -1.3581966e+00
   1.2227021e+00
   8.1335354e-01
   6.3665658e-01
  -6.9939300e-02
  -4.1420031e-01
  -4.3555874e-01
  -6.7935807e-01
  -1.0235436e+00
  -1.8592833e+00
  -2.5147340e+00
  -2.0770092e+00
  -1.4612701e+00
  -8.6511725e-01
  -4.2323741e-01
  -1.5307991e-01
   9.7329283e-01
  -2.2305988e-01
  -1.5779434e+00
  -2.7200086e+00
  -3.9896281e+00
  -5.0658545e+00
  -5.8204799e+00
  -6.3699107e+00
  -6.8107796e+00
  -7.1115637e+00
  -7.2675624e+00
  -7.2823610e+00
  -7.1764126e+00
  -6.9914370e+00
  -6.6981959e+00
  -6.2836819e+00
  -5.6775370e+00
  -4.8310208e+00
  -3.7732358e+00
  -2.2537842e+00
   5.1394814e-01
   2.9552927e+00
   1.8232558e+00
   4.8738256e-01
   9.2345160e-03
  -4.9854228e-01
  -5.7570779e-01
  -7.9190230e-01
  -1.2300630e+00
  -2.2594380e+00
  -2.4561164e+00
  -1.5888145e+00
  -8.0689359e-01
  -5.0707165e-02
   5.2532488e-01
   8.8458455e-01
   1.8984889e+00
   4.7856027e-01
  -1.5367354e+00
  -3.2167970e+00
  -4.9211830e+00
  -6.2561981e+00
  -7.1083361e+00
  -7.6853695e+00
  -8.1290493e+00
  -8.3885021e+00
  -8.4557390e+00
  -8.3047399e+00
  -7.9431634e+00
  -7.4274932e+00
  -6.7596809e+00
  -6.0415513e+00
  -5.2174734e+00
  -4.2286563e+00
  -3.1290661e+00
  -1.6430202e+00
   1.1527022e+00
   3.7668665e+00
   1.4509152e+00
   1.3939273e-01
   8.5639355e-02
  -6.9126490e-01
  -8.3299841e-01
  -9.2161221e-01
  -1.3429410e+00
  -1.4994093e+00
  -1.8207541e+00
  -1.1275275e+00
  -1.4443309e-01
   7.2861657e-01
   1.4252408e+00
   1.6600790e+00
   2.6908795e+00
   8.8883890e-01
  -1.1235949e+00
  -2.8375787e+00
  -4.5804347e+00
  -5.9605482e+00
  -6.8643037e+00
  -7.4494954e+00
  -7.8797698e+00
  -8.1390285e+00
  -8.2275429e+00
  -8.1182279e+00
  -7.7927928e+00
  -7.2834798e+00
  -6.5658652e+00
  -5.7353700e+00
  -4.7478074e+00
  -3.5308970e+00
  -2.2392642e+00
  -8.0880364e-01
   7.2234121e-01
   1.6927870e+00
   2.4828924e-01
  -1.8672887e-01
  -3.6008536e-02
  -9.9663794e-01
  -1.2340740e+00
  -9.8980582e-01
  -1.4981279e+00
  -2.8849465e+00
  -1.8334102e+00
  -8.6024411e-01
   5.5160146e-01
   1.6575698e+00
   2.5837850e+00
   2.6065332e+00
   9.2915970e-01
   3.9760259e-01
  -1.3765066e+00
  -2.4198470e+00
  -3.7277699e+00
  -4.8397417e+00
  -5.6059613e+00
  -6.1215076e+00
  -6.5435057e+00
  -6.8603754e+00
  -7.0452871e+00
  -7.0668211e+00
  -6.8991122e+00
  -6.5636740e+00
  -6.0167127e+00
  -5.2700448e+00
  -4.2372642e+00
  -2.8382413e+00
  -1.4069854e+00
   2.9246632e-02
   6.6055244e-01
   5.0558597e-01
  -1.5475614e-01
   1.1688106e-02
  -1.8150444e-01
  -1.0773269e+00
  -1.4004608e+00
  -1.1361350e+00
  -1.3315321e+00
  -3.5317793e+00
  -2.6030283e+00
  -9.4162548e-01
   9.1864115e-01
   2.3780577e+00
   3.5847161e+00
   1.7662737e+00
   7.2774148e-01
   3.5882917e-01
  -8.8138449e-01
  -2.6302192e+00
  -3.8536482e+00
  -4.8541322e+00
  -5.5337763e+00
  -5.9606724e+00
  -6.3017588e+00
  -6.5777040e+00
  -6.7768559e+00
  -6.8917198e+00
  -6.8726225e+00
  -6.7030458e+00
  -6.3027387e+00
  -5.6360960e+00
  -4.6128745e+00
  -3.1527650e+00
  -1.5647542e+00
   2.2092739e-01
   4.2608705e-01
   2.1115737e-01
  -4.1134337e-01
   3.9370000e-01
  -2.2253698e-01
  -9.6923459e-01
  -1.5242362e+00
  -1.3230667e+00
  -1.3504992e+00
  -2.9285848e+00
  -2.8890438e+00
  -1.3365135e+00
   1.0404532e+00
   2.8310888e+00
   2.7875409e+00
   1.7700927e+00
   7.1217406e-01
  -2.7122232e-03
  -8.4018821e-01
  -3.3939023e+00
  -4.7565165e+00
  -5.8972902e+00
  -6.6608624e+00
  -7.1487188e+00
  -7.5338960e+00
  -7.8611875e+00
  -8.1415453e+00
  -8.3501692e+00
  -8.4136543e+00
  -8.2967644e+00
  -7.8990932e+00
  -7.1683102e+00
  -6.0169568e+00
  -4.3991737e+00
  -2.6096382e+00
  -3.3972490e-01
   2.0481580e-01
  -1.0284070e+00
  -1.8037856e+00
   3.6676768e-03
  -2.5757611e-01
  -8.6845082e-01
  -1.4300500e+00
  -1.5574056e+00
  -2.5244174e+00
  -4.1312170e+00
  -3.1762524e+00
  -1.8783053e+00
   6.6087729e-01
   1.3067595e+00
   1.5097967e+00
   1.6021284e+00
   2.5113893e-01
  -4.9812576e-01
  -1.7490286e+00
  -4.2012153e+00
  -5.3754916e+00
  -6.4080620e+00
  -7.0710516e+00
  -7.5032187e+00
  -7.8543611e+00
  -8.1595669e+00
  -8.4239664e+00
  -8.6087132e+00
  -8.6525850e+00
  -8.5387230e+00
  -8.2064514e+00
  -7.6116376e+00
  -6.6192141e+00
  -5.0431776e+00
  -3.0772574e+00
  -8.1531429e-01
  -6.4817762e-01
  -2.8158834e+00
  -3.9102085e+00
  -1.3323041e+00
  -4.2001954e-01
  -7.8735411e-01
  -1.2872462e+00
  -2.6050339e+00
  -5.0154200e+00
  -4.5365658e+00
  -3.2903268e+00
  -2.2273235e+00
  -6.7533833e-01
   1.0360087e+00
   2.0127890e+00
   7.3810279e-01
   9.1438301e-02
  -9.0897506e-01
  -3.1649735e+00
  -4.6385016e+00
  -5.4120960e+00
  -6.0769391e+00
  -6.5408998e+00
  -6.8470101e+00
  -7.0668755e+00
  -7.2239604e+00
  -7.3733130e+00
  -7.5325642e+00
  -7.6779966e+00
  -7.7531738e+00
  -7.6774850e+00
  -7.3905368e+00
  -6.7418098e+00
  -5.3608418e+00
  -3.1983261e+00
  -4.6010771e-01
  -1.3218429e+00
  -2.7833176e+00
  -3.0890675e+00
  -2.3673797e+00
  -9.7089261e-01
  -9.6299672e-01
  -1.5111344e+00
  -4.1057129e+00
  -5.2889833e+00
  -4.2866068e+00
  -3.2658639e+00
  -2.1576741e+00
  -1.2588812e+00
   1.2308741e+00
   8.6881596e-01
   4.3696934e-01
  -9.2803620e-02
  -9.8135787e-01
  -2.5641391e+00
  -4.4635320e+00
  -4.8314176e+00
  -5.1592555e+00
  -5.5165381e+00
  -5.8362055e+00
  -6.0289283e+00
  -6.0677652e+00
  -6.0491204e+00
  -6.0700693e+00
  -6.2267928e+00
  -6.4900761e+00
  -6.7236900e+00
  -6.7516155e+00
  -6.4519486e+00
  -5.2350831e+00
  -2.9798102e+00
   5.3693640e-01
  -1.3472645e+00
  -1.5445492e+00
  -1.3715124e+00
  -2.9295433e+00
  -1.3237253e+00
  -1.2832576e+00
  -2.1951056e+00
  -4.3807602e+00
  -4.4525037e+00
  -3.7374723e+00
  -2.9144030e+00
  -1.5533645e+00
  -1.1950999e+00
   5.3567702e-01
   2.9189634e-01
   1.4656775e-01
  -2.8332525e-01
  -7.9482108e-01
  -1.6610730e+00
  -3.3798532e+00
  -3.4683483e+00
  -3.7016075e+00
  -4.1190615e+00
  -4.6049376e+00
  -4.9652905e+00
  -5.0904832e+00
  -5.0424953e+00
  -4.9358802e+00
  -4.9407768e+00
  -5.1290803e+00
  -5.4421535e+00
  -5.5325117e+00
  -5.4158583e+00
  -4.4964175e+00
  -2.0875809e+00
   9.0367830e-01
  -1.0593760e+00
  -1.0099803e-01
  -4.1260760e-02
  -2.6903238e+00
  -3.1493950e+00
  -1.5845981e+00
  -2.4212697e+00
  -3.6219900e+00
  -2.9353428e+00
  -2.4701841e+00
  -1.9803418e+00
  -1.5489411e+00
  -1.3389604e+00
   3.5448748e-01
   3.4624323e-02
  -1.8696859e-01
  -4.7548187e-01
  -5.5275983e-01
  -8.3007765e-01
  -1.6417949e+00
  -1.6198655e+00
  -2.0068784e+00
  -2.6302612e+00
  -3.2693393e+00
  -3.7670393e+00
  -4.0058217e+00
  -4.0115008e+00
  -3.9069593e+00
  -3.8648887e+00
  -3.9290137e+00
  -4.1488199e+00
  -4.1117816e+00
  -3.6768942e+00
  -3.5002332e+00
  -7.1454096e-01
   1.0964825e+00
  -5.1707393e-01
  -3.9924255e-01
  -2.9613423e-01
  -1.6435530e+00
  -3.7641177e+00
  -2.9482307e+00
  -1.8370839e+00
  -1.5749400e+00
  -9.8332334e-01
  -7.2466874e-01
  -6.3720095e-01
  -8.7797439e-01
  -1.2390295e-01
   8.2405967e-01
  -2.6747413e-02
  -4.0361705e-01
  -4.3608382e-02
  -1.7870612e-01
   1.9620106e-01
   7.6839083e-01
   8.7820816e-01
   1.8975502e-01
  -7.3067814e-01
  -1.5145762e+00
  -2.0564959e+00
  -2.3115022e+00
  -2.3212671e+00
  -2.1895227e+00
  -2.1036344e+00
  -2.0677578e+00
  -2.0713031e+00
  -1.9500499e+00
  -8.8256913e-01
  -1.0936677e+00
   6.8219531e-01
   8.9780033e-01
   1.4278382e-01
   8.3646171e-02
   8.0683246e-02
  -1.7631552e-01
  -8.9729804e-01
  -1.6702340e+00
  -5.2180827e-01
   1.0518850e+00
   1.5243965e+00
   1.6396093e+00
   1.4320358e+00
   1.3329175e+00
   1.9289789e+00
   2.0007391e+00
   5.9633285e-01
   3.3567327e-01
   6.6725759e-01
   2.8968912e-01
   5.9784055e-01
   2.0717347e+00
   2.3029315e+00
   1.6160972e+00
   6.8736617e-01
  -6.8591878e-02
  -5.2517921e-01
  -6.7225591e-01
  -5.9094113e-01
  -4.1646659e-01
  -2.5845060e-01
  -1.4903826e-01
  -5.1092524e-02
   5.1381768e-02
   7.1885371e-01
   2.9837015e-01
   1.3714523e+00
   8.7544006e-01
   5.3295076e-01
   5.4635071e-01
   7.7320552e-01
   8.0558693e-01
   8.2366653e-01
   8.1514013e-01
   6.9182992e-01
   1.7735381e+00
   3.1572120e+00
   3.1900425e+00
   2.9478902e+00
   2.6940877e+00
   2.4052670e+00
   1.0394251e+00
   5.5351210e-01
   6.4504898e-01
   1.0757689e+00
   7.2970378e-01
   3.9807314e-01
   9.2661381e-01
   2.4072609e+00
   2.4589498e+00
   1.8198972e+00
   1.4497535e+00
   1.3273568e+00
   1.4109393e+00
   1.6207192e+00
   1.8385239e+00
   2.0774248e+00
   2.2789540e+00
   2.3820572e+00
   2.3737993e+00
   1.5850405e+00
   1.6432942e+00
   2.0178072e+00
   9.3306619e-01
   4.1376856e-01
   1.0908109e+00
   1.6833962e+00
   1.2108762e+00
   1.0013487e+00
   1.9608610e+00
   2.5043159e+00
   1.0822513e+00
   2.3044298e+00
   1.8323634e+00
   1.5765070e+00
   2.6456850e+00
   1.2700812e+00
   5.1473993e-01
   3.1139255e-01
   7.6383466e-01
   3.4552548e-01
   7.2819579e-01
   5.4802871e-01
   8.2119159e-01
   1.1365554e+00
   2.0976660e+00
   2.0588369e+00
   2.2843139e+00
   2.6386707e+00
   2.9944085e+00
   3.3558738e+00
   3.6871510e+00
   3.9629066e+00
   4.1917081e+00
   4.2962227e+00
   4.2072306e+00
   3.9856822e+00
   4.0220561e+00
   2.7462002e+00
   1.1591004e+00
   1.4464581e+00
   1.4534133e+00
   1.5468634e+00
   1.2072120e+00
   1.1559087e+00
   1.7823187e+00
   1.8099430e+00
   1.4733464e+00
   1.1312840e+00
   9.5451170e-01
   8.5819040e-01
   1.1162455e+00
   4.9853978e-01
   2.6671744e-01
   7.2548854e-01
   9.3658161e-01
   2.2193375e-01
   5.6443118e-01
   3.1894787e-01
   4.4049719e-01
   6.4423881e-01
   8.3516755e-01
   1.6555792e+00
   2.5498647e+00
   3.3248173e+00
   3.9529531e+00
   4.4463801e+00
   4.8253526e+00
   5.0935698e+00
   5.2919544e+00
   5.3665202e+00
   5.2713370e+00
   5.1128496e+00
   4.8167099e+00
   2.2928894e+00
   1.4715138e+00
   1.2756048e+00
   1.0510957e+00
   1.1383632e+00
   9.7002054e-01
   1.0123118e+00
   1.0621009e+00
   1.3856989e+00
   1.5750388e+00
   8.4778937e-01
   7.0070914e-01
   5.8898371e-01
   3.0996569e-01
   2.5570267e-01
   3.0348870e-01
   2.5552025e-01
   2.4636787e-01
   5.1173863e-01
   5.1598853e-01
   5.3008604e-01
   3.9971062e-01
   8.4488267e-01
   6.9643641e-01
   1.5555051e+00
   2.4969325e+00
   3.3568623e+00
   4.0047271e+00
   4.4765944e+00
   4.8020067e+00
   5.0292180e+00
   5.1876030e+00
   5.2247577e+00
   5.1378763e+00
   5.0046282e+00
   4.5883050e+00
   2.2799298e+00
   1.1539656e+00
   1.0328259e+00
   8.5623764e-01
   7.4775892e-01
   5.8199012e-01
   4.9525100e-01
   3.7778738e-01
   6.3541251e-01
   3.5814422e-01
   3.0480862e-01
   2.4080172e-01
   2.4838722e-01
   1.0710314e-01
   2.0875934e-01
   1.2559033e-01
   6.1988112e-02
   3.2815212e-01
   1.5507859e-01
   4.9287516e-01
   1.6233006e-01
   1.9847024e-02
   7.4866074e-01
   1.0621853e+00
   1.3398246e+00
   1.8238890e+00
   2.4531171e+00
   2.9235888e+00
   3.2618926e+00
   3.5101471e+00
   3.6658790e+00
   3.7406824e+00
   3.6656442e+00
   3.1733475e+00
   2.7007542e+00
   2.7275343e+00
   1.3957981e+00
   8.7053794e-01
   6.4610595e-01
   5.0709277e-01
   3.0414340e-01
   7.1789905e-02
  -2.4203883e-02
   3.0019385e-01
   8.2728130e-01
   2.6979735e-01
   1.4263423e-01
   3.7358537e-02
   3.6424100e-02
   5.1349260e-02
   6.7700759e-02
  -4.1580047e-02
  -1.0815772e-01
   1.7165242e-01
   5.0809687e-01
   7.5682056e-01
   7.4937671e-01
   5.8608388e-01
   1.9948022e-01
  -9.2174798e-02
  -2.3382255e-02
   3.3165845e-01
   7.3537427e-01
   8.1893583e-01
   8.1367028e-01
   7.8412467e-01
   8.5443409e-01
   9.4288969e-01
   6.0121912e-01
   1.6916064e-01
   3.6001641e-01
   2.5341660e-01
   3.4846862e-01
   2.1827492e-01
   7.7315398e-02
   1.8114282e-01
   4.0597200e-02
  -1.3028118e-02
  -7.2722106e-02
   2.2164339e-01
   2.8535333e-01
   1.2308803e-01
  -1.0018385e-01
  -1.4092652e-01
  -4.1737708e-02
   1.7796901e-01
   1.2333974e-01
  -1.9340648e-01
  -5.0527364e-02
   3.1642738e-01
   5.0841993e-01
   3.3275810e-01
   3.8954255e-01
   4.2218611e-01
   6.4082295e-01
   8.8843411e-01
   7.4109453e-01
   6.1385489e-01
   3.2632083e-01
  -2.8671712e-01
  -5.3075957e-01
  -4.0696508e-01
  -4.2936832e-01
  -9.1379774e-01
  -1.2048917e+00
  -7.7182919e-01
  -8.2670110e-01
  -8.2298690e-01
  -6.9225627e-01
  -7.2322953e-01
  -3.0136201e-01
  -3.4373585e-02
  -4.4163736e-03
   1.0130384e-01
   1.5395001e-01
   2.7909976e-01
   2.9020810e-01
   3.0939069e-01
   3.6642802e-01
   3.5112953e-01
   4.8413864e-01
   4.8744816e-01
   3.1112623e-01
   3.4987718e-01
   4.6582940e-01
   5.6311315e-01
