   1.2749169e-02
   7.9574484e-03
   2.1848792e-04
  -3.7672604e-03
  -6.6081593e-03
  -8.9732563e-03
  -9.8549819e-03
  -1.0366631e-02
  -1.0460913e-02
  -9.9651423e-03
  -9.5212240e-03
  -9.2001039e-03
  -9.1572174e-03
  -9.5405152e-03
  -9.7150595e-03
  -9.5333449e-03
  -9.2170034e-03
  -7.7524615e-03
  -5.4363483e-03
  -2.4796913e-03
   1.7660398e-03
   6.4413773e-03
   1.1210853e-02
   1.6713884e-02
   2.1447528e-02
   2.4903354e-02
   2.6801536e-02
   2.8272222e-02
   2.7836843e-02
   2.5100802e-02
   2.2828597e-02
   2.1769820e-02
   2.0553541e-02
   1.9196444e-02
   1.7594246e-02
   1.2682221e-02
   0.0000000e+00
   0.0000000e+00
  -7.5524324e-05
  -5.8277436e-03
  -6.6592037e-03
  -6.2649618e-03
  -3.9613643e-03
  -9.7284868e-04
   3.1317028e-03
   6.9822273e-03
   9.6667530e-03
   1.1028472e-02
   1.0943336e-02
   9.9056801e-03
   7.9516135e-03
   6.6807875e-03
   5.9769070e-03
   5.9044729e-03
   7.2846320e-03
   8.7155299e-03
   1.2451476e-02
   1.6446047e-02
   2.2135733e-02
   2.7087882e-02
   2.9302580e-02
   2.7479529e-02
   2.8273067e-02
   3.3497016e-02
   3.3388139e-02
   0.0000000e+00
   0.0000000e+00
   0.0000000e+00
   0.0000000e+00
   0.0000000e+00
   0.0000000e+00
   0.0000000e+00
   5.4349602e-03
   7.7398055e-03
   1.0935099e-02
   1.7614925e-02
   2.3188835e-02
   2.9839149e-02
   3.6218561e-02
   4.2134389e-02
   4.7545362e-02
   5.2210679e-02
   5.6552075e-02
   5.9246045e-02
   5.8899086e-02
   5.6421500e-02
   5.3589746e-02
   5.1122365e-02
   4.8577324e-02
   4.6151385e-02
   4.4499593e-02
   4.1849025e-02
   3.8441386e-02
   3.6699555e-02
   3.6935698e-02
   3.8355630e-02
   3.1647458e-02
   2.9476404e-02
   2.0202739e-02
   0.0000000e+00
   0.0000000e+00
   0.0000000e+00
   0.0000000e+00
   0.0000000e+00
   0.0000000e+00
   0.0000000e+00
   0.0000000e+00
   0.0000000e+00
   3.1189239e-02
   3.3699099e-02
   4.3622509e-02
   5.5324525e-02
   6.4659595e-02
   7.0594326e-02
   7.5163996e-02
   7.9126701e-02
   8.2997233e-02
   8.6803635e-02
   9.0775989e-02
   9.3938857e-02
   9.5328685e-02
   9.4222106e-02
   9.1513537e-02
   8.9307558e-02
   8.7522738e-02
   8.4574915e-02
   8.0549909e-02
   7.4493796e-02
   6.5711156e-02
   5.6443174e-02
   4.9416523e-02
   4.3994488e-02
   3.7042510e-02
   3.3983700e-02
   3.6540761e-02
   0.0000000e+00
   0.0000000e+00
   0.0000000e+00
   0.0000000e+00
   0.0000000e+00
   0.0000000e+00
   0.0000000e+00
   0.0000000e+00
   0.0000000e+00
   0.0000000e+00
   4.8532491e-02
   6.0777970e-02
   7.7421732e-02
   8.7770000e-02
   9.1610923e-02
   9.2208438e-02
   9.2094861e-02
   9.2117853e-02
   9.4420366e-02
   9.7072117e-02
   1.0125796e-01
   1.0419059e-01
   1.0562168e-01
   1.0582412e-01
   1.0559518e-01
   1.0476778e-01
   1.0271246e-01
   9.8870613e-02
   9.2238694e-02
   8.1642523e-02
   6.7051105e-02
   5.5249415e-02
   0.0000000e+00
   2.9619784e-02
   2.3664753e-02
   0.0000000e+00
   0.0000000e+00
   0.0000000e+00
   0.0000000e+00
   0.0000000e+00
   0.0000000e+00
   0.0000000e+00
   0.0000000e+00
   0.0000000e+00
   0.0000000e+00
   7.4544183e-02
   7.6549694e-02
   7.6822018e-02
   8.3895614e-02
   9.0321113e-02
   9.3903203e-02
   9.0573479e-02
   8.6667483e-02
   8.2174977e-02
   8.1920279e-02
   8.2389784e-02
   8.5269478e-02
   8.8383821e-02
   9.1663432e-02
   9.4586048e-02
   9.6267592e-02
   9.6607614e-02
   9.6266050e-02
   9.4512243e-02
   9.0594445e-02
   8.1613747e-02
   6.4339578e-02
   0.0000000e+00
   0.0000000e+00
   0.0000000e+00
   0.0000000e+00
   0.0000000e+00
   0.0000000e+00
   0.0000000e+00
   0.0000000e+00
   0.0000000e+00
   0.0000000e+00
   0.0000000e+00
   0.0000000e+00
   0.0000000e+00
   6.5323808e-02
   8.0087498e-02
   8.4127434e-02
   8.5264079e-02
   8.4825583e-02
   8.2996242e-02
   8.0700777e-02
   7.3719129e-02
   6.5950893e-02
   5.8783226e-02
   5.4968752e-02
   5.3171668e-02
   5.4574732e-02
   5.7243954e-02
   6.1339326e-02
   6.5607965e-02
   6.8164416e-02
   6.9727018e-02
   7.1076348e-02
   7.2062209e-02
   7.1353219e-02
   6.5304913e-02
   4.8562042e-02
   0.0000000e+00
   0.0000000e+00
   0.0000000e+00
   0.0000000e+00
   0.0000000e+00
   0.0000000e+00
   0.0000000e+00
   0.0000000e+00
   0.0000000e+00
   0.0000000e+00
   0.0000000e+00
   6.1198237e-02
   6.4894491e-02
   7.7747653e-02
   6.2505215e-02
   6.1379045e-02
   5.8497336e-02
   5.3988968e-02
   4.9458940e-02
   4.4126268e-02
   3.7066399e-02
   2.9232191e-02
   2.2141177e-02
   1.7330799e-02
   1.5987625e-02
   1.7796909e-02
   2.0916657e-02
   2.5222043e-02
   2.9131657e-02
   3.1985212e-02
   3.4625884e-02
   3.7431020e-02
   3.9942454e-02
   4.0582452e-02
   3.5876483e-02
   2.2031781e-02
   0.0000000e+00
   0.0000000e+00
   0.0000000e+00
   0.0000000e+00
   0.0000000e+00
   0.0000000e+00
   0.0000000e+00
   0.0000000e+00
   0.0000000e+00
   0.0000000e+00
   0.0000000e+00
   5.6351170e-02
   5.8827266e-02
   6.0387228e-02
   2.2409551e-02
   1.7461872e-02
   1.2370806e-02
   8.4633892e-03
   5.2765766e-03
   1.2007542e-03
  -3.2491863e-03
  -8.0549773e-03
  -1.2047766e-02
  -1.4106962e-02
  -1.3918476e-02
  -1.1153513e-02
  -7.5026476e-03
  -3.4726579e-03
   6.5472926e-04
   3.7503412e-03
   6.8077138e-03
   9.3777161e-03
   1.0725788e-02
   1.0401823e-02
   6.1380477e-03
  -2.7304038e-03
  -0.0000000e+00
   0.0000000e+00
   0.0000000e+00
   0.0000000e+00
   0.0000000e+00
   0.0000000e+00
   0.0000000e+00
   0.0000000e+00
   0.0000000e+00
   9.9582407e-03
   2.2461189e-02
   2.3363647e-02
   2.8370872e-02
   2.5435673e-02
  -1.7247014e-02
  -2.2004064e-02
  -2.6823614e-02
  -2.9880386e-02
  -3.2204624e-02
  -3.3998430e-02
  -3.5382546e-02
  -3.7172314e-02
  -3.8328901e-02
  -3.7497304e-02
  -3.5564974e-02
  -3.2326952e-02
  -2.8483905e-02
  -2.4106957e-02
  -1.9514838e-02
  -1.6051847e-02
  -1.3630443e-02
  -1.2822472e-02
  -1.4094583e-02
  -1.6650567e-02
  -2.1603275e-02
  -2.1662451e-02
  -0.0000000e+00
   0.0000000e+00
   0.0000000e+00
   0.0000000e+00
   0.0000000e+00
   0.0000000e+00
   0.0000000e+00
   0.0000000e+00
   0.0000000e+00
  -1.4299009e-03
  -1.0135653e-03
  -4.2926604e-03
  -6.9195936e-03
  -1.2278022e-02
  -4.1502445e-02
  -4.5622699e-02
  -5.0173592e-02
  -5.3985857e-02
  -5.6160282e-02
  -5.6483977e-02
  -5.5768085e-02
  -5.5221044e-02
  -5.3726014e-02
  -5.0952086e-02
  -4.7542296e-02
  -4.3830026e-02
  -3.9334833e-02
  -3.4212530e-02
  -2.9489854e-02
  -2.6791949e-02
  -2.6786786e-02
  -2.9855328e-02
  -3.4760452e-02
  -4.0168766e-02
  -4.5034125e-02
  -3.3753063e-02
  -0.0000000e+00
   0.0000000e+00
   0.0000000e+00
   0.0000000e+00
   0.0000000e+00
   0.0000000e+00
  -0.0000000e+00
   0.0000000e+00
  -2.2659903e-02
  -1.9687100e-02
  -2.1018185e-02
  -2.4751973e-02
  -3.0142160e-02
  -3.6272239e-02
  -5.4623444e-02
  -5.8554366e-02
  -6.2882006e-02
  -6.7063704e-02
  -6.8750136e-02
  -6.7984484e-02
  -6.5566324e-02
  -6.2319025e-02
  -5.8071136e-02
  -5.4360501e-02
  -5.0979178e-02
  -4.7042165e-02
  -4.2546134e-02
  -3.8219251e-02
  -3.4998633e-02
  -3.5061046e-02
  -3.9003905e-02
  -4.6267852e-02
  -5.3682029e-02
  -6.0189627e-02
  -6.2134877e-02
  -3.9405160e-02
  -0.0000000e+00
   0.0000000e+00
   0.0000000e+00
   0.0000000e+00
   0.0000000e+00
   0.0000000e+00
  -0.0000000e+00
  -2.4220740e-02
  -2.6866828e-02
  -2.7910419e-02
  -3.0597936e-02
  -3.6200408e-02
  -4.1992001e-02
  -4.8816025e-02
  -5.6378718e-02
  -6.0737237e-02
  -6.5083072e-02
  -6.8591170e-02
  -6.8860158e-02
  -6.5556861e-02
  -6.0732987e-02
  -5.5357914e-02
  -5.1283356e-02
  -4.9758554e-02
  -4.8555471e-02
  -4.6656970e-02
  -4.4441927e-02
  -4.2370386e-02
  -4.2172506e-02
  -4.5798674e-02
  -5.2345440e-02
  -6.0081553e-02
  -6.6170692e-02
  -7.0304886e-02
  -6.7067772e-02
  -3.6708191e-02
  -0.0000000e+00
   0.0000000e+00
   0.0000000e+00
   0.0000000e+00
   0.0000000e+00
   0.0000000e+00
  -0.0000000e+00
  -3.3703569e-02
  -2.7675632e-02
  -2.8248787e-02
  -3.3061057e-02
  -3.8751669e-02
  -4.3675948e-02
  -5.0270475e-02
  -4.8608512e-02
  -5.4197382e-02
  -5.7832841e-02
  -5.9424385e-02
  -5.6840450e-02
  -4.9000513e-02
  -4.1611176e-02
  -3.7616391e-02
  -3.9144065e-02
  -4.3845471e-02
  -4.8458282e-02
  -5.1997546e-02
  -5.4315001e-02
  -5.6615353e-02
  -6.0523327e-02
  -6.5507159e-02
  -7.0040099e-02
  -7.3156580e-02
  -7.4170999e-02
  -7.1726911e-02
  -5.9580930e-02
  -3.7120954e-02
  -0.0000000e+00
   0.0000000e+00
   0.0000000e+00
   0.0000000e+00
   0.0000000e+00
   0.0000000e+00
   0.0000000e+00
  -0.0000000e+00
  -2.8436557e-02
  -2.8915573e-02
  -3.3665337e-02
  -3.5980862e-02
  -3.8103461e-02
  -4.2515375e-02
  -3.2946039e-02
  -3.9349139e-02
  -4.2213690e-02
  -4.1123427e-02
  -3.6631100e-02
  -2.8973717e-02
  -2.4607865e-02
  -2.5750320e-02
  -3.2521036e-02
  -4.2105295e-02
  -5.1750850e-02
  -6.0101770e-02
  -6.6550918e-02
  -7.2558008e-02
  -7.8120366e-02
  -8.1479132e-02
  -8.2014702e-02
  -7.9275399e-02
  -7.3372319e-02
  -6.2710382e-02
  -4.3574858e-02
  -3.2388657e-02
   0.0000000e+00
   0.0000000e+00
   0.0000000e+00
   0.0000000e+00
   0.0000000e+00
   0.0000000e+00
   0.0000000e+00
   0.0000000e+00
  -3.0317479e-02
  -3.1610113e-02
  -3.1581409e-02
  -2.8681625e-02
  -2.6876234e-02
  -2.7674058e-02
  -1.3430658e-02
  -2.0281581e-02
  -2.3814538e-02
  -2.4308175e-02
  -2.3195151e-02
  -2.2169972e-02
  -2.3570128e-02
  -2.7703946e-02
  -3.4925707e-02
  -4.4273499e-02
  -5.3770687e-02
  -6.2395275e-02
  -6.9618404e-02
  -7.6301299e-02
  -8.1317067e-02
  -8.2748547e-02
  -8.0288582e-02
  -7.3555671e-02
  -6.3151240e-02
  -4.7992829e-02
  -2.4433989e-02
  -0.0000000e+00
   0.0000000e+00
   0.0000000e+00
   0.0000000e+00
   0.0000000e+00
   0.0000000e+00
   0.0000000e+00
   0.0000000e+00
   0.0000000e+00
  -3.1090449e-02
  -2.9547554e-02
  -2.3920085e-02
  -1.7317459e-02
  -1.2678210e-02
  -1.0259455e-02
   4.7555151e-03
  -4.9138125e-03
  -1.2095532e-02
  -1.8459745e-02
  -2.6070975e-02
  -3.4063935e-02
  -4.1193780e-02
  -4.7787163e-02
  -5.4803450e-02
  -6.1268587e-02
  -6.6128433e-02
  -6.9357656e-02
  -7.1488284e-02
  -7.3124081e-02
  -7.3085755e-02
  -7.0090033e-02
  -6.3540652e-02
  -5.4092918e-02
  -4.2845145e-02
  -2.7765399e-02
  -5.1757093e-03
   0.0000000e+00
   0.0000000e+00
   0.0000000e+00
   0.0000000e+00
   0.0000000e+00
   0.0000000e+00
   0.0000000e+00
   0.0000000e+00
  -0.0000000e+00
  -2.8883209e-02
  -2.1417456e-02
  -1.2744078e-02
  -4.4075390e-03
   1.7968422e-03
   5.7254350e-03
   1.9236996e-02
   3.8872405e-03
  -1.0305186e-02
  -2.3132756e-02
  -3.8389128e-02
  -5.2779179e-02
  -6.4405006e-02
  -7.4375585e-02
  -8.3408512e-02
  -8.9226408e-02
  -9.0975247e-02
  -8.8407815e-02
  -8.2514477e-02
  -7.4901544e-02
  -6.5722875e-02
  -5.6494578e-02
  -4.6479166e-02
  -3.5751600e-02
  -2.5476027e-02
  -1.3375673e-02
   7.2302325e-03
   0.0000000e+00
   0.0000000e+00
   0.0000000e+00
   0.0000000e+00
   0.0000000e+00
   0.0000000e+00
   0.0000000e+00
   0.0000000e+00
   0.0000000e+00
  -2.2030595e-02
  -1.1981620e-02
  -1.8134536e-03
   7.2372248e-03
   1.4306685e-02
   1.7916964e-02
   3.3796898e-02
   0.0000000e+00
  -1.2881237e-02
  -2.4059145e-02
  -3.9788820e-02
  -5.5259496e-02
  -6.7296237e-02
  -7.7246308e-02
  -8.6406052e-02
  -9.2725530e-02
  -9.5033355e-02
  -9.2137128e-02
  -8.4435090e-02
  -7.3882043e-02
  -6.1416917e-02
  -4.9830124e-02
  -3.8803123e-02
  -2.8101161e-02
  -1.8402793e-02
  -7.8017935e-03
   6.4528310e-03
   0.0000000e+00
   0.0000000e+00
   0.0000000e+00
   0.0000000e+00
   0.0000000e+00
   0.0000000e+00
   0.0000000e+00
   0.0000000e+00
   0.0000000e+00
  -1.5376705e-02
  -7.6001897e-03
   5.3239446e-03
   1.6332660e-02
   2.5649199e-02
   2.8167548e-02
   3.3352669e-02
   0.0000000e+00
   0.0000000e+00
  -1.9110153e-02
  -3.1749740e-02
  -4.5701077e-02
  -5.6839063e-02
  -6.5891810e-02
  -7.4337864e-02
  -8.0815290e-02
  -8.4305125e-02
  -8.3878289e-02
  -7.9354961e-02
  -7.1721607e-02
  -6.1162896e-02
  -4.9701120e-02
  -3.7478973e-02
  -2.4491944e-02
  -1.2658255e-02
  -1.3198599e-03
   4.8703958e-03
   0.0000000e+00
   0.0000000e+00
   0.0000000e+00
   0.0000000e+00
   0.0000000e+00
   0.0000000e+00
   0.0000000e+00
   0.0000000e+00
  -3.5415396e-02
  -2.2412580e-02
  -8.0647851e-03
   8.7711570e-03
   2.3666596e-02
   3.8604398e-02
   3.6452108e-02
   1.1220852e-02
   0.0000000e+00
   0.0000000e+00
  -1.8532410e-02
  -2.8444452e-02
  -3.8960230e-02
  -4.7281254e-02
  -5.3882487e-02
  -6.0612205e-02
  -6.6933230e-02
  -7.1992084e-02
  -7.5084507e-02
  -7.5123847e-02
  -7.2399110e-02
  -6.6408969e-02
  -5.7579227e-02
  -4.5294765e-02
  -2.9245462e-02
  -1.2994453e-02
   2.6307451e-03
   8.5755875e-03
   0.0000000e+00
   0.0000000e+00
   0.0000000e+00
   0.0000000e+00
   0.0000000e+00
   0.0000000e+00
   0.0000000e+00
   0.0000000e+00
  -4.0045030e-02
  -3.1127749e-02
  -1.4900399e-02
   9.6974652e-03
   3.0708526e-02
   5.5020928e-02
   3.7852915e-02
   0.0000000e+00
   0.0000000e+00
   0.0000000e+00
  -2.9366006e-02
  -4.0713973e-02
  -5.3387795e-02
  -6.3573614e-02
  -7.1709231e-02
  -7.9734467e-02
  -8.7285057e-02
  -9.3848765e-02
  -9.8750420e-02
  -1.0054657e-01
  -9.9296361e-02
  -9.3745694e-02
  -8.3529271e-02
  -6.8035237e-02
  -4.6986703e-02
  -2.4492629e-02
  -1.7285296e-03
   8.7231056e-03
   0.0000000e+00
   0.0000000e+00
   0.0000000e+00
   0.0000000e+00
   0.0000000e+00
   0.0000000e+00
   0.0000000e+00
   0.0000000e+00
  -5.0890037e-02
  -4.1147474e-02
  -2.4904389e-02
   7.7770120e-03
   3.2175925e-02
   0.0000000e+00
   3.6227926e-02
   0.0000000e+00
   0.0000000e+00
   0.0000000e+00
  -4.0839255e-02
  -5.3386662e-02
  -6.8320327e-02
  -8.0203712e-02
  -8.9747362e-02
  -9.8651923e-02
  -1.0673107e-01
  -1.1368100e-01
  -1.1852844e-01
  -1.2006690e-01
  -1.1826737e-01
  -1.1151075e-01
  -9.9513873e-02
  -8.2084388e-02
  -5.8802601e-02
  -3.2675415e-02
  -7.2198366e-03
   0.0000000e+00
   0.0000000e+00
  -0.0000000e+00
  -0.0000000e+00
   0.0000000e+00
   0.0000000e+00
   0.0000000e+00
   0.0000000e+00
  -6.5109244e-02
  -5.7445357e-02
  -4.6700504e-02
  -3.2716461e-02
  -4.6441265e-03
   2.5929771e-02
   0.0000000e+00
   0.0000000e+00
   0.0000000e+00
   0.0000000e+00
  -4.6015940e-02
  -4.9991152e-02
  -6.0451072e-02
  -7.1796611e-02
  -8.0431385e-02
  -8.7056153e-02
  -9.2687249e-02
  -9.7166631e-02
  -1.0077675e-01
  -1.0346185e-01
  -1.0488287e-01
  -1.0478726e-01
  -1.0193135e-01
  -9.5355402e-02
  -8.3420739e-02
  -6.2921949e-02
  -3.5866767e-02
  -8.7928083e-03
   0.0000000e+00
  -0.0000000e+00
  -0.0000000e+00
  -0.0000000e+00
   0.0000000e+00
   0.0000000e+00
   0.0000000e+00
  -6.6605630e-02
  -6.3860216e-02
  -5.8536600e-02
  -4.7140853e-02
  -3.6224812e-02
  -2.5279481e-02
  -1.6958112e-03
   0.0000000e+00
   0.0000000e+00
   0.0000000e+00
   0.0000000e+00
  -4.9716214e-02
  -5.6065742e-02
  -6.0752731e-02
  -6.4526550e-02
  -6.8593062e-02
  -7.2512217e-02
  -7.5190522e-02
  -7.5743556e-02
  -7.5336665e-02
  -7.5504713e-02
  -7.7669300e-02
  -8.0673002e-02
  -8.2548901e-02
  -8.1610791e-02
  -7.6460980e-02
  -6.0086664e-02
  -3.4253519e-02
  -2.5401872e-03
   0.0000000e+00
  -0.0000000e+00
  -0.0000000e+00
  -0.0000000e+00
  -0.0000000e+00
   0.0000000e+00
   0.0000000e+00
  -5.9117541e-02
  -5.6599692e-02
  -5.2484728e-02
  -4.2490769e-02
  -3.2793427e-02
  -2.5979171e-02
  -0.0000000e+00
   0.0000000e+00
   0.0000000e+00
   0.0000000e+00
   0.0000000e+00
  -0.0000000e+00
  -5.3822335e-02
  -5.3210970e-02
  -5.2647255e-02
  -5.5262286e-02
  -6.0357049e-02
  -6.4567111e-02
  -6.5295383e-02
  -6.3375704e-02
  -6.0618293e-02
  -6.0346447e-02
  -6.3240461e-02
  -6.7493670e-02
  -6.9302768e-02
  -6.8553045e-02
  -5.4778647e-02
  -2.8597027e-02
   1.6416047e-03
   0.0000000e+00
  -0.0000000e+00
  -0.0000000e+00
  -0.0000000e+00
  -0.0000000e+00
   0.0000000e+00
   0.0000000e+00
  -4.6211154e-02
  -4.4532787e-02
  -4.0695034e-02
  -3.3663370e-02
  -2.6375793e-02
  -2.7842537e-02
   0.0000000e+00
   0.0000000e+00
   0.0000000e+00
   0.0000000e+00
   0.0000000e+00
  -0.0000000e+00
  -3.4077689e-02
  -3.0929569e-02
  -3.1418428e-02
  -3.6656506e-02
  -4.4714554e-02
  -5.1747737e-02
  -5.4482740e-02
  -5.3232224e-02
  -4.9858277e-02
  -4.7598636e-02
  -4.8010224e-02
  -5.0933567e-02
  -5.0793042e-02
  -4.9457596e-02
  -4.8594974e-02
  -5.9709991e-03
   1.0356938e-02
   0.0000000e+00
   0.0000000e+00
   0.0000000e+00
  -0.0000000e+00
  -4.3545777e-02
  -4.2950903e-02
   0.0000000e+00
  -2.8727562e-02
  -2.4029591e-02
  -2.1320059e-02
  -1.8029905e-02
  -1.5521391e-02
  -1.6907610e-02
   0.0000000e+00
   0.0000000e+00
   0.0000000e+00
   0.0000000e+00
   0.0000000e+00
  -0.0000000e+00
  -1.0660366e-03
   2.7349477e-03
  -3.4412765e-03
  -1.4770538e-02
  -2.6150044e-02
  -3.4803957e-02
  -3.8548861e-02
  -3.7980501e-02
  -3.5180464e-02
  -3.3031039e-02
  -3.2140154e-02
  -3.2897744e-02
  -3.1106740e-02
  -2.3850920e-02
  -2.8772320e-02
   3.3966669e-03
   0.0000000e+00
   0.0000000e+00
   0.0000000e+00
   0.0000000e+00
  -0.0000000e+00
  -2.8372508e-02
  -2.5536996e-02
  -1.1496536e-02
  -3.1392457e-03
   8.4468955e-04
   2.6513794e-03
   2.7564660e-03
   4.0152520e-03
   1.0206434e-02
   0.0000000e+00
   0.0000000e+00
   0.0000000e+00
   0.0000000e+00
   0.0000000e+00
   0.0000000e+00
   3.0899426e-02
   3.6498111e-02
   2.7863801e-02
   1.1476764e-02
  -2.9109735e-03
  -1.2062648e-02
  -1.5441182e-02
  -1.4891494e-02
  -1.2661546e-02
  -1.0515971e-02
  -9.2795230e-03
  -8.7119192e-03
  -7.6196534e-03
   2.0981094e-04
  -6.8742994e-03
   6.8937508e-03
   0.0000000e+00
   0.0000000e+00
   0.0000000e+00
   0.0000000e+00
   0.0000000e+00
   2.4586818e-04
   2.5562884e-04
  -1.1496534e-02
   1.9859415e-02
   2.9895034e-02
   3.1529423e-02
   2.8100410e-02
   2.7012052e-02
   2.8499960e-02
   0.0000000e+00
   0.0000000e+00
   0.0000000e+00
   0.0000000e+00
   0.0000000e+00
   0.0000000e+00
   0.0000000e+00
   5.1387925e-02
   4.7083773e-02
   3.3406593e-02
   2.1545433e-02
   1.5086615e-02
   1.3987726e-02
   1.5983462e-02
   1.8499989e-02
   2.0870918e-02
   2.2352006e-02
   2.2672892e-02
   2.1417693e-02
   2.0552345e-02
   1.4086812e-02
   1.9924766e-02
   0.0000000e+00
   0.0000000e+00
   0.0000000e+00
   0.0000000e+00
   0.0000000e+00
   0.0000000e+00
   2.6231718e-02
   4.1800978e-02
   0.0000000e+00
   0.0000000e+00
   0.0000000e+00
   0.0000000e+00
   0.0000000e+00
   0.0000000e+00
   0.0000000e+00
   0.0000000e+00
   0.0000000e+00
   0.0000000e+00
   0.0000000e+00
   0.0000000e+00
   0.0000000e+00
   0.0000000e+00
   4.6974577e-02
   4.0942155e-02
   4.0883917e-02
   4.4033889e-02
   4.8650913e-02
   5.3912826e-02
   5.8519423e-02
   6.2213045e-02
   6.4692043e-02
   6.4974345e-02
   6.2262286e-02
   6.1431333e-02
   5.2535151e-02
   4.4243366e-02
   0.0000000e+00
   0.0000000e+00
   0.0000000e+00
   0.0000000e+00
   0.0000000e+00
   0.0000000e+00
   0.0000000e+00
   0.0000000e+00
   0.0000000e+00
   0.0000000e+00
   0.0000000e+00
   0.0000000e+00
   0.0000000e+00
   0.0000000e+00
   0.0000000e+00
   0.0000000e+00
   0.0000000e+00
   0.0000000e+00
   0.0000000e+00
   0.0000000e+00
   0.0000000e+00
   0.0000000e+00
   2.4934880e-02
   3.3526495e-02
   4.8080113e-02
   6.2594935e-02
   7.3932274e-02
   8.3365709e-02
   9.0650164e-02
   9.5661323e-02
   9.9731915e-02
   1.0103750e-01
   9.8305929e-02
   9.4148405e-02
   8.1968084e-02
   0.0000000e+00
   0.0000000e+00
   0.0000000e+00
   0.0000000e+00
   0.0000000e+00
   0.0000000e+00
   0.0000000e+00
   0.0000000e+00
   0.0000000e+00
   0.0000000e+00
   0.0000000e+00
   0.0000000e+00
   0.0000000e+00
   0.0000000e+00
   0.0000000e+00
   0.0000000e+00
   0.0000000e+00
   0.0000000e+00
   0.0000000e+00
   0.0000000e+00
   0.0000000e+00
   0.0000000e+00
   0.0000000e+00
   4.9538681e-03
   2.4245577e-02
   4.8660649e-02
   6.9734364e-02
   8.5376941e-02
   9.6802998e-02
   1.0449408e-01
   1.0981341e-01
   1.1441838e-01
   1.1637423e-01
   1.1475334e-01
   1.1039096e-01
   9.7106587e-02
   0.0000000e+00
   0.0000000e+00
   0.0000000e+00
   0.0000000e+00
   0.0000000e+00
   0.0000000e+00
   0.0000000e+00
   0.0000000e+00
   0.0000000e+00
   0.0000000e+00
   0.0000000e+00
   0.0000000e+00
   0.0000000e+00
   0.0000000e+00
   0.0000000e+00
   0.0000000e+00
   0.0000000e+00
   0.0000000e+00
   0.0000000e+00
   0.0000000e+00
   0.0000000e+00
  -0.0000000e+00
   0.0000000e+00
   5.0930786e-03
   1.8220391e-02
   3.7696905e-02
   5.6655332e-02
   7.0961228e-02
   8.0776766e-02
   8.8251390e-02
   9.3587678e-02
   9.7419731e-02
   9.7562827e-02
   9.3350705e-02
   8.9717127e-02
   8.3940305e-02
   0.0000000e+00
   0.0000000e+00
   0.0000000e+00
   0.0000000e+00
   0.0000000e+00
   0.0000000e+00
   0.0000000e+00
   0.0000000e+00
   0.0000000e+00
   0.0000000e+00
   0.0000000e+00
   0.0000000e+00
   0.0000000e+00
   0.0000000e+00
   0.0000000e+00
   0.0000000e+00
   0.0000000e+00
   0.0000000e+00
   0.0000000e+00
   0.0000000e+00
   0.0000000e+00
  -0.0000000e+00
  -0.0000000e+00
  -1.5925894e-03
  -1.6725172e-03
   5.7151634e-03
   2.1834912e-02
   3.0584857e-02
   3.7220139e-02
   4.1717228e-02
   4.4506276e-02
   4.5879699e-02
   4.2692795e-02
   4.9865806e-02
   6.8989469e-02
   6.7826280e-02
   6.1127606e-02
   0.0000000e+00
   0.0000000e+00
   0.0000000e+00
   0.0000000e+00
   0.0000000e+00
   0.0000000e+00
   0.0000000e+00
   0.0000000e+00
  -3.8444735e-03
  -1.2735474e-02
  -8.0796990e-03
  -7.1750390e-03
   0.0000000e+00
   0.0000000e+00
   0.0000000e+00
   0.0000000e+00
   0.0000000e+00
   0.0000000e+00
   0.0000000e+00
   0.0000000e+00
   0.0000000e+00
   0.0000000e+00
   0.0000000e+00
  -0.0000000e+00
  -0.0000000e+00
  -2.5554430e-03
  -7.2876168e-03
  -9.1927502e-03
  -1.2805685e-02
  -1.0146297e-02
  -1.0880737e-02
  -1.6090410e-02
  -1.1702206e-02
  -1.2943227e-02
  -1.1470342e-02
  -7.4993292e-03
  -1.3265814e-02
   0.0000000e+00
  -8.5582345e-03
  -8.7390831e-03
  -4.5533342e-03
  -1.9140374e-03
  -4.0034973e-03
  -1.3599404e-03
  -1.9567526e-03
  -5.1637042e-03
  -5.2839033e-03
   1.1658677e-03
   3.5594889e-03
   6.6131588e-03
   0.0000000e+00
   0.0000000e+00
   0.0000000e+00
