-START-OF-DATA-
0 0.000278
10 0.000278
20 0.000278
30 0.000278
40 0.000278
50 0.000278
60 0.000278
70 0.000278
80 0.000278
90 0.000278
100 0.000278
110 0.000278
120 0.000278
130 0.000278
140 0.000278
150 0.000278
160 0.000278
170 0.000278
180 0.000278
190 0.000278
200 0.000278
210 0.000278
220 0.000278
230 0.000278
240 0.000278
250 0.000278
260 0.000278
270 0.000278
280 0.000278
290 0.000278
300 0.000278
310 0.000278
320 0.000278
330 0.000278
340 0.000278
350 0.000278
360 0.000278
370 0.000278
380 0.000278
390 0.000278
400 0.000278
410 0.000278
420 0.000278
430 0.000278
440 0.000278
450 0.000278
460 0.000278
470 0.000278
480 0.000278
490 0.000278
500 0.000278
510 0.000278
520 0.000278
530 0.000278
540 0.000278
550 0.000278
560 0.000278
570 0.000278
580 0.000278
590 0.000278
600 0.000278
610 0.000278
620 0.000278
630 0.000278
640 0.000278
650 0.000278
660 0.000278
670 0.000278
680 0.000278
690 0.000278
700 0.000278
710 0.000278
720 0.000278
730 0.000278
740 0.000278
750 0.000278
760 0.000278
770 0.000278
780 0.000278
790 0.000278
800 0.000278
810 0.000278
820 0.000278
830 0.000278
840 0.000278
850 0.000278
860 0.000278
870 0.000278
880 0.000278
890 0.000278
900 0.000278
910 0.000278
920 0.000278
930 0.000278
940 0.000278
950 0.000278
960 0.000278
970 0.000278
980 0.000278
990 0.000278
1000 0.000278
1010 0.000278
1020 0.000278
1030 0.000278
1040 0.000278
1050 0.000278
1060 0.000278
1070 0.000278
1080 0.000278
1090 0.000278
1100 0.000278
1110 0.000278
1120 0.000278
1130 0.000278
1140 0.000278
1150 0.000278
1160 0.000278
1170 0.000278
1180 0.000278
1190 0.000278
1200 0.000278
1210 0.000278
1220 0.000278
1230 0.000278
1240 0.000278
1250 0.000278
1260 0.000278
1270 0.000278
1280 0.000278
1290 0.000278
1300 0.000278
1310 0.000278
1320 0.000278
1330 0.000278
1340 0.000278
1350 0.000278
1360 0.000278
1370 0.000278
1380 0.000278
1390 0.000278
1400 0.000278
1410 0.000278
1420 0.000278
1430 0.000278
1440 0.000278
1450 0.000278
1460 0.000278
1470 0.000278
1480 0.000278
1490 0.000278
1500 0.000278
1510 0.000278
1520 0.000278
1530 0.000278
1540 0.000278
1550 0.000278
1560 0.000278
1570 0.000278
1580 0.000278
1590 0.000278
1600 0.000278
1610 0.000278
1620 0.000278
1630 0.000278
1640 0.000278
1650 0.000278
1660 0.000278
1670 0.000278
1680 0.000278
1690 0.000278
1700 0.000278
1710 0.000278
1720 0.000278
1730 0.000278
1740 0.000278
1750 0.000278
1760 0.000278
1770 0.000278
1780 0.000278
1790 0.000278
1800 0.000278
1810 0.000278
1820 0.000278
1830 0.000278
1840 0.000278
1850 0.000278
1860 0.000278
1870 0.000278
1880 0.000278
1890 0.000278
1900 0.000278
1910 0.000278
1920 0.000278
1930 0.000278
1940 0.000278
1950 0.000278
1960 0.000278
1970 0.000278
1980 0.000278
1990 0.000278
2000 0.000278
2010 0.000278
2020 0.000278
2030 0.000278
2040 0.000278
2050 0.000278
2060 0.000278
2070 0.000278
2080 0.000278
2090 0.000278
2100 0.000278
2110 0.000278
2120 0.000278
2130 0.000278
2140 0.000278
2150 0.000278
2160 0.000278
2170 0.000278
2180 0.000278
2190 0.000278
2200 0.000278
2210 0.000278
2220 0.000278
2230 0.000278
2240 0.000278
2250 0.000278
2260 0.000278
2270 0.000278
2280 0.000278
2290 0.000278
2300 0.000278
2310 0.000278
2320 0.000278
2330 0.000278
2340 0.000278
2350 0.000278
2360 0.000278
2370 0.000278
2380 0.000278
2390 0.000278
2400 0.000278
2410 0.000278
2420 0.000278
2430 0.000278
2440 0.000278
2450 0.000278
2460 0.000278
2470 0.000278
2480 0.000278
2490 0.000278
2500 0.000278
2510 0.000278
2520 0.000278
2530 0.000278
2540 0.000278
2550 0.000278
2560 0.000278
2570 0.000278
2580 0.000278
2590 0.000278
2600 0.000278
2610 0.000278
2620 0.000278
2630 0.000278
2640 0.000278
2650 0.000278
2660 0.000278
2670 0.000278
2680 0.000278
2690 0.000278
2700 0.000278
2710 0.000278
2720 0.000278
2730 0.000278
2740 0.000278
2750 0.000278
2760 0.000278
2770 0.000278
2780 0.000278
2790 0.000278
2800 0.000278
2810 0.000278
2820 0.000278
2830 0.000278
2840 0.000278
2850 0.000278
2860 0.000278
2870 0.000278
2880 0.000278
2890 0.000278
2900 0.000278
2910 0.000278
2920 0.000278
2930 0.000278
2940 0.000278
2950 0.000278
2960 0.000278
2970 0.000278
2980 0.000278
2990 0.000278
3000 0.000278
3010 0.000278
3020 0.000278
3030 0.000278
3040 0.000278
3050 0.000278
3060 0.000278
3070 0.000278
3080 0.000278
3090 0.000278
3100 0.000278
3110 0.000278
3120 0.000278
3130 0.000278
3140 0.000278
3150 0.000278
3160 0.000278
3170 0.000278
3180 0.000278
3190 0.000278
3200 0.000278
3210 0.000278
3220 0.000278
3230 0.000278
3240 0.000278
3250 0.000278
3260 0.000278
3270 0.000278
3280 0.000278
3290 0.000278
3300 0.000278
3310 0.000278
3320 0.000278
3330 0.000278
3340 0.000278
3350 0.000278
3360 0.000278
3370 0.000278
3380 0.000278
3390 0.000278
3400 0.000278
3410 0.000278
3420 0.000278
3430 0.000278
3440 0.000278
3450 0.000278
3460 0.000278
3470 0.000278
3480 0.000278
3490 0.000278
3500 0.000278
3510 0.000278
3520 0.000278
3530 0.000278
3540 0.000278
3550 0.000278
3560 0.000278
3570 0.000278
3580 0.000278
3590 0.000278
3600 0.000278
3610 0.000278
3620 0.000278
3630 0.000278
3640 0.000278
3650 0.000278
3660 0.000278
3670 0.000278
3680 0.000278
3690 0.000278
3700 0.000278
3710 0.000278
3720 0.000278
3730 0.000278
3740 0.000278
3750 0.000278
3760 0.000278
3770 0.000278
3780 0.000278
3790 0.000278
3800 0.000278
3810 0.000278
3820 0.000278
3830 0.000278
3840 0.000278
3850 0.000278
3860 0.000278
3870 0.000278
3880 0.000278
3890 0.000278
3900 0.000278
3910 0.000278
3920 0.000278
3930 0.000278
3940 0.000278
3950 0.000278
3960 0.000278
3970 0.000278
3980 0.000278
3990 0.000278
4000 0.000278
4010 0.000278
4020 0.000278
4030 0.000278
4040 0.000278
4050 0.000278
4060 0.000278
4070 0.000278
4080 0.000278
4090 0.000278
4100 0.000278
4110 0.000278
4120 0.000278
4130 0.000278
4140 0.000278
4150 0.000278
4160 0.000278
4170 0.000278
4180 0.000278
4190 0.000278
4200 0.000278
4210 0.000278
4220 0.000278
4230 0.000278
4240 0.000278
4250 0.000278
4260 0.000278
4270 0.000278
4280 0.000278
4290 0.000278
4300 0.000278
4310 0.000278
4320 0.000278
4330 0.000278
4340 0.000278
4350 0.000278
4360 0.000278
4370 0.000278
4380 0.000278
4390 0.000278
4400 0.000278
4410 0.000278
4420 0.000278
4430 0.000278
4440 0.000278
4450 0.000278
4460 0.000278
4470 0.000278
4480 0.000278
4490 0.000278
4500 0.000278
4510 0.000278
4520 0.000278
4530 0.000278
4540 0.000278
4550 0.000278
4560 0.000278
4570 0.000278
4580 0.000278
4590 0.000278
4600 0.000278
4610 0.000278
4620 0.000278
4630 0.000278
4640 0.000278
4650 0.000278
4660 0.000278
4670 0.000278
4680 0.000278
4690 0.000278
4700 0.000278
4710 0.000278
4720 0.000278
4730 0.000278
4740 0.000278
4750 0.000278
4760 0.000278
4770 0.000278
4780 0.000278
4790 0.000278
4800 0.000278
4810 0.000278
4820 0.000278
4830 0.000278
4840 0.000278
4850 0.000278
4860 0.000278
4870 0.000278
4880 0.000278
4890 0.000278
4900 0.000278
4910 0.000278
4920 0.000278
4930 0.000278
4940 0.000278
4950 0.000278
4960 0.000278
4970 0.000278
4980 0.000278
4990 0.000278
5000 0.000278
5010 0.000279077902097902
5020 0.000280155804195804
5030 0.000281233706293706
5040 0.000282311608391608
5050 0.00028338951048951
5060 0.000284467412587413
5070 0.000285545314685315
5080 0.000286623216783217
5090 0.000287701118881119
5100 0.000288779020979021
5110 0.000289856923076923
5120 0.000290934825174825
5130 0.000292012727272727
5140 0.000293090629370629
5150 0.000294168531468531
5160 0.000295246433566434
5170 0.000296324335664336
5180 0.000297402237762238
5190 0.00029848013986014
5200 0.000299558041958042
5210 0.000300635944055944
5220 0.000301713846153846
5230 0.000302791748251748
5240 0.00030386965034965
5250 0.000304947552447552
5260 0.000306025454545455
5270 0.000307103356643357
5280 0.000308181258741259
5290 0.000309259160839161
5300 0.000310337062937063
5310 0.000311414965034965
5320 0.000312492867132867
5330 0.000313570769230769
5340 0.000314648671328671
5350 0.000315726573426573
5360 0.000316804475524475
5370 0.000317882377622378
5380 0.00031896027972028
5390 0.000320038181818182
5400 0.000321116083916084
5410 0.000322193986013986
5420 0.000323271888111888
5430 0.00032434979020979
5440 0.000325427692307692
5450 0.000326505594405594
5460 0.000327583496503496
5470 0.000328661398601399
5480 0.000329739300699301
5490 0.000330817202797203
5500 0.000331895104895105
5510 0.000332973006993007
5520 0.000334050909090909
5530 0.000335128811188811
5540 0.000336206713286713
5550 0.000337284615384615
5560 0.000338362517482517
5570 0.00033944041958042
5580 0.000340518321678322
5590 0.000341596223776224
5600 0.000342674125874126
5610 0.000343752027972028
5620 0.00034482993006993
5630 0.000345907832167832
5640 0.000346985734265734
5650 0.000348063636363636
5660 0.000349141538461538
5670 0.00035021944055944
5680 0.000351297342657343
5690 0.000352375244755245
5700 0.000353453146853147
5710 0.000354531048951049
5720 0.000355608951048951
5730 0.000356686853146853
5740 0.000357764755244755
5750 0.000358842657342657
5760 0.000359920559440559
5770 0.000360998461538461
5780 0.000362076363636364
5790 0.000363154265734266
5800 0.000364232167832168
5810 0.00036531006993007
5820 0.000366387972027972
5830 0.000367465874125874
5840 0.000368543776223776
5850 0.000369621678321678
5860 0.00037069958041958
5870 0.000371777482517483
5880 0.000372855384615385
5890 0.000373933286713287
5900 0.000375011188811189
5910 0.000376089090909091
5920 0.000377166993006993
5930 0.000378244895104895
5940 0.000379322797202797
5950 0.000380400699300699
5960 0.000381478601398601
5970 0.000382556503496503
5980 0.000383634405594406
5990 0.000384712307692308
6000 0.00038579020979021
6010 0.000386868111888112
6020 0.000387946013986014
6030 0.000389023916083916
6040 0.000390101818181818
6050 0.00039117972027972
6060 0.000392257622377622
6070 0.000393335524475524
6080 0.000394413426573427
6090 0.000395491328671329
6100 0.000396569230769231
6110 0.000397647132867133
6120 0.000398725034965035
6130 0.000399802937062937
6140 0.000400880839160839
6150 0.000401958741258741
6160 0.000403036643356643
6170 0.000404114545454545
6180 0.000405192447552448
6190 0.00040627034965035
6200 0.000407348251748252
6210 0.000408426153846154
6220 0.000409504055944056
6230 0.000410581958041958
6240 0.00041165986013986
6250 0.000412737762237762
6260 0.000413815664335664
6270 0.000414893566433566
6280 0.000415971468531469
6290 0.000417049370629371
6300 0.000418127272727273
6310 0.000419205174825175
6320 0.000420283076923077
6330 0.000421360979020979
6340 0.000422438881118881
6350 0.000423516783216783
6360 0.000424594685314685
6370 0.000425672587412587
6380 0.00042675048951049
6390 0.000427828391608392
6400 0.000428906293706294
6410 0.000429984195804196
6420 0.000431062097902098
6430 0.00043214
6440 0.000433217902097902
6450 0.000434295804195804
6460 0.000435373706293706
6470 0.000436451608391608
6480 0.00043752951048951
6490 0.000438607412587413
6500 0.000439685314685315
6510 0.000440763216783217
6520 0.000441841118881119
6530 0.000442919020979021
6540 0.000443996923076923
6550 0.000445074825174825
6560 0.000446152727272727
6570 0.000447230629370629
6580 0.000448308531468531
6590 0.000449386433566434
6600 0.000450464335664336
6610 0.000451542237762238
6620 0.00045262013986014
6630 0.000453698041958042
6640 0.000454775944055944
6650 0.000455853846153846
6660 0.000456931748251748
6670 0.00045800965034965
6680 0.000459087552447552
6690 0.000460165454545455
6700 0.000461243356643357
6710 0.000462321258741259
6720 0.000463399160839161
6730 0.000464477062937063
6740 0.000465554965034965
6750 0.000466632867132867
6760 0.000467710769230769
6770 0.000468788671328671
6780 0.000469866573426573
6790 0.000470944475524476
6800 0.000472022377622378
6810 0.00047310027972028
6820 0.000474178181818182
6830 0.000475256083916084
6840 0.000476333986013986
6850 0.000477411888111888
6860 0.00047848979020979
6870 0.000479567692307692
6880 0.000480645594405594
6890 0.000481723496503497
6900 0.000482801398601399
6910 0.000483879300699301
6920 0.000484957202797203
6930 0.000486035104895105
6940 0.000487113006993007
6950 0.000488190909090909
6960 0.000489268811188811
6970 0.000490346713286713
6980 0.000491424615384615
6990 0.000492502517482517
7000 0.00049358041958042
7010 0.000494658321678322
7020 0.000495736223776224
7030 0.000496814125874126
7040 0.000497892027972028
7050 0.00049896993006993
7060 0.000500047832167832
7070 0.000501125734265734
7080 0.000502203636363636
7090 0.000503281538461538
7100 0.00050435944055944
7110 0.000505437342657343
7120 0.000506515244755245
7130 0.000507593146853147
7140 0.000508671048951049
7150 0.000509748951048951
7160 0.000510826853146853
7170 0.000511904755244755
7180 0.000512982657342657
7190 0.000514060559440559
7200 0.000515138461538462
7210 0.000516216363636364
7220 0.000517294265734266
7230 0.000518372167832168
7240 0.00051945006993007
7250 0.000520527972027972
7260 0.000521605874125874
7270 0.000522683776223776
7280 0.000523761678321678
7290 0.00052483958041958
7300 0.000525917482517482
7310 0.000526995384615385
7320 0.000528073286713287
7330 0.000529151188811189
7340 0.000530229090909091
7350 0.000531306993006993
7360 0.000532384895104895
7370 0.000533462797202797
7380 0.000534540699300699
7390 0.000535618601398601
7400 0.000536696503496504
7410 0.000537774405594406
7420 0.000538852307692308
7430 0.00053993020979021
7440 0.000541008111888112
7450 0.000542086013986014
7460 0.000543163916083916
7470 0.000544241818181818
7480 0.00054531972027972
7490 0.000546397622377622
7500 0.000547475524475524
7510 0.000548553426573427
7520 0.000549631328671329
7530 0.000550709230769231
7540 0.000551787132867133
7550 0.000552865034965035
7560 0.000553942937062937
7570 0.000555020839160839
7580 0.000556098741258741
7590 0.000557176643356643
7600 0.000558254545454545
7610 0.000559332447552448
7620 0.00056041034965035
7630 0.000561488251748252
7640 0.000562566153846154
7650 0.000563644055944056
7660 0.000564721958041958
7670 0.00056579986013986
7680 0.000566877762237762
7690 0.000567955664335664
7700 0.000569033566433566
7710 0.000570111468531468
7720 0.000571189370629371
7730 0.000572267272727273
7740 0.000573345174825175
7750 0.000574423076923077
7760 0.000575500979020979
7770 0.000576578881118881
7780 0.000577656783216783
7790 0.000578734685314685
7800 0.000579812587412587
7810 0.00058089048951049
7820 0.000581968391608392
7830 0.000583046293706294
7840 0.000584124195804196
7850 0.000585202097902098
7860 0.00058628
7870 0.000587357902097902
7880 0.000588435804195804
7890 0.000589513706293706
7900 0.000590591608391608
7910 0.00059166951048951
7920 0.000592747412587413
7930 0.000593825314685315
7940 0.000594903216783217
7950 0.000595981118881119
7960 0.000597059020979021
7970 0.000598136923076923
7980 0.000599214825174825
7990 0.000600292727272727
8000 0.000601370629370629
8010 0.000602448531468531
8020 0.000603526433566433
8030 0.000604604335664336
8040 0.000605682237762238
8050 0.00060676013986014
8060 0.000607838041958042
8070 0.000608915944055944
8080 0.000609993846153846
8090 0.000611071748251748
8100 0.00061214965034965
8110 0.000613227552447552
8120 0.000614305454545455
8130 0.000615383356643357
8140 0.000616461258741259
8150 0.000617539160839161
8160 0.000618617062937063
8170 0.000619694965034965
8180 0.000620772867132867
8190 0.000621850769230769
8200 0.000622928671328671
8210 0.000624006573426573
8220 0.000625084475524476
8230 0.000626162377622378
8240 0.00062724027972028
8250 0.000628318181818182
8260 0.000629396083916084
8270 0.000630473986013986
8280 0.000631551888111888
8290 0.00063262979020979
8300 0.000633707692307692
8310 0.000634785594405594
8320 0.000635863496503496
8330 0.000636941398601399
8340 0.000638019300699301
8350 0.000639097202797203
8360 0.000640175104895105
8370 0.000641253006993007
8380 0.000642330909090909
8390 0.000643408811188811
8400 0.000644486713286713
8410 0.000645564615384615
8420 0.000646642517482517
8430 0.00064772041958042
8440 0.000648798321678322
8450 0.000649876223776224
8460 0.000650954125874126
8470 0.000652032027972028
8480 0.00065310993006993
8490 0.000654187832167832
8500 0.000655265734265734
8510 0.000656343636363636
8520 0.000657421538461538
8530 0.000658499440559441
8540 0.000659577342657343
8550 0.000660655244755245
8560 0.000661733146853147
8570 0.000662811048951049
8580 0.000663888951048951
8590 0.000664966853146853
8600 0.000666044755244755
8610 0.000667122657342657
8620 0.00066820055944056
8630 0.000669278461538461
8640 0.000670356363636364
8650 0.000671434265734266
8660 0.000672512167832168
8670 0.00067359006993007
8680 0.000674667972027972
8690 0.000675745874125874
8700 0.000676823776223776
8710 0.000677901678321678
8720 0.00067897958041958
8730 0.000680057482517483
8740 0.000681135384615385
8750 0.000682213286713287
8760 0.000683291188811189
8770 0.000684369090909091
8780 0.000685446993006993
8790 0.000686524895104895
8800 0.000687602797202797
8810 0.000688680699300699
8820 0.000689758601398601
8830 0.000690836503496503
8840 0.000691914405594406
8850 0.000692992307692308
8860 0.00069407020979021
8870 0.000695148111888112
8880 0.000696226013986014
8890 0.000697303916083916
8900 0.000698381818181818
8910 0.00069945972027972
8920 0.000700537622377622
8930 0.000701615524475524
8940 0.000702693426573427
8950 0.000703771328671329
8960 0.000704849230769231
8970 0.000705927132867133
8980 0.000707005034965035
8990 0.000708082937062937
9000 0.000709160839160839
9010 0.000710238741258741
9020 0.000711316643356643
9030 0.000712394545454545
9040 0.000713472447552448
9050 0.00071455034965035
9060 0.000715628251748252
9070 0.000716706153846154
9080 0.000717784055944056
9090 0.000718861958041958
9100 0.00071993986013986
9110 0.000721017762237762
9120 0.000722095664335664
9130 0.000723173566433566
9140 0.000724251468531468
9150 0.00072532937062937
9160 0.000726407272727273
9170 0.000727485174825175
9180 0.000728563076923077
9190 0.000729640979020979
9200 0.000730718881118881
9210 0.000731796783216783
9220 0.000732874685314685
9230 0.000733952587412587
9240 0.00073503048951049
9250 0.000736108391608392
9260 0.000737186293706294
9270 0.000738264195804196
9280 0.000739342097902098
9290 0.00074042
9300 0.000741497902097902
9310 0.000742575804195804
9320 0.000743653706293706
9330 0.000744731608391608
9340 0.00074580951048951
9350 0.000746887412587412
9360 0.000747965314685315
9370 0.000749043216783217
9380 0.000750121118881119
9390 0.000751199020979021
9400 0.000752276923076923
9410 0.000753354825174825
9420 0.000754432727272727
9430 0.000755510629370629
9440 0.000756588531468531
9450 0.000757666433566434
9460 0.000758744335664336
9470 0.000759822237762238
9480 0.00076090013986014
9490 0.000761978041958042
9500 0.000763055944055944
9510 0.000764133846153846
9520 0.000765211748251748
9530 0.00076628965034965
9540 0.000767367552447552
9550 0.000768445454545454
9560 0.000769523356643357
9570 0.000770601258741259
9580 0.000771679160839161
9590 0.000772757062937063
9600 0.000773834965034965
9610 0.000774912867132867
9620 0.000775990769230769
9630 0.000777068671328671
9640 0.000778146573426573
9650 0.000779224475524476
9660 0.000780302377622378
9670 0.00078138027972028
9680 0.000782458181818182
9690 0.000783536083916084
9700 0.000784613986013986
9710 0.000785691888111888
9720 0.00078676979020979
9730 0.000787847692307692
9740 0.000788925594405594
9750 0.000790003496503496
9760 0.000791081398601399
9770 0.000792159300699301
9780 0.000793237202797203
9790 0.000794315104895105
9800 0.000795393006993007
9810 0.000796470909090909
9820 0.000797548811188811
9830 0.000798626713286713
9840 0.000799704615384615
9850 0.000800782517482517
9860 0.00080186041958042
9870 0.000802938321678322
9880 0.000804016223776224
9890 0.000805094125874126
9900 0.000806172027972028
9910 0.00080724993006993
9920 0.000808327832167832
9930 0.000809405734265734
9940 0.000810483636363636
9950 0.000811561538461539
9960 0.00081263944055944
9970 0.000813717342657343
9980 0.000814795244755245
9990 0.000815873146853147
10000 0.000816951048951049
10010 0.000818028951048951
10020 0.000819106853146853
10030 0.000820184755244755
10040 0.000821262657342657
10050 0.000822340559440559
10060 0.000823418461538462
10070 0.000824496363636364
10080 0.000825574265734266
10090 0.000826652167832168
10100 0.00082773006993007
10110 0.000828807972027972
10120 0.000829885874125874
10130 0.000830963776223776
10140 0.000832041678321678
10150 0.00083311958041958
10160 0.000834197482517482
10170 0.000835275384615385
10180 0.000836353286713287
10190 0.000837431188811189
10200 0.000838509090909091
10210 0.000839586993006993
10220 0.000840664895104895
10230 0.000841742797202797
10240 0.000842820699300699
10250 0.000843898601398601
10260 0.000844976503496503
10270 0.000846054405594406
10280 0.000847132307692308
10290 0.00084821020979021
10300 0.000849288111888112
10310 0.000850366013986014
10320 0.000851443916083916
10330 0.000852521818181818
10340 0.00085359972027972
10350 0.000854677622377622
10360 0.000855755524475524
10370 0.000856833426573427
10380 0.000857911328671329
10390 0.000858989230769231
10400 0.000860067132867133
10410 0.000861145034965035
10420 0.000862222937062937
10430 0.000863300839160839
10440 0.000864378741258741
10450 0.000865456643356643
10460 0.000866534545454545
10470 0.000867612447552448
10480 0.00086869034965035
10490 0.000869768251748252
10500 0.000870846153846154
10510 0.000871924055944056
10520 0.000873001958041958
10530 0.00087407986013986
10540 0.000875157762237762
10550 0.000876235664335664
10560 0.000877313566433566
10570 0.000878391468531468
10580 0.000879469370629371
10590 0.000880547272727273
10600 0.000881625174825175
10610 0.000882703076923077
10620 0.000883780979020979
10630 0.000884858881118881
10640 0.000885936783216783
10650 0.000887014685314685
10660 0.000888092587412587
10670 0.00088917048951049
10680 0.000890248391608391
10690 0.000891326293706294
10700 0.000892404195804196
10710 0.000893482097902098
10720 0.00089456
10730 0.000895637902097902
10740 0.000896715804195804
10750 0.000897793706293706
10760 0.000898871608391608
10770 0.00089994951048951
10780 0.000901027412587413
10790 0.000902105314685315
10800 0.000903183216783217
10810 0.000904261118881119
10820 0.000905339020979021
10830 0.000906416923076923
10840 0.000907494825174825
10850 0.000908572727272727
10860 0.000909650629370629
10870 0.000910728531468531
10880 0.000911806433566433
10890 0.000912884335664336
10900 0.000913962237762238
10910 0.00091504013986014
10920 0.000916118041958042
10930 0.000917195944055944
10940 0.000918273846153846
10950 0.000919351748251748
10960 0.00092042965034965
10970 0.000921507552447552
10980 0.000922585454545455
10990 0.000923663356643357
11000 0.000924741258741259
11010 0.000925819160839161
11020 0.000926897062937063
11030 0.000927974965034965
11040 0.000929052867132867
11050 0.000930130769230769
11060 0.000931208671328671
11070 0.000932286573426573
11080 0.000933364475524475
11090 0.000934442377622378
11100 0.00093552027972028
11110 0.000936598181818182
11120 0.000937676083916084
11130 0.000938753986013986
11140 0.000939831888111888
11150 0.00094090979020979
11160 0.000941987692307692
11170 0.000943065594405594
11180 0.000944143496503496
11190 0.000945221398601399
11200 0.000946299300699301
11210 0.000947377202797203
11220 0.000948455104895105
11230 0.000949533006993007
11240 0.000950610909090909
11250 0.000951688811188811
11260 0.000952766713286713
11270 0.000953844615384615
11280 0.000954922517482517
11290 0.00095600041958042
11300 0.000957078321678322
11310 0.000958156223776224
11320 0.000959234125874126
11330 0.000960312027972028
11340 0.00096138993006993
11350 0.000962467832167832
11360 0.000963545734265734
11370 0.000964623636363636
11380 0.000965701538461538
11390 0.000966779440559441
11400 0.000967857342657343
11410 0.000968935244755245
11420 0.000970013146853147
11430 0.000971091048951049
11440 0.000972168951048951
11450 0.000973246853146853
11460 0.000974324755244755
11470 0.000975402657342657
11480 0.00097648055944056
11490 0.000977558461538462
11500 0.000978636363636364
11510 0.000979714265734266
11520 0.000980792167832168
11530 0.00098187006993007
11540 0.000982947972027972
11550 0.000984025874125874
11560 0.000985103776223776
11570 0.000986181678321678
11580 0.00098725958041958
11590 0.000988337482517483
11600 0.000989415384615385
11610 0.000990493286713287
11620 0.000991571188811189
11630 0.000992649090909091
11640 0.000993726993006993
11650 0.000994804895104895
11660 0.000995882797202797
11670 0.000996960699300699
11680 0.000998038601398601
11690 0.000999116503496504
11700 0.00100019440559441
11710 0.00100127230769231
11720 0.00100235020979021
11730 0.00100342811188811
11740 0.00100450601398601
11750 0.00100558391608392
11760 0.00100666181818182
11770 0.00100773972027972
11780 0.00100881762237762
11790 0.00100989552447552
11800 0.00101097342657343
11810 0.00101205132867133
11820 0.00101312923076923
11830 0.00101420713286713
11840 0.00101528503496503
11850 0.00101636293706294
11860 0.00101744083916084
11870 0.00101851874125874
11880 0.00101959664335664
11890 0.00102067454545455
11900 0.00102175244755245
11910 0.00102283034965035
11920 0.00102390825174825
11930 0.00102498615384615
11940 0.00102606405594406
11950 0.00102714195804196
11960 0.00102821986013986
11970 0.00102929776223776
11980 0.00103037566433566
11990 0.00103145356643357
12000 0.00103253146853147
12010 0.00103360937062937
12020 0.00103468727272727
12030 0.00103576517482517
12040 0.00103684307692308
12050 0.00103792097902098
12060 0.00103899888111888
12070 0.00104007678321678
12080 0.00104115468531469
12090 0.00104223258741259
12100 0.00104331048951049
12110 0.00104438839160839
12120 0.00104546629370629
12130 0.0010465441958042
12140 0.0010476220979021
12150 0.0010487
12160 0.0010497779020979
12170 0.0010508558041958
12180 0.00105193370629371
12190 0.00105301160839161
12200 0.00105408951048951
12210 0.00105516741258741
12220 0.00105624531468531
12230 0.00105732321678322
12240 0.00105840111888112
12250 0.00105947902097902
12260 0.00106055692307692
12270 0.00106163482517483
12280 0.00106271272727273
12290 0.00106379062937063
12300 0.00106486853146853
12310 0.00106594643356643
12320 0.00106702433566434
12330 0.00106810223776224
12340 0.00106918013986014
12350 0.00107025804195804
12360 0.00107133594405594
12370 0.00107241384615385
12380 0.00107349174825175
12390 0.00107456965034965
12400 0.00107564755244755
12410 0.00107672545454545
12420 0.00107780335664336
12430 0.00107888125874126
12440 0.00107995916083916
12450 0.00108103706293706
12460 0.00108211496503497
12470 0.00108319286713287
12480 0.00108427076923077
12490 0.00108534867132867
12500 0.00108642657342657
12510 0.00108750447552448
12520 0.00108858237762238
12530 0.00108966027972028
12540 0.00109073818181818
12550 0.00109181608391608
12560 0.00109289398601399
12570 0.00109397188811189
12580 0.00109504979020979
12590 0.00109612769230769
12600 0.00109720559440559
12610 0.0010982834965035
12620 0.0010993613986014
12630 0.0011004393006993
12640 0.0011015172027972
12650 0.0011025951048951
12660 0.00110367300699301
12670 0.00110475090909091
12680 0.00110582881118881
12690 0.00110690671328671
12700 0.00110798461538462
12710 0.00110906251748252
12720 0.00111014041958042
12730 0.00111121832167832
12740 0.00111229622377622
12750 0.00111337412587413
12760 0.00111445202797203
12770 0.00111552993006993
12780 0.00111660783216783
12790 0.00111768573426573
12800 0.00111876363636364
12810 0.00111984153846154
12820 0.00112091944055944
12830 0.00112199734265734
12840 0.00112307524475524
12850 0.00112415314685315
12860 0.00112523104895105
12870 0.00112630895104895
12880 0.00112738685314685
12890 0.00112846475524476
12900 0.00112954265734266
12910 0.00113062055944056
12920 0.00113169846153846
12930 0.00113277636363636
12940 0.00113385426573427
12950 0.00113493216783217
12960 0.00113601006993007
12970 0.00113708797202797
12980 0.00113816587412587
12990 0.00113924377622378
13000 0.00114032167832168
13010 0.00114139958041958
13020 0.00114247748251748
13030 0.00114355538461538
13040 0.00114463328671329
13050 0.00114571118881119
13060 0.00114678909090909
13070 0.00114786699300699
13080 0.0011489448951049
13090 0.0011500227972028
13100 0.0011511006993007
13110 0.0011521786013986
13120 0.0011532565034965
13130 0.00115433440559441
13140 0.00115541230769231
13150 0.00115649020979021
13160 0.00115756811188811
13170 0.00115864601398601
13180 0.00115972391608392
13190 0.00116080181818182
13200 0.00116187972027972
13210 0.00116295762237762
13220 0.00116403552447552
13230 0.00116511342657343
13240 0.00116619132867133
13250 0.00116726923076923
13260 0.00116834713286713
13270 0.00116942503496503
13280 0.00117050293706294
13290 0.00117158083916084
13300 0.00117265874125874
13310 0.00117373664335664
13320 0.00117481454545455
13330 0.00117589244755245
13340 0.00117697034965035
13350 0.00117804825174825
13360 0.00117912615384615
13370 0.00118020405594406
13380 0.00118128195804196
13390 0.00118235986013986
13400 0.00118343776223776
13410 0.00118451566433566
13420 0.00118559356643357
13430 0.00118667146853147
13440 0.00118774937062937
13450 0.00118882727272727
13460 0.00118990517482517
13470 0.00119098307692308
13480 0.00119206097902098
13490 0.00119313888111888
13500 0.00119421678321678
13510 0.00119529468531469
13520 0.00119637258741259
13530 0.00119745048951049
13540 0.00119852839160839
13550 0.00119960629370629
13560 0.0012006841958042
13570 0.0012017620979021
13580 0.00120284
13590 0.0012039179020979
13600 0.0012049958041958
13610 0.00120607370629371
13620 0.00120715160839161
13630 0.00120822951048951
13640 0.00120930741258741
13650 0.00121038531468531
13660 0.00121146321678322
13670 0.00121254111888112
13680 0.00121361902097902
13690 0.00121469692307692
13700 0.00121577482517483
13710 0.00121685272727273
13720 0.00121793062937063
13730 0.00121900853146853
13740 0.00122008643356643
13750 0.00122116433566434
13760 0.00122224223776224
13770 0.00122332013986014
13780 0.00122439804195804
13790 0.00122547594405594
13800 0.00122655384615385
13810 0.00122763174825175
13820 0.00122870965034965
13830 0.00122978755244755
13840 0.00123086545454545
13850 0.00123194335664336
13860 0.00123302125874126
13870 0.00123409916083916
13880 0.00123517706293706
13890 0.00123625496503497
13900 0.00123733286713287
13910 0.00123841076923077
13920 0.00123948867132867
13930 0.00124056657342657
13940 0.00124164447552448
13950 0.00124272237762238
13960 0.00124380027972028
13970 0.00124487818181818
13980 0.00124595608391608
13990 0.00124703398601399
14000 0.00124811188811189
14010 0.00124918979020979
14020 0.00125026769230769
14030 0.00125134559440559
14040 0.0012524234965035
14050 0.0012535013986014
14060 0.0012545793006993
14070 0.0012556572027972
14080 0.0012567351048951
14090 0.00125781300699301
14100 0.00125889090909091
14110 0.00125996881118881
14120 0.00126104671328671
14130 0.00126212461538462
14140 0.00126320251748252
14150 0.00126428041958042
14160 0.00126535832167832
14170 0.00126643622377622
14180 0.00126751412587413
14190 0.00126859202797203
14200 0.00126966993006993
14210 0.00127074783216783
14220 0.00127182573426573
14230 0.00127290363636364
14240 0.00127398153846154
14250 0.00127505944055944
14260 0.00127613734265734
14270 0.00127721524475524
14280 0.00127829314685315
14290 0.00127937104895105
14300 0.00128044895104895
14310 0.00128152685314685
14320 0.00128260475524476
14330 0.00128368265734266
14340 0.00128476055944056
14350 0.00128583846153846
14360 0.00128691636363636
14370 0.00128799426573427
14380 0.00128907216783217
14390 0.00129015006993007
14400 0.00129122797202797
14410 0.00129230587412587
14420 0.00129338377622378
14430 0.00129446167832168
14440 0.00129553958041958
14450 0.00129661748251748
14460 0.00129769538461538
14470 0.00129877328671329
14480 0.00129985118881119
14490 0.00130092909090909
14500 0.00130200699300699
14510 0.0013030848951049
14520 0.0013041627972028
14530 0.0013052406993007
14540 0.0013063186013986
14550 0.0013073965034965
14560 0.00130847440559441
14570 0.00130955230769231
14580 0.00131063020979021
14590 0.00131170811188811
14600 0.00131278601398601
14610 0.00131386391608392
14620 0.00131494181818182
14630 0.00131601972027972
14640 0.00131709762237762
14650 0.00131817552447552
14660 0.00131925342657343
14670 0.00132033132867133
14680 0.00132140923076923
14690 0.00132248713286713
14700 0.00132356503496504
14710 0.00132464293706294
14720 0.00132572083916084
14730 0.00132679874125874
14740 0.00132787664335664
14750 0.00132895454545455
14760 0.00133003244755245
14770 0.00133111034965035
14780 0.00133218825174825
14790 0.00133326615384615
14800 0.00133434405594406
14810 0.00133542195804196
14820 0.00133649986013986
14830 0.00133757776223776
14840 0.00133865566433566
14850 0.00133973356643357
14860 0.00134081146853147
14870 0.00134188937062937
14880 0.00134296727272727
14890 0.00134404517482517
14900 0.00134512307692308
14910 0.00134620097902098
14920 0.00134727888111888
14930 0.00134835678321678
14940 0.00134943468531469
14950 0.00135051258741259
14960 0.00135159048951049
14970 0.00135266839160839
14980 0.00135374629370629
14990 0.0013548241958042
15000 0.0013559020979021
15010 0.00135698
15020 0.00135698
15030 0.00135698
15040 0.00135698
15050 0.00135698
15060 0.00135698
15070 0.00135698
15080 0.00135698
15090 0.00135698
15100 0.00135698
15110 0.00135698
15120 0.00135698
15130 0.00135698
15140 0.00135698
15150 0.00135698
15160 0.00135698
15170 0.00135698
15180 0.00135698
15190 0.00135698
15200 0.00135698
15210 0.00135698
15220 0.00135698
15230 0.00135698
15240 0.00135698
15250 0.00135698
15260 0.00135698
15270 0.00135698
15280 0.00135698
15290 0.00135698
15300 0.00135698
15310 0.00135698
15320 0.00135698
15330 0.00135698
15340 0.00135698
15350 0.00135698
15360 0.00135698
15370 0.00135698
15380 0.00135698
15390 0.00135698
15400 0.00135698
15410 0.00135698
15420 0.00135698
15430 0.00135698
15440 0.00135698
15450 0.00135698
15460 0.00135698
15470 0.00135698
15480 0.00135698
15490 0.00135698
15500 0.00135698
15510 0.00135698
15520 0.00135698
15530 0.00135698
15540 0.00135698
15550 0.00135698
15560 0.00135698
15570 0.00135698
15580 0.00135698
15590 0.00135698
15600 0.00135698
15610 0.00135698
15620 0.00135698
15630 0.00135698
15640 0.00135698
15650 0.00135698
15660 0.00135698
15670 0.00135698
15680 0.00135698
15690 0.00135698
15700 0.00135698
15710 0.00135698
15720 0.00135698
15730 0.00135698
15740 0.00135698
15750 0.00135698
15760 0.00135698
15770 0.00135698
15780 0.00135698
15790 0.00135698
15800 0.00135698
15810 0.00135698
15820 0.00135698
15830 0.00135698
15840 0.00135698
15850 0.00135698
15860 0.00135698
15870 0.00135698
15880 0.00135698
15890 0.00135698
15900 0.00135698
15910 0.00135698
15920 0.00135698
15930 0.00135698
15940 0.00135698
15950 0.00135698
15960 0.00135698
15970 0.00135698
15980 0.00135698
15990 0.00135698
16000 0.00135698
16010 0.00135698
16020 0.00135698
16030 0.00135698
16040 0.00135698
16050 0.00135698
16060 0.00135698
16070 0.00135698
16080 0.00135698
16090 0.00135698
16100 0.00135698
16110 0.00135698
16120 0.00135698
16130 0.00135698
16140 0.00135698
16150 0.00135698
16160 0.00135698
16170 0.00135698
16180 0.00135698
16190 0.00135698
16200 0.00135698
16210 0.00135698
16220 0.00135698
16230 0.00135698
16240 0.00135698
16250 0.00135698
16260 0.00135698
16270 0.00135698
16280 0.00135698
16290 0.00135698
16300 0.00135698
16310 0.00135698
16320 0.00135698
16330 0.00135698
16340 0.00135698
16350 0.00135698
16360 0.00135698
16370 0.00135698
16380 0.00135698
16390 0.00135698
16400 0.00135698
16410 0.00135698
16420 0.00135698
16430 0.00135698
16440 0.00135698
16450 0.00135698
16460 0.00135698
16470 0.00135698
16480 0.00135698
16490 0.00135698
16500 0.00135698
16510 0.00135698
16520 0.00135698
16530 0.00135698
16540 0.00135698
16550 0.00135698
16560 0.00135698
16570 0.00135698
16580 0.00135698
16590 0.00135698
16600 0.00135698
16610 0.00135698
16620 0.00135698
16630 0.00135698
16640 0.00135698
16650 0.00135698
16660 0.00135698
16670 0.00135698
16680 0.00135698
16690 0.00135698
16700 0.00135698
16710 0.00135698
16720 0.00135698
16730 0.00135698
16740 0.00135698
16750 0.00135698
16760 0.00135698
16770 0.00135698
16780 0.00135698
16790 0.00135698
16800 0.00135698
16810 0.00135698
16820 0.00135698
16830 0.00135698
16840 0.00135698
16850 0.00135698
16860 0.00135698
16870 0.00135698
16880 0.00135698
16890 0.00135698
16900 0.00135698
16910 0.00135698
16920 0.00135698
16930 0.00135698
16940 0.00135698
16950 0.00135698
16960 0.00135698
16970 0.00135698
16980 0.00135698
16990 0.00135698
17000 0.00135698
17010 0.00135698
17020 0.00135698
17030 0.00135698
17040 0.00135698
17050 0.00135698
17060 0.00135698
17070 0.00135698
17080 0.00135698
17090 0.00135698
17100 0.00135698
17110 0.00135698
17120 0.00135698
17130 0.00135698
17140 0.00135698
17150 0.00135698
17160 0.00135698
17170 0.00135698
17180 0.00135698
17190 0.00135698
17200 0.00135698
17210 0.00135698
17220 0.00135698
17230 0.00135698
17240 0.00135698
17250 0.00135698
17260 0.00135698
17270 0.00135698
17280 0.00135698
17290 0.00135698
17300 0.00135698
17310 0.00135698
17320 0.00135698
17330 0.00135698
17340 0.00135698
17350 0.00135698
17360 0.00135698
17370 0.00135698
17380 0.00135698
17390 0.00135698
17400 0.00135698
17410 0.00135698
17420 0.00135698
17430 0.00135698
17440 0.00135698
17450 0.00135698
17460 0.00135698
17470 0.00135698
17480 0.00135698
17490 0.00135698
17500 0.00135698
17510 0.00135698
17520 0.00135698
17530 0.00135698
17540 0.00135698
17550 0.00135698
17560 0.00135698
17570 0.00135698
17580 0.00135698
17590 0.00135698
17600 0.00135698
17610 0.00135698
17620 0.00135698
17630 0.00135698
17640 0.00135698
17650 0.00135698
17660 0.00135698
17670 0.00135698
17680 0.00135698
17690 0.00135698
17700 0.00135698
17710 0.00135698
17720 0.00135698
17730 0.00135698
17740 0.00135698
17750 0.00135698
17760 0.00135698
17770 0.00135698
17780 0.00135698
17790 0.00135698
17800 0.00135698
17810 0.00135698
17820 0.00135698
17830 0.00135698
17840 0.00135698
17850 0.00135698
17860 0.00135698
17870 0.00135698
17880 0.00135698
17890 0.00135698
17900 0.00135698
17910 0.00135698
17920 0.00135698
17930 0.00135698
17940 0.00135698
17950 0.00135698
17960 0.00135698
17970 0.00135698
17980 0.00135698
17990 0.00135698
18000 0.00135698
18010 0.00135698
18020 0.00135698
18030 0.00135698
18040 0.00135698
18050 0.00135698
18060 0.00135698
18070 0.00135698
18080 0.00135698
18090 0.00135698
18100 0.00135698
18110 0.00135698
18120 0.00135698
18130 0.00135698
18140 0.00135698
18150 0.00135698
18160 0.00135698
18170 0.00135698
18180 0.00135698
18190 0.00135698
18200 0.00135698
18210 0.00135698
18220 0.00135698
18230 0.00135698
18240 0.00135698
18250 0.00135698
18260 0.00135698
18270 0.00135698
18280 0.00135698
18290 0.00135698
18300 0.00135698
18310 0.00135698
18320 0.00135698
18330 0.00135698
18340 0.00135698
18350 0.00135698
18360 0.00135698
18370 0.00135698
18380 0.00135698
18390 0.00135698
18400 0.00135698
18410 0.00135698
18420 0.00135698
18430 0.00135698
18440 0.00135698
18450 0.00135698
18460 0.00135698
18470 0.00135698
18480 0.00135698
18490 0.00135698
18500 0.00135698
18510 0.00135698
18520 0.00135698
18530 0.00135698
18540 0.00135698
18550 0.00135698
18560 0.00135698
18570 0.00135698
18580 0.00135698
18590 0.00135698
18600 0.00135698
18610 0.00135698
18620 0.00135698
18630 0.00135698
18640 0.00135698
18650 0.00135698
18660 0.00135698
18670 0.00135698
18680 0.00135698
18690 0.00135698
18700 0.00135698
18710 0.00135698
18720 0.00135698
18730 0.00135698
18740 0.00135698
18750 0.00135698
18760 0.00135698
18770 0.00135698
18780 0.00135698
18790 0.00135698
18800 0.00135698
18810 0.00135698
18820 0.00135698
18830 0.00135698
18840 0.00135698
18850 0.00135698
18860 0.00135698
18870 0.00135698
18880 0.00135698
18890 0.00135698
18900 0.00135698
18910 0.00135698
18920 0.00135698
18930 0.00135698
18940 0.00135698
18950 0.00135698
18960 0.00135698
18970 0.00135698
18980 0.00135698
18990 0.00135698
19000 0.00135698
19010 0.00135698
19020 0.00135698
19030 0.00135698
19040 0.00135698
19050 0.00135698
19060 0.00135698
19070 0.00135698
19080 0.00135698
19090 0.00135698
19100 0.00135698
19110 0.00135698
19120 0.00135698
19130 0.00135698
19140 0.00135698
19150 0.00135698
19160 0.00135698
19170 0.00135698
19180 0.00135698
19190 0.00135698
19200 0.00135698
19210 0.00135698
19220 0.00135698
19230 0.00135698
19240 0.00135698
19250 0.00135698
19260 0.00135698
19270 0.00135698
19280 0.00135698
19290 0.00135698
19300 0.00135698
19310 0.00135698
19320 0.00135698
19330 0.00135698
19340 0.00135698
19350 0.00135698
19360 0.00135698
19370 0.00135698
19380 0.00135698
19390 0.00135698
19400 0.00135698
19410 0.00135698
19420 0.00135698
19430 0.00135698
19440 0.00135698
19450 0.00135698
19460 0.00135698
19470 0.00135698
19480 0.00135698
19490 0.00135698
19500 0.00135698
19510 0.00135698
19520 0.00135698
19530 0.00135698
19540 0.00135698
19550 0.00135698
19560 0.00135698
19570 0.00135698
19580 0.00135698
19590 0.00135698
19600 0.00135698
19610 0.00135698
19620 0.00135698
19630 0.00135698
19640 0.00135698
19650 0.00135698
19660 0.00135698
19670 0.00135698
19680 0.00135698
19690 0.00135698
19700 0.00135698
19710 0.00135698
19720 0.00135698
19730 0.00135698
19740 0.00135698
19750 0.00135698
19760 0.00135698
19770 0.00135698
19780 0.00135698
19790 0.00135698
19800 0.00135698
19810 0.00135698
19820 0.00135698
19830 0.00135698
19840 0.00135698
19850 0.00135698
19860 0.00135698
19870 0.00135698
19880 0.00135698
19890 0.00135698
19900 0.00135698
19910 0.00135698
19920 0.00135698
19930 0.00135698
19940 0.00135698
19950 0.00135698
19960 0.00135698
19970 0.00135698
19980 0.00135698
19990 0.00135698
20000 0.00135698
20010 0.00135698
20020 0.00135698
20030 0.00135698
20040 0.00135698
20050 0.00135698
20060 0.00135698
20070 0.00135698
20080 0.00135698
20090 0.00135698
20100 0.00135698
20110 0.00135698
20120 0.00135698
20130 0.00135698
20140 0.00135698
20150 0.00135698
20160 0.00135698
20170 0.00135698
20180 0.00135698
20190 0.00135698
20200 0.00135698
20210 0.00135698
20220 0.00135698
20230 0.00135698
20240 0.00135698
20250 0.00135698
20260 0.00135698
20270 0.00135698
20280 0.00135698
20290 0.00135698
20300 0.00135698
20310 0.00135698
20320 0.00135698
20330 0.00135698
20340 0.00135698
20350 0.00135698
20360 0.00135698
20370 0.00135698
20380 0.00135698
20390 0.00135698
20400 0.00135698
20410 0.00135698
20420 0.00135698
20430 0.00135698
20440 0.00135698
20450 0.00135698
20460 0.00135698
20470 0.00135698
20480 0.00135698
20490 0.00135698
20500 0.00135698
20510 0.00135698
20520 0.00135698
20530 0.00135698
20540 0.00135698
20550 0.00135698
20560 0.00135698
20570 0.00135698
20580 0.00135698
20590 0.00135698
20600 0.00135698
20610 0.00135698
20620 0.00135698
20630 0.00135698
20640 0.00135698
20650 0.00135698
20660 0.00135698
20670 0.00135698
20680 0.00135698
20690 0.00135698
20700 0.00135698
20710 0.00135698
20720 0.00135698
20730 0.00135698
20740 0.00135698
20750 0.00135698
20760 0.00135698
20770 0.00135698
20780 0.00135698
20790 0.00135698
20800 0.00135698
20810 0.00135698
20820 0.00135698
20830 0.00135698
20840 0.00135698
20850 0.00135698
20860 0.00135698
20870 0.00135698
20880 0.00135698
20890 0.00135698
20900 0.00135698
20910 0.00135698
20920 0.00135698
20930 0.00135698
20940 0.00135698
20950 0.00135698
20960 0.00135698
20970 0.00135698
20980 0.00135698
20990 0.00135698
21000 0.00135698
21010 0.00135698
21020 0.00135698
21030 0.00135698
21040 0.00135698
21050 0.00135698
21060 0.00135698
21070 0.00135698
21080 0.00135698
21090 0.00135698
21100 0.00135698
21110 0.00135698
21120 0.00135698
21130 0.00135698
21140 0.00135698
21150 0.00135698
21160 0.00135698
21170 0.00135698
21180 0.00135698
21190 0.00135698
21200 0.00135698
21210 0.00135698
21220 0.00135698
21230 0.00135698
21240 0.00135698
21250 0.00135698
21260 0.00135698
21270 0.00135698
21280 0.00135698
21290 0.00135698
21300 0.00135698
21310 0.00135698
21320 0.00135698
21330 0.00135698
21340 0.00135698
21350 0.00135698
21360 0.00135698
21370 0.00135698
21380 0.00135698
21390 0.00135698
21400 0.00135698
21410 0.00135698
21420 0.00135698
21430 0.00135698
21440 0.00135698
21450 0.00135698
21460 0.00135698
21470 0.00135698
21480 0.00135698
21490 0.00135698
21500 0.00135698
21510 0.00135698
21520 0.00135698
21530 0.00135698
21540 0.00135698
21550 0.00135698
21560 0.00135698
21570 0.00135698
21580 0.00135698
21590 0.00135698
21600 0.00135698
21610 0.00135698
21620 0.00135698
21630 0.00135698
21640 0.00135698
21650 0.00135698
21660 0.00135698
21670 0.00135698
21680 0.00135698
21690 0.00135698
21700 0.00135698
21710 0.00135698
21720 0.00135698
21730 0.00135698
21740 0.00135698
21750 0.00135698
21760 0.00135698
21770 0.00135698
21780 0.00135698
21790 0.00135698
21800 0.00135698
21810 0.00135698
21820 0.00135698
21830 0.00135698
21840 0.00135698
21850 0.00135698
21860 0.00135698
21870 0.00135698
21880 0.00135698
21890 0.00135698
21900 0.00135698
21910 0.00135698
21920 0.00135698
21930 0.00135698
21940 0.00135698
21950 0.00135698
21960 0.00135698
21970 0.00135698
21980 0.00135698
21990 0.00135698
22000 0.00135698
22010 0.00135698
22020 0.00135698
22030 0.00135698
22040 0.00135698
22050 0.00135698
22060 0.00135698
22070 0.00135698
22080 0.00135698
22090 0.00135698
22100 0.00135698
22110 0.00135698
22120 0.00135698
22130 0.00135698
22140 0.00135698
22150 0.00135698
22160 0.00135698
22170 0.00135698
22180 0.00135698
22190 0.00135698
22200 0.00135698
22210 0.00135698
22220 0.00135698
22230 0.00135698
22240 0.00135698
22250 0.00135698
22260 0.00135698
22270 0.00135698
22280 0.00135698
22290 0.00135698
22300 0.00135698
22310 0.00135698
22320 0.00135698
22330 0.00135698
22340 0.00135698
22350 0.00135698
22360 0.00135698
22370 0.00135698
22380 0.00135698
22390 0.00135698
22400 0.00135698
22410 0.00135698
22420 0.00135698
22430 0.00135698
22440 0.00135698
22450 0.00135698
22460 0.00135698
22470 0.00135698
22480 0.00135698
22490 0.00135698
22500 0.00135698
22510 0.00135698
22520 0.00135698
22530 0.00135698
22540 0.00135698
22550 0.00135698
22560 0.00135698
22570 0.00135698
22580 0.00135698
22590 0.00135698
22600 0.00135698
22610 0.00135698
22620 0.00135698
22630 0.00135698
22640 0.00135698
22650 0.00135698
22660 0.00135698
22670 0.00135698
22680 0.00135698
22690 0.00135698
22700 0.00135698
22710 0.00135698
22720 0.00135698
22730 0.00135698
22740 0.00135698
22750 0.00135698
22760 0.00135698
22770 0.00135698
22780 0.00135698
22790 0.00135698
22800 0.00135698
22810 0.00135698
22820 0.00135698
22830 0.00135698
22840 0.00135698
22850 0.00135698
22860 0.00135698
22870 0.00135698
22880 0.00135698
22890 0.00135698
22900 0.00135698
22910 0.00135698
22920 0.00135698
22930 0.00135698
22940 0.00135698
22950 0.00135698
22960 0.00135698
22970 0.00135698
22980 0.00135698
22990 0.00135698
23000 0.00135698
23010 0.00135698
23020 0.00135698
23030 0.00135698
23040 0.00135698
23050 0.00135698
23060 0.00135698
23070 0.00135698
23080 0.00135698
23090 0.00135698
23100 0.00135698
23110 0.00135698
23120 0.00135698
23130 0.00135698
23140 0.00135698
23150 0.00135698
23160 0.00135698
23170 0.00135698
23180 0.00135698
23190 0.00135698
23200 0.00135698
23210 0.00135698
23220 0.00135698
23230 0.00135698
23240 0.00135698
23250 0.00135698
23260 0.00135698
23270 0.00135698
23280 0.00135698
23290 0.00135698
23300 0.00135698
23310 0.00135698
23320 0.00135698
23330 0.00135698
23340 0.00135698
23350 0.00135698
23360 0.00135698
23370 0.00135698
23380 0.00135698
23390 0.00135698
23400 0.00135698
23410 0.00135698
23420 0.00135698
23430 0.00135698
23440 0.00135698
23450 0.00135698
23460 0.00135698
23470 0.00135698
23480 0.00135698
23490 0.00135698
23500 0.00135698
23510 0.00135698
23520 0.00135698
23530 0.00135698
23540 0.00135698
23550 0.00135698
23560 0.00135698
23570 0.00135698
23580 0.00135698
23590 0.00135698
23600 0.00135698
23610 0.00135698
23620 0.00135698
23630 0.00135698
23640 0.00135698
23650 0.00135698
23660 0.00135698
23670 0.00135698
23680 0.00135698
23690 0.00135698
23700 0.00135698
23710 0.00135698
23720 0.00135698
23730 0.00135698
23740 0.00135698
23750 0.00135698
23760 0.00135698
23770 0.00135698
23780 0.00135698
23790 0.00135698
23800 0.00135698
23810 0.00135698
23820 0.00135698
23830 0.00135698
23840 0.00135698
23850 0.00135698
23860 0.00135698
23870 0.00135698
23880 0.00135698
23890 0.00135698
23900 0.00135698
23910 0.00135698
23920 0.00135698
23930 0.00135698
23940 0.00135698
23950 0.00135698
23960 0.00135698
23970 0.00135698
23980 0.00135698
23990 0.00135698
24000 0.00135698
24010 0.00135698
24020 0.00135698
24030 0.00135698
24040 0.00135698
24050 0.00135698
24060 0.00135698
24070 0.00135698
24080 0.00135698
24090 0.00135698
24100 0.00135698
24110 0.00135698
24120 0.00135698
24130 0.00135698
24140 0.00135698
24150 0.00135698
24160 0.00135698
24170 0.00135698
24180 0.00135698
24190 0.00135698
24200 0.00135698
24210 0.00135698
24220 0.00135698
24230 0.00135698
24240 0.00135698
24250 0.00135698
24260 0.00135698
24270 0.00135698
24280 0.00135698
24290 0.00135698
24300 0.00135698
24310 0.00135698
24320 0.00135698
24330 0.00135698
24340 0.00135698
24350 0.00135698
24360 0.00135698
24370 0.00135698
24380 0.00135698
24390 0.00135698
24400 0.00135698
24410 0.00135698
24420 0.00135698
24430 0.00135698
24440 0.00135698
24450 0.00135698
24460 0.00135698
24470 0.00135698
24480 0.00135698
24490 0.00135698
24500 0.00135698
24510 0.00135698
24520 0.00135698
24530 0.00135698
24540 0.00135698
24550 0.00135698
24560 0.00135698
24570 0.00135698
24580 0.00135698
24590 0.00135698
24600 0.00135698
24610 0.00135698
24620 0.00135698
24630 0.00135698
24640 0.00135698
24650 0.00135698
24660 0.00135698
24670 0.00135698
24680 0.00135698
24690 0.00135698
24700 0.00135698
24710 0.00135698
24720 0.00135698
24730 0.00135698
24740 0.00135698
24750 0.00135698
24760 0.00135698
24770 0.00135698
24780 0.00135698
24790 0.00135698
24800 0.00135698
24810 0.00135698
24820 0.00135698
24830 0.00135698
24840 0.00135698
24850 0.00135698
24860 0.00135698
24870 0.00135698
24880 0.00135698
24890 0.00135698
24900 0.00135698
24910 0.00135698
24920 0.00135698
24930 0.00135698
24940 0.00135698
24950 0.00135698
24960 0.00135698
24970 0.00135698
24980 0.00135698
24990 0.00135698
25000 0.00135698
-END-OF-DATA-
