   2.2610884e-02
   1.7310892e-02
   1.2315458e-02
   1.3623833e-02
   1.2825371e-02
   1.4857194e-02
   0.0000000e+00
   0.0000000e+00
   0.0000000e+00
  -0.0000000e+00
  -0.0000000e+00
  -0.0000000e+00
  -0.0000000e+00
  -0.0000000e+00
  -0.0000000e+00
  -0.0000000e+00
  -0.0000000e+00
  -0.0000000e+00
  -0.0000000e+00
  -0.0000000e+00
  -0.0000000e+00
  -0.0000000e+00
   0.0000000e+00
   0.0000000e+00
   0.0000000e+00
   0.0000000e+00
   0.0000000e+00
   0.0000000e+00
   0.0000000e+00
   0.0000000e+00
   0.0000000e+00
   0.0000000e+00
   0.0000000e+00
   0.0000000e+00
   0.0000000e+00
   0.0000000e+00
   1.9593832e-02
   1.3675276e-02
   1.0418979e-02
   8.9148404e-03
   6.3101917e-03
   1.8176129e-03
  -5.2647506e-03
  -1.2265526e-02
   0.0000000e+00
  -0.0000000e+00
  -0.0000000e+00
  -0.0000000e+00
  -0.0000000e+00
   0.0000000e+00
   0.0000000e+00
   0.0000000e+00
   0.0000000e+00
   0.0000000e+00
   0.0000000e+00
   0.0000000e+00
   0.0000000e+00
   0.0000000e+00
   0.0000000e+00
   0.0000000e+00
   0.0000000e+00
   0.0000000e+00
   0.0000000e+00
   0.0000000e+00
   0.0000000e+00
   0.0000000e+00
   0.0000000e+00
   0.0000000e+00
   0.0000000e+00
   0.0000000e+00
   0.0000000e+00
   0.0000000e+00
   1.0030049e-02
   4.2668539e-03
   4.6479952e-05
  -2.4704037e-03
  -3.5488704e-03
  -4.4715912e-03
  -5.1197950e-03
  -8.0974132e-03
  -1.2451806e-02
   0.0000000e+00
  -0.0000000e+00
  -0.0000000e+00
  -0.0000000e+00
  -0.0000000e+00
   0.0000000e+00
   0.0000000e+00
   0.0000000e+00
   0.0000000e+00
   0.0000000e+00
   0.0000000e+00
   0.0000000e+00
   0.0000000e+00
   0.0000000e+00
   0.0000000e+00
   0.0000000e+00
   0.0000000e+00
   0.0000000e+00
   0.0000000e+00
   0.0000000e+00
   0.0000000e+00
   0.0000000e+00
   0.0000000e+00
   0.0000000e+00
   0.0000000e+00
   0.0000000e+00
   1.9780151e-02
  -1.0059257e-03
  -4.4964342e-03
  -7.6018274e-03
  -8.3255712e-03
  -8.0109583e-03
  -7.9242755e-03
  -8.3024418e-03
  -6.8387055e-03
  -6.7347772e-03
  -7.7715639e-03
   0.0000000e+00
   0.0000000e+00
  -0.0000000e+00
  -0.0000000e+00
   0.0000000e+00
   0.0000000e+00
   0.0000000e+00
   0.0000000e+00
   0.0000000e+00
   0.0000000e+00
   0.0000000e+00
   0.0000000e+00
   0.0000000e+00
   0.0000000e+00
   0.0000000e+00
  -6.5383400e-03
  -9.3265597e-03
   0.0000000e+00
   0.0000000e+00
   0.0000000e+00
   0.0000000e+00
   0.0000000e+00
   0.0000000e+00
   0.0000000e+00
   0.0000000e+00
   4.8431414e-03
  -4.9010958e-03
  -5.7808971e-03
  -5.7437131e-03
  -4.8325444e-03
  -3.5210629e-03
  -3.9179055e-03
  -4.8928289e-03
  -5.0122645e-03
  -5.2952673e-03
  -3.9504334e-03
  -1.3361831e-03
   0.0000000e+00
   0.0000000e+00
   0.0000000e+00
   0.0000000e+00
   0.0000000e+00
   0.0000000e+00
   0.0000000e+00
   0.0000000e+00
   0.0000000e+00
   0.0000000e+00
   0.0000000e+00
   0.0000000e+00
   0.0000000e+00
   1.2514182e-02
   1.4613640e-03
  -1.1650200e-02
  -1.5310205e-02
  -9.6905418e-03
   0.0000000e+00
   0.0000000e+00
   0.0000000e+00
   0.0000000e+00
   0.0000000e+00
   1.0002682e-02
   6.8639981e-04
  -9.8952276e-03
  -8.1829028e-03
  -5.3425159e-03
  -2.6472289e-03
  -1.3005406e-03
  -2.3599925e-03
  -3.1664053e-03
  -3.7430339e-03
  -4.7929183e-03
  -2.6019261e-03
   1.2165811e-03
   3.5895794e-03
   0.0000000e+00
   0.0000000e+00
   0.0000000e+00
   0.0000000e+00
   0.0000000e+00
   0.0000000e+00
   0.0000000e+00
   0.0000000e+00
   0.0000000e+00
   0.0000000e+00
   0.0000000e+00
   0.0000000e+00
   1.3437727e-02
  -2.4759819e-04
  -1.1230893e-02
  -1.2009647e-02
  -6.6154113e-03
  -2.3461918e-03
   0.0000000e+00
   0.0000000e+00
   0.0000000e+00
   1.5957090e-02
   2.9346521e-03
  -8.9298206e-03
  -1.2692457e-02
  -8.2071843e-03
  -3.6060086e-03
   3.6544818e-04
   1.2151152e-03
   5.3148408e-04
  -3.7106412e-04
  -1.8071240e-03
  -2.8672344e-03
  -6.6744589e-04
   3.3318165e-03
   4.1638068e-03
   0.0000000e+00
   0.0000000e+00
   0.0000000e+00
   0.0000000e+00
   0.0000000e+00
   0.0000000e+00
   0.0000000e+00
   0.0000000e+00
   0.0000000e+00
   0.0000000e+00
   0.0000000e+00
   1.1414642e-02
   9.3280450e-03
  -6.0827699e-03
  -1.0953099e-02
  -9.6792709e-03
  -5.4188943e-03
   1.7255701e-03
   8.5217046e-03
   0.0000000e+00
   1.8881531e-02
   1.2832017e-02
  -9.2777973e-03
  -1.6490893e-02
  -6.4137750e-03
  -2.8268414e-03
   1.5304432e-03
   4.6481718e-03
   5.2885351e-03
   4.8617087e-03
   2.8942074e-03
   1.7604385e-03
   1.6126215e-03
   2.7279574e-03
   5.4338195e-03
   1.0092901e-02
   0.0000000e+00
   0.0000000e+00
   0.0000000e+00
  -0.0000000e+00
   0.0000000e+00
   0.0000000e+00
   0.0000000e+00
   0.0000000e+00
   0.0000000e+00
   0.0000000e+00
   0.0000000e+00
   1.2581822e-02
   3.8906741e-03
  -7.4440255e-03
  -9.3906848e-03
  -5.9110988e-03
  -1.6677152e-03
   4.5451690e-03
   1.3279259e-02
   0.0000000e+00
   1.8546137e-02
   5.9765489e-03
  -1.0268461e-02
  -1.0362233e-02
   5.1003991e-04
   2.5980896e-03
   5.7366984e-03
   7.8459233e-03
   8.9309160e-03
   8.6627621e-03
   7.4267485e-03
   7.0155999e-03
   6.0320506e-03
   5.2411202e-03
   6.5212077e-03
   1.3767485e-02
   1.2345286e-03
   1.3637874e-03
   1.4342484e-03
  -0.0000000e+00
   0.0000000e+00
   0.0000000e+00
   0.0000000e+00
   0.0000000e+00
   0.0000000e+00
   0.0000000e+00
   1.1686984e-02
   1.1044793e-02
   1.1217712e-04
  -5.3794393e-03
  -4.0659807e-03
   2.5175046e-04
   3.6570763e-03
   8.3631668e-03
   1.8781741e-02
   2.2913533e-02
   2.1159514e-02
   5.7437331e-03
  -1.1624985e-03
  -7.6061423e-04
   5.1236693e-03
   6.8467874e-03
   9.3608163e-03
   1.1765085e-02
   1.3636787e-02
   1.3731305e-02
   1.2914086e-02
   1.1504275e-02
   8.5022766e-03
   5.7415422e-03
   7.0729349e-03
   1.5653284e-02
   4.2292788e-03
   4.9662913e-03
   0.0000000e+00
   0.0000000e+00
   0.0000000e+00
   0.0000000e+00
   0.0000000e+00
   2.0643871e-03
   8.6542573e-03
   1.5672352e-02
   1.2212054e-02
   4.8143673e-03
  -4.8163420e-04
   3.0345601e-04
   3.8779196e-03
   7.1642781e-03
   9.9987332e-03
   1.4223223e-02
   2.4454460e-02
   2.9149661e-02
   2.2571180e-02
   1.1281310e-02
   7.7614761e-03
   6.0158577e-03
   8.7350113e-03
   1.1039790e-02
   1.3804260e-02
   1.6701043e-02
   1.8482418e-02
   1.8213086e-02
   1.6264897e-02
   1.2227896e-02
   7.6399129e-03
   4.6506519e-03
   7.8695454e-03
   1.9315330e-02
   4.9300639e-03
   0.0000000e+00
   0.0000000e+00
   0.0000000e+00
   0.0000000e+00
   0.0000000e+00
   0.0000000e+00
   7.3171384e-03
   1.4598284e-02
   2.3012709e-02
   1.3738369e-02
   6.0867453e-03
   5.8225258e-03
   8.9846634e-03
   1.1516545e-02
   1.3720728e-02
   1.7910629e-02
   2.2844791e-02
   3.0834774e-02
   3.1053865e-02
   2.4445491e-02
   1.7832391e-02
   1.2387081e-02
   9.4621927e-03
   1.1959197e-02
   1.4465346e-02
   1.7069202e-02
   1.9709604e-02
   2.0808937e-02
   1.9536762e-02
   1.4746555e-02
   8.4179137e-03
   3.6920435e-03
   2.7143387e-03
   9.2398785e-03
   2.4715131e-02
   3.7025706e-02
   0.0000000e+00
   0.0000000e+00
   0.0000000e+00
   0.0000000e+00
   0.0000000e+00
   0.0000000e+00
   1.4906531e-02
   1.8664116e-02
   2.2237934e-02
   1.4958101e-02
   1.2811193e-02
   1.4159677e-02
   1.7070515e-02
   1.8561386e-02
   2.0150069e-02
   2.5124719e-02
   3.0120719e-02
   3.4483105e-02
   3.2556083e-02
   2.7817544e-02
   1.9870350e-02
   1.3713917e-02
   1.1576016e-02
   1.3495988e-02
   1.5511535e-02
   1.7440148e-02
   1.9174134e-02
   1.8893814e-02
   1.5505619e-02
   8.3822776e-03
   2.0501337e-03
  -9.8842336e-04
   1.2484539e-03
   1.1456689e-02
   3.1939339e-02
   4.5011664e-02
   0.0000000e+00
   0.0000000e+00
   0.0000000e+00
   0.0000000e+00
   0.0000000e+00
   0.0000000e+00
   0.0000000e+00
   1.6560350e-02
   2.1337835e-02
   2.0774025e-02
   1.9777004e-02
   2.0681243e-02
   2.3269057e-02
   2.4685118e-02
   2.3432503e-02
   2.6831398e-02
   3.1432334e-02
   3.6379930e-02
   3.4199331e-02
   2.7885616e-02
   1.8529169e-02
   1.3535558e-02
   1.2590700e-02
   1.3089154e-02
   1.3965609e-02
   1.4714696e-02
   1.4419411e-02
   1.1568462e-02
   5.9162616e-03
  -8.6599879e-04
  -4.2789429e-03
  -3.3560905e-03
   3.2048072e-03
   1.6817760e-02
   3.7576918e-02
   4.3788317e-02
   0.0000000e+00
   0.0000000e+00
   0.0000000e+00
   0.0000000e+00
   0.0000000e+00
   0.0000000e+00
   0.0000000e+00
   1.7105157e-02
   2.5823144e-02
   2.7899481e-02
   2.6915504e-02
   2.7187288e-02
   2.8552407e-02
   3.1232618e-02
   3.0626478e-02
   3.3482792e-02
   3.4745713e-02
   3.8079452e-02
   3.3740789e-02
   2.4462288e-02
   1.5991801e-02
   1.2997035e-02
   1.2625832e-02
   6.9564907e-03
   6.1885766e-03
   5.2374373e-03
   3.1067873e-03
  -5.7708484e-04
  -4.7319229e-03
  -7.3156557e-03
  -6.6306945e-03
  -1.5625122e-03
   8.5441200e-03
   2.2225911e-02
   3.4727558e-02
   2.7357320e-02
   0.0000000e+00
   0.0000000e+00
   0.0000000e+00
   0.0000000e+00
   0.0000000e+00
   0.0000000e+00
   0.0000000e+00
   1.6760308e-02
   2.6172094e-02
   3.0539019e-02
   3.1169014e-02
   3.1068604e-02
   3.0491766e-02
   3.2542191e-02
   3.9647418e-02
   0.0000000e+00
   3.6729977e-02
   3.4645844e-02
   2.6348511e-02
   1.6300812e-02
   1.0100051e-02
   8.3836950e-03
   7.7421423e-03
  -5.2993111e-03
  -7.1281176e-03
  -8.9890622e-03
  -1.1224010e-02
  -1.3360008e-02
  -1.4504243e-02
  -1.3784648e-02
  -9.9153174e-03
  -2.2069672e-03
   8.7617906e-03
   1.9483097e-02
   2.2947729e-02
   8.9660651e-03
  -3.6428961e-03
   0.0000000e+00
   0.0000000e+00
   0.0000000e+00
   0.0000000e+00
   0.0000000e+00
   0.0000000e+00
   1.3050932e-02
   1.9477047e-02
   2.6405910e-02
   2.9151984e-02
   2.9383764e-02
   2.8419644e-02
   2.9230423e-02
   2.6824494e-02
   0.0000000e+00
   2.9880644e-02
   2.0666689e-02
   1.0874838e-02
   3.6054982e-03
  -2.9953808e-04
  -1.9626732e-03
  -3.5124118e-03
  -1.6512588e-02
  -1.8121494e-02
  -1.9681392e-02
  -2.1256786e-02
  -2.2761401e-02
  -2.4029162e-02
  -2.3602949e-02
  -1.9000486e-02
  -1.1193118e-02
  -2.7090330e-03
   3.0074688e-03
   2.0456032e-03
  -4.4065565e-03
  -4.3505236e-03
   0.0000000e+00
   0.0000000e+00
   0.0000000e+00
   0.0000000e+00
   0.0000000e+00
   0.0000000e+00
   8.2414130e-03
   1.0146768e-02
   1.7126495e-02
   2.0796107e-02
   2.0998908e-02
   2.0809151e-02
   2.4077762e-02
   0.0000000e+00
   1.9612986e-02
   1.3504232e-02
   1.8793913e-03
  -4.4126152e-03
  -8.3436901e-03
  -1.0995863e-02
  -1.2923628e-02
  -1.4784122e-02
  -1.3127307e-02
  -1.3735477e-02
  -1.4289944e-02
  -1.4886606e-02
  -1.5760412e-02
  -1.6797280e-02
  -1.7552171e-02
  -1.6947587e-02
  -1.5099832e-02
  -1.3159864e-02
  -1.3110967e-02
  -1.5852094e-02
  -1.7756851e-02
  -1.2685498e-02
   0.0000000e+00
   0.0000000e+00
   0.0000000e+00
   0.0000000e+00
   0.0000000e+00
   0.0000000e+00
   0.0000000e+00
   3.9295946e-03
   6.8621719e-03
   1.0409275e-02
   9.9050328e-03
   9.1426760e-03
   1.1461102e-02
   0.0000000e+00
   1.0018954e-02
   4.3497537e-04
  -5.8162096e-03
  -8.1988578e-03
  -9.7394530e-03
  -1.0827964e-02
  -1.1658857e-02
  -1.2468943e-02
  -2.6963552e-04
  -3.4673390e-04
  -3.7834188e-04
  -3.6984443e-04
  -4.3475159e-04
  -7.2398182e-04
  -1.1131798e-03
  -1.2098028e-03
  -1.7012467e-03
  -4.1055586e-03
  -8.9146355e-03
  -1.5532834e-02
  -2.1542663e-02
  -1.9281585e-02
   0.0000000e+00
   0.0000000e+00
   0.0000000e+00
   0.0000000e+00
   0.0000000e+00
   0.0000000e+00
   0.0000000e+00
   5.8306015e-04
   1.7553966e-03
   5.9664473e-03
   5.2755140e-03
   1.8688425e-03
  -1.8710231e-03
   0.0000000e+00
   6.6997020e-03
   8.8971772e-04
   4.5021717e-04
   3.0367213e-04
   3.5409990e-05
  -3.0546158e-05
  -9.1114314e-05
  -1.6732235e-04
   1.2090480e-02
   1.2301128e-02
   1.2577838e-02
   1.3082144e-02
   1.3824335e-02
   1.4453111e-02
   1.4665791e-02
   1.3891837e-02
   1.0678731e-02
   3.5879095e-03
  -6.5580308e-03
  -1.6950542e-02
  -2.4150453e-02
  -2.4051478e-02
   0.0000000e+00
   0.0000000e+00
   0.0000000e+00
   0.0000000e+00
   0.0000000e+00
   0.0000000e+00
   0.0000000e+00
  -0.0000000e+00
  -5.2777952e-04
   5.0022860e-03
   5.7882902e-03
   3.2207919e-04
  -1.0471733e-02
  -7.3002622e-03
   1.6369638e-03
   3.1473771e-03
   7.5076790e-03
   9.0055611e-03
   9.7941628e-03
   1.0607111e-02
   1.1271659e-02
   1.1811953e-02
   1.6280124e-02
   1.6925292e-02
   1.7520666e-02
   1.8296365e-02
   1.9137673e-02
   1.9851731e-02
   1.9645952e-02
   1.6993493e-02
   1.0478265e-02
  -1.2806006e-04
  -1.2293961e-02
  -2.4866205e-02
  -3.5631757e-02
  -3.4898830e-02
  -3.0030576e-02
   0.0000000e+00
   0.0000000e+00
   0.0000000e+00
   0.0000000e+00
   0.0000000e+00
   0.0000000e+00
  -2.4387818e-02
  -7.2773803e-03
   7.9699512e-03
   7.8267615e-03
   4.1731652e-03
  -1.4067235e-02
  -2.5089144e-02
  -1.2051352e-02
  -4.0809438e-03
   3.5243081e-03
   6.5783965e-03
   9.0232762e-03
   1.1420059e-02
   1.3569709e-02
   1.5252406e-02
   8.3832573e-03
   9.3479566e-03
   9.9213887e-03
   1.0512641e-02
   1.0854007e-02
   1.0567756e-02
   9.3041854e-03
   6.7050522e-03
   2.0872625e-03
  -5.2078045e-03
  -1.4553965e-02
  -2.6775219e-02
  -4.2376842e-02
  -5.0793990e-02
  -4.0593585e-02
   0.0000000e+00
   0.0000000e+00
   0.0000000e+00
   0.0000000e+00
   0.0000000e+00
   0.0000000e+00
  -3.0516747e-02
  -1.3794789e-02
   5.1863415e-04
   0.0000000e+00
   0.0000000e+00
   0.0000000e+00
  -0.0000000e+00
  -2.6802603e-02
  -1.7804950e-02
  -9.0673650e-03
  -5.6543485e-03
  -3.1365003e-03
  -1.5793223e-04
   3.3815233e-03
   6.4210072e-03
  -3.9900509e-03
  -2.6137857e-03
  -1.9456720e-03
  -7.5859262e-04
   5.1485765e-04
   9.5748343e-04
   8.4600621e-04
   2.6299548e-04
  -1.3943171e-03
  -4.8819096e-03
  -1.1386328e-02
  -2.2350093e-02
  -4.0020145e-02
  -6.0375404e-02
  -5.9373534e-02
   0.0000000e+00
   0.0000000e+00
   0.0000000e+00
   0.0000000e+00
   0.0000000e+00
  -4.6804809e-02
  -4.0987801e-02
  -1.8619348e-02
  -0.0000000e+00
   0.0000000e+00
   0.0000000e+00
   0.0000000e+00
   0.0000000e+00
  -3.4636327e-02
  -2.8526945e-02
  -2.1145185e-02
  -1.8298000e-02
  -1.6949454e-02
  -1.4883392e-02
  -1.1081842e-02
  -6.7016277e-03
  -1.6023109e-02
  -1.4397020e-02
  -1.3853547e-02
  -1.2571285e-02
  -1.0287818e-02
  -8.3202478e-03
  -6.0969824e-03
  -3.8234119e-03
  -2.4041238e-03
  -3.2184292e-03
  -7.1358211e-03
  -1.5297515e-02
  -3.0663216e-02
  -5.7418261e-02
  -7.1584611e-02
   0.0000000e+00
   0.0000000e+00
   0.0000000e+00
   0.0000000e+00
   0.0000000e+00
  -4.6934015e-02
  -4.9860088e-02
  -0.0000000e+00
   0.0000000e+00
   0.0000000e+00
  -3.4390255e-03
  -1.3345300e-02
  -2.6048174e-02
  -3.5639634e-02
  -3.1927116e-02
  -2.6382251e-02
  -2.4774114e-02
  -2.5286624e-02
  -2.5361666e-02
  -2.3192196e-02
  -1.9002222e-02
  -2.3489013e-02
  -2.2135403e-02
  -2.1891830e-02
  -2.1738905e-02
  -2.0028317e-02
  -1.7253879e-02
  -1.4074528e-02
  -1.0225900e-02
  -6.2415618e-03
  -4.1814647e-03
  -5.2868654e-03
  -9.6621104e-03
  -1.9553641e-02
  -4.1535221e-02
  -6.6608745e-02
   0.0000000e+00
   0.0000000e+00
   0.0000000e+00
   0.0000000e+00
   0.0000000e+00
  -4.4111133e-02
  -5.0582152e-02
   0.0000000e+00
   0.0000000e+00
  -0.0000000e+00
  -4.4242239e-04
  -5.8875247e-03
  -2.2910956e-02
  -3.0788571e-02
  -2.9283009e-02
  -2.5025558e-02
  -2.4180703e-02
  -2.6675690e-02
  -2.9530620e-02
  -2.9544802e-02
  -2.6561925e-02
  -2.5565773e-02
  -2.3927392e-02
  -2.3731168e-02
  -2.4219671e-02
  -2.3754060e-02
  -2.1392148e-02
  -1.8539926e-02
  -1.4890976e-02
  -1.0614964e-02
  -6.9303135e-03
  -5.8585661e-03
  -7.5545898e-03
  -1.2821353e-02
  -2.5891764e-02
  -4.7564006e-02
   0.0000000e+00
   0.0000000e+00
   0.0000000e+00
   0.0000000e+00
  -4.3380960e-03
  -2.4602147e-02
  -4.9216037e-02
   0.0000000e+00
   0.0000000e+00
   1.0982358e-03
   4.9025551e-03
  -3.4358271e-04
  -1.4405527e-02
  -2.3005709e-02
  -2.3458194e-02
  -2.0729216e-02
  -2.0180535e-02
  -2.3539081e-02
  -2.8774424e-02
  -3.0549332e-02
  -2.8712263e-02
  -2.2721998e-02
  -2.0657148e-02
  -2.0313981e-02
  -2.0577270e-02
  -2.0620766e-02
  -1.9131464e-02
  -1.7261119e-02
  -1.4562803e-02
  -1.1357060e-02
  -8.0989608e-03
  -6.1094484e-03
  -6.1405257e-03
  -8.2754557e-03
  -1.4451396e-02
  -2.6827823e-02
  -2.1595053e-02
   0.0000000e+00
  -2.3805364e-02
   0.0000000e+00
  -1.4883223e-03
  -1.4399484e-02
  -0.0000000e+00
   0.0000000e+00
   0.0000000e+00
   6.5486078e-03
   1.1047854e-02
   8.4866238e-03
  -2.7090727e-03
  -1.1917977e-02
  -1.4075920e-02
  -1.3090059e-02
  -1.3233641e-02
  -1.6433308e-02
  -2.2758818e-02
  -2.6204294e-02
  -2.5540604e-02
  -1.6355474e-02
  -1.4235679e-02
  -1.3915648e-02
  -1.4020396e-02
  -1.3987980e-02
  -1.2920456e-02
  -1.1759955e-02
  -1.0277902e-02
  -8.0842534e-03
  -5.9900796e-03
  -4.5750877e-03
  -4.1329386e-03
  -4.7377716e-03
  -7.5688842e-03
  -1.2017811e-02
  -1.2810433e-02
  -1.0223848e-02
  -1.9990007e-02
  -1.0418740e-02
  -2.4613512e-03
  -6.1928087e-03
   0.0000000e+00
   0.0000000e+00
   0.0000000e+00
   5.0838208e-04
   1.2377667e-02
   1.4822047e-02
   8.3240792e-03
   1.6380055e-03
  -1.6948734e-03
  -2.7876184e-03
  -4.7049429e-03
  -8.4489351e-03
  -1.4386115e-02
  -1.8584525e-02
  -1.8751897e-02
  -7.5129787e-03
  -5.3391824e-03
  -4.8734779e-03
  -5.6774542e-03
  -5.9808474e-03
  -5.3154808e-03
  -4.5122034e-03
  -3.8997510e-03
  -2.8574278e-03
  -1.5968054e-03
  -9.6772326e-04
  -6.8241556e-04
  -5.0304609e-04
  -1.4139184e-03
  -2.3554498e-03
  -3.0777212e-03
  -5.2158530e-03
  -1.0906559e-02
  -8.3647284e-03
  -1.6945368e-03
  -4.1759546e-03
   0.0000000e+00
   0.0000000e+00
   0.0000000e+00
  -1.1918413e-02
   2.4527668e-03
   9.3435748e-03
   6.3313046e-03
   7.7486029e-03
   1.1396512e-02
   1.0429123e-02
   6.7881900e-03
   1.0589359e-03
  -5.2297702e-03
  -9.2856549e-03
  -9.8772440e-03
   1.8946496e-03
   4.3967510e-03
   5.6427438e-03
   4.2968635e-03
   3.1385954e-03
   3.5067769e-03
   3.6624861e-03
   3.3870333e-03
   2.9699453e-03
   3.8110164e-03
   4.5687639e-03
   4.9816780e-03
   5.2324710e-03
   5.0698359e-03
   5.7063987e-03
   5.8923848e-03
   2.0777720e-03
  -4.6238331e-03
  -1.8716343e-03
   0.0000000e+00
  -2.7057900e-03
   0.0000000e+00
   0.0000000e+00
   0.0000000e+00
  -1.4269122e-02
  -6.1014115e-03
   0.0000000e+00
   3.1805688e-03
   2.6987073e-03
   1.3181753e-02
   1.8680841e-02
   1.6434150e-02
   1.0012198e-02
   2.8283999e-03
  -8.0293815e-04
  -1.0141425e-03
   9.1437288e-03
   1.2152965e-02
   1.4682774e-02
   1.4403347e-02
   1.2837115e-02
   1.2949975e-02
   1.2856513e-02
   1.1742088e-02
   9.5193759e-03
   8.6176312e-03
   9.8748840e-03
   1.1677556e-02
   1.2474115e-02
   1.2626779e-02
   1.3455380e-02
   1.3928697e-02
   9.9739237e-03
   2.2813121e-03
   4.2847477e-03
   4.1152244e-03
   0.0000000e+00
   0.0000000e+00
   0.0000000e+00
   0.0000000e+00
  -1.3159756e-02
  -1.4575772e-02
   0.0000000e+00
   0.0000000e+00
  -1.1281130e-03
   3.3455950e-03
   1.6489420e-02
   1.8591696e-02
   1.3340686e-02
   6.7958934e-03
   4.1903695e-03
   5.3753681e-03
   9.7355340e-03
   1.3862881e-02
   1.7000487e-02
   1.8509369e-02
   1.7832949e-02
   1.7961415e-02
   1.8116424e-02
   1.6152799e-02
   1.3337811e-02
   1.0759048e-02
   1.1573651e-02
   1.4122672e-02
   1.6453512e-02
   1.7866289e-02
   1.8774804e-02
   1.8944552e-02
   1.5120896e-02
   7.8268172e-03
   6.8613919e-03
   0.0000000e+00
   0.0000000e+00
   0.0000000e+00
   0.0000000e+00
   0.0000000e+00
  -1.7050864e-02
  -2.0836890e-02
  -1.6657257e-02
  -7.6089410e-03
  -8.8556630e-04
   2.7564615e-03
   1.2820114e-02
   1.5389270e-02
   1.1019717e-02
   5.3702560e-03
   3.3231192e-03
   5.6511774e-03
   3.7262966e-03
   8.0485865e-03
   1.2034325e-02
   1.4749509e-02
   1.6362809e-02
   1.7283244e-02
   1.7336661e-02
   1.5548556e-02
   1.2949554e-02
   1.0280142e-02
   1.0292793e-02
   1.2685482e-02
   1.5990095e-02
   1.9258350e-02
   2.0446680e-02
   2.0382152e-02
   1.7378516e-02
   1.1000838e-02
   6.7067208e-03
   5.2739392e-03
   0.0000000e+00
   0.0000000e+00
   0.0000000e+00
  -1.5282238e-02
  -1.8924778e-02
  -2.6054339e-02
  -1.9875552e-02
  -9.2300128e-03
  -1.5836115e-03
   3.8539041e-03
   9.6173620e-03
   1.0291187e-02
   6.0842430e-03
   1.0266110e-03
  -1.1993144e-03
   2.3583209e-04
  -4.8275120e-03
  -1.6549537e-03
   1.8538177e-03
   5.2261823e-03
   8.1305569e-03
   1.0268269e-02
   1.0570753e-02
   9.9098075e-03
   8.7468717e-03
   7.3172990e-03
   7.3400708e-03
   9.3665943e-03
   1.2655322e-02
   1.6839638e-02
   1.8202078e-02
   1.7740138e-02
   1.5698249e-02
   1.1463201e-02
   3.8826233e-03
   1.8087667e-03
   0.0000000e+00
   0.0000000e+00
  -4.6358749e-03
  -1.1137767e-02
  -2.3087190e-02
  -3.0391660e-02
  -2.4285132e-02
  -1.1459594e-02
  -1.7708568e-03
   2.9157493e-03
   5.3542582e-03
   4.6630147e-03
   4.8589805e-04
  -3.9585242e-03
  -6.0082401e-03
  -6.2925895e-03
  -8.8139195e-03
  -7.5024707e-03
  -5.4804808e-03
  -2.7925649e-03
   2.8096666e-04
   2.8924383e-03
   4.3568686e-03
   4.5157833e-03
   4.7085187e-03
   5.0461888e-03
   5.2077624e-03
   5.8534807e-03
   9.2459200e-03
   1.2233438e-02
   1.3899329e-02
   1.2666359e-02
   1.0019336e-02
   8.5451519e-03
   1.4057179e-03
  -5.3554912e-03
  -1.6676492e-03
   2.7810971e-03
  -9.0440733e-04
  -9.5365085e-03
  -2.2378804e-02
  -2.6365884e-02
  -2.1790128e-02
  -1.2491292e-02
  -4.2528575e-03
   5.1043660e-04
   2.7171161e-03
   1.5941177e-03
  -1.9106040e-03
  -5.5106883e-03
  -7.5166067e-03
  -8.5296175e-03
  -8.3638858e-03
  -7.4478961e-03
  -6.1872117e-03
  -4.6230494e-03
  -2.2712413e-03
   4.6992619e-04
   2.7410018e-03
   4.5947577e-03
   6.1462186e-03
   7.8234822e-03
   8.7694488e-03
   9.4815269e-03
   1.1391635e-02
   1.2904652e-02
   1.4094043e-02
   1.4405464e-02
   1.3398765e-02
   1.2059288e-02
   6.6816150e-03
   1.6519971e-03
   3.7893438e-04
   1.6186683e-03
  -1.5916504e-03
  -8.1218444e-03
  -1.3906054e-02
  -1.6191848e-02
  -1.5351707e-02
  -1.1889051e-02
  -7.9531921e-03
  -4.8865913e-03
  -2.7412786e-03
  -2.4839868e-03
  -3.4894275e-03
  -5.2208700e-03
  -6.4839674e-03
  -7.6634712e-03
