-START-OF-DATA-
0 0.000278
10 0.000278
20 0.000278
30 0.000278
40 0.000278
50 0.000278
60 0.000278
70 0.000278
80 0.000278
90 0.000278
100 0.000278
110 0.000278
120 0.000278
130 0.000278
140 0.000278
150 0.000278
160 0.000278
170 0.000278
180 0.000278
190 0.000278
200 0.000278
210 0.000278
220 0.000278
230 0.000278
240 0.000278
250 0.000278
260 0.000278
270 0.000278
280 0.000278
290 0.000278
300 0.000278
310 0.000278
320 0.000278
330 0.000278
340 0.000278
350 0.000278
360 0.000278
370 0.000278
380 0.000278
390 0.000278
400 0.000278
410 0.000278
420 0.000278
430 0.000278
440 0.000278
450 0.000278
460 0.000278
470 0.000278
480 0.000278
490 0.000278
500 0.000278
510 0.000278
520 0.000278
530 0.000278
540 0.000278
550 0.000278
560 0.000278
570 0.000278
580 0.000278
590 0.000278
600 0.000278
610 0.000278
620 0.000278
630 0.000278
640 0.000278
650 0.000278
660 0.000278
670 0.000278
680 0.000278
690 0.000278
700 0.000278
710 0.000278
720 0.000278
730 0.000278
740 0.000278
750 0.000278
760 0.000278
770 0.000278
780 0.000278
790 0.000278
800 0.000278
810 0.000278
820 0.000278
830 0.000278
840 0.000278
850 0.000278
860 0.000278
870 0.000278
880 0.000278
890 0.000278
900 0.000278
910 0.000278
920 0.000278
930 0.000278
940 0.000278
950 0.000278
960 0.000278
970 0.000278
980 0.000278
990 0.000278
1000 0.000278
1010 0.000278
1020 0.000278
1030 0.000278
1040 0.000278
1050 0.000278
1060 0.000278
1070 0.000278
1080 0.000278
1090 0.000278
1100 0.000278
1110 0.000278
1120 0.000278
1130 0.000278
1140 0.000278
1150 0.000278
1160 0.000278
1170 0.000278
1180 0.000278
1190 0.000278
1200 0.000278
1210 0.000278
1220 0.000278
1230 0.000278
1240 0.000278
1250 0.000278
1260 0.000278
1270 0.000278
1280 0.000278
1290 0.000278
1300 0.000278
1310 0.000278
1320 0.000278
1330 0.000278
1340 0.000278
1350 0.000278
1360 0.000278
1370 0.000278
1380 0.000278
1390 0.000278
1400 0.000278
1410 0.000278
1420 0.000278
1430 0.000278
1440 0.000278
1450 0.000278
1460 0.000278
1470 0.000278
1480 0.000278
1490 0.000278
1500 0.000278
1510 0.000278
1520 0.000278
1530 0.000278
1540 0.000278
1550 0.000278
1560 0.000278
1570 0.000278
1580 0.000278
1590 0.000278
1600 0.000278
1610 0.000278
1620 0.000278
1630 0.000278
1640 0.000278
1650 0.000278
1660 0.000278
1670 0.000278
1680 0.000278
1690 0.000278
1700 0.000278
1710 0.000278
1720 0.000278
1730 0.000278
1740 0.000278
1750 0.000278
1760 0.000278
1770 0.000278
1780 0.000278
1790 0.000278
1800 0.000278
1810 0.000278
1820 0.000278
1830 0.000278
1840 0.000278
1850 0.000278
1860 0.000278
1870 0.000278
1880 0.000278
1890 0.000278
1900 0.000278
1910 0.000278
1920 0.000278
1930 0.000278
1940 0.000278
1950 0.000278
1960 0.000278
1970 0.000278
1980 0.000278
1990 0.000278
2000 0.000278
2010 0.000278
2020 0.000278
2030 0.000278
2040 0.000278
2050 0.000278
2060 0.000278
2070 0.000278
2080 0.000278
2090 0.000278
2100 0.000278
2110 0.000278
2120 0.000278
2130 0.000278
2140 0.000278
2150 0.000278
2160 0.000278
2170 0.000278
2180 0.000278
2190 0.000278
2200 0.000278
2210 0.000278
2220 0.000278
2230 0.000278
2240 0.000278
2250 0.000278
2260 0.000278
2270 0.000278
2280 0.000278
2290 0.000278
2300 0.000278
2310 0.000278
2320 0.000278
2330 0.000278
2340 0.000278
2350 0.000278
2360 0.000278
2370 0.000278
2380 0.000278
2390 0.000278
2400 0.000278
2410 0.000278
2420 0.000278
2430 0.000278
2440 0.000278
2450 0.000278
2460 0.000278
2470 0.000278
2480 0.000278
2490 0.000278
2500 0.000278
2510 0.000278
2520 0.000278
2530 0.000278
2540 0.000278
2550 0.000278
2560 0.000278
2570 0.000278
2580 0.000278
2590 0.000278
2600 0.000278
2610 0.000278
2620 0.000278
2630 0.000278
2640 0.000278
2650 0.000278
2660 0.000278
2670 0.000278
2680 0.000278
2690 0.000278
2700 0.000278
2710 0.000278
2720 0.000278
2730 0.000278
2740 0.000278
2750 0.000278
2760 0.000278
2770 0.000278
2780 0.000278
2790 0.000278
2800 0.000278
2810 0.000278
2820 0.000278
2830 0.000278
2840 0.000278
2850 0.000278
2860 0.000278
2870 0.000278
2880 0.000278
2890 0.000278
2900 0.000278
2910 0.000278
2920 0.000278
2930 0.000278
2940 0.000278
2950 0.000278
2960 0.000278
2970 0.000278
2980 0.000278
2990 0.000278
3000 0.000278
3010 0.000278
3020 0.000278
3030 0.000278
3040 0.000278
3050 0.000278
3060 0.000278
3070 0.000278
3080 0.000278
3090 0.000278
3100 0.000278
3110 0.000278
3120 0.000278
3130 0.000278
3140 0.000278
3150 0.000278
3160 0.000278
3170 0.000278
3180 0.000278
3190 0.000278
3200 0.000278
3210 0.000278
3220 0.000278
3230 0.000278
3240 0.000278
3250 0.000278
3260 0.000278
3270 0.000278
3280 0.000278
3290 0.000278
3300 0.000278
3310 0.000278
3320 0.000278
3330 0.000278
3340 0.000278
3350 0.000278
3360 0.000278
3370 0.000278
3380 0.000278
3390 0.000278
3400 0.000278
3410 0.000278
3420 0.000278
3430 0.000278
3440 0.000278
3450 0.000278
3460 0.000278
3470 0.000278
3480 0.000278
3490 0.000278
3500 0.000278
3510 0.000278
3520 0.000278
3530 0.000278
3540 0.000278
3550 0.000278
3560 0.000278
3570 0.000278
3580 0.000278
3590 0.000278
3600 0.000278
3610 0.000278
3620 0.000278
3630 0.000278
3640 0.000278
3650 0.000278
3660 0.000278
3670 0.000278
3680 0.000278
3690 0.000278
3700 0.000278
3710 0.000278
3720 0.000278
3730 0.000278
3740 0.000278
3750 0.000278
3760 0.000278
3770 0.000278
3780 0.000278
3790 0.000278
3800 0.000278
3810 0.000278
3820 0.000278
3830 0.000278
3840 0.000278
3850 0.000278
3860 0.000278
3870 0.000278
3880 0.000278
3890 0.000278
3900 0.000278
3910 0.000278
3920 0.000278
3930 0.000278
3940 0.000278
3950 0.000278
3960 0.000278
3970 0.000278
3980 0.000278
3990 0.000278
4000 0.000278
4010 0.000278
4020 0.000278
4030 0.000278
4040 0.000278
4050 0.000278
4060 0.000278
4070 0.000278
4080 0.000278
4090 0.000278
4100 0.000278
4110 0.000278
4120 0.000278
4130 0.000278
4140 0.000278
4150 0.000278
4160 0.000278
4170 0.000278
4180 0.000278
4190 0.000278
4200 0.000278
4210 0.000278
4220 0.000278
4230 0.000278
4240 0.000278
4250 0.000278
4260 0.000278
4270 0.000278
4280 0.000278
4290 0.000278
4300 0.000278
4310 0.000278
4320 0.000278
4330 0.000278
4340 0.000278
4350 0.000278
4360 0.000278
4370 0.000278
4380 0.000278
4390 0.000278
4400 0.000278
4410 0.000278
4420 0.000278
4430 0.000278
4440 0.000278
4450 0.000278
4460 0.000278
4470 0.000278
4480 0.000278
4490 0.000278
4500 0.000278
4510 0.000278
4520 0.000278
4530 0.000278
4540 0.000278
4550 0.000278
4560 0.000278
4570 0.000278
4580 0.000278
4590 0.000278
4600 0.000278
4610 0.000278
4620 0.000278
4630 0.000278
4640 0.000278
4650 0.000278
4660 0.000278
4670 0.000278
4680 0.000278
4690 0.000278
4700 0.000278
4710 0.000278
4720 0.000278
4730 0.000278
4740 0.000278
4750 0.000278
4760 0.000278
4770 0.000278
4780 0.000278
4790 0.000278
4800 0.000278
4810 0.000278
4820 0.000278
4830 0.000278
4840 0.000278
4850 0.000278
4860 0.000278
4870 0.000278
4880 0.000278
4890 0.000278
4900 0.000278
4910 0.000278
4920 0.000278
4930 0.000278
4940 0.000278
4950 0.000278
4960 0.000278
4970 0.000278
4980 0.000278
4990 0.000278
5000 0.000278
5010 0.000279008451548452
5020 0.000280016903096903
5030 0.000281025354645355
5040 0.000282033806193806
5050 0.000283042257742258
5060 0.000284050709290709
5070 0.000285059160839161
5080 0.000286067612387612
5090 0.000287076063936064
5100 0.000288084515484515
5110 0.000289092967032967
5120 0.000290101418581419
5130 0.00029110987012987
5140 0.000292118321678322
5150 0.000293126773226773
5160 0.000294135224775225
5170 0.000295143676323676
5180 0.000296152127872128
5190 0.000297160579420579
5200 0.000298169030969031
5210 0.000299177482517482
5220 0.000300185934065934
5230 0.000301194385614386
5240 0.000302202837162837
5250 0.000303211288711289
5260 0.00030421974025974
5270 0.000305228191808192
5280 0.000306236643356643
5290 0.000307245094905095
5300 0.000308253546453546
5310 0.000309261998001998
5320 0.00031027044955045
5330 0.000311278901098901
5340 0.000312287352647353
5350 0.000313295804195804
5360 0.000314304255744256
5370 0.000315312707292707
5380 0.000316321158841159
5390 0.00031732961038961
5400 0.000318338061938062
5410 0.000319346513486513
5420 0.000320354965034965
5430 0.000321363416583417
5440 0.000322371868131868
5450 0.00032338031968032
5460 0.000324388771228771
5470 0.000325397222777223
5480 0.000326405674325674
5490 0.000327414125874126
5500 0.000328422577422577
5510 0.000329431028971029
5520 0.00033043948051948
5530 0.000331447932067932
5540 0.000332456383616384
5550 0.000333464835164835
5560 0.000334473286713287
5570 0.000335481738261738
5580 0.00033649018981019
5590 0.000337498641358641
5600 0.000338507092907093
5610 0.000339515544455544
5620 0.000340523996003996
5630 0.000341532447552448
5640 0.000342540899100899
5650 0.000343549350649351
5660 0.000344557802197802
5670 0.000345566253746254
5680 0.000346574705294705
5690 0.000347583156843157
5700 0.000348591608391608
5710 0.00034960005994006
5720 0.000350608511488511
5730 0.000351616963036963
5740 0.000352625414585415
5750 0.000353633866133866
5760 0.000354642317682318
5770 0.000355650769230769
5780 0.000356659220779221
5790 0.000357667672327672
5800 0.000358676123876124
5810 0.000359684575424575
5820 0.000360693026973027
5830 0.000361701478521478
5840 0.00036270993006993
5850 0.000363718381618382
5860 0.000364726833166833
5870 0.000365735284715285
5880 0.000366743736263736
5890 0.000367752187812188
5900 0.000368760639360639
5910 0.000369769090909091
5920 0.000370777542457542
5930 0.000371785994005994
5940 0.000372794445554446
5950 0.000373802897102897
5960 0.000374811348651349
5970 0.0003758198001998
5980 0.000376828251748252
5990 0.000377836703296703
6000 0.000378845154845155
6010 0.000379853606393606
6020 0.000380862057942058
6030 0.00038187050949051
6040 0.000382878961038961
6050 0.000383887412587413
6060 0.000384895864135864
6070 0.000385904315684316
6080 0.000386912767232767
6090 0.000387921218781219
6100 0.00038892967032967
6110 0.000389938121878122
6120 0.000390946573426573
6130 0.000391955024975025
6140 0.000392963476523477
6150 0.000393971928071928
6160 0.00039498037962038
6170 0.000395988831168831
6180 0.000396997282717283
6190 0.000398005734265734
6200 0.000399014185814186
6210 0.000400022637362637
6220 0.000401031088911089
6230 0.00040203954045954
6240 0.000403047992007992
6250 0.000404056443556444
6260 0.000405064895104895
6270 0.000406073346653347
6280 0.000407081798201798
6290 0.00040809024975025
6300 0.000409098701298701
6310 0.000410107152847153
6320 0.000411115604395604
6330 0.000412124055944056
6340 0.000413132507492507
6350 0.000414140959040959
6360 0.000415149410589411
6370 0.000416157862137862
6380 0.000417166313686314
6390 0.000418174765234765
6400 0.000419183216783217
6410 0.000420191668331668
6420 0.00042120011988012
6430 0.000422208571428571
6440 0.000423217022977023
6450 0.000424225474525475
6460 0.000425233926073926
6470 0.000426242377622378
6480 0.000427250829170829
6490 0.000428259280719281
6500 0.000429267732267732
6510 0.000430276183816184
6520 0.000431284635364635
6530 0.000432293086913087
6540 0.000433301538461538
6550 0.00043430999000999
6560 0.000435318441558442
6570 0.000436326893106893
6580 0.000437335344655345
6590 0.000438343796203796
6600 0.000439352247752248
6610 0.000440360699300699
6620 0.000441369150849151
6630 0.000442377602397602
6640 0.000443386053946054
6650 0.000444394505494505
6660 0.000445402957042957
6670 0.000446411408591409
6680 0.00044741986013986
6690 0.000448428311688312
6700 0.000449436763236763
6710 0.000450445214785215
6720 0.000451453666333666
6730 0.000452462117882118
6740 0.000453470569430569
6750 0.000454479020979021
6760 0.000455487472527473
6770 0.000456495924075924
6780 0.000457504375624376
6790 0.000458512827172827
6800 0.000459521278721279
6810 0.00046052973026973
6820 0.000461538181818182
6830 0.000462546633366633
6840 0.000463555084915085
6850 0.000464563536463536
6860 0.000465571988011988
6870 0.00046658043956044
6880 0.000467588891108891
6890 0.000468597342657343
6900 0.000469605794205794
6910 0.000470614245754246
6920 0.000471622697302697
6930 0.000472631148851149
6940 0.0004736396003996
6950 0.000474648051948052
6960 0.000475656503496503
6970 0.000476664955044955
6980 0.000477673406593407
6990 0.000478681858141858
7000 0.00047969030969031
7010 0.000480698761238761
7020 0.000481707212787213
7030 0.000482715664335664
7040 0.000483724115884116
7050 0.000484732567432567
7060 0.000485741018981019
7070 0.00048674947052947
7080 0.000487757922077922
7090 0.000488766373626374
7100 0.000489774825174825
7110 0.000490783276723277
7120 0.000491791728271728
7130 0.00049280017982018
7140 0.000493808631368631
7150 0.000494817082917083
7160 0.000495825534465534
7170 0.000496833986013986
7180 0.000497842437562438
7190 0.000498850889110889
7200 0.000499859340659341
7210 0.000500867792207792
7220 0.000501876243756244
7230 0.000502884695304695
7240 0.000503893146853147
7250 0.000504901598401598
7260 0.00050591004995005
7270 0.000506918501498501
7280 0.000507926953046953
7290 0.000508935404595405
7300 0.000509943856143856
7310 0.000510952307692308
7320 0.000511960759240759
7330 0.000512969210789211
7340 0.000513977662337662
7350 0.000514986113886114
7360 0.000515994565434565
7370 0.000517003016983017
7380 0.000518011468531468
7390 0.00051901992007992
7400 0.000520028371628372
7410 0.000521036823176823
7420 0.000522045274725275
7430 0.000523053726273726
7440 0.000524062177822178
7450 0.000525070629370629
7460 0.000526079080919081
7470 0.000527087532467532
7480 0.000528095984015984
7490 0.000529104435564436
7500 0.000530112887112887
7510 0.000531121338661339
7520 0.00053212979020979
7530 0.000533138241758242
7540 0.000534146693306693
7550 0.000535155144855145
7560 0.000536163596403596
7570 0.000537172047952048
7580 0.000538180499500499
7590 0.000539188951048951
7600 0.000540197402597403
7610 0.000541205854145854
7620 0.000542214305694306
7630 0.000543222757242757
7640 0.000544231208791209
7650 0.00054523966033966
7660 0.000546248111888112
7670 0.000547256563436563
7680 0.000548265014985015
7690 0.000549273466533466
7700 0.000550281918081918
7710 0.00055129036963037
7720 0.000552298821178821
7730 0.000553307272727273
7740 0.000554315724275724
7750 0.000555324175824176
7760 0.000556332627372627
7770 0.000557341078921079
7780 0.00055834953046953
7790 0.000559357982017982
7800 0.000560366433566434
7810 0.000561374885114885
7820 0.000562383336663337
7830 0.000563391788211788
7840 0.00056440023976024
7850 0.000565408691308691
7860 0.000566417142857143
7870 0.000567425594405594
7880 0.000568434045954046
7890 0.000569442497502497
7900 0.000570450949050949
7910 0.0005714594005994
7920 0.000572467852147852
7930 0.000573476303696304
7940 0.000574484755244755
7950 0.000575493206793207
7960 0.000576501658341658
7970 0.00057751010989011
7980 0.000578518561438561
7990 0.000579527012987013
8000 0.000580535464535465
8010 0.000581543916083916
8020 0.000582552367632368
8030 0.000583560819180819
8040 0.000584569270729271
8050 0.000585577722277722
8060 0.000586586173826174
8070 0.000587594625374625
8080 0.000588603076923077
8090 0.000589611528471528
8100 0.00059061998001998
8110 0.000591628431568432
8120 0.000592636883116883
8130 0.000593645334665335
8140 0.000594653786213786
8150 0.000595662237762238
8160 0.000596670689310689
8170 0.000597679140859141
8180 0.000598687592407592
8190 0.000599696043956044
8200 0.000600704495504495
8210 0.000601712947052947
8220 0.000602721398601399
8230 0.00060372985014985
8240 0.000604738301698302
8250 0.000605746753246753
8260 0.000606755204795205
8270 0.000607763656343656
8280 0.000608772107892108
8290 0.000609780559440559
8300 0.000610789010989011
8310 0.000611797462537463
8320 0.000612805914085914
8330 0.000613814365634366
8340 0.000614822817182817
8350 0.000615831268731269
8360 0.00061683972027972
8370 0.000617848171828172
8380 0.000618856623376623
8390 0.000619865074925075
8400 0.000620873526473526
8410 0.000621881978021978
8420 0.00062289042957043
8430 0.000623898881118881
8440 0.000624907332667333
8450 0.000625915784215784
8460 0.000626924235764236
8470 0.000627932687312687
8480 0.000628941138861139
8490 0.00062994959040959
8500 0.000630958041958042
8510 0.000631966493506494
8520 0.000632974945054945
8530 0.000633983396603397
8540 0.000634991848151848
8550 0.0006360002997003
8560 0.000637008751248751
8570 0.000638017202797203
8580 0.000639025654345654
8590 0.000640034105894106
8600 0.000641042557442557
8610 0.000642051008991009
8620 0.000643059460539461
8630 0.000644067912087912
8640 0.000645076363636364
8650 0.000646084815184815
8660 0.000647093266733267
8670 0.000648101718281718
8680 0.00064911016983017
8690 0.000650118621378621
8700 0.000651127072927073
8710 0.000652135524475525
8720 0.000653143976023976
8730 0.000654152427572428
8740 0.000655160879120879
8750 0.000656169330669331
8760 0.000657177782217782
8770 0.000658186233766234
8780 0.000659194685314685
8790 0.000660203136863137
8800 0.000661211588411588
8810 0.00066222003996004
8820 0.000663228491508492
8830 0.000664236943056943
8840 0.000665245394605395
8850 0.000666253846153846
8860 0.000667262297702298
8870 0.000668270749250749
8880 0.000669279200799201
8890 0.000670287652347652
8900 0.000671296103896104
8910 0.000672304555444555
8920 0.000673313006993007
8930 0.000674321458541459
8940 0.00067532991008991
8950 0.000676338361638362
8960 0.000677346813186813
8970 0.000678355264735265
8980 0.000679363716283716
8990 0.000680372167832168
9000 0.000681380619380619
9010 0.000682389070929071
9020 0.000683397522477522
9030 0.000684405974025974
9040 0.000685414425574426
9050 0.000686422877122877
9060 0.000687431328671329
9070 0.00068843978021978
9080 0.000689448231768232
9090 0.000690456683316683
9100 0.000691465134865135
9110 0.000692473586413586
9120 0.000693482037962038
9130 0.00069449048951049
9140 0.000695498941058941
9150 0.000696507392607393
9160 0.000697515844155844
9170 0.000698524295704296
9180 0.000699532747252747
9190 0.000700541198801199
9200 0.00070154965034965
9210 0.000702558101898102
9220 0.000703566553446553
9230 0.000704575004995005
9240 0.000705583456543457
9250 0.000706591908091908
9260 0.00070760035964036
9270 0.000708608811188811
9280 0.000709617262737263
9290 0.000710625714285714
9300 0.000711634165834166
9310 0.000712642617382617
9320 0.000713651068931069
9330 0.00071465952047952
9340 0.000715667972027972
9350 0.000716676423576424
9360 0.000717684875124875
9370 0.000718693326673327
9380 0.000719701778221778
9390 0.00072071022977023
9400 0.000721718681318681
9410 0.000722727132867133
9420 0.000723735584415584
9430 0.000724744035964036
9440 0.000725752487512487
9450 0.000726760939060939
9460 0.000727769390609391
9470 0.000728777842157842
9480 0.000729786293706294
9490 0.000730794745254745
9500 0.000731803196803197
9510 0.000732811648351648
9520 0.0007338200999001
9530 0.000734828551448551
9540 0.000735837002997003
9550 0.000736845454545455
9560 0.000737853906093906
9570 0.000738862357642358
9580 0.000739870809190809
9590 0.000740879260739261
9600 0.000741887712287712
9610 0.000742896163836164
9620 0.000743904615384615
9630 0.000744913066933067
9640 0.000745921518481518
9650 0.00074692997002997
9660 0.000747938421578422
9670 0.000748946873126873
9680 0.000749955324675325
9690 0.000750963776223776
9700 0.000751972227772228
9710 0.000752980679320679
9720 0.000753989130869131
9730 0.000754997582417582
9740 0.000756006033966034
9750 0.000757014485514485
9760 0.000758022937062937
9770 0.000759031388611389
9780 0.00076003984015984
9790 0.000761048291708292
9800 0.000762056743256743
9810 0.000763065194805195
9820 0.000764073646353646
9830 0.000765082097902098
9840 0.000766090549450549
9850 0.000767099000999001
9860 0.000768107452547452
9870 0.000769115904095904
9880 0.000770124355644356
9890 0.000771132807192807
9900 0.000772141258741259
9910 0.00077314971028971
9920 0.000774158161838162
9930 0.000775166613386613
9940 0.000776175064935065
9950 0.000777183516483516
9960 0.000778191968031968
9970 0.00077920041958042
9980 0.000780208871128871
9990 0.000781217322677323
10000 0.000782225774225774
10010 0.000783234225774226
10020 0.000784242677322677
10030 0.000785251128871129
10040 0.00078625958041958
10050 0.000787268031968032
10060 0.000788276483516483
10070 0.000789284935064935
10080 0.000790293386613387
10090 0.000791301838161838
10100 0.00079231028971029
10110 0.000793318741258741
10120 0.000794327192807193
10130 0.000795335644355644
10140 0.000796344095904096
10150 0.000797352547452547
10160 0.000798360999000999
10170 0.000799369450549451
10180 0.000800377902097902
10190 0.000801386353646354
10200 0.000802394805194805
10210 0.000803403256743257
10220 0.000804411708291708
10230 0.00080542015984016
10240 0.000806428611388611
10250 0.000807437062937063
10260 0.000808445514485514
10270 0.000809453966033966
10280 0.000810462417582418
10290 0.000811470869130869
10300 0.000812479320679321
10310 0.000813487772227772
10320 0.000814496223776224
10330 0.000815504675324675
10340 0.000816513126873127
10350 0.000817521578421578
10360 0.00081853002997003
10370 0.000819538481518482
10380 0.000820546933066933
10390 0.000821555384615385
10400 0.000822563836163836
10410 0.000823572287712288
10420 0.000824580739260739
10430 0.000825589190809191
10440 0.000826597642357642
10450 0.000827606093906094
10460 0.000828614545454545
10470 0.000829622997002997
10480 0.000830631448551448
10490 0.0008316399000999
10500 0.000832648351648352
10510 0.000833656803196803
10520 0.000834665254745255
10530 0.000835673706293706
10540 0.000836682157842158
10550 0.00083769060939061
10560 0.000838699060939061
10570 0.000839707512487513
10580 0.000840715964035964
10590 0.000841724415584415
10600 0.000842732867132867
10610 0.000843741318681319
10620 0.00084474977022977
10630 0.000845758221778222
10640 0.000846766673326673
10650 0.000847775124875125
10660 0.000848783576423576
10670 0.000849792027972028
10680 0.000850800479520479
10690 0.000851808931068931
10700 0.000852817382617383
10710 0.000853825834165834
10720 0.000854834285714286
10730 0.000855842737262737
10740 0.000856851188811189
10750 0.00085785964035964
10760 0.000858868091908092
10770 0.000859876543456544
10780 0.000860884995004995
10790 0.000861893446553446
10800 0.000862901898101898
10810 0.00086391034965035
10820 0.000864918801198801
10830 0.000865927252747253
10840 0.000866935704295704
10850 0.000867944155844156
10860 0.000868952607392607
10870 0.000869961058941059
10880 0.00087096951048951
10890 0.000871977962037962
10900 0.000872986413586414
10910 0.000873994865134865
10920 0.000875003316683317
10930 0.000876011768231768
10940 0.00087702021978022
10950 0.000878028671328671
10960 0.000879037122877123
10970 0.000880045574425574
10980 0.000881054025974026
10990 0.000882062477522478
11000 0.000883070929070929
11010 0.00088407938061938
11020 0.000885087832167832
11030 0.000886096283716284
11040 0.000887104735264735
11050 0.000888113186813187
11060 0.000889121638361638
11070 0.00089013008991009
11080 0.000891138541458542
11090 0.000892146993006993
11100 0.000893155444555445
11110 0.000894163896103896
11120 0.000895172347652348
11130 0.000896180799200799
11140 0.000897189250749251
11150 0.000898197702297702
11160 0.000899206153846154
11170 0.000900214605394605
11180 0.000901223056943057
11190 0.000902231508491509
11200 0.00090323996003996
11210 0.000904248411588412
11220 0.000905256863136863
11230 0.000906265314685315
11240 0.000907273766233766
11250 0.000908282217782218
11260 0.000909290669330669
11270 0.000910299120879121
11280 0.000911307572427572
11290 0.000912316023976024
11300 0.000913324475524476
11310 0.000914332927072927
11320 0.000915341378621379
11330 0.00091634983016983
11340 0.000917358281718282
11350 0.000918366733266733
11360 0.000919375184815185
11370 0.000920383636363636
11380 0.000921392087912088
11390 0.00092240053946054
11400 0.000923408991008991
11410 0.000924417442557443
11420 0.000925425894105894
11430 0.000926434345654346
11440 0.000927442797202797
11450 0.000928451248751249
11460 0.0009294597002997
11470 0.000930468151848152
11480 0.000931476603396603
11490 0.000932485054945055
11500 0.000933493506493507
11510 0.000934501958041958
11520 0.00093551040959041
11530 0.000936518861138861
11540 0.000937527312687313
11550 0.000938535764235764
11560 0.000939544215784216
11570 0.000940552667332667
11580 0.000941561118881119
11590 0.00094256957042957
11600 0.000943578021978022
11610 0.000944586473526474
11620 0.000945594925074925
11630 0.000946603376623377
11640 0.000947611828171828
11650 0.00094862027972028
11660 0.000949628731268731
11670 0.000950637182817183
11680 0.000951645634365634
11690 0.000952654085914086
11700 0.000953662537462537
11710 0.000954670989010989
11720 0.000955679440559441
11730 0.000956687892107892
11740 0.000957696343656344
11750 0.000958704795204795
11760 0.000959713246753247
11770 0.000960721698301698
11780 0.00096173014985015
11790 0.000962738601398601
11800 0.000963747052947053
11810 0.000964755504495504
11820 0.000965763956043956
11830 0.000966772407592408
11840 0.000967780859140859
11850 0.000968789310689311
11860 0.000969797762237762
11870 0.000970806213786214
11880 0.000971814665334665
11890 0.000972823116883117
11900 0.000973831568431568
11910 0.00097484001998002
11920 0.000975848471528472
11930 0.000976856923076923
11940 0.000977865374625375
11950 0.000978873826173826
11960 0.000979882277722278
11970 0.000980890729270729
11980 0.000981899180819181
11990 0.000982907632367632
12000 0.000983916083916084
12010 0.000984924535464535
12020 0.000985932987012987
12030 0.000986941438561439
12040 0.00098794989010989
12050 0.000988958341658342
12060 0.000989966793206793
12070 0.000990975244755245
12080 0.000991983696303696
12090 0.000992992147852148
12100 0.000994000599400599
12110 0.000995009050949051
12120 0.000996017502497502
12130 0.000997025954045954
12140 0.000998034405594406
12150 0.000999042857142857
12160 0.00100005130869131
12170 0.00100105976023976
12180 0.00100206821178821
12190 0.00100307666333666
12200 0.00100408511488511
12210 0.00100509356643357
12220 0.00100610201798202
12230 0.00100711046953047
12240 0.00100811892107892
12250 0.00100912737262737
12260 0.00101013582417582
12270 0.00101114427572428
12280 0.00101215272727273
12290 0.00101316117882118
12300 0.00101416963036963
12310 0.00101517808191808
12320 0.00101618653346653
12330 0.00101719498501498
12340 0.00101820343656344
12350 0.00101921188811189
12360 0.00102022033966034
12370 0.00102122879120879
12380 0.00102223724275724
12390 0.00102324569430569
12400 0.00102425414585415
12410 0.0010252625974026
12420 0.00102627104895105
12430 0.0010272795004995
12440 0.00102828795204795
12450 0.0010292964035964
12460 0.00103030485514485
12470 0.00103131330669331
12480 0.00103232175824176
12490 0.00103333020979021
12500 0.00103433866133866
12510 0.00103534711288711
12520 0.00103635556443556
12530 0.00103736401598402
12540 0.00103837246753247
12550 0.00103938091908092
12560 0.00104038937062937
12570 0.00104139782217782
12580 0.00104240627372627
12590 0.00104341472527473
12600 0.00104442317682318
12610 0.00104543162837163
12620 0.00104644007992008
12630 0.00104744853146853
12640 0.00104845698301698
12650 0.00104946543456543
12660 0.00105047388611389
12670 0.00105148233766234
12680 0.00105249078921079
12690 0.00105349924075924
12700 0.00105450769230769
12710 0.00105551614385614
12720 0.0010565245954046
12730 0.00105753304695305
12740 0.0010585414985015
12750 0.00105954995004995
12760 0.0010605584015984
12770 0.00106156685314685
12780 0.0010625753046953
12790 0.00106358375624376
12800 0.00106459220779221
12810 0.00106560065934066
12820 0.00106660911088911
12830 0.00106761756243756
12840 0.00106862601398601
12850 0.00106963446553447
12860 0.00107064291708292
12870 0.00107165136863137
12880 0.00107265982017982
12890 0.00107366827172827
12900 0.00107467672327672
12910 0.00107568517482517
12920 0.00107669362637363
12930 0.00107770207792208
12940 0.00107871052947053
12950 0.00107971898101898
12960 0.00108072743256743
12970 0.00108173588411588
12980 0.00108274433566434
12990 0.00108375278721279
13000 0.00108476123876124
13010 0.00108576969030969
13020 0.00108677814185814
13030 0.00108778659340659
13040 0.00108879504495504
13050 0.0010898034965035
13060 0.00109081194805195
13070 0.0010918203996004
13080 0.00109282885114885
13090 0.0010938373026973
13100 0.00109484575424575
13110 0.00109585420579421
13120 0.00109686265734266
13130 0.00109787110889111
13140 0.00109887956043956
13150 0.00109988801198801
13160 0.00110089646353646
13170 0.00110190491508492
13180 0.00110291336663337
13190 0.00110392181818182
13200 0.00110493026973027
13210 0.00110593872127872
13220 0.00110694717282717
13230 0.00110795562437562
13240 0.00110896407592408
13250 0.00110997252747253
13260 0.00111098097902098
13270 0.00111198943056943
13280 0.00111299788211788
13290 0.00111400633366633
13300 0.00111501478521479
13310 0.00111602323676324
13320 0.00111703168831169
13330 0.00111804013986014
13340 0.00111904859140859
13350 0.00112005704295704
13360 0.00112106549450549
13370 0.00112207394605395
13380 0.0011230823976024
13390 0.00112409084915085
13400 0.0011250993006993
13410 0.00112610775224775
13420 0.0011271162037962
13430 0.00112812465534466
13440 0.00112913310689311
13450 0.00113014155844156
13460 0.00113115000999001
13470 0.00113215846153846
13480 0.00113316691308691
13490 0.00113417536463536
13500 0.00113518381618382
13510 0.00113619226773227
13520 0.00113720071928072
13530 0.00113820917082917
13540 0.00113921762237762
13550 0.00114022607392607
13560 0.00114123452547453
13570 0.00114224297702298
13580 0.00114325142857143
13590 0.00114425988011988
13600 0.00114526833166833
13610 0.00114627678321678
13620 0.00114728523476523
13630 0.00114829368631369
13640 0.00114930213786214
13650 0.00115031058941059
13660 0.00115131904095904
13670 0.00115232749250749
13680 0.00115333594405594
13690 0.0011543443956044
13700 0.00115535284715285
13710 0.0011563612987013
13720 0.00115736975024975
13730 0.0011583782017982
13740 0.00115938665334665
13750 0.0011603951048951
13760 0.00116140355644356
13770 0.00116241200799201
13780 0.00116342045954046
13790 0.00116442891108891
13800 0.00116543736263736
13810 0.00116644581418581
13820 0.00116745426573427
13830 0.00116846271728272
13840 0.00116947116883117
13850 0.00117047962037962
13860 0.00117148807192807
13870 0.00117249652347652
13880 0.00117350497502497
13890 0.00117451342657343
13900 0.00117552187812188
13910 0.00117653032967033
13920 0.00117753878121878
13930 0.00117854723276723
13940 0.00117955568431568
13950 0.00118056413586414
13960 0.00118157258741259
13970 0.00118258103896104
13980 0.00118358949050949
13990 0.00118459794205794
14000 0.00118560639360639
14010 0.00118661484515485
14020 0.0011876232967033
14030 0.00118863174825175
14040 0.0011896401998002
14050 0.00119064865134865
14060 0.0011916571028971
14070 0.00119266555444555
14080 0.00119367400599401
14090 0.00119468245754246
14100 0.00119569090909091
14110 0.00119669936063936
14120 0.00119770781218781
14130 0.00119871626373626
14140 0.00119972471528472
14150 0.00120073316683317
14160 0.00120174161838162
14170 0.00120275006993007
14180 0.00120375852147852
14190 0.00120476697302697
14200 0.00120577542457542
14210 0.00120678387612388
14220 0.00120779232767233
14230 0.00120880077922078
14240 0.00120980923076923
14250 0.00121081768231768
14260 0.00121182613386613
14270 0.00121283458541459
14280 0.00121384303696304
14290 0.00121485148851149
14300 0.00121585994005994
14310 0.00121686839160839
14320 0.00121787684315684
14330 0.00121888529470529
14340 0.00121989374625375
14350 0.0012209021978022
14360 0.00122191064935065
14370 0.0012229191008991
14380 0.00122392755244755
14390 0.001224936003996
14400 0.00122594445554446
14410 0.00122695290709291
14420 0.00122796135864136
14430 0.00122896981018981
14440 0.00122997826173826
14450 0.00123098671328671
14460 0.00123199516483516
14470 0.00123300361638362
14480 0.00123401206793207
14490 0.00123502051948052
14500 0.00123602897102897
14510 0.00123703742257742
14520 0.00123804587412587
14530 0.00123905432567433
14540 0.00124006277722278
14550 0.00124107122877123
14560 0.00124207968031968
14570 0.00124308813186813
14580 0.00124409658341658
14590 0.00124510503496504
14600 0.00124611348651349
14610 0.00124712193806194
14620 0.00124813038961039
14630 0.00124913884115884
14640 0.00125014729270729
14650 0.00125115574425574
14660 0.0012521641958042
14670 0.00125317264735265
14680 0.0012541810989011
14690 0.00125518955044955
14700 0.001256198001998
14710 0.00125720645354645
14720 0.00125821490509491
14730 0.00125922335664336
14740 0.00126023180819181
14750 0.00126124025974026
14760 0.00126224871128871
14770 0.00126325716283716
14780 0.00126426561438561
14790 0.00126527406593407
14800 0.00126628251748252
14810 0.00126729096903097
14820 0.00126829942057942
14830 0.00126930787212787
14840 0.00127031632367632
14850 0.00127132477522478
14860 0.00127233322677323
14870 0.00127334167832168
14880 0.00127435012987013
14890 0.00127535858141858
14900 0.00127636703296703
14910 0.00127737548451548
14920 0.00127838393606394
14930 0.00127939238761239
14940 0.00128040083916084
14950 0.00128140929070929
14960 0.00128241774225774
14970 0.00128342619380619
14980 0.00128443464535465
14990 0.0012854430969031
15000 0.00128645154845155
15010 0.00128746
15020 0.00128746
15030 0.00128746
15040 0.00128746
15050 0.00128746
15060 0.00128746
15070 0.00128746
15080 0.00128746
15090 0.00128746
15100 0.00128746
15110 0.00128746
15120 0.00128746
15130 0.00128746
15140 0.00128746
15150 0.00128746
15160 0.00128746
15170 0.00128746
15180 0.00128746
15190 0.00128746
15200 0.00128746
15210 0.00128746
15220 0.00128746
15230 0.00128746
15240 0.00128746
15250 0.00128746
15260 0.00128746
15270 0.00128746
15280 0.00128746
15290 0.00128746
15300 0.00128746
15310 0.00128746
15320 0.00128746
15330 0.00128746
15340 0.00128746
15350 0.00128746
15360 0.00128746
15370 0.00128746
15380 0.00128746
15390 0.00128746
15400 0.00128746
15410 0.00128746
15420 0.00128746
15430 0.00128746
15440 0.00128746
15450 0.00128746
15460 0.00128746
15470 0.00128746
15480 0.00128746
15490 0.00128746
15500 0.00128746
15510 0.00128746
15520 0.00128746
15530 0.00128746
15540 0.00128746
15550 0.00128746
15560 0.00128746
15570 0.00128746
15580 0.00128746
15590 0.00128746
15600 0.00128746
15610 0.00128746
15620 0.00128746
15630 0.00128746
15640 0.00128746
15650 0.00128746
15660 0.00128746
15670 0.00128746
15680 0.00128746
15690 0.00128746
15700 0.00128746
15710 0.00128746
15720 0.00128746
15730 0.00128746
15740 0.00128746
15750 0.00128746
15760 0.00128746
15770 0.00128746
15780 0.00128746
15790 0.00128746
15800 0.00128746
15810 0.00128746
15820 0.00128746
15830 0.00128746
15840 0.00128746
15850 0.00128746
15860 0.00128746
15870 0.00128746
15880 0.00128746
15890 0.00128746
15900 0.00128746
15910 0.00128746
15920 0.00128746
15930 0.00128746
15940 0.00128746
15950 0.00128746
15960 0.00128746
15970 0.00128746
15980 0.00128746
15990 0.00128746
16000 0.00128746
16010 0.00128746
16020 0.00128746
16030 0.00128746
16040 0.00128746
16050 0.00128746
16060 0.00128746
16070 0.00128746
16080 0.00128746
16090 0.00128746
16100 0.00128746
16110 0.00128746
16120 0.00128746
16130 0.00128746
16140 0.00128746
16150 0.00128746
16160 0.00128746
16170 0.00128746
16180 0.00128746
16190 0.00128746
16200 0.00128746
16210 0.00128746
16220 0.00128746
16230 0.00128746
16240 0.00128746
16250 0.00128746
16260 0.00128746
16270 0.00128746
16280 0.00128746
16290 0.00128746
16300 0.00128746
16310 0.00128746
16320 0.00128746
16330 0.00128746
16340 0.00128746
16350 0.00128746
16360 0.00128746
16370 0.00128746
16380 0.00128746
16390 0.00128746
16400 0.00128746
16410 0.00128746
16420 0.00128746
16430 0.00128746
16440 0.00128746
16450 0.00128746
16460 0.00128746
16470 0.00128746
16480 0.00128746
16490 0.00128746
16500 0.00128746
16510 0.00128746
16520 0.00128746
16530 0.00128746
16540 0.00128746
16550 0.00128746
16560 0.00128746
16570 0.00128746
16580 0.00128746
16590 0.00128746
16600 0.00128746
16610 0.00128746
16620 0.00128746
16630 0.00128746
16640 0.00128746
16650 0.00128746
16660 0.00128746
16670 0.00128746
16680 0.00128746
16690 0.00128746
16700 0.00128746
16710 0.00128746
16720 0.00128746
16730 0.00128746
16740 0.00128746
16750 0.00128746
16760 0.00128746
16770 0.00128746
16780 0.00128746
16790 0.00128746
16800 0.00128746
16810 0.00128746
16820 0.00128746
16830 0.00128746
16840 0.00128746
16850 0.00128746
16860 0.00128746
16870 0.00128746
16880 0.00128746
16890 0.00128746
16900 0.00128746
16910 0.00128746
16920 0.00128746
16930 0.00128746
16940 0.00128746
16950 0.00128746
16960 0.00128746
16970 0.00128746
16980 0.00128746
16990 0.00128746
17000 0.00128746
17010 0.00128746
17020 0.00128746
17030 0.00128746
17040 0.00128746
17050 0.00128746
17060 0.00128746
17070 0.00128746
17080 0.00128746
17090 0.00128746
17100 0.00128746
17110 0.00128746
17120 0.00128746
17130 0.00128746
17140 0.00128746
17150 0.00128746
17160 0.00128746
17170 0.00128746
17180 0.00128746
17190 0.00128746
17200 0.00128746
17210 0.00128746
17220 0.00128746
17230 0.00128746
17240 0.00128746
17250 0.00128746
17260 0.00128746
17270 0.00128746
17280 0.00128746
17290 0.00128746
17300 0.00128746
17310 0.00128746
17320 0.00128746
17330 0.00128746
17340 0.00128746
17350 0.00128746
17360 0.00128746
17370 0.00128746
17380 0.00128746
17390 0.00128746
17400 0.00128746
17410 0.00128746
17420 0.00128746
17430 0.00128746
17440 0.00128746
17450 0.00128746
17460 0.00128746
17470 0.00128746
17480 0.00128746
17490 0.00128746
17500 0.00128746
17510 0.00128746
17520 0.00128746
17530 0.00128746
17540 0.00128746
17550 0.00128746
17560 0.00128746
17570 0.00128746
17580 0.00128746
17590 0.00128746
17600 0.00128746
17610 0.00128746
17620 0.00128746
17630 0.00128746
17640 0.00128746
17650 0.00128746
17660 0.00128746
17670 0.00128746
17680 0.00128746
17690 0.00128746
17700 0.00128746
17710 0.00128746
17720 0.00128746
17730 0.00128746
17740 0.00128746
17750 0.00128746
17760 0.00128746
17770 0.00128746
17780 0.00128746
17790 0.00128746
17800 0.00128746
17810 0.00128746
17820 0.00128746
17830 0.00128746
17840 0.00128746
17850 0.00128746
17860 0.00128746
17870 0.00128746
17880 0.00128746
17890 0.00128746
17900 0.00128746
17910 0.00128746
17920 0.00128746
17930 0.00128746
17940 0.00128746
17950 0.00128746
17960 0.00128746
17970 0.00128746
17980 0.00128746
17990 0.00128746
18000 0.00128746
18010 0.00128746
18020 0.00128746
18030 0.00128746
18040 0.00128746
18050 0.00128746
18060 0.00128746
18070 0.00128746
18080 0.00128746
18090 0.00128746
18100 0.00128746
18110 0.00128746
18120 0.00128746
18130 0.00128746
18140 0.00128746
18150 0.00128746
18160 0.00128746
18170 0.00128746
18180 0.00128746
18190 0.00128746
18200 0.00128746
18210 0.00128746
18220 0.00128746
18230 0.00128746
18240 0.00128746
18250 0.00128746
18260 0.00128746
18270 0.00128746
18280 0.00128746
18290 0.00128746
18300 0.00128746
18310 0.00128746
18320 0.00128746
18330 0.00128746
18340 0.00128746
18350 0.00128746
18360 0.00128746
18370 0.00128746
18380 0.00128746
18390 0.00128746
18400 0.00128746
18410 0.00128746
18420 0.00128746
18430 0.00128746
18440 0.00128746
18450 0.00128746
18460 0.00128746
18470 0.00128746
18480 0.00128746
18490 0.00128746
18500 0.00128746
18510 0.00128746
18520 0.00128746
18530 0.00128746
18540 0.00128746
18550 0.00128746
18560 0.00128746
18570 0.00128746
18580 0.00128746
18590 0.00128746
18600 0.00128746
18610 0.00128746
18620 0.00128746
18630 0.00128746
18640 0.00128746
18650 0.00128746
18660 0.00128746
18670 0.00128746
18680 0.00128746
18690 0.00128746
18700 0.00128746
18710 0.00128746
18720 0.00128746
18730 0.00128746
18740 0.00128746
18750 0.00128746
18760 0.00128746
18770 0.00128746
18780 0.00128746
18790 0.00128746
18800 0.00128746
18810 0.00128746
18820 0.00128746
18830 0.00128746
18840 0.00128746
18850 0.00128746
18860 0.00128746
18870 0.00128746
18880 0.00128746
18890 0.00128746
18900 0.00128746
18910 0.00128746
18920 0.00128746
18930 0.00128746
18940 0.00128746
18950 0.00128746
18960 0.00128746
18970 0.00128746
18980 0.00128746
18990 0.00128746
19000 0.00128746
19010 0.00128746
19020 0.00128746
19030 0.00128746
19040 0.00128746
19050 0.00128746
19060 0.00128746
19070 0.00128746
19080 0.00128746
19090 0.00128746
19100 0.00128746
19110 0.00128746
19120 0.00128746
19130 0.00128746
19140 0.00128746
19150 0.00128746
19160 0.00128746
19170 0.00128746
19180 0.00128746
19190 0.00128746
19200 0.00128746
19210 0.00128746
19220 0.00128746
19230 0.00128746
19240 0.00128746
19250 0.00128746
19260 0.00128746
19270 0.00128746
19280 0.00128746
19290 0.00128746
19300 0.00128746
19310 0.00128746
19320 0.00128746
19330 0.00128746
19340 0.00128746
19350 0.00128746
19360 0.00128746
19370 0.00128746
19380 0.00128746
19390 0.00128746
19400 0.00128746
19410 0.00128746
19420 0.00128746
19430 0.00128746
19440 0.00128746
19450 0.00128746
19460 0.00128746
19470 0.00128746
19480 0.00128746
19490 0.00128746
19500 0.00128746
19510 0.00128746
19520 0.00128746
19530 0.00128746
19540 0.00128746
19550 0.00128746
19560 0.00128746
19570 0.00128746
19580 0.00128746
19590 0.00128746
19600 0.00128746
19610 0.00128746
19620 0.00128746
19630 0.00128746
19640 0.00128746
19650 0.00128746
19660 0.00128746
19670 0.00128746
19680 0.00128746
19690 0.00128746
19700 0.00128746
19710 0.00128746
19720 0.00128746
19730 0.00128746
19740 0.00128746
19750 0.00128746
19760 0.00128746
19770 0.00128746
19780 0.00128746
19790 0.00128746
19800 0.00128746
19810 0.00128746
19820 0.00128746
19830 0.00128746
19840 0.00128746
19850 0.00128746
19860 0.00128746
19870 0.00128746
19880 0.00128746
19890 0.00128746
19900 0.00128746
19910 0.00128746
19920 0.00128746
19930 0.00128746
19940 0.00128746
19950 0.00128746
19960 0.00128746
19970 0.00128746
19980 0.00128746
19990 0.00128746
20000 0.00128746
20010 0.00128746
20020 0.00128746
20030 0.00128746
20040 0.00128746
20050 0.00128746
20060 0.00128746
20070 0.00128746
20080 0.00128746
20090 0.00128746
20100 0.00128746
20110 0.00128746
20120 0.00128746
20130 0.00128746
20140 0.00128746
20150 0.00128746
20160 0.00128746
20170 0.00128746
20180 0.00128746
20190 0.00128746
20200 0.00128746
20210 0.00128746
20220 0.00128746
20230 0.00128746
20240 0.00128746
20250 0.00128746
20260 0.00128746
20270 0.00128746
20280 0.00128746
20290 0.00128746
20300 0.00128746
20310 0.00128746
20320 0.00128746
20330 0.00128746
20340 0.00128746
20350 0.00128746
20360 0.00128746
20370 0.00128746
20380 0.00128746
20390 0.00128746
20400 0.00128746
20410 0.00128746
20420 0.00128746
20430 0.00128746
20440 0.00128746
20450 0.00128746
20460 0.00128746
20470 0.00128746
20480 0.00128746
20490 0.00128746
20500 0.00128746
20510 0.00128746
20520 0.00128746
20530 0.00128746
20540 0.00128746
20550 0.00128746
20560 0.00128746
20570 0.00128746
20580 0.00128746
20590 0.00128746
20600 0.00128746
20610 0.00128746
20620 0.00128746
20630 0.00128746
20640 0.00128746
20650 0.00128746
20660 0.00128746
20670 0.00128746
20680 0.00128746
20690 0.00128746
20700 0.00128746
20710 0.00128746
20720 0.00128746
20730 0.00128746
20740 0.00128746
20750 0.00128746
20760 0.00128746
20770 0.00128746
20780 0.00128746
20790 0.00128746
20800 0.00128746
20810 0.00128746
20820 0.00128746
20830 0.00128746
20840 0.00128746
20850 0.00128746
20860 0.00128746
20870 0.00128746
20880 0.00128746
20890 0.00128746
20900 0.00128746
20910 0.00128746
20920 0.00128746
20930 0.00128746
20940 0.00128746
20950 0.00128746
20960 0.00128746
20970 0.00128746
20980 0.00128746
20990 0.00128746
21000 0.00128746
21010 0.00128746
21020 0.00128746
21030 0.00128746
21040 0.00128746
21050 0.00128746
21060 0.00128746
21070 0.00128746
21080 0.00128746
21090 0.00128746
21100 0.00128746
21110 0.00128746
21120 0.00128746
21130 0.00128746
21140 0.00128746
21150 0.00128746
21160 0.00128746
21170 0.00128746
21180 0.00128746
21190 0.00128746
21200 0.00128746
21210 0.00128746
21220 0.00128746
21230 0.00128746
21240 0.00128746
21250 0.00128746
21260 0.00128746
21270 0.00128746
21280 0.00128746
21290 0.00128746
21300 0.00128746
21310 0.00128746
21320 0.00128746
21330 0.00128746
21340 0.00128746
21350 0.00128746
21360 0.00128746
21370 0.00128746
21380 0.00128746
21390 0.00128746
21400 0.00128746
21410 0.00128746
21420 0.00128746
21430 0.00128746
21440 0.00128746
21450 0.00128746
21460 0.00128746
21470 0.00128746
21480 0.00128746
21490 0.00128746
21500 0.00128746
21510 0.00128746
21520 0.00128746
21530 0.00128746
21540 0.00128746
21550 0.00128746
21560 0.00128746
21570 0.00128746
21580 0.00128746
21590 0.00128746
21600 0.00128746
21610 0.00128746
21620 0.00128746
21630 0.00128746
21640 0.00128746
21650 0.00128746
21660 0.00128746
21670 0.00128746
21680 0.00128746
21690 0.00128746
21700 0.00128746
21710 0.00128746
21720 0.00128746
21730 0.00128746
21740 0.00128746
21750 0.00128746
21760 0.00128746
21770 0.00128746
21780 0.00128746
21790 0.00128746
21800 0.00128746
21810 0.00128746
21820 0.00128746
21830 0.00128746
21840 0.00128746
21850 0.00128746
21860 0.00128746
21870 0.00128746
21880 0.00128746
21890 0.00128746
21900 0.00128746
21910 0.00128746
21920 0.00128746
21930 0.00128746
21940 0.00128746
21950 0.00128746
21960 0.00128746
21970 0.00128746
21980 0.00128746
21990 0.00128746
22000 0.00128746
22010 0.00128746
22020 0.00128746
22030 0.00128746
22040 0.00128746
22050 0.00128746
22060 0.00128746
22070 0.00128746
22080 0.00128746
22090 0.00128746
22100 0.00128746
22110 0.00128746
22120 0.00128746
22130 0.00128746
22140 0.00128746
22150 0.00128746
22160 0.00128746
22170 0.00128746
22180 0.00128746
22190 0.00128746
22200 0.00128746
22210 0.00128746
22220 0.00128746
22230 0.00128746
22240 0.00128746
22250 0.00128746
22260 0.00128746
22270 0.00128746
22280 0.00128746
22290 0.00128746
22300 0.00128746
22310 0.00128746
22320 0.00128746
22330 0.00128746
22340 0.00128746
22350 0.00128746
22360 0.00128746
22370 0.00128746
22380 0.00128746
22390 0.00128746
22400 0.00128746
22410 0.00128746
22420 0.00128746
22430 0.00128746
22440 0.00128746
22450 0.00128746
22460 0.00128746
22470 0.00128746
22480 0.00128746
22490 0.00128746
22500 0.00128746
22510 0.00128746
22520 0.00128746
22530 0.00128746
22540 0.00128746
22550 0.00128746
22560 0.00128746
22570 0.00128746
22580 0.00128746
22590 0.00128746
22600 0.00128746
22610 0.00128746
22620 0.00128746
22630 0.00128746
22640 0.00128746
22650 0.00128746
22660 0.00128746
22670 0.00128746
22680 0.00128746
22690 0.00128746
22700 0.00128746
22710 0.00128746
22720 0.00128746
22730 0.00128746
22740 0.00128746
22750 0.00128746
22760 0.00128746
22770 0.00128746
22780 0.00128746
22790 0.00128746
22800 0.00128746
22810 0.00128746
22820 0.00128746
22830 0.00128746
22840 0.00128746
22850 0.00128746
22860 0.00128746
22870 0.00128746
22880 0.00128746
22890 0.00128746
22900 0.00128746
22910 0.00128746
22920 0.00128746
22930 0.00128746
22940 0.00128746
22950 0.00128746
22960 0.00128746
22970 0.00128746
22980 0.00128746
22990 0.00128746
23000 0.00128746
23010 0.00128746
23020 0.00128746
23030 0.00128746
23040 0.00128746
23050 0.00128746
23060 0.00128746
23070 0.00128746
23080 0.00128746
23090 0.00128746
23100 0.00128746
23110 0.00128746
23120 0.00128746
23130 0.00128746
23140 0.00128746
23150 0.00128746
23160 0.00128746
23170 0.00128746
23180 0.00128746
23190 0.00128746
23200 0.00128746
23210 0.00128746
23220 0.00128746
23230 0.00128746
23240 0.00128746
23250 0.00128746
23260 0.00128746
23270 0.00128746
23280 0.00128746
23290 0.00128746
23300 0.00128746
23310 0.00128746
23320 0.00128746
23330 0.00128746
23340 0.00128746
23350 0.00128746
23360 0.00128746
23370 0.00128746
23380 0.00128746
23390 0.00128746
23400 0.00128746
23410 0.00128746
23420 0.00128746
23430 0.00128746
23440 0.00128746
23450 0.00128746
23460 0.00128746
23470 0.00128746
23480 0.00128746
23490 0.00128746
23500 0.00128746
23510 0.00128746
23520 0.00128746
23530 0.00128746
23540 0.00128746
23550 0.00128746
23560 0.00128746
23570 0.00128746
23580 0.00128746
23590 0.00128746
23600 0.00128746
23610 0.00128746
23620 0.00128746
23630 0.00128746
23640 0.00128746
23650 0.00128746
23660 0.00128746
23670 0.00128746
23680 0.00128746
23690 0.00128746
23700 0.00128746
23710 0.00128746
23720 0.00128746
23730 0.00128746
23740 0.00128746
23750 0.00128746
23760 0.00128746
23770 0.00128746
23780 0.00128746
23790 0.00128746
23800 0.00128746
23810 0.00128746
23820 0.00128746
23830 0.00128746
23840 0.00128746
23850 0.00128746
23860 0.00128746
23870 0.00128746
23880 0.00128746
23890 0.00128746
23900 0.00128746
23910 0.00128746
23920 0.00128746
23930 0.00128746
23940 0.00128746
23950 0.00128746
23960 0.00128746
23970 0.00128746
23980 0.00128746
23990 0.00128746
24000 0.00128746
24010 0.00128746
24020 0.00128746
24030 0.00128746
24040 0.00128746
24050 0.00128746
24060 0.00128746
24070 0.00128746
24080 0.00128746
24090 0.00128746
24100 0.00128746
24110 0.00128746
24120 0.00128746
24130 0.00128746
24140 0.00128746
24150 0.00128746
24160 0.00128746
24170 0.00128746
24180 0.00128746
24190 0.00128746
24200 0.00128746
24210 0.00128746
24220 0.00128746
24230 0.00128746
24240 0.00128746
24250 0.00128746
24260 0.00128746
24270 0.00128746
24280 0.00128746
24290 0.00128746
24300 0.00128746
24310 0.00128746
24320 0.00128746
24330 0.00128746
24340 0.00128746
24350 0.00128746
24360 0.00128746
24370 0.00128746
24380 0.00128746
24390 0.00128746
24400 0.00128746
24410 0.00128746
24420 0.00128746
24430 0.00128746
24440 0.00128746
24450 0.00128746
24460 0.00128746
24470 0.00128746
24480 0.00128746
24490 0.00128746
24500 0.00128746
24510 0.00128746
24520 0.00128746
24530 0.00128746
24540 0.00128746
24550 0.00128746
24560 0.00128746
24570 0.00128746
24580 0.00128746
24590 0.00128746
24600 0.00128746
24610 0.00128746
24620 0.00128746
24630 0.00128746
24640 0.00128746
24650 0.00128746
24660 0.00128746
24670 0.00128746
24680 0.00128746
24690 0.00128746
24700 0.00128746
24710 0.00128746
24720 0.00128746
24730 0.00128746
24740 0.00128746
24750 0.00128746
24760 0.00128746
24770 0.00128746
24780 0.00128746
24790 0.00128746
24800 0.00128746
24810 0.00128746
24820 0.00128746
24830 0.00128746
24840 0.00128746
24850 0.00128746
24860 0.00128746
24870 0.00128746
24880 0.00128746
24890 0.00128746
24900 0.00128746
24910 0.00128746
24920 0.00128746
24930 0.00128746
24940 0.00128746
24950 0.00128746
24960 0.00128746
24970 0.00128746
24980 0.00128746
24990 0.00128746
25000 0.00128746
-END-OF-DATA-
