  3.276920e-01
  3.064255e-01
  3.015291e-01
  3.030105e-01
  2.951122e-01
  2.771216e-01
  2.649309e-01
  2.576705e-01
  2.458893e-01
  2.375616e-01
  2.297396e-01
  2.214229e-01
  2.270105e-01
  2.355167e-01
  2.466648e-01
  2.506956e-01
  2.357976e-01
  2.188725e-01
  2.158993e-01
  2.304012e-01
  2.437170e-01
  2.380825e-01
  2.291216e-01
  2.222081e-01
  2.210229e-01
  2.232791e-01
  2.236125e-01
  2.317443e-01
  2.557354e-01
  2.838728e-01
  3.085533e-01
  3.266271e-01
  3.361484e-01
  3.494396e-01
  3.796694e-01
  4.181073e-01
