   6.3735971e-01   7.3506076e-01   8.2923872e-01   9.1481700e-01   9.8099843e-01   1.0297218e+00   1.0635750e+00   1.0778741e+00   1.0818474e+00   1.0808712e+00   1.0739317e+00   1.0569947e+00   1.0247387e+00   9.7344363e-01   9.0251569e-01   8.0846653e-01   7.2014304e-01   6.4609287e-01   5.4788211e-01   4.5945892e-01   3.9462320e-01   3.5917081e-01   3.4250772e-01   3.6559239e-01   4.6147959e-01   4.5391655e-01   3.6534791e-01   2.6317197e-01   1.7963776e-01   1.4869043e-01   1.7957605e-01   2.3246414e-01   2.9972767e-01   3.7944899e-01   4.5619035e-01   5.3827926e-01
   8.6208004e-01   9.5367653e-01   1.0583456e+00   1.1009835e+00   1.1022090e+00   1.0517458e+00   9.4576490e-01   8.5436268e-01   7.8081048e-01   7.7951640e-01   7.9928263e-01   8.4959120e-01   8.7896335e-01   8.7718661e-01   9.3667662e-01   9.2814714e-01   9.3687344e-01   9.5048976e-01   8.7185735e-01   7.6519951e-01   7.6423544e-01   7.8598954e-01   6.7598762e-01   0.0000000e+00   7.8544597e-01   7.6062730e-01   8.7660849e-01   7.8271949e-01   5.5587756e-01   4.6181235e-01   4.9665228e-01   5.3338199e-01   5.8265620e-01   6.6209346e-01   7.0288256e-01   7.6492459e-01
   7.8425813e-01   9.3856555e-01   1.0259762e+00   9.9273223e-01   9.1352928e-01   8.7089509e-01   9.0273035e-01   9.8865265e-01   1.1027862e+00   1.2074782e+00   1.2403104e+00   1.2061079e+00   1.1028925e+00   1.2154042e+00   1.5710000e+00   1.8626802e+00   1.9749413e+00   1.9463303e+00   1.7349198e+00   1.4813662e+00   1.2722151e+00   0.0000000e+00   0.0000000e+00   0.0000000e+00   0.0000000e+00   3.9844704e-01   7.7674586e-01   1.2481998e+00   1.0139285e+00   7.1893930e-01   5.7801104e-01   5.3598303e-01   5.4409558e-01   5.7877159e-01   5.9895825e-01   6.5478051e-01
   1.8402973e+00   2.0965794e+00   2.2619791e+00   2.3630044e+00   2.4856521e+00   2.7143016e+00   3.0378907e+00   3.3265848e+00   3.5255072e+00   3.6363311e+00   3.6957507e+00   3.7447109e+00   3.7114968e+00   3.6223459e+00   3.5782762e+00   3.4696126e+00   3.1486966e+00   2.6247849e+00   1.9947133e+00   1.5752400e+00   0.0000000e+00   0.0000000e+00   0.0000000e+00   0.0000000e+00   0.0000000e+00   0.0000000e+00   5.5246842e-01   1.2475487e+00   1.3788062e+00   1.2447832e+00   1.1667080e+00   1.1020125e+00   1.0603651e+00   1.1061255e+00   1.2719911e+00   1.5348040e+00
   3.2372015e+00   3.6056294e+00   3.8680265e+00   4.0768099e+00   4.3386722e+00   4.7076439e+00   5.1032575e+00   5.4001913e+00   5.5807608e+00   5.6821273e+00   5.7500463e+00   5.7846167e+00   5.6377905e+00   5.3159823e+00   4.8952068e+00   4.3432159e+00   3.6453972e+00   3.0032035e+00   1.9005023e+00   1.5819880e+00   0.0000000e+00   0.0000000e+00   0.0000000e+00   0.0000000e+00   0.0000000e+00   0.0000000e+00   4.9312502e-01   1.1865145e+00   1.8271731e+00   2.2354805e+00   2.3963413e+00   2.3170085e+00   2.1939485e+00   2.2117519e+00   2.4286103e+00   2.7959167e+00
   3.9994671e+00   4.4583240e+00   4.8406649e+00   5.1000118e+00   5.3464429e+00   5.5721469e+00   5.7319374e+00   5.8375184e+00   5.9573040e+00   6.0958366e+00   6.2180155e+00   6.2447467e+00   6.1534863e+00   5.6620827e+00   4.9594679e+00   4.2979593e+00   3.7436881e+00   0.0000000e+00   0.0000000e+00   1.6293144e+00   2.1383785e+00   0.0000000e+00   0.0000000e+00   0.0000000e+00   0.0000000e+00   0.0000000e+00   7.0475219e-01   1.4008436e+00   2.1448071e+00   2.6731343e+00   2.9303932e+00   2.8750869e+00   2.6197803e+00   2.7132032e+00   3.0276886e+00   3.4930606e+00
   3.6255653e+00   4.0834122e+00   4.4721584e+00   4.6955099e+00   4.7558079e+00   4.6829500e+00   4.5635552e+00   4.5509100e+00   4.6863003e+00   4.9955559e+00   5.2732921e+00   5.3966212e+00   5.3925444e+00   4.4583039e+00   3.9876308e+00   3.6527008e+00   0.0000000e+00   0.0000000e+00   0.0000000e+00   1.4059794e+00   1.9569820e+00   0.0000000e+00   0.0000000e+00   0.0000000e+00   0.0000000e+00   0.0000000e+00   6.2809176e-01   1.3927251e+00   1.5145975e+00   1.8822150e+00   2.4630406e+00   2.9257243e+00   1.9247646e+00   2.0574694e+00   2.5275335e+00   3.1116185e+00
   2.1691377e+00   2.3834960e+00   2.6204910e+00   2.6698864e+00   2.4494509e+00   2.1531260e+00   1.8939269e+00   1.8467419e+00   2.0408752e+00   2.4773428e+00   2.9436897e+00   3.2658503e+00   3.4225490e+00   3.0599519e+00   2.1778882e+00   2.1182842e+00   0.0000000e+00   0.0000000e+00   0.0000000e+00   1.1342284e+00   1.1400358e+00   0.0000000e+00   0.0000000e+00   0.0000000e+00   0.0000000e+00   0.0000000e+00   5.4920600e-01   9.7615807e-01   1.3575757e+00   8.6615812e-01   1.9276794e+00   2.7637702e+00   1.3625448e+00   1.4636678e+00   1.7795913e+00   2.0101156e+00
   8.5961747e-01   9.2198902e-01   1.1401622e+00   1.2124145e+00   1.1645029e+00   1.1318308e+00   1.1306283e+00   1.1295112e+00   1.0429131e+00   8.9403474e-01   8.8995671e-01   1.1895100e+00   1.6615388e+00   1.3650990e+00   1.2567232e+00   2.1697226e+00   0.0000000e+00   0.0000000e+00   0.0000000e+00   0.0000000e+00   0.0000000e+00   0.0000000e+00   0.0000000e+00   0.0000000e+00   0.0000000e+00   0.0000000e+00   9.5734774e-01   1.8285614e+00   0.0000000e+00   0.0000000e+00   0.0000000e+00   1.9842299e+00   1.0141230e+00   9.8353326e-01   1.0228877e+00   1.0301027e+00
   3.1316781e+00   3.4223344e+00   3.5888181e+00   3.6704972e+00   3.6368191e+00   3.5377514e+00   3.4600677e+00   3.3978922e+00   3.2266960e+00   2.8669422e+00   2.4406822e+00   2.1089458e+00   2.0609968e+00   1.9414132e+00   3.1911216e+00   0.0000000e+00   0.0000000e+00   0.0000000e+00   0.0000000e+00   0.0000000e+00   0.0000000e+00   0.0000000e+00   0.0000000e+00   0.0000000e+00   0.0000000e+00   9.8144889e-01   3.3769233e+00   0.0000000e+00   0.0000000e+00   0.0000000e+00   0.0000000e+00   7.8423762e-01   6.2297875e-01   1.2894182e+00   2.0581822e+00   2.6979737e+00
   5.2602930e+00   5.6087394e+00   5.7220850e+00   5.5885067e+00   5.2496796e+00   4.9252148e+00   4.7141080e+00   4.6234031e+00   4.5553570e+00   4.3680682e+00   4.1325126e+00   3.9247196e+00   3.8274989e+00   4.0698023e+00   5.3227882e+00   0.0000000e+00   0.0000000e+00   0.0000000e+00   0.0000000e+00   0.0000000e+00   0.0000000e+00   0.0000000e+00   0.0000000e+00   0.0000000e+00   0.0000000e+00   2.4830413e+00   5.2401805e+00   0.0000000e+00   0.0000000e+00   2.6378472e+00   2.9912171e+00   2.5105686e+00   2.5239315e+00   3.0762234e+00   3.8428075e+00   4.6369205e+00
   6.4907465e+00   6.7402787e+00   6.6863861e+00   6.2294807e+00   5.7091956e+00   5.3871503e+00   5.2982330e+00   5.3629332e+00   5.4621472e+00   5.4862289e+00   5.4677281e+00   5.4918900e+00   5.6819239e+00   6.3212266e+00   7.0226808e+00   0.0000000e+00   0.0000000e+00   0.0000000e+00   0.0000000e+00   0.0000000e+00   0.0000000e+00   0.0000000e+00   0.0000000e+00   0.0000000e+00   0.0000000e+00   4.7054283e+00   6.2448254e+00   0.0000000e+00   0.0000000e+00   3.4512966e+00   3.8281343e+00   3.9972365e+00   4.1210928e+00   4.4721012e+00   5.1406341e+00   5.9166117e+00
   6.3393059e+00   6.3223782e+00   5.9555340e+00   5.2988734e+00   4.9852695e+00   5.1148138e+00   5.5263968e+00   5.8980017e+00   6.1712432e+00   6.2996993e+00   6.4102125e+00   6.6561866e+00   7.1111460e+00   7.8123569e+00   7.9102076e+00   0.0000000e+00   0.0000000e+00   0.0000000e+00   0.0000000e+00   0.0000000e+00   0.0000000e+00   0.0000000e+00   0.0000000e+00   0.0000000e+00   4.3879009e+00   5.4269691e+00   5.9970918e+00   0.0000000e+00   0.0000000e+00   4.1037226e+00   4.5327053e+00   4.6371341e+00   4.5815916e+00   4.8045530e+00   5.3402295e+00   5.9701529e+00
   5.1175942e+00   4.7549005e+00   4.1354113e+00   3.6448126e+00   3.8719165e+00   4.6617770e+00   5.6298637e+00   6.3246245e+00   6.7820148e+00   7.0292535e+00   7.2144251e+00   7.4920683e+00   7.9021778e+00   8.2472744e+00   7.8441566e+00   0.0000000e+00   0.0000000e+00   0.0000000e+00   0.0000000e+00   0.0000000e+00   0.0000000e+00   0.0000000e+00   0.0000000e+00   2.8354788e+00   4.8358898e+00   5.4175258e+00   4.6185403e+00   1.3506193e+00   0.0000000e+00   4.1482410e+00   4.3809590e+00   4.2802224e+00   4.1313858e+00   4.3069043e+00   4.7103148e+00   5.0960712e+00
   3.3443801e+00   2.8544052e+00   2.4366233e+00   2.4874060e+00   3.1171665e+00   4.1623063e+00   5.4095082e+00   6.4100275e+00   7.1224365e+00   7.6231489e+00   7.8961215e+00   8.0172987e+00   8.0698214e+00   7.8163190e+00   0.0000000e+00   0.0000000e+00   0.0000000e+00   0.0000000e+00   0.0000000e+00   0.0000000e+00   0.0000000e+00   0.0000000e+00   0.0000000e+00   3.2805505e+00   4.1101248e+00   4.3675523e+00   2.8600600e+00   1.7417426e+00   0.0000000e+00   4.1789148e+00   3.7521343e+00   3.4342539e+00   3.2176645e+00   3.3335490e+00   3.5397353e+00   3.6133194e+00
   2.9763637e+00   2.9039629e+00   3.0142438e+00   3.3451395e+00   3.8096375e+00   4.4325166e+00   5.2811985e+00   6.1477942e+00   6.8915949e+00   7.5123377e+00   7.8618965e+00   7.8400602e+00   7.3886681e+00   6.5635605e+00   0.0000000e+00   0.0000000e+00   0.0000000e+00   0.0000000e+00   0.0000000e+00   0.0000000e+00   0.0000000e+00   2.5662996e+00   4.1603701e+00   3.0816121e+00   2.8624561e+00   2.6783085e+00   1.5121859e+00   1.3850537e+00   2.2749693e+00   2.9533686e+00   2.9677243e+00   2.7993412e+00   2.7386985e+00   2.8955503e+00   3.0378973e+00   3.0640023e+00
   4.2991862e+00   4.4867153e+00   4.7471285e+00   5.1102657e+00   5.5331178e+00   5.9691153e+00   6.3826962e+00   6.7185578e+00   6.9484234e+00   7.0486012e+00   6.9725623e+00   6.6226964e+00   5.7953382e+00   4.6784183e+00   0.0000000e+00   0.0000000e+00   0.0000000e+00   0.0000000e+00   0.0000000e+00   0.0000000e+00   1.1593028e+00   2.7192581e+00   3.6203504e+00   2.1044881e+00   1.6508198e+00   1.6045955e+00   1.1607624e+00   1.0703242e+00   2.3877506e+00   2.7266235e+00   2.8439641e+00   3.1626971e+00   3.4562435e+00   3.7632275e+00   3.9799001e+00   4.1368637e+00
   5.3370574e+00   5.5077398e+00   5.7158945e+00   6.0148036e+00   6.3852121e+00   6.7604162e+00   7.0536567e+00   7.1911727e+00   7.1457926e+00   6.8146659e+00   6.0735900e+00   5.0019768e+00   3.9984970e+00   3.5811168e+00   0.0000000e+00   0.0000000e+00   0.0000000e+00   0.0000000e+00   0.0000000e+00   0.0000000e+00   2.0085136e+00   2.7766973e+00   2.6839434e+00   1.8020340e+00   1.8331077e+00   1.9039717e+00   1.2283530e+00   8.4973194e-01   2.1864967e+00   2.3369591e+00   3.2523158e+00   3.9872136e+00   4.4210333e+00   4.7576655e+00   4.9857425e+00   5.1605338e+00
   5.4683955e+00   5.6080921e+00   5.7840998e+00   6.0605380e+00   6.4219820e+00   6.8243166e+00   7.1896773e+00   7.3983236e+00   7.3634082e+00   6.9585749e+00   6.0614836e+00   4.6466531e+00   2.8859512e+00   3.1994276e+00   0.0000000e+00   0.0000000e+00   0.0000000e+00   0.0000000e+00   0.0000000e+00   0.0000000e+00   3.0506917e+00   2.5375408e+00   1.5876617e+00   1.9721546e+00   2.3316438e+00   2.1836169e+00   1.2786790e+00   1.0435976e+00   1.7277631e+00   2.1268582e+00   3.4283126e+00   4.2198481e+00   4.6352829e+00   4.9415263e+00   5.1625417e+00   5.3246115e+00
   4.6833591e+00   4.8534732e+00   5.0793209e+00   5.4074111e+00   5.7888231e+00   6.1902928e+00   6.5437355e+00   6.7604470e+00   6.7247000e+00   6.3084850e+00   5.2443228e+00   3.5127439e+00   1.4805237e+00   2.3730120e+00   0.0000000e+00   0.0000000e+00   0.0000000e+00   0.0000000e+00   0.0000000e+00   0.0000000e+00   3.0840333e+00   1.6226072e+00   9.8741180e-01   1.9401447e+00   2.0286815e+00   1.7592258e+00   1.0700084e+00   9.4847023e-01   1.2875212e+00   1.7241929e+00   2.7703521e+00   3.3783805e+00   3.7820530e+00   4.0966349e+00   4.3375611e+00   4.5206809e+00
   2.9528339e+00   3.1002660e+00   3.3265438e+00   3.6334114e+00   3.9450128e+00   4.2452888e+00   4.4784880e+00   4.6296315e+00   4.6389413e+00   4.3698030e+00   3.4910669e+00   2.0673227e+00   1.0073097e+00   0.0000000e+00   0.0000000e+00   0.0000000e+00   0.0000000e+00   0.0000000e+00   0.0000000e+00   0.0000000e+00   2.5214497e+00   9.7483057e-01   1.1381718e+00   1.6198307e+00   1.2977674e+00   9.6950716e-01   5.5823225e-01   9.2129189e-01   1.1492398e+00   1.3138653e+00   1.7252982e+00   2.0099640e+00   2.2770910e+00   2.5048599e+00   2.6822104e+00   2.8260894e+00
   1.3283352e+00   1.3568765e+00   1.4907957e+00   1.7174939e+00   1.9533223e+00   2.2078943e+00   2.4778302e+00   2.7356565e+00   2.9821796e+00   3.1516900e+00   3.0646038e+00   2.5805197e+00   1.5883910e+00   0.0000000e+00   0.0000000e+00   0.0000000e+00   0.0000000e+00   0.0000000e+00   0.0000000e+00   0.0000000e+00   2.1408237e+00   1.1869202e+00   1.6692601e+00   1.9006064e+00   1.8851479e+00   1.8615941e+00   1.7908090e+00   1.9784900e+00   2.2564583e+00   1.9154640e+00   1.5157410e+00   1.3281393e+00   1.3214688e+00   1.3489383e+00   1.3447399e+00   1.3355597e+00
   1.7216390e+00   1.5977268e+00   1.4594334e+00   1.3157233e+00   1.2929515e+00   1.3992397e+00   1.6949391e+00   2.0876193e+00   2.6394360e+00   3.3813295e+00   4.0346808e+00   4.3167653e+00   3.3161195e+00   0.0000000e+00   0.0000000e+00   0.0000000e+00   0.0000000e+00   0.0000000e+00   0.0000000e+00   0.0000000e+00   2.0481365e+00   2.0123219e+00   2.7224421e+00   3.1140180e+00   3.4645147e+00   3.5800090e+00   3.5898407e+00   3.5117114e+00   3.5480675e+00   3.1390548e+00   2.5382912e+00   2.2292750e+00   2.0707443e+00   1.9914591e+00   1.9326472e+00   1.8439729e+00
   2.8987467e+00   2.8809934e+00   2.8258252e+00   2.6882267e+00   2.5106106e+00   2.3248651e+00   2.3506057e+00   2.5754671e+00   2.9746447e+00   3.5592871e+00   4.2006612e+00   4.9353142e+00   5.1155949e+00   4.5325123e+00   4.4800631e+00   0.0000000e+00   0.0000000e+00   0.0000000e+00   0.0000000e+00   0.0000000e+00   0.0000000e+00   2.2667511e+00   2.8910398e+00   3.8398721e+00   4.4842739e+00   4.6466646e+00   4.5872116e+00   4.4814615e+00   4.5125031e+00   3.8189828e+00   3.2955012e+00   3.0771482e+00   2.9799254e+00   2.9477170e+00   2.9609227e+00   2.9439793e+00
   3.6863272e+00   3.7691875e+00   3.8022363e+00   3.8054166e+00   3.7395496e+00   3.6097152e+00   3.4427037e+00   3.3619506e+00   3.3116102e+00   3.3843167e+00   3.6703701e+00   4.3763771e+00   5.5058804e+00   3.7411442e+00   3.1204772e+00   0.0000000e+00   0.0000000e+00   0.0000000e+00   0.0000000e+00   0.0000000e+00   0.0000000e+00   2.5694770e+00   3.1892776e+00   3.9155548e+00   4.6637206e+00   4.9578681e+00   4.8231030e+00   4.5992833e+00   4.3255834e+00   4.0207262e+00   3.5662107e+00   3.3766596e+00   3.3484163e+00   3.3955107e+00   3.5239925e+00   3.6299028e+00
   3.8256772e+00   3.9501078e+00   3.9832494e+00   4.0082974e+00   3.9972460e+00   3.9349346e+00   3.7931395e+00   3.5696683e+00   3.2166948e+00   2.8664212e+00   2.6940608e+00   2.9182334e+00   3.8763923e+00   2.0087146e+00   0.0000000e+00   0.0000000e+00   0.0000000e+00   0.0000000e+00   0.0000000e+00   0.0000000e+00   0.0000000e+00   0.0000000e+00   3.0431521e+00   3.1785192e+00   3.6016734e+00   4.0928831e+00   4.2286696e+00   4.1235383e+00   3.7964036e+00   3.7075558e+00   3.2416945e+00   3.0558777e+00   3.0590010e+00   3.1518972e+00   3.3613715e+00   3.6228275e+00
   3.1804078e+00   3.3236647e+00   3.3466191e+00   3.3296704e+00   3.3052754e+00   3.2626061e+00   3.1934800e+00   2.9468219e+00   2.5608234e+00   2.0376506e+00   1.5531120e+00   1.3817781e+00   2.4013149e+00   1.7317352e+00   0.0000000e+00   0.0000000e+00   0.0000000e+00   0.0000000e+00   0.0000000e+00   0.0000000e+00   0.0000000e+00   0.0000000e+00   2.2201384e+00   1.9574915e+00   1.8161482e+00   2.3305130e+00   2.8348675e+00   2.9481050e+00   2.7362694e+00   2.7714071e+00   2.3750212e+00   2.1107221e+00   2.1743970e+00   2.3325260e+00   2.5905285e+00   2.9088624e+00
   1.6495494e+00   1.7474709e+00   1.7383392e+00   1.6512184e+00   1.6023186e+00   1.5955989e+00   1.5672157e+00   1.3821100e+00   1.0810963e+00   7.2432619e-01   5.4059041e-01   9.6815538e-01   2.1142836e+00   0.0000000e+00   0.0000000e+00   0.0000000e+00   0.0000000e+00   0.0000000e+00   0.0000000e+00   0.0000000e+00   0.0000000e+00   0.0000000e+00   1.1309024e+00   1.4897627e+00   8.4404778e-01   6.4435792e-01   8.5764194e-01   1.1586132e+00   1.1579405e+00   1.3254933e+00   1.4347291e+00   7.4198657e-01   7.1361369e-01   8.2640040e-01   1.1135528e+00   1.4336213e+00
   5.1123542e-01   6.0046993e-01   7.0406127e-01   7.3141927e-01   7.1801034e-01   6.9337612e-01   7.0122153e-01   7.3641953e-01   8.3036655e-01   1.0793749e+00   1.6089972e+00   2.3045893e+00   3.2059359e+00   0.0000000e+00   0.0000000e+00   0.0000000e+00   0.0000000e+00   0.0000000e+00   0.0000000e+00   0.0000000e+00   0.0000000e+00   0.0000000e+00   2.3271564e+00   2.9279049e+00   2.6502068e+00   2.3420486e+00   1.7050036e+00   1.3394018e+00   1.7078471e+00   1.8598322e+00   2.3313289e+00   1.7118178e+00   1.5953714e+00   1.1854880e+00   7.9493859e-01   5.7406902e-01
   1.7627321e+00   1.9300911e+00   2.0953724e+00   2.1863542e+00   2.2006426e+00   2.1858587e+00   2.2105935e+00   2.2788293e+00   2.4046755e+00   2.6246939e+00   2.9526136e+00   3.4337642e+00   4.0132205e+00   0.0000000e+00   0.0000000e+00   0.0000000e+00   0.0000000e+00   0.0000000e+00   0.0000000e+00   0.0000000e+00   0.0000000e+00   0.0000000e+00   4.9030682e+00   4.4069195e+00   3.6656218e+00   3.4561410e+00   3.6310068e+00   3.4001396e+00   3.5372527e+00   3.6426592e+00   3.9715898e+00   3.3341093e+00   3.3588912e+00   2.8882251e+00   2.2197413e+00   1.7751594e+00
   3.1010332e+00   3.3500368e+00   3.4992556e+00   3.5278706e+00   3.4873807e+00   3.4456982e+00   3.4308006e+00   3.4413025e+00   3.4726019e+00   3.5155494e+00   3.5683956e+00   3.6714473e+00   0.0000000e+00   0.0000000e+00   0.0000000e+00   0.0000000e+00   0.0000000e+00   0.0000000e+00   0.0000000e+00   0.0000000e+00   0.0000000e+00   0.0000000e+00   0.0000000e+00   4.5739208e+00   4.4027422e+00   4.1056843e+00   4.1196272e+00   4.0011075e+00   4.3995696e+00   4.9148696e+00   4.9604388e+00   4.1157676e+00   4.3707539e+00   3.7769027e+00   3.0609280e+00   2.9028246e+00
   3.6024346e+00   3.9353530e+00   4.0503011e+00   4.0446019e+00   3.9711666e+00   3.8886590e+00   3.8148303e+00   3.7339020e+00   3.6475406e+00   3.5593979e+00   3.4083500e+00   3.3229758e+00   0.0000000e+00   0.0000000e+00   0.0000000e+00   0.0000000e+00   0.0000000e+00   0.0000000e+00   0.0000000e+00   0.0000000e+00   0.0000000e+00   0.0000000e+00   0.0000000e+00   3.9883486e+00   3.7956581e+00   3.9420571e+00   3.8029974e+00   3.7555466e+00   4.1575494e+00   5.4419295e+00   0.0000000e+00   0.0000000e+00   3.4828767e+00   2.5879705e+00   2.3423090e+00   2.9504213e+00
   2.7652490e+00   3.1864135e+00   3.3443053e+00   3.4062204e+00   3.4147396e+00   3.3568890e+00   3.2545507e+00   3.1330013e+00   3.0244765e+00   2.8208117e+00   2.5926116e+00   2.5495926e+00   0.0000000e+00   0.0000000e+00   0.0000000e+00   0.0000000e+00   0.0000000e+00   0.0000000e+00   0.0000000e+00   0.0000000e+00   0.0000000e+00   0.0000000e+00   0.0000000e+00   1.9539798e+00   2.5144184e+00   2.7584476e+00   2.6561375e+00   2.8736515e+00   2.5936756e+00   0.0000000e+00   0.0000000e+00   0.0000000e+00   0.0000000e+00   9.2388148e-01   9.9659147e-01   1.9337050e+00
   1.8103702e+00   1.8696053e+00   1.9088204e+00   1.9282459e+00   1.9186475e+00   1.8933198e+00   1.8288132e+00   1.8051847e+00   1.7691580e+00   1.6980255e+00   1.5574780e+00   0.0000000e+00   0.0000000e+00   0.0000000e+00   0.0000000e+00   0.0000000e+00   0.0000000e+00   0.0000000e+00   0.0000000e+00   0.0000000e+00   0.0000000e+00   0.0000000e+00   0.0000000e+00   0.0000000e+00   2.0954702e+00   1.4980547e+00   1.4368448e+00   0.0000000e+00   0.0000000e+00   0.0000000e+00   0.0000000e+00   0.0000000e+00   0.0000000e+00   0.0000000e+00   1.9564182e+00   1.6594937e+00
   1.5469527e+00   1.0716498e+00   5.8410209e-01   4.9441186e-01   4.3728864e-01   4.6062034e-01   3.9713740e-01   4.3017241e-01   5.3200829e-01   5.1808053e-01   8.5775480e-01   0.0000000e+00   0.0000000e+00   0.0000000e+00   0.0000000e+00   0.0000000e+00   0.0000000e+00   0.0000000e+00   0.0000000e+00   0.0000000e+00   0.0000000e+00   0.0000000e+00   0.0000000e+00   0.0000000e+00   0.0000000e+00   0.0000000e+00   0.0000000e+00   0.0000000e+00   0.0000000e+00   0.0000000e+00   0.0000000e+00   0.0000000e+00   0.0000000e+00   0.0000000e+00   3.2467038e+00   2.7754650e+00
   1.8787135e+00   1.6131759e+00   1.6154993e+00   1.6982330e+00   1.6578878e+00   1.7432908e+00   1.9116750e+00   2.0525003e+00   2.4286374e+00   3.7906801e+00   0.0000000e+00   0.0000000e+00   0.0000000e+00   0.0000000e+00   0.0000000e+00   0.0000000e+00   0.0000000e+00   0.0000000e+00   0.0000000e+00   0.0000000e+00   0.0000000e+00   0.0000000e+00   0.0000000e+00   0.0000000e+00   0.0000000e+00   0.0000000e+00   0.0000000e+00   0.0000000e+00   0.0000000e+00   0.0000000e+00   0.0000000e+00   0.0000000e+00   0.0000000e+00   0.0000000e+00   0.0000000e+00   3.4095246e+00
