  -7.4954319e-03
  -1.2062156e-02
   0.0000000e+00
   0.0000000e+00
   0.0000000e+00
   0.0000000e+00
   0.0000000e+00
   0.0000000e+00
   0.0000000e+00
   0.0000000e+00
   0.0000000e+00
   0.0000000e+00
   0.0000000e+00
   0.0000000e+00
   0.0000000e+00
   0.0000000e+00
   0.0000000e+00
   0.0000000e+00
   0.0000000e+00
   0.0000000e+00
   2.1216075e-02
   1.1550497e-02
   4.4534072e-03
  -1.5884118e-03
  -6.6762707e-03
  -8.6441820e-03
  -8.7137070e-03
  -7.8495958e-03
  -5.2665977e-03
  -2.4009441e-03
   1.1382383e-03
   4.3245801e-03
   5.9004471e-03
   7.4442359e-03
   5.6828492e-03
   2.3800647e-03
  -4.5512404e-03
   0.0000000e+00
   0.0000000e+00
   0.0000000e+00
   0.0000000e+00
   0.0000000e+00
   0.0000000e+00
   0.0000000e+00
   0.0000000e+00
   0.0000000e+00
   0.0000000e+00
   0.0000000e+00
   0.0000000e+00
   0.0000000e+00
   0.0000000e+00
   0.0000000e+00
   0.0000000e+00
   0.0000000e+00
   1.4646966e-02
   2.1754464e-02
   1.6721351e-02
   8.4755309e-03
  -2.8359913e-03
  -1.0253745e-02
  -1.6390138e-02
  -1.7224021e-02
  -1.7444264e-02
  -1.6457435e-02
  -1.3868597e-02
  -1.0665369e-02
  -5.8929566e-03
  -1.5169033e-03
   1.0467599e-03
   3.4881304e-03
   3.3786306e-03
   2.5360212e-03
   0.0000000e+00
   0.0000000e+00
   0.0000000e+00
   0.0000000e+00
   0.0000000e+00
   0.0000000e+00
   0.0000000e+00
   0.0000000e+00
   0.0000000e+00
   0.0000000e+00
   0.0000000e+00
   0.0000000e+00
   0.0000000e+00
   0.0000000e+00
   0.0000000e+00
  -0.0000000e+00
  -5.4643674e-03
   1.4059216e-06
   6.7027276e-03
   1.6398529e-02
   2.1467719e-02
   8.5847231e-03
  -4.1164194e-03
  -0.0000000e+00
  -0.0000000e+00
  -1.2184970e-02
  -1.5887912e-02
  -1.8564371e-02
  -1.8834898e-02
  -1.6116753e-02
  -1.0219488e-02
  -5.7897824e-03
  -2.1891433e-03
   9.6053065e-04
   1.2267801e-03
  -3.1523303e-03
   0.0000000e+00
   0.0000000e+00
   0.0000000e+00
   0.0000000e+00
   0.0000000e+00
   0.0000000e+00
   0.0000000e+00
   0.0000000e+00
   0.0000000e+00
   0.0000000e+00
   0.0000000e+00
   0.0000000e+00
   0.0000000e+00
   1.3782972e-02
   5.9936963e-03
  -9.8631382e-03
  -1.7274985e-02
  -1.3091810e-02
  -3.7750529e-04
   1.5066244e-02
   2.2190757e-02
   1.3885309e-02
   0.0000000e+00
   0.0000000e+00
   0.0000000e+00
  -0.0000000e+00
  -1.3603439e-02
  -1.8896576e-02
  -2.1418624e-02
  -1.9273020e-02
  -1.3552671e-02
  -8.9331567e-03
  -5.0753900e-03
  -2.3935600e-03
  -1.8682724e-03
  -2.6671760e-03
   0.0000000e+00
   0.0000000e+00
   0.0000000e+00
   0.0000000e+00
   0.0000000e+00
   0.0000000e+00
   0.0000000e+00
   0.0000000e+00
   0.0000000e+00
   0.0000000e+00
   0.0000000e+00
   0.0000000e+00
   0.0000000e+00
   1.0490220e-02
  -6.8096546e-03
  -2.8545972e-02
  -3.1207440e-02
  -2.1535767e-02
  -6.5500196e-03
   9.4736433e-03
   1.6128391e-02
   1.4724128e-02
  -9.8548092e-04
   0.0000000e+00
   0.0000000e+00
  -0.0000000e+00
  -1.5784023e-02
  -2.0027749e-02
  -2.1970691e-02
  -1.8843506e-02
  -1.3139371e-02
  -9.2180520e-03
  -6.5103630e-03
  -4.9704323e-03
  -4.5270044e-03
  -8.8580656e-04
   0.0000000e+00
   0.0000000e+00
  -0.0000000e+00
   0.0000000e+00
   0.0000000e+00
   0.0000000e+00
   0.0000000e+00
   0.0000000e+00
   0.0000000e+00
   0.0000000e+00
   0.0000000e+00
   0.0000000e+00
  -0.0000000e+00
  -3.8484256e-03
  -2.3384926e-02
  -3.5212485e-02
  -2.8110303e-02
  -1.5271259e-02
  -4.5410998e-03
   5.9975533e-03
   1.1167248e-02
   1.1235657e-02
   4.4101921e-03
   0.0000000e+00
  -0.0000000e+00
  -1.0697278e-02
  -1.3194485e-02
  -1.7953205e-02
  -1.8010896e-02
  -1.4438434e-02
  -1.0385215e-02
  -8.2973773e-03
  -6.6806818e-03
  -5.6299557e-03
  -5.2621408e-03
  -1.1554438e-03
   0.0000000e+00
  -5.0847812e-03
  -3.0325862e-03
   0.0000000e+00
   0.0000000e+00
   0.0000000e+00
   0.0000000e+00
   0.0000000e+00
   0.0000000e+00
   0.0000000e+00
   0.0000000e+00
   0.0000000e+00
  -0.0000000e+00
  -1.1266162e-02
  -2.7049173e-02
  -2.4905767e-02
  -1.2084093e-02
  -9.4097515e-04
   8.0716296e-04
   5.3850883e-03
   1.2580556e-02
   1.2158194e-02
   8.0314696e-03
   4.6524088e-03
  -2.1043866e-03
  -4.2925859e-03
  -8.8686608e-03
  -1.2274700e-02
  -1.1176561e-02
  -9.1612507e-03
  -7.2634234e-03
  -6.5428279e-03
  -5.5804984e-03
  -4.8758471e-03
  -4.7253272e-03
  -2.3798898e-04
   5.0907775e-03
   8.7021987e-04
   1.2028505e-02
   3.1771780e-02
   0.0000000e+00
   0.0000000e+00
   0.0000000e+00
   0.0000000e+00
   0.0000000e+00
   0.0000000e+00
   0.0000000e+00
  -0.0000000e+00
  -1.0108766e-02
  -1.3693257e-02
  -1.7191846e-02
  -6.1920690e-03
   8.8202496e-03
   1.7571967e-02
   2.1986660e-03
   6.5067347e-03
   1.4694105e-02
   1.4925797e-02
   1.2638068e-02
   1.0665528e-02
   6.1298991e-03
   1.2250583e-03
  -2.5263864e-03
  -3.5626015e-03
  -2.8323120e-03
  -2.6947346e-03
  -3.0811611e-03
  -3.7377333e-03
  -3.4456267e-03
  -3.0371132e-03
  -2.8763242e-03
   1.7248841e-03
   6.4598685e-03
   6.2507964e-03
   2.0763768e-02
   3.9054277e-02
   0.0000000e+00
   0.0000000e+00
   0.0000000e+00
   0.0000000e+00
   0.0000000e+00
   0.0000000e+00
   0.0000000e+00
  -0.0000000e+00
  -9.8444303e-03
  -7.5238070e-03
  -4.4297706e-03
   7.7305930e-03
   2.4502521e-02
   3.0208139e-02
   0.0000000e+00
   0.0000000e+00
   1.4874292e-02
   1.5620497e-02
   1.5796244e-02
   1.3889612e-02
   9.1487542e-03
   5.6531359e-03
   4.5072283e-03
   4.0187435e-03
   3.8950623e-03
   2.2645383e-03
   6.4668238e-05
  -1.1566598e-03
  -1.0342597e-03
  -8.9537533e-04
  -7.0998177e-04
   3.3657493e-03
   7.3792725e-03
   1.1577675e-02
   2.8011557e-02
   5.0695428e-02
   3.9290825e-02
   0.0000000e+00
   0.0000000e+00
   0.0000000e+00
   0.0000000e+00
   0.0000000e+00
  -0.0000000e+00
  -1.9980998e-02
  -5.3687170e-03
   3.4559815e-04
   7.6657594e-03
   1.9728763e-02
   3.6445614e-02
   0.0000000e+00
   0.0000000e+00
   0.0000000e+00
   0.0000000e+00
   2.0893957e-02
   2.1507027e-02
   1.7577404e-02
   1.3062388e-02
   1.0853929e-02
   1.1430943e-02
   1.0625870e-02
   8.8574467e-03
   5.2858978e-03
   2.4237954e-03
   1.3122240e-03
   1.4036584e-03
   1.2292120e-03
   1.9041646e-03
   5.0349431e-03
   8.7008430e-03
   1.5444789e-02
   3.1624176e-02
   4.6259783e-02
   1.2951634e-02
   0.0000000e+00
   0.0000000e+00
   0.0000000e+00
   0.0000000e+00
   0.0000000e+00
  -0.0000000e+00
  -1.5706956e-02
  -2.7313069e-03
   4.7396668e-03
   1.3024434e-02
   2.5535045e-02
   3.9031897e-02
   0.0000000e+00
   0.0000000e+00
   0.0000000e+00
   2.2364716e-02
   2.6854379e-02
   2.6212862e-02
   2.0899540e-02
   1.5721442e-02
   1.4286730e-02
   1.5395829e-02
   1.3510056e-02
   1.0158029e-02
   6.5393085e-03
   3.7937015e-03
   2.4794687e-03
   2.1432396e-03
   1.9579392e-03
   3.0630298e-03
   5.7382705e-03
   1.0406183e-02
   1.8878277e-02
   3.1788528e-02
   3.4812413e-02
   1.4615304e-02
   1.4281313e-02
   0.0000000e+00
   0.0000000e+00
   0.0000000e+00
   0.0000000e+00
  -0.0000000e+00
  -1.6938442e-02
  -8.0965459e-04
   8.2241595e-03
   1.6908143e-02
   3.0102415e-02
   3.8695959e-02
   0.0000000e+00
   0.0000000e+00
   0.0000000e+00
   2.6439493e-02
   3.1293783e-02
   2.9230563e-02
   2.2692313e-02
   1.8104313e-02
   1.8210869e-02
   1.8086469e-02
   1.4460318e-02
   1.0314861e-02
   7.0816041e-03
   4.1103717e-03
   2.5772175e-03
   1.8696322e-03
   1.8733231e-03
   3.2135490e-03
   5.9057721e-03
   1.2994597e-02
   2.1329194e-02
   2.9283484e-02
   2.6820552e-02
   1.9518733e-02
   2.4256906e-02
   2.2879914e-02
   0.0000000e+00
   0.0000000e+00
   0.0000000e+00
  -3.1595313e-02
  -1.5533742e-02
   3.9463677e-03
   1.1492867e-02
   1.9526377e-02
   3.3319520e-02
   0.0000000e+00
   0.0000000e+00
   0.0000000e+00
   0.0000000e+00
   2.6423195e-02
   3.0288454e-02
   2.6527770e-02
   2.0103564e-02
   1.7769238e-02
   1.8531768e-02
   1.6070593e-02
   1.1365232e-02
   7.5650113e-03
   4.9918001e-03
   2.9584777e-03
   2.0578362e-03
   1.7332535e-03
   2.1545577e-03
   3.7383046e-03
   6.9774464e-03
   1.9167721e-02
   2.5283264e-02
   2.8547354e-02
   2.4707392e-02
   2.1878043e-02
   2.6750010e-02
   2.1058607e-02
   0.0000000e+00
   0.0000000e+00
   0.0000000e+00
  -2.7059970e-02
  -5.2841697e-03
   9.9077411e-03
   1.4276949e-02
   2.4340106e-02
   3.5712030e-02
   0.0000000e+00
   0.0000000e+00
   0.0000000e+00
   0.0000000e+00
   2.2246072e-02
   2.4134617e-02
   1.9395286e-02
   1.4294425e-02
   1.3326582e-02
   1.3374007e-02
   8.7011280e-03
   4.7134412e-03
   2.9211896e-03
   2.0232138e-03
   2.0000527e-03
   2.6907115e-03
   3.8050616e-03
   5.7049179e-03
   8.6737797e-03
   1.3034461e-02
   2.6609695e-02
   2.9457098e-02
   2.8309468e-02
   2.1462006e-02
   1.7653318e-02
   2.2048492e-02
   9.6266711e-03
   0.0000000e+00
   0.0000000e+00
   0.0000000e+00
  -1.4768786e-02
   6.5720468e-03
   1.4908051e-02
   1.7798729e-02
   2.4301743e-02
  -1.9877324e-02
  -1.6976341e-02
  -1.4303088e-02
   0.0000000e+00
   0.0000000e+00
   1.6235305e-02
   1.5287298e-02
   1.0255345e-02
   7.4163456e-03
   9.5283871e-03
   6.2586796e-03
   4.0127488e-04
  -4.8106099e-03
  -3.0908291e-03
  -2.2991735e-03
  -3.6340571e-05
   3.2244576e-03
   7.0450976e-03
   1.1490077e-02
   1.6306156e-02
   2.1490103e-02
   1.9611685e-02
   2.1786463e-02
   2.1827420e-02
   1.3393960e-02
   6.6479184e-03
   1.3706187e-02
   3.6725635e-03
   0.0000000e+00
   0.0000000e+00
   0.0000000e+00
  -5.8977838e-03
   8.8450480e-03
   1.4666170e-02
   1.6757704e-02
   1.3417845e-02
  -1.1869751e-02
  -1.4695920e-02
  -1.3061673e-02
   0.0000000e+00
   1.2810056e-02
   1.0402430e-02
   7.8729158e-03
   3.3514863e-03
   1.9856568e-03
   1.2349292e-02
   5.8300336e-03
   5.2948633e-03
  -1.5150067e-02
  -1.3678744e-02
  -1.2727262e-02
  -1.0098487e-02
  -5.8501293e-03
  -5.2239752e-04
   5.4103211e-03
   1.0810535e-02
   1.5584580e-02
   4.3863771e-03
   7.9154307e-03
   1.2873967e-02
   5.3813090e-03
  -4.1411351e-03
   7.1928385e-03
   4.3101488e-04
   0.0000000e+00
   0.0000000e+00
  -0.0000000e+00
  -6.4699663e-03
   2.9773738e-03
   7.5414409e-03
   8.0342293e-03
   3.0761056e-03
  -7.5359214e-03
  -1.0754148e-02
  -1.4352741e-02
   0.0000000e+00
   7.7942312e-03
   4.4714794e-03
   3.3595033e-03
  -7.1275950e-05
  -2.2458122e-03
   0.0000000e+00
   0.0000000e+00
   1.7402995e-02
  -2.0896125e-02
  -2.0395605e-02
  -2.0154038e-02
  -1.9231381e-02
  -1.7100947e-02
  -1.3535245e-02
  -8.6936932e-03
  -4.0338878e-03
   3.1538564e-04
  -3.0514061e-03
  -1.9648296e-04
   3.6361697e-03
  -1.1422391e-02
  -1.6290584e-02
  -1.1164509e-03
  -4.7485069e-04
   0.0000000e+00
   0.0000000e+00
  -0.0000000e+00
  -9.8426405e-03
  -3.8687014e-03
  -1.0899551e-03
  -1.3959769e-03
  -4.3457560e-03
  -8.5985464e-03
  -1.2014112e-02
  -1.5256718e-02
  -1.0465545e-02
   1.4196579e-03
  -8.2372486e-04
   4.2307768e-04
  -1.8730821e-03
  -4.7794263e-03
   0.0000000e+00
   0.0000000e+00
   0.0000000e+00
  -9.9159924e-03
  -1.0922553e-02
  -1.1431896e-02
  -1.1944564e-02
  -1.1934061e-02
  -1.1084892e-02
  -9.4617166e-03
  -7.5993422e-03
  -5.5098169e-03
  -3.2516728e-03
  -2.7835738e-03
  -1.9325804e-03
   0.0000000e+00
  -3.5861575e-02
  -1.5039520e-02
  -9.3220159e-04
   0.0000000e+00
   0.0000000e+00
  -0.0000000e+00
  -1.2920756e-02
  -8.0926818e-03
  -5.5714262e-03
  -5.5829387e-03
  -7.4108262e-03
  -1.0269085e-02
  -1.2943530e-02
  -1.4001645e-02
  -8.1060547e-03
  -5.0587560e-03
  -6.7304616e-03
  -3.3352455e-03
  -2.4059216e-03
  -3.9294879e-03
  -8.7508119e-03
  -1.3371285e-02
   0.0000000e+00
   1.0988027e-02
   7.9708108e-03
   7.8888731e-03
   7.7939965e-03
   7.3747049e-03
   6.2653778e-03
   3.9455090e-03
   1.0836389e-03
  -1.5710808e-03
  -1.4535507e-02
  -1.5406279e-02
  -1.5873376e-02
  -2.2258001e-02
  -5.3394841e-02
  -2.6368702e-02
  -5.4789533e-03
   0.0000000e+00
   0.0000000e+00
  -0.0000000e+00
  -1.8067064e-02
  -1.4538415e-02
  -1.2234790e-02
  -1.2472178e-02
  -1.4252903e-02
  -1.6799588e-02
  -1.8696267e-02
  -1.8451978e-02
  -1.4838034e-02
  -1.5236134e-02
  -1.5302644e-02
  -1.0036486e-02
  -5.1590730e-03
  -3.0369870e-03
  -6.2361523e-03
  -7.1030599e-03
   1.9460544e-02
   2.0385550e-02
   1.9553022e-02
   1.8912978e-02
   1.7590959e-02
   1.5005475e-02
   1.0307153e-02
   3.2295443e-03
  -4.0739630e-03
  -1.0314895e-02
  -3.1959686e-02
  -3.4467757e-02
  -3.1880755e-02
  -2.3042612e-02
  -7.1220413e-02
  -3.9510209e-02
  -1.7235592e-02
   0.0000000e+00
   0.0000000e+00
  -0.0000000e+00
  -2.3897013e-02
  -2.1139730e-02
  -1.9260421e-02
  -1.9647706e-02
  -2.1135191e-02
  -2.3342008e-02
  -2.4962403e-02
  -2.5499245e-02
  -2.5232337e-02
  -2.7029658e-02
  -2.6866324e-02
  -2.2110870e-02
  -1.4920301e-02
  -7.5634997e-03
  -4.2166212e-03
   5.4783456e-04
   1.5296710e-02
   1.6252307e-02
   1.6197167e-02
   1.4406020e-02
   1.0942247e-02
   6.0616238e-03
  -6.6887739e-04
  -9.2449244e-03
  -1.7907655e-02
  -2.5830919e-02
  -3.7078351e-02
  -4.3162532e-02
  -4.1314993e-02
  -2.3953227e-02
  -0.0000000e+00
  -5.6808315e-02
  -3.5982544e-02
   0.0000000e+00
   0.0000000e+00
  -0.0000000e+00
  -2.8460454e-02
  -2.6043847e-02
  -2.4250088e-02
  -2.4510380e-02
  -2.5193872e-02
  -2.6796404e-02
  -2.8355990e-02
  -2.9798795e-02
  -3.2210995e-02
  -3.6055084e-02
  -3.9191637e-02
  -3.8296595e-02
  -3.2117285e-02
  -2.2830676e-02
  -1.4062173e-02
  -6.5317233e-03
  -3.5039557e-04
   2.8416710e-03
   4.8616100e-03
   4.2827097e-03
   1.8051579e-03
  -1.9560242e-03
  -7.3107434e-03
  -1.4435492e-02
  -2.1884359e-02
  -2.9391181e-02
  -3.2022290e-02
  -4.3306436e-02
  -4.9805708e-02
  -3.3036143e-02
  -0.0000000e+00
  -7.3820405e-02
  -5.6549541e-02
   0.0000000e+00
   0.0000000e+00
  -2.6241105e-02
  -3.0470252e-02
  -2.9060036e-02
  -2.7382949e-02
  -2.7330821e-02
  -2.7291879e-02
  -2.7525794e-02
  -2.8587712e-02
  -2.9833287e-02
  -3.3067808e-02
  -3.8362198e-02
  -4.4056982e-02
  -4.7850326e-02
  -4.5968365e-02
  -3.9712526e-02
  -3.1489309e-02
  -2.5705365e-02
  -2.0641837e-02
  -1.3653321e-02
  -7.5942120e-03
  -4.0609492e-03
  -2.1308479e-03
  -1.6855708e-03
  -3.4377070e-03
  -8.0213239e-03
  -1.4424445e-02
  -2.2086222e-02
  -2.4704527e-02
  -3.9604843e-02
  -5.7750337e-02
  -4.7988007e-02
  -0.0000000e+00
  -7.7480108e-02
  -9.2362692e-02
   0.0000000e+00
   0.0000000e+00
  -2.4559217e-02
  -2.9710522e-02
  -2.9656509e-02
  -2.8819025e-02
  -2.8704491e-02
  -2.8365776e-02
  -2.7334129e-02
  -2.7332189e-02
  -2.7914526e-02
  -3.0438859e-02
  -3.5331976e-02
  -4.1134909e-02
  -4.6543974e-02
  -4.7462400e-02
  -4.4009618e-02
  -3.7706140e-02
  -3.3172380e-02
  -2.9746639e-02
  -2.5122782e-02
  -1.9446129e-02
  -1.4233388e-02
  -9.0135848e-03
  -3.8944539e-03
  -2.3855727e-04
  -5.0257554e-04
  -5.2702310e-03
  -1.3272515e-02
  -1.5400463e-02
  -3.2328539e-02
  -6.1333682e-02
  -6.1620126e-02
  -0.0000000e+00
  -6.1039466e-02
  -9.5805873e-02
   0.0000000e+00
  -0.0000000e+00
  -1.9263066e-02
  -2.4594648e-02
  -2.6262177e-02
  -2.6746023e-02
  -2.7170612e-02
  -2.7348204e-02
  -2.6180685e-02
  -2.5391657e-02
  -2.5096539e-02
  -2.5879445e-02
  -2.9086608e-02
  -3.4026336e-02
  -3.8949184e-02
  -4.0910412e-02
  -3.9184831e-02
  -3.4841903e-02
  -3.1458229e-02
  -2.9274959e-02
  -2.6755191e-02
  -2.3341333e-02
  -2.0239487e-02
  -1.5889324e-02
  -9.8928530e-03
  -2.7550026e-03
   2.0862904e-03
   1.3405775e-03
  -4.4949818e-03
  -7.0994752e-03
  -2.2528365e-02
  -5.3216614e-02
  -6.7807545e-02
  -0.0000000e+00
  -3.6787175e-02
  -6.8796610e-02
   0.0000000e+00
  -0.0000000e+00
  -1.1205818e-02
  -1.6173841e-02
  -1.8686479e-02
  -2.0219071e-02
  -2.1483958e-02
  -2.2525031e-02
  -2.2457164e-02
  -2.1754196e-02
  -2.1291360e-02
  -2.0855941e-02
  -2.1808347e-02
  -2.5137853e-02
  -2.8679498e-02
  -3.0860465e-02
  -3.0524528e-02
  -2.7872544e-02
  -2.5408676e-02
  -2.3426838e-02
  -2.1087186e-02
  -1.8405885e-02
  -1.6736446e-02
  -1.4995305e-02
  -1.2011182e-02
  -6.2244064e-03
   7.6192152e-04
   3.7606424e-03
   1.2850539e-03
  -5.1889068e-04
  -1.2566165e-02
  -3.4765318e-02
  -2.9902679e-02
   4.1599752e-03
  -2.0264674e-02
  -4.7005534e-02
   0.0000000e+00
  -9.1789592e-03
  -5.0692772e-03
  -6.5396102e-03
  -8.7140454e-03
  -1.0406643e-02
  -1.2346078e-02
  -1.4177569e-02
  -1.5285889e-02
  -1.5546673e-02
  -1.5743857e-02
  -1.5502697e-02
  -1.5460567e-02
  -1.7446892e-02
  -2.0023294e-02
  -2.1810737e-02
  -2.1971686e-02
  -2.0429252e-02
  -1.8306224e-02
  -1.6391195e-02
  -1.3935482e-02
  -1.1539066e-02
  -1.0062020e-02
  -9.3704434e-03
  -8.4661758e-03
  -5.3085033e-03
   8.8447647e-04
   5.2597122e-03
   5.2297940e-03
   7.9381540e-03
  -5.5155338e-04
  -1.3621630e-02
  -1.4121134e-02
   1.5582955e-04
  -9.4928043e-03
  -2.4396300e-02
  -2.3941195e-02
  -1.5844766e-02
   1.5320941e-03
   1.0138302e-02
   1.0605146e-02
   9.1823461e-03
   6.5373834e-03
   3.1110847e-03
   3.1416793e-04
  -1.8230493e-03
  -3.7323851e-03
  -5.0967112e-03
  -5.9645791e-03
  -7.6232888e-03
  -9.7152721e-03
  -1.1107820e-02
  -1.1308246e-02
  -1.0278856e-02
  -8.4726913e-03
  -6.6224602e-03
  -4.4397288e-03
  -2.7267672e-03
  -1.6092495e-03
  -9.5883803e-04
  -7.0138846e-04
   6.1276276e-04
   4.8524048e-03
   9.4261970e-03
   1.1144107e-02
   1.6493289e-02
   1.0716567e-02
   1.8951012e-03
  -3.8110197e-03
   3.2194663e-03
  -2.7040924e-03
  -8.6556802e-03
  -1.2630709e-02
  -1.9267725e-02
   6.0171052e-03
   2.5010749e-02
   2.9686730e-02
   2.9100787e-02
   2.6158531e-02
   2.1710986e-02
   1.7507683e-02
   1.3678807e-02
   1.0134001e-02
   7.2524096e-03
   4.6954187e-03
   1.9199854e-03
  -5.1246601e-04
  -1.7582471e-03
  -1.6184967e-03
  -4.7687761e-04
   1.5058158e-03
   3.3923460e-03
   5.1572886e-03
   5.9471114e-03
   6.0342546e-03
   6.0118707e-03
   6.4594216e-03
   7.5886599e-03
   1.0840247e-02
   1.5269588e-02
   1.7763318e-02
   2.6671601e-02
   2.4307610e-02
   2.0187475e-02
   1.4083558e-02
   1.5723310e-02
   1.3916371e-02
   0.0000000e+00
   5.1892086e-03
  -2.7301073e-02
  -9.8341759e-03
   1.6274342e-02
   2.9787181e-02
   3.6277182e-02
   3.7282005e-02
   3.5941780e-02
   3.3733387e-02
   3.0832140e-02
   2.7108248e-02
   2.3630857e-02
   2.0339308e-02
   1.6321810e-02
   1.2373848e-02
   1.0739565e-02
   1.1188163e-02
   1.2459033e-02
   1.4892106e-02
   1.7355064e-02
   1.8611196e-02
   1.8482069e-02
   1.6791377e-02
   1.4855196e-02
   1.4542774e-02
   1.6289048e-02
   1.9300047e-02
   2.3558609e-02
   2.6703425e-02
   2.9823825e-02
   2.8399000e-02
   2.6342241e-02
   2.4192113e-02
   2.3598366e-02
   2.6000619e-02
   0.0000000e+00
   6.9580728e-03
  -5.6967344e-03
  -1.3381606e-02
   1.9162884e-03
   1.5932485e-02
   2.7392050e-02
   3.4453232e-02
   3.8691867e-02
   4.1359957e-02
   4.2497647e-02
   4.1312099e-02
   3.7916046e-02
   3.3661228e-02
   2.8654162e-02
   2.3117872e-02
   2.0059640e-02
   1.9738797e-02
   2.0917552e-02
   2.2992865e-02
   2.5759865e-02
   2.7173894e-02
   2.6470336e-02
   2.3687124e-02
   2.0042766e-02
   1.8256681e-02
   1.9465741e-02
   2.2477310e-02
   2.6405997e-02
   2.9537607e-02
   1.8599575e-02
   1.6503535e-02
   1.4279922e-02
   1.2702788e-02
   1.3843169e-02
   1.6745461e-02
   1.1734779e-02
   7.5197015e-03
   8.8651859e-03
   6.2782845e-03
   1.0751204e-02
   1.8133735e-02
   2.5992219e-02
   3.2841668e-02
   3.8584615e-02
   4.2421265e-02
   4.4610310e-02
   4.4668315e-02
   4.2258358e-02
   3.8089052e-02
   3.2518245e-02
   2.5965853e-02
   2.1778803e-02
   2.0331496e-02
   2.0761901e-02
   2.2193009e-02
   2.4213518e-02
   2.5415222e-02
   2.4065573e-02
   2.0049842e-02
   1.5792223e-02
   1.3159997e-02
   1.2486251e-02
   1.4001144e-02
   1.6841488e-02
   1.8944380e-02
   6.5678294e-04
  -1.8876407e-03
  -3.8850463e-03
  -5.9122522e-03
  -6.0190781e-03
  -2.6616696e-03
   4.9566792e-04
   2.5168207e-03
   4.8590931e-03
   6.1327275e-03
   6.7243943e-03
   9.2527336e-03
   1.3677947e-02
   1.9092460e-02
   2.4618950e-02
   2.9280894e-02
   3.2671018e-02
   3.4449812e-02
   3.3731654e-02
   3.1302052e-02
   2.7138481e-02
   2.1149214e-02
   1.6933787e-02
   1.4867850e-02
   1.4070779e-02
   1.4463277e-02
   1.5610945e-02
   1.5325327e-02
   1.2769507e-02
   7.9587931e-03
   3.7784507e-03
   1.3801612e-03
  -7.1586430e-04
  -1.4007310e-03
   1.9986737e-05
   1.4891315e-03
  -8.2479371e-03
  -9.5351851e-03
  -1.0607351e-02
  -1.1203318e-02
  -1.0188095e-02
  -7.8562004e-03
  -5.6770258e-03
  -4.6725161e-03
  -4.1914000e-03
  -3.9887028e-03
  -5.1179249e-03
  -5.5828830e-03
  -3.5697613e-03
   6.9727580e-04
   5.8318446e-03
   1.1606080e-02
   1.5798083e-02
   1.8929359e-02
   1.9552888e-02
   1.8894171e-02
   1.6534891e-02
   1.2469533e-02
   9.3926378e-03
   7.7192578e-03
   7.0648044e-03
   6.1671371e-03
   6.4760479e-03
   5.1447051e-03
   1.3547211e-03
  -1.7147349e-03
  -4.9142591e-03
  -7.1861334e-03
  -8.9362096e-03
  -9.4629275e-03
  -9.3075009e-03
  -8.4076626e-03
  -1.1168756e-02
  -1.1757725e-02
  -1.2751833e-02
  -1.3732185e-02
  -1.3967874e-02
  -1.3461592e-02
  -1.2374497e-02
  -1.0987153e-02
  -1.0362473e-02
  -1.0436346e-02
  -1.1544155e-02
  -1.2227903e-02
  -1.1713712e-02
  -9.5758874e-03
  -6.2955483e-03
  -1.0966143e-03
   3.5648523e-03
   7.3323841e-03
   1.0137583e-02
   1.1474672e-02
   1.1458891e-02
   1.0557761e-02
   8.4927025e-03
   7.0537752e-03
   6.7559583e-03
   5.6000117e-03
   4.7761058e-03
   2.8105115e-03
  -6.9282458e-04
  -3.3442487e-03
  -6.2240884e-03
  -8.6168348e-03
  -1.0411385e-02
  -1.1422118e-02
  -1.1791544e-02
  -1.1498451e-02
  -9.8255475e-03
  -1.0376119e-02
  -1.0922340e-02
  -1.1283721e-02
  -1.1342418e-02
  -1.0954586e-02
  -1.0137978e-02
  -9.1876509e-03
  -8.6486811e-03
  -8.4923155e-03
  -8.3537004e-03
  -7.7070034e-03
  -6.5379520e-03
  -4.4463194e-03
  -1.5855207e-03
   1.8052517e-03
   4.9291755e-03
   7.9677722e-03
   1.0993152e-02
   1.2753303e-02
   1.3805000e-02
   1.4314651e-02
   1.4362043e-02
   1.4030888e-02
   1.3354791e-02
   1.2018300e-02
   9.9614602e-03
   7.6755630e-03
   5.2845085e-03
   2.7763583e-03
   2.5991305e-04
  -2.2563237e-03
  -4.7704959e-03
  -6.8945808e-03
  -8.3590019e-03
  -9.2460100e-03
