-START-OF-DATA-
0 0.000278
10 0.000278
20 0.000278
30 0.000278
40 0.000278
50 0.000278
60 0.000278
70 0.000278
80 0.000278
90 0.000278
100 0.000278
110 0.000278
120 0.000278
130 0.000278
140 0.000278
150 0.000278
160 0.000278
170 0.000278
180 0.000278
190 0.000278
200 0.000278
210 0.000278
220 0.000278
230 0.000278
240 0.000278
250 0.000278
260 0.000278
270 0.000278
280 0.000278
290 0.000278
300 0.000278
310 0.000278
320 0.000278
330 0.000278
340 0.000278
350 0.000278
360 0.000278
370 0.000278
380 0.000278
390 0.000278
400 0.000278
410 0.000278
420 0.000278
430 0.000278
440 0.000278
450 0.000278
460 0.000278
470 0.000278
480 0.000278
490 0.000278
500 0.000278
510 0.000278
520 0.000278
530 0.000278
540 0.000278
550 0.000278
560 0.000278
570 0.000278
580 0.000278
590 0.000278
600 0.000278
610 0.000278
620 0.000278
630 0.000278
640 0.000278
650 0.000278
660 0.000278
670 0.000278
680 0.000278
690 0.000278
700 0.000278
710 0.000278
720 0.000278
730 0.000278
740 0.000278
750 0.000278
760 0.000278
770 0.000278
780 0.000278
790 0.000278
800 0.000278
810 0.000278
820 0.000278
830 0.000278
840 0.000278
850 0.000278
860 0.000278
870 0.000278
880 0.000278
890 0.000278
900 0.000278
910 0.000278
920 0.000278
930 0.000278
940 0.000278
950 0.000278
960 0.000278
970 0.000278
980 0.000278
990 0.000278
1000 0.000278
1010 0.000278
1020 0.000278
1030 0.000278
1040 0.000278
1050 0.000278
1060 0.000278
1070 0.000278
1080 0.000278
1090 0.000278
1100 0.000278
1110 0.000278
1120 0.000278
1130 0.000278
1140 0.000278
1150 0.000278
1160 0.000278
1170 0.000278
1180 0.000278
1190 0.000278
1200 0.000278
1210 0.000278
1220 0.000278
1230 0.000278
1240 0.000278
1250 0.000278
1260 0.000278
1270 0.000278
1280 0.000278
1290 0.000278
1300 0.000278
1310 0.000278
1320 0.000278
1330 0.000278
1340 0.000278
1350 0.000278
1360 0.000278
1370 0.000278
1380 0.000278
1390 0.000278
1400 0.000278
1410 0.000278
1420 0.000278
1430 0.000278
1440 0.000278
1450 0.000278
1460 0.000278
1470 0.000278
1480 0.000278
1490 0.000278
1500 0.000278
1510 0.000278
1520 0.000278
1530 0.000278
1540 0.000278
1550 0.000278
1560 0.000278
1570 0.000278
1580 0.000278
1590 0.000278
1600 0.000278
1610 0.000278
1620 0.000278
1630 0.000278
1640 0.000278
1650 0.000278
1660 0.000278
1670 0.000278
1680 0.000278
1690 0.000278
1700 0.000278
1710 0.000278
1720 0.000278
1730 0.000278
1740 0.000278
1750 0.000278
1760 0.000278
1770 0.000278
1780 0.000278
1790 0.000278
1800 0.000278
1810 0.000278
1820 0.000278
1830 0.000278
1840 0.000278
1850 0.000278
1860 0.000278
1870 0.000278
1880 0.000278
1890 0.000278
1900 0.000278
1910 0.000278
1920 0.000278
1930 0.000278
1940 0.000278
1950 0.000278
1960 0.000278
1970 0.000278
1980 0.000278
1990 0.000278
2000 0.000278
2010 0.000278923488372093
2020 0.000279846976744186
2030 0.000280770465116279
2040 0.000281693953488372
2050 0.000282617441860465
2060 0.000283540930232558
2070 0.000284464418604651
2080 0.000285387906976744
2090 0.000286311395348837
2100 0.00028723488372093
2110 0.000288158372093023
2120 0.000289081860465116
2130 0.000290005348837209
2140 0.000290928837209302
2150 0.000291852325581395
2160 0.000292775813953488
2170 0.000293699302325581
2180 0.000294622790697674
2190 0.000295546279069767
2200 0.00029646976744186
2210 0.000297393255813953
2220 0.000298316744186047
2230 0.00029924023255814
2240 0.000300163720930233
2250 0.000301087209302326
2260 0.000302010697674419
2270 0.000302934186046512
2280 0.000303857674418605
2290 0.000304781162790698
2300 0.000305704651162791
2310 0.000306628139534884
2320 0.000307551627906977
2330 0.00030847511627907
2340 0.000309398604651163
2350 0.000310322093023256
2360 0.000311245581395349
2370 0.000312169069767442
2380 0.000313092558139535
2390 0.000314016046511628
2400 0.000314939534883721
2410 0.000315863023255814
2420 0.000316786511627907
2430 0.00031771
2440 0.000318633488372093
2450 0.000319556976744186
2460 0.000320480465116279
2470 0.000321403953488372
2480 0.000322327441860465
2490 0.000323250930232558
2500 0.000324174418604651
2510 0.000325097906976744
2520 0.000326021395348837
2530 0.00032694488372093
2540 0.000327868372093023
2550 0.000328791860465116
2560 0.000329715348837209
2570 0.000330638837209302
2580 0.000331562325581395
2590 0.000332485813953488
2600 0.000333409302325581
2610 0.000334332790697674
2620 0.000335256279069767
2630 0.00033617976744186
2640 0.000337103255813953
2650 0.000338026744186047
2660 0.00033895023255814
2670 0.000339873720930233
2680 0.000340797209302326
2690 0.000341720697674419
2700 0.000342644186046512
2710 0.000343567674418605
2720 0.000344491162790698
2730 0.000345414651162791
2740 0.000346338139534884
2750 0.000347261627906977
2760 0.00034818511627907
2770 0.000349108604651163
2780 0.000350032093023256
2790 0.000350955581395349
2800 0.000351879069767442
2810 0.000352802558139535
2820 0.000353726046511628
2830 0.000354649534883721
2840 0.000355573023255814
2850 0.000356496511627907
2860 0.00035742
2870 0.000358343488372093
2880 0.000359266976744186
2890 0.000360190465116279
2900 0.000361113953488372
2910 0.000362037441860465
2920 0.000362960930232558
2930 0.000363884418604651
2940 0.000364807906976744
2950 0.000365731395348837
2960 0.00036665488372093
2970 0.000367578372093023
2980 0.000368501860465116
2990 0.000369425348837209
3000 0.000370348837209302
3010 0.000371272325581395
3020 0.000372195813953488
3030 0.000373119302325581
3040 0.000374042790697674
3050 0.000374966279069767
3060 0.00037588976744186
3070 0.000376813255813954
3080 0.000377736744186046
3090 0.00037866023255814
3100 0.000379583720930233
3110 0.000380507209302326
3120 0.000381430697674419
3130 0.000382354186046512
3140 0.000383277674418605
3150 0.000384201162790698
3160 0.000385124651162791
3170 0.000386048139534884
3180 0.000386971627906977
3190 0.00038789511627907
3200 0.000388818604651163
3210 0.000389742093023256
3220 0.000390665581395349
3230 0.000391589069767442
3240 0.000392512558139535
3250 0.000393436046511628
3260 0.000394359534883721
3270 0.000395283023255814
3280 0.000396206511627907
3290 0.00039713
3300 0.000398053488372093
3310 0.000398976976744186
3320 0.000399900465116279
3330 0.000400823953488372
3340 0.000401747441860465
3350 0.000402670930232558
3360 0.000403594418604651
3370 0.000404517906976744
3380 0.000405441395348837
3390 0.00040636488372093
3400 0.000407288372093023
3410 0.000408211860465116
3420 0.000409135348837209
3430 0.000410058837209302
3440 0.000410982325581395
3450 0.000411905813953488
3460 0.000412829302325581
3470 0.000413752790697674
3480 0.000414676279069767
3490 0.00041559976744186
3500 0.000416523255813953
3510 0.000417446744186046
3520 0.00041837023255814
3530 0.000419293720930233
3540 0.000420217209302326
3550 0.000421140697674419
3560 0.000422064186046512
3570 0.000422987674418605
3580 0.000423911162790698
3590 0.000424834651162791
3600 0.000425758139534884
3610 0.000426681627906977
3620 0.00042760511627907
3630 0.000428528604651163
3640 0.000429452093023256
3650 0.000430375581395349
3660 0.000431299069767442
3670 0.000432222558139535
3680 0.000433146046511628
3690 0.000434069534883721
3700 0.000434993023255814
3710 0.000435916511627907
3720 0.00043684
3730 0.000437763488372093
3740 0.000438686976744186
3750 0.000439610465116279
3760 0.000440533953488372
3770 0.000441457441860465
3780 0.000442380930232558
3790 0.000443304418604651
3800 0.000444227906976744
3810 0.000445151395348837
3820 0.00044607488372093
3830 0.000446998372093023
3840 0.000447921860465116
3850 0.000448845348837209
3860 0.000449768837209302
3870 0.000450692325581395
3880 0.000451615813953488
3890 0.000452539302325581
3900 0.000453462790697674
3910 0.000454386279069767
3920 0.00045530976744186
3930 0.000456233255813953
3940 0.000457156744186047
3950 0.00045808023255814
3960 0.000459003720930233
3970 0.000459927209302326
3980 0.000460850697674419
3990 0.000461774186046512
4000 0.000462697674418605
4010 0.000463621162790698
4020 0.000464544651162791
4030 0.000465468139534884
4040 0.000466391627906977
4050 0.00046731511627907
4060 0.000468238604651163
4070 0.000469162093023256
4080 0.000470085581395349
4090 0.000471009069767442
4100 0.000471932558139535
4110 0.000472856046511628
4120 0.000473779534883721
4130 0.000474703023255814
4140 0.000475626511627907
4150 0.00047655
4160 0.000477473488372093
4170 0.000478396976744186
4180 0.000479320465116279
4190 0.000480243953488372
4200 0.000481167441860465
4210 0.000482090930232558
4220 0.000483014418604651
4230 0.000483937906976744
4240 0.000484861395348837
4250 0.00048578488372093
4260 0.000486708372093023
4270 0.000487631860465116
4280 0.000488555348837209
4290 0.000489478837209302
4300 0.000490402325581395
4310 0.000491325813953488
4320 0.000492249302325581
4330 0.000493172790697674
4340 0.000494096279069767
4350 0.00049501976744186
4360 0.000495943255813954
4370 0.000496866744186047
4380 0.00049779023255814
4390 0.000498713720930233
4400 0.000499637209302326
4410 0.000500560697674419
4420 0.000501484186046512
4430 0.000502407674418605
4440 0.000503331162790698
4450 0.000504254651162791
4460 0.000505178139534884
4470 0.000506101627906977
4480 0.00050702511627907
4490 0.000507948604651163
4500 0.000508872093023256
4510 0.000509795581395349
4520 0.000510719069767442
4530 0.000511642558139535
4540 0.000512566046511628
4550 0.000513489534883721
4560 0.000514413023255814
4570 0.000515336511627907
4580 0.00051626
4590 0.000517183488372093
4600 0.000518106976744186
4610 0.000519030465116279
4620 0.000519953953488372
4630 0.000520877441860465
4640 0.000521800930232558
4650 0.000522724418604651
4660 0.000523647906976744
4670 0.000524571395348837
4680 0.00052549488372093
4690 0.000526418372093023
4700 0.000527341860465116
4710 0.000528265348837209
4720 0.000529188837209302
4730 0.000530112325581395
4740 0.000531035813953488
4750 0.000531959302325581
4760 0.000532882790697674
4770 0.000533806279069767
4780 0.000534729767441861
4790 0.000535653255813953
4800 0.000536576744186047
4810 0.00053750023255814
4820 0.000538423720930233
4830 0.000539347209302326
4840 0.000540270697674419
4850 0.000541194186046512
4860 0.000542117674418605
4870 0.000543041162790698
4880 0.000543964651162791
4890 0.000544888139534884
4900 0.000545811627906977
4910 0.00054673511627907
4920 0.000547658604651163
4930 0.000548582093023256
4940 0.000549505581395349
4950 0.000550429069767442
4960 0.000551352558139535
4970 0.000552276046511628
4980 0.000553199534883721
4990 0.000554123023255814
5000 0.000555046511627907
5010 0.00055597
5020 0.00055597
5030 0.00055597
5040 0.00055597
5050 0.00055597
5060 0.00055597
5070 0.00055597
5080 0.00055597
5090 0.00055597
5100 0.00055597
5110 0.00055597
5120 0.00055597
5130 0.00055597
5140 0.00055597
5150 0.00055597
5160 0.00055597
5170 0.00055597
5180 0.00055597
5190 0.00055597
5200 0.00055597
5210 0.00055597
5220 0.00055597
5230 0.00055597
5240 0.00055597
5250 0.00055597
5260 0.00055597
5270 0.00055597
5280 0.00055597
5290 0.00055597
5300 0.00055597
5310 0.00055597
5320 0.00055597
5330 0.00055597
5340 0.00055597
5350 0.00055597
5360 0.00055597
5370 0.00055597
5380 0.00055597
5390 0.00055597
5400 0.00055597
5410 0.00055597
5420 0.00055597
5430 0.00055597
5440 0.00055597
5450 0.00055597
5460 0.00055597
5470 0.00055597
5480 0.00055597
5490 0.00055597
5500 0.00055597
5510 0.00055597
5520 0.00055597
5530 0.00055597
5540 0.00055597
5550 0.00055597
5560 0.00055597
5570 0.00055597
5580 0.00055597
5590 0.00055597
5600 0.00055597
5610 0.00055597
5620 0.00055597
5630 0.00055597
5640 0.00055597
5650 0.00055597
5660 0.00055597
5670 0.00055597
5680 0.00055597
5690 0.00055597
5700 0.00055597
5710 0.00055597
5720 0.00055597
5730 0.00055597
5740 0.00055597
5750 0.00055597
5760 0.00055597
5770 0.00055597
5780 0.00055597
5790 0.00055597
5800 0.00055597
5810 0.00055597
5820 0.00055597
5830 0.00055597
5840 0.00055597
5850 0.00055597
5860 0.00055597
5870 0.00055597
5880 0.00055597
5890 0.00055597
5900 0.00055597
5910 0.00055597
5920 0.00055597
5930 0.00055597
5940 0.00055597
5950 0.00055597
5960 0.00055597
5970 0.00055597
5980 0.00055597
5990 0.00055597
6000 0.00055597
6010 0.00055597
6020 0.00055597
6030 0.00055597
6040 0.00055597
6050 0.00055597
6060 0.00055597
6070 0.00055597
6080 0.00055597
6090 0.00055597
6100 0.00055597
6110 0.00055597
6120 0.00055597
6130 0.00055597
6140 0.00055597
6150 0.00055597
6160 0.00055597
6170 0.00055597
6180 0.00055597
6190 0.00055597
6200 0.00055597
6210 0.00055597
6220 0.00055597
6230 0.00055597
6240 0.00055597
6250 0.00055597
6260 0.00055597
6270 0.00055597
6280 0.00055597
6290 0.00055597
6300 0.00055597
6310 0.00055597
6320 0.00055597
6330 0.00055597
6340 0.00055597
6350 0.00055597
6360 0.00055597
6370 0.00055597
6380 0.00055597
6390 0.00055597
6400 0.00055597
6410 0.00055597
6420 0.00055597
6430 0.00055597
6440 0.00055597
6450 0.00055597
6460 0.00055597
6470 0.00055597
6480 0.00055597
6490 0.00055597
6500 0.00055597
6510 0.00055597
6520 0.00055597
6530 0.00055597
6540 0.00055597
6550 0.00055597
6560 0.00055597
6570 0.00055597
6580 0.00055597
6590 0.00055597
6600 0.00055597
6610 0.00055597
6620 0.00055597
6630 0.00055597
6640 0.00055597
6650 0.00055597
6660 0.00055597
6670 0.00055597
6680 0.00055597
6690 0.00055597
6700 0.00055597
6710 0.00055597
6720 0.00055597
6730 0.00055597
6740 0.00055597
6750 0.00055597
6760 0.00055597
6770 0.00055597
6780 0.00055597
6790 0.00055597
6800 0.00055597
6810 0.00055597
6820 0.00055597
6830 0.00055597
6840 0.00055597
6850 0.00055597
6860 0.00055597
6870 0.00055597
6880 0.00055597
6890 0.00055597
6900 0.00055597
6910 0.00055597
6920 0.00055597
6930 0.00055597
6940 0.00055597
6950 0.00055597
6960 0.00055597
6970 0.00055597
6980 0.00055597
6990 0.00055597
7000 0.00055597
7010 0.00055597
7020 0.00055597
7030 0.00055597
7040 0.00055597
7050 0.00055597
7060 0.00055597
7070 0.00055597
7080 0.00055597
7090 0.00055597
7100 0.00055597
7110 0.00055597
7120 0.00055597
7130 0.00055597
7140 0.00055597
7150 0.00055597
7160 0.00055597
7170 0.00055597
7180 0.00055597
7190 0.00055597
7200 0.00055597
7210 0.00055597
7220 0.00055597
7230 0.00055597
7240 0.00055597
7250 0.00055597
7260 0.00055597
7270 0.00055597
7280 0.00055597
7290 0.00055597
7300 0.00055597
7310 0.00055597
7320 0.00055597
7330 0.00055597
7340 0.00055597
7350 0.00055597
7360 0.00055597
7370 0.00055597
7380 0.00055597
7390 0.00055597
7400 0.00055597
7410 0.00055597
7420 0.00055597
7430 0.00055597
7440 0.00055597
7450 0.00055597
7460 0.00055597
7470 0.00055597
7480 0.00055597
7490 0.00055597
7500 0.00055597
7510 0.00055597
7520 0.00055597
7530 0.00055597
7540 0.00055597
7550 0.00055597
7560 0.00055597
7570 0.00055597
7580 0.00055597
7590 0.00055597
7600 0.00055597
7610 0.00055597
7620 0.00055597
7630 0.00055597
7640 0.00055597
7650 0.00055597
7660 0.00055597
7670 0.00055597
7680 0.00055597
7690 0.00055597
7700 0.00055597
7710 0.00055597
7720 0.00055597
7730 0.00055597
7740 0.00055597
7750 0.00055597
7760 0.00055597
7770 0.00055597
7780 0.00055597
7790 0.00055597
7800 0.00055597
7810 0.00055597
7820 0.00055597
7830 0.00055597
7840 0.00055597
7850 0.00055597
7860 0.00055597
7870 0.00055597
7880 0.00055597
7890 0.00055597
7900 0.00055597
7910 0.00055597
7920 0.00055597
7930 0.00055597
7940 0.00055597
7950 0.00055597
7960 0.00055597
7970 0.00055597
7980 0.00055597
7990 0.00055597
8000 0.00055597
8010 0.00055597
8020 0.00055597
8030 0.00055597
8040 0.00055597
8050 0.00055597
8060 0.00055597
8070 0.00055597
8080 0.00055597
8090 0.00055597
8100 0.00055597
8110 0.00055597
8120 0.00055597
8130 0.00055597
8140 0.00055597
8150 0.00055597
8160 0.00055597
8170 0.00055597
8180 0.00055597
8190 0.00055597
8200 0.00055597
8210 0.00055597
8220 0.00055597
8230 0.00055597
8240 0.00055597
8250 0.00055597
8260 0.00055597
8270 0.00055597
8280 0.00055597
8290 0.00055597
8300 0.00055597
8310 0.00055597
8320 0.00055597
8330 0.00055597
8340 0.00055597
8350 0.00055597
8360 0.00055597
8370 0.00055597
8380 0.00055597
8390 0.00055597
8400 0.00055597
8410 0.00055597
8420 0.00055597
8430 0.00055597
8440 0.00055597
8450 0.00055597
8460 0.00055597
8470 0.00055597
8480 0.00055597
8490 0.00055597
8500 0.00055597
8510 0.00055597
8520 0.00055597
8530 0.00055597
8540 0.00055597
8550 0.00055597
8560 0.00055597
8570 0.00055597
8580 0.00055597
8590 0.00055597
8600 0.00055597
8610 0.00055597
8620 0.00055597
8630 0.00055597
8640 0.00055597
8650 0.00055597
8660 0.00055597
8670 0.00055597
8680 0.00055597
8690 0.00055597
8700 0.00055597
8710 0.00055597
8720 0.00055597
8730 0.00055597
8740 0.00055597
8750 0.00055597
8760 0.00055597
8770 0.00055597
8780 0.00055597
8790 0.00055597
8800 0.00055597
8810 0.00055597
8820 0.00055597
8830 0.00055597
8840 0.00055597
8850 0.00055597
8860 0.00055597
8870 0.00055597
8880 0.00055597
8890 0.00055597
8900 0.00055597
8910 0.00055597
8920 0.00055597
8930 0.00055597
8940 0.00055597
8950 0.00055597
8960 0.00055597
8970 0.00055597
8980 0.00055597
8990 0.00055597
9000 0.00055597
9010 0.00055597
9020 0.00055597
9030 0.00055597
9040 0.00055597
9050 0.00055597
9060 0.00055597
9070 0.00055597
9080 0.00055597
9090 0.00055597
9100 0.00055597
9110 0.00055597
9120 0.00055597
9130 0.00055597
9140 0.00055597
9150 0.00055597
9160 0.00055597
9170 0.00055597
9180 0.00055597
9190 0.00055597
9200 0.00055597
9210 0.00055597
9220 0.00055597
9230 0.00055597
9240 0.00055597
9250 0.00055597
9260 0.00055597
9270 0.00055597
9280 0.00055597
9290 0.00055597
9300 0.00055597
9310 0.00055597
9320 0.00055597
9330 0.00055597
9340 0.00055597
9350 0.00055597
9360 0.00055597
9370 0.00055597
9380 0.00055597
9390 0.00055597
9400 0.00055597
9410 0.00055597
9420 0.00055597
9430 0.00055597
9440 0.00055597
9450 0.00055597
9460 0.00055597
9470 0.00055597
9480 0.00055597
9490 0.00055597
9500 0.00055597
9510 0.00055597
9520 0.00055597
9530 0.00055597
9540 0.00055597
9550 0.00055597
9560 0.00055597
9570 0.00055597
9580 0.00055597
9590 0.00055597
9600 0.00055597
9610 0.00055597
9620 0.00055597
9630 0.00055597
9640 0.00055597
9650 0.00055597
9660 0.00055597
9670 0.00055597
9680 0.00055597
9690 0.00055597
9700 0.00055597
9710 0.00055597
9720 0.00055597
9730 0.00055597
9740 0.00055597
9750 0.00055597
9760 0.00055597
9770 0.00055597
9780 0.00055597
9790 0.00055597
9800 0.00055597
9810 0.00055597
9820 0.00055597
9830 0.00055597
9840 0.00055597
9850 0.00055597
9860 0.00055597
9870 0.00055597
9880 0.00055597
9890 0.00055597
9900 0.00055597
9910 0.00055597
9920 0.00055597
9930 0.00055597
9940 0.00055597
9950 0.00055597
9960 0.00055597
9970 0.00055597
9980 0.00055597
9990 0.00055597
10000 0.00055597
10010 0.00055597
10020 0.00055597
10030 0.00055597
10040 0.00055597
10050 0.00055597
10060 0.00055597
10070 0.00055597
10080 0.00055597
10090 0.00055597
10100 0.00055597
10110 0.00055597
10120 0.00055597
10130 0.00055597
10140 0.00055597
10150 0.00055597
10160 0.00055597
10170 0.00055597
10180 0.00055597
10190 0.00055597
10200 0.00055597
10210 0.00055597
10220 0.00055597
10230 0.00055597
10240 0.00055597
10250 0.00055597
10260 0.00055597
10270 0.00055597
10280 0.00055597
10290 0.00055597
10300 0.00055597
10310 0.00055597
10320 0.00055597
10330 0.00055597
10340 0.00055597
10350 0.00055597
10360 0.00055597
10370 0.00055597
10380 0.00055597
10390 0.00055597
10400 0.00055597
10410 0.00055597
10420 0.00055597
10430 0.00055597
10440 0.00055597
10450 0.00055597
10460 0.00055597
10470 0.00055597
10480 0.00055597
10490 0.00055597
10500 0.00055597
10510 0.00055597
10520 0.00055597
10530 0.00055597
10540 0.00055597
10550 0.00055597
10560 0.00055597
10570 0.00055597
10580 0.00055597
10590 0.00055597
10600 0.00055597
10610 0.00055597
10620 0.00055597
10630 0.00055597
10640 0.00055597
10650 0.00055597
10660 0.00055597
10670 0.00055597
10680 0.00055597
10690 0.00055597
10700 0.00055597
10710 0.00055597
10720 0.00055597
10730 0.00055597
10740 0.00055597
10750 0.00055597
10760 0.00055597
10770 0.00055597
10780 0.00055597
10790 0.00055597
10800 0.00055597
10810 0.00055597
10820 0.00055597
10830 0.00055597
10840 0.00055597
10850 0.00055597
10860 0.00055597
10870 0.00055597
10880 0.00055597
10890 0.00055597
10900 0.00055597
10910 0.00055597
10920 0.00055597
10930 0.00055597
10940 0.00055597
10950 0.00055597
10960 0.00055597
10970 0.00055597
10980 0.00055597
10990 0.00055597
11000 0.00055597
11010 0.00055597
11020 0.00055597
11030 0.00055597
11040 0.00055597
11050 0.00055597
11060 0.00055597
11070 0.00055597
11080 0.00055597
11090 0.00055597
11100 0.00055597
11110 0.00055597
11120 0.00055597
11130 0.00055597
11140 0.00055597
11150 0.00055597
11160 0.00055597
11170 0.00055597
11180 0.00055597
11190 0.00055597
11200 0.00055597
11210 0.00055597
11220 0.00055597
11230 0.00055597
11240 0.00055597
11250 0.00055597
11260 0.00055597
11270 0.00055597
11280 0.00055597
11290 0.00055597
11300 0.00055597
11310 0.00055597
11320 0.00055597
11330 0.00055597
11340 0.00055597
11350 0.00055597
11360 0.00055597
11370 0.00055597
11380 0.00055597
11390 0.00055597
11400 0.00055597
11410 0.00055597
11420 0.00055597
11430 0.00055597
11440 0.00055597
11450 0.00055597
11460 0.00055597
11470 0.00055597
11480 0.00055597
11490 0.00055597
11500 0.00055597
11510 0.00055597
11520 0.00055597
11530 0.00055597
11540 0.00055597
11550 0.00055597
11560 0.00055597
11570 0.00055597
11580 0.00055597
11590 0.00055597
11600 0.00055597
11610 0.00055597
11620 0.00055597
11630 0.00055597
11640 0.00055597
11650 0.00055597
11660 0.00055597
11670 0.00055597
11680 0.00055597
11690 0.00055597
11700 0.00055597
11710 0.00055597
11720 0.00055597
11730 0.00055597
11740 0.00055597
11750 0.00055597
11760 0.00055597
11770 0.00055597
11780 0.00055597
11790 0.00055597
11800 0.00055597
11810 0.00055597
11820 0.00055597
11830 0.00055597
11840 0.00055597
11850 0.00055597
11860 0.00055597
11870 0.00055597
11880 0.00055597
11890 0.00055597
11900 0.00055597
11910 0.00055597
11920 0.00055597
11930 0.00055597
11940 0.00055597
11950 0.00055597
11960 0.00055597
11970 0.00055597
11980 0.00055597
11990 0.00055597
12000 0.00055597
12010 0.00055597
12020 0.00055597
12030 0.00055597
12040 0.00055597
12050 0.00055597
12060 0.00055597
12070 0.00055597
12080 0.00055597
12090 0.00055597
12100 0.00055597
12110 0.00055597
12120 0.00055597
12130 0.00055597
12140 0.00055597
12150 0.00055597
12160 0.00055597
12170 0.00055597
12180 0.00055597
12190 0.00055597
12200 0.00055597
12210 0.00055597
12220 0.00055597
12230 0.00055597
12240 0.00055597
12250 0.00055597
12260 0.00055597
12270 0.00055597
12280 0.00055597
12290 0.00055597
12300 0.00055597
12310 0.00055597
12320 0.00055597
12330 0.00055597
12340 0.00055597
12350 0.00055597
12360 0.00055597
12370 0.00055597
12380 0.00055597
12390 0.00055597
12400 0.00055597
12410 0.00055597
12420 0.00055597
12430 0.00055597
12440 0.00055597
12450 0.00055597
12460 0.00055597
12470 0.00055597
12480 0.00055597
12490 0.00055597
12500 0.00055597
12510 0.00055597
12520 0.00055597
12530 0.00055597
12540 0.00055597
12550 0.00055597
12560 0.00055597
12570 0.00055597
12580 0.00055597
12590 0.00055597
12600 0.00055597
12610 0.00055597
12620 0.00055597
12630 0.00055597
12640 0.00055597
12650 0.00055597
12660 0.00055597
12670 0.00055597
12680 0.00055597
12690 0.00055597
12700 0.00055597
12710 0.00055597
12720 0.00055597
12730 0.00055597
12740 0.00055597
12750 0.00055597
12760 0.00055597
12770 0.00055597
12780 0.00055597
12790 0.00055597
12800 0.00055597
12810 0.00055597
12820 0.00055597
12830 0.00055597
12840 0.00055597
12850 0.00055597
12860 0.00055597
12870 0.00055597
12880 0.00055597
12890 0.00055597
12900 0.00055597
12910 0.00055597
12920 0.00055597
12930 0.00055597
12940 0.00055597
12950 0.00055597
12960 0.00055597
12970 0.00055597
12980 0.00055597
12990 0.00055597
13000 0.00055597
13010 0.00055597
13020 0.00055597
13030 0.00055597
13040 0.00055597
13050 0.00055597
13060 0.00055597
13070 0.00055597
13080 0.00055597
13090 0.00055597
13100 0.00055597
13110 0.00055597
13120 0.00055597
13130 0.00055597
13140 0.00055597
13150 0.00055597
13160 0.00055597
13170 0.00055597
13180 0.00055597
13190 0.00055597
13200 0.00055597
13210 0.00055597
13220 0.00055597
13230 0.00055597
13240 0.00055597
13250 0.00055597
13260 0.00055597
13270 0.00055597
13280 0.00055597
13290 0.00055597
13300 0.00055597
13310 0.00055597
13320 0.00055597
13330 0.00055597
13340 0.00055597
13350 0.00055597
13360 0.00055597
13370 0.00055597
13380 0.00055597
13390 0.00055597
13400 0.00055597
13410 0.00055597
13420 0.00055597
13430 0.00055597
13440 0.00055597
13450 0.00055597
13460 0.00055597
13470 0.00055597
13480 0.00055597
13490 0.00055597
13500 0.00055597
13510 0.00055597
13520 0.00055597
13530 0.00055597
13540 0.00055597
13550 0.00055597
13560 0.00055597
13570 0.00055597
13580 0.00055597
13590 0.00055597
13600 0.00055597
13610 0.00055597
13620 0.00055597
13630 0.00055597
13640 0.00055597
13650 0.00055597
13660 0.00055597
13670 0.00055597
13680 0.00055597
13690 0.00055597
13700 0.00055597
13710 0.00055597
13720 0.00055597
13730 0.00055597
13740 0.00055597
13750 0.00055597
13760 0.00055597
13770 0.00055597
13780 0.00055597
13790 0.00055597
13800 0.00055597
13810 0.00055597
13820 0.00055597
13830 0.00055597
13840 0.00055597
13850 0.00055597
13860 0.00055597
13870 0.00055597
13880 0.00055597
13890 0.00055597
13900 0.00055597
13910 0.00055597
13920 0.00055597
13930 0.00055597
13940 0.00055597
13950 0.00055597
13960 0.00055597
13970 0.00055597
13980 0.00055597
13990 0.00055597
14000 0.00055597
14010 0.00055597
14020 0.00055597
14030 0.00055597
14040 0.00055597
14050 0.00055597
14060 0.00055597
14070 0.00055597
14080 0.00055597
14090 0.00055597
14100 0.00055597
14110 0.00055597
14120 0.00055597
14130 0.00055597
14140 0.00055597
14150 0.00055597
14160 0.00055597
14170 0.00055597
14180 0.00055597
14190 0.00055597
14200 0.00055597
14210 0.00055597
14220 0.00055597
14230 0.00055597
14240 0.00055597
14250 0.00055597
14260 0.00055597
14270 0.00055597
14280 0.00055597
14290 0.00055597
14300 0.00055597
14310 0.00055597
14320 0.00055597
14330 0.00055597
14340 0.00055597
14350 0.00055597
14360 0.00055597
14370 0.00055597
14380 0.00055597
14390 0.00055597
14400 0.00055597
14410 0.00055597
14420 0.00055597
14430 0.00055597
14440 0.00055597
14450 0.00055597
14460 0.00055597
14470 0.00055597
14480 0.00055597
14490 0.00055597
14500 0.00055597
14510 0.00055597
14520 0.00055597
14530 0.00055597
14540 0.00055597
14550 0.00055597
14560 0.00055597
14570 0.00055597
14580 0.00055597
14590 0.00055597
14600 0.00055597
14610 0.00055597
14620 0.00055597
14630 0.00055597
14640 0.00055597
14650 0.00055597
14660 0.00055597
14670 0.00055597
14680 0.00055597
14690 0.00055597
14700 0.00055597
14710 0.00055597
14720 0.00055597
14730 0.00055597
14740 0.00055597
14750 0.00055597
14760 0.00055597
14770 0.00055597
14780 0.00055597
14790 0.00055597
14800 0.00055597
14810 0.00055597
14820 0.00055597
14830 0.00055597
14840 0.00055597
14850 0.00055597
14860 0.00055597
14870 0.00055597
14880 0.00055597
14890 0.00055597
14900 0.00055597
14910 0.00055597
14920 0.00055597
14930 0.00055597
14940 0.00055597
14950 0.00055597
14960 0.00055597
14970 0.00055597
14980 0.00055597
14990 0.00055597
15000 0.00055597
15010 0.00055597
15020 0.00055597
15030 0.00055597
15040 0.00055597
15050 0.00055597
15060 0.00055597
15070 0.00055597
15080 0.00055597
15090 0.00055597
15100 0.00055597
15110 0.00055597
15120 0.00055597
15130 0.00055597
15140 0.00055597
15150 0.00055597
15160 0.00055597
15170 0.00055597
15180 0.00055597
15190 0.00055597
15200 0.00055597
15210 0.00055597
15220 0.00055597
15230 0.00055597
15240 0.00055597
15250 0.00055597
15260 0.00055597
15270 0.00055597
15280 0.00055597
15290 0.00055597
15300 0.00055597
15310 0.00055597
15320 0.00055597
15330 0.00055597
15340 0.00055597
15350 0.00055597
15360 0.00055597
15370 0.00055597
15380 0.00055597
15390 0.00055597
15400 0.00055597
15410 0.00055597
15420 0.00055597
15430 0.00055597
15440 0.00055597
15450 0.00055597
15460 0.00055597
15470 0.00055597
15480 0.00055597
15490 0.00055597
15500 0.00055597
15510 0.00055597
15520 0.00055597
15530 0.00055597
15540 0.00055597
15550 0.00055597
15560 0.00055597
15570 0.00055597
15580 0.00055597
15590 0.00055597
15600 0.00055597
15610 0.00055597
15620 0.00055597
15630 0.00055597
15640 0.00055597
15650 0.00055597
15660 0.00055597
15670 0.00055597
15680 0.00055597
15690 0.00055597
15700 0.00055597
15710 0.00055597
15720 0.00055597
15730 0.00055597
15740 0.00055597
15750 0.00055597
15760 0.00055597
15770 0.00055597
15780 0.00055597
15790 0.00055597
15800 0.00055597
15810 0.00055597
15820 0.00055597
15830 0.00055597
15840 0.00055597
15850 0.00055597
15860 0.00055597
15870 0.00055597
15880 0.00055597
15890 0.00055597
15900 0.00055597
15910 0.00055597
15920 0.00055597
15930 0.00055597
15940 0.00055597
15950 0.00055597
15960 0.00055597
15970 0.00055597
15980 0.00055597
15990 0.00055597
16000 0.00055597
16010 0.00055597
16020 0.00055597
16030 0.00055597
16040 0.00055597
16050 0.00055597
16060 0.00055597
16070 0.00055597
16080 0.00055597
16090 0.00055597
16100 0.00055597
16110 0.00055597
16120 0.00055597
16130 0.00055597
16140 0.00055597
16150 0.00055597
16160 0.00055597
16170 0.00055597
16180 0.00055597
16190 0.00055597
16200 0.00055597
16210 0.00055597
16220 0.00055597
16230 0.00055597
16240 0.00055597
16250 0.00055597
16260 0.00055597
16270 0.00055597
16280 0.00055597
16290 0.00055597
16300 0.00055597
16310 0.00055597
16320 0.00055597
16330 0.00055597
16340 0.00055597
16350 0.00055597
16360 0.00055597
16370 0.00055597
16380 0.00055597
16390 0.00055597
16400 0.00055597
16410 0.00055597
16420 0.00055597
16430 0.00055597
16440 0.00055597
16450 0.00055597
16460 0.00055597
16470 0.00055597
16480 0.00055597
16490 0.00055597
16500 0.00055597
16510 0.00055597
16520 0.00055597
16530 0.00055597
16540 0.00055597
16550 0.00055597
16560 0.00055597
16570 0.00055597
16580 0.00055597
16590 0.00055597
16600 0.00055597
16610 0.00055597
16620 0.00055597
16630 0.00055597
16640 0.00055597
16650 0.00055597
16660 0.00055597
16670 0.00055597
16680 0.00055597
16690 0.00055597
16700 0.00055597
16710 0.00055597
16720 0.00055597
16730 0.00055597
16740 0.00055597
16750 0.00055597
16760 0.00055597
16770 0.00055597
16780 0.00055597
16790 0.00055597
16800 0.00055597
16810 0.00055597
16820 0.00055597
16830 0.00055597
16840 0.00055597
16850 0.00055597
16860 0.00055597
16870 0.00055597
16880 0.00055597
16890 0.00055597
16900 0.00055597
16910 0.00055597
16920 0.00055597
16930 0.00055597
16940 0.00055597
16950 0.00055597
16960 0.00055597
16970 0.00055597
16980 0.00055597
16990 0.00055597
17000 0.00055597
17010 0.00055597
17020 0.00055597
17030 0.00055597
17040 0.00055597
17050 0.00055597
17060 0.00055597
17070 0.00055597
17080 0.00055597
17090 0.00055597
17100 0.00055597
17110 0.00055597
17120 0.00055597
17130 0.00055597
17140 0.00055597
17150 0.00055597
17160 0.00055597
17170 0.00055597
17180 0.00055597
17190 0.00055597
17200 0.00055597
17210 0.00055597
17220 0.00055597
17230 0.00055597
17240 0.00055597
17250 0.00055597
17260 0.00055597
17270 0.00055597
17280 0.00055597
17290 0.00055597
17300 0.00055597
17310 0.00055597
17320 0.00055597
17330 0.00055597
17340 0.00055597
17350 0.00055597
17360 0.00055597
17370 0.00055597
17380 0.00055597
17390 0.00055597
17400 0.00055597
17410 0.00055597
17420 0.00055597
17430 0.00055597
17440 0.00055597
17450 0.00055597
17460 0.00055597
17470 0.00055597
17480 0.00055597
17490 0.00055597
17500 0.00055597
17510 0.00055597
17520 0.00055597
17530 0.00055597
17540 0.00055597
17550 0.00055597
17560 0.00055597
17570 0.00055597
17580 0.00055597
17590 0.00055597
17600 0.00055597
17610 0.00055597
17620 0.00055597
17630 0.00055597
17640 0.00055597
17650 0.00055597
17660 0.00055597
17670 0.00055597
17680 0.00055597
17690 0.00055597
17700 0.00055597
17710 0.00055597
17720 0.00055597
17730 0.00055597
17740 0.00055597
17750 0.00055597
17760 0.00055597
17770 0.00055597
17780 0.00055597
17790 0.00055597
17800 0.00055597
17810 0.00055597
17820 0.00055597
17830 0.00055597
17840 0.00055597
17850 0.00055597
17860 0.00055597
17870 0.00055597
17880 0.00055597
17890 0.00055597
17900 0.00055597
17910 0.00055597
17920 0.00055597
17930 0.00055597
17940 0.00055597
17950 0.00055597
17960 0.00055597
17970 0.00055597
17980 0.00055597
17990 0.00055597
18000 0.00055597
18010 0.00055597
18020 0.00055597
18030 0.00055597
18040 0.00055597
18050 0.00055597
18060 0.00055597
18070 0.00055597
18080 0.00055597
18090 0.00055597
18100 0.00055597
18110 0.00055597
18120 0.00055597
18130 0.00055597
18140 0.00055597
18150 0.00055597
18160 0.00055597
18170 0.00055597
18180 0.00055597
18190 0.00055597
18200 0.00055597
18210 0.00055597
18220 0.00055597
18230 0.00055597
18240 0.00055597
18250 0.00055597
18260 0.00055597
18270 0.00055597
18280 0.00055597
18290 0.00055597
18300 0.00055597
18310 0.00055597
18320 0.00055597
18330 0.00055597
18340 0.00055597
18350 0.00055597
18360 0.00055597
18370 0.00055597
18380 0.00055597
18390 0.00055597
18400 0.00055597
18410 0.00055597
18420 0.00055597
18430 0.00055597
18440 0.00055597
18450 0.00055597
18460 0.00055597
18470 0.00055597
18480 0.00055597
18490 0.00055597
18500 0.00055597
18510 0.00055597
18520 0.00055597
18530 0.00055597
18540 0.00055597
18550 0.00055597
18560 0.00055597
18570 0.00055597
18580 0.00055597
18590 0.00055597
18600 0.00055597
18610 0.00055597
18620 0.00055597
18630 0.00055597
18640 0.00055597
18650 0.00055597
18660 0.00055597
18670 0.00055597
18680 0.00055597
18690 0.00055597
18700 0.00055597
18710 0.00055597
18720 0.00055597
18730 0.00055597
18740 0.00055597
18750 0.00055597
18760 0.00055597
18770 0.00055597
18780 0.00055597
18790 0.00055597
18800 0.00055597
18810 0.00055597
18820 0.00055597
18830 0.00055597
18840 0.00055597
18850 0.00055597
18860 0.00055597
18870 0.00055597
18880 0.00055597
18890 0.00055597
18900 0.00055597
18910 0.00055597
18920 0.00055597
18930 0.00055597
18940 0.00055597
18950 0.00055597
18960 0.00055597
18970 0.00055597
18980 0.00055597
18990 0.00055597
19000 0.00055597
19010 0.00055597
19020 0.00055597
19030 0.00055597
19040 0.00055597
19050 0.00055597
19060 0.00055597
19070 0.00055597
19080 0.00055597
19090 0.00055597
19100 0.00055597
19110 0.00055597
19120 0.00055597
19130 0.00055597
19140 0.00055597
19150 0.00055597
19160 0.00055597
19170 0.00055597
19180 0.00055597
19190 0.00055597
19200 0.00055597
19210 0.00055597
19220 0.00055597
19230 0.00055597
19240 0.00055597
19250 0.00055597
19260 0.00055597
19270 0.00055597
19280 0.00055597
19290 0.00055597
19300 0.00055597
19310 0.00055597
19320 0.00055597
19330 0.00055597
19340 0.00055597
19350 0.00055597
19360 0.00055597
19370 0.00055597
19380 0.00055597
19390 0.00055597
19400 0.00055597
19410 0.00055597
19420 0.00055597
19430 0.00055597
19440 0.00055597
19450 0.00055597
19460 0.00055597
19470 0.00055597
19480 0.00055597
19490 0.00055597
19500 0.00055597
19510 0.00055597
19520 0.00055597
19530 0.00055597
19540 0.00055597
19550 0.00055597
19560 0.00055597
19570 0.00055597
19580 0.00055597
19590 0.00055597
19600 0.00055597
19610 0.00055597
19620 0.00055597
19630 0.00055597
19640 0.00055597
19650 0.00055597
19660 0.00055597
19670 0.00055597
19680 0.00055597
19690 0.00055597
19700 0.00055597
19710 0.00055597
19720 0.00055597
19730 0.00055597
19740 0.00055597
19750 0.00055597
19760 0.00055597
19770 0.00055597
19780 0.00055597
19790 0.00055597
19800 0.00055597
19810 0.00055597
19820 0.00055597
19830 0.00055597
19840 0.00055597
19850 0.00055597
19860 0.00055597
19870 0.00055597
19880 0.00055597
19890 0.00055597
19900 0.00055597
19910 0.00055597
19920 0.00055597
19930 0.00055597
19940 0.00055597
19950 0.00055597
19960 0.00055597
19970 0.00055597
19980 0.00055597
19990 0.00055597
20000 0.00055597
-END-OF-DATA-
