   0.0000000e+00
   0.0000000e+00
   0.0000000e+00
   0.0000000e+00
   0.0000000e+00
   0.0000000e+00
   2.0522783e-02
   1.4489930e-02
   1.0070739e-02
   1.1432979e-02
   1.1507112e-02
   1.0882130e-02
   1.0330530e-02
   9.2008176e-03
   8.7906603e-03
   1.0041914e-02
   9.4698829e-03
   4.7692671e-03
  -2.0705912e-03
  -4.2635601e-03
   0.0000000e+00
   0.0000000e+00
   0.0000000e+00
   0.0000000e+00
   0.0000000e+00
   0.0000000e+00
   0.0000000e+00
   0.0000000e+00
   0.0000000e+00
   0.0000000e+00
   0.0000000e+00
   0.0000000e+00
   0.0000000e+00
   0.0000000e+00
   0.0000000e+00
   0.0000000e+00
   0.0000000e+00
   0.0000000e+00
   0.0000000e+00
   0.0000000e+00
   0.0000000e+00
   1.6408750e-02
   2.2163521e-03
  -6.6434899e-03
  -5.3659058e-03
  -2.0946460e-04
   4.7490548e-04
   1.5723967e-03
   5.5681361e-04
   1.3957213e-03
   2.5452310e-03
   3.6628689e-03
   5.6918329e-03
   8.7287286e-03
   1.2318020e-02
   3.4958122e-03
   0.0000000e+00
   0.0000000e+00
   0.0000000e+00
   0.0000000e+00
   0.0000000e+00
   0.0000000e+00
   0.0000000e+00
   0.0000000e+00
   0.0000000e+00
   0.0000000e+00
   0.0000000e+00
   0.0000000e+00
   0.0000000e+00
   0.0000000e+00
   0.0000000e+00
   0.0000000e+00
   0.0000000e+00
   0.0000000e+00
   0.0000000e+00
   0.0000000e+00
   0.0000000e+00
   1.6692239e-03
  -1.5461785e-02
  -1.7944623e-02
  -1.2201257e-02
  -5.0196750e-03
  -1.2169352e-03
  -4.1915497e-04
  -7.0493243e-04
   2.8700009e-04
   6.6796964e-04
   1.4002303e-03
   3.3511885e-03
   7.2331796e-03
   1.3360876e-02
   1.6316890e-02
   0.0000000e+00
   0.0000000e+00
   0.0000000e+00
   0.0000000e+00
   0.0000000e+00
   0.0000000e+00
   0.0000000e+00
   0.0000000e+00
   0.0000000e+00
   0.0000000e+00
   0.0000000e+00
   0.0000000e+00
   0.0000000e+00
   0.0000000e+00
   0.0000000e+00
   0.0000000e+00
   0.0000000e+00
   0.0000000e+00
   0.0000000e+00
   0.0000000e+00
   1.1765805e-02
  -1.2116436e-02
  -2.2084542e-02
  -1.7879730e-02
  -9.6810395e-03
  -2.1803656e-03
   1.3098503e-03
   1.6815617e-03
   8.3273824e-04
   6.2545791e-05
  -5.5962929e-04
  -6.7109824e-04
   1.1308921e-04
   3.5864015e-03
   1.0920947e-02
   2.2658041e-02
   1.3093753e-02
   0.0000000e+00
   0.0000000e+00
   0.0000000e+00
   0.0000000e+00
   0.0000000e+00
   0.0000000e+00
   0.0000000e+00
   0.0000000e+00
   0.0000000e+00
   0.0000000e+00
   0.0000000e+00
   0.0000000e+00
   0.0000000e+00
   0.0000000e+00
   0.0000000e+00
   0.0000000e+00
   0.0000000e+00
   0.0000000e+00
   0.0000000e+00
   1.9072177e-04
  -1.9838803e-02
  -1.9711195e-02
  -1.1802460e-02
  -3.9030071e-03
   1.1900540e-03
   3.1959228e-03
   2.6304836e-03
   1.1546549e-03
  -5.2244868e-04
  -1.4848452e-03
  -2.1893226e-03
  -2.1421900e-03
   8.5901812e-04
   7.1975901e-03
   2.1175578e-02
   2.9862824e-02
   0.0000000e+00
   0.0000000e+00
   0.0000000e+00
   0.0000000e+00
   0.0000000e+00
   0.0000000e+00
   0.0000000e+00
   0.0000000e+00
   0.0000000e+00
   0.0000000e+00
   0.0000000e+00
   1.3824091e-02
   7.9976142e-03
   0.0000000e+00
   0.0000000e+00
   0.0000000e+00
   0.0000000e+00
   0.0000000e+00
   1.2896235e-02
  -8.5533868e-03
  -1.8689175e-02
  -1.3469963e-02
  -6.1503046e-03
  -3.1379851e-04
   3.0660200e-03
   3.9363215e-03
   2.0336303e-03
   7.1961030e-04
  -3.4648533e-04
  -1.9303735e-03
  -2.9348398e-03
  -2.9414996e-03
  -9.2534232e-04
   4.5235211e-03
   1.8924434e-02
   3.2490912e-02
   0.0000000e+00
   0.0000000e+00
   0.0000000e+00
   0.0000000e+00
   0.0000000e+00
   0.0000000e+00
   0.0000000e+00
   0.0000000e+00
   0.0000000e+00
   0.0000000e+00
   0.0000000e+00
   1.2300539e-02
   3.5526850e-03
  -1.9332371e-03
   1.4192085e-03
   7.8033955e-03
   9.0200934e-03
   0.0000000e+00
   7.4021239e-03
  -1.1881555e-02
  -1.4681127e-02
  -7.6161041e-03
  -1.6943893e-03
   2.2213606e-03
   4.1633779e-03
   3.6934093e-03
   1.4267773e-03
   3.7635656e-04
  -3.7711096e-05
  -1.8505279e-03
  -2.8696307e-03
  -2.8740882e-03
  -1.6284817e-03
   2.9788986e-03
   1.7108401e-02
   2.8956550e-02
   0.0000000e+00
   0.0000000e+00
   0.0000000e+00
   0.0000000e+00
   0.0000000e+00
   0.0000000e+00
   0.0000000e+00
   0.0000000e+00
   0.0000000e+00
   0.0000000e+00
   0.0000000e+00
   5.8655264e-03
  -1.9008645e-03
  -2.2990822e-03
   3.7667278e-03
   9.9998694e-03
   1.0293330e-02
   6.6036034e-03
  -1.3773884e-03
  -1.1559520e-02
  -8.2171736e-03
  -1.2061422e-03
   3.0206289e-03
   4.9604946e-03
   4.6262760e-03
   3.5325392e-03
   1.6751123e-03
   9.4436685e-04
   7.2708118e-04
  -8.9688296e-04
  -2.3179201e-03
  -2.6371327e-03
  -2.0263102e-03
   2.4206389e-03
   1.5301084e-02
   2.3970291e-02
   0.0000000e+00
   0.0000000e+00
   0.0000000e+00
   0.0000000e+00
   0.0000000e+00
   0.0000000e+00
   0.0000000e+00
   0.0000000e+00
   0.0000000e+00
   0.0000000e+00
   7.5796247e-03
  -1.7100244e-03
  -5.1008496e-03
  -1.6383003e-03
   5.2788076e-03
   1.1084314e-02
   1.0509524e-02
   7.7468865e-03
  -2.8689194e-03
  -5.3177369e-03
  -1.0408745e-03
   4.4149822e-03
   7.1919840e-03
   7.4781454e-03
   5.9149759e-03
   4.8575257e-03
   3.2078461e-03
   2.6797270e-03
   2.3155184e-03
   5.8073865e-04
  -1.2199325e-03
  -1.9452500e-03
  -1.8759933e-03
   2.4030213e-03
   1.4584039e-02
   2.3742344e-02
   0.0000000e+00
   0.0000000e+00
   0.0000000e+00
   0.0000000e+00
   0.0000000e+00
   0.0000000e+00
   0.0000000e+00
   0.0000000e+00
   0.0000000e+00
   0.0000000e+00
  -8.0895490e-04
  -6.0194312e-03
  -3.2470876e-03
   2.0908678e-03
   7.8920024e-03
   1.0354390e-02
   8.8178972e-03
   5.7018558e-03
   2.2498765e-03
   3.1993261e-03
   6.0782116e-03
   9.7194901e-03
   1.1314932e-02
   1.0713464e-02
   8.9623947e-03
   8.0464063e-03
   7.0951851e-03
   6.7775273e-03
   5.8549955e-03
   3.7731682e-03
   1.3287719e-03
  -2.3207735e-04
  -6.6336303e-04
   3.4331167e-03
   1.6484721e-02
   3.0218518e-02
   0.0000000e+00
   0.0000000e+00
   0.0000000e+00
   0.0000000e+00
   0.0000000e+00
   0.0000000e+00
   0.0000000e+00
   0.0000000e+00
   0.0000000e+00
  -1.9083415e-02
  -6.5210871e-03
  -1.7005298e-03
   2.5276500e-03
   6.3425014e-03
   9.5871054e-03
   9.2944670e-03
   8.8704471e-03
   6.9556786e-03
   5.7420856e-03
   6.5017408e-03
   8.7238653e-03
   1.1875777e-02
   1.3404436e-02
   1.2898566e-02
   1.1439060e-02
   1.0809150e-02
   1.0569221e-02
   1.0252364e-02
   9.0956725e-03
   6.6726813e-03
   3.6119090e-03
   1.5143488e-03
   1.0138091e-03
   5.7363934e-03
   2.0155927e-02
   3.3539283e-02
   0.0000000e+00
   0.0000000e+00
   0.0000000e+00
   0.0000000e+00
   0.0000000e+00
   0.0000000e+00
   0.0000000e+00
   0.0000000e+00
   0.0000000e+00
  -1.6611280e-02
  -1.2382838e-03
   4.4794120e-03
   6.1184415e-03
   6.7002792e-03
   8.2900338e-03
   8.7287877e-03
   8.5874403e-03
   6.0707079e-03
   5.7182475e-03
   6.8860813e-03
   9.0525104e-03
   1.2329852e-02
   1.4087911e-02
   1.3971011e-02
   1.2869573e-02
   1.2711707e-02
   1.2916328e-02
   1.2672800e-02
   1.1513000e-02
   8.9716241e-03
   5.3999759e-03
   3.0966420e-03
   3.2407618e-03
   1.0033020e-02
   2.5391109e-02
   3.6312648e-02
   0.0000000e+00
   0.0000000e+00
   0.0000000e+00
   0.0000000e+00
   0.0000000e+00
   0.0000000e+00
   0.0000000e+00
   0.0000000e+00
   0.0000000e+00
  -1.2291183e-02
   5.3142062e-03
   8.9343004e-03
   7.1305078e-03
   8.6188910e-03
   1.1059156e-02
   0.0000000e+00
   3.6354275e-03
   1.6210480e-03
   3.7804546e-03
   5.7139755e-03
   7.9524256e-03
   1.1532142e-02
   1.3446781e-02
   1.3471229e-02
   1.2539716e-02
   1.2633750e-02
   1.2983601e-02
   1.2836047e-02
   1.1844705e-02
   9.2547862e-03
   5.8833887e-03
   4.1306117e-03
   5.5066664e-03
   1.4168923e-02
   2.9959552e-02
   3.8666901e-02
   0.0000000e+00
   0.0000000e+00
   0.0000000e+00
   0.0000000e+00
   0.0000000e+00
   0.0000000e+00
   0.0000000e+00
   0.0000000e+00
  -0.0000000e+00
  -3.5378735e-03
   9.3942462e-03
   9.8955221e-03
   7.9289460e-03
   9.7449242e-03
   0.0000000e+00
   0.0000000e+00
  -3.0014369e-03
  -7.5328053e-04
   3.9299540e-03
   5.6498982e-03
   8.0847982e-03
   1.1397381e-02
   1.2824479e-02
   1.2499817e-02
   1.1542663e-02
   1.1715705e-02
   1.2001016e-02
   1.1543076e-02
   1.0395316e-02
   7.7819237e-03
   5.2344515e-03
   4.7219647e-03
   7.4955295e-03
   1.6755769e-02
   3.1050175e-02
   3.5887584e-02
   0.0000000e+00
   0.0000000e+00
   0.0000000e+00
   0.0000000e+00
   0.0000000e+00
   0.0000000e+00
   0.0000000e+00
   0.0000000e+00
   1.0543909e-02
   7.7836732e-03
   1.2661793e-02
   1.2708281e-02
   1.4216511e-02
   0.0000000e+00
   0.0000000e+00
   0.0000000e+00
  -6.1887479e-03
   1.6976659e-03
   5.6124553e-03
   6.9370614e-03
   9.2868209e-03
   1.1560027e-02
   1.2023204e-02
   1.0964956e-02
   9.7677708e-03
   9.6373968e-03
   9.4033424e-03
   8.5242046e-03
   6.9729597e-03
   4.3110061e-03
   2.5798650e-03
   3.5871079e-03
   8.1362817e-03
   1.7189300e-02
   2.6205886e-02
   2.5611302e-02
   0.0000000e+00
   0.0000000e+00
   0.0000000e+00
   0.0000000e+00
   0.0000000e+00
   0.0000000e+00
   0.0000000e+00
   1.2000682e-02
   2.4067444e-02
   1.7964024e-02
   1.9984124e-02
   2.2000086e-02
   2.6665257e-02
  -0.0000000e+00
  -0.0000000e+00
   0.0000000e+00
  -5.1871708e-03
   1.3241215e-03
   3.8719405e-03
   5.6165247e-03
   7.4519864e-03
   8.7700058e-03
   8.5800672e-03
   7.1102879e-03
   5.7570781e-03
   5.1243552e-03
   4.4010375e-03
   3.1150323e-03
   1.0987502e-03
  -1.4942655e-03
  -2.4972116e-03
  -2.4041574e-04
   5.2745519e-03
   1.3206108e-02
   1.7139444e-02
   1.3842298e-02
   0.0000000e+00
   0.0000000e+00
   0.0000000e+00
   0.0000000e+00
   0.0000000e+00
   0.0000000e+00
   0.0000000e+00
   1.7452623e-02
   2.0971008e-02
   2.0230969e-02
   2.3588973e-02
   2.7227600e-02
  -4.8494463e-03
   9.8542534e-04
   5.0630802e-03
   0.0000000e+00
  -4.4182582e-03
  -3.0355295e-03
  -9.2792208e-04
   5.5214285e-04
   1.5319970e-03
   2.0588674e-03
   1.8652350e-03
   8.5445697e-04
  -8.4035477e-05
  -6.4975099e-04
  -1.4024859e-03
  -2.7742048e-03
  -5.0505465e-03
  -7.7866483e-03
  -9.3044592e-03
  -7.6814182e-03
  -2.8157597e-03
   3.8230277e-03
   7.5873961e-03
   6.1678947e-03
   1.2333170e-03
   0.0000000e+00
   0.0000000e+00
   0.0000000e+00
   0.0000000e+00
   0.0000000e+00
   0.0000000e+00
   7.4567995e-03
   1.0575268e-02
   1.5750799e-02
   1.6708631e-02
   0.0000000e+00
  -0.0000000e+00
   3.2751777e-03
   7.4670922e-03
  -0.0000000e+00
  -5.4221585e-03
  -6.3574195e-03
  -4.6750786e-03
  -4.0060119e-03
  -4.0178844e-03
  -4.2879153e-03
  -4.4313156e-03
  -4.6674361e-03
  -4.7181001e-03
  -4.5233387e-03
  -4.4637629e-03
  -4.7536361e-03
  -5.6357824e-03
  -6.9679442e-03
  -8.6184869e-03
  -9.5315946e-03
  -9.1941327e-03
  -7.2334368e-03
  -3.6752995e-03
  -2.6748323e-04
   1.2333171e-03
   0.0000000e+00
   0.0000000e+00
   0.0000000e+00
   0.0000000e+00
   0.0000000e+00
  -0.0000000e+00
  -6.1655163e-03
  -1.5012688e-03
   3.8261302e-03
  -4.5645964e-04
  -1.0176354e-02
  -6.5472542e-03
   7.5708114e-04
   0.0000000e+00
  -0.0000000e+00
  -6.7831163e-03
  -6.9982359e-03
  -5.2463169e-03
  -5.4713323e-03
  -6.5569316e-03
  -7.7955266e-03
  -8.2632135e-03
  -7.8854039e-03
  -6.8963264e-03
  -5.6881143e-03
  -4.5017609e-03
  -3.2260796e-03
  -1.6782357e-03
  -1.2771758e-04
   2.6746542e-04
  -1.3750819e-03
  -4.9288602e-03
  -9.7807252e-03
  -1.2639603e-02
  -6.8878682e-03
   0.0000000e+00
   0.0000000e+00
   0.0000000e+00
   0.0000000e+00
   0.0000000e+00
   0.0000000e+00
  -0.0000000e+00
  -1.6400605e-02
  -1.3174034e-02
  -1.3109979e-02
  -1.4117722e-02
  -1.5701199e-02
  -1.4263351e-02
  -8.4150722e-03
   0.0000000e+00
  -0.0000000e+00
  -1.2950215e-02
  -1.3335597e-02
  -1.1047370e-02
  -1.1817366e-02
  -1.3921361e-02
  -1.6075149e-02
  -1.6912969e-02
  -1.6240910e-02
  -1.4552315e-02
  -1.2681114e-02
  -1.0693862e-02
  -8.6330213e-03
  -6.0876375e-03
  -3.2577356e-03
  -1.9648266e-03
  -4.4679926e-03
  -1.0304052e-02
  -1.7530605e-02
  -2.1396585e-02
  -1.3711238e-02
   0.0000000e+00
   0.0000000e+00
   0.0000000e+00
   0.0000000e+00
   0.0000000e+00
   0.0000000e+00
  -0.0000000e+00
  -2.9626459e-02
  -2.7829306e-02
  -2.6351569e-02
  -2.5631594e-02
  -2.4929393e-02
  -2.5213264e-02
  -1.9118177e-02
   0.0000000e+00
  -0.0000000e+00
  -1.6514702e-02
  -1.7753299e-02
  -1.4639980e-02
  -1.4828716e-02
  -1.7705237e-02
  -2.1007704e-02
  -2.3028027e-02
  -2.3381006e-02
  -2.2307105e-02
  -2.0864200e-02
  -1.9034095e-02
  -1.7270720e-02
  -1.5098741e-02
  -1.2102164e-02
  -9.7709447e-03
  -1.0333616e-02
  -1.4687508e-02
  -2.2175476e-02
  -3.0210165e-02
  -3.4781891e-02
   0.0000000e+00
   0.0000000e+00
   0.0000000e+00
   0.0000000e+00
   0.0000000e+00
   0.0000000e+00
  -0.0000000e+00
  -3.8120002e-02
  -3.7609577e-02
  -3.5850868e-02
  -3.3590458e-02
  -3.2198034e-02
  -3.5192579e-02
  -3.4162845e-02
   0.0000000e+00
  -0.0000000e+00
  -1.5589014e-02
  -1.8007008e-02
  -1.5991667e-02
  -1.4900045e-02
  -1.7735315e-02
  -2.1881420e-02
  -2.5286144e-02
  -2.7100688e-02
  -2.7244108e-02
  -2.6761634e-02
  -2.5562750e-02
  -2.4238780e-02
  -2.2417225e-02
  -1.8968139e-02
  -1.5263222e-02
  -1.3129994e-02
  -1.5065633e-02
  -2.2799367e-02
  -3.5308663e-02
  -5.0768537e-02
  -5.3739008e-02
  -0.0000000e+00
   0.0000000e+00
   0.0000000e+00
   0.0000000e+00
   0.0000000e+00
  -0.0000000e+00
  -3.6440047e-02
  -4.1876562e-02
  -4.0119600e-02
  -3.5853848e-02
  -3.5348915e-02
  -3.9895125e-02
  -4.6221513e-02
   0.0000000e+00
  -0.0000000e+00
  -1.3809626e-02
  -1.5901366e-02
  -1.6172105e-02
  -1.5184079e-02
  -1.7298497e-02
  -2.1412093e-02
  -2.5323916e-02
  -2.7992159e-02
  -2.9236957e-02
  -2.9241141e-02
  -2.8645854e-02
  -2.7575897e-02
  -2.6160214e-02
  -2.2646444e-02
  -1.8026380e-02
  -1.3822697e-02
  -1.3336469e-02
  -2.0113653e-02
  -3.3802021e-02
  -4.9547140e-02
  -5.3822283e-02
  -4.6170514e-02
   0.0000000e+00
   0.0000000e+00
   0.0000000e+00
   0.0000000e+00
   0.0000000e+00
  -0.0000000e+00
  -3.9651436e-02
  -3.9255135e-02
  -3.1876680e-02
  -3.2192841e-02
  -3.7512664e-02
  -4.0104459e-02
  -3.4233499e-02
  -0.0000000e+00
  -1.0885699e-02
  -1.3837678e-02
  -1.5226343e-02
  -1.5502583e-02
  -1.7350081e-02
  -2.0795584e-02
  -2.4147559e-02
  -2.6708765e-02
  -2.8259208e-02
  -2.8556038e-02
  -2.8399754e-02
  -2.7433774e-02
  -2.6324799e-02
  -2.3409411e-02
  -1.9092662e-02
  -1.4071758e-02
  -1.1033059e-02
  -1.4734793e-02
  -2.7419483e-02
  -4.5548700e-02
  -5.2372277e-02
  -4.3467462e-02
   0.0000000e+00
   0.0000000e+00
   0.0000000e+00
   0.0000000e+00
   0.0000000e+00
   0.0000000e+00
  -0.0000000e+00
  -3.2053158e-02
  -2.6661212e-02
  -2.2789601e-02
  -2.9445738e-02
  -3.0441971e-02
  -2.9771536e-02
  -3.4597116e-03
  -5.5734809e-03
  -9.4133550e-03
  -1.1769003e-02
  -1.2986802e-02
  -1.5372745e-02
  -1.8410498e-02
  -2.0876516e-02
  -2.2653772e-02
  -2.3714449e-02
  -2.4029361e-02
  -2.4360610e-02
  -2.3884026e-02
  -2.2994259e-02
  -2.0798475e-02
  -1.7448861e-02
  -1.3368523e-02
  -8.8902488e-03
  -8.2936957e-03
  -1.6116966e-02
  -3.3044290e-02
  -4.6941719e-02
  -4.0213045e-02
   0.0000000e+00
   0.0000000e+00
   0.0000000e+00
   0.0000000e+00
   0.0000000e+00
   0.0000000e+00
   0.0000000e+00
  -1.9291323e-02
  -1.7752272e-02
  -1.1729117e-02
  -1.7064529e-02
  -2.1130981e-02
  -2.2011143e-02
   0.0000000e+00
  -1.0861910e-03
  -2.3704777e-03
  -2.9926065e-03
  -4.3644542e-03
  -8.1335679e-03
  -1.2216462e-02
  -1.4727197e-02
  -1.5755171e-02
  -1.6180128e-02
  -1.6010625e-02
  -1.6696151e-02
  -1.7452413e-02
  -1.7244874e-02
  -1.6015990e-02
  -1.3483475e-02
  -1.0769011e-02
  -6.3842786e-03
  -3.1257176e-03
  -6.0327570e-03
  -1.8642418e-02
  -3.9138710e-02
   0.0000000e+00
   0.0000000e+00
   0.0000000e+00
   0.0000000e+00
   0.0000000e+00
   0.0000000e+00
   0.0000000e+00
   0.0000000e+00
   0.0000000e+00
  -0.0000000e+00
  -1.6902919e-03
  -6.0054786e-03
  -1.1481968e-02
  -1.4131722e-02
   0.0000000e+00
   0.0000000e+00
   1.5693035e-03
   6.9022630e-03
   8.1514260e-03
   3.2738408e-03
  -2.8707446e-03
  -6.7861169e-03
  -7.9165380e-03
  -7.9920767e-03
  -7.3765977e-03
  -7.9852678e-03
  -9.9234106e-03
  -1.0946401e-02
  -1.0879457e-02
  -9.2953118e-03
  -7.5186151e-03
  -3.6795333e-03
   5.1353715e-04
   2.8065342e-04
  -7.5861230e-03
  -2.7540111e-02
  -3.3554688e-02
   0.0000000e+00
   0.0000000e+00
   0.0000000e+00
   0.0000000e+00
   0.0000000e+00
   0.0000000e+00
   0.0000000e+00
   0.0000000e+00
   0.0000000e+00
   0.0000000e+00
   1.1053728e-03
  -7.2987877e-04
   0.0000000e+00
   0.0000000e+00
   0.0000000e+00
  -5.0124980e-04
   1.2866480e-02
   1.7700961e-02
   1.4408403e-02
   8.3821733e-03
   3.9067189e-03
   2.2895446e-03
   2.5088536e-03
   3.6526888e-03
   3.4997349e-03
   1.0267406e-03
  -1.5754909e-03
  -3.3497147e-03
  -3.2586732e-03
  -2.7814773e-03
  -1.3250089e-04
   4.2594806e-03
   5.9297481e-03
   1.9100623e-03
  -1.2467450e-02
  -2.0454913e-02
   0.0000000e+00
   0.0000000e+00
   0.0000000e+00
   0.0000000e+00
   0.0000000e+00
   0.0000000e+00
   0.0000000e+00
   0.0000000e+00
   0.0000000e+00
   0.0000000e+00
   0.0000000e+00
   0.0000000e+00
   0.0000000e+00
   0.0000000e+00
   0.0000000e+00
  -0.0000000e+00
   6.5071518e-03
   1.3729195e-02
   1.4156307e-02
   1.1313539e-02
   9.4856962e-03
   8.4983353e-03
   9.2550535e-03
   1.0870929e-02
   1.1164078e-02
   8.8228779e-03
   5.9998191e-03
   3.4008475e-03
   2.0314835e-03
   1.5080513e-03
   2.9878279e-03
   6.7213308e-03
   9.1263883e-03
   7.3861205e-03
  -1.9039572e-03
  -8.3448915e-03
   0.0000000e+00
   0.0000000e+00
   0.0000000e+00
   0.0000000e+00
   0.0000000e+00
   0.0000000e+00
   0.0000000e+00
   0.0000000e+00
   0.0000000e+00
   0.0000000e+00
   0.0000000e+00
   0.0000000e+00
   0.0000000e+00
   0.0000000e+00
   0.0000000e+00
  -0.0000000e+00
  -7.6276483e-03
   2.9819498e-03
   6.9331173e-03
   8.3005168e-03
   9.9531347e-03
   1.0767116e-02
   1.2372786e-02
   1.4757573e-02
   1.5376019e-02
   1.3536853e-02
   1.1622113e-02
   9.4614532e-03
   6.9940202e-03
   6.0959593e-03
   6.6423742e-03
   9.0725059e-03
   1.0848957e-02
   1.1327908e-02
   6.9211423e-03
   3.8498135e-03
   0.0000000e+00
   0.0000000e+00
   0.0000000e+00
  -0.0000000e+00
  -0.0000000e+00
   0.0000000e+00
   0.0000000e+00
   0.0000000e+00
   0.0000000e+00
   0.0000000e+00
   0.0000000e+00
   0.0000000e+00
   0.0000000e+00
   0.0000000e+00
  -0.0000000e+00
  -2.1420990e-02
  -1.4304943e-02
  -6.8672042e-03
  -3.1041456e-03
   8.7271526e-04
   5.1629591e-03
   8.4723001e-03
   1.1536111e-02
   1.3802710e-02
   1.4153080e-02
   1.3021994e-02
   1.1924360e-02
   1.0870636e-02
   8.5277837e-03
   7.4730501e-03
   8.2916114e-03
   9.8304953e-03
   1.0071680e-02
   1.1457017e-02
   9.6775219e-03
   7.7449761e-03
   5.2320865e-03
   0.0000000e+00
   1.9772577e-03
  -2.9951733e-03
  -9.1334117e-03
   0.0000000e+00
   0.0000000e+00
   0.0000000e+00
   0.0000000e+00
   0.0000000e+00
   0.0000000e+00
   0.0000000e+00
   0.0000000e+00
  -1.3490234e-02
  -1.5439624e-02
  -1.8023682e-02
  -1.7051337e-02
  -1.3697557e-02
  -1.0801963e-02
  -5.8461942e-03
  -2.8034116e-04
   5.1913292e-03
   8.9377527e-03
   1.0890279e-02
   1.0281893e-02
   9.4508797e-03
   8.3624832e-03
   7.8348992e-03
   6.3102350e-03
   5.0225677e-03
   5.6061645e-03
   7.1332684e-03
   6.5786499e-03
   7.4860854e-03
   7.3168907e-03
   7.2622709e-03
   5.6330481e-03
   3.0612440e-03
  -6.7064665e-04
  -6.0361948e-04
  -2.0837735e-03
   0.0000000e+00
   0.0000000e+00
   0.0000000e+00
   0.0000000e+00
   0.0000000e+00
  -0.0000000e+00
  -6.5798738e-03
  -1.1132395e-02
  -1.3728175e-02
  -1.4810804e-02
  -1.5296280e-02
  -1.6544042e-02
  -1.6518510e-02
  -1.4520062e-02
  -1.0384005e-02
  -4.8342508e-03
   6.7319768e-04
   4.4389451e-03
   6.0132434e-03
   5.2299830e-03
   3.9122854e-03
   1.6304598e-03
   1.1030633e-03
  -1.1489454e-04
  -7.0274014e-04
  -7.1685907e-04
   6.2757637e-05
   1.3268175e-05
  -4.2239256e-04
   7.3170848e-04
   1.9834702e-03
   3.3134692e-03
   2.6164579e-03
  -1.8852426e-03
  -9.5430372e-04
   0.0000000e+00
   0.0000000e+00
   0.0000000e+00
   0.0000000e+00
   0.0000000e+00
   0.0000000e+00
  -0.0000000e+00
  -7.1263490e-03
  -1.2774182e-02
  -1.4313750e-02
  -1.6160592e-02
  -1.6883815e-02
  -1.8398406e-02
  -1.9519513e-02
  -1.9079333e-02
  -1.6317071e-02
  -1.1935454e-02
  -7.1420614e-03
  -3.9145113e-03
  -2.3561059e-03
  -2.2442136e-03
  -3.9681331e-03
  -6.6045802e-03
  -7.9457862e-03
  -8.6248945e-03
  -8.5721649e-03
  -8.5185654e-03
  -8.2346108e-03
  -8.4324190e-03
  -8.4262518e-03
  -7.2957166e-03
  -5.0212373e-03
  -1.7709823e-03
   1.7784425e-04
  -1.3727418e-03
  -2.2669391e-03
   0.0000000e+00
   0.0000000e+00
   0.0000000e+00
   0.0000000e+00
   0.0000000e+00
   0.0000000e+00
   0.0000000e+00
  -6.2656207e-03
  -1.3892748e-02
  -1.0028489e-02
  -1.2137346e-02
  -1.5056527e-02
  -1.7143294e-02
  -1.8982829e-02
  -1.9705748e-02
  -1.8866122e-02
  -1.5773656e-02
  -1.1535672e-02
  -9.5864991e-03
  -8.5462107e-03
  -9.3326168e-03
  -1.2011920e-02
  -1.4052197e-02
  -1.6215051e-02
  -1.7024660e-02
  -1.8408836e-02
  -1.9093005e-02
  -1.8970260e-02
  -1.9143963e-02
  -1.9021537e-02
  -1.6508508e-02
  -1.4082065e-02
  -8.8363327e-03
  -6.6956053e-03
  -2.7517119e-03
  -3.2030286e-03
   7.7058157e-03
   0.0000000e+00
   0.0000000e+00
   0.0000000e+00
   0.0000000e+00
   0.0000000e+00
   1.1066550e-02
  -1.4483086e-03
  -7.5137727e-03
   4.4255822e-03
   2.4076939e-03
   5.2261789e-04
  -1.2104686e-03
  -2.3848402e-03
  -2.8746404e-03
  -2.1560503e-03
  -1.2976829e-03
  -3.6026186e-04
   1.7075181e-04
  -9.5554547e-04
  -2.5006252e-03
  -5.6110997e-03
  -8.5658667e-03
  -1.1371482e-02
  -1.3652707e-02
  -1.6052293e-02
  -1.8412363e-02
  -2.0611204e-02
  -2.1931722e-02
  -2.2561919e-02
  -2.3061400e-02
  -2.1688264e-02
  -1.8578663e-02
  -1.5283594e-02
  -1.0215600e-02
  -7.7142005e-03
  -3.3577613e-03
  -2.3892040e-03
   2.9771547e-03
   1.0832230e-02
   1.8879345e-02
   2.1258192e-02
   1.8615481e-02
   1.1944106e-02
   7.3263830e-03
