-START-OF-DATA-
1759.5 0.003374
1769.5 0.003374
1779.5 0.003374
1789.5 0.003374
1799.5 0.003374
1809.5 0.003374
1819.5 0.003374
1829.5 0.003374
1839.5 0.003374
1849.5 0.003374
1859.5 0.003374
1869.5 0.003374
1879.5 0.003374
1889.5 0.003374
1899.5 0.003374
1909.5 0.003374
1919.5 0.003374
1929.5 0.003374
1939.5 0.003374
1949.5 0.003592
2049.5 0.003665
2149.5 0.003787
2249.5 0.003957
2349.5 0.004163
2449.5 0.004393
2549.5 0.004685
2649.5 0.005049
2749.5 0.005401
2849.5 0.005729
2949.5 0.006008
3049.5 0.006214
3149.5 0.006347
3249.5 0.00642
3349.5 0.006457
3449.5 0.006457
3549.5 0.006432
3649.5 0.006396
3749.5 0.006347
3849.5 0.006299
3949.5 0.00625
4049.5 0.00619
4149.5 0.006141
4249.5 0.006093
4349.5 0.006044
4449.5 0.005996
4549.5 0.005959
4649.5 0.005911
4749.5 0.005874
4849.5 0.005838
4949.5 0.005801
5049.5 0.005765
5149.5 0.005729
5249.5 0.005692
5349.5 0.005668
5449.5 0.005631
5549.5 0.005607
5649.5 0.005583
5749.5 0.005546
5849.5 0.005522
5949.5 0.005498
6049.5 0.005474
6149.5 0.005449
6249.5 0.005437
6349.5 0.005413
6449.5 0.005389
6549.5 0.005377
6649.5 0.005352
6749.5 0.005328
6849.5 0.005316
6949.5 0.005292
7049.5 0.005279
7149.5 0.005267
7249.5 0.005243
7349.5 0.005231
7449.5 0.005219
7549.5 0.005195
7649.5 0.005182
7749.5 0.00517
7849.5 0.005158
7949.5 0.005146
8049.5 0.005134
8149.5 0.00511
8249.5 0.005097
8349.5 0.005085
8449.5 0.005073
8549.5 0.005061
8649.5 0.005049
8749.5 0.005049
8849.5 0.005037
8949.5 0.005025
9049.5 0.005012
9149.5 0.005
9249.5 0.004988
9349.5 0.004976
9449.5 0.004976
9549.5 0.004964
9649.5 0.004952
9749.5 0.00494
9849.5 0.00494
9949.5 0.004927
10049.5 0.004915
10149.5 0.004903
10249.5 0.004903
10349.5 0.004891
10449.5 0.004879
10549.5 0.004879
10649.5 0.004867
10749.5 0.004867
10849.5 0.004855
10949.5 0.004843
11049.5 0.004843
11149.5 0.00483
11249.5 0.00483
11349.5 0.004818
11449.5 0.004806
11549.5 0.004806
11649.5 0.004794
11749.5 0.004794
11849.5 0.004782
11949.5 0.004782
12049.5 0.00477
12149.5 0.00477
12249.5 0.004758
12349.5 0.004758
12449.5 0.004745
12549.5 0.004745
12649.5 0.004745
12749.5 0.004733
12849.5 0.004733
12949.5 0.004721
13049.5 0.004721
13149.5 0.004709
13249.5 0.004709
13349.5 0.004697
13449.5 0.004697
13549.5 0.004697
13649.5 0.004685
13749.5 0.004685
13849.5 0.004685
13949.5 0.004673
14049.5 0.004673
14149.5 0.00466
14249.5 0.00466
14349.5 0.00466
14449.5 0.004648
14549.5 0.004648
14649.5 0.004648
14749.5 0.004636
14849.5 0.004636
14949.5 0.004636
15049.5 0.004624
15149.5 0.004624
15249.5 0.004624
15349.5 0.004612
15449.5 0.004612
15549.5 0.004612
15649.5 0.0046
15749.5 0.0046
15849.5 0.0046
15949.5 0.0046
16049.5 0.004588
16149.5 0.004588
16249.5 0.004588
16349.5 0.004576
16449.5 0.004576
16549.5 0.004576
16649.5 0.004576
16749.5 0.004563
16849.5 0.004563
16949.5 0.004563
17049.5 0.004551
17149.5 0.004551
17249.5 0.004551
17349.5 0.004551
17449.5 0.004539
17549.5 0.004539
17649.5 0.004539
17749.5 0.004527
17849.5 0.004527
17949.5 0.004527
18049.5 0.004527
18149.5 0.004515
18249.5 0.004515
18349.5 0.004515
18449.5 0.004515
18549.5 0.004503
18649.5 0.004503
18749.5 0.004503
18849.5 0.004503
18949.5 0.004491
19049.5 0.004491
19149.5 0.004491
19249.5 0.004491
19349.5 0.004478
19449.5 0.004478
19549.5 0.004478
19649.5 0.004466
19749.5 0.004466
19849.5 0.004466
19949.5 0.004466
20049.5 0.004454
20149.5 0.004454
20249.5 0.004454
20349.5 0.004454
20449.5 0.004442
20549.5 0.004442
20649.5 0.004442
20749.5 0.004442
20849.5 0.00443
20949.5 0.00443
21049.5 0.00443
21149.5 0.00443
21249.5 0.004418
21349.5 0.004418
21449.5 0.004418
21549.5 0.004418
21649.5 0.004406
21749.5 0.004406
21849.5 0.004406
21949.5 0.004406
22049.5 0.004393
22149.5 0.004393
22249.5 0.004393
22349.5 0.004393
22449.5 0.004393
22549.5 0.004381
22649.5 0.004381
22749.5 0.004381
22849.5 0.004381
22949.5 0.004369
23049.5 0.004369
23149.5 0.004369
23249.5 0.004369
23349.5 0.004369
23449.5 0.004357
23549.5 0.004357
23649.5 0.004357
23749.5 0.004357
23849.5 0.004357
23949.5 0.004345
24049.5 0.004345
24149.5 0.004345
24249.5 0.004345
24349.5 0.004333
24449.5 0.004333
24549.5 0.004333
24649.5 0.004333
24749.5 0.004333
24849.5 0.004333
24949.5 0.004321
25049.5 0.004321
25149.5 0.004321
25249.5 0.004321
25349.5 0.004321
25449.5 0.004309
25549.5 0.004309
25649.5 0.004309
25749.5 0.004309
25849.5 0.004309
25949.5 0.004309
26049.5 0.004296
26149.5 0.004296
26249.5 0.004296
26349.5 0.004296
26449.5 0.004296
26549.5 0.004284
26649.5 0.004284
26749.5 0.004284
26849.5 0.004284
26949.5 0.004284
27049.5 0.004284
27149.5 0.004284
27249.5 0.004272
27349.5 0.004272
27449.5 0.004272
27549.5 0.004272
27649.5 0.004272
27749.5 0.004272
27849.5 0.00426
27949.5 0.00426
28049.5 0.00426
28149.5 0.00426
28249.5 0.00426
28349.5 0.00426
28449.5 0.00426
28549.5 0.004248
28649.5 0.004248
28749.5 0.004248
28849.5 0.004248
28949.5 0.004248
29049.5 0.004248
29149.5 0.004248
29249.5 0.004248
29349.5 0.004236
29449.5 0.004236
29549.5 0.004236
29649.5 0.004236
29749.5 0.004236
29849.5 0.004236
29949.5 0.004236
30049.5 0.004236
30149.5 0.004224
30249.5 0.004224
30349.5 0.004224
30449.5 0.004224
30549.5 0.004224
30649.5 0.004224
30749.5 0.004224
30849.5 0.004224
30949.5 0.004211
31049.5 0.004211
31149.5 0.004211
31249.5 0.004211
31349.5 0.004211
31449.5 0.004211
31549.5 0.004211
31649.5 0.004211
31749.5 0.004211
31849.5 0.004211
31949.5 0.004199
32049.5 0.004199
32149.5 0.004199
32249.5 0.004199
32349.5 0.004199
32449.5 0.004199
32549.5 0.004199
32649.5 0.004199
32749.5 0.004199
32849.5 0.004199
32949.5 0.004187
33049.5 0.004187
33149.5 0.004187
33249.5 0.004187
33349.5 0.004187
33449.5 0.004187
33549.5 0.004187
33649.5 0.004187
33749.5 0.004187
33849.5 0.004187
33949.5 0.004187
34049.5 0.004187
34149.5 0.004175
34249.5 0.004175
34349.5 0.004175
34449.5 0.004175
34549.5 0.004175
34649.5 0.004175
34749.5 0.004175
34849.5 0.004175
34949.5 0.004175
35049.5 0.004175
35149.5 0.004175
35249.5 0.004175
35349.5 0.004175
35449.5 0.004163
35549.5 0.004163
35649.5 0.004163
35749.5 0.004163
35849.5 0.004163
35949.5 0.004163
36049.5 0.004163
36149.5 0.004163
36249.5 0.004163
36349.5 0.004163
36449.5 0.004163
36549.5 0.004163
36649.5 0.004163
36749.5 0.004163
36849.5 0.004163
36949.5 0.004151
37049.5 0.004151
37149.5 0.004151
37249.5 0.004151
37349.5 0.004151
37449.5 0.004151
37549.5 0.004151
37649.5 0.004151
37749.5 0.004151
37849.5 0.004151
37949.5 0.004151
38049.5 0.004151
38149.5 0.004151
38249.5 0.004151
38349.5 0.004151
38449.5 0.004151
38549.5 0.004139
38649.5 0.004139
38749.5 0.004139
38849.5 0.004139
38949.5 0.004139
39049.5 0.004139
39149.5 0.004139
39249.5 0.004139
39349.5 0.004139
39449.5 0.004139
39549.5 0.004139
39649.5 0.004139
39749.5 0.004139
39849.5 0.004139
39949.5 0.004139
40049.5 0.004139
40149.5 0.004126
40249.5 0.004126
40349.5 0.004126
40449.5 0.004126
40549.5 0.004126
40649.5 0.004126
40749.5 0.004126
40849.5 0.004126
40949.5 0.004126
41049.5 0.004126
41149.5 0.004126
41249.5 0.004126
41349.5 0.004126
41449.5 0.004126
41549.5 0.004126
41649.5 0.004126
41749.5 0.004126
41849.5 0.004126
41949.5 0.004114
42049.5 0.004114
42149.5 0.004114
42249.5 0.004114
42349.5 0.004114
42449.5 0.004114
42549.5 0.004114
42649.5 0.004114
42749.5 0.004114
42849.5 0.004114
42949.5 0.004114
43049.5 0.004114
43149.5 0.004114
43249.5 0.004114
43349.5 0.004114
43449.5 0.004114
43549.5 0.004114
43649.5 0.004114
43749.5 0.004102
43849.5 0.004102
43949.5 0.004102
44049.5 0.004102
44149.5 0.004102
44249.5 0.004102
44349.5 0.004102
44449.5 0.004102
44549.5 0.004102
44649.5 0.004102
44749.5 0.004102
44849.5 0.004102
44949.5 0.004102
45049.5 0.004102
45149.5 0.004102
45249.5 0.004102
45349.5 0.004102
45449.5 0.004102
45549.5 0.004102
45649.5 0.00409
45749.5 0.00409
45849.5 0.00409
45949.5 0.00409
46049.5 0.00409
46149.5 0.00409
46249.5 0.00409
46349.5 0.00409
46449.5 0.00409
46549.5 0.00409
46649.5 0.00409
46749.5 0.00409
46849.5 0.00409
46949.5 0.00409
47049.5 0.00409
47149.5 0.00409
47249.5 0.00409
47349.5 0.00409
47449.5 0.00409
47549.5 0.00409
47649.5 0.00409
47749.5 0.004078
47849.5 0.004078
47949.5 0.004078
48049.5 0.004078
48149.5 0.004078
48249.5 0.004078
48349.5 0.004078
48449.5 0.004078
48549.5 0.004078
48649.5 0.004078
48749.5 0.004078
48849.5 0.004078
48949.5 0.004078
49049.5 0.004078
49149.5 0.004078
49249.5 0.004078
49349.5 0.004078
49449.5 0.004078
49549.5 0.004078
49649.5 0.004078
49749.5 0.004078
49849.5 0.004078
49949.5 0.004078
50049.5 0.004066
50149.5 0.004066
50249.5 0.004066
50349.5 0.004066
50449.5 0.004066
50549.5 0.004066
50649.5 0.004066
50749.5 0.004066
50849.5 0.004066
50949.5 0.004066
51049.5 0.004066
51149.5 0.004066
51249.5 0.004066
51349.5 0.004066
51449.5 0.004066
51549.5 0.004066
51649.5 0.004066
51749.5 0.004066
51849.5 0.004066
51949.5 0.004066
52049.5 0.004066
52149.5 0.004066
52249.5 0.004066
52349.5 0.004066
52449.5 0.004054
52549.5 0.004054
52649.5 0.004054
52749.5 0.004054
52849.5 0.004054
52949.5 0.004054
53049.5 0.004054
53149.5 0.004054
53249.5 0.004054
53349.5 0.004054
53449.5 0.004054
53549.5 0.004054
53649.5 0.004054
53749.5 0.004054
53849.5 0.004054
53949.5 0.004054
54049.5 0.004054
54149.5 0.004054
54249.5 0.004054
54349.5 0.004054
54449.5 0.004054
54549.5 0.004054
54649.5 0.004054
54749.5 0.004054
54849.5 0.004054
54949.5 0.004042
55049.5 0.004042
55149.5 0.004042
55249.5 0.004042
55349.5 0.004042
55449.5 0.004042
55549.5 0.004042
55649.5 0.004042
55749.5 0.004042
55849.5 0.004042
55949.5 0.004042
56049.5 0.004042
56149.5 0.004042
56249.5 0.004042
56349.5 0.004042
56449.5 0.004042
56549.5 0.004042
56649.5 0.004042
56749.5 0.004042
56849.5 0.004042
56949.5 0.004042
57049.5 0.004042
57149.5 0.004042
57249.5 0.004042
57349.5 0.004029
57449.5 0.004029
57549.5 0.004029
57649.5 0.004029
57749.5 0.004029
57849.5 0.004029
57949.5 0.004029
58049.5 0.004029
58149.5 0.004029
58249.5 0.004029
58349.5 0.004029
58449.5 0.004029
58549.5 0.004029
58649.5 0.004029
58749.5 0.004029
58849.5 0.004029
58949.5 0.004029
59049.5 0.004029
59149.5 0.004029
59249.5 0.004029
59349.5 0.004029
59449.5 0.004029
59549.5 0.004029
59649.5 0.004029
59749.5 0.004017
59849.5 0.004017
59949.5 0.004017
60049.5 0.004017
60149.5 0.004017
60249.5 0.004017
60349.5 0.004017
60449.5 0.004017
60549.5 0.004017
60649.5 0.004017
60749.5 0.004017
60849.5 0.004017
60949.5 0.004017
61049.5 0.004017
61149.5 0.004017
61249.5 0.004017
61349.5 0.004017
61449.5 0.004017
61549.5 0.004017
61649.5 0.004017
61749.5 0.004017
61849.5 0.004017
61949.5 0.004017
62049.5 0.004017
62149.5 0.004017
62249.5 0.004017
62349.5 0.004017
62449.5 0.004005
62549.5 0.004005
62649.5 0.004005
62749.5 0.004005
62849.5 0.004005
62949.5 0.004005
63049.5 0.004005
63149.5 0.004005
63249.5 0.004005
63349.5 0.004005
63449.5 0.004005
63549.5 0.004005
63649.5 0.004005
63749.5 0.004005
63849.5 0.004005
63949.5 0.004005
64049.5 0.004005
64149.5 0.004005
64249.5 0.004005
64349.5 0.004005
64449.5 0.004005
64549.5 0.004005
64649.5 0.004005
64749.5 0.004005
64849.5 0.004005
64949.5 0.004005
65049.5 0.004005
65149.5 0.004005
65249.5 0.004005
65349.5 0.004005
65449.5 0.004005
65549.5 0.003993
65649.5 0.003993
65749.5 0.003993
65849.5 0.003993
65949.5 0.003993
66049.5 0.003993
66149.5 0.003993
66249.5 0.003993
66349.5 0.003993
66449.5 0.003993
66549.5 0.003993
66649.5 0.003993
66749.5 0.003993
66849.5 0.003993
66949.5 0.003993
67049.5 0.003993
67149.5 0.003993
67249.5 0.003993
67349.5 0.003993
67449.5 0.003993
67549.5 0.003993
67649.5 0.003993
67749.5 0.003993
67849.5 0.003993
67949.5 0.003993
68049.5 0.003993
68149.5 0.003993
68249.5 0.003993
68349.5 0.003993
68449.5 0.003993
68549.5 0.003993
68649.5 0.003993
68749.5 0.003981
68849.5 0.003981
68949.5 0.003981
69049.5 0.003981
69149.5 0.003981
69249.5 0.003981
69349.5 0.003981
69449.5 0.003981
69549.5 0.003981
69649.5 0.003981
69749.5 0.003981
69849.5 0.003981
69949.5 0.003981
70049.5 0.003981
70149.5 0.003981
70249.5 0.003981
70349.5 0.003981
70449.5 0.003981
70549.5 0.003981
70649.5 0.003981
70749.5 0.003981
70849.5 0.003981
70949.5 0.003981
71049.5 0.003981
71149.5 0.003981
71249.5 0.003981
71349.5 0.003981
71449.5 0.003981
71549.5 0.003981
71649.5 0.003981
71749.5 0.003981
71849.5 0.003981
71949.5 0.003981
72049.5 0.003969
72149.5 0.003969
72249.5 0.003969
72349.5 0.003969
72449.5 0.003969
72549.5 0.003969
72649.5 0.003969
72749.5 0.003969
72849.5 0.003969
72949.5 0.003969
73049.5 0.003969
73149.5 0.003969
73249.5 0.003969
73349.5 0.003969
73449.5 0.003969
73549.5 0.003969
73649.5 0.003969
73749.5 0.003969
73849.5 0.003969
73949.5 0.003969
74049.5 0.003969
74149.5 0.003969
74249.5 0.003969
74349.5 0.003969
74449.5 0.003969
74549.5 0.003969
74649.5 0.003969
74749.5 0.003969
74849.5 0.003969
74949.5 0.003969
75049.5 0.003969
75149.5 0.003957
75249.5 0.003957
75349.5 0.003957
75449.5 0.003957
75549.5 0.003957
75649.5 0.003957
75749.5 0.003957
75849.5 0.003957
75949.5 0.003957
76049.5 0.003957
76149.5 0.003957
76249.5 0.003957
76349.5 0.003957
76449.5 0.003957
76549.5 0.003957
76649.5 0.003957
76749.5 0.003957
76849.5 0.003957
76949.5 0.003957
77049.5 0.003957
77149.5 0.003957
77249.5 0.003957
77349.5 0.003957
77449.5 0.003957
77549.5 0.003957
77649.5 0.003957
77749.5 0.003957
77849.5 0.003957
77949.5 0.003957
78049.5 0.003957
78149.5 0.003957
78249.5 0.003957
78349.5 0.003957
78449.5 0.003957
78549.5 0.003944
78649.5 0.003944
78749.5 0.003944
78849.5 0.003944
78949.5 0.003944
79049.5 0.003944
79149.5 0.003944
79249.5 0.003944
79349.5 0.003944
79449.5 0.003944
79549.5 0.003944
79649.5 0.003944
79749.5 0.003944
79849.5 0.003944
79949.5 0.003944
80049.5 0.003944
80149.5 0.003944
80249.5 0.003944
80349.5 0.003944
80449.5 0.003944
80549.5 0.003944
80649.5 0.003944
80749.5 0.003944
80849.5 0.003944
80949.5 0.003944
81049.5 0.003944
81149.5 0.003944
81249.5 0.003944
81349.5 0.003944
81449.5 0.003944
81549.5 0.003944
81649.5 0.003944
81749.5 0.003944
81849.5 0.003944
81949.5 0.003944
82049.5 0.003944
82149.5 0.003944
82249.5 0.003944
82349.5 0.003932
82449.5 0.003932
82549.5 0.003932
82649.5 0.003932
82749.5 0.003932
82849.5 0.003932
82949.5 0.003932
83049.5 0.003932
83149.5 0.003932
83249.5 0.003932
83349.5 0.003932
83449.5 0.003932
83549.5 0.003932
83649.5 0.003932
83749.5 0.003932
83849.5 0.003932
83949.5 0.003932
84049.5 0.003932
84149.5 0.003932
84249.5 0.003932
84349.5 0.003932
84449.5 0.003932
84549.5 0.003932
84649.5 0.003932
84749.5 0.003932
84849.5 0.003932
84949.5 0.003932
85049.5 0.003932
85149.5 0.003932
85249.5 0.003932
85349.5 0.003932
85449.5 0.003932
85549.5 0.003932
85649.5 0.003932
85749.5 0.003932
85849.5 0.003932
85949.5 0.003932
86049.5 0.003932
86149.5 0.003932
86249.5 0.00392
86349.5 0.00392
86449.5 0.00392
86549.5 0.00392
86649.5 0.00392
86749.5 0.00392
86849.5 0.00392
86949.5 0.00392
87049.5 0.00392
87149.5 0.00392
87249.5 0.00392
87349.5 0.00392
87449.5 0.00392
87549.5 0.00392
87649.5 0.00392
87749.5 0.00392
87849.5 0.00392
87949.5 0.00392
88049.5 0.00392
88149.5 0.00392
88249.5 0.00392
88349.5 0.00392
88449.5 0.00392
88549.5 0.00392
88649.5 0.00392
88749.5 0.00392
88849.5 0.00392
88949.5 0.00392
89049.5 0.00392
89149.5 0.00392
89249.5 0.00392
89349.5 0.00392
89449.5 0.00392
89549.5 0.00392
89649.5 0.00392
89749.5 0.00392
89849.5 0.00392
89949.5 0.00392
90049.5 0.00392
90149.5 0.00392
90249.5 0.00392
90349.5 0.00392
90449.5 0.00392
90549.5 0.00392
90649.5 0.00392
90749.5 0.00392
90849.5 0.00392
90949.5 0.00392
91049.5 0.003908
91149.5 0.003908
91249.5 0.003908
91349.5 0.003908
91449.5 0.003908
91549.5 0.003908
91649.5 0.003908
91749.5 0.003908
91849.5 0.003908
91949.5 0.003908
92049.5 0.003908
92149.5 0.003908
92249.5 0.003908
92349.5 0.003908
92449.5 0.003908
92549.5 0.003908
92649.5 0.003908
92749.5 0.003908
92849.5 0.003908
92949.5 0.003908
93049.5 0.003908
93149.5 0.003908
93249.5 0.003908
93349.5 0.003908
93449.5 0.003908
93549.5 0.003908
93649.5 0.003908
93749.5 0.003908
93849.5 0.003908
93949.5 0.003908
94049.5 0.003908
94149.5 0.003908
94249.5 0.003908
94349.5 0.003908
94449.5 0.003908
94549.5 0.003908
94649.5 0.003908
94749.5 0.003908
94849.5 0.003908
94949.5 0.003908
95049.5 0.003908
95149.5 0.003908
95249.5 0.003908
95349.5 0.003908
95449.5 0.003908
95549.5 0.003908
95649.5 0.003908
95749.5 0.003908
95849.5 0.003908
95949.5 0.003908
96049.5 0.003908
96149.5 0.003908
96249.5 0.003908
96349.5 0.003908
96449.5 0.003896
96549.5 0.003896
96649.5 0.003896
96749.5 0.003896
96849.5 0.003896
96949.5 0.003896
97049.5 0.003896
97149.5 0.003896
97249.5 0.003896
97349.5 0.003896
97449.5 0.003896
97549.5 0.003896
97649.5 0.003896
97749.5 0.003896
97849.5 0.003896
97949.5 0.003896
98049.5 0.003896
98149.5 0.003896
98249.5 0.003896
98349.5 0.003896
98449.5 0.003896
98549.5 0.003896
98649.5 0.003896
98749.5 0.003896
98849.5 0.003896
98949.5 0.003896
99049.5 0.003896
99149.5 0.003896
99249.5 0.003896
99349.5 0.003896
99449.5 0.003896
99549.5 0.003896
99649.5 0.003896
99749.5 0.003896
99849.5 0.003896
99949.5 0.003896
100049.5 0.003896
100149.5 0.003896
100249.5 0.003896
100349.5 0.003896
100449.5 0.003896
100549.5 0.003896
100649.5 0.003896
100749.5 0.003896
100849.5 0.003896
100949.5 0.003896
101049.5 0.003896
101149.5 0.003896
101249.5 0.003896
101349.5 0.003896
101449.5 0.003896
101549.5 0.003896
101649.5 0.003896
101749.5 0.003896
101849.5 0.003896
101949.5 0.003896
102049.5 0.003896
102149.5 0.003896
102249.5 0.003896
102349.5 0.003884
102449.5 0.003884
102549.5 0.003884
9999982445 0.003374
-END-OF-DATA-
