-START-OF-DATA-
1759.5 0.00149197
1769.5 0.00149197
1779.5 0.00149197
1789.5 0.00149197
1799.5 0.00149197
1809.5 0.00149197
1819.5 0.00149197
1829.5 0.00149197
1839.5 0.00149197
1849.5 0.00149197
1859.5 0.00149197
1869.5 0.00149197
1879.5 0.00149197
1889.5 0.00149197
1899.5 0.00149197
1909.5 0.00149197
1919.5 0.00149197
1929.5 0.00149197
1939.5 0.00149197
1949.5 0.001589
2949.5 0.001621
3949.5 0.001674
4949.5 0.00175
5949.5 0.001841
6949.5 0.001943
7949.5 0.002072
8949.5 0.002243
9949.5 0.002463
10949.5 0.002742
11949.5 0.003091
12949.5 0.003515
13949.5 0.00402
14949.5 0.004605
15949.5 0.00527
16949.5 0.006011
17949.5 0.006708
18949.5 0.00746
19949.5 0.008211
20949.5 0.008855
21949.5 0.009446
22949.5 0.009929
23949.5 0.010358
24949.5 0.01068
25949.5 0.010895
26949.5 0.011109
27949.5 0.011217
28949.5 0.011324
29949.5 0.011378
30949.5 0.011431
31949.5 0.011431
32949.5 0.011431
33949.5 0.011378
34949.5 0.011378
35949.5 0.011324
36949.5 0.01127
37949.5 0.01127
38949.5 0.011217
39949.5 0.011163
40949.5 0.011109
41949.5 0.011056
42949.5 0.011002
43949.5 0.010948
44949.5 0.010895
45949.5 0.010841
46949.5 0.010787
47949.5 0.010787
48949.5 0.010734
49949.5 0.01068
50949.5 0.010626
51949.5 0.010573
52949.5 0.010519
53949.5 0.010519
54949.5 0.010465
55949.5 0.010412
56949.5 0.010358
57949.5 0.010304
58949.5 0.010304
59949.5 0.010251
60949.5 0.010197
61949.5 0.010197
62949.5 0.010143
63949.5 0.01009
64949.5 0.010036
65949.5 0.010036
66949.5 0.009982
67949.5 0.009929
68949.5 0.009929
69949.5 0.009875
70949.5 0.009821
71949.5 0.009821
72949.5 0.009768
73949.5 0.009714
74949.5 0.009714
75949.5 0.00966
76949.5 0.009607
77949.5 0.009607
78949.5 0.009553
79949.5 0.009553
80949.5 0.009499
81949.5 0.009446
82949.5 0.009446
83949.5 0.009392
84949.5 0.009392
85949.5 0.009338
86949.5 0.009285
87949.5 0.009285
88949.5 0.009231
89949.5 0.009231
90949.5 0.009177
91949.5 0.009177
92949.5 0.009124
93949.5 0.00907
94949.5 0.00907
95949.5 0.009016
96949.5 0.009016
97949.5 0.008963
98949.5 0.008963
99949.5 0.008909
100949.5 0.008909
101949.5 0.008855
102949.5 0.008855
103949.5 0.008802
104949.5 0.008802
105949.5 0.008748
106949.5 0.008748
107949.5 0.008694
108949.5 0.008694
109949.5 0.008641
110949.5 0.008641
111949.5 0.008587
112949.5 0.008587
113949.5 0.008533
114949.5 0.008533
115949.5 0.00848
116949.5 0.00848
117949.5 0.008426
118949.5 0.008426
119949.5 0.008426
120949.5 0.008372
121949.5 0.008372
122949.5 0.008319
123949.5 0.008319
124949.5 0.008265
125949.5 0.008265
126949.5 0.008211
127949.5 0.008211
128949.5 0.008211
129949.5 0.008158
130949.5 0.008158
131949.5 0.008104
132949.5 0.008104
133949.5 0.00805
134949.5 0.00805
135949.5 0.00805
136949.5 0.007997
137949.5 0.007997
138949.5 0.007943
139949.5 0.007943
140949.5 0.007943
141949.5 0.007889
142949.5 0.007889
143949.5 0.007836
144949.5 0.007836
145949.5 0.007836
146949.5 0.007782
147949.5 0.007782
148949.5 0.007782
149949.5 0.007728
150949.5 0.007728
151949.5 0.007675
152949.5 0.007675
153949.5 0.007675
154949.5 0.007621
155949.5 0.007621
156949.5 0.007621
157949.5 0.007567
158949.5 0.007567
159949.5 0.007514
160949.5 0.007514
161949.5 0.007514
162949.5 0.00746
163949.5 0.00746
164949.5 0.00746
165949.5 0.007406
166949.5 0.007406
167949.5 0.007406
168949.5 0.007353
169949.5 0.007353
170949.5 0.007353
171949.5 0.007299
172949.5 0.007299
173949.5 0.007299
174949.5 0.007245
175949.5 0.007245
176949.5 0.007245
177949.5 0.007192
178949.5 0.007192
179949.5 0.007192
180949.5 0.007138
181949.5 0.007138
182949.5 0.007138
183949.5 0.007138
184949.5 0.007084
185949.5 0.007084
186949.5 0.007084
187949.5 0.007031
188949.5 0.007031
189949.5 0.007031
190949.5 0.006977
191949.5 0.006977
192949.5 0.006977
193949.5 0.006977
194949.5 0.006923
195949.5 0.006923
196949.5 0.006923
197949.5 0.00687
198949.5 0.00687
199949.5 0.00687
200949.5 0.00687
201949.5 0.006816
202949.5 0.006816
203949.5 0.006816
204949.5 0.006816
205949.5 0.006762
206949.5 0.006762
207949.5 0.006762
208949.5 0.006708
209949.5 0.006708
210949.5 0.006708
211949.5 0.006708
212949.5 0.006655
213949.5 0.006655
214949.5 0.006655
215949.5 0.006655
216949.5 0.006601
217949.5 0.006601
218949.5 0.006601
219949.5 0.006601
220949.5 0.006547
221949.5 0.006547
222949.5 0.006547
223949.5 0.006547
224949.5 0.006547
225949.5 0.006494
226949.5 0.006494
227949.5 0.006494
228949.5 0.006494
229949.5 0.00644
230949.5 0.00644
231949.5 0.00644
232949.5 0.00644
233949.5 0.006386
234949.5 0.006386
235949.5 0.006386
236949.5 0.006386
237949.5 0.006386
238949.5 0.006333
239949.5 0.006333
240949.5 0.006333
241949.5 0.006333
242949.5 0.006333
243949.5 0.006279
244949.5 0.006279
245949.5 0.006279
246949.5 0.006279
247949.5 0.006279
248949.5 0.006225
249949.5 0.006225
250949.5 0.006225
251949.5 0.006225
252949.5 0.006225
253949.5 0.006172
254949.5 0.006172
255949.5 0.006172
256949.5 0.006172
257949.5 0.006172
258949.5 0.006118
259949.5 0.006118
260949.5 0.006118
261949.5 0.006118
262949.5 0.006118
263949.5 0.006118
264949.5 0.006064
265949.5 0.006064
266949.5 0.006064
267949.5 0.006064
268949.5 0.006064
269949.5 0.006011
270949.5 0.006011
271949.5 0.006011
272949.5 0.006011
273949.5 0.006011
274949.5 0.006011
275949.5 0.005957
276949.5 0.005957
277949.5 0.005957
278949.5 0.005957
279949.5 0.005957
280949.5 0.005957
281949.5 0.005957
282949.5 0.005903
283949.5 0.005903
284949.5 0.005903
285949.5 0.005903
286949.5 0.005903
287949.5 0.005903
288949.5 0.00585
289949.5 0.00585
290949.5 0.00585
291949.5 0.00585
292949.5 0.00585
293949.5 0.00585
294949.5 0.00585
295949.5 0.005796
296949.5 0.005796
297949.5 0.005796
298949.5 0.005796
299949.5 0.005796
300949.5 0.005796
301949.5 0.005796
302949.5 0.005742
303949.5 0.005742
304949.5 0.005742
305949.5 0.005742
306949.5 0.005742
307949.5 0.005742
308949.5 0.005742
309949.5 0.005742
310949.5 0.005689
311949.5 0.005689
312949.5 0.005689
313949.5 0.005689
314949.5 0.005689
315949.5 0.005689
316949.5 0.005689
317949.5 0.005689
318949.5 0.005635
319949.5 0.005635
320949.5 0.005635
321949.5 0.005635
322949.5 0.005635
323949.5 0.005635
324949.5 0.005635
325949.5 0.005635
326949.5 0.005581
327949.5 0.005581
328949.5 0.005581
329949.5 0.005581
330949.5 0.005581
331949.5 0.005581
332949.5 0.005581
333949.5 0.005581
334949.5 0.005581
335949.5 0.005528
336949.5 0.005528
337949.5 0.005528
338949.5 0.005528
339949.5 0.005528
340949.5 0.005528
341949.5 0.005528
342949.5 0.005528
343949.5 0.005528
344949.5 0.005474
345949.5 0.005474
346949.5 0.005474
347949.5 0.005474
348949.5 0.005474
349949.5 0.005474
350949.5 0.005474
351949.5 0.005474
352949.5 0.005474
353949.5 0.005474
354949.5 0.00542
355949.5 0.00542
356949.5 0.00542
357949.5 0.00542
358949.5 0.00542
359949.5 0.00542
360949.5 0.00542
361949.5 0.00542
362949.5 0.00542
363949.5 0.00542
364949.5 0.005367
365949.5 0.005367
366949.5 0.005367
367949.5 0.005367
368949.5 0.005367
369949.5 0.005367
370949.5 0.005361
371949.5 0.005356
372949.5 0.005351
373949.5 0.005345
374949.5 0.005345
375949.5 0.00534
376949.5 0.005335
377949.5 0.005329
378949.5 0.005324
379949.5 0.005318
380949.5 0.005313
381949.5 0.005308
382949.5 0.005308
383949.5 0.005302
384949.5 0.005297
385949.5 0.005292
386949.5 0.005286
387949.5 0.005281
388949.5 0.005281
389949.5 0.005276
390949.5 0.00527
391949.5 0.005265
392949.5 0.005259
393949.5 0.005259
394949.5 0.005254
395949.5 0.005249
396949.5 0.005243
397949.5 0.005243
398949.5 0.005238
399949.5 0.005233
400949.5 0.005227
401949.5 0.005222
402949.5 0.005222
403949.5 0.005217
404949.5 0.005211
405949.5 0.005206
406949.5 0.005206
407949.5 0.0052
408949.5 0.005195
409949.5 0.005195
410949.5 0.00519
411949.5 0.005184
412949.5 0.005179
413949.5 0.005179
414949.5 0.005174
415949.5 0.005168
416949.5 0.005168
417949.5 0.005163
418949.5 0.005157
419949.5 0.005157
420949.5 0.005152
421949.5 0.005147
422949.5 0.005147
423949.5 0.005141
424949.5 0.005136
425949.5 0.005136
426949.5 0.005131
427949.5 0.005125
428949.5 0.005125
429949.5 0.00512
430949.5 0.005115
431949.5 0.005115
432949.5 0.005109
433949.5 0.005104
434949.5 0.005104
435949.5 0.005098
436949.5 0.005098
437949.5 0.005093
438949.5 0.005088
439949.5 0.005088
440949.5 0.005082
441949.5 0.005077
442949.5 0.005077
443949.5 0.005072
444949.5 0.005072
445949.5 0.005066
446949.5 0.005066
447949.5 0.005061
448949.5 0.005056
449949.5 0.005056
450949.5 0.00505
451949.5 0.00505
452949.5 0.005045
453949.5 0.005039
454949.5 0.005039
455949.5 0.005034
456949.5 0.005034
457949.5 0.005029
458949.5 0.005029
459949.5 0.005023
460949.5 0.005018
461949.5 0.005018
462949.5 0.005013
463949.5 0.005013
464949.5 0.005007
465949.5 0.005007
466949.5 0.005002
467949.5 0.005002
468949.5 0.004996
469949.5 0.004996
470949.5 0.004991
471949.5 0.004986
472949.5 0.004986
473949.5 0.00498
474949.5 0.00498
475949.5 0.004975
476949.5 0.004975
477949.5 0.00497
478949.5 0.00497
479949.5 0.004964
480949.5 0.004964
481949.5 0.004959
482949.5 0.004959
483949.5 0.004954
484949.5 0.004954
485949.5 0.004948
486949.5 0.004948
487949.5 0.004943
488949.5 0.004937
489949.5 0.004937
490949.5 0.004932
491949.5 0.004932
492949.5 0.004927
493949.5 0.004927
494949.5 0.004921
495949.5 0.004921
496949.5 0.004916
497949.5 0.004916
498949.5 0.004911
499949.5 0.004911
500949.5 0.004905
501949.5 0.004905
502949.5 0.0049
503949.5 0.0049
504949.5 0.004895
505949.5 0.004895
506949.5 0.004889
507949.5 0.004889
508949.5 0.004884
509949.5 0.004884
510949.5 0.004878
511949.5 0.004878
512949.5 0.004873
513949.5 0.004873
514949.5 0.004868
515949.5 0.004868
516949.5 0.004862
517949.5 0.004862
518949.5 0.004857
519949.5 0.004857
520949.5 0.004852
521949.5 0.004852
522949.5 0.004846
523949.5 0.004846
524949.5 0.004841
525949.5 0.004841
526949.5 0.004835
527949.5 0.004835
528949.5 0.00483
529949.5 0.00483
530949.5 0.00483
531949.5 0.004825
532949.5 0.004825
533949.5 0.004819
534949.5 0.004819
535949.5 0.004814
536949.5 0.004814
537949.5 0.004809
538949.5 0.004809
539949.5 0.004803
540949.5 0.004803
541949.5 0.004798
542949.5 0.004798
543949.5 0.004793
544949.5 0.004793
545949.5 0.004787
546949.5 0.004787
547949.5 0.004782
548949.5 0.004782
549949.5 0.004776
550949.5 0.004776
551949.5 0.004776
552949.5 0.004771
553949.5 0.004771
554949.5 0.004766
555949.5 0.004766
556949.5 0.00476
557949.5 0.00476
558949.5 0.004755
559949.5 0.004755
560949.5 0.00475
561949.5 0.00475
562949.5 0.004744
563949.5 0.004744
564949.5 0.004739
565949.5 0.004739
566949.5 0.004739
567949.5 0.004734
568949.5 0.004734
569949.5 0.004728
570949.5 0.004728
571949.5 0.004723
572949.5 0.004723
573949.5 0.004717
574949.5 0.004717
575949.5 0.004712
576949.5 0.004712
577949.5 0.004712
578949.5 0.004707
579949.5 0.004707
580949.5 0.004701
581949.5 0.004701
582949.5 0.004696
583949.5 0.004696
584949.5 0.004691
585949.5 0.004691
586949.5 0.004685
587949.5 0.004685
588949.5 0.004685
589949.5 0.00468
590949.5 0.00468
591949.5 0.004674
592949.5 0.004674
593949.5 0.004669
594949.5 0.004669
595949.5 0.004664
596949.5 0.004664
597949.5 0.004664
598949.5 0.004658
599949.5 0.004658
600949.5 0.004653
601949.5 0.004653
602949.5 0.004648
603949.5 0.004648
604949.5 0.004642
605949.5 0.004642
606949.5 0.004642
607949.5 0.004637
608949.5 0.004637
609949.5 0.004632
610949.5 0.004632
611949.5 0.004626
612949.5 0.004626
613949.5 0.004626
614949.5 0.004621
615949.5 0.004621
616949.5 0.004615
617949.5 0.004615
618949.5 0.00461
619949.5 0.00461
620949.5 0.00461
621949.5 0.004605
622949.5 0.004605
623949.5 0.004599
624949.5 0.004599
625949.5 0.004594
626949.5 0.004594
627949.5 0.004594
628949.5 0.004589
629949.5 0.004589
630949.5 0.004583
631949.5 0.004583
632949.5 0.004578
633949.5 0.004578
634949.5 0.004578
635949.5 0.004573
636949.5 0.004573
637949.5 0.004567
638949.5 0.004567
639949.5 0.004562
640949.5 0.004562
641949.5 0.004562
642949.5 0.004556
643949.5 0.004556
644949.5 0.004551
645949.5 0.004551
646949.5 0.004546
647949.5 0.004546
648949.5 0.004546
649949.5 0.00454
650949.5 0.00454
651949.5 0.004535
652949.5 0.004535
653949.5 0.004535
654949.5 0.00453
655949.5 0.00453
656949.5 0.004524
657949.5 0.004524
658949.5 0.004524
659949.5 0.004519
660949.5 0.004519
661949.5 0.004513
662949.5 0.004513
663949.5 0.004508
664949.5 0.004508
665949.5 0.004508
666949.5 0.004503
667949.5 0.004503
668949.5 0.004497
669949.5 0.004497
670949.5 0.004497
671949.5 0.004492
672949.5 0.004492
673949.5 0.004487
674949.5 0.004487
675949.5 0.004487
676949.5 0.004481
677949.5 0.004481
678949.5 0.004476
679949.5 0.004476
680949.5 0.004476
681949.5 0.004471
682949.5 0.004471
683949.5 0.004465
684949.5 0.004465
685949.5 0.004465
686949.5 0.00446
687949.5 0.00446
688949.5 0.00446
689949.5 0.004454
690949.5 0.004454
691949.5 0.004449
692949.5 0.004449
693949.5 0.004449
694949.5 0.004444
695949.5 0.004444
696949.5 0.004438
697949.5 0.004438
698949.5 0.004438
699949.5 0.004433
700949.5 0.004433
701949.5 0.004428
702949.5 0.004428
703949.5 0.004428
704949.5 0.004422
705949.5 0.004422
706949.5 0.004422
707949.5 0.004417
708949.5 0.004417
709949.5 0.004412
710949.5 0.004412
711949.5 0.004412
712949.5 0.004406
713949.5 0.004406
714949.5 0.004401
715949.5 0.004401
716949.5 0.004401
717949.5 0.004395
718949.5 0.004395
719949.5 0.004395
720949.5 0.00439
721949.5 0.00439
722949.5 0.004385
723949.5 0.004385
724949.5 0.004385
725949.5 0.004379
726949.5 0.004379
727949.5 0.004379
728949.5 0.004374
729949.5 0.004374
730949.5 0.004369
731949.5 0.004369
732949.5 0.004369
733949.5 0.004363
734949.5 0.004363
735949.5 0.004363
736949.5 0.004358
737949.5 0.004358
738949.5 0.004358
739949.5 0.004352
740949.5 0.004352
741949.5 0.004347
742949.5 0.004347
743949.5 0.004347
744949.5 0.004342
745949.5 0.004342
746949.5 0.004342
747949.5 0.004336
748949.5 0.004336
749949.5 0.004331
750949.5 0.004331
751949.5 0.004331
752949.5 0.004326
753949.5 0.004326
754949.5 0.004326
755949.5 0.00432
756949.5 0.00432
757949.5 0.00432
758949.5 0.004315
759949.5 0.004315
760949.5 0.00431
761949.5 0.00431
762949.5 0.00431
763949.5 0.004304
764949.5 0.004304
765949.5 0.004304
766949.5 0.004299
767949.5 0.004299
768949.5 0.004293
769949.5 0.004293
770949.5 0.004293
771949.5 0.004288
772949.5 0.004288
773949.5 0.004283
774949.5 0.004283
775949.5 0.004283
776949.5 0.004277
777949.5 0.004277
778949.5 0.004272
779949.5 0.004272
780949.5 0.004272
781949.5 0.004267
782949.5 0.004267
783949.5 0.004267
784949.5 0.004261
785949.5 0.004261
786949.5 0.004256
787949.5 0.004256
788949.5 0.004256
789949.5 0.004251
790949.5 0.004251
791949.5 0.004251
792949.5 0.004245
793949.5 0.004245
794949.5 0.00424
795949.5 0.00424
796949.5 0.00424
797949.5 0.004234
798949.5 0.004234
799949.5 0.004234
800949.5 0.004229
801949.5 0.004229
802949.5 0.004229
803949.5 0.004224
804949.5 0.004224
805949.5 0.004218
806949.5 0.004218
807949.5 0.004218
808949.5 0.004213
809949.5 0.004213
810949.5 0.004213
811949.5 0.004208
812949.5 0.004208
813949.5 0.004208
814949.5 0.004202
815949.5 0.004202
816949.5 0.004202
817949.5 0.004197
818949.5 0.004197
819949.5 0.004197
820949.5 0.004191
821949.5 0.004191
822949.5 0.004191
823949.5 0.004186
824949.5 0.004186
825949.5 0.004186
826949.5 0.004181
827949.5 0.004181
828949.5 0.004181
829949.5 0.004175
830949.5 0.004175
831949.5 0.004175
832949.5 0.00417
833949.5 0.00417
834949.5 0.00417
835949.5 0.004165
836949.5 0.004165
837949.5 0.004165
838949.5 0.004159
839949.5 0.004159
840949.5 0.004159
841949.5 0.004154
842949.5 0.004154
843949.5 0.004154
844949.5 0.004149
845949.5 0.004149
846949.5 0.004149
847949.5 0.004149
848949.5 0.004143
849949.5 0.004143
850949.5 0.004143
851949.5 0.004138
852949.5 0.004138
853949.5 0.004138
854949.5 0.004132
855949.5 0.004132
856949.5 0.004132
857949.5 0.004127
858949.5 0.004127
859949.5 0.004127
860949.5 0.004122
861949.5 0.004122
862949.5 0.004122
863949.5 0.004122
864949.5 0.004116
865949.5 0.004116
866949.5 0.004116
867949.5 0.004111
868949.5 0.004111
869949.5 0.004111
870949.5 0.004111
871949.5 0.004106
872949.5 0.004106
873949.5 0.004106
874949.5 0.0041
875949.5 0.0041
876949.5 0.0041
877949.5 0.004095
878949.5 0.004095
879949.5 0.004095
880949.5 0.004095
881949.5 0.00409
882949.5 0.00409
883949.5 0.00409
884949.5 0.004084
885949.5 0.004084
886949.5 0.004084
887949.5 0.004084
888949.5 0.004079
889949.5 0.004079
890949.5 0.004079
891949.5 0.004073
892949.5 0.004073
893949.5 0.004073
894949.5 0.004073
895949.5 0.004068
896949.5 0.004068
897949.5 0.004068
898949.5 0.004063
899949.5 0.004063
900949.5 0.004063
901949.5 0.004057
902949.5 0.004057
903949.5 0.004057
904949.5 0.004057
905949.5 0.004052
906949.5 0.004052
907949.5 0.004052
908949.5 0.004047
909949.5 0.004047
910949.5 0.004047
911949.5 0.004047
912949.5 0.004041
913949.5 0.004041
914949.5 0.004041
915949.5 0.004036
916949.5 0.004036
917949.5 0.004036
918949.5 0.004036
919949.5 0.00403
920949.5 0.00403
921949.5 0.00403
922949.5 0.004025
923949.5 0.004025
924949.5 0.004025
925949.5 0.004025
926949.5 0.00402
927949.5 0.00402
928949.5 0.00402
929949.5 0.004014
930949.5 0.004014
931949.5 0.004014
932949.5 0.004009
933949.5 0.004009
934949.5 0.004009
935949.5 0.004009
936949.5 0.004004
937949.5 0.004004
938949.5 0.004004
939949.5 0.003998
940949.5 0.003998
941949.5 0.003998
942949.5 0.003993
943949.5 0.003993
944949.5 0.003993
945949.5 0.003993
946949.5 0.003988
947949.5 0.003988
948949.5 0.003988
949949.5 0.003982
950949.5 0.003982
951949.5 0.003982
952949.5 0.003982
953949.5 0.003977
954949.5 0.003977
955949.5 0.003977
956949.5 0.003971
957949.5 0.003971
958949.5 0.003971
959949.5 0.003971
960949.5 0.003966
961949.5 0.003966
962949.5 0.003966
963949.5 0.003961
964949.5 0.003961
965949.5 0.003961
966949.5 0.003961
967949.5 0.003955
968949.5 0.003955
969949.5 0.003955
970949.5 0.00395
971949.5 0.00395
972949.5 0.00395
973949.5 0.00395
974949.5 0.003945
975949.5 0.003945
976949.5 0.003945
977949.5 0.003939
978949.5 0.003939
979949.5 0.003939
980949.5 0.003939
981949.5 0.003934
982949.5 0.003934
983949.5 0.003934
984949.5 0.003934
985949.5 0.003928
986949.5 0.003928
987949.5 0.003928
988949.5 0.003923
989949.5 0.003923
990949.5 0.003923
991949.5 0.003923
992949.5 0.003918
993949.5 0.003918
994949.5 0.003918
995949.5 0.003918
996949.5 0.003912
997949.5 0.003912
998949.5 0.003912
999949.5 0.003912
1000949.5 0.003907
1001949.5 0.003907
1002949.5 0.003907
1003949.5 0.003902
1004949.5 0.003902
1005949.5 0.003902
1006949.5 0.003902
1007949.5 0.003896
99999806900 0.001492
-END-OF-DATA-
