-START-OF-DATA-
0 0.000278
10 0.000278
20 0.000278
30 0.000278
40 0.000278
50 0.000278
60 0.000278
70 0.000278
80 0.000278
90 0.000278
100 0.000278
110 0.000278
120 0.000278
130 0.000278
140 0.000278
150 0.000278
160 0.000278
170 0.000278
180 0.000278
190 0.000278
200 0.000278
210 0.000278
220 0.000278
230 0.000278
240 0.000278
250 0.000278
260 0.000278
270 0.000278
280 0.000278
290 0.000278
300 0.000278
310 0.000278
320 0.000278
330 0.000278
340 0.000278
350 0.000278
360 0.000278
370 0.000278
380 0.000278
390 0.000278
400 0.000278
410 0.000278
420 0.000278
430 0.000278
440 0.000278
450 0.000278
460 0.000278
470 0.000278
480 0.000278
490 0.000278
500 0.000278
510 0.000278
520 0.000278
530 0.000278
540 0.000278
550 0.000278
560 0.000278
570 0.000278
580 0.000278
590 0.000278
600 0.000278
610 0.000278
620 0.000278
630 0.000278
640 0.000278
650 0.000278
660 0.000278
670 0.000278
680 0.000278
690 0.000278
700 0.000278
710 0.000278
720 0.000278
730 0.000278
740 0.000278
750 0.000278
760 0.000278
770 0.000278
780 0.000278
790 0.000278
800 0.000278
810 0.000278
820 0.000278
830 0.000278
840 0.000278
850 0.000278
860 0.000278
870 0.000278
880 0.000278
890 0.000278
900 0.000278
910 0.000278
920 0.000278
930 0.000278
940 0.000278
950 0.000278
960 0.000278
970 0.000278
980 0.000278
990 0.000278
1000 0.000278
1010 0.000278
1020 0.000278
1030 0.000278
1040 0.000278
1050 0.000278
1060 0.000278
1070 0.000278
1080 0.000278
1090 0.000278
1100 0.000278
1110 0.000278
1120 0.000278
1130 0.000278
1140 0.000278
1150 0.000278
1160 0.000278
1170 0.000278
1180 0.000278
1190 0.000278
1200 0.000278
1210 0.000278
1220 0.000278
1230 0.000278
1240 0.000278
1250 0.000278
1260 0.000278
1270 0.000278
1280 0.000278
1290 0.000278
1300 0.000278
1310 0.000278
1320 0.000278
1330 0.000278
1340 0.000278
1350 0.000278
1360 0.000278
1370 0.000278
1380 0.000278
1390 0.000278
1400 0.000278
1410 0.000278
1420 0.000278
1430 0.000278
1440 0.000278
1450 0.000278
1460 0.000278
1470 0.000278
1480 0.000278
1490 0.000278
1500 0.000278
1510 0.000278
1520 0.000278
1530 0.000278
1540 0.000278
1550 0.000278
1560 0.000278
1570 0.000278
1580 0.000278
1590 0.000278
1600 0.000278
1610 0.000278
1620 0.000278
1630 0.000278
1640 0.000278
1650 0.000278
1660 0.000278
1670 0.000278
1680 0.000278
1690 0.000278
1700 0.000278
1710 0.000278
1720 0.000278
1730 0.000278
1740 0.000278
1750 0.000278
1760 0.000278
1770 0.000278
1780 0.000278
1790 0.000278
1800 0.000278
1810 0.000278
1820 0.000278
1830 0.000278
1840 0.000278
1850 0.000278
1860 0.000278
1870 0.000278
1880 0.000278
1890 0.000278
1900 0.000278
1910 0.000278
1920 0.000278
1930 0.000278
1940 0.000278
1950 0.000278
1960 0.000278
1970 0.000278
1980 0.000278
1990 0.000278
2000 0.000278
2010 0.000312393023255814
2020 0.000346786046511628
2030 0.000381179069767442
2040 0.000415572093023256
2050 0.00044996511627907
2060 0.000484358139534884
2070 0.000518751162790698
2080 0.000553144186046512
2090 0.000587537209302326
2100 0.00062193023255814
2110 0.000656323255813953
2120 0.000690716279069767
2130 0.000725109302325581
2140 0.000759502325581395
2150 0.000793895348837209
2160 0.000828288372093023
2170 0.000862681395348837
2180 0.000897074418604651
2190 0.000931467441860465
2200 0.000965860465116279
2210 0.00100025348837209
2220 0.00103464651162791
2230 0.00106903953488372
2240 0.00110343255813953
2250 0.00113782558139535
2260 0.00117221860465116
2270 0.00120661162790698
2280 0.00124100465116279
2290 0.0012753976744186
2300 0.00130979069767442
2310 0.00134418372093023
2320 0.00137857674418605
2330 0.00141296976744186
2340 0.00144736279069767
2350 0.00148175581395349
2360 0.0015161488372093
2370 0.00155054186046512
2380 0.00158493488372093
2390 0.00161932790697674
2400 0.00165372093023256
2410 0.00168811395348837
2420 0.00172250697674419
2430 0.0017569
2440 0.00179129302325581
2450 0.00182568604651163
2460 0.00186007906976744
2470 0.00189447209302326
2480 0.00192886511627907
2490 0.00196325813953488
2500 0.0019976511627907
2510 0.00203204418604651
2520 0.00206643720930232
2530 0.00210083023255814
2540 0.00213522325581395
2550 0.00216961627906977
2560 0.00220400930232558
2570 0.0022384023255814
2580 0.00227279534883721
2590 0.00230718837209302
2600 0.00234158139534884
2610 0.00237597441860465
2620 0.00241036744186046
2630 0.00244476046511628
2640 0.00247915348837209
2650 0.00251354651162791
2660 0.00254793953488372
2670 0.00258233255813953
2680 0.00261672558139535
2690 0.00265111860465116
2700 0.00268551162790698
2710 0.00271990465116279
2720 0.0027542976744186
2730 0.00278869069767442
2740 0.00282308372093023
2750 0.00285747674418605
2760 0.00289186976744186
2770 0.00292626279069767
2780 0.00296065581395349
2790 0.0029950488372093
2800 0.00302944186046512
2810 0.00306383488372093
2820 0.00309822790697674
2830 0.00313262093023256
2840 0.00316701395348837
2850 0.00320140697674419
2860 0.0032358
2870 0.00327019302325581
2880 0.00330458604651163
2890 0.00333897906976744
2900 0.00337337209302326
2910 0.00340776511627907
2920 0.00344215813953488
2930 0.0034765511627907
2940 0.00351094418604651
2950 0.00354533720930233
2960 0.00357973023255814
2970 0.00361412325581395
2980 0.00364851627906977
2990 0.00368290930232558
3000 0.0037173023255814
3010 0.00375169534883721
3020 0.00378608837209302
3030 0.00382048139534884
3040 0.00385487441860465
3050 0.00388926744186046
3060 0.00392366046511628
3070 0.00395805348837209
3080 0.00399244651162791
3090 0.00402683953488372
3100 0.00406123255813953
3110 0.00409562558139535
3120 0.00413001860465116
3130 0.00416441162790698
3140 0.00419880465116279
3150 0.0042331976744186
3160 0.00426759069767442
3170 0.00430198372093023
3180 0.00433637674418605
3190 0.00437076976744186
3200 0.00440516279069767
3210 0.00443955581395349
3220 0.0044739488372093
3230 0.00450834186046512
3240 0.00454273488372093
3250 0.00457712790697674
3260 0.00461152093023256
3270 0.00464591395348837
3280 0.00468030697674419
3290 0.0047147
3300 0.00474909302325581
3310 0.00478348604651163
3320 0.00481787906976744
3330 0.00485227209302325
3340 0.00488666511627907
3350 0.00492105813953488
3360 0.0049554511627907
3370 0.00498984418604651
3380 0.00502423720930232
3390 0.00505863023255814
3400 0.00509302325581395
3410 0.00512741627906977
3420 0.00516180930232558
3430 0.00519620232558139
3440 0.00523059534883721
3450 0.00526498837209302
3460 0.00529938139534884
3470 0.00533377441860465
3480 0.00536816744186046
3490 0.00540256046511628
3500 0.00543695348837209
3510 0.0054713465116279
3520 0.00550573953488372
3530 0.00554013255813953
3540 0.00557452558139535
3550 0.00560891860465116
3560 0.00564331162790698
3570 0.00567770465116279
3580 0.0057120976744186
3590 0.00574649069767442
3600 0.00578088372093023
3610 0.00581527674418604
3620 0.00584966976744186
3630 0.00588406279069767
3640 0.00591845581395349
3650 0.0059528488372093
3660 0.00598724186046511
3670 0.00602163488372093
3680 0.00605602790697674
3690 0.00609042093023256
3700 0.00612481395348837
3710 0.00615920697674418
3720 0.0061936
3730 0.00622799302325581
3740 0.00626238604651163
3750 0.00629677906976744
3760 0.00633117209302326
3770 0.00636556511627907
3780 0.00639995813953488
3790 0.0064343511627907
3800 0.00646874418604651
3810 0.00650313720930232
3820 0.00653753023255814
3830 0.00657192325581395
3840 0.00660631627906977
3850 0.00664070930232558
3860 0.0066751023255814
3870 0.00670949534883721
3880 0.00674388837209302
3890 0.00677828139534884
3900 0.00681267441860465
3910 0.00684706744186046
3920 0.00688146046511628
3930 0.00691585348837209
3940 0.0069502465116279
3950 0.00698463953488372
3960 0.00701903255813953
3970 0.00705342558139535
3980 0.00708781860465116
3990 0.00712221162790698
4000 0.00715660465116279
4010 0.0071909976744186
4020 0.00722539069767442
4030 0.00725978372093023
4040 0.00729417674418604
4050 0.00732856976744186
4060 0.00736296279069767
4070 0.00739735581395349
4080 0.0074317488372093
4090 0.00746614186046511
4100 0.00750053488372093
4110 0.00753492790697674
4120 0.00756932093023256
4130 0.00760371395348837
4140 0.00763810697674418
4150 0.0076725
4160 0.00770689302325581
4170 0.00774128604651163
4180 0.00777567906976744
4190 0.00781007209302325
4200 0.00784446511627907
4210 0.00787885813953488
4220 0.0079132511627907
4230 0.00794764418604651
4240 0.00798203720930232
4250 0.00801643023255814
4260 0.00805082325581395
4270 0.00808521627906977
4280 0.00811960930232558
4290 0.00815400232558139
4300 0.00818839534883721
4310 0.00822278837209302
4320 0.00825718139534884
4330 0.00829157441860465
4340 0.00832596744186046
4350 0.00836036046511628
4360 0.00839475348837209
4370 0.00842914651162791
4380 0.00846353953488372
4390 0.00849793255813953
4400 0.00853232558139535
4410 0.00856671860465116
4420 0.00860111162790698
4430 0.00863550465116279
4440 0.0086698976744186
4450 0.00870429069767442
4460 0.00873868372093023
4470 0.00877307674418605
4480 0.00880746976744186
4490 0.00884186279069767
4500 0.00887625581395349
4510 0.0089106488372093
4520 0.00894504186046512
4530 0.00897943488372093
4540 0.00901382790697674
4550 0.00904822093023256
4560 0.00908261395348837
4570 0.00911700697674419
4580 0.0091514
4590 0.00918579302325581
4600 0.00922018604651163
4610 0.00925457906976744
4620 0.00928897209302326
4630 0.00932336511627907
4640 0.00935775813953488
4650 0.0093921511627907
4660 0.00942654418604651
4670 0.00946093720930232
4680 0.00949533023255814
4690 0.00952972325581395
4700 0.00956411627906977
4710 0.00959850930232558
4720 0.00963290232558139
4730 0.00966729534883721
4740 0.00970168837209302
4750 0.00973608139534884
4760 0.00977047441860465
4770 0.00980486744186046
4780 0.00983926046511628
4790 0.00987365348837209
4800 0.0099080465116279
4810 0.00994243953488372
4820 0.00997683255813953
4830 0.0100112255813953
4840 0.0100456186046512
4850 0.010080011627907
4860 0.0101144046511628
4870 0.0101487976744186
4880 0.0101831906976744
4890 0.0102175837209302
4900 0.010251976744186
4910 0.0102863697674419
4920 0.0103207627906977
4930 0.0103551558139535
4940 0.0103895488372093
4950 0.0104239418604651
4960 0.0104583348837209
4970 0.0104927279069767
4980 0.0105271209302326
4990 0.0105615139534884
5000 0.0105959069767442
5010 0.0106303
5020 0.0106303
5030 0.0106303
5040 0.0106303
5050 0.0106303
5060 0.0106303
5070 0.0106303
5080 0.0106303
5090 0.0106303
5100 0.0106303
5110 0.0106303
5120 0.0106303
5130 0.0106303
5140 0.0106303
5150 0.0106303
5160 0.0106303
5170 0.0106303
5180 0.0106303
5190 0.0106303
5200 0.0106303
5210 0.0106303
5220 0.0106303
5230 0.0106303
5240 0.0106303
5250 0.0106303
5260 0.0106303
5270 0.0106303
5280 0.0106303
5290 0.0106303
5300 0.0106303
5310 0.0106303
5320 0.0106303
5330 0.0106303
5340 0.0106303
5350 0.0106303
5360 0.0106303
5370 0.0106303
5380 0.0106303
5390 0.0106303
5400 0.0106303
5410 0.0106303
5420 0.0106303
5430 0.0106303
5440 0.0106303
5450 0.0106303
5460 0.0106303
5470 0.0106303
5480 0.0106303
5490 0.0106303
5500 0.0106303
5510 0.0106303
5520 0.0106303
5530 0.0106303
5540 0.0106303
5550 0.0106303
5560 0.0106303
5570 0.0106303
5580 0.0106303
5590 0.0106303
5600 0.0106303
5610 0.0106303
5620 0.0106303
5630 0.0106303
5640 0.0106303
5650 0.0106303
5660 0.0106303
5670 0.0106303
5680 0.0106303
5690 0.0106303
5700 0.0106303
5710 0.0106303
5720 0.0106303
5730 0.0106303
5740 0.0106303
5750 0.0106303
5760 0.0106303
5770 0.0106303
5780 0.0106303
5790 0.0106303
5800 0.0106303
5810 0.0106303
5820 0.0106303
5830 0.0106303
5840 0.0106303
5850 0.0106303
5860 0.0106303
5870 0.0106303
5880 0.0106303
5890 0.0106303
5900 0.0106303
5910 0.0106303
5920 0.0106303
5930 0.0106303
5940 0.0106303
5950 0.0106303
5960 0.0106303
5970 0.0106303
5980 0.0106303
5990 0.0106303
6000 0.0106303
6010 0.0106303
6020 0.0106303
6030 0.0106303
6040 0.0106303
6050 0.0106303
6060 0.0106303
6070 0.0106303
6080 0.0106303
6090 0.0106303
6100 0.0106303
6110 0.0106303
6120 0.0106303
6130 0.0106303
6140 0.0106303
6150 0.0106303
6160 0.0106303
6170 0.0106303
6180 0.0106303
6190 0.0106303
6200 0.0106303
6210 0.0106303
6220 0.0106303
6230 0.0106303
6240 0.0106303
6250 0.0106303
6260 0.0106303
6270 0.0106303
6280 0.0106303
6290 0.0106303
6300 0.0106303
6310 0.0106303
6320 0.0106303
6330 0.0106303
6340 0.0106303
6350 0.0106303
6360 0.0106303
6370 0.0106303
6380 0.0106303
6390 0.0106303
6400 0.0106303
6410 0.0106303
6420 0.0106303
6430 0.0106303
6440 0.0106303
6450 0.0106303
6460 0.0106303
6470 0.0106303
6480 0.0106303
6490 0.0106303
6500 0.0106303
6510 0.0106303
6520 0.0106303
6530 0.0106303
6540 0.0106303
6550 0.0106303
6560 0.0106303
6570 0.0106303
6580 0.0106303
6590 0.0106303
6600 0.0106303
6610 0.0106303
6620 0.0106303
6630 0.0106303
6640 0.0106303
6650 0.0106303
6660 0.0106303
6670 0.0106303
6680 0.0106303
6690 0.0106303
6700 0.0106303
6710 0.0106303
6720 0.0106303
6730 0.0106303
6740 0.0106303
6750 0.0106303
6760 0.0106303
6770 0.0106303
6780 0.0106303
6790 0.0106303
6800 0.0106303
6810 0.0106303
6820 0.0106303
6830 0.0106303
6840 0.0106303
6850 0.0106303
6860 0.0106303
6870 0.0106303
6880 0.0106303
6890 0.0106303
6900 0.0106303
6910 0.0106303
6920 0.0106303
6930 0.0106303
6940 0.0106303
6950 0.0106303
6960 0.0106303
6970 0.0106303
6980 0.0106303
6990 0.0106303
7000 0.0106303
7010 0.0106303
7020 0.0106303
7030 0.0106303
7040 0.0106303
7050 0.0106303
7060 0.0106303
7070 0.0106303
7080 0.0106303
7090 0.0106303
7100 0.0106303
7110 0.0106303
7120 0.0106303
7130 0.0106303
7140 0.0106303
7150 0.0106303
7160 0.0106303
7170 0.0106303
7180 0.0106303
7190 0.0106303
7200 0.0106303
7210 0.0106303
7220 0.0106303
7230 0.0106303
7240 0.0106303
7250 0.0106303
7260 0.0106303
7270 0.0106303
7280 0.0106303
7290 0.0106303
7300 0.0106303
7310 0.0106303
7320 0.0106303
7330 0.0106303
7340 0.0106303
7350 0.0106303
7360 0.0106303
7370 0.0106303
7380 0.0106303
7390 0.0106303
7400 0.0106303
7410 0.0106303
7420 0.0106303
7430 0.0106303
7440 0.0106303
7450 0.0106303
7460 0.0106303
7470 0.0106303
7480 0.0106303
7490 0.0106303
7500 0.0106303
7510 0.0106303
7520 0.0106303
7530 0.0106303
7540 0.0106303
7550 0.0106303
7560 0.0106303
7570 0.0106303
7580 0.0106303
7590 0.0106303
7600 0.0106303
7610 0.0106303
7620 0.0106303
7630 0.0106303
7640 0.0106303
7650 0.0106303
7660 0.0106303
7670 0.0106303
7680 0.0106303
7690 0.0106303
7700 0.0106303
7710 0.0106303
7720 0.0106303
7730 0.0106303
7740 0.0106303
7750 0.0106303
7760 0.0106303
7770 0.0106303
7780 0.0106303
7790 0.0106303
7800 0.0106303
7810 0.0106303
7820 0.0106303
7830 0.0106303
7840 0.0106303
7850 0.0106303
7860 0.0106303
7870 0.0106303
7880 0.0106303
7890 0.0106303
7900 0.0106303
7910 0.0106303
7920 0.0106303
7930 0.0106303
7940 0.0106303
7950 0.0106303
7960 0.0106303
7970 0.0106303
7980 0.0106303
7990 0.0106303
8000 0.0106303
8010 0.0106303
8020 0.0106303
8030 0.0106303
8040 0.0106303
8050 0.0106303
8060 0.0106303
8070 0.0106303
8080 0.0106303
8090 0.0106303
8100 0.0106303
8110 0.0106303
8120 0.0106303
8130 0.0106303
8140 0.0106303
8150 0.0106303
8160 0.0106303
8170 0.0106303
8180 0.0106303
8190 0.0106303
8200 0.0106303
8210 0.0106303
8220 0.0106303
8230 0.0106303
8240 0.0106303
8250 0.0106303
8260 0.0106303
8270 0.0106303
8280 0.0106303
8290 0.0106303
8300 0.0106303
8310 0.0106303
8320 0.0106303
8330 0.0106303
8340 0.0106303
8350 0.0106303
8360 0.0106303
8370 0.0106303
8380 0.0106303
8390 0.0106303
8400 0.0106303
8410 0.0106303
8420 0.0106303
8430 0.0106303
8440 0.0106303
8450 0.0106303
8460 0.0106303
8470 0.0106303
8480 0.0106303
8490 0.0106303
8500 0.0106303
8510 0.0106303
8520 0.0106303
8530 0.0106303
8540 0.0106303
8550 0.0106303
8560 0.0106303
8570 0.0106303
8580 0.0106303
8590 0.0106303
8600 0.0106303
8610 0.0106303
8620 0.0106303
8630 0.0106303
8640 0.0106303
8650 0.0106303
8660 0.0106303
8670 0.0106303
8680 0.0106303
8690 0.0106303
8700 0.0106303
8710 0.0106303
8720 0.0106303
8730 0.0106303
8740 0.0106303
8750 0.0106303
8760 0.0106303
8770 0.0106303
8780 0.0106303
8790 0.0106303
8800 0.0106303
8810 0.0106303
8820 0.0106303
8830 0.0106303
8840 0.0106303
8850 0.0106303
8860 0.0106303
8870 0.0106303
8880 0.0106303
8890 0.0106303
8900 0.0106303
8910 0.0106303
8920 0.0106303
8930 0.0106303
8940 0.0106303
8950 0.0106303
8960 0.0106303
8970 0.0106303
8980 0.0106303
8990 0.0106303
9000 0.0106303
9010 0.0106303
9020 0.0106303
9030 0.0106303
9040 0.0106303
9050 0.0106303
9060 0.0106303
9070 0.0106303
9080 0.0106303
9090 0.0106303
9100 0.0106303
9110 0.0106303
9120 0.0106303
9130 0.0106303
9140 0.0106303
9150 0.0106303
9160 0.0106303
9170 0.0106303
9180 0.0106303
9190 0.0106303
9200 0.0106303
9210 0.0106303
9220 0.0106303
9230 0.0106303
9240 0.0106303
9250 0.0106303
9260 0.0106303
9270 0.0106303
9280 0.0106303
9290 0.0106303
9300 0.0106303
9310 0.0106303
9320 0.0106303
9330 0.0106303
9340 0.0106303
9350 0.0106303
9360 0.0106303
9370 0.0106303
9380 0.0106303
9390 0.0106303
9400 0.0106303
9410 0.0106303
9420 0.0106303
9430 0.0106303
9440 0.0106303
9450 0.0106303
9460 0.0106303
9470 0.0106303
9480 0.0106303
9490 0.0106303
9500 0.0106303
9510 0.0106303
9520 0.0106303
9530 0.0106303
9540 0.0106303
9550 0.0106303
9560 0.0106303
9570 0.0106303
9580 0.0106303
9590 0.0106303
9600 0.0106303
9610 0.0106303
9620 0.0106303
9630 0.0106303
9640 0.0106303
9650 0.0106303
9660 0.0106303
9670 0.0106303
9680 0.0106303
9690 0.0106303
9700 0.0106303
9710 0.0106303
9720 0.0106303
9730 0.0106303
9740 0.0106303
9750 0.0106303
9760 0.0106303
9770 0.0106303
9780 0.0106303
9790 0.0106303
9800 0.0106303
9810 0.0106303
9820 0.0106303
9830 0.0106303
9840 0.0106303
9850 0.0106303
9860 0.0106303
9870 0.0106303
9880 0.0106303
9890 0.0106303
9900 0.0106303
9910 0.0106303
9920 0.0106303
9930 0.0106303
9940 0.0106303
9950 0.0106303
9960 0.0106303
9970 0.0106303
9980 0.0106303
9990 0.0106303
10000 0.0106303
10010 0.0106303
10020 0.0106303
10030 0.0106303
10040 0.0106303
10050 0.0106303
10060 0.0106303
10070 0.0106303
10080 0.0106303
10090 0.0106303
10100 0.0106303
10110 0.0106303
10120 0.0106303
10130 0.0106303
10140 0.0106303
10150 0.0106303
10160 0.0106303
10170 0.0106303
10180 0.0106303
10190 0.0106303
10200 0.0106303
10210 0.0106303
10220 0.0106303
10230 0.0106303
10240 0.0106303
10250 0.0106303
10260 0.0106303
10270 0.0106303
10280 0.0106303
10290 0.0106303
10300 0.0106303
10310 0.0106303
10320 0.0106303
10330 0.0106303
10340 0.0106303
10350 0.0106303
10360 0.0106303
10370 0.0106303
10380 0.0106303
10390 0.0106303
10400 0.0106303
10410 0.0106303
10420 0.0106303
10430 0.0106303
10440 0.0106303
10450 0.0106303
10460 0.0106303
10470 0.0106303
10480 0.0106303
10490 0.0106303
10500 0.0106303
10510 0.0106303
10520 0.0106303
10530 0.0106303
10540 0.0106303
10550 0.0106303
10560 0.0106303
10570 0.0106303
10580 0.0106303
10590 0.0106303
10600 0.0106303
10610 0.0106303
10620 0.0106303
10630 0.0106303
10640 0.0106303
10650 0.0106303
10660 0.0106303
10670 0.0106303
10680 0.0106303
10690 0.0106303
10700 0.0106303
10710 0.0106303
10720 0.0106303
10730 0.0106303
10740 0.0106303
10750 0.0106303
10760 0.0106303
10770 0.0106303
10780 0.0106303
10790 0.0106303
10800 0.0106303
10810 0.0106303
10820 0.0106303
10830 0.0106303
10840 0.0106303
10850 0.0106303
10860 0.0106303
10870 0.0106303
10880 0.0106303
10890 0.0106303
10900 0.0106303
10910 0.0106303
10920 0.0106303
10930 0.0106303
10940 0.0106303
10950 0.0106303
10960 0.0106303
10970 0.0106303
10980 0.0106303
10990 0.0106303
11000 0.0106303
11010 0.0106303
11020 0.0106303
11030 0.0106303
11040 0.0106303
11050 0.0106303
11060 0.0106303
11070 0.0106303
11080 0.0106303
11090 0.0106303
11100 0.0106303
11110 0.0106303
11120 0.0106303
11130 0.0106303
11140 0.0106303
11150 0.0106303
11160 0.0106303
11170 0.0106303
11180 0.0106303
11190 0.0106303
11200 0.0106303
11210 0.0106303
11220 0.0106303
11230 0.0106303
11240 0.0106303
11250 0.0106303
11260 0.0106303
11270 0.0106303
11280 0.0106303
11290 0.0106303
11300 0.0106303
11310 0.0106303
11320 0.0106303
11330 0.0106303
11340 0.0106303
11350 0.0106303
11360 0.0106303
11370 0.0106303
11380 0.0106303
11390 0.0106303
11400 0.0106303
11410 0.0106303
11420 0.0106303
11430 0.0106303
11440 0.0106303
11450 0.0106303
11460 0.0106303
11470 0.0106303
11480 0.0106303
11490 0.0106303
11500 0.0106303
11510 0.0106303
11520 0.0106303
11530 0.0106303
11540 0.0106303
11550 0.0106303
11560 0.0106303
11570 0.0106303
11580 0.0106303
11590 0.0106303
11600 0.0106303
11610 0.0106303
11620 0.0106303
11630 0.0106303
11640 0.0106303
11650 0.0106303
11660 0.0106303
11670 0.0106303
11680 0.0106303
11690 0.0106303
11700 0.0106303
11710 0.0106303
11720 0.0106303
11730 0.0106303
11740 0.0106303
11750 0.0106303
11760 0.0106303
11770 0.0106303
11780 0.0106303
11790 0.0106303
11800 0.0106303
11810 0.0106303
11820 0.0106303
11830 0.0106303
11840 0.0106303
11850 0.0106303
11860 0.0106303
11870 0.0106303
11880 0.0106303
11890 0.0106303
11900 0.0106303
11910 0.0106303
11920 0.0106303
11930 0.0106303
11940 0.0106303
11950 0.0106303
11960 0.0106303
11970 0.0106303
11980 0.0106303
11990 0.0106303
12000 0.0106303
12010 0.0106303
12020 0.0106303
12030 0.0106303
12040 0.0106303
12050 0.0106303
12060 0.0106303
12070 0.0106303
12080 0.0106303
12090 0.0106303
12100 0.0106303
12110 0.0106303
12120 0.0106303
12130 0.0106303
12140 0.0106303
12150 0.0106303
12160 0.0106303
12170 0.0106303
12180 0.0106303
12190 0.0106303
12200 0.0106303
12210 0.0106303
12220 0.0106303
12230 0.0106303
12240 0.0106303
12250 0.0106303
12260 0.0106303
12270 0.0106303
12280 0.0106303
12290 0.0106303
12300 0.0106303
12310 0.0106303
12320 0.0106303
12330 0.0106303
12340 0.0106303
12350 0.0106303
12360 0.0106303
12370 0.0106303
12380 0.0106303
12390 0.0106303
12400 0.0106303
12410 0.0106303
12420 0.0106303
12430 0.0106303
12440 0.0106303
12450 0.0106303
12460 0.0106303
12470 0.0106303
12480 0.0106303
12490 0.0106303
12500 0.0106303
12510 0.0106303
12520 0.0106303
12530 0.0106303
12540 0.0106303
12550 0.0106303
12560 0.0106303
12570 0.0106303
12580 0.0106303
12590 0.0106303
12600 0.0106303
12610 0.0106303
12620 0.0106303
12630 0.0106303
12640 0.0106303
12650 0.0106303
12660 0.0106303
12670 0.0106303
12680 0.0106303
12690 0.0106303
12700 0.0106303
12710 0.0106303
12720 0.0106303
12730 0.0106303
12740 0.0106303
12750 0.0106303
12760 0.0106303
12770 0.0106303
12780 0.0106303
12790 0.0106303
12800 0.0106303
12810 0.0106303
12820 0.0106303
12830 0.0106303
12840 0.0106303
12850 0.0106303
12860 0.0106303
12870 0.0106303
12880 0.0106303
12890 0.0106303
12900 0.0106303
12910 0.0106303
12920 0.0106303
12930 0.0106303
12940 0.0106303
12950 0.0106303
12960 0.0106303
12970 0.0106303
12980 0.0106303
12990 0.0106303
13000 0.0106303
13010 0.0106303
13020 0.0106303
13030 0.0106303
13040 0.0106303
13050 0.0106303
13060 0.0106303
13070 0.0106303
13080 0.0106303
13090 0.0106303
13100 0.0106303
13110 0.0106303
13120 0.0106303
13130 0.0106303
13140 0.0106303
13150 0.0106303
13160 0.0106303
13170 0.0106303
13180 0.0106303
13190 0.0106303
13200 0.0106303
13210 0.0106303
13220 0.0106303
13230 0.0106303
13240 0.0106303
13250 0.0106303
13260 0.0106303
13270 0.0106303
13280 0.0106303
13290 0.0106303
13300 0.0106303
13310 0.0106303
13320 0.0106303
13330 0.0106303
13340 0.0106303
13350 0.0106303
13360 0.0106303
13370 0.0106303
13380 0.0106303
13390 0.0106303
13400 0.0106303
13410 0.0106303
13420 0.0106303
13430 0.0106303
13440 0.0106303
13450 0.0106303
13460 0.0106303
13470 0.0106303
13480 0.0106303
13490 0.0106303
13500 0.0106303
13510 0.0106303
13520 0.0106303
13530 0.0106303
13540 0.0106303
13550 0.0106303
13560 0.0106303
13570 0.0106303
13580 0.0106303
13590 0.0106303
13600 0.0106303
13610 0.0106303
13620 0.0106303
13630 0.0106303
13640 0.0106303
13650 0.0106303
13660 0.0106303
13670 0.0106303
13680 0.0106303
13690 0.0106303
13700 0.0106303
13710 0.0106303
13720 0.0106303
13730 0.0106303
13740 0.0106303
13750 0.0106303
13760 0.0106303
13770 0.0106303
13780 0.0106303
13790 0.0106303
13800 0.0106303
13810 0.0106303
13820 0.0106303
13830 0.0106303
13840 0.0106303
13850 0.0106303
13860 0.0106303
13870 0.0106303
13880 0.0106303
13890 0.0106303
13900 0.0106303
13910 0.0106303
13920 0.0106303
13930 0.0106303
13940 0.0106303
13950 0.0106303
13960 0.0106303
13970 0.0106303
13980 0.0106303
13990 0.0106303
14000 0.0106303
14010 0.0106303
14020 0.0106303
14030 0.0106303
14040 0.0106303
14050 0.0106303
14060 0.0106303
14070 0.0106303
14080 0.0106303
14090 0.0106303
14100 0.0106303
14110 0.0106303
14120 0.0106303
14130 0.0106303
14140 0.0106303
14150 0.0106303
14160 0.0106303
14170 0.0106303
14180 0.0106303
14190 0.0106303
14200 0.0106303
14210 0.0106303
14220 0.0106303
14230 0.0106303
14240 0.0106303
14250 0.0106303
14260 0.0106303
14270 0.0106303
14280 0.0106303
14290 0.0106303
14300 0.0106303
14310 0.0106303
14320 0.0106303
14330 0.0106303
14340 0.0106303
14350 0.0106303
14360 0.0106303
14370 0.0106303
14380 0.0106303
14390 0.0106303
14400 0.0106303
14410 0.0106303
14420 0.0106303
14430 0.0106303
14440 0.0106303
14450 0.0106303
14460 0.0106303
14470 0.0106303
14480 0.0106303
14490 0.0106303
14500 0.0106303
14510 0.0106303
14520 0.0106303
14530 0.0106303
14540 0.0106303
14550 0.0106303
14560 0.0106303
14570 0.0106303
14580 0.0106303
14590 0.0106303
14600 0.0106303
14610 0.0106303
14620 0.0106303
14630 0.0106303
14640 0.0106303
14650 0.0106303
14660 0.0106303
14670 0.0106303
14680 0.0106303
14690 0.0106303
14700 0.0106303
14710 0.0106303
14720 0.0106303
14730 0.0106303
14740 0.0106303
14750 0.0106303
14760 0.0106303
14770 0.0106303
14780 0.0106303
14790 0.0106303
14800 0.0106303
14810 0.0106303
14820 0.0106303
14830 0.0106303
14840 0.0106303
14850 0.0106303
14860 0.0106303
14870 0.0106303
14880 0.0106303
14890 0.0106303
14900 0.0106303
14910 0.0106303
14920 0.0106303
14930 0.0106303
14940 0.0106303
14950 0.0106303
14960 0.0106303
14970 0.0106303
14980 0.0106303
14990 0.0106303
15000 0.0106303
15010 0.0106303
15020 0.0106303
15030 0.0106303
15040 0.0106303
15050 0.0106303
15060 0.0106303
15070 0.0106303
15080 0.0106303
15090 0.0106303
15100 0.0106303
15110 0.0106303
15120 0.0106303
15130 0.0106303
15140 0.0106303
15150 0.0106303
15160 0.0106303
15170 0.0106303
15180 0.0106303
15190 0.0106303
15200 0.0106303
15210 0.0106303
15220 0.0106303
15230 0.0106303
15240 0.0106303
15250 0.0106303
15260 0.0106303
15270 0.0106303
15280 0.0106303
15290 0.0106303
15300 0.0106303
15310 0.0106303
15320 0.0106303
15330 0.0106303
15340 0.0106303
15350 0.0106303
15360 0.0106303
15370 0.0106303
15380 0.0106303
15390 0.0106303
15400 0.0106303
15410 0.0106303
15420 0.0106303
15430 0.0106303
15440 0.0106303
15450 0.0106303
15460 0.0106303
15470 0.0106303
15480 0.0106303
15490 0.0106303
15500 0.0106303
15510 0.0106303
15520 0.0106303
15530 0.0106303
15540 0.0106303
15550 0.0106303
15560 0.0106303
15570 0.0106303
15580 0.0106303
15590 0.0106303
15600 0.0106303
15610 0.0106303
15620 0.0106303
15630 0.0106303
15640 0.0106303
15650 0.0106303
15660 0.0106303
15670 0.0106303
15680 0.0106303
15690 0.0106303
15700 0.0106303
15710 0.0106303
15720 0.0106303
15730 0.0106303
15740 0.0106303
15750 0.0106303
15760 0.0106303
15770 0.0106303
15780 0.0106303
15790 0.0106303
15800 0.0106303
15810 0.0106303
15820 0.0106303
15830 0.0106303
15840 0.0106303
15850 0.0106303
15860 0.0106303
15870 0.0106303
15880 0.0106303
15890 0.0106303
15900 0.0106303
15910 0.0106303
15920 0.0106303
15930 0.0106303
15940 0.0106303
15950 0.0106303
15960 0.0106303
15970 0.0106303
15980 0.0106303
15990 0.0106303
16000 0.0106303
16010 0.0106303
16020 0.0106303
16030 0.0106303
16040 0.0106303
16050 0.0106303
16060 0.0106303
16070 0.0106303
16080 0.0106303
16090 0.0106303
16100 0.0106303
16110 0.0106303
16120 0.0106303
16130 0.0106303
16140 0.0106303
16150 0.0106303
16160 0.0106303
16170 0.0106303
16180 0.0106303
16190 0.0106303
16200 0.0106303
16210 0.0106303
16220 0.0106303
16230 0.0106303
16240 0.0106303
16250 0.0106303
16260 0.0106303
16270 0.0106303
16280 0.0106303
16290 0.0106303
16300 0.0106303
16310 0.0106303
16320 0.0106303
16330 0.0106303
16340 0.0106303
16350 0.0106303
16360 0.0106303
16370 0.0106303
16380 0.0106303
16390 0.0106303
16400 0.0106303
16410 0.0106303
16420 0.0106303
16430 0.0106303
16440 0.0106303
16450 0.0106303
16460 0.0106303
16470 0.0106303
16480 0.0106303
16490 0.0106303
16500 0.0106303
16510 0.0106303
16520 0.0106303
16530 0.0106303
16540 0.0106303
16550 0.0106303
16560 0.0106303
16570 0.0106303
16580 0.0106303
16590 0.0106303
16600 0.0106303
16610 0.0106303
16620 0.0106303
16630 0.0106303
16640 0.0106303
16650 0.0106303
16660 0.0106303
16670 0.0106303
16680 0.0106303
16690 0.0106303
16700 0.0106303
16710 0.0106303
16720 0.0106303
16730 0.0106303
16740 0.0106303
16750 0.0106303
16760 0.0106303
16770 0.0106303
16780 0.0106303
16790 0.0106303
16800 0.0106303
16810 0.0106303
16820 0.0106303
16830 0.0106303
16840 0.0106303
16850 0.0106303
16860 0.0106303
16870 0.0106303
16880 0.0106303
16890 0.0106303
16900 0.0106303
16910 0.0106303
16920 0.0106303
16930 0.0106303
16940 0.0106303
16950 0.0106303
16960 0.0106303
16970 0.0106303
16980 0.0106303
16990 0.0106303
17000 0.0106303
17010 0.0106303
17020 0.0106303
17030 0.0106303
17040 0.0106303
17050 0.0106303
17060 0.0106303
17070 0.0106303
17080 0.0106303
17090 0.0106303
17100 0.0106303
17110 0.0106303
17120 0.0106303
17130 0.0106303
17140 0.0106303
17150 0.0106303
17160 0.0106303
17170 0.0106303
17180 0.0106303
17190 0.0106303
17200 0.0106303
17210 0.0106303
17220 0.0106303
17230 0.0106303
17240 0.0106303
17250 0.0106303
17260 0.0106303
17270 0.0106303
17280 0.0106303
17290 0.0106303
17300 0.0106303
17310 0.0106303
17320 0.0106303
17330 0.0106303
17340 0.0106303
17350 0.0106303
17360 0.0106303
17370 0.0106303
17380 0.0106303
17390 0.0106303
17400 0.0106303
17410 0.0106303
17420 0.0106303
17430 0.0106303
17440 0.0106303
17450 0.0106303
17460 0.0106303
17470 0.0106303
17480 0.0106303
17490 0.0106303
17500 0.0106303
17510 0.0106303
17520 0.0106303
17530 0.0106303
17540 0.0106303
17550 0.0106303
17560 0.0106303
17570 0.0106303
17580 0.0106303
17590 0.0106303
17600 0.0106303
17610 0.0106303
17620 0.0106303
17630 0.0106303
17640 0.0106303
17650 0.0106303
17660 0.0106303
17670 0.0106303
17680 0.0106303
17690 0.0106303
17700 0.0106303
17710 0.0106303
17720 0.0106303
17730 0.0106303
17740 0.0106303
17750 0.0106303
17760 0.0106303
17770 0.0106303
17780 0.0106303
17790 0.0106303
17800 0.0106303
17810 0.0106303
17820 0.0106303
17830 0.0106303
17840 0.0106303
17850 0.0106303
17860 0.0106303
17870 0.0106303
17880 0.0106303
17890 0.0106303
17900 0.0106303
17910 0.0106303
17920 0.0106303
17930 0.0106303
17940 0.0106303
17950 0.0106303
17960 0.0106303
17970 0.0106303
17980 0.0106303
17990 0.0106303
18000 0.0106303
18010 0.0106303
18020 0.0106303
18030 0.0106303
18040 0.0106303
18050 0.0106303
18060 0.0106303
18070 0.0106303
18080 0.0106303
18090 0.0106303
18100 0.0106303
18110 0.0106303
18120 0.0106303
18130 0.0106303
18140 0.0106303
18150 0.0106303
18160 0.0106303
18170 0.0106303
18180 0.0106303
18190 0.0106303
18200 0.0106303
18210 0.0106303
18220 0.0106303
18230 0.0106303
18240 0.0106303
18250 0.0106303
18260 0.0106303
18270 0.0106303
18280 0.0106303
18290 0.0106303
18300 0.0106303
18310 0.0106303
18320 0.0106303
18330 0.0106303
18340 0.0106303
18350 0.0106303
18360 0.0106303
18370 0.0106303
18380 0.0106303
18390 0.0106303
18400 0.0106303
18410 0.0106303
18420 0.0106303
18430 0.0106303
18440 0.0106303
18450 0.0106303
18460 0.0106303
18470 0.0106303
18480 0.0106303
18490 0.0106303
18500 0.0106303
18510 0.0106303
18520 0.0106303
18530 0.0106303
18540 0.0106303
18550 0.0106303
18560 0.0106303
18570 0.0106303
18580 0.0106303
18590 0.0106303
18600 0.0106303
18610 0.0106303
18620 0.0106303
18630 0.0106303
18640 0.0106303
18650 0.0106303
18660 0.0106303
18670 0.0106303
18680 0.0106303
18690 0.0106303
18700 0.0106303
18710 0.0106303
18720 0.0106303
18730 0.0106303
18740 0.0106303
18750 0.0106303
18760 0.0106303
18770 0.0106303
18780 0.0106303
18790 0.0106303
18800 0.0106303
18810 0.0106303
18820 0.0106303
18830 0.0106303
18840 0.0106303
18850 0.0106303
18860 0.0106303
18870 0.0106303
18880 0.0106303
18890 0.0106303
18900 0.0106303
18910 0.0106303
18920 0.0106303
18930 0.0106303
18940 0.0106303
18950 0.0106303
18960 0.0106303
18970 0.0106303
18980 0.0106303
18990 0.0106303
19000 0.0106303
19010 0.0106303
19020 0.0106303
19030 0.0106303
19040 0.0106303
19050 0.0106303
19060 0.0106303
19070 0.0106303
19080 0.0106303
19090 0.0106303
19100 0.0106303
19110 0.0106303
19120 0.0106303
19130 0.0106303
19140 0.0106303
19150 0.0106303
19160 0.0106303
19170 0.0106303
19180 0.0106303
19190 0.0106303
19200 0.0106303
19210 0.0106303
19220 0.0106303
19230 0.0106303
19240 0.0106303
19250 0.0106303
19260 0.0106303
19270 0.0106303
19280 0.0106303
19290 0.0106303
19300 0.0106303
19310 0.0106303
19320 0.0106303
19330 0.0106303
19340 0.0106303
19350 0.0106303
19360 0.0106303
19370 0.0106303
19380 0.0106303
19390 0.0106303
19400 0.0106303
19410 0.0106303
19420 0.0106303
19430 0.0106303
19440 0.0106303
19450 0.0106303
19460 0.0106303
19470 0.0106303
19480 0.0106303
19490 0.0106303
19500 0.0106303
19510 0.0106303
19520 0.0106303
19530 0.0106303
19540 0.0106303
19550 0.0106303
19560 0.0106303
19570 0.0106303
19580 0.0106303
19590 0.0106303
19600 0.0106303
19610 0.0106303
19620 0.0106303
19630 0.0106303
19640 0.0106303
19650 0.0106303
19660 0.0106303
19670 0.0106303
19680 0.0106303
19690 0.0106303
19700 0.0106303
19710 0.0106303
19720 0.0106303
19730 0.0106303
19740 0.0106303
19750 0.0106303
19760 0.0106303
19770 0.0106303
19780 0.0106303
19790 0.0106303
19800 0.0106303
19810 0.0106303
19820 0.0106303
19830 0.0106303
19840 0.0106303
19850 0.0106303
19860 0.0106303
19870 0.0106303
19880 0.0106303
19890 0.0106303
19900 0.0106303
19910 0.0106303
19920 0.0106303
19930 0.0106303
19940 0.0106303
19950 0.0106303
19960 0.0106303
19970 0.0106303
19980 0.0106303
19990 0.0106303
20000 0.0106303
-END-OF-DATA-
