  4.678069e-01
  4.316896e-01
  4.226901e-01
  4.141988e-01
  3.910487e-01
  3.677875e-01
  3.269971e-01
  2.851446e-01
  2.528869e-01
  2.386243e-01
  2.273980e-01
  2.177986e-01
  2.113447e-01
  2.104229e-01
  2.154344e-01
  2.196984e-01
  2.115248e-01
  2.049737e-01
  2.047584e-01
  2.182303e-01
  2.351456e-01
  2.367517e-01
  2.257940e-01
  2.085847e-01
  2.009976e-01
  2.044039e-01
  2.181265e-01
  2.345850e-01
  2.613524e-01
  2.914332e-01
  3.271649e-01
  3.504174e-01
  3.653456e-01
  3.735937e-01
  3.795896e-01
  3.944646e-01
