-START-OF-DATA-
1759.5 0.00308
1769.5 0.00308
1779.5 0.00308
1789.5 0.00308
1799.5 0.00308
1809.5 0.00308
1819.5 0.00308
1829.5 0.00308
1839.5 0.00308
1849.5 0.00308
1859.5 0.00308
1869.5 0.00308
1879.5 0.00308
1889.5 0.00308
1899.5 0.00308
1909.5 0.00308
1919.5 0.00308
1929.5 0.00308
1939.5 0.00308
1949.5 0.003279
2049.5 0.003346
2149.5 0.003457
2249.5 0.003612
2349.5 0.0038
2449.5 0.004011
2549.5 0.004277
2649.5 0.004631
2749.5 0.005085
2849.5 0.005661
2949.5 0.006382
3049.5 0.007257
3149.5 0.008298
3249.5 0.009506
3349.5 0.01088
3449.5 0.012409
3549.5 0.013849
3649.5 0.0154
3749.5 0.016951
3849.5 0.018281
3949.5 0.019499
4049.5 0.020496
4149.5 0.021383
4249.5 0.022047
4349.5 0.022491
4449.5 0.022934
4549.5 0.023155
4649.5 0.023377
4749.5 0.023488
4849.5 0.023599
4949.5 0.023599
5049.5 0.023599
5149.5 0.023488
5249.5 0.023488
5349.5 0.023377
5449.5 0.023266
5549.5 0.023266
5649.5 0.023155
5749.5 0.023045
5849.5 0.022934
5949.5 0.022823
6049.5 0.022712
6149.5 0.022601
6249.5 0.022491
6349.5 0.02238
6449.5 0.022269
6549.5 0.022269
6649.5 0.022158
6749.5 0.022047
6849.5 0.021937
6949.5 0.021826
7049.5 0.021715
7149.5 0.021715
7249.5 0.021604
7349.5 0.021494
7449.5 0.021383
7549.5 0.021272
7649.5 0.021272
7749.5 0.021161
7849.5 0.02105
7949.5 0.02105
8049.5 0.02094
8149.5 0.020829
8249.5 0.020718
8349.5 0.020718
8449.5 0.020607
8549.5 0.020496
8649.5 0.020496
8749.5 0.020386
8849.5 0.020275
8949.5 0.020275
9049.5 0.020164
9149.5 0.020053
9249.5 0.020053
9349.5 0.019942
9449.5 0.019832
9549.5 0.019832
9649.5 0.019721
9749.5 0.019721
9849.5 0.01961
9949.5 0.019499
10049.5 0.019499
10149.5 0.019388
10249.5 0.019388
10349.5 0.019278
10449.5 0.019167
10549.5 0.019167
10649.5 0.019056
10749.5 0.019056
10849.5 0.018945
10949.5 0.018945
11049.5 0.018835
11149.5 0.018724
11249.5 0.018724
11349.5 0.018613
11449.5 0.018613
11549.5 0.018502
11649.5 0.018502
11749.5 0.018391
11849.5 0.018391
11949.5 0.018281
12049.5 0.018281
12149.5 0.01817
12249.5 0.01817
12349.5 0.018059
12449.5 0.018059
12549.5 0.017948
12649.5 0.017948
12749.5 0.017837
12849.5 0.017837
12949.5 0.017727
13049.5 0.017727
13149.5 0.017616
13249.5 0.017616
13349.5 0.017505
13449.5 0.017505
13549.5 0.017394
13649.5 0.017394
13749.5 0.017394
13849.5 0.017283
13949.5 0.017283
14049.5 0.017173
14149.5 0.017173
14249.5 0.017062
14349.5 0.017062
14449.5 0.016951
14549.5 0.016951
14649.5 0.016951
14749.5 0.01684
14849.5 0.01684
14949.5 0.016729
15049.5 0.016729
15149.5 0.016619
15249.5 0.016619
15349.5 0.016619
15449.5 0.016508
15549.5 0.016508
15649.5 0.016397
15749.5 0.016397
15849.5 0.016397
15949.5 0.016286
16049.5 0.016286
16149.5 0.016176
16249.5 0.016176
16349.5 0.016176
16449.5 0.016065
16549.5 0.016065
16649.5 0.016065
16749.5 0.015954
16849.5 0.015954
16949.5 0.015843
17049.5 0.015843
17149.5 0.015843
17249.5 0.015732
17349.5 0.015732
17449.5 0.015732
17549.5 0.015622
17649.5 0.015622
17749.5 0.015511
17849.5 0.015511
17949.5 0.015511
18049.5 0.0154
18149.5 0.0154
18249.5 0.0154
18349.5 0.015289
18449.5 0.015289
18549.5 0.015289
18649.5 0.015178
18749.5 0.015178
18849.5 0.015178
18949.5 0.015068
19049.5 0.015068
19149.5 0.015068
19249.5 0.014957
19349.5 0.014957
19449.5 0.014957
19549.5 0.014846
19649.5 0.014846
19749.5 0.014846
19849.5 0.014735
19949.5 0.014735
20049.5 0.014735
20149.5 0.014735
20249.5 0.014624
20349.5 0.014624
20449.5 0.014624
20549.5 0.014514
20649.5 0.014514
20749.5 0.014514
20849.5 0.014403
20949.5 0.014403
21049.5 0.014403
21149.5 0.014403
21249.5 0.014292
21349.5 0.014292
21449.5 0.014292
21549.5 0.014181
21649.5 0.014181
21749.5 0.014181
21849.5 0.014181
21949.5 0.014071
22049.5 0.014071
22149.5 0.014071
22249.5 0.014071
22349.5 0.01396
22449.5 0.01396
22549.5 0.01396
22649.5 0.013849
22749.5 0.013849
22849.5 0.013849
22949.5 0.013849
23049.5 0.013738
23149.5 0.013738
23249.5 0.013738
23349.5 0.013738
23449.5 0.013627
23549.5 0.013627
23649.5 0.013627
23749.5 0.013627
23849.5 0.013517
23949.5 0.013517
24049.5 0.013517
24149.5 0.013517
24249.5 0.013517
24349.5 0.013406
24449.5 0.013406
24549.5 0.013406
24649.5 0.013406
24749.5 0.013295
24849.5 0.013295
24949.5 0.013295
25049.5 0.013295
25149.5 0.013184
25249.5 0.013184
25349.5 0.013184
25449.5 0.013184
25549.5 0.013184
25649.5 0.013073
25749.5 0.013073
25849.5 0.013073
25949.5 0.013073
26049.5 0.013073
26149.5 0.012963
26249.5 0.012963
26349.5 0.012963
26449.5 0.012963
26549.5 0.012963
26649.5 0.012852
26749.5 0.012852
26849.5 0.012852
26949.5 0.012852
27049.5 0.012852
27149.5 0.012741
27249.5 0.012741
27349.5 0.012741
27449.5 0.012741
27549.5 0.012741
27649.5 0.01263
27749.5 0.01263
27849.5 0.01263
27949.5 0.01263
28049.5 0.01263
28149.5 0.01263
28249.5 0.012519
28349.5 0.012519
28449.5 0.012519
28549.5 0.012519
28649.5 0.012519
28749.5 0.012409
28849.5 0.012409
28949.5 0.012409
29049.5 0.012409
29149.5 0.012409
29249.5 0.012409
29349.5 0.012298
29449.5 0.012298
29549.5 0.012298
29649.5 0.012298
29749.5 0.012298
29849.5 0.012298
29949.5 0.012298
30049.5 0.012187
30149.5 0.012187
30249.5 0.012187
30349.5 0.012187
30449.5 0.012187
30549.5 0.012187
30649.5 0.012076
30749.5 0.012076
30849.5 0.012076
30949.5 0.012076
31049.5 0.012076
31149.5 0.012076
31249.5 0.012076
31349.5 0.011965
31449.5 0.011965
31549.5 0.011965
31649.5 0.011965
31749.5 0.011965
31849.5 0.011965
31949.5 0.011965
32049.5 0.011855
32149.5 0.011855
32249.5 0.011855
32349.5 0.011855
32449.5 0.011855
32549.5 0.011855
32649.5 0.011855
32749.5 0.011855
32849.5 0.011744
32949.5 0.011744
33049.5 0.011744
33149.5 0.011744
33249.5 0.011744
33349.5 0.011744
33449.5 0.011744
33549.5 0.011744
33649.5 0.011633
33749.5 0.011633
33849.5 0.011633
33949.5 0.011633
34049.5 0.011633
34149.5 0.011633
34249.5 0.011633
34349.5 0.011633
34449.5 0.011522
34549.5 0.011522
34649.5 0.011522
34749.5 0.011522
34849.5 0.011522
34949.5 0.011522
35049.5 0.011522
35149.5 0.011522
35249.5 0.011522
35349.5 0.011412
35449.5 0.011412
35549.5 0.011412
35649.5 0.011412
35749.5 0.011412
35849.5 0.011412
35949.5 0.011412
36049.5 0.011412
36149.5 0.011412
36249.5 0.011301
36349.5 0.011301
36449.5 0.011301
36549.5 0.011301
36649.5 0.011301
36749.5 0.011301
36849.5 0.011301
36949.5 0.011301
37049.5 0.011301
37149.5 0.011301
37249.5 0.01119
37349.5 0.01119
37449.5 0.01119
37549.5 0.01119
37649.5 0.01119
37749.5 0.01119
37849.5 0.01119
37949.5 0.01119
38049.5 0.01119
38149.5 0.01119
38249.5 0.011079
38349.5 0.011079
38449.5 0.011079
38549.5 0.011079
38649.5 0.011079
38749.5 0.011079
38849.5 0.011068
38949.5 0.011057
39049.5 0.011046
39149.5 0.011035
39249.5 0.011035
39349.5 0.011024
39449.5 0.011013
39549.5 0.011002
39649.5 0.010991
39749.5 0.010979
39849.5 0.010968
39949.5 0.010957
40049.5 0.010957
40149.5 0.010946
40249.5 0.010935
40349.5 0.010924
40449.5 0.010913
40549.5 0.010902
40649.5 0.010902
40749.5 0.010891
40849.5 0.01088
40949.5 0.010869
41049.5 0.010858
41149.5 0.010858
41249.5 0.010846
41349.5 0.010835
41449.5 0.010824
41549.5 0.010824
41649.5 0.010813
41749.5 0.010802
41849.5 0.010791
41949.5 0.01078
42049.5 0.01078
42149.5 0.010769
42249.5 0.010758
42349.5 0.010747
42449.5 0.010747
42549.5 0.010736
42649.5 0.010725
42749.5 0.010725
42849.5 0.010714
42949.5 0.010702
43049.5 0.010691
43149.5 0.010691
43249.5 0.01068
43349.5 0.010669
43449.5 0.010669
43549.5 0.010658
43649.5 0.010647
43749.5 0.010647
43849.5 0.010636
43949.5 0.010625
44049.5 0.010625
44149.5 0.010614
44249.5 0.010603
44349.5 0.010603
44449.5 0.010592
44549.5 0.010581
44649.5 0.010581
44749.5 0.010569
44849.5 0.010558
44949.5 0.010558
45049.5 0.010547
45149.5 0.010536
45249.5 0.010536
45349.5 0.010525
45449.5 0.010525
45549.5 0.010514
45649.5 0.010503
45749.5 0.010503
45849.5 0.010492
45949.5 0.010481
46049.5 0.010481
46149.5 0.01047
46249.5 0.01047
46349.5 0.010459
46449.5 0.010459
46549.5 0.010448
46649.5 0.010437
46749.5 0.010437
46849.5 0.010425
46949.5 0.010425
47049.5 0.010414
47149.5 0.010403
47249.5 0.010403
47349.5 0.010392
47449.5 0.010392
47549.5 0.010381
47649.5 0.010381
47749.5 0.01037
47849.5 0.010359
47949.5 0.010359
48049.5 0.010348
48149.5 0.010348
48249.5 0.010337
48349.5 0.010337
48449.5 0.010326
48549.5 0.010326
48649.5 0.010315
48749.5 0.010315
48849.5 0.010304
48949.5 0.010293
49049.5 0.010293
49149.5 0.010281
49249.5 0.010281
49349.5 0.01027
49449.5 0.01027
49549.5 0.010259
49649.5 0.010259
49749.5 0.010248
49849.5 0.010248
49949.5 0.010237
50049.5 0.010237
50149.5 0.010226
50249.5 0.010226
50349.5 0.010215
50449.5 0.010215
50549.5 0.010204
50649.5 0.010193
50749.5 0.010193
50849.5 0.010182
50949.5 0.010182
51049.5 0.010171
51149.5 0.010171
51249.5 0.01016
51349.5 0.01016
51449.5 0.010148
51549.5 0.010148
51649.5 0.010137
51749.5 0.010137
51849.5 0.010126
51949.5 0.010126
52049.5 0.010115
52149.5 0.010115
52249.5 0.010104
52349.5 0.010104
52449.5 0.010093
52549.5 0.010093
52649.5 0.010082
52749.5 0.010082
52849.5 0.010071
52949.5 0.010071
53049.5 0.01006
53149.5 0.01006
53249.5 0.010049
53349.5 0.010049
53449.5 0.010038
53549.5 0.010038
53649.5 0.010027
53749.5 0.010027
53849.5 0.010016
53949.5 0.010016
54049.5 0.010004
54149.5 0.010004
54249.5 0.009993
54349.5 0.009993
54449.5 0.009982
54549.5 0.009982
54649.5 0.009971
54749.5 0.009971
54849.5 0.009971
54949.5 0.00996
55049.5 0.00996
55149.5 0.009949
55249.5 0.009949
55349.5 0.009938
55449.5 0.009938
55549.5 0.009927
55649.5 0.009927
55749.5 0.009916
55849.5 0.009916
55949.5 0.009905
56049.5 0.009905
56149.5 0.009894
56249.5 0.009894
56349.5 0.009883
56449.5 0.009883
56549.5 0.009872
56649.5 0.009872
56749.5 0.00986
56849.5 0.00986
56949.5 0.00986
57049.5 0.009849
57149.5 0.009849
57249.5 0.009838
57349.5 0.009838
57449.5 0.009827
57549.5 0.009827
57649.5 0.009816
57749.5 0.009816
57849.5 0.009805
57949.5 0.009805
58049.5 0.009794
58149.5 0.009794
58249.5 0.009783
58349.5 0.009783
58449.5 0.009783
58549.5 0.009772
58649.5 0.009772
58749.5 0.009761
58849.5 0.009761
58949.5 0.00975
59049.5 0.00975
59149.5 0.009739
59249.5 0.009739
59349.5 0.009727
59449.5 0.009727
59549.5 0.009727
59649.5 0.009716
59749.5 0.009716
59849.5 0.009705
59949.5 0.009705
60049.5 0.009694
60149.5 0.009694
60249.5 0.009683
60349.5 0.009683
60449.5 0.009672
60549.5 0.009672
60649.5 0.009672
60749.5 0.009661
60849.5 0.009661
60949.5 0.00965
61049.5 0.00965
61149.5 0.009639
61249.5 0.009639
61349.5 0.009628
61449.5 0.009628
61549.5 0.009628
61649.5 0.009617
61749.5 0.009617
61849.5 0.009606
61949.5 0.009606
62049.5 0.009595
62149.5 0.009595
62249.5 0.009583
62349.5 0.009583
62449.5 0.009583
62549.5 0.009572
62649.5 0.009572
62749.5 0.009561
62849.5 0.009561
62949.5 0.00955
63049.5 0.00955
63149.5 0.00955
63249.5 0.009539
63349.5 0.009539
63449.5 0.009528
63549.5 0.009528
63649.5 0.009517
63749.5 0.009517
63849.5 0.009517
63949.5 0.009506
64049.5 0.009506
64149.5 0.009495
64249.5 0.009495
64349.5 0.009484
64449.5 0.009484
64549.5 0.009484
64649.5 0.009473
64749.5 0.009473
64849.5 0.009462
64949.5 0.009462
65049.5 0.009451
65149.5 0.009451
65249.5 0.009451
65349.5 0.009439
65449.5 0.009439
65549.5 0.009428
65649.5 0.009428
65749.5 0.009417
65849.5 0.009417
65949.5 0.009417
66049.5 0.009406
66149.5 0.009406
66249.5 0.009395
66349.5 0.009395
66449.5 0.009384
66549.5 0.009384
66649.5 0.009384
66749.5 0.009373
66849.5 0.009373
66949.5 0.009362
67049.5 0.009362
67149.5 0.009362
67249.5 0.009351
67349.5 0.009351
67449.5 0.00934
67549.5 0.00934
67649.5 0.00934
67749.5 0.009329
67849.5 0.009329
67949.5 0.009318
68049.5 0.009318
68149.5 0.009306
68249.5 0.009306
68349.5 0.009306
68449.5 0.009295
68549.5 0.009295
68649.5 0.009284
68749.5 0.009284
68849.5 0.009284
68949.5 0.009273
69049.5 0.009273
69149.5 0.009262
69249.5 0.009262
69349.5 0.009262
69449.5 0.009251
69549.5 0.009251
69649.5 0.00924
69749.5 0.00924
69849.5 0.00924
69949.5 0.009229
70049.5 0.009229
70149.5 0.009218
70249.5 0.009218
70349.5 0.009218
70449.5 0.009207
70549.5 0.009207
70649.5 0.009207
70749.5 0.009196
70849.5 0.009196
70949.5 0.009185
71049.5 0.009185
71149.5 0.009185
71249.5 0.009174
71349.5 0.009174
71449.5 0.009162
71549.5 0.009162
71649.5 0.009162
71749.5 0.009151
71849.5 0.009151
71949.5 0.00914
72049.5 0.00914
72149.5 0.00914
72249.5 0.009129
72349.5 0.009129
72449.5 0.009129
72549.5 0.009118
72649.5 0.009118
72749.5 0.009107
72849.5 0.009107
72949.5 0.009107
73049.5 0.009096
73149.5 0.009096
73249.5 0.009085
73349.5 0.009085
73449.5 0.009085
73549.5 0.009074
73649.5 0.009074
73749.5 0.009074
73849.5 0.009063
73949.5 0.009063
74049.5 0.009052
74149.5 0.009052
74249.5 0.009052
74349.5 0.009041
74449.5 0.009041
74549.5 0.009041
74649.5 0.009029
74749.5 0.009029
74849.5 0.009018
74949.5 0.009018
75049.5 0.009018
75149.5 0.009007
75249.5 0.009007
75349.5 0.009007
75449.5 0.008996
75549.5 0.008996
75649.5 0.008996
75749.5 0.008985
75849.5 0.008985
75949.5 0.008974
76049.5 0.008974
76149.5 0.008974
76249.5 0.008963
76349.5 0.008963
76449.5 0.008963
76549.5 0.008952
76649.5 0.008952
76749.5 0.008941
76849.5 0.008941
76949.5 0.008941
77049.5 0.00893
77149.5 0.00893
77249.5 0.00893
77349.5 0.008919
77449.5 0.008919
77549.5 0.008919
77649.5 0.008908
77749.5 0.008908
77849.5 0.008897
77949.5 0.008897
78049.5 0.008897
78149.5 0.008885
78249.5 0.008885
78349.5 0.008885
78449.5 0.008874
78549.5 0.008874
78649.5 0.008863
78749.5 0.008863
78849.5 0.008863
78949.5 0.008852
79049.5 0.008852
79149.5 0.008841
79249.5 0.008841
79349.5 0.008841
79449.5 0.00883
79549.5 0.00883
79649.5 0.008819
79749.5 0.008819
79849.5 0.008819
79949.5 0.008808
80049.5 0.008808
80149.5 0.008808
80249.5 0.008797
80349.5 0.008797
80449.5 0.008786
80549.5 0.008786
80649.5 0.008786
80749.5 0.008775
80849.5 0.008775
80949.5 0.008775
81049.5 0.008764
81149.5 0.008764
81249.5 0.008753
81349.5 0.008753
81449.5 0.008753
81549.5 0.008741
81649.5 0.008741
81749.5 0.008741
81849.5 0.00873
81949.5 0.00873
82049.5 0.00873
82149.5 0.008719
82249.5 0.008719
82349.5 0.008708
82449.5 0.008708
82549.5 0.008708
82649.5 0.008697
82749.5 0.008697
82849.5 0.008697
82949.5 0.008686
83049.5 0.008686
83149.5 0.008686
83249.5 0.008675
83349.5 0.008675
83449.5 0.008675
83549.5 0.008664
83649.5 0.008664
83749.5 0.008664
83849.5 0.008653
83949.5 0.008653
84049.5 0.008653
84149.5 0.008642
84249.5 0.008642
84349.5 0.008642
84449.5 0.008631
84549.5 0.008631
84649.5 0.008631
84749.5 0.00862
84849.5 0.00862
84949.5 0.00862
85049.5 0.008608
85149.5 0.008608
85249.5 0.008608
85349.5 0.008597
85449.5 0.008597
85549.5 0.008597
85649.5 0.008586
85749.5 0.008586
85849.5 0.008586
85949.5 0.008575
86049.5 0.008575
86149.5 0.008575
86249.5 0.008564
86349.5 0.008564
86449.5 0.008564
86549.5 0.008564
86649.5 0.008553
86749.5 0.008553
86849.5 0.008553
86949.5 0.008542
87049.5 0.008542
87149.5 0.008542
87249.5 0.008531
87349.5 0.008531
87449.5 0.008531
87549.5 0.00852
87649.5 0.00852
87749.5 0.00852
87849.5 0.008509
87949.5 0.008509
88049.5 0.008509
88149.5 0.008509
88249.5 0.008498
88349.5 0.008498
88449.5 0.008498
88549.5 0.008487
88649.5 0.008487
88749.5 0.008487
88849.5 0.008487
88949.5 0.008476
89049.5 0.008476
89149.5 0.008476
89249.5 0.008464
89349.5 0.008464
89449.5 0.008464
89549.5 0.008453
89649.5 0.008453
89749.5 0.008453
89849.5 0.008453
89949.5 0.008442
90049.5 0.008442
90149.5 0.008442
90249.5 0.008431
90349.5 0.008431
90449.5 0.008431
90549.5 0.008431
90649.5 0.00842
90749.5 0.00842
90849.5 0.00842
90949.5 0.008409
91049.5 0.008409
91149.5 0.008409
91249.5 0.008409
91349.5 0.008398
91449.5 0.008398
91549.5 0.008398
91649.5 0.008387
91749.5 0.008387
91849.5 0.008387
91949.5 0.008376
92049.5 0.008376
92149.5 0.008376
92249.5 0.008376
92349.5 0.008365
92449.5 0.008365
92549.5 0.008365
92649.5 0.008354
92749.5 0.008354
92849.5 0.008354
92949.5 0.008354
93049.5 0.008343
93149.5 0.008343
93249.5 0.008343
93349.5 0.008332
93449.5 0.008332
93549.5 0.008332
93649.5 0.008332
93749.5 0.00832
93849.5 0.00832
93949.5 0.00832
94049.5 0.008309
94149.5 0.008309
94249.5 0.008309
94349.5 0.008309
94449.5 0.008298
94549.5 0.008298
94649.5 0.008298
94749.5 0.008287
94849.5 0.008287
94949.5 0.008287
95049.5 0.008276
95149.5 0.008276
95249.5 0.008276
95349.5 0.008276
95449.5 0.008265
95549.5 0.008265
95649.5 0.008265
95749.5 0.008254
95849.5 0.008254
95949.5 0.008254
96049.5 0.008243
96149.5 0.008243
96249.5 0.008243
96349.5 0.008243
96449.5 0.008232
96549.5 0.008232
96649.5 0.008232
96749.5 0.008221
96849.5 0.008221
96949.5 0.008221
97049.5 0.008221
97149.5 0.00821
97249.5 0.00821
97349.5 0.00821
97449.5 0.008199
97549.5 0.008199
97649.5 0.008199
97749.5 0.008199
97849.5 0.008187
97949.5 0.008187
98049.5 0.008187
98149.5 0.008176
98249.5 0.008176
98349.5 0.008176
98449.5 0.008176
98549.5 0.008165
98649.5 0.008165
98749.5 0.008165
98849.5 0.008154
98949.5 0.008154
99049.5 0.008154
99149.5 0.008154
99249.5 0.008143
99349.5 0.008143
99449.5 0.008143
99549.5 0.008132
99649.5 0.008132
99749.5 0.008132
99849.5 0.008132
99949.5 0.008121
100049.5 0.008121
100149.5 0.008121
100249.5 0.008121
100349.5 0.00811
100449.5 0.00811
100549.5 0.00811
100649.5 0.008099
100749.5 0.008099
100849.5 0.008099
100949.5 0.008099
101049.5 0.008088
101149.5 0.008088
101249.5 0.008088
101349.5 0.008088
101449.5 0.008077
101549.5 0.008077
101649.5 0.008077
101749.5 0.008077
101849.5 0.008066
101949.5 0.008066
102049.5 0.008066
102149.5 0.008055
102249.5 0.008055
102349.5 0.008055
102449.5 0.008055
102549.5 0.008043
9999982445 0.00308
-END-OF-DATA-
