  4.093041e-01
  3.668604e-01
  3.472404e-01
  3.338554e-01
  3.170074e-01
  2.997127e-01
  2.758501e-01
  2.494074e-01
  2.327801e-01
  2.250317e-01
  2.185704e-01
  2.157708e-01
  2.163990e-01
  2.236068e-01
  2.352514e-01
  2.400015e-01
  2.264035e-01
  2.099825e-01
  2.049355e-01
  2.210227e-01
  2.378392e-01
  2.334972e-01
  2.216437e-01
  2.102410e-01
  2.111497e-01
  2.178165e-01
  2.260594e-01
  2.359829e-01
  2.530428e-01
  2.690479e-01
  2.870189e-01
  2.975047e-01
  3.011680e-01
  3.049661e-01
  3.130413e-01
  3.300161e-01
