-START-OF-DATA-
0 0.000278
10 0.000278
20 0.000278
30 0.000278
40 0.000278
50 0.000278
60 0.000278
70 0.000278
80 0.000278
90 0.000278
100 0.000278
110 0.000278
120 0.000278
130 0.000278
140 0.000278
150 0.000278
160 0.000278
170 0.000278
180 0.000278
190 0.000278
200 0.000278
210 0.000278
220 0.000278
230 0.000278
240 0.000278
250 0.000278
260 0.000278
270 0.000278
280 0.000278
290 0.000278
300 0.000278
310 0.000278
320 0.000278
330 0.000278
340 0.000278
350 0.000278
360 0.000278
370 0.000278
380 0.000278
390 0.000278
400 0.000278
410 0.000278
420 0.000278
430 0.000278
440 0.000278
450 0.000278
460 0.000278
470 0.000278
480 0.000278
490 0.000278
500 0.000278
510 0.000278
520 0.000278
530 0.000278
540 0.000278
550 0.000278
560 0.000278
570 0.000278
580 0.000278
590 0.000278
600 0.000278
610 0.000278
620 0.000278
630 0.000278
640 0.000278
650 0.000278
660 0.000278
670 0.000278
680 0.000278
690 0.000278
700 0.000278
710 0.000278
720 0.000278
730 0.000278
740 0.000278
750 0.000278
760 0.000278
770 0.000278
780 0.000278
790 0.000278
800 0.000278
810 0.000278
820 0.000278
830 0.000278
840 0.000278
850 0.000278
860 0.000278
870 0.000278
880 0.000278
890 0.000278
900 0.000278
910 0.000278
920 0.000278
930 0.000278
940 0.000278
950 0.000278
960 0.000278
970 0.000278
980 0.000278
990 0.000278
1000 0.000278
1010 0.000278
1020 0.000278
1030 0.000278
1040 0.000278
1050 0.000278
1060 0.000278
1070 0.000278
1080 0.000278
1090 0.000278
1100 0.000278
1110 0.000278
1120 0.000278
1130 0.000278
1140 0.000278
1150 0.000278
1160 0.000278
1170 0.000278
1180 0.000278
1190 0.000278
1200 0.000278
1210 0.000278
1220 0.000278
1230 0.000278
1240 0.000278
1250 0.000278
1260 0.000278
1270 0.000278
1280 0.000278
1290 0.000278
1300 0.000278
1310 0.000278
1320 0.000278
1330 0.000278
1340 0.000278
1350 0.000278
1360 0.000278
1370 0.000278
1380 0.000278
1390 0.000278
1400 0.000278
1410 0.000278
1420 0.000278
1430 0.000278
1440 0.000278
1450 0.000278
1460 0.000278
1470 0.000278
1480 0.000278
1490 0.000278
1500 0.000278
1510 0.000278
1520 0.000278
1530 0.000278
1540 0.000278
1550 0.000278
1560 0.000278
1570 0.000278
1580 0.000278
1590 0.000278
1600 0.000278
1610 0.000278
1620 0.000278
1630 0.000278
1640 0.000278
1650 0.000278
1660 0.000278
1670 0.000278
1680 0.000278
1690 0.000278
1700 0.000278
1710 0.000278
1720 0.000278
1730 0.000278
1740 0.000278
1750 0.000278
1760 0.000278
1770 0.000278
1780 0.000278
1790 0.000278
1800 0.000278
1810 0.000278
1820 0.000278
1830 0.000278
1840 0.000278
1850 0.000278
1860 0.000278
1870 0.000278
1880 0.000278
1890 0.000278
1900 0.000278
1910 0.000278
1920 0.000278
1930 0.000278
1940 0.000278
1950 0.000278
1960 0.000278
1970 0.000278
1980 0.000278
1990 0.000278
2000 0.000278
2010 0.000277888704318937
2020 0.000277777408637874
2030 0.000277666112956811
2040 0.000277554817275747
2050 0.000277443521594684
2060 0.000277332225913621
2070 0.000277220930232558
2080 0.000277109634551495
2090 0.000276998338870432
2100 0.000276887043189369
2110 0.000276775747508306
2120 0.000276664451827242
2130 0.000276553156146179
2140 0.000276441860465116
2150 0.000276330564784053
2160 0.00027621926910299
2170 0.000276107973421927
2180 0.000275996677740864
2190 0.000275885382059801
2200 0.000275774086378738
2210 0.000275662790697674
2220 0.000275551495016611
2230 0.000275440199335548
2240 0.000275328903654485
2250 0.000275217607973422
2260 0.000275106312292359
2270 0.000274995016611296
2280 0.000274883720930233
2290 0.000274772425249169
2300 0.000274661129568106
2310 0.000274549833887043
2320 0.00027443853820598
2330 0.000274327242524917
2340 0.000274215946843854
2350 0.000274104651162791
2360 0.000273993355481728
2370 0.000273882059800664
2380 0.000273770764119601
2390 0.000273659468438538
2400 0.000273548172757475
2410 0.000273436877076412
2420 0.000273325581395349
2430 0.000273214285714286
2440 0.000273102990033223
2450 0.000272991694352159
2460 0.000272880398671096
2470 0.000272769102990033
2480 0.00027265780730897
2490 0.000272546511627907
2500 0.000272435215946844
2510 0.000272323920265781
2520 0.000272212624584718
2530 0.000272101328903654
2540 0.000271990033222591
2550 0.000271878737541528
2560 0.000271767441860465
2570 0.000271656146179402
2580 0.000271544850498339
2590 0.000271433554817276
2600 0.000271322259136213
2610 0.000271210963455149
2620 0.000271099667774086
2630 0.000270988372093023
2640 0.00027087707641196
2650 0.000270765780730897
2660 0.000270654485049834
2670 0.000270543189368771
2680 0.000270431893687708
2690 0.000270320598006644
2700 0.000270209302325581
2710 0.000270098006644518
2720 0.000269986710963455
2730 0.000269875415282392
2740 0.000269764119601329
2750 0.000269652823920266
2760 0.000269541528239203
2770 0.00026943023255814
2780 0.000269318936877076
2790 0.000269207641196013
2800 0.00026909634551495
2810 0.000268985049833887
2820 0.000268873754152824
2830 0.000268762458471761
2840 0.000268651162790698
2850 0.000268539867109635
2860 0.000268428571428571
2870 0.000268317275747508
2880 0.000268205980066445
2890 0.000268094684385382
2900 0.000267983388704319
2910 0.000267872093023256
2920 0.000267760797342193
2930 0.00026764950166113
2940 0.000267538205980066
2950 0.000267426910299003
2960 0.00026731561461794
2970 0.000267204318936877
2980 0.000267093023255814
2990 0.000266981727574751
3000 0.000266870431893688
3010 0.000266759136212625
3020 0.000266647840531561
3030 0.000266536544850498
3040 0.000266425249169435
3050 0.000266313953488372
3060 0.000266202657807309
3070 0.000266091362126246
3080 0.000265980066445183
3090 0.00026586877076412
3100 0.000265757475083056
3110 0.000265646179401993
3120 0.00026553488372093
3130 0.000265423588039867
3140 0.000265312292358804
3150 0.000265200996677741
3160 0.000265089700996678
3170 0.000264978405315615
3180 0.000264867109634551
3190 0.000264755813953488
3200 0.000264644518272425
3210 0.000264533222591362
3220 0.000264421926910299
3230 0.000264310631229236
3240 0.000264199335548173
3250 0.00026408803986711
3260 0.000263976744186046
3270 0.000263865448504983
3280 0.00026375415282392
3290 0.000263642857142857
3300 0.000263531561461794
3310 0.000263420265780731
3320 0.000263308970099668
3330 0.000263197674418605
3340 0.000263086378737541
3350 0.000262975083056478
3360 0.000262863787375415
3370 0.000262752491694352
3380 0.000262641196013289
3390 0.000262529900332226
3400 0.000262418604651163
3410 0.0002623073089701
3420 0.000262196013289037
3430 0.000262084717607973
3440 0.00026197342192691
3450 0.000261862126245847
3460 0.000261750830564784
3470 0.000261639534883721
3480 0.000261528239202658
3490 0.000261416943521595
3500 0.000261305647840532
3510 0.000261194352159468
3520 0.000261083056478405
3530 0.000260971760797342
3540 0.000260860465116279
3550 0.000260749169435216
3560 0.000260637873754153
3570 0.00026052657807309
3580 0.000260415282392027
3590 0.000260303986710963
3600 0.0002601926910299
3610 0.000260081395348837
3620 0.000259970099667774
3630 0.000259858803986711
3640 0.000259747508305648
3650 0.000259636212624585
3660 0.000259524916943522
3670 0.000259413621262458
3680 0.000259302325581395
3690 0.000259191029900332
3700 0.000259079734219269
3710 0.000258968438538206
3720 0.000258857142857143
3730 0.00025874584717608
3740 0.000258634551495017
3750 0.000258523255813953
3760 0.00025841196013289
3770 0.000258300664451827
3780 0.000258189368770764
3790 0.000258078073089701
3800 0.000257966777408638
3810 0.000257855481727575
3820 0.000257744186046512
3830 0.000257632890365449
3840 0.000257521594684385
3850 0.000257410299003322
3860 0.000257299003322259
3870 0.000257187707641196
3880 0.000257076411960133
3890 0.00025696511627907
3900 0.000256853820598007
3910 0.000256742524916943
3920 0.00025663122923588
3930 0.000256519933554817
3940 0.000256408637873754
3950 0.000256297342192691
3960 0.000256186046511628
3970 0.000256074750830565
3980 0.000255963455149502
3990 0.000255852159468438
4000 0.000255740863787375
4010 0.000255629568106312
4020 0.000255518272425249
4030 0.000255406976744186
4040 0.000255295681063123
4050 0.00025518438538206
4060 0.000255073089700997
4070 0.000254961794019934
4080 0.00025485049833887
4090 0.000254739202657807
4100 0.000254627906976744
4110 0.000254516611295681
4120 0.000254405315614618
4130 0.000254294019933555
4140 0.000254182724252492
4150 0.000254071428571429
4160 0.000253960132890365
4170 0.000253848837209302
4180 0.000253737541528239
4190 0.000253626245847176
4200 0.000253514950166113
4210 0.00025340365448505
4220 0.000253292358803987
4230 0.000253181063122924
4240 0.00025306976744186
4250 0.000252958471760797
4260 0.000252847176079734
4270 0.000252735880398671
4280 0.000252624584717608
4290 0.000252513289036545
4300 0.000252401993355482
4310 0.000252290697674419
4320 0.000252179401993355
4330 0.000252068106312292
4340 0.000251956810631229
4350 0.000251845514950166
4360 0.000251734219269103
4370 0.00025162292358804
4380 0.000251511627906977
4390 0.000251400332225914
4400 0.00025128903654485
4410 0.000251177740863787
4420 0.000251066445182724
4430 0.000250955149501661
4440 0.000250843853820598
4450 0.000250732558139535
4460 0.000250621262458472
4470 0.000250509966777409
4480 0.000250398671096345
4490 0.000250287375415282
4500 0.000250176079734219
4510 0.000250064784053156
4520 0.000249953488372093
4530 0.00024984219269103
4540 0.000249730897009967
4550 0.000249619601328904
4560 0.00024950830564784
4570 0.000249397009966777
4580 0.000249285714285714
4590 0.000249174418604651
4600 0.000249063122923588
4610 0.000248951827242525
4620 0.000248840531561462
4630 0.000248729235880399
4640 0.000248617940199336
4650 0.000248506644518272
4660 0.000248395348837209
4670 0.000248284053156146
4680 0.000248172757475083
4690 0.00024806146179402
4700 0.000247950166112957
4710 0.000247838870431894
4720 0.000247727574750831
4730 0.000247616279069767
4740 0.000247504983388704
4750 0.000247393687707641
4760 0.000247282392026578
4770 0.000247171096345515
4780 0.000247059800664452
4790 0.000246948504983389
4800 0.000246837209302326
4810 0.000246725913621262
4820 0.000246614617940199
4830 0.000246503322259136
4840 0.000246392026578073
4850 0.00024628073089701
4860 0.000246169435215947
4870 0.000246058139534884
4880 0.000245946843853821
4890 0.000245835548172757
4900 0.000245724252491694
4910 0.000245612956810631
4920 0.000245501661129568
4930 0.000245390365448505
4940 0.000245279069767442
4950 0.000245167774086379
4960 0.000245056478405316
4970 0.000244945182724252
4980 0.000244833887043189
4990 0.000244722591362126
5000 0.000244611295681063
5010 0.0002445
5020 0.0002445
5030 0.0002445
5040 0.0002445
5050 0.0002445
5060 0.0002445
5070 0.0002445
5080 0.0002445
5090 0.0002445
5100 0.0002445
5110 0.0002445
5120 0.0002445
5130 0.0002445
5140 0.0002445
5150 0.0002445
5160 0.0002445
5170 0.0002445
5180 0.0002445
5190 0.0002445
5200 0.0002445
5210 0.0002445
5220 0.0002445
5230 0.0002445
5240 0.0002445
5250 0.0002445
5260 0.0002445
5270 0.0002445
5280 0.0002445
5290 0.0002445
5300 0.0002445
5310 0.0002445
5320 0.0002445
5330 0.0002445
5340 0.0002445
5350 0.0002445
5360 0.0002445
5370 0.0002445
5380 0.0002445
5390 0.0002445
5400 0.0002445
5410 0.0002445
5420 0.0002445
5430 0.0002445
5440 0.0002445
5450 0.0002445
5460 0.0002445
5470 0.0002445
5480 0.0002445
5490 0.0002445
5500 0.0002445
5510 0.0002445
5520 0.0002445
5530 0.0002445
5540 0.0002445
5550 0.0002445
5560 0.0002445
5570 0.0002445
5580 0.0002445
5590 0.0002445
5600 0.0002445
5610 0.0002445
5620 0.0002445
5630 0.0002445
5640 0.0002445
5650 0.0002445
5660 0.0002445
5670 0.0002445
5680 0.0002445
5690 0.0002445
5700 0.0002445
5710 0.0002445
5720 0.0002445
5730 0.0002445
5740 0.0002445
5750 0.0002445
5760 0.0002445
5770 0.0002445
5780 0.0002445
5790 0.0002445
5800 0.0002445
5810 0.0002445
5820 0.0002445
5830 0.0002445
5840 0.0002445
5850 0.0002445
5860 0.0002445
5870 0.0002445
5880 0.0002445
5890 0.0002445
5900 0.0002445
5910 0.0002445
5920 0.0002445
5930 0.0002445
5940 0.0002445
5950 0.0002445
5960 0.0002445
5970 0.0002445
5980 0.0002445
5990 0.0002445
6000 0.0002445
6010 0.0002445
6020 0.0002445
6030 0.0002445
6040 0.0002445
6050 0.0002445
6060 0.0002445
6070 0.0002445
6080 0.0002445
6090 0.0002445
6100 0.0002445
6110 0.0002445
6120 0.0002445
6130 0.0002445
6140 0.0002445
6150 0.0002445
6160 0.0002445
6170 0.0002445
6180 0.0002445
6190 0.0002445
6200 0.0002445
6210 0.0002445
6220 0.0002445
6230 0.0002445
6240 0.0002445
6250 0.0002445
6260 0.0002445
6270 0.0002445
6280 0.0002445
6290 0.0002445
6300 0.0002445
6310 0.0002445
6320 0.0002445
6330 0.0002445
6340 0.0002445
6350 0.0002445
6360 0.0002445
6370 0.0002445
6380 0.0002445
6390 0.0002445
6400 0.0002445
6410 0.0002445
6420 0.0002445
6430 0.0002445
6440 0.0002445
6450 0.0002445
6460 0.0002445
6470 0.0002445
6480 0.0002445
6490 0.0002445
6500 0.0002445
6510 0.0002445
6520 0.0002445
6530 0.0002445
6540 0.0002445
6550 0.0002445
6560 0.0002445
6570 0.0002445
6580 0.0002445
6590 0.0002445
6600 0.0002445
6610 0.0002445
6620 0.0002445
6630 0.0002445
6640 0.0002445
6650 0.0002445
6660 0.0002445
6670 0.0002445
6680 0.0002445
6690 0.0002445
6700 0.0002445
6710 0.0002445
6720 0.0002445
6730 0.0002445
6740 0.0002445
6750 0.0002445
6760 0.0002445
6770 0.0002445
6780 0.0002445
6790 0.0002445
6800 0.0002445
6810 0.0002445
6820 0.0002445
6830 0.0002445
6840 0.0002445
6850 0.0002445
6860 0.0002445
6870 0.0002445
6880 0.0002445
6890 0.0002445
6900 0.0002445
6910 0.0002445
6920 0.0002445
6930 0.0002445
6940 0.0002445
6950 0.0002445
6960 0.0002445
6970 0.0002445
6980 0.0002445
6990 0.0002445
7000 0.0002445
7010 0.0002445
7020 0.0002445
7030 0.0002445
7040 0.0002445
7050 0.0002445
7060 0.0002445
7070 0.0002445
7080 0.0002445
7090 0.0002445
7100 0.0002445
7110 0.0002445
7120 0.0002445
7130 0.0002445
7140 0.0002445
7150 0.0002445
7160 0.0002445
7170 0.0002445
7180 0.0002445
7190 0.0002445
7200 0.0002445
7210 0.0002445
7220 0.0002445
7230 0.0002445
7240 0.0002445
7250 0.0002445
7260 0.0002445
7270 0.0002445
7280 0.0002445
7290 0.0002445
7300 0.0002445
7310 0.0002445
7320 0.0002445
7330 0.0002445
7340 0.0002445
7350 0.0002445
7360 0.0002445
7370 0.0002445
7380 0.0002445
7390 0.0002445
7400 0.0002445
7410 0.0002445
7420 0.0002445
7430 0.0002445
7440 0.0002445
7450 0.0002445
7460 0.0002445
7470 0.0002445
7480 0.0002445
7490 0.0002445
7500 0.0002445
7510 0.0002445
7520 0.0002445
7530 0.0002445
7540 0.0002445
7550 0.0002445
7560 0.0002445
7570 0.0002445
7580 0.0002445
7590 0.0002445
7600 0.0002445
7610 0.0002445
7620 0.0002445
7630 0.0002445
7640 0.0002445
7650 0.0002445
7660 0.0002445
7670 0.0002445
7680 0.0002445
7690 0.0002445
7700 0.0002445
7710 0.0002445
7720 0.0002445
7730 0.0002445
7740 0.0002445
7750 0.0002445
7760 0.0002445
7770 0.0002445
7780 0.0002445
7790 0.0002445
7800 0.0002445
7810 0.0002445
7820 0.0002445
7830 0.0002445
7840 0.0002445
7850 0.0002445
7860 0.0002445
7870 0.0002445
7880 0.0002445
7890 0.0002445
7900 0.0002445
7910 0.0002445
7920 0.0002445
7930 0.0002445
7940 0.0002445
7950 0.0002445
7960 0.0002445
7970 0.0002445
7980 0.0002445
7990 0.0002445
8000 0.0002445
8010 0.0002445
8020 0.0002445
8030 0.0002445
8040 0.0002445
8050 0.0002445
8060 0.0002445
8070 0.0002445
8080 0.0002445
8090 0.0002445
8100 0.0002445
8110 0.0002445
8120 0.0002445
8130 0.0002445
8140 0.0002445
8150 0.0002445
8160 0.0002445
8170 0.0002445
8180 0.0002445
8190 0.0002445
8200 0.0002445
8210 0.0002445
8220 0.0002445
8230 0.0002445
8240 0.0002445
8250 0.0002445
8260 0.0002445
8270 0.0002445
8280 0.0002445
8290 0.0002445
8300 0.0002445
8310 0.0002445
8320 0.0002445
8330 0.0002445
8340 0.0002445
8350 0.0002445
8360 0.0002445
8370 0.0002445
8380 0.0002445
8390 0.0002445
8400 0.0002445
8410 0.0002445
8420 0.0002445
8430 0.0002445
8440 0.0002445
8450 0.0002445
8460 0.0002445
8470 0.0002445
8480 0.0002445
8490 0.0002445
8500 0.0002445
8510 0.0002445
8520 0.0002445
8530 0.0002445
8540 0.0002445
8550 0.0002445
8560 0.0002445
8570 0.0002445
8580 0.0002445
8590 0.0002445
8600 0.0002445
8610 0.0002445
8620 0.0002445
8630 0.0002445
8640 0.0002445
8650 0.0002445
8660 0.0002445
8670 0.0002445
8680 0.0002445
8690 0.0002445
8700 0.0002445
8710 0.0002445
8720 0.0002445
8730 0.0002445
8740 0.0002445
8750 0.0002445
8760 0.0002445
8770 0.0002445
8780 0.0002445
8790 0.0002445
8800 0.0002445
8810 0.0002445
8820 0.0002445
8830 0.0002445
8840 0.0002445
8850 0.0002445
8860 0.0002445
8870 0.0002445
8880 0.0002445
8890 0.0002445
8900 0.0002445
8910 0.0002445
8920 0.0002445
8930 0.0002445
8940 0.0002445
8950 0.0002445
8960 0.0002445
8970 0.0002445
8980 0.0002445
8990 0.0002445
9000 0.0002445
9010 0.0002445
9020 0.0002445
9030 0.0002445
9040 0.0002445
9050 0.0002445
9060 0.0002445
9070 0.0002445
9080 0.0002445
9090 0.0002445
9100 0.0002445
9110 0.0002445
9120 0.0002445
9130 0.0002445
9140 0.0002445
9150 0.0002445
9160 0.0002445
9170 0.0002445
9180 0.0002445
9190 0.0002445
9200 0.0002445
9210 0.0002445
9220 0.0002445
9230 0.0002445
9240 0.0002445
9250 0.0002445
9260 0.0002445
9270 0.0002445
9280 0.0002445
9290 0.0002445
9300 0.0002445
9310 0.0002445
9320 0.0002445
9330 0.0002445
9340 0.0002445
9350 0.0002445
9360 0.0002445
9370 0.0002445
9380 0.0002445
9390 0.0002445
9400 0.0002445
9410 0.0002445
9420 0.0002445
9430 0.0002445
9440 0.0002445
9450 0.0002445
9460 0.0002445
9470 0.0002445
9480 0.0002445
9490 0.0002445
9500 0.0002445
9510 0.0002445
9520 0.0002445
9530 0.0002445
9540 0.0002445
9550 0.0002445
9560 0.0002445
9570 0.0002445
9580 0.0002445
9590 0.0002445
9600 0.0002445
9610 0.0002445
9620 0.0002445
9630 0.0002445
9640 0.0002445
9650 0.0002445
9660 0.0002445
9670 0.0002445
9680 0.0002445
9690 0.0002445
9700 0.0002445
9710 0.0002445
9720 0.0002445
9730 0.0002445
9740 0.0002445
9750 0.0002445
9760 0.0002445
9770 0.0002445
9780 0.0002445
9790 0.0002445
9800 0.0002445
9810 0.0002445
9820 0.0002445
9830 0.0002445
9840 0.0002445
9850 0.0002445
9860 0.0002445
9870 0.0002445
9880 0.0002445
9890 0.0002445
9900 0.0002445
9910 0.0002445
9920 0.0002445
9930 0.0002445
9940 0.0002445
9950 0.0002445
9960 0.0002445
9970 0.0002445
9980 0.0002445
9990 0.0002445
10000 0.0002445
10010 0.0002445
10020 0.0002445
10030 0.0002445
10040 0.0002445
10050 0.0002445
10060 0.0002445
10070 0.0002445
10080 0.0002445
10090 0.0002445
10100 0.0002445
10110 0.0002445
10120 0.0002445
10130 0.0002445
10140 0.0002445
10150 0.0002445
10160 0.0002445
10170 0.0002445
10180 0.0002445
10190 0.0002445
10200 0.0002445
10210 0.0002445
10220 0.0002445
10230 0.0002445
10240 0.0002445
10250 0.0002445
10260 0.0002445
10270 0.0002445
10280 0.0002445
10290 0.0002445
10300 0.0002445
10310 0.0002445
10320 0.0002445
10330 0.0002445
10340 0.0002445
10350 0.0002445
10360 0.0002445
10370 0.0002445
10380 0.0002445
10390 0.0002445
10400 0.0002445
10410 0.0002445
10420 0.0002445
10430 0.0002445
10440 0.0002445
10450 0.0002445
10460 0.0002445
10470 0.0002445
10480 0.0002445
10490 0.0002445
10500 0.0002445
10510 0.0002445
10520 0.0002445
10530 0.0002445
10540 0.0002445
10550 0.0002445
10560 0.0002445
10570 0.0002445
10580 0.0002445
10590 0.0002445
10600 0.0002445
10610 0.0002445
10620 0.0002445
10630 0.0002445
10640 0.0002445
10650 0.0002445
10660 0.0002445
10670 0.0002445
10680 0.0002445
10690 0.0002445
10700 0.0002445
10710 0.0002445
10720 0.0002445
10730 0.0002445
10740 0.0002445
10750 0.0002445
10760 0.0002445
10770 0.0002445
10780 0.0002445
10790 0.0002445
10800 0.0002445
10810 0.0002445
10820 0.0002445
10830 0.0002445
10840 0.0002445
10850 0.0002445
10860 0.0002445
10870 0.0002445
10880 0.0002445
10890 0.0002445
10900 0.0002445
10910 0.0002445
10920 0.0002445
10930 0.0002445
10940 0.0002445
10950 0.0002445
10960 0.0002445
10970 0.0002445
10980 0.0002445
10990 0.0002445
11000 0.0002445
11010 0.0002445
11020 0.0002445
11030 0.0002445
11040 0.0002445
11050 0.0002445
11060 0.0002445
11070 0.0002445
11080 0.0002445
11090 0.0002445
11100 0.0002445
11110 0.0002445
11120 0.0002445
11130 0.0002445
11140 0.0002445
11150 0.0002445
11160 0.0002445
11170 0.0002445
11180 0.0002445
11190 0.0002445
11200 0.0002445
11210 0.0002445
11220 0.0002445
11230 0.0002445
11240 0.0002445
11250 0.0002445
11260 0.0002445
11270 0.0002445
11280 0.0002445
11290 0.0002445
11300 0.0002445
11310 0.0002445
11320 0.0002445
11330 0.0002445
11340 0.0002445
11350 0.0002445
11360 0.0002445
11370 0.0002445
11380 0.0002445
11390 0.0002445
11400 0.0002445
11410 0.0002445
11420 0.0002445
11430 0.0002445
11440 0.0002445
11450 0.0002445
11460 0.0002445
11470 0.0002445
11480 0.0002445
11490 0.0002445
11500 0.0002445
11510 0.0002445
11520 0.0002445
11530 0.0002445
11540 0.0002445
11550 0.0002445
11560 0.0002445
11570 0.0002445
11580 0.0002445
11590 0.0002445
11600 0.0002445
11610 0.0002445
11620 0.0002445
11630 0.0002445
11640 0.0002445
11650 0.0002445
11660 0.0002445
11670 0.0002445
11680 0.0002445
11690 0.0002445
11700 0.0002445
11710 0.0002445
11720 0.0002445
11730 0.0002445
11740 0.0002445
11750 0.0002445
11760 0.0002445
11770 0.0002445
11780 0.0002445
11790 0.0002445
11800 0.0002445
11810 0.0002445
11820 0.0002445
11830 0.0002445
11840 0.0002445
11850 0.0002445
11860 0.0002445
11870 0.0002445
11880 0.0002445
11890 0.0002445
11900 0.0002445
11910 0.0002445
11920 0.0002445
11930 0.0002445
11940 0.0002445
11950 0.0002445
11960 0.0002445
11970 0.0002445
11980 0.0002445
11990 0.0002445
12000 0.0002445
12010 0.0002445
12020 0.0002445
12030 0.0002445
12040 0.0002445
12050 0.0002445
12060 0.0002445
12070 0.0002445
12080 0.0002445
12090 0.0002445
12100 0.0002445
12110 0.0002445
12120 0.0002445
12130 0.0002445
12140 0.0002445
12150 0.0002445
12160 0.0002445
12170 0.0002445
12180 0.0002445
12190 0.0002445
12200 0.0002445
12210 0.0002445
12220 0.0002445
12230 0.0002445
12240 0.0002445
12250 0.0002445
12260 0.0002445
12270 0.0002445
12280 0.0002445
12290 0.0002445
12300 0.0002445
12310 0.0002445
12320 0.0002445
12330 0.0002445
12340 0.0002445
12350 0.0002445
12360 0.0002445
12370 0.0002445
12380 0.0002445
12390 0.0002445
12400 0.0002445
12410 0.0002445
12420 0.0002445
12430 0.0002445
12440 0.0002445
12450 0.0002445
12460 0.0002445
12470 0.0002445
12480 0.0002445
12490 0.0002445
12500 0.0002445
12510 0.0002445
12520 0.0002445
12530 0.0002445
12540 0.0002445
12550 0.0002445
12560 0.0002445
12570 0.0002445
12580 0.0002445
12590 0.0002445
12600 0.0002445
12610 0.0002445
12620 0.0002445
12630 0.0002445
12640 0.0002445
12650 0.0002445
12660 0.0002445
12670 0.0002445
12680 0.0002445
12690 0.0002445
12700 0.0002445
12710 0.0002445
12720 0.0002445
12730 0.0002445
12740 0.0002445
12750 0.0002445
12760 0.0002445
12770 0.0002445
12780 0.0002445
12790 0.0002445
12800 0.0002445
12810 0.0002445
12820 0.0002445
12830 0.0002445
12840 0.0002445
12850 0.0002445
12860 0.0002445
12870 0.0002445
12880 0.0002445
12890 0.0002445
12900 0.0002445
12910 0.0002445
12920 0.0002445
12930 0.0002445
12940 0.0002445
12950 0.0002445
12960 0.0002445
12970 0.0002445
12980 0.0002445
12990 0.0002445
13000 0.0002445
13010 0.0002445
13020 0.0002445
13030 0.0002445
13040 0.0002445
13050 0.0002445
13060 0.0002445
13070 0.0002445
13080 0.0002445
13090 0.0002445
13100 0.0002445
13110 0.0002445
13120 0.0002445
13130 0.0002445
13140 0.0002445
13150 0.0002445
13160 0.0002445
13170 0.0002445
13180 0.0002445
13190 0.0002445
13200 0.0002445
13210 0.0002445
13220 0.0002445
13230 0.0002445
13240 0.0002445
13250 0.0002445
13260 0.0002445
13270 0.0002445
13280 0.0002445
13290 0.0002445
13300 0.0002445
13310 0.0002445
13320 0.0002445
13330 0.0002445
13340 0.0002445
13350 0.0002445
13360 0.0002445
13370 0.0002445
13380 0.0002445
13390 0.0002445
13400 0.0002445
13410 0.0002445
13420 0.0002445
13430 0.0002445
13440 0.0002445
13450 0.0002445
13460 0.0002445
13470 0.0002445
13480 0.0002445
13490 0.0002445
13500 0.0002445
13510 0.0002445
13520 0.0002445
13530 0.0002445
13540 0.0002445
13550 0.0002445
13560 0.0002445
13570 0.0002445
13580 0.0002445
13590 0.0002445
13600 0.0002445
13610 0.0002445
13620 0.0002445
13630 0.0002445
13640 0.0002445
13650 0.0002445
13660 0.0002445
13670 0.0002445
13680 0.0002445
13690 0.0002445
13700 0.0002445
13710 0.0002445
13720 0.0002445
13730 0.0002445
13740 0.0002445
13750 0.0002445
13760 0.0002445
13770 0.0002445
13780 0.0002445
13790 0.0002445
13800 0.0002445
13810 0.0002445
13820 0.0002445
13830 0.0002445
13840 0.0002445
13850 0.0002445
13860 0.0002445
13870 0.0002445
13880 0.0002445
13890 0.0002445
13900 0.0002445
13910 0.0002445
13920 0.0002445
13930 0.0002445
13940 0.0002445
13950 0.0002445
13960 0.0002445
13970 0.0002445
13980 0.0002445
13990 0.0002445
14000 0.0002445
14010 0.0002445
14020 0.0002445
14030 0.0002445
14040 0.0002445
14050 0.0002445
14060 0.0002445
14070 0.0002445
14080 0.0002445
14090 0.0002445
14100 0.0002445
14110 0.0002445
14120 0.0002445
14130 0.0002445
14140 0.0002445
14150 0.0002445
14160 0.0002445
14170 0.0002445
14180 0.0002445
14190 0.0002445
14200 0.0002445
14210 0.0002445
14220 0.0002445
14230 0.0002445
14240 0.0002445
14250 0.0002445
14260 0.0002445
14270 0.0002445
14280 0.0002445
14290 0.0002445
14300 0.0002445
14310 0.0002445
14320 0.0002445
14330 0.0002445
14340 0.0002445
14350 0.0002445
14360 0.0002445
14370 0.0002445
14380 0.0002445
14390 0.0002445
14400 0.0002445
14410 0.0002445
14420 0.0002445
14430 0.0002445
14440 0.0002445
14450 0.0002445
14460 0.0002445
14470 0.0002445
14480 0.0002445
14490 0.0002445
14500 0.0002445
14510 0.0002445
14520 0.0002445
14530 0.0002445
14540 0.0002445
14550 0.0002445
14560 0.0002445
14570 0.0002445
14580 0.0002445
14590 0.0002445
14600 0.0002445
14610 0.0002445
14620 0.0002445
14630 0.0002445
14640 0.0002445
14650 0.0002445
14660 0.0002445
14670 0.0002445
14680 0.0002445
14690 0.0002445
14700 0.0002445
14710 0.0002445
14720 0.0002445
14730 0.0002445
14740 0.0002445
14750 0.0002445
14760 0.0002445
14770 0.0002445
14780 0.0002445
14790 0.0002445
14800 0.0002445
14810 0.0002445
14820 0.0002445
14830 0.0002445
14840 0.0002445
14850 0.0002445
14860 0.0002445
14870 0.0002445
14880 0.0002445
14890 0.0002445
14900 0.0002445
14910 0.0002445
14920 0.0002445
14930 0.0002445
14940 0.0002445
14950 0.0002445
14960 0.0002445
14970 0.0002445
14980 0.0002445
14990 0.0002445
15000 0.0002445
15010 0.0002445
15020 0.0002445
15030 0.0002445
15040 0.0002445
15050 0.0002445
15060 0.0002445
15070 0.0002445
15080 0.0002445
15090 0.0002445
15100 0.0002445
15110 0.0002445
15120 0.0002445
15130 0.0002445
15140 0.0002445
15150 0.0002445
15160 0.0002445
15170 0.0002445
15180 0.0002445
15190 0.0002445
15200 0.0002445
15210 0.0002445
15220 0.0002445
15230 0.0002445
15240 0.0002445
15250 0.0002445
15260 0.0002445
15270 0.0002445
15280 0.0002445
15290 0.0002445
15300 0.0002445
15310 0.0002445
15320 0.0002445
15330 0.0002445
15340 0.0002445
15350 0.0002445
15360 0.0002445
15370 0.0002445
15380 0.0002445
15390 0.0002445
15400 0.0002445
15410 0.0002445
15420 0.0002445
15430 0.0002445
15440 0.0002445
15450 0.0002445
15460 0.0002445
15470 0.0002445
15480 0.0002445
15490 0.0002445
15500 0.0002445
15510 0.0002445
15520 0.0002445
15530 0.0002445
15540 0.0002445
15550 0.0002445
15560 0.0002445
15570 0.0002445
15580 0.0002445
15590 0.0002445
15600 0.0002445
15610 0.0002445
15620 0.0002445
15630 0.0002445
15640 0.0002445
15650 0.0002445
15660 0.0002445
15670 0.0002445
15680 0.0002445
15690 0.0002445
15700 0.0002445
15710 0.0002445
15720 0.0002445
15730 0.0002445
15740 0.0002445
15750 0.0002445
15760 0.0002445
15770 0.0002445
15780 0.0002445
15790 0.0002445
15800 0.0002445
15810 0.0002445
15820 0.0002445
15830 0.0002445
15840 0.0002445
15850 0.0002445
15860 0.0002445
15870 0.0002445
15880 0.0002445
15890 0.0002445
15900 0.0002445
15910 0.0002445
15920 0.0002445
15930 0.0002445
15940 0.0002445
15950 0.0002445
15960 0.0002445
15970 0.0002445
15980 0.0002445
15990 0.0002445
16000 0.0002445
16010 0.0002445
16020 0.0002445
16030 0.0002445
16040 0.0002445
16050 0.0002445
16060 0.0002445
16070 0.0002445
16080 0.0002445
16090 0.0002445
16100 0.0002445
16110 0.0002445
16120 0.0002445
16130 0.0002445
16140 0.0002445
16150 0.0002445
16160 0.0002445
16170 0.0002445
16180 0.0002445
16190 0.0002445
16200 0.0002445
16210 0.0002445
16220 0.0002445
16230 0.0002445
16240 0.0002445
16250 0.0002445
16260 0.0002445
16270 0.0002445
16280 0.0002445
16290 0.0002445
16300 0.0002445
16310 0.0002445
16320 0.0002445
16330 0.0002445
16340 0.0002445
16350 0.0002445
16360 0.0002445
16370 0.0002445
16380 0.0002445
16390 0.0002445
16400 0.0002445
16410 0.0002445
16420 0.0002445
16430 0.0002445
16440 0.0002445
16450 0.0002445
16460 0.0002445
16470 0.0002445
16480 0.0002445
16490 0.0002445
16500 0.0002445
16510 0.0002445
16520 0.0002445
16530 0.0002445
16540 0.0002445
16550 0.0002445
16560 0.0002445
16570 0.0002445
16580 0.0002445
16590 0.0002445
16600 0.0002445
16610 0.0002445
16620 0.0002445
16630 0.0002445
16640 0.0002445
16650 0.0002445
16660 0.0002445
16670 0.0002445
16680 0.0002445
16690 0.0002445
16700 0.0002445
16710 0.0002445
16720 0.0002445
16730 0.0002445
16740 0.0002445
16750 0.0002445
16760 0.0002445
16770 0.0002445
16780 0.0002445
16790 0.0002445
16800 0.0002445
16810 0.0002445
16820 0.0002445
16830 0.0002445
16840 0.0002445
16850 0.0002445
16860 0.0002445
16870 0.0002445
16880 0.0002445
16890 0.0002445
16900 0.0002445
16910 0.0002445
16920 0.0002445
16930 0.0002445
16940 0.0002445
16950 0.0002445
16960 0.0002445
16970 0.0002445
16980 0.0002445
16990 0.0002445
17000 0.0002445
17010 0.0002445
17020 0.0002445
17030 0.0002445
17040 0.0002445
17050 0.0002445
17060 0.0002445
17070 0.0002445
17080 0.0002445
17090 0.0002445
17100 0.0002445
17110 0.0002445
17120 0.0002445
17130 0.0002445
17140 0.0002445
17150 0.0002445
17160 0.0002445
17170 0.0002445
17180 0.0002445
17190 0.0002445
17200 0.0002445
17210 0.0002445
17220 0.0002445
17230 0.0002445
17240 0.0002445
17250 0.0002445
17260 0.0002445
17270 0.0002445
17280 0.0002445
17290 0.0002445
17300 0.0002445
17310 0.0002445
17320 0.0002445
17330 0.0002445
17340 0.0002445
17350 0.0002445
17360 0.0002445
17370 0.0002445
17380 0.0002445
17390 0.0002445
17400 0.0002445
17410 0.0002445
17420 0.0002445
17430 0.0002445
17440 0.0002445
17450 0.0002445
17460 0.0002445
17470 0.0002445
17480 0.0002445
17490 0.0002445
17500 0.0002445
17510 0.0002445
17520 0.0002445
17530 0.0002445
17540 0.0002445
17550 0.0002445
17560 0.0002445
17570 0.0002445
17580 0.0002445
17590 0.0002445
17600 0.0002445
17610 0.0002445
17620 0.0002445
17630 0.0002445
17640 0.0002445
17650 0.0002445
17660 0.0002445
17670 0.0002445
17680 0.0002445
17690 0.0002445
17700 0.0002445
17710 0.0002445
17720 0.0002445
17730 0.0002445
17740 0.0002445
17750 0.0002445
17760 0.0002445
17770 0.0002445
17780 0.0002445
17790 0.0002445
17800 0.0002445
17810 0.0002445
17820 0.0002445
17830 0.0002445
17840 0.0002445
17850 0.0002445
17860 0.0002445
17870 0.0002445
17880 0.0002445
17890 0.0002445
17900 0.0002445
17910 0.0002445
17920 0.0002445
17930 0.0002445
17940 0.0002445
17950 0.0002445
17960 0.0002445
17970 0.0002445
17980 0.0002445
17990 0.0002445
18000 0.0002445
18010 0.0002445
18020 0.0002445
18030 0.0002445
18040 0.0002445
18050 0.0002445
18060 0.0002445
18070 0.0002445
18080 0.0002445
18090 0.0002445
18100 0.0002445
18110 0.0002445
18120 0.0002445
18130 0.0002445
18140 0.0002445
18150 0.0002445
18160 0.0002445
18170 0.0002445
18180 0.0002445
18190 0.0002445
18200 0.0002445
18210 0.0002445
18220 0.0002445
18230 0.0002445
18240 0.0002445
18250 0.0002445
18260 0.0002445
18270 0.0002445
18280 0.0002445
18290 0.0002445
18300 0.0002445
18310 0.0002445
18320 0.0002445
18330 0.0002445
18340 0.0002445
18350 0.0002445
18360 0.0002445
18370 0.0002445
18380 0.0002445
18390 0.0002445
18400 0.0002445
18410 0.0002445
18420 0.0002445
18430 0.0002445
18440 0.0002445
18450 0.0002445
18460 0.0002445
18470 0.0002445
18480 0.0002445
18490 0.0002445
18500 0.0002445
18510 0.0002445
18520 0.0002445
18530 0.0002445
18540 0.0002445
18550 0.0002445
18560 0.0002445
18570 0.0002445
18580 0.0002445
18590 0.0002445
18600 0.0002445
18610 0.0002445
18620 0.0002445
18630 0.0002445
18640 0.0002445
18650 0.0002445
18660 0.0002445
18670 0.0002445
18680 0.0002445
18690 0.0002445
18700 0.0002445
18710 0.0002445
18720 0.0002445
18730 0.0002445
18740 0.0002445
18750 0.0002445
18760 0.0002445
18770 0.0002445
18780 0.0002445
18790 0.0002445
18800 0.0002445
18810 0.0002445
18820 0.0002445
18830 0.0002445
18840 0.0002445
18850 0.0002445
18860 0.0002445
18870 0.0002445
18880 0.0002445
18890 0.0002445
18900 0.0002445
18910 0.0002445
18920 0.0002445
18930 0.0002445
18940 0.0002445
18950 0.0002445
18960 0.0002445
18970 0.0002445
18980 0.0002445
18990 0.0002445
19000 0.0002445
19010 0.0002445
19020 0.0002445
19030 0.0002445
19040 0.0002445
19050 0.0002445
19060 0.0002445
19070 0.0002445
19080 0.0002445
19090 0.0002445
19100 0.0002445
19110 0.0002445
19120 0.0002445
19130 0.0002445
19140 0.0002445
19150 0.0002445
19160 0.0002445
19170 0.0002445
19180 0.0002445
19190 0.0002445
19200 0.0002445
19210 0.0002445
19220 0.0002445
19230 0.0002445
19240 0.0002445
19250 0.0002445
19260 0.0002445
19270 0.0002445
19280 0.0002445
19290 0.0002445
19300 0.0002445
19310 0.0002445
19320 0.0002445
19330 0.0002445
19340 0.0002445
19350 0.0002445
19360 0.0002445
19370 0.0002445
19380 0.0002445
19390 0.0002445
19400 0.0002445
19410 0.0002445
19420 0.0002445
19430 0.0002445
19440 0.0002445
19450 0.0002445
19460 0.0002445
19470 0.0002445
19480 0.0002445
19490 0.0002445
19500 0.0002445
19510 0.0002445
19520 0.0002445
19530 0.0002445
19540 0.0002445
19550 0.0002445
19560 0.0002445
19570 0.0002445
19580 0.0002445
19590 0.0002445
19600 0.0002445
19610 0.0002445
19620 0.0002445
19630 0.0002445
19640 0.0002445
19650 0.0002445
19660 0.0002445
19670 0.0002445
19680 0.0002445
19690 0.0002445
19700 0.0002445
19710 0.0002445
19720 0.0002445
19730 0.0002445
19740 0.0002445
19750 0.0002445
19760 0.0002445
19770 0.0002445
19780 0.0002445
19790 0.0002445
19800 0.0002445
19810 0.0002445
19820 0.0002445
19830 0.0002445
19840 0.0002445
19850 0.0002445
19860 0.0002445
19870 0.0002445
19880 0.0002445
19890 0.0002445
19900 0.0002445
19910 0.0002445
19920 0.0002445
19930 0.0002445
19940 0.0002445
19950 0.0002445
19960 0.0002445
19970 0.0002445
19980 0.0002445
19990 0.0002445
20000 0.0002445
-END-OF-DATA-
