  -2.0200667e+00
  -1.5888162e+00
  -1.0485843e+00
  -6.9505966e-01
  -2.3178819e-01
   3.1961462e-01
  -3.0735163e-02
  -8.6498660e-01
  -1.4507613e+00
  -1.8439487e+00
  -2.1224110e+00
  -2.3521383e+00
  -2.5001264e+00
  -2.6437643e+00
  -2.7157943e+00
  -2.7569888e+00
  -2.8126409e+00
  -2.8727977e+00
  -2.9595366e+00
  -2.9263248e+00
  -2.6795638e+00
  -2.3840299e+00
  -1.8108376e+00
  -1.4644721e+00
  -1.3987480e+00
  -1.3561416e+00
  -1.3628763e+00
  -1.2681823e+00
  -1.2000411e+00
  -1.2455109e+00
  -1.6323918e+00
  -2.2032881e+00
  -2.5840056e+00
  -2.3989427e+00
  -2.2318759e+00
  -2.1883764e+00
  -4.7075734e-01
  -2.7418250e-01
  -1.2707385e-01
   1.0440197e-02
  -6.8046719e-02
   8.4406567e-01
   8.4637100e-01
   1.1134914e+00
   1.1984401e+00
   1.2290416e+00
   1.2335910e+00
   1.1668966e+00
   1.0864463e+00
   1.0313833e+00
   9.8530722e-01
   9.6158218e-01
   9.8689026e-01
   1.0303509e+00
   9.4640732e-01
   3.6555821e-01
   6.5896887e-01
   5.9342378e-01
   3.9056391e-01
   3.7182608e-01
   4.0396780e-01
   4.7643796e-01
   3.2840079e-01
   6.4508760e-01
   6.1897683e-01
   6.5442431e-01
   4.9454778e-01
   2.2062427e-01
  -3.4970242e-01
  -6.5080112e-01
  -6.3494325e-01
  -5.8770013e-01
   4.3940112e-01
   3.3035871e-01
   4.4302711e-01
   5.6202048e-01
   6.5142417e-01
   8.0107492e-01
   1.1904633e+00
   2.0863583e+00
   2.7783973e+00
   3.2260852e+00
   3.4832404e+00
   3.5901253e+00
   3.5828435e+00
   3.5622020e+00
   3.5911908e+00
   3.6271851e+00
   3.6499295e+00
   3.6373801e+00
   3.6142445e+00
   2.9202669e+00
   1.2465380e+00
   1.1049654e+00
   1.5419626e+00
   9.9052274e-01
   6.7885113e-01
   7.9118556e-01
   5.6822789e-01
   7.4280465e-01
   3.6687070e-01
   3.4793270e-01
   3.9876357e-01
   6.9854248e-01
   1.2070544e+00
   1.0459040e+00
   4.3763277e-01
   3.8790688e-01
   1.7368461e+00
   1.0031196e+00
   8.2580400e-01
   8.2745004e-01
   1.2924725e+00
   1.2098076e+00
   1.6725590e+00
   2.5720932e+00
   3.4068491e+00
   4.0603876e+00
   4.5555878e+00
   4.8498707e+00
   5.0199370e+00
   5.1295128e+00
   5.2663546e+00
   5.3866668e+00
   5.3540993e+00
   5.2199993e+00
   5.0514193e+00
   4.7703104e+00
   1.9142548e+00
   1.3597225e+00
   1.4742339e+00
   1.1015513e+00
   1.2036337e+00
   1.1989487e+00
   1.0629724e+00
   1.2580785e+00
   1.1092482e+00
   8.5256004e-01
   1.0033628e+00
   1.6482759e+00
   2.9952140e+00
   3.3328028e+00
   2.8772557e+00
   1.7855315e+00
   3.4788539e+00
   2.2736447e+00
   1.7466910e+00
   1.2836149e+00
   2.7856743e+00
   2.6527414e+00
   2.3552892e+00
   2.7646580e+00
   3.3255088e+00
   3.8635819e+00
   4.3919539e+00
   4.8597789e+00
   5.2189417e+00
   5.4574308e+00
   5.6047273e+00
   5.6915383e+00
   5.6444516e+00
   5.4735961e+00
   5.2973204e+00
   5.1895027e+00
   2.7449255e+00
   1.8855309e+00
   1.6906050e+00
   1.3207880e+00
   1.7012595e+00
   1.6882063e+00
   1.6014596e+00
   1.5558188e+00
   1.7578462e+00
   1.6450231e+00
   1.6792992e+00
   2.8830266e+00
   4.5748434e+00
   5.0231371e+00
   4.9216785e+00
   4.4116311e+00
   4.1785689e+00
   3.6280701e+00
   2.7679283e+00
   1.8501514e+00
   3.2633934e+00
   3.0810003e+00
   2.6891604e+00
   2.5748328e+00
   2.6680185e+00
   2.8922986e+00
   3.2278487e+00
   3.6134376e+00
   3.9907939e+00
   4.2619164e+00
   4.4446466e+00
   4.5336700e+00
   4.5186723e+00
   4.5003674e+00
   4.5035735e+00
   4.5840681e+00
   3.6027598e+00
   2.2978280e+00
   2.2312044e+00
   2.0938522e+00
   2.1341064e+00
   2.4765696e+00
   2.4522637e+00
   2.9062675e+00
   3.0808105e+00
   2.8920144e+00
   2.8964463e+00
   4.1211107e+00
   4.6711405e+00
   4.9042603e+00
   4.9737595e+00
   4.5801332e+00
   3.1069441e+00
   2.6448987e+00
   2.0610964e+00
   2.3017435e+00
   2.8110604e+00
   2.4570994e+00
   1.8817053e+00
   1.3978418e+00
   1.1470922e+00
   1.2178388e+00
   1.4388070e+00
   1.7277995e+00
   1.9939317e+00
   2.2228997e+00
   2.3961987e+00
   2.4530149e+00
   2.5085826e+00
   2.6955066e+00
   2.9562716e+00
   3.2657917e+00
   3.4465175e+00
   2.4224558e+00
   2.6332884e+00
   2.6042793e+00
   2.3150537e+00
   2.8282387e+00
   3.1391804e+00
   3.5383241e+00
   3.8250027e+00
   3.7660232e+00
   2.4294825e+00
   3.1795118e+00
   3.8591218e+00
   3.9146180e+00
   3.9328275e+00
   3.5513182e+00
   8.9544607e-01
   1.2553419e+00
   1.3172469e+00
   1.4013015e+00
   1.4622483e+00
   9.3652070e-01
   2.4471554e-01
  -3.1025463e-01
  -6.6093057e-01
  -7.9804626e-01
  -7.6523781e-01
  -6.8328655e-01
  -5.4652500e-01
  -3.2692221e-01
  -1.4934227e-01
   2.1628921e-03
   2.0325205e-01
   5.0821435e-01
   9.1512806e-01
   1.3717487e+00
   1.7780538e+00
   1.8461853e+00
   2.1443193e+00
   2.2890866e+00
   2.1339018e+00
   2.1553376e+00
   1.9597322e+00
   2.2131455e+00
   2.4469452e+00
   2.3619783e+00
   2.0347176e+00
   1.9534262e+00
   2.5297132e+00
   2.2018091e+00
   1.7526269e+00
   1.1521996e+00
  -4.9281090e-01
  -4.0122715e-01
   1.7795753e-01
   1.4882246e-01
  -1.8486712e-02
  -5.1613986e-01
  -1.1026130e+00
  -1.5969828e+00
  -2.0030015e+00
  -2.2984796e+00
  -2.4374125e+00
  -2.4669206e+00
  -2.3608096e+00
  -2.1251388e+00
  -1.8313038e+00
  -1.5115622e+00
  -1.2492306e+00
  -9.9544930e-01
  -7.2339308e-01
  -4.2918167e-01
   7.7951118e-02
   1.2100701e+00
   7.3276031e-01
   1.0582904e+00
   1.2383480e+00
   1.0345330e+00
   5.4139990e-01
   5.6992024e-01
   7.6758254e-01
   6.5530580e-01
   9.0954107e-01
   1.1378918e+00
   7.6624703e-01
   1.4298314e-01
  -3.4706241e-01
  -1.0642091e+00
  -1.4142183e+00
  -1.7662764e+00
  -1.5875607e+00
  -1.6025978e+00
  -1.7220123e+00
  -1.9883527e+00
  -2.3522761e+00
  -2.7798073e+00
  -3.2384737e+00
  -3.6294277e+00
  -3.8599076e+00
  -3.9452696e+00
  -3.8294206e+00
  -3.5393159e+00
  -3.0355265e+00
  -2.5676560e+00
  -2.2552702e+00
  -2.1982965e+00
  -2.3889096e+00
  -2.6347065e+00
  -2.3689876e+00
  -8.5320687e-01
  -1.1045337e+00
  -8.7586534e-01
  -5.7623887e-01
  -4.1871202e-01
  -9.4356954e-01
  -1.1698616e+00
  -8.3668655e-01
  -8.6725008e-01
  -1.4073075e+00
  -1.1967673e+00
  -1.6241606e+00
  -2.1047606e+00
  -1.7087555e+00
  -2.1107447e+00
  -1.8837559e+00
  -1.7855045e+00
  -2.9060099e+00
  -2.7520218e+00
  -2.7051196e+00
  -2.7320588e+00
  -2.9641981e+00
  -3.3388853e+00
  -3.7463920e+00
  -4.0988517e+00
  -4.3266335e+00
  -4.4192047e+00
  -4.3275118e+00
  -4.0238357e+00
  -3.4955606e+00
  -3.0568984e+00
  -2.8442318e+00
  -3.1158559e+00
  -3.7405572e+00
  -4.3144011e+00
  -3.8669183e+00
  -2.4051306e+00
  -1.7820966e+00
  -1.6277792e+00
  -2.0779853e+00
  -2.2091284e+00
  -1.8038989e+00
  -1.8243495e+00
  -1.1483316e+00
  -1.2407796e+00
  -2.6005495e+00
  -2.7674994e+00
  -3.2296965e+00
  -3.2657130e+00
  -3.4292970e+00
  -3.3582919e+00
  -1.5318886e+00
  -1.6054647e+00
  -3.7728181e+00
  -3.4363577e+00
  -3.2194588e+00
  -3.0495927e+00
  -3.1519458e+00
  -3.3956044e+00
  -3.6479113e+00
  -3.8184156e+00
  -3.9087787e+00
  -3.9160578e+00
  -3.8799582e+00
  -3.7989485e+00
  -3.7347453e+00
  -3.7336099e+00
  -3.8919342e+00
  -4.4294481e+00
  -5.1630683e+00
  -5.6697488e+00
  -4.6818867e+00
  -2.9976983e+00
  -2.8227086e+00
  -3.2256846e+00
  -3.2967691e+00
  -2.6087716e+00
  -1.5639805e+00
  -1.4728969e+00
  -8.9042997e-01
  -1.4488785e+00
  -3.0892866e+00
  -3.7130561e+00
  -4.1562314e+00
  -4.1461143e+00
  -4.3508945e+00
  -3.7457206e+00
  -1.0330192e+00
  -1.9814121e+00
  -3.7682199e+00
  -3.4759698e+00
  -3.1773090e+00
  -2.8853440e+00
  -2.7851346e+00
  -2.7806075e+00
  -2.7796516e+00
  -2.7204065e+00
  -2.5650344e+00
  -2.3839946e+00
  -2.5318730e+00
  -3.0987794e+00
  -3.9572530e+00
  -4.7209139e+00
  -5.3106651e+00
  -5.8327265e+00
  -6.2372890e+00
  -6.2278991e+00
  -4.8159318e+00
  -3.2322683e+00
  -3.7647638e+00
  -4.2422242e+00
  -2.8535042e+00
  -1.4873062e+00
  -1.0914640e+00
  -1.1075447e+00
  -1.4576982e+00
  -2.3626952e+00
  -3.1629274e+00
  -3.7715526e+00
  -4.1709614e+00
  -4.2369099e+00
  -4.2063580e+00
  -3.3007064e+00
  -9.1679478e-01
  -2.5820150e+00
  -3.2929201e+00
  -3.0847118e+00
  -2.6990929e+00
  -2.2546906e+00
  -1.9149727e+00
  -1.6811913e+00
  -1.4773421e+00
  -1.3111995e+00
  -1.0793529e+00
  -9.4574797e-01
  -1.3730893e+00
  -2.4495144e+00
  -3.9288862e+00
  -5.2073345e+00
  -6.1324778e+00
  -6.6455097e+00
  -6.6753025e+00
  -6.0475554e+00
  -4.3213358e+00
  -2.8462512e+00
  -2.2553096e+00
  -1.7195880e+00
  -1.0280626e+00
  -6.9117618e-01
  -9.7757810e-01
  -1.3877712e+00
  -2.2387540e+00
  -2.6594086e+00
  -3.0342212e+00
  -3.4441574e+00
  -3.7095814e+00
  -3.6329765e+00
  -3.3829613e+00
  -1.6520787e+00
  -7.4457425e-01
  -1.9859035e+00
  -2.4312775e+00
  -2.2886178e+00
  -1.8546637e+00
  -1.3381838e+00
  -1.0335816e+00
  -9.2548919e-01
  -9.4821411e-01
  -1.0566878e+00
  -1.1942863e+00
  -1.3981466e+00
  -1.7971761e+00
  -2.5466423e+00
  -3.6495659e+00
  -4.7051096e+00
  -5.4969935e+00
  -5.9460888e+00
  -5.8453512e+00
  -4.8941970e+00
  -3.0308344e+00
  -7.6517427e-01
  -4.4691464e-01
  -4.4316560e-01
  -3.4649053e-01
  -6.0143107e-01
  -1.2209796e+00
  -2.7189732e+00
  -2.9512093e+00
  -2.6175652e+00
  -2.7347431e+00
  -2.9023862e+00
  -2.9144046e+00
  -2.6163402e+00
  -2.0562396e+00
  -3.5906526e-01
  -3.1197205e-01
  -9.7278517e-01
  -1.6406071e+00
  -1.7374634e+00
  -1.7286348e+00
  -1.7680271e+00
  -1.9790399e+00
  -2.3382525e+00
  -2.8343298e+00
  -3.3337226e+00
  -3.7745109e+00
  -4.0744753e+00
  -4.2073770e+00
  -4.3132010e+00
  -4.4838858e+00
  -4.7048359e+00
  -4.7904243e+00
  -4.5619903e+00
  -3.8896360e+00
  -2.6337717e+00
  -9.0476447e-01
   1.1240643e+00
   2.9525349e-01
  -1.0829462e-01
  -1.7269289e-01
  -5.8022070e-01
  -1.3887688e+00
  -4.1549544e+00
  -3.2323899e+00
  -2.3647478e+00
  -2.2080283e+00
  -2.1307702e+00
  -1.9242445e+00
  -1.5342025e+00
  -8.7285614e-01
   1.3140485e-01
  -1.5566207e-01
  -6.0991949e-01
  -1.4895426e+00
  -2.2828009e+00
  -3.0494711e+00
  -3.6930792e+00
  -4.2094259e+00
  -4.7025580e+00
  -5.2526808e+00
  -5.7893200e+00
  -6.2775478e+00
  -6.6672421e+00
  -6.8716168e+00
  -6.8745303e+00
  -6.6578212e+00
  -6.2997408e+00
  -5.7721791e+00
  -4.9693365e+00
  -3.7214208e+00
  -1.8298928e+00
   6.6405088e-01
   2.4069233e+00
   4.7826955e-01
   8.2808264e-02
  -2.2693252e-02
  -3.6409923e-01
  -1.1553854e+00
  -3.4505062e+00
  -3.1527123e+00
  -2.1223116e+00
  -1.6589848e+00
  -1.3654594e+00
  -1.0353780e+00
  -6.1039120e-01
   4.4975035e-02
   3.4903792e-01
  -2.6960137e-01
  -7.5775775e-01
  -1.7380605e+00
  -3.0786904e+00
  -4.2011485e+00
  -4.9639829e+00
  -5.4660834e+00
  -5.8960350e+00
  -6.3589584e+00
  -6.8270980e+00
  -7.2898699e+00
  -7.7050810e+00
  -7.9730988e+00
  -8.0787287e+00
  -7.9599557e+00
  -7.5799823e+00
  -6.9093920e+00
  -5.8759792e+00
  -4.4448327e+00
  -2.2442522e+00
   1.1469928e+00
   3.7413097e+00
   1.6126504e+00
   3.6166139e-01
  -9.0689918e-03
  -1.7972342e-01
  -7.5632563e-01
  -2.6721312e+00
  -3.4069453e+00
  -1.9696347e+00
  -1.2058125e+00
  -7.1716074e-01
  -3.0818041e-01
   1.0471919e-01
   5.3361177e-01
   4.4632775e-01
  -9.6897740e-01
  -1.1697094e+00
  -1.6611948e+00
  -2.8990795e+00
  -3.9760561e+00
  -4.7610539e+00
  -5.3013266e+00
  -5.7740801e+00
  -6.2826092e+00
  -6.7827784e+00
  -7.2726208e+00
  -7.7061930e+00
  -7.9896994e+00
  -8.1280012e+00
  -8.0835447e+00
  -7.7919040e+00
  -7.2205010e+00
  -6.2847573e+00
  -5.0139836e+00
  -3.1090089e+00
  -1.0894977e-01
   3.0686759e+00
   5.1503113e+00
   1.0928048e+00
   1.5947660e-02
  -1.6218517e-01
  -3.5557820e-01
  -1.2425813e+00
  -2.2296436e+00
  -1.8213315e+00
  -8.2772001e-01
  -2.1622476e-01
   1.8299874e-01
   5.2929902e-01
   5.4220622e-01
  -5.5237618e-02
  -1.8746698e+00
  -1.7340655e+00
  -1.5813582e+00
  -2.1899078e+00
  -2.8075626e+00
  -3.4263871e+00
  -3.9419360e+00
  -4.4089236e+00
  -4.9267335e+00
  -5.4725828e+00
  -6.0590477e+00
  -6.6438751e+00
  -7.1024628e+00
  -7.4402814e+00
  -7.6617413e+00
  -7.6768785e+00
  -7.4437461e+00
  -6.9006205e+00
  -6.0553036e+00
  -4.6983089e+00
  -2.4656017e+00
   9.5585406e-01
   2.4056907e+00
   9.8969233e-01
  -2.2237785e-02
  -1.5187456e-01
  -2.2458208e-01
  -6.2876546e-01
  -1.3946550e+00
  -1.7932292e+00
  -9.7273242e-01
  -4.2796013e-01
  -2.0898208e-01
   7.7226005e-02
   1.0198556e-01
  -7.2628927e-01
  -1.7052824e+00
  -2.2040484e+00
  -1.9451029e+00
  -2.1056480e+00
  -2.0947700e+00
  -2.2996233e+00
  -2.6401885e+00
  -3.0108957e+00
  -3.4633789e+00
  -4.1022792e+00
  -5.0023870e+00
  -6.0279331e+00
  -6.8488231e+00
  -7.4662714e+00
  -7.9404025e+00
  -8.2062101e+00
  -8.2393169e+00
  -7.9939847e+00
  -7.4000540e+00
  -6.3194265e+00
  -4.5559974e+00
  -1.3798645e+00
   3.8716340e-01
   2.1467647e-01
  -1.9872375e-01
  -1.7293605e-01
  -2.1946232e-01
  -4.3434724e-01
  -9.3855196e-01
  -1.5728145e+00
  -1.3781382e+00
  -1.1963189e+00
  -1.2265084e+00
  -9.6117383e-01
  -5.6039125e-01
  -7.2689766e-01
  -3.3700548e-02
  -1.1396310e+00
  -2.5377636e+00
  -2.9020011e+00
  -2.5646896e+00
  -2.4854810e+00
  -2.6940329e+00
  -3.0494654e+00
  -3.5252545e+00
  -4.2322998e+00
  -5.2336435e+00
  -6.3952808e+00
  -7.2638164e+00
  -7.8549967e+00
  -8.2771273e+00
  -8.5335684e+00
  -8.6257143e+00
  -8.4704723e+00
  -8.0443201e+00
  -7.3587084e+00
  -6.2504258e+00
  -4.0050721e+00
  -1.6648682e+00
  -5.1766711e-01
  -7.0979959e-01
  -2.3769188e-01
  -3.5246450e-01
  -4.3400666e-01
  -7.1584672e-01
  -8.3067864e-01
  -1.5569535e+00
  -1.8254914e+00
  -2.2951059e+00
  -2.1315563e+00
  -1.2840866e+00
  -1.4945266e-01
   1.0933992e-01
  -1.2502102e+00
  -3.8275857e+00
  -3.9814711e+00
  -3.6158226e+00
  -3.4955862e+00
  -3.6485043e+00
  -3.9606597e+00
  -4.3597031e+00
  -4.8149743e+00
  -5.3411555e+00
  -6.0136790e+00
  -6.6320133e+00
  -7.0816822e+00
  -7.4168882e+00
  -7.6861453e+00
  -7.9294734e+00
  -8.0889339e+00
  -8.0888262e+00
  -7.9114833e+00
  -7.3667345e+00
  -5.7592573e+00
  -2.8071320e+00
  -2.1053338e+00
  -1.9686593e+00
  -7.6422298e-01
  -5.9125930e-01
  -1.0069314e+00
  -1.7575904e+00
  -2.7463255e+00
  -2.5181534e+00
  -2.3271730e+00
  -2.9881134e+00
  -3.0341151e+00
  -1.9256938e+00
   3.9653122e-01
  -8.8459057e-01
  -2.3762803e+00
  -4.7345462e+00
  -4.6427431e+00
  -4.3806186e+00
  -4.3384295e+00
  -4.5081568e+00
  -4.7473006e+00
  -4.9545164e+00
  -5.0418344e+00
  -5.0377507e+00
  -5.0707474e+00
  -5.3032899e+00
  -5.6039095e+00
  -5.9079828e+00
  -6.2314510e+00
  -6.6688733e+00
  -7.2014031e+00
  -7.6160908e+00
  -7.8310018e+00
  -7.6935711e+00
  -6.7009454e+00
  -3.8543572e+00
  -3.9580553e+00
  -4.1536570e+00
  -2.0642447e+00
  -9.6467453e-01
  -1.5368544e+00
  -3.4834592e+00
  -5.2327437e+00
  -4.0457401e+00
  -1.7108810e+00
  -2.7624505e+00
  -3.2717206e+00
  -2.3036914e+00
  -1.1584222e-01
  -1.0858165e+00
  -3.4586511e+00
  -4.6306639e+00
  -4.4900799e+00
  -4.3956504e+00
  -4.5216498e+00
  -4.7809472e+00
  -5.0104322e+00
  -5.0663915e+00
  -4.9159670e+00
  -4.6377730e+00
  -4.2753124e+00
  -4.1097603e+00
  -4.1916165e+00
  -4.4311008e+00
  -4.7321234e+00
  -5.1489525e+00
  -5.7546120e+00
  -6.4324374e+00
  -6.9974608e+00
  -7.2131100e+00
  -6.7404037e+00
  -4.6747236e+00
  -4.5192819e+00
  -5.0151196e+00
  -3.9129987e+00
  -1.6686490e+00
  -1.2020358e+00
  -3.1608284e+00
  -4.9382586e+00
  -3.3112197e+00
  -5.5676186e-01
  -1.6190305e+00
  -2.5165401e+00
  -2.0962551e+00
  -1.7092100e-01
  -1.4570407e+00
  -2.7790976e+00
  -2.9700871e+00
  -3.0278528e+00
  -3.3332031e+00
  -3.6988053e+00
  -4.1322384e+00
  -4.4504600e+00
  -4.5037336e+00
  -4.3338375e+00
  -4.0769281e+00
  -3.7717910e+00
  -3.5341361e+00
  -3.4269040e+00
  -3.4681919e+00
  -3.6180477e+00
  -3.8552845e+00
  -4.2094665e+00
  -4.6752319e+00
  -5.2325416e+00
  -5.6642580e+00
  -5.6736922e+00
  -4.5835943e+00
  -3.7544227e+00
  -4.1515989e+00
  -3.9967599e+00
  -1.9950521e+00
  -5.3439599e-01
  -1.6978841e+00
  -3.2971675e+00
  -1.1819425e+00
   3.2851249e-01
  -2.0252830e-01
  -1.0854961e+00
  -1.2018379e+00
  -6.5753084e-01
  -2.1412570e+00
  -9.4252771e-01
  -5.4240161e-01
  -1.0348514e+00
  -1.5748161e+00
  -2.1983953e+00
  -2.8483028e+00
  -3.2958539e+00
  -3.4717650e+00
  -3.4209719e+00
  -3.3034317e+00
  -3.2008166e+00
  -3.1038742e+00
  -2.9766216e+00
  -2.8611615e+00
  -2.7916992e+00
  -2.7536516e+00
  -2.7598686e+00
  -2.8080134e+00
  -2.9734244e+00
  -3.2575209e+00
  -3.5451803e+00
  -3.5218816e+00
  -2.7516410e+00
  -2.6514194e+00
  -3.0895321e+00
  -1.9388021e+00
  -7.7791172e-01
  -8.5677987e-01
  -1.7787727e+00
   3.2292858e-01
   5.4368234e-01
   1.2962537e-01
   2.7949575e-01
  -3.7654009e-02
  -8.3232182e-01
  -1.8126625e-01
   3.8666454e-01
   7.4178153e-01
   1.4554487e+00
   9.5787895e-01
   1.5300232e-01
  -5.8243477e-01
  -1.1316596e+00
  -1.4629321e+00
  -1.5885628e+00
  -1.6230934e+00
  -1.6763754e+00
  -1.7401189e+00
  -1.6769618e+00
  -1.5062579e+00
  -1.2323122e+00
  -8.4488147e-01
  -3.6876699e-01
   5.9890218e-02
   3.9325631e-01
   5.2165335e-01
   2.4376136e-01
  -5.1224136e-01
  -6.5184832e-01
  -4.6823370e-01
  -7.5982416e-01
  -1.0254472e+00
  -7.1850264e-01
  -3.9040413e-01
   8.0162495e-02
   1.0549548e+00
   8.2218969e-01
   1.0344810e+00
   1.3734659e+00
   1.0434071e+00
  -7.9566494e-02
   1.1234503e+00
   1.3554564e+00
   2.2284322e+00
   2.9980634e+00
   2.2406869e+00
   1.6724509e+00
   1.2797552e+00
   8.8146770e-01
   5.9038740e-01
   4.5604665e-01
   3.8551494e-01
   3.1081185e-01
   2.6333797e-01
   2.8977153e-01
   4.6691510e-01
   8.2878824e-01
   1.3876493e+00
   2.0849006e+00
   2.7546667e+00
   3.3117969e+00
   3.6260464e+00
   3.4488855e+00
   2.6431921e+00
   1.8513021e+00
   1.8180032e+00
   1.1668674e+00
  -1.2068769e-01
   1.4365638e-02
   1.2604502e-01
   1.4952713e+00
   9.9602205e-01
   1.4620106e+00
   1.7283180e+00
   2.3727486e+00
   1.6602174e+00
   7.9167467e-01
   2.5840526e+00
   2.8723049e+00
   3.1960471e+00
   2.9876485e+00
   2.1727688e+00
   2.2733917e+00
   2.4451721e+00
   2.5335550e+00
   2.6027703e+00
   2.6750603e+00
   2.7558661e+00
   2.8422711e+00
   2.9611428e+00
   3.1190910e+00
   3.3721588e+00
   3.7886641e+00
   4.3511791e+00
   5.0520058e+00
   5.7292624e+00
   6.3015714e+00
   6.6102977e+00
   6.4798517e+00
   5.7996244e+00
   3.9863222e+00
   2.9686139e+00
   2.6777103e+00
   1.7420142e+00
   1.4202853e+00
   1.8851591e+00
   2.0301704e+00
   1.7613809e+00
   1.4706886e+00
   1.8089404e+00
   2.1978340e+00
   2.1273663e+00
   2.3407845e+00
   2.9386996e+00
   3.2930388e+00
   3.2527475e+00
   2.7747289e+00
   2.3268096e+00
   2.6339579e+00
   2.9441062e+00
   3.3078840e+00
   3.7060394e+00
   4.0006661e+00
   4.2606974e+00
   4.5415606e+00
   4.8194605e+00
   5.1453156e+00
   5.5382190e+00
   5.9729497e+00
   6.4817877e+00
   7.0757117e+00
   7.6051778e+00
   8.0196552e+00
   8.1704378e+00
   8.0174952e+00
   7.4533873e+00
   6.2588015e+00
   4.0928078e+00
   2.2732081e+00
   2.7268836e+00
   2.7957026e+00
   3.1252623e+00
   1.4694085e+00
   1.8069345e+00
   1.4186443e+00
   1.6820214e+00
   1.8771276e+00
   1.2441456e+00
   2.1490536e+00
   2.4796915e+00
   2.9601189e+00
   3.0939981e+00
   2.9630775e+00
   2.9037131e+00
   3.0843121e+00
   3.3571188e+00
   3.7180491e+00
   4.1645345e+00
   4.5329461e+00
   4.8569025e+00
   5.1930822e+00
   5.5534558e+00
   5.9564426e+00
   6.4209401e+00
   6.8687062e+00
   7.3240300e+00
   7.7591811e+00
   8.1142006e+00
   8.2982111e+00
   8.2113237e+00
   7.9429669e+00
   7.4734655e+00
   6.8884188e+00
   6.2349730e+00
   3.8074358e+00
   3.1187590e+00
   3.3402874e+00
   1.6824489e+00
   1.3322541e+00
   1.0104344e+00
   1.0348055e+00
   8.5532154e-01
   2.4029300e+00
   9.8335213e-01
   1.7032234e+00
   1.5613677e+00
   1.8415090e+00
   1.9632298e+00
   2.0537592e+00
   2.1685462e+00
   2.3683105e+00
   2.6354009e+00
   2.9979692e+00
   3.3916655e+00
   3.7361674e+00
   4.0493932e+00
   4.3807845e+00
   4.7661651e+00
   5.1872835e+00
   5.6127744e+00
   6.0103091e+00
   6.3383584e+00
   6.5960860e+00
   6.6893963e+00
   6.5833840e+00
   6.2813044e+00
   5.9195875e+00
   5.5879021e+00
   5.3376150e+00
   5.0964044e+00
   4.6931586e+00
   4.0114045e+00
   3.0845229e+00
   1.1244146e+00
   1.0483090e+00
   7.8827952e-01
   5.6656432e-01
   8.1352460e-01
   2.4972283e+00
   6.3798153e-01
   1.0358866e+00
   6.9338500e-01
   5.4109275e-01
   4.8748028e-01
   5.7234675e-01
   6.9932640e-01
   8.9826328e-01
   1.1102349e+00
   1.3550624e+00
   1.6221472e+00
   1.8673465e+00
   2.0864143e+00
   2.3229406e+00
   2.5487492e+00
   2.7652557e+00
   2.9786215e+00
   3.1856446e+00
   3.3553600e+00
   3.4096968e+00
   3.2683659e+00
   3.0303800e+00
   2.7601557e+00
   2.5980530e+00
   2.5032597e+00
   2.4896197e+00
   2.5140326e+00
   2.5142989e+00
   2.3627555e+00
   2.0956168e+00
   1.8322849e+00
   6.9287336e-01
   6.4347702e-01
   5.3590715e-01
   1.6297886e+00
   1.9312347e+00
   4.2784306e-01
   6.8769455e-01
   7.1443363e-02
  -2.5707772e-01
  -4.5941618e-01
  -4.9600405e-01
  -4.5883891e-01
  -4.1708422e-01
  -3.7834169e-01
  -2.9515335e-01
  -1.9885637e-01
  -1.5009157e-01
  -9.1718622e-02
  -6.5812528e-02
  -6.4365469e-02
  -5.8911808e-02
  -6.4139269e-02
  -8.5075696e-02
  -1.6037361e-01
  -3.3254206e-01
  -5.5144566e-01
  -7.2022486e-01
  -8.2899588e-01
  -9.2147608e-01
  -9.2268318e-01
  -7.6792824e-01
  -5.0799006e-01
  -1.4346310e-01
   2.0128849e-01
   4.7002238e-01
   7.1157926e-01
   7.2364879e-01
   6.5798412e-01
   7.3628664e-01
   1.9543664e+00
   6.6488926e-01
   3.9524546e-01
   2.8216341e-01
  -6.4720273e-02
  -1.4290313e-01
  -2.0462592e-01
  -2.4328461e-01
  -2.7811781e-01
  -3.0939874e-01
  -3.4126192e-01
  -3.9123321e-01
  -4.7089404e-01
  -5.6200725e-01
  -6.5890098e-01
  -7.5908238e-01
  -8.5091990e-01
  -9.4534940e-01
  -1.0525779e+00
  -1.1821294e+00
  -1.3478267e+00
  -1.5567391e+00
  -1.7911671e+00
  -2.0274682e+00
  -2.2185435e+00
  -2.3049557e+00
  -2.2853348e+00
  -2.1378338e+00
  -1.8945996e+00
  -1.5906866e+00
  -1.2505617e+00
  -9.1717970e-01
  -6.0876453e-01
  -3.9448944e-01
  -2.8999925e-01
  -1.9660038e-01
  -1.1555409e-01
  -1.2394258e-01
  -1.2234969e-01
  -5.1912632e-02
