  -0.0000000e+00
   0.0000000e+00
   0.0000000e+00
   0.0000000e+00
   0.0000000e+00
   0.0000000e+00
   0.0000000e+00
   0.0000000e+00
   0.0000000e+00
   0.0000000e+00
   0.0000000e+00
   0.0000000e+00
   0.0000000e+00
   0.0000000e+00
   0.0000000e+00
   0.0000000e+00
   0.0000000e+00
   0.0000000e+00
   0.0000000e+00
   7.6880017e-03
  -0.0000000e+00
  -1.3475617e-02
   0.0000000e+00
   0.0000000e+00
  -1.3650538e-02
  -1.3613766e-02
  -9.7711552e-03
  -5.7373118e-03
  -4.7255747e-03
  -3.7634496e-04
   4.1911322e-03
   6.2779956e-03
   6.2580054e-03
   2.5318800e-03
  -1.9813172e-03
  -7.5359928e-03
   0.0000000e+00
   0.0000000e+00
   0.0000000e+00
   0.0000000e+00
   0.0000000e+00
   0.0000000e+00
   0.0000000e+00
   0.0000000e+00
   0.0000000e+00
   0.0000000e+00
   0.0000000e+00
   0.0000000e+00
   0.0000000e+00
   0.0000000e+00
   0.0000000e+00
   0.0000000e+00
   0.0000000e+00
   0.0000000e+00
   0.0000000e+00
   1.5358916e-02
   3.3954553e-02
   1.7223220e-02
   7.0928317e-03
   1.5854702e-03
  -4.5965412e-04
   1.6981612e-03
   5.4418151e-03
   8.5185198e-03
   1.1815278e-02
   1.4637565e-02
   1.7938478e-02
   2.0606710e-02
   2.2225320e-02
   2.1169208e-02
   1.7140746e-02
   9.9536539e-03
   0.0000000e+00
   0.0000000e+00
   0.0000000e+00
   0.0000000e+00
   0.0000000e+00
   0.0000000e+00
   0.0000000e+00
   0.0000000e+00
   0.0000000e+00
   0.0000000e+00
   0.0000000e+00
   0.0000000e+00
   0.0000000e+00
   0.0000000e+00
   0.0000000e+00
   0.0000000e+00
   0.0000000e+00
   0.0000000e+00
   4.2384511e-02
   4.6904234e-02
   5.5218540e-02
   6.0129401e-02
   5.1486142e-02
   4.0255550e-02
   3.2493707e-02
   2.8993477e-02
   2.7719373e-02
   2.6108854e-02
   2.7175909e-02
   2.9300293e-02
   3.2450035e-02
   3.6559269e-02
   3.9427571e-02
   4.0045808e-02
   3.8452018e-02
   2.7254095e-02
   0.0000000e+00
   0.0000000e+00
   0.0000000e+00
   0.0000000e+00
   0.0000000e+00
   0.0000000e+00
   0.0000000e+00
   0.0000000e+00
   0.0000000e+00
   0.0000000e+00
   0.0000000e+00
   0.0000000e+00
   0.0000000e+00
   0.0000000e+00
   0.0000000e+00
   0.0000000e+00
   0.0000000e+00
   5.1399485e-02
   5.7263088e-02
   6.0122721e-02
   7.3514335e-02
   8.5540314e-02
   8.0719709e-02
   6.7712161e-02
   0.0000000e+00
   0.0000000e+00
   0.0000000e+00
   3.0528856e-02
   2.9523795e-02
   3.2812852e-02
   3.6753777e-02
   4.1526988e-02
   4.7119323e-02
   5.1046280e-02
   5.1595706e-02
   4.2953691e-02
   0.0000000e+00
   0.0000000e+00
   0.0000000e+00
   0.0000000e+00
   0.0000000e+00
   0.0000000e+00
   0.0000000e+00
   0.0000000e+00
   0.0000000e+00
   0.0000000e+00
   0.0000000e+00
   0.0000000e+00
   0.0000000e+00
   0.0000000e+00
   3.4843336e-02
   3.8373196e-02
   4.5886545e-02
   5.7477240e-02
   6.6695467e-02
   6.7945063e-02
   7.3294654e-02
   8.2396701e-02
   8.2033679e-02
   7.5006570e-02
   0.0000000e+00
   0.0000000e+00
   0.0000000e+00
   2.7225946e-02
   2.6211215e-02
   3.0078590e-02
   3.4235187e-02
   3.8763434e-02
   4.4524722e-02
   4.9520861e-02
   5.2615616e-02
   5.0203626e-02
   5.3707724e-02
   7.1611895e-02
   7.5802249e-02
   0.0000000e+00
   0.0000000e+00
   0.0000000e+00
   0.0000000e+00
   0.0000000e+00
   0.0000000e+00
   0.0000000e+00
   0.0000000e+00
   0.0000000e+00
   0.0000000e+00
   3.5378360e-02
   4.2899011e-02
   4.5201173e-02
   5.0828019e-02
   5.3116174e-02
   5.3031796e-02
   5.2254194e-02
   5.6130563e-02
   6.2733270e-02
   6.6953711e-02
   6.6028145e-02
   5.6928241e-02
   0.0000000e+00
   0.0000000e+00
   2.9717554e-02
   2.7398095e-02
   2.6635115e-02
   2.8638287e-02
   3.1481404e-02
   3.5504363e-02
   4.0765828e-02
   4.5605878e-02
   4.8297235e-02
   5.6130931e-02
   7.0276655e-02
   7.1601746e-02
   6.4265642e-02
   0.0000000e+00
   0.0000000e+00
   0.0000000e+00
   0.0000000e+00
   0.0000000e+00
   0.0000000e+00
   0.0000000e+00
   0.0000000e+00
   0.0000000e+00
   3.8584006e-02
   4.9393464e-02
   4.9657784e-02
   4.4486355e-02
   3.3404592e-02
   2.3870783e-02
   1.9344566e-02
   2.3547197e-02
   3.1830329e-02
   4.0717311e-02
   4.7875557e-02
   4.3874245e-02
   0.0000000e+00
   0.0000000e+00
   3.1345420e-02
   2.8303692e-02
   2.2670725e-02
   2.1139428e-02
   2.0999700e-02
   2.2882897e-02
   2.7088480e-02
   3.2206438e-02
   3.8678180e-02
   3.8244284e-02
   4.8952866e-02
   5.1165022e-02
   4.8593890e-02
   0.0000000e+00
   0.0000000e+00
   0.0000000e+00
   0.0000000e+00
   0.0000000e+00
   0.0000000e+00
   0.0000000e+00
   0.0000000e+00
   0.0000000e+00
   3.2009861e-02
   4.2663109e-02
   3.6735363e-02
   2.1805571e-02
   3.5270036e-03
  -1.1223217e-02
  -1.7777203e-02
  -1.0516220e-02
  -2.1429772e-03
   7.2158026e-03
   1.9137181e-02
   2.2803183e-02
   0.0000000e+00
   0.0000000e+00
   2.4241662e-02
   1.8425263e-02
   1.2169523e-02
   8.3039170e-03
   6.0251472e-03
   6.4305295e-03
   9.3429375e-03
   1.3921632e-02
   2.1732135e-02
   1.4690497e-02
   2.1994097e-02
   2.5286192e-02
   2.9150304e-02
   0.0000000e+00
   0.0000000e+00
   0.0000000e+00
   0.0000000e+00
   0.0000000e+00
   0.0000000e+00
   0.0000000e+00
   0.0000000e+00
   0.0000000e+00
   2.4049776e-02
   2.5591617e-02
   1.3536169e-02
  -1.9924941e-03
  -2.1111574e-02
  -3.7034052e-02
  -0.0000000e+00
  -2.8372489e-02
  -2.4989433e-02
  -2.0341864e-02
  -8.7851053e-03
   1.3338991e-03
   7.5681947e-03
   7.4597728e-03
   8.0096976e-03
   2.2507356e-03
  -3.1377948e-03
  -6.2283752e-03
  -7.2080051e-03
  -7.0084510e-03
  -5.0382130e-03
  -9.6450991e-04
   5.1472597e-03
  -4.7538867e-03
  -1.2531412e-03
   1.2750088e-03
   1.9451344e-02
   4.0636268e-02
   0.0000000e+00
   0.0000000e+00
   0.0000000e+00
   0.0000000e+00
   0.0000000e+00
   0.0000000e+00
   1.8703812e-02
   1.6331105e-02
   1.3893177e-02
   4.1325311e-03
  -8.1800250e-03
  -2.0195158e-02
  -3.6241878e-02
  -0.0000000e+00
   0.0000000e+00
   0.0000000e+00
  -4.0644112e-02
  -4.1077409e-02
  -3.3488862e-02
  -2.3830254e-02
  -1.5207513e-02
  -1.2193890e-02
  -1.1843016e-02
  -1.5881244e-02
  -1.9014746e-02
  -1.9748921e-02
  -1.9009851e-02
  -1.7693656e-02
  -1.5832316e-02
  -1.2919057e-02
  -9.4614746e-03
  -2.0496377e-02
  -2.0566145e-02
  -1.8921414e-02
   9.2365640e-04
   2.7977382e-02
   2.7002849e-02
   0.0000000e+00
   0.0000000e+00
   0.0000000e+00
   0.0000000e+00
   0.0000000e+00
   4.8840931e-03
   1.8812624e-03
  -9.5352943e-04
  -1.1239019e-02
  -2.0481714e-02
  -2.9174779e-02
  -3.8533192e-02
  -0.0000000e+00
   0.0000000e+00
  -4.3415163e-02
  -5.5713486e-02
  -5.7202607e-02
  -5.2687127e-02
  -4.3889003e-02
  -3.5109542e-02
  -3.0013867e-02
  -2.8847836e-02
  -3.0768698e-02
  -3.1181954e-02
  -2.9810753e-02
  -2.7904425e-02
  -2.5714910e-02
  -2.3948894e-02
  -2.2560487e-02
  -2.1421164e-02
  -3.6185302e-02
  -3.9163291e-02
  -3.6597550e-02
  -1.7357873e-02
   5.1140445e-03
   8.7666148e-03
   4.6641991e-03
   0.0000000e+00
   0.0000000e+00
   0.0000000e+00
   0.0000000e+00
   6.9027911e-03
  -1.4785035e-03
  -1.1910834e-02
  -1.7530324e-02
  -2.4628988e-02
  -3.0778736e-02
  -3.1116076e-02
  -0.0000000e+00
   0.0000000e+00
  -5.0457918e-02
  -6.5148819e-02
  -6.8328269e-02
  -6.4908750e-02
  -5.6817725e-02
  -4.8600044e-02
  -4.3174155e-02
  -4.1042119e-02
  -4.0940367e-02
  -3.9758809e-02
  -3.7650257e-02
  -3.5465680e-02
  -3.3292528e-02
  -3.1811439e-02
  -3.1797584e-02
  -3.3489488e-02
  -4.9298260e-02
  -5.1959801e-02
  -4.6352401e-02
  -2.7070012e-02
  -7.6004365e-03
  -1.5721914e-03
   2.8369196e-03
   0.0000000e+00
   0.0000000e+00
   0.0000000e+00
   8.8096637e-03
   1.0951581e-02
  -3.1779055e-03
  -1.4362597e-02
  -1.9776043e-02
  -2.5480293e-02
  -2.7524935e-02
  -2.2294257e-02
  -0.0000000e+00
   0.0000000e+00
  -5.5410473e-02
  -6.3183658e-02
  -6.7995712e-02
  -6.5019853e-02
  -5.8221616e-02
  -5.1927112e-02
  -4.6943132e-02
  -4.3701883e-02
  -4.2800535e-02
  -4.2068541e-02
  -4.1441754e-02
  -4.0902216e-02
  -4.0633880e-02
  -4.0925510e-02
  -4.2481296e-02
  -4.5587186e-02
  -6.2518112e-02
  -6.1072811e-02
  -5.1698871e-02
  -3.4520954e-02
  -1.4211729e-02
  -7.3822017e-04
   1.4524112e-02
   0.0000000e+00
   0.0000000e+00
   0.0000000e+00
   1.0069279e-02
   1.3257404e-02
  -2.0018057e-02
  -2.0868998e-02
  -2.5847638e-02
  -2.7650800e-02
  -2.4524698e-02
  -2.0847836e-02
  -0.0000000e+00
   0.0000000e+00
  -0.0000000e+00
  -5.1168513e-02
  -5.4804988e-02
  -5.2440107e-02
  -4.8615344e-02
  -4.5409486e-02
  -4.1366387e-02
  -3.7531957e-02
  -3.7009858e-02
  -3.9589655e-02
  -4.3905530e-02
  -4.8360083e-02
  -5.2667093e-02
  -5.6348216e-02
  -5.9470076e-02
  -6.1613392e-02
  -7.1985684e-02
  -6.7635410e-02
  -5.6493741e-02
  -3.8614601e-02
  -1.4637833e-02
   4.1068820e-03
   2.0811664e-02
   0.0000000e+00
   0.0000000e+00
   0.0000000e+00
   1.7837143e-03
  -7.7583237e-03
  -2.6860176e-02
  -2.8368838e-02
  -3.2017194e-02
  -2.9850213e-02
  -2.0775590e-02
   1.5013983e-02
   2.0922137e-02
   0.0000000e+00
  -0.0000000e+00
  -3.3414759e-02
  -3.4136873e-02
  -3.3379540e-02
  -3.4097433e-02
  -3.4912687e-02
  -3.3654433e-02
  -3.1049078e-02
  -3.0293673e-02
  -3.6433399e-02
  -4.5623567e-02
  -5.4679532e-02
  -6.2665321e-02
  -6.8783373e-02
  -7.2777405e-02
  -7.3765643e-02
  -6.7185633e-02
  -6.1113238e-02
  -5.1271919e-02
  -3.5703935e-02
  -8.7624360e-03
   9.7056665e-03
   2.3037945e-02
   0.0000000e+00
   0.0000000e+00
   0.0000000e+00
  -8.6295567e-03
  -2.4131101e-02
  -2.9455878e-02
  -3.0740466e-02
  -3.2298319e-02
  -2.8050886e-02
  -1.5176953e-02
   9.2420977e-03
   1.8806623e-02
   0.0000000e+00
  -0.0000000e+00
  -1.5392952e-02
  -1.4622224e-02
  -1.7983232e-02
  -2.4887994e-02
  -3.1713571e-02
  -3.5516940e-02
  -3.5971127e-02
  -2.9841624e-02
  -3.5420522e-02
  -4.5048587e-02
  -5.4729667e-02
  -6.2746510e-02
  -6.8535484e-02
  -7.1643203e-02
  -7.1086302e-02
  -4.9464855e-02
  -4.3656792e-02
  -3.6084781e-02
  -2.8592848e-02
  -3.9736286e-04
   1.6906343e-02
   2.5480665e-02
   0.0000000e+00
   0.0000000e+00
  -0.0000000e+00
  -1.3059611e-02
  -2.4370162e-02
  -2.5649704e-02
  -2.6930129e-02
  -2.7236344e-02
  -2.2549309e-02
  -1.1723135e-02
   3.7224405e-03
   1.4265323e-02
   0.0000000e+00
  -4.7862931e-03
  -1.2253313e-03
  -5.9697730e-04
  -9.6656717e-03
  -2.3972861e-02
  -3.8118660e-02
  -4.8734173e-02
  -5.9054784e-02
  -4.7074251e-02
  -4.5091968e-02
  -5.1969204e-02
  -5.8097288e-02
  -6.1480545e-02
  -6.2544912e-02
  -6.1288994e-02
  -5.6491341e-02
  -3.4849344e-02
  -2.6410267e-02
  -1.2386754e-02
  -7.0288666e-03
   4.2235535e-03
   2.4024419e-02
   2.9516064e-02
   0.0000000e+00
   0.0000000e+00
  -0.0000000e+00
  -1.4130246e-02
  -1.8715765e-02
  -2.0288402e-02
  -2.1520004e-02
  -2.1216255e-02
  -1.7009373e-02
  -9.4555132e-03
  -1.6898647e-03
   2.8383144e-03
  -2.1741973e-03
  -5.9076570e-03
   4.5426644e-03
   5.2457773e-03
  -4.9185199e-03
  -1.9550252e-02
  -3.5995999e-02
  -5.8769962e-02
  -7.5553737e-02
  -7.0227179e-02
  -6.5158300e-02
  -7.2127667e-02
  -7.4928783e-02
  -7.2293937e-02
  -6.5566633e-02
  -5.6456834e-02
  -4.5168523e-02
  -2.9967725e-02
  -1.7721266e-02
  -3.8028590e-04
  -9.1056069e-03
  -1.7644537e-03
   2.2874888e-02
   2.8895173e-02
   0.0000000e+00
   0.0000000e+00
  -0.0000000e+00
  -1.5766725e-02
  -1.7103078e-02
  -1.7790183e-02
  -1.8166984e-02
  -1.7704150e-02
  -1.5041539e-02
  -1.1330050e-02
  -9.5661441e-03
  -1.0250466e-02
  -1.6093926e-02
  -9.5828130e-03
   1.3517770e-03
   3.0829692e-03
  -1.3503964e-03
  -7.4208006e-03
  -1.0220841e-02
   0.0000000e+00
  -0.0000000e+00
  -5.4401288e-02
  -7.0362806e-02
  -7.8538999e-02
  -8.0933377e-02
  -7.7226929e-02
  -6.8375133e-02
  -5.6508232e-02
  -4.2669192e-02
  -2.9992269e-02
  -1.3576789e-02
   2.9491558e-03
  -0.0000000e+00
  -7.2175839e-03
   1.0911602e-02
   2.2037067e-02
   0.0000000e+00
   0.0000000e+00
  -2.4315957e-02
  -2.3473210e-02
  -2.2327470e-02
  -2.1567467e-02
  -2.0917308e-02
  -2.0613498e-02
  -2.0204838e-02
  -2.0576222e-02
  -2.2971357e-02
  -2.5909351e-02
  -2.7292277e-02
  -1.9366065e-02
  -1.1183136e-02
  -8.3403206e-03
  -6.1073292e-03
  -3.5356988e-03
  -1.5449749e-03
   0.0000000e+00
   0.0000000e+00
  -0.0000000e+00
  -6.4727716e-02
  -7.4563783e-02
  -7.8462640e-02
  -7.7210957e-02
  -7.0635994e-02
  -6.0082260e-02
  -4.5534691e-02
  -4.0610295e-02
  -2.2000797e-02
  -1.8511002e-03
   0.0000000e+00
  -2.1890151e-02
  -1.4252544e-02
   2.0869160e-03
   0.0000000e+00
   0.0000000e+00
  -3.7211380e-02
  -3.9594635e-02
  -3.8890094e-02
  -3.7673183e-02
  -3.6528371e-02
  -3.6501631e-02
  -3.8148440e-02
  -4.1467696e-02
  -4.5860846e-02
  -4.8939101e-02
  -4.7943316e-02
  -4.1335672e-02
  -3.5642486e-02
  -3.2548733e-02
  -2.6829058e-02
  -1.9685317e-02
  -1.4837468e-02
  -3.4228620e-02
  -6.4631243e-02
  -4.8198996e-02
  -4.5935761e-02
  -5.6877922e-02
  -6.4695053e-02
  -7.0054576e-02
  -7.0223555e-02
  -6.5475270e-02
  -5.5188701e-02
  -6.1788503e-02
  -4.1649252e-02
  -1.1405964e-02
  -0.0000000e+00
  -3.7531570e-02
  -4.2181119e-02
  -3.0919779e-02
   0.0000000e+00
   0.0000000e+00
  -4.1686233e-02
  -5.1255487e-02
  -5.7705633e-02
  -5.6973778e-02
  -5.5868611e-02
  -5.5398304e-02
  -5.7311889e-02
  -6.1291810e-02
  -6.6166021e-02
  -6.9380254e-02
  -6.8274759e-02
  -6.2817551e-02
  -5.8676913e-02
  -5.6388464e-02
  -5.0532654e-02
  -4.2716745e-02
  -3.8274668e-02
  -4.3919688e-02
  -6.3683777e-02
  -4.6874948e-02
  -3.7381541e-02
  -4.8025351e-02
  -5.8519118e-02
  -6.8965144e-02
  -7.5167798e-02
  -7.6883398e-02
  -7.2726667e-02
  -7.4687488e-02
  -5.8329083e-02
  -2.1725323e-02
  -0.0000000e+00
  -5.4496457e-02
  -6.5853305e-02
  -6.6511627e-02
   0.0000000e+00
  -0.0000000e+00
  -6.3871936e-02
  -6.9505165e-02
  -7.1638018e-02
  -7.1058780e-02
  -6.9797039e-02
  -6.8466380e-02
  -6.9315717e-02
  -7.2322428e-02
  -7.6517537e-02
  -7.9534598e-02
  -7.9168394e-02
  -7.6231889e-02
  -7.4854381e-02
  -7.3580012e-02
  -6.9056414e-02
  -6.2594950e-02
  -5.8051739e-02
  -6.2726863e-02
  -6.5543219e-02
  -4.9250841e-02
  -4.6211973e-02
  -5.1198691e-02
  -5.8945008e-02
  -6.8240814e-02
  -7.5952165e-02
  -8.0917016e-02
  -8.0979899e-02
  -7.7973878e-02
  -7.2785839e-02
  -4.5682549e-02
  -0.0000000e+00
  -6.5528979e-02
  -8.1223093e-02
  -7.7244651e-02
  -8.8519171e-02
  -7.1111142e-02
  -7.7488771e-02
  -7.7912887e-02
  -7.8509100e-02
  -7.8581301e-02
  -7.7257425e-02
  -7.5446248e-02
  -7.4653006e-02
  -7.5442724e-02
  -7.8006998e-02
  -8.0356290e-02
  -8.1434697e-02
  -8.2139805e-02
  -8.3630306e-02
  -8.3880588e-02
  -8.1576452e-02
  -7.7636665e-02
  -7.4199572e-02
  -7.4439503e-02
  -7.3856762e-02
  -6.5655120e-02
  -6.1601121e-02
  -5.9575566e-02
  -5.9484057e-02
  -6.2362552e-02
  -6.8006388e-02
  -7.4283347e-02
  -7.8161784e-02
  -7.2239004e-02
  -7.8378834e-02
  -8.5855968e-02
  -7.8004897e-02
  -6.8312138e-02
  -8.1288718e-02
  -7.2892107e-02
  -7.4427689e-02
  -6.6108167e-02
  -6.8495706e-02
  -7.1073644e-02
  -7.3419929e-02
  -7.4984558e-02
  -7.4512951e-02
  -7.3443070e-02
  -7.1905568e-02
  -7.0926011e-02
  -7.1637966e-02
  -7.2738662e-02
  -7.4447468e-02
  -7.6953642e-02
  -7.9787366e-02
  -8.1285715e-02
  -8.0882594e-02
  -7.9550073e-02
  -7.7944100e-02
  -7.8106113e-02
  -7.7778116e-02
  -7.3928222e-02
  -7.0102550e-02
  -6.5959521e-02
  -5.9884563e-02
  -5.5445638e-02
  -5.6134440e-02
  -6.0794603e-02
  -6.7057714e-02
  -5.8573987e-02
  -6.8228595e-02
  -9.3009703e-02
  -9.7471893e-02
  -6.0794310e-02
  -6.1923094e-02
  -5.2525596e-02
  -0.0000000e+00
  -4.9652331e-02
  -5.0855167e-02
  -5.3116269e-02
  -5.6322075e-02
  -5.9120569e-02
  -5.9924342e-02
  -5.9935421e-02
  -5.9080947e-02
  -5.8161043e-02
  -5.8461621e-02
  -5.8848046e-02
  -6.0023829e-02
  -6.2120669e-02
  -6.4377278e-02
  -6.5770857e-02
  -6.6419691e-02
  -6.7046680e-02
  -6.7672342e-02
  -6.8905152e-02
  -6.8885893e-02
  -6.7060009e-02
  -6.4632028e-02
  -6.0934965e-02
  -5.4957315e-02
  -4.8470579e-02
  -4.5160796e-02
  -4.6176322e-02
  -5.1527005e-02
  -3.3834334e-02
  -4.1974979e-02
  -5.6785960e-02
  -6.1030816e-02
  -3.7176795e-02
  -2.5767003e-02
  -2.2211736e-02
   0.0000000e+00
  -1.5559276e-02
  -1.7773434e-02
  -1.8496938e-02
  -2.1685480e-02
  -2.4941214e-02
  -2.6982559e-02
  -2.8348975e-02
  -2.9423299e-02
  -3.0351771e-02
  -3.1812690e-02
  -3.2788977e-02
  -3.3867377e-02
  -3.4905508e-02
  -3.5707250e-02
  -3.6299236e-02
  -3.7246763e-02
  -3.9379104e-02
  -4.2210563e-02
  -4.5726245e-02
  -4.7665296e-02
  -4.7502125e-02
  -4.6102649e-02
  -4.3198472e-02
  -3.9044756e-02
  -3.4390051e-02
  -3.0170161e-02
  -2.7778933e-02
  -2.9118009e-02
  -4.0895352e-03
  -7.9033114e-03
  -1.3760093e-02
  -1.2893139e-02
  -1.7066277e-03
   1.7283609e-02
   2.5845983e-02
   4.0706739e-02
   2.6160490e-02
   2.7772851e-02
   2.9764831e-02
   2.7331699e-02
   2.4313981e-02
   2.1509539e-02
   1.8281780e-02
   1.4465124e-02
   1.0101222e-02
   5.5850232e-03
   2.3779913e-03
   2.0832894e-04
  -7.3360419e-04
  -6.8222277e-04
  -6.3379086e-04
  -1.4938551e-03
  -4.4976557e-03
  -9.1288323e-03
  -1.4673700e-02
  -1.8913690e-02
  -2.0171029e-02
  -1.9149225e-02
  -1.6778370e-02
  -1.3703263e-02
  -1.0977225e-02
  -8.2205357e-03
  -5.0557679e-03
  -3.2187998e-03
   3.5667069e-02
   3.6108635e-02
   3.6154184e-02
   4.0653273e-02
   4.4590350e-02
   6.0238366e-02
   7.5779748e-02
   8.2808144e-02
   9.2963196e-02
   9.1855600e-02
   9.4675928e-02
   9.3677200e-02
   9.1645658e-02
   8.7895155e-02
   8.1640273e-02
   7.3834576e-02
   6.4875364e-02
   5.6066666e-02
   4.9298469e-02
   4.4567920e-02
   4.2277999e-02
   4.1741483e-02
   4.1379239e-02
   4.0036775e-02
   3.6179643e-02
   3.0103279e-02
   2.3106713e-02
   1.7410683e-02
   1.4871818e-02
   1.5608854e-02
   1.7907990e-02
   2.0880049e-02
   2.3810484e-02
   2.6359577e-02
   2.9607311e-02
   3.3300113e-02
   8.5902107e-02
   9.2018925e-02
   9.8425396e-02
   1.0770457e-01
   1.0198319e-01
   0.0000000e+00
   8.4122688e-02
   1.0317273e-01
   1.3899267e-01
   1.3339278e-01
   1.3984677e-01
   1.4699510e-01
   1.4956660e-01
   1.4719281e-01
   1.4116865e-01
   1.3253800e-01
   1.2185593e-01
   1.1091966e-01
   1.0180348e-01
   9.4496116e-02
   8.9685291e-02
   8.7062728e-02
   8.4655054e-02
   8.0771625e-02
   7.5109473e-02
   6.8360716e-02
   6.0427088e-02
   5.4480330e-02
   5.1716916e-02
   5.1981077e-02
   5.4589965e-02
   5.8507670e-02
   6.3008226e-02
   6.7521937e-02
   7.2598591e-02
   7.9172365e-02
   1.3789247e-01
   1.5046141e-01
   1.6451739e-01
   1.7716259e-01
   1.8288188e-01
   2.0960884e-01
   1.5988906e-01
   1.4828707e-01
   1.6516495e-01
   1.5458542e-01
   1.5838178e-01
   1.6934370e-01
   1.7659128e-01
   1.8011427e-01
   1.7945355e-01
   1.7380591e-01
   1.6548777e-01
   1.5644169e-01
   1.4737557e-01
   1.3923410e-01
   1.3160411e-01
   1.2483507e-01
   1.1840494e-01
   1.1042541e-01
   1.0272744e-01
   9.5727988e-02
   8.8253766e-02
   8.3475009e-02
   8.1241339e-02
   8.2464345e-02
   8.6537100e-02
   9.1831066e-02
   9.8225825e-02
   1.0609181e-01
   1.1542188e-01
   1.2627010e-01
   1.5118065e-01
   1.6331105e-01
   1.7521164e-01
   1.8382040e-01
   1.8726514e-01
   1.9002984e-01
   1.8105454e-01
   1.6608188e-01
   1.6427150e-01
   1.5837635e-01
   1.5807632e-01
   1.6326694e-01
   1.6911803e-01
   1.7283553e-01
   1.7283328e-01
   1.6920696e-01
   1.6377190e-01
   1.5724942e-01
   1.5087811e-01
   1.4408267e-01
   1.3581514e-01
   1.2702562e-01
   1.1766209e-01
   1.0793513e-01
   1.0002376e-01
   9.3384929e-02
   8.7939672e-02
   8.5232926e-02
   8.5319214e-02
   8.8246450e-02
   9.3253311e-02
   9.9587820e-02
   1.0706527e-01
   1.1597721e-01
   1.2698990e-01
   1.3918717e-01
   1.1398395e-01
   1.2040628e-01
   1.2394048e-01
   1.2439297e-01
   1.2225562e-01
   1.2005590e-01
   1.2141082e-01
   1.1756227e-01
   1.1412935e-01
   1.0979960e-01
   1.0710864e-01
   1.0734401e-01
   1.0907771e-01
   1.1030506e-01
   1.1076184e-01
   1.1014810e-01
   1.0848919e-01
   1.0622107e-01
   1.0388859e-01
   1.0010622e-01
   9.3737733e-02
   8.6870305e-02
   7.9744911e-02
   7.2307600e-02
   6.6556998e-02
   6.2173039e-02
   5.9809424e-02
   5.9421126e-02
   6.1736830e-02
   6.6223777e-02
   7.1143098e-02
   7.5899719e-02
   8.2065155e-02
   8.9065082e-02
   9.6891176e-02
   1.0570284e-01
   5.3880845e-02
   5.4562267e-02
   5.3697910e-02
   5.1112113e-02
   4.7763817e-02
   4.5628659e-02
   4.3320852e-02
   3.8784500e-02
   3.3431195e-02
   2.8881336e-02
   2.5606383e-02
   2.4200628e-02
   2.4392894e-02
   2.4884820e-02
   2.5634982e-02
   2.6235548e-02
   2.7516497e-02
   2.8949162e-02
   2.9073740e-02
   2.8431891e-02
   2.7355887e-02
   2.6241033e-02
   2.3913244e-02
   2.0694423e-02
   1.8252678e-02
   1.7410293e-02
   1.8611081e-02
   2.1016727e-02
   2.4587592e-02
   2.9393561e-02
   3.3383310e-02
   3.6194440e-02
   3.9198760e-02
   4.2662284e-02
   4.6515286e-02
   5.0975136e-02
  -1.8407031e-03
  -4.0894183e-03
  -7.2921533e-03
  -1.1088290e-02
  -1.4993032e-02
  -1.9451024e-02
  -2.3575089e-02
  -2.6308974e-02
  -2.8532377e-02
  -2.9998146e-02
  -3.1248698e-02
  -3.2667730e-02
  -3.4054491e-02
  -3.5385404e-02
  -3.6794808e-02
  -3.6635808e-02
  -3.4950465e-02
  -3.2294974e-02
  -2.9269304e-02
  -2.5720192e-02
  -2.1727411e-02
  -1.8761014e-02
  -1.7224064e-02
  -1.6308732e-02
  -1.5193562e-02
  -1.3249098e-02
  -9.9737728e-03
  -6.0833690e-03
  -2.1284269e-03
   1.0868065e-03
   2.8158928e-03
   3.4055929e-03
   2.8296201e-03
   1.9414440e-03
   1.1570312e-03
   1.3206509e-04
  -2.6036562e-02
  -2.8551338e-02
  -3.0655505e-02
  -3.2977514e-02
  -3.5435233e-02
  -3.7609994e-02
  -3.9187662e-02
  -4.0081900e-02
  -4.0573794e-02
  -4.1502181e-02
  -4.3258339e-02
  -4.5892660e-02
  -4.9226914e-02
  -5.2778713e-02
  -5.5648424e-02
  -5.6573141e-02
  -5.5571709e-02
  -5.2646872e-02
  -4.7986560e-02
  -4.2600449e-02
  -3.7289489e-02
  -3.2877017e-02
  -2.9212467e-02
  -2.5928790e-02
  -2.3016643e-02
  -1.9907113e-02
  -1.6420985e-02
  -1.3294304e-02
  -1.1005605e-02
  -1.0160853e-02
  -1.0788116e-02
  -1.2360014e-02
  -1.4539624e-02
  -1.6930606e-02
  -1.9798974e-02
  -2.2983212e-02
