-START-OF-DATA-
1759.5 0.00062567
1769.5 0.00062567
1779.5 0.00062567
1789.5 0.00062567
1799.5 0.00062567
1809.5 0.00062567
1819.5 0.00062567
1829.5 0.00062567
1839.5 0.00062567
1849.5 0.00062567
1859.5 0.00062567
1869.5 0.00062567
1879.5 0.00062567
1889.5 0.00062567
1899.5 0.00062567
1909.5 0.00062567
1919.5 0.00062567
1929.5 0.00062567
1939.5 0.00062567
1949.5 0.000666
1959.5 0.00068
1969.5 0.000702
1979.5 0.000734
1989.5 0.000772
1999.5 0.000815
2009.5 0.000869
2019.5 0.000936
2029.5 0.001002
2039.5 0.001062
2049.5 0.001114
2059.5 0.001152
2069.5 0.001177
2079.5 0.001191
2089.5 0.001197
2099.5 0.001197
2109.5 0.001193
2119.5 0.001186
2129.5 0.001177
2139.5 0.001168
2149.5 0.001159
2159.5 0.001148
2169.5 0.001139
2179.5 0.00113
2189.5 0.001121
2199.5 0.001112
2209.5 0.001105
2219.5 0.001096
2229.5 0.001089
2239.5 0.001083
2249.5 0.001076
2259.5 0.001069
2269.5 0.001062
2279.5 0.001056
2289.5 0.001051
2299.5 0.001044
2309.5 0.00104
2319.5 0.001035
2329.5 0.001029
2339.5 0.001024
2349.5 0.00102
2359.5 0.001015
2369.5 0.001011
2379.5 0.001008
2389.5 0.001004
2399.5 0.000999
2409.5 0.000997
2419.5 0.000993
2429.5 0.000988
2439.5 0.000986
2449.5 0.000981
2459.5 0.000979
2469.5 0.000977
2479.5 0.000972
2489.5 0.00097
2499.5 0.000968
2509.5 0.000963
2519.5 0.000961
2529.5 0.000959
2539.5 0.000957
2549.5 0.000954
2559.5 0.000952
2569.5 0.000948
2579.5 0.000945
2589.5 0.000943
2599.5 0.000941
2609.5 0.000939
2619.5 0.000936
2629.5 0.000936
2639.5 0.000934
2649.5 0.000932
2659.5 0.00093
2669.5 0.000927
2679.5 0.000925
2689.5 0.000923
2699.5 0.000923
2709.5 0.000921
2719.5 0.000918
2729.5 0.000916
2739.5 0.000916
2749.5 0.000914
2759.5 0.000911
2769.5 0.000909
2779.5 0.000909
2789.5 0.000907
2799.5 0.000905
2809.5 0.000905
2819.5 0.000902
2829.5 0.000902
2839.5 9e-04
2849.5 0.000898
2859.5 0.000898
2869.5 0.000896
2879.5 0.000896
2889.5 0.000893
2899.5 0.000891
2909.5 0.000891
2919.5 0.000889
2929.5 0.000889
2939.5 0.000887
2949.5 0.000887
2959.5 0.000884
2969.5 0.000884
2979.5 0.000882
2989.5 0.000882
2999.5 0.00088
3009.5 0.00088
3019.5 0.00088
3029.5 0.000878
3039.5 0.000878
3049.5 0.000875
3059.5 0.000875
3069.5 0.000873
3079.5 0.000873
3089.5 0.000871
3099.5 0.000871
3109.5 0.000871
3119.5 0.000869
3129.5 0.000869
3139.5 0.000869
3149.5 0.000866
3159.5 0.000866
3169.5 0.000864
3179.5 0.000864
3189.5 0.000864
3199.5 0.000862
3209.5 0.000862
3219.5 0.000862
3229.5 0.00086
3239.5 0.00086
3249.5 0.00086
3259.5 0.000857
3269.5 0.000857
3279.5 0.000857
3289.5 0.000855
3299.5 0.000855
3309.5 0.000855
3319.5 0.000853
3329.5 0.000853
3339.5 0.000853
3349.5 0.000853
3359.5 0.000851
3369.5 0.000851
3379.5 0.000851
3389.5 0.000848
3399.5 0.000848
3409.5 0.000848
3419.5 0.000848
3429.5 0.000846
3439.5 0.000846
3449.5 0.000846
3459.5 0.000844
3469.5 0.000844
3479.5 0.000844
3489.5 0.000844
3499.5 0.000842
3509.5 0.000842
3519.5 0.000842
3529.5 0.000839
3539.5 0.000839
3549.5 0.000839
3559.5 0.000839
3569.5 0.000837
3579.5 0.000837
3589.5 0.000837
3599.5 0.000837
3609.5 0.000835
3619.5 0.000835
3629.5 0.000835
3639.5 0.000835
3649.5 0.000833
3659.5 0.000833
3669.5 0.000833
3679.5 0.000833
3689.5 0.00083
3699.5 0.00083
3709.5 0.00083
3719.5 0.000828
3729.5 0.000828
3739.5 0.000828
3749.5 0.000828
3759.5 0.000826
3769.5 0.000826
3779.5 0.000826
3789.5 0.000826
3799.5 0.000824
3809.5 0.000824
3819.5 0.000824
3829.5 0.000824
3839.5 0.000821
3849.5 0.000821
3859.5 0.000821
3869.5 0.000821
3879.5 0.000819
3889.5 0.000819
3899.5 0.000819
3909.5 0.000819
3919.5 0.000817
3929.5 0.000817
3939.5 0.000817
3949.5 0.000817
3959.5 0.000815
3969.5 0.000815
3979.5 0.000815
3989.5 0.000815
3999.5 0.000815
4009.5 0.000812
4019.5 0.000812
4029.5 0.000812
4039.5 0.000812
4049.5 0.00081
4059.5 0.00081
4069.5 0.00081
4079.5 0.00081
4089.5 0.00081
4099.5 0.000808
4109.5 0.000808
4119.5 0.000808
4129.5 0.000808
4139.5 0.000808
4149.5 0.000806
4159.5 0.000806
4169.5 0.000806
4179.5 0.000806
4189.5 0.000803
4199.5 0.000803
4209.5 0.000803
4219.5 0.000803
4229.5 0.000803
4239.5 0.000803
4249.5 0.000801
4259.5 0.000801
4269.5 0.000801
4279.5 0.000801
4289.5 0.000801
4299.5 0.000799
4309.5 0.000799
4319.5 0.000799
4329.5 0.000799
4339.5 0.000799
4349.5 0.000799
4359.5 0.000797
4369.5 0.000797
4379.5 0.000797
4389.5 0.000797
4399.5 0.000797
4409.5 0.000794
4419.5 0.000794
4429.5 0.000794
4439.5 0.000794
4449.5 0.000794
4459.5 0.000794
4469.5 0.000794
4479.5 0.000792
4489.5 0.000792
4499.5 0.000792
4509.5 0.000792
4519.5 0.000792
4529.5 0.000792
4539.5 0.00079
4549.5 0.00079
4559.5 0.00079
4569.5 0.00079
4579.5 0.00079
4589.5 0.00079
4599.5 0.00079
4609.5 0.000788
4619.5 0.000788
4629.5 0.000788
4639.5 0.000788
4649.5 0.000788
4659.5 0.000788
4669.5 0.000788
4679.5 0.000788
4689.5 0.000785
4699.5 0.000785
4709.5 0.000785
4719.5 0.000785
4729.5 0.000785
4739.5 0.000785
4749.5 0.000785
4759.5 0.000785
4769.5 0.000783
4779.5 0.000783
4789.5 0.000783
4799.5 0.000783
4809.5 0.000783
4819.5 0.000783
4829.5 0.000783
4839.5 0.000783
4849.5 0.000781
4859.5 0.000781
4869.5 0.000781
4879.5 0.000781
4889.5 0.000781
4899.5 0.000781
4909.5 0.000781
4919.5 0.000781
4929.5 0.000781
4939.5 0.000781
4949.5 0.000779
4959.5 0.000779
4969.5 0.000779
4979.5 0.000779
4989.5 0.000779
4999.5 0.000779
5009.5 0.000779
5019.5 0.000779
5029.5 0.000779
5039.5 0.000779
5049.5 0.000776
5059.5 0.000776
5069.5 0.000776
5079.5 0.000776
5089.5 0.000776
5099.5 0.000776
5109.5 0.000776
5119.5 0.000776
5129.5 0.000776
5139.5 0.000776
5149.5 0.000776
5159.5 0.000776
5169.5 0.000774
5179.5 0.000774
5189.5 0.000774
5199.5 0.000774
5209.5 0.000774
5219.5 0.000774
5229.5 0.000774
5239.5 0.000774
5249.5 0.000774
5259.5 0.000774
5269.5 0.000774
5279.5 0.000774
5289.5 0.000774
5299.5 0.000772
5309.5 0.000772
5319.5 0.000772
5329.5 0.000772
5339.5 0.000772
5349.5 0.000772
5359.5 0.000772
5369.5 0.000772
5379.5 0.000772
5389.5 0.000772
5399.5 0.000772
5409.5 0.000772
5419.5 0.000772
5429.5 0.000772
5439.5 0.000772
5449.5 0.00077
5459.5 0.00077
5469.5 0.00077
5479.5 0.00077
5489.5 0.00077
5499.5 0.00077
5509.5 0.00077
5519.5 0.00077
5529.5 0.00077
5539.5 0.00077
5549.5 0.00077
5559.5 0.00077
5569.5 0.00077
5579.5 0.00077
5589.5 0.00077
5599.5 0.00077
5609.5 0.000767
5619.5 0.000767
5629.5 0.000767
5639.5 0.000767
5649.5 0.000767
5659.5 0.000767
5669.5 0.000767
5679.5 0.000767
5689.5 0.000767
5699.5 0.000767
5709.5 0.000767
5719.5 0.000767
5729.5 0.000767
5739.5 0.000767
5749.5 0.000767
5759.5 0.000767
5769.5 0.000765
5779.5 0.000765
5789.5 0.000765
5799.5 0.000765
5809.5 0.000765
5819.5 0.000765
5829.5 0.000765
5839.5 0.000765
5849.5 0.000765
5859.5 0.000765
5869.5 0.000765
5879.5 0.000765
5889.5 0.000765
5899.5 0.000765
5909.5 0.000765
5919.5 0.000765
5929.5 0.000765
5939.5 0.000765
5949.5 0.000763
5959.5 0.000763
5969.5 0.000763
5979.5 0.000763
5989.5 0.000763
5999.5 0.000763
6009.5 0.000763
6019.5 0.000763
6029.5 0.000763
6039.5 0.000763
6049.5 0.000763
6059.5 0.000763
6069.5 0.000763
6079.5 0.000763
6089.5 0.000763
6099.5 0.000763
6109.5 0.000763
6119.5 0.000763
6129.5 0.000761
6139.5 0.000761
6149.5 0.000761
6159.5 0.000761
6169.5 0.000761
6179.5 0.000761
6189.5 0.000761
6199.5 0.000761
6209.5 0.000761
6219.5 0.000761
6229.5 0.000761
6239.5 0.000761
6249.5 0.000761
6259.5 0.000761
6269.5 0.000761
6279.5 0.000761
6289.5 0.000761
6299.5 0.000761
6309.5 0.000761
6319.5 0.000758
6329.5 0.000758
6339.5 0.000758
6349.5 0.000758
6359.5 0.000758
6369.5 0.000758
6379.5 0.000758
6389.5 0.000758
6399.5 0.000758
6409.5 0.000758
6419.5 0.000758
6429.5 0.000758
6439.5 0.000758
6449.5 0.000758
6459.5 0.000758
6469.5 0.000758
6479.5 0.000758
6489.5 0.000758
6499.5 0.000758
6509.5 0.000758
6519.5 0.000758
6529.5 0.000756
6539.5 0.000756
6549.5 0.000756
6559.5 0.000756
6569.5 0.000756
6579.5 0.000756
6589.5 0.000756
6599.5 0.000756
6609.5 0.000756
6619.5 0.000756
6629.5 0.000756
6639.5 0.000756
6649.5 0.000756
6659.5 0.000756
6669.5 0.000756
6679.5 0.000756
6689.5 0.000756
6699.5 0.000756
6709.5 0.000756
6719.5 0.000756
6729.5 0.000756
6739.5 0.000756
6749.5 0.000756
6759.5 0.000754
6769.5 0.000754
6779.5 0.000754
6789.5 0.000754
6799.5 0.000754
6809.5 0.000754
6819.5 0.000754
6829.5 0.000754
6839.5 0.000754
6849.5 0.000754
6859.5 0.000754
6869.5 0.000754
6879.5 0.000754
6889.5 0.000754
6899.5 0.000754
6909.5 0.000754
6919.5 0.000754
6929.5 0.000754
6939.5 0.000754
6949.5 0.000754
6959.5 0.000754
6969.5 0.000754
6979.5 0.000754
6989.5 0.000754
6999.5 0.000752
7009.5 0.000752
7019.5 0.000752
7029.5 0.000752
7039.5 0.000752
7049.5 0.000752
7059.5 0.000752
7069.5 0.000752
7079.5 0.000752
7089.5 0.000752
7099.5 0.000752
7109.5 0.000752
7119.5 0.000752
7129.5 0.000752
7139.5 0.000752
7149.5 0.000752
7159.5 0.000752
7169.5 0.000752
7179.5 0.000752
7189.5 0.000752
7199.5 0.000752
7209.5 0.000752
7219.5 0.000752
7229.5 0.000752
7239.5 0.000752
7249.5 0.000749
7259.5 0.000749
7269.5 0.000749
7279.5 0.000749
7289.5 0.000749
7299.5 0.000749
7309.5 0.000749
7319.5 0.000749
7329.5 0.000749
7339.5 0.000749
7349.5 0.000749
7359.5 0.000749
7369.5 0.000749
7379.5 0.000749
7389.5 0.000749
7399.5 0.000749
7409.5 0.000749
7419.5 0.000749
7429.5 0.000749
7439.5 0.000749
7449.5 0.000749
7459.5 0.000749
7469.5 0.000749
7479.5 0.000749
7489.5 0.000747
7499.5 0.000747
7509.5 0.000747
7519.5 0.000747
7529.5 0.000747
7539.5 0.000747
7549.5 0.000747
7559.5 0.000747
7569.5 0.000747
7579.5 0.000747
7589.5 0.000747
7599.5 0.000747
7609.5 0.000747
7619.5 0.000747
7629.5 0.000747
7639.5 0.000747
7649.5 0.000747
7659.5 0.000747
7669.5 0.000747
7679.5 0.000747
7689.5 0.000747
7699.5 0.000747
7709.5 0.000747
7719.5 0.000747
7729.5 0.000745
7739.5 0.000745
7749.5 0.000745
7759.5 0.000745
7769.5 0.000745
7779.5 0.000745
7789.5 0.000745
7799.5 0.000745
7809.5 0.000745
7819.5 0.000745
7829.5 0.000745
7839.5 0.000745
7849.5 0.000745
7859.5 0.000745
7869.5 0.000745
7879.5 0.000745
7889.5 0.000745
7899.5 0.000745
7909.5 0.000745
7919.5 0.000745
7929.5 0.000745
7939.5 0.000745
7949.5 0.000745
7959.5 0.000745
7969.5 0.000745
7979.5 0.000745
7989.5 0.000745
7999.5 0.000743
8009.5 0.000743
8019.5 0.000743
8029.5 0.000743
8039.5 0.000743
8049.5 0.000743
8059.5 0.000743
8069.5 0.000743
8079.5 0.000743
8089.5 0.000743
8099.5 0.000743
8109.5 0.000743
8119.5 0.000743
8129.5 0.000743
8139.5 0.000743
8149.5 0.000743
8159.5 0.000743
8169.5 0.000743
8179.5 0.000743
8189.5 0.000743
8199.5 0.000743
8209.5 0.000743
8219.5 0.000743
8229.5 0.000743
8239.5 0.000743
8249.5 0.000743
8259.5 0.000743
8269.5 0.000743
8279.5 0.000743
8289.5 0.000743
8299.5 0.000743
8309.5 0.00074
8319.5 0.00074
8329.5 0.00074
8339.5 0.00074
8349.5 0.00074
8359.5 0.00074
8369.5 0.00074
8379.5 0.00074
8389.5 0.00074
8399.5 0.00074
8409.5 0.00074
8419.5 0.00074
8429.5 0.00074
8439.5 0.00074
8449.5 0.00074
8459.5 0.00074
8469.5 0.00074
8479.5 0.00074
8489.5 0.00074
8499.5 0.00074
8509.5 0.00074
8519.5 0.00074
8529.5 0.00074
8539.5 0.00074
8549.5 0.00074
8559.5 0.00074
8569.5 0.00074
8579.5 0.00074
8589.5 0.00074
8599.5 0.00074
8609.5 0.00074
8619.5 0.00074
8629.5 0.000738
8639.5 0.000738
8649.5 0.000738
8659.5 0.000738
8669.5 0.000738
8679.5 0.000738
8689.5 0.000738
8699.5 0.000738
8709.5 0.000738
8719.5 0.000738
8729.5 0.000738
8739.5 0.000738
8749.5 0.000738
8759.5 0.000738
8769.5 0.000738
8779.5 0.000738
8789.5 0.000738
8799.5 0.000738
8809.5 0.000738
8819.5 0.000738
8829.5 0.000738
8839.5 0.000738
8849.5 0.000738
8859.5 0.000738
8869.5 0.000738
8879.5 0.000738
8889.5 0.000738
8899.5 0.000738
8909.5 0.000738
8919.5 0.000738
8929.5 0.000738
8939.5 0.000738
8949.5 0.000738
8959.5 0.000736
8969.5 0.000736
8979.5 0.000736
8989.5 0.000736
8999.5 0.000736
9009.5 0.000736
9019.5 0.000736
9029.5 0.000736
9039.5 0.000736
9049.5 0.000736
9059.5 0.000736
9069.5 0.000736
9079.5 0.000736
9089.5 0.000736
9099.5 0.000736
9109.5 0.000736
9119.5 0.000736
9129.5 0.000736
9139.5 0.000736
9149.5 0.000736
9159.5 0.000736
9169.5 0.000736
9179.5 0.000736
9189.5 0.000736
9199.5 0.000736
9209.5 0.000736
9219.5 0.000736
9229.5 0.000736
9239.5 0.000736
9249.5 0.000736
9259.5 0.000736
9269.5 0.000734
9279.5 0.000734
9289.5 0.000734
9299.5 0.000734
9309.5 0.000734
9319.5 0.000734
9329.5 0.000734
9339.5 0.000734
9349.5 0.000734
9359.5 0.000734
9369.5 0.000734
9379.5 0.000734
9389.5 0.000734
9399.5 0.000734
9409.5 0.000734
9419.5 0.000734
9429.5 0.000734
9439.5 0.000734
9449.5 0.000734
9459.5 0.000734
9469.5 0.000734
9479.5 0.000734
9489.5 0.000734
9499.5 0.000734
9509.5 0.000734
9519.5 0.000734
9529.5 0.000734
9539.5 0.000734
9549.5 0.000734
9559.5 0.000734
9569.5 0.000734
9579.5 0.000734
9589.5 0.000734
9599.5 0.000734
9609.5 0.000731
9619.5 0.000731
9629.5 0.000731
9639.5 0.000731
9649.5 0.000731
9659.5 0.000731
9669.5 0.000731
9679.5 0.000731
9689.5 0.000731
9699.5 0.000731
9709.5 0.000731
9719.5 0.000731
9729.5 0.000731
9739.5 0.000731
9749.5 0.000731
9759.5 0.000731
9769.5 0.000731
9779.5 0.000731
9789.5 0.000731
9799.5 0.000731
9809.5 0.000731
9819.5 0.000731
9829.5 0.000731
9839.5 0.000731
9849.5 0.000731
9859.5 0.000731
9869.5 0.000731
9879.5 0.000731
9889.5 0.000731
9899.5 0.000731
9909.5 0.000731
9919.5 0.000731
9929.5 0.000731
9939.5 0.000731
9949.5 0.000731
9959.5 0.000731
9969.5 0.000731
9979.5 0.000731
9989.5 0.000729
9999.5 0.000729
10009.5 0.000729
10019.5 0.000729
10029.5 0.000729
10039.5 0.000729
10049.5 0.000729
10059.5 0.000729
10069.5 0.000729
10079.5 0.000729
10089.5 0.000729
10099.5 0.000729
10109.5 0.000729
10119.5 0.000729
10129.5 0.000729
10139.5 0.000729
10149.5 0.000729
10159.5 0.000729
10169.5 0.000729
10179.5 0.000729
10189.5 0.000729
10199.5 0.000729
10209.5 0.000729
10219.5 0.000729
10229.5 0.000729
10239.5 0.000729
10249.5 0.000729
10259.5 0.000729
10269.5 0.000729
10279.5 0.000729
10289.5 0.000729
10299.5 0.000729
10309.5 0.000729
10319.5 0.000729
10329.5 0.000729
10339.5 0.000729
10349.5 0.000729
10359.5 0.000729
10369.5 0.000729
10379.5 0.000727
10389.5 0.000727
10399.5 0.000727
10409.5 0.000727
10419.5 0.000727
10429.5 0.000727
10439.5 0.000727
10449.5 0.000727
10459.5 0.000727
10469.5 0.000727
10479.5 0.000727
10489.5 0.000727
10499.5 0.000727
10509.5 0.000727
10519.5 0.000727
10529.5 0.000727
10539.5 0.000727
10549.5 0.000727
10559.5 0.000727
10569.5 0.000727
10579.5 0.000727
10589.5 0.000727
10599.5 0.000727
10609.5 0.000727
10619.5 0.000727
10629.5 0.000727
10639.5 0.000727
10649.5 0.000727
10659.5 0.000727
10669.5 0.000727
10679.5 0.000727
10689.5 0.000727
10699.5 0.000727
10709.5 0.000727
10719.5 0.000727
10729.5 0.000727
10739.5 0.000727
10749.5 0.000727
10759.5 0.000727
10769.5 0.000727
10779.5 0.000727
10789.5 0.000727
10799.5 0.000727
10809.5 0.000727
10819.5 0.000727
10829.5 0.000727
10839.5 0.000727
10849.5 0.000727
10859.5 0.000725
10869.5 0.000725
10879.5 0.000725
10889.5 0.000725
10899.5 0.000725
10909.5 0.000725
10919.5 0.000725
10929.5 0.000725
10939.5 0.000725
10949.5 0.000725
10959.5 0.000725
10969.5 0.000725
10979.5 0.000725
10989.5 0.000725
10999.5 0.000725
11009.5 0.000725
11019.5 0.000725
11029.5 0.000725
11039.5 0.000725
11049.5 0.000725
11059.5 0.000725
11069.5 0.000725
11079.5 0.000725
11089.5 0.000725
11099.5 0.000725
11109.5 0.000725
11119.5 0.000725
11129.5 0.000725
11139.5 0.000725
11149.5 0.000725
11159.5 0.000725
11169.5 0.000725
11179.5 0.000725
11189.5 0.000725
11199.5 0.000725
11209.5 0.000725
11219.5 0.000725
11229.5 0.000725
11239.5 0.000725
11249.5 0.000725
11259.5 0.000725
11269.5 0.000725
11279.5 0.000725
11289.5 0.000725
11299.5 0.000725
11309.5 0.000725
11319.5 0.000725
11329.5 0.000725
11339.5 0.000725
11349.5 0.000725
11359.5 0.000725
11369.5 0.000725
11379.5 0.000725
11389.5 0.000725
11399.5 0.000722
11409.5 0.000722
11419.5 0.000722
11429.5 0.000722
11439.5 0.000722
11449.5 0.000722
11459.5 0.000722
11469.5 0.000722
11479.5 0.000722
11489.5 0.000722
11499.5 0.000722
11509.5 0.000722
11519.5 0.000722
11529.5 0.000722
11539.5 0.000722
11549.5 0.000722
11559.5 0.000722
11569.5 0.000722
11579.5 0.000722
11589.5 0.000722
11599.5 0.000722
11609.5 0.000722
11619.5 0.000722
11629.5 0.000722
11639.5 0.000722
11649.5 0.000722
11659.5 0.000722
11669.5 0.000722
11679.5 0.000722
11689.5 0.000722
11699.5 0.000722
11709.5 0.000722
11719.5 0.000722
11729.5 0.000722
11739.5 0.000722
11749.5 0.000722
11759.5 0.000722
11769.5 0.000722
11779.5 0.000722
11789.5 0.000722
11799.5 0.000722
11809.5 0.000722
11819.5 0.000722
11829.5 0.000722
11839.5 0.000722
11849.5 0.000722
11859.5 0.000722
11869.5 0.000722
11879.5 0.000722
11889.5 0.000722
11899.5 0.000722
11909.5 0.000722
11919.5 0.000722
11929.5 0.000722
11939.5 0.000722
11949.5 0.000722
11959.5 0.000722
11969.5 0.000722
11979.5 0.000722
11989.5 0.00072
11999.5 0.00072
12009.5 0.00072
999999999 0.000626
-END-OF-DATA-
