  5.474473e-01
  4.210008e-01
  3.306829e-01
  3.118386e-01
  3.010059e-01
  2.896706e-01
  2.792388e-01
  2.698452e-01
  2.544085e-01
  2.412318e-01
  2.315336e-01
  2.303022e-01
  2.313833e-01
  2.340007e-01
  2.383970e-01
  2.390553e-01
  2.320526e-01
  2.236056e-01
  2.257219e-01
  2.383348e-01
  2.383164e-01
  2.304351e-01
  2.223433e-01
  2.154592e-01
  2.127712e-01
  2.164351e-01
  2.360474e-01
  2.513107e-01
  2.767499e-01
  2.986615e-01
  3.157762e-01
  3.237472e-01
  3.273813e-01
  3.330968e-01
  3.428378e-01
  3.550503e-01
