   0.0000000e+00
   0.0000000e+00
   0.0000000e+00
   0.0000000e+00
   0.0000000e+00
   0.0000000e+00
   0.0000000e+00
   0.0000000e+00
   0.0000000e+00
   0.0000000e+00
   0.0000000e+00
   0.0000000e+00
   0.0000000e+00
   0.0000000e+00
   0.0000000e+00
   0.0000000e+00
   0.0000000e+00
   0.0000000e+00
   5.9320476e-02
   2.6369184e-02
   1.5126835e-02
   8.3100457e-03
   2.4303551e-03
  -8.9582731e-03
  -1.2607766e-02
   0.0000000e+00
   0.0000000e+00
   0.0000000e+00
   0.0000000e+00
   0.0000000e+00
   0.0000000e+00
   0.0000000e+00
   0.0000000e+00
   0.0000000e+00
   0.0000000e+00
   0.0000000e+00
   0.0000000e+00
   0.0000000e+00
   0.0000000e+00
   0.0000000e+00
   0.0000000e+00
   0.0000000e+00
   0.0000000e+00
   0.0000000e+00
   0.0000000e+00
   0.0000000e+00
   0.0000000e+00
   0.0000000e+00
   0.0000000e+00
   0.0000000e+00
   0.0000000e+00
   1.3588048e-02
   1.9304594e-02
   3.5001952e-02
   3.1156233e-02
   1.6281815e-02
   1.1437438e-02
   0.0000000e+00
   0.0000000e+00
   0.0000000e+00
  -2.8396483e-03
  -3.3118222e-03
  -1.1009785e-02
   0.0000000e+00
   0.0000000e+00
   0.0000000e+00
   0.0000000e+00
   0.0000000e+00
   0.0000000e+00
   0.0000000e+00
   0.0000000e+00
   0.0000000e+00
   0.0000000e+00
   0.0000000e+00
   0.0000000e+00
   0.0000000e+00
   0.0000000e+00
   0.0000000e+00
   0.0000000e+00
   0.0000000e+00
   0.0000000e+00
   0.0000000e+00
   5.0320328e-03
   5.3537179e-03
   3.6038263e-03
   9.8185188e-03
   8.5094500e-03
   4.3645609e-03
   1.1540279e-02
   9.1456883e-03
   7.5188158e-03
   9.0992804e-04
   0.0000000e+00
  -0.0000000e+00
  -0.0000000e+00
  -0.0000000e+00
  -7.7966869e-03
  -6.6911753e-03
  -8.6372466e-03
  -1.3195050e-02
   0.0000000e+00
   8.1231290e-03
   1.7812085e-02
   1.8023689e-02
   0.0000000e+00
   0.0000000e+00
   0.0000000e+00
   0.0000000e+00
   0.0000000e+00
   0.0000000e+00
   0.0000000e+00
   0.0000000e+00
   0.0000000e+00
   0.0000000e+00
   0.0000000e+00
   0.0000000e+00
   0.0000000e+00
   4.5730323e-03
  -8.2646392e-04
  -3.7662445e-03
   0.0000000e+00
  -0.0000000e+00
  -7.4235536e-03
  -8.5703906e-03
  -1.3199407e-02
  -1.0003653e-02
  -6.2134163e-03
  -7.8492542e-03
  -2.1861575e-02
  -2.0611694e-02
  -6.0057294e-03
  -4.3048612e-03
  -9.6407328e-03
  -1.1966196e-02
  -1.2674204e-02
  -9.4590756e-03
  -5.2157483e-03
   2.1076472e-03
   8.9286519e-03
   8.2762762e-03
   3.2810009e-03
  -4.9357452e-03
   0.0000000e+00
   0.0000000e+00
   0.0000000e+00
   0.0000000e+00
   0.0000000e+00
   0.0000000e+00
   0.0000000e+00
   0.0000000e+00
   0.0000000e+00
  -0.0000000e+00
  -2.7369766e-03
  -4.1205439e-03
  -4.4805248e-03
  -7.4313238e-03
  -5.5580242e-03
  -1.5988322e-02
  -1.9926334e-02
  -1.8779768e-02
  -2.0465622e-02
  -1.9825339e-02
  -1.5764521e-02
  -1.4312205e-02
  -1.6863995e-02
   0.0000000e+00
   0.0000000e+00
   4.8839600e-03
  -3.0891884e-03
  -1.0440970e-02
  -1.6294094e-02
  -1.5436131e-02
  -1.1340657e-02
  -2.6307947e-03
  -6.9866620e-04
  -3.4780375e-04
  -2.2749461e-03
  -1.1690290e-02
  -1.2148372e-02
   0.0000000e+00
  -2.7063544e-03
  -0.0000000e+00
  -0.0000000e+00
  -0.0000000e+00
   0.0000000e+00
   0.0000000e+00
   0.0000000e+00
  -0.0000000e+00
  -7.8961044e-03
  -2.0634554e-03
  -7.0864610e-03
  -1.1008389e-02
  -1.6647116e-02
  -2.0057332e-02
  -2.2435137e-02
  -2.2515553e-02
  -2.2366366e-02
  -2.0947558e-02
  -1.7505017e-02
  -1.4471924e-02
  -7.3588185e-03
   6.9399132e-03
   7.4624195e-03
   0.0000000e+00
  -2.7024614e-04
  -5.5909997e-03
  -1.7394760e-02
  -1.9558360e-02
  -1.4752089e-02
  -1.1054009e-02
  -9.1147351e-03
  -4.7033865e-03
  -7.6070777e-03
  -1.4463813e-02
  -1.0466466e-02
  -6.2662847e-03
   1.0392576e-03
  -8.5071204e-03
  -1.4146602e-02
  -8.3415885e-03
  -1.9619621e-03
   0.0000000e+00
   0.0000000e+00
  -0.0000000e+00
  -7.2609806e-03
   1.6338814e-03
  -8.3011519e-03
  -1.1655055e-02
  -1.5729100e-02
  -1.8806295e-02
  -1.9319730e-02
  -1.8601008e-02
  -1.7760139e-02
  -1.5947644e-02
  -1.2569949e-02
  -8.8034915e-03
   1.1461802e-03
   1.3215594e-02
   1.3743596e-02
   0.0000000e+00
  -0.0000000e+00
  -9.0201851e-03
  -2.1247450e-02
  -2.0846291e-02
  -1.5180810e-02
  -1.0213854e-02
  -6.7940789e-03
  -8.9936830e-03
  -1.1559285e-02
  -1.1389331e-02
  -6.0915430e-03
   4.3124473e-04
   6.4675445e-03
  -1.8817461e-03
  -5.0122971e-03
   2.6312228e-03
   1.2839271e-02
   0.0000000e+00
   0.0000000e+00
  -0.0000000e+00
  -6.9264567e-03
  -5.0543407e-03
  -1.1891061e-02
  -1.1210526e-02
  -9.8724272e-03
  -9.8216904e-03
  -8.9063449e-03
  -8.8902703e-03
  -9.1433812e-03
  -8.0526397e-03
  -5.2043078e-03
   3.8611407e-04
   3.8790325e-03
   1.8063057e-02
   2.2478867e-02
   2.3227551e-02
  -2.9266570e-03
  -1.3985311e-02
  -2.0571962e-02
  -1.8335490e-02
  -1.1498197e-02
  -5.0678197e-03
  -1.0506890e-03
  -1.6791897e-03
  -4.7407621e-03
  -1.2482186e-03
   7.6773927e-03
   7.9282709e-03
   4.2860173e-03
  -1.0726423e-03
   9.7650889e-04
   1.3593157e-02
   2.7904484e-02
   0.0000000e+00
   0.0000000e+00
  -1.2566796e-02
  -6.3160332e-03
  -6.3239466e-03
  -7.6319911e-03
  -4.2302995e-03
  -1.3535949e-03
  -3.6764308e-04
  -7.8307569e-04
  -2.2589627e-03
  -3.4705636e-03
  -2.8293708e-03
   2.5042848e-04
   9.3017113e-03
   2.1869446e-02
   0.0000000e+00
   3.0065356e-02
   0.0000000e+00
   0.0000000e+00
  -0.0000000e+00
  -1.9956356e-02
  -1.4963144e-02
  -6.3926894e-03
   4.3120564e-04
   4.1034273e-03
   3.8536717e-03
   2.7025479e-03
   9.6775005e-03
   2.5177371e-02
   0.0000000e+00
  -0.0000000e+00
  -4.0819134e-03
   8.9620166e-03
   3.1221317e-02
   4.0922109e-02
   0.0000000e+00
  -0.0000000e+00
  -1.1255133e-02
  -2.5551938e-03
   8.3586806e-04
   3.4431457e-03
   5.8642868e-03
   7.5246342e-03
   6.5400656e-03
   4.4571403e-03
   1.7055728e-03
   4.3879644e-04
   1.5308388e-03
   6.1437464e-03
   1.7305676e-02
   2.7138870e-02
   2.1696300e-02
   0.0000000e+00
   0.0000000e+00
   0.0000000e+00
  -0.0000000e+00
  -1.9420532e-02
  -1.3671863e-02
  -4.4424634e-04
   7.4638976e-03
   1.0212155e-02
   9.8612662e-03
   1.0192232e-02
   2.1218434e-02
   4.2255844e-02
   0.0000000e+00
   0.0000000e+00
  -3.3349788e-04
   1.9623145e-02
   5.2177007e-02
   0.0000000e+00
   0.0000000e+00
  -0.0000000e+00
  -7.0960522e-03
   4.6858760e-03
   8.3630132e-03
   9.7841993e-03
   1.0594090e-02
   1.0679383e-02
   8.3219390e-03
   5.5379472e-03
   3.0346785e-03
   2.6007812e-03
   5.0368230e-03
   1.1177488e-02
   2.1436747e-02
   2.3560216e-02
   3.0499790e-02
   4.6433398e-02
   0.0000000e+00
   0.0000000e+00
   0.0000000e+00
  -0.0000000e+00
  -1.3172776e-02
   4.1867052e-03
   1.2343965e-02
   1.4319356e-02
   1.3688817e-02
   1.5485182e-02
   2.8476782e-02
   4.6271001e-02
   4.3194233e-02
   0.0000000e+00
   0.0000000e+00
   3.4287877e-02
   6.7866788e-02
   0.0000000e+00
   0.0000000e+00
  -0.0000000e+00
   1.5042077e-03
   1.1057871e-02
   1.2771237e-02
   1.2775714e-02
   1.2336889e-02
   1.0738754e-02
   7.8101177e-03
   5.3313887e-03
   4.3549170e-03
   5.5268873e-03
   9.7315833e-03
   1.6845182e-02
   2.5713477e-02
   3.0287614e-02
   4.4223912e-02
   5.6857047e-02
   0.0000000e+00
   0.0000000e+00
   0.0000000e+00
  -0.0000000e+00
  -7.9722532e-03
   7.8676865e-03
   1.5305570e-02
   1.6635580e-02
   1.6951365e-02
   2.1653842e-02
   3.5296518e-02
   4.7145326e-02
   4.0433197e-02
   0.0000000e+00
   0.0000000e+00
   4.4046261e-02
   6.3816738e-02
   0.0000000e+00
   0.0000000e+00
  -0.0000000e+00
   7.4782567e-03
   1.2813502e-02
   1.2886256e-02
   1.2094470e-02
   1.1013241e-02
   8.7578371e-03
   6.3870260e-03
   5.0914111e-03
   5.8738370e-03
   8.9512831e-03
   1.4638924e-02
   2.2715611e-02
   3.1399902e-02
   3.9327882e-02
   5.7130699e-02
   3.2135113e-02
   3.2135113e-02
   0.0000000e+00
   0.0000000e+00
   0.0000000e+00
  -0.0000000e+00
   9.9230965e-03
   1.6121838e-02
   1.7755870e-02
   2.0456109e-02
   2.7707446e-02
   3.9361365e-02
   4.3158807e-02
   2.6123195e-02
   1.3224128e-02
   0.0000000e+00
   0.0000000e+00
   4.7833666e-02
   0.0000000e+00
   0.0000000e+00
  -0.0000000e+00
   8.0515621e-03
   1.0398680e-02
   1.0015113e-02
   9.4254026e-03
   8.5780993e-03
   7.0850328e-03
   5.9319776e-03
   5.9142164e-03
   8.0183810e-03
   1.2259654e-02
   1.8554190e-02
   2.6441924e-02
   3.3958580e-02
   4.3172687e-02
   5.9925387e-02
   0.0000000e+00
   2.3403335e-02
   0.0000000e+00
   0.0000000e+00
   0.0000000e+00
   0.0000000e+00
   1.1915150e-02
   1.6688196e-02
   1.9244527e-02
   2.3784600e-02
   3.0990098e-02
   3.8041245e-02
   3.5731677e-02
   2.0755365e-02
   1.3001114e-02
   0.0000000e+00
   0.0000000e+00
   2.0765005e-02
  -9.6417924e-04
   0.0000000e+00
  -0.0000000e+00
   2.7214487e-03
   3.6276346e-03
   3.3978163e-03
   3.4132309e-03
   3.4811976e-03
   3.7907669e-03
   4.6008248e-03
   6.5348116e-03
   1.0161802e-02
   1.5000236e-02
   2.0739427e-02
   2.6611229e-02
   3.1962812e-02
   4.0006880e-02
   4.6549782e-02
   0.0000000e+00
  -1.6626298e-03
   0.0000000e+00
   0.0000000e+00
   0.0000000e+00
   0.0000000e+00
   1.4253153e-02
   1.7389210e-02
   2.1093374e-02
   2.5779845e-02
   3.0375309e-02
   3.2232638e-02
   2.7135944e-02
   1.8512022e-02
   7.3534691e-03
   0.0000000e+00
   0.0000000e+00
   6.9366386e-03
   6.5110240e-04
   0.0000000e+00
  -0.0000000e+00
  -6.0838442e-03
  -5.8931378e-03
  -6.5186135e-03
  -6.6873506e-03
  -6.2852707e-03
  -4.8541399e-03
  -2.2712750e-03
   1.8717977e-03
   7.3114410e-03
   1.2646041e-02
   1.7662879e-02
   2.1999806e-02
   2.5809860e-02
   2.9937554e-02
   2.2425644e-02
  -8.6733192e-03
  -6.2890286e-03
   0.0000000e+00
   0.0000000e+00
   0.0000000e+00
   0.0000000e+00
   1.4479211e-02
   1.5759064e-02
   1.9718980e-02
   2.3203442e-02
   2.5058694e-02
   2.4001423e-02
   1.8970862e-02
   1.3157031e-02
   1.8248693e-03
   0.0000000e+00
   0.0000000e+00
  -2.0112649e-03
  -6.6427509e-03
   0.0000000e+00
  -9.1113598e-03
  -1.0101817e-02
  -1.0191053e-02
  -1.1250303e-02
  -1.2069852e-02
  -1.2283579e-02
  -1.1347326e-02
  -8.9030936e-03
  -4.6641664e-03
   6.3443906e-04
   5.4974700e-03
   9.9134352e-03
   1.3750399e-02
   1.6613180e-02
   1.7515510e-02
   7.2176536e-03
  -6.4409667e-03
  -2.6712064e-03
   0.0000000e+00
   0.0000000e+00
   0.0000000e+00
   0.0000000e+00
   1.2010132e-02
   1.1473203e-02
   1.3345743e-02
   1.5932569e-02
   1.6619623e-02
   1.4949664e-02
   1.0879831e-02
   5.9798644e-03
  -3.5404008e-03
  -6.1542764e-03
   0.0000000e+00
  -1.0374771e-02
  -1.4545536e-02
   0.0000000e+00
  -5.5668510e-03
  -5.7978935e-03
  -5.5117694e-03
  -5.9530225e-03
  -6.5976485e-03
  -7.1291854e-03
  -6.8699258e-03
  -5.4995220e-03
  -3.0414214e-03
   1.2541225e-04
   3.1103891e-03
   5.8165419e-03
   8.1805121e-03
   9.7164975e-03
   8.6064422e-03
   4.0070405e-04
  -5.1008076e-03
   0.0000000e+00
  -0.0000000e+00
  -0.0000000e+00
   0.0000000e+00
   3.7053115e-03
   1.0947036e-02
   9.4400531e-03
   7.7996156e-03
   9.5164299e-03
   9.7459012e-03
   8.2034794e-03
   5.0652086e-03
   6.2185367e-04
  -6.9098837e-03
  -8.2544498e-03
  -0.0000000e+00
  -1.3349107e-02
  -1.6024912e-02
  -1.1668116e-03
   2.3841329e-03
   3.3789150e-03
   4.3365755e-03
   4.9028484e-03
   5.4324654e-03
   5.6694451e-03
   6.0484803e-03
   6.8207505e-03
   7.4016131e-03
   7.7747423e-03
   7.9820035e-03
   8.1291524e-03
   8.0341873e-03
   6.8424764e-03
   2.0948441e-03
  -5.6337489e-03
  -7.8880084e-03
  -1.1937972e-02
  -1.3195417e-02
  -1.8356574e-02
  -3.0411001e-03
   8.3650434e-03
   1.2081396e-02
   1.3242760e-02
   6.8686226e-03
   7.3561776e-03
   6.3761004e-03
   4.7162244e-03
   2.3045714e-03
  -1.5869260e-03
  -1.0866946e-02
  -1.8385982e-02
  -1.9149147e-02
  -1.0588031e-02
  -9.2533594e-03
   5.4346997e-04
   6.3080955e-03
   8.7342039e-03
   1.0212979e-02
   1.1271350e-02
   1.2362971e-02
   1.2873013e-02
   1.2766920e-02
   1.2484974e-02
   1.1319871e-02
   9.3795024e-03
   7.1853590e-03
   4.6270080e-03
   1.4006286e-03
  -2.7715745e-03
  -8.0109751e-03
  -1.1615574e-02
  -1.1624639e-02
  -1.1599941e-02
  -1.2163072e-02
  -1.3125472e-02
  -4.1657225e-03
   4.3380903e-03
   7.2195665e-03
   1.1931860e-02
   1.4734588e-03
   1.7516818e-03
   8.7941461e-04
  -3.3746351e-04
  -2.1448014e-03
  -4.8350496e-03
  -1.2548621e-02
  -1.6011750e-02
  -1.4952339e-02
  -1.3595083e-02
  -9.2369998e-03
  -2.8398461e-03
   1.6994264e-03
   5.2642706e-03
   6.9662002e-03
   7.9128630e-03
   8.5939690e-03
   8.4208250e-03
   7.0561268e-03
   5.4175882e-03
   2.8718526e-03
  -5.8011274e-04
  -4.0771812e-03
  -8.0255885e-03
  -1.2774509e-02
  -1.7329052e-02
  -2.0706359e-02
  -2.1182248e-02
  -1.7796254e-02
  -1.4443236e-02
  -1.3688399e-02
  -1.1899334e-02
  -6.9509866e-03
  -4.4644144e-03
  -3.7820670e-03
   6.1296652e-03
  -0.0000000e+00
  -6.3876011e-03
  -7.1857311e-03
  -8.1758965e-03
  -9.4641587e-03
  -1.0175304e-02
  -1.8876057e-02
  -1.9010516e-02
  -1.9554717e-02
  -2.1567037e-02
  -1.9453725e-02
  -1.6249318e-02
  -1.3151038e-02
  -8.7331785e-03
  -5.6743710e-03
  -3.4626587e-03
  -2.0744477e-03
  -1.6110048e-03
  -2.8073378e-03
  -4.7857109e-03
  -7.8433156e-03
  -1.2133365e-02
  -1.6665054e-02
  -2.1570683e-02
  -2.7228273e-02
  -3.2343533e-02
  -3.6286239e-02
  -3.7349049e-02
  -3.2514442e-02
  -2.4197552e-02
  -1.6902139e-02
  -1.2696671e-02
  -1.0258378e-02
  -1.0575688e-02
  -1.5788899e-02
  -2.1968359e-02
  -1.4231201e-02
  -1.4608999e-02
  -1.6129464e-02
  -1.7592994e-02
  -1.9061679e-02
  -1.8992094e-02
  -2.6473371e-02
  -2.5919888e-02
  -2.6078431e-02
  -2.7027752e-02
  -2.8189819e-02
  -2.8477134e-02
  -2.8453710e-02
  -2.5958611e-02
  -2.2105642e-02
  -1.7150521e-02
  -1.2903256e-02
  -9.6323090e-03
  -8.6028837e-03
  -9.4559165e-03
  -1.2128563e-02
  -1.6764335e-02
  -2.1648308e-02
  -2.6937064e-02
  -3.3512115e-02
  -4.0521760e-02
  -4.7486313e-02
  -5.2425466e-02
  -5.0098579e-02
  -3.8921390e-02
  -2.3704737e-02
  -1.4949144e-02
  -1.1847761e-02
  -1.1411641e-02
  -1.2019127e-02
  -1.2660320e-02
  -1.7650029e-02
  -2.0681107e-02
  -2.3054916e-02
  -2.5507702e-02
  -2.7867762e-02
  -2.8026866e-02
  -3.2177098e-02
  -3.1328131e-02
  -3.0444097e-02
  -2.8478917e-02
  -2.9699458e-02
  -3.1723440e-02
  -3.4346972e-02
  -3.5584271e-02
  -3.4899563e-02
  -3.0674405e-02
  -2.4770098e-02
  -1.8373031e-02
  -1.3887065e-02
  -1.2130062e-02
  -1.2978764e-02
  -1.6770877e-02
  -2.1331448e-02
  -2.6189649e-02
  -3.2593381e-02
  -4.0091131e-02
  -4.8833549e-02
  -5.7130709e-02
  -5.9276149e-02
  -5.0340358e-02
  -2.9833389e-02
  -1.6196838e-02
  -1.2462087e-02
  -1.1780953e-02
  -1.2482759e-02
  -1.5273283e-02
  -2.0835849e-02
  -2.4362342e-02
  -2.6897278e-02
  -2.9530743e-02
  -3.2586507e-02
  -3.3843976e-02
  -3.5031281e-02
  -3.3902243e-02
  -3.2146629e-02
  -2.8689705e-02
  -2.8399875e-02
  -2.9901916e-02
  -3.2458410e-02
  -3.5395239e-02
  -3.8149510e-02
  -3.8128775e-02
  -3.4710031e-02
  -2.8401930e-02
  -2.1535670e-02
  -1.6460521e-02
  -1.3726906e-02
  -1.5004049e-02
  -1.8346179e-02
  -2.2183334e-02
  -2.7235247e-02
  -3.3185698e-02
  -4.0946506e-02
  -5.0426550e-02
  -5.7437018e-02
  -5.5191074e-02
  -3.4035166e-02
  -1.3318359e-02
  -1.1294063e-02
  -1.0275341e-02
  -1.1731295e-02
  -1.5690731e-02
  -2.1548327e-02
  -2.5881261e-02
  -2.8062392e-02
  -2.9952412e-02
  -3.2879323e-02
  -3.5344586e-02
  -3.2599177e-02
  -3.2110557e-02
  -3.0556345e-02
  -2.7108259e-02
  -2.5597749e-02
  -2.5725754e-02
  -2.7019544e-02
  -2.9692439e-02
  -3.3153992e-02
  -3.5366252e-02
  -3.5620175e-02
  -3.2368738e-02
  -2.6698694e-02
  -2.0634528e-02
  -1.5348477e-02
  -1.3570754e-02
  -1.4911731e-02
  -1.7351350e-02
  -2.0462265e-02
  -2.3891024e-02
  -2.8743766e-02
  -3.6798790e-02
  -4.7555234e-02
  -5.3737611e-02
  -4.0410628e-02
  -7.1216957e-03
  -7.5297910e-03
  -5.3974455e-03
  -6.4588995e-03
  -1.2163470e-02
  -1.8174769e-02
  -2.3584904e-02
  -2.5856614e-02
  -2.6655579e-02
  -2.8628021e-02
  -3.1392317e-02
  -2.6531126e-02
  -2.7073165e-02
  -2.6550367e-02
  -2.3809042e-02
  -2.1643441e-02
  -2.0951057e-02
  -2.1150185e-02
  -2.3001133e-02
  -2.5888003e-02
  -2.7854882e-02
  -2.9273881e-02
  -2.8434683e-02
  -2.5528586e-02
  -2.0492805e-02
  -1.5331928e-02
  -1.1993703e-02
  -1.1686937e-02
  -1.3158521e-02
  -1.4919644e-02
  -1.6668849e-02
  -1.9063270e-02
  -2.4541181e-02
  -3.6811758e-02
  -5.3349838e-02
  -3.5538992e-02
  -6.3664168e-03
  -3.9880219e-03
   3.3863056e-03
   1.7174757e-03
  -5.1540164e-03
  -1.1604753e-02
  -1.7248988e-02
  -2.0560462e-02
  -2.1252519e-02
  -2.2425313e-02
  -2.4657400e-02
  -1.5280261e-02
  -1.6229037e-02
  -1.7140105e-02
  -1.6482582e-02
  -1.3839768e-02
  -1.2610455e-02
  -1.2629684e-02
  -1.3904816e-02
  -1.6151687e-02
  -1.7492879e-02
  -1.8358476e-02
  -1.8201884e-02
  -1.6949022e-02
  -1.4038039e-02
  -1.0364432e-02
  -7.3200939e-03
  -5.7026288e-03
  -6.3299807e-03
  -7.4581616e-03
  -8.3121331e-03
  -9.4292797e-03
  -1.2699674e-02
  -2.3366308e-02
  -5.3176947e-02
  -3.9337596e-02
   0.0000000e+00
   0.0000000e+00
   0.0000000e+00
   3.9913771e-03
   6.8143704e-03
   1.0570809e-03
  -3.6203167e-03
  -7.7113467e-03
  -9.9677444e-03
  -1.1517281e-02
  -1.3293882e-02
  -3.3438520e-03
  -3.9798315e-03
  -4.7447509e-03
  -5.3104940e-03
  -3.9327899e-03
  -2.3923537e-03
  -2.6790174e-03
  -4.1251327e-03
  -6.3790819e-03
  -7.8930324e-03
  -8.4419427e-03
  -8.3037550e-03
  -7.0785289e-03
  -4.9545894e-03
  -2.3697726e-03
  -3.0681567e-04
   9.7520300e-04
   8.2023267e-04
  -1.6486571e-05
  -7.6932474e-04
  -1.4900336e-03
  -3.7268104e-03
  -1.1459261e-02
  -3.9717916e-02
   0.0000000e+00
   0.0000000e+00
   0.0000000e+00
   0.0000000e+00
  -2.1257427e-03
   8.9757452e-03
   1.0417446e-02
   7.7497945e-03
   5.2837674e-03
   2.3254592e-03
  -4.5045146e-05
  -1.8659063e-03
   1.0211777e-02
   1.0407867e-02
   1.1143586e-02
   1.2241632e-02
   1.3289547e-02
   1.4370622e-02
   1.3887942e-02
   1.2097161e-02
   9.4486764e-03
   7.3001375e-03
   6.4313696e-03
   6.6261897e-03
   7.7115726e-03
   9.2969229e-03
   1.0810409e-02
   1.1548430e-02
   1.1887874e-02
   1.1465030e-02
   1.0719813e-02
   1.0484675e-02
   1.0871851e-02
   1.0794410e-02
   6.7233965e-03
  -8.9203231e-03
   4.8083231e-04
   0.0000000e+00
   0.0000000e+00
   0.0000000e+00
  -1.8271908e-02
  -6.5567372e-03
   6.7400532e-03
   1.0358184e-02
   1.3070004e-02
   1.2636274e-02
   1.1173137e-02
   1.0187213e-02
   2.2805734e-02
   2.4296601e-02
   2.5976848e-02
   2.8046662e-02
   3.0225471e-02
   3.1716697e-02
   3.1260516e-02
   2.9213827e-02
   2.6221137e-02
   2.3766562e-02
   2.2231101e-02
   2.2224916e-02
   2.3485037e-02
   2.4873839e-02
   2.5876245e-02
   2.5250919e-02
   2.4132888e-02
   2.3115985e-02
   2.1297241e-02
   2.0515603e-02
   2.1718392e-02
   2.3845976e-02
   2.4385988e-02
   1.9914726e-02
   1.8388607e-02
   2.2771291e-02
   1.5163486e-02
  -3.9694749e-04
  -1.0657990e-02
  -1.3811212e-02
  -8.8305061e-04
   8.5730321e-03
   1.5677022e-02
   1.9822240e-02
   2.0824461e-02
   2.1449381e-02
   3.0002462e-02
   3.1509735e-02
   3.4499339e-02
   3.7730693e-02
   4.0560957e-02
   4.2440242e-02
   4.2300502e-02
   4.0405855e-02
   3.7617396e-02
   3.5183414e-02
   3.3475526e-02
   3.2806299e-02
   3.3978346e-02
   3.5253268e-02
   3.5888723e-02
   3.4816466e-02
   3.2410529e-02
   3.0132055e-02
   2.7443164e-02
   2.5594525e-02
   2.6148204e-02
   2.9254915e-02
   3.3257861e-02
   3.8437764e-02
   4.1738583e-02
   3.9010759e-02
   2.8732181e-02
   1.7726419e-02
   6.7484579e-03
  -3.4844848e-04
   3.3919034e-03
   1.0831351e-02
   1.8329523e-02
   2.4191392e-02
   2.7227813e-02
   2.8709615e-02
   2.4953673e-02
   2.6822118e-02
   2.9374855e-02
   3.3089988e-02
   3.6707042e-02
   3.9143018e-02
   3.9516091e-02
   3.8441709e-02
   3.6081139e-02
   3.3932965e-02
   3.2616133e-02
   3.1834487e-02
   3.2172285e-02
   3.2642545e-02
   3.2743447e-02
   3.1366460e-02
   2.8994489e-02
   2.5565324e-02
   2.2380330e-02
   2.0871344e-02
   2.1099141e-02
   2.4147242e-02
   2.9683841e-02
   3.7600324e-02
   4.5802828e-02
   4.7438017e-02
   4.2827703e-02
   3.2932438e-02
   2.0430747e-02
   1.0178227e-02
   5.3744614e-03
   6.6724475e-03
   1.0759809e-02
   1.5341138e-02
   1.9854925e-02
   2.2845291e-02
   1.0127125e-02
   1.2709827e-02
   1.5397351e-02
   1.8136976e-02
   2.1098346e-02
   2.3403417e-02
   2.4216712e-02
   2.4427643e-02
   2.2829626e-02
   2.0847384e-02
   1.9344790e-02
   1.8454595e-02
   1.8274045e-02
   1.7654790e-02
   1.6956721e-02
   1.5283765e-02
   1.2852426e-02
   1.0426600e-02
   8.4579596e-03
   7.8333151e-03
   8.3887316e-03
   1.1537711e-02
   1.7347192e-02
   2.4066539e-02
   3.1626713e-02
   3.6228776e-02
   3.6160823e-02
   3.0540790e-02
   2.1055991e-02
   1.1364877e-02
   3.4110739e-03
  -3.4345302e-04
  -1.1855104e-03
   7.5132115e-04
   3.9951196e-03
   7.5222701e-03
  -2.9050549e-03
  -1.2498484e-03
   7.2425290e-04
   2.9478057e-03
   4.9525200e-03
   6.0762553e-03
   7.0519429e-03
   7.4942047e-03
   7.1020680e-03
   6.2655257e-03
   5.5544230e-03
   4.8726127e-03
   4.7629327e-03
   4.2956611e-03
   3.5553803e-03
   2.2437188e-03
   3.2460299e-04
  -6.9393398e-04
  -9.9620887e-04
  -7.1221972e-04
   4.5378511e-06
   2.4531570e-03
   6.3527731e-03
   1.0633760e-02
   1.4485301e-02
   1.7682802e-02
   1.8700127e-02
   1.6894439e-02
   1.2580969e-02
   6.8868604e-03
   1.0971170e-03
  -3.7189774e-03
  -6.9282558e-03
  -7.6019173e-03
  -6.8833713e-03
  -5.0951154e-03
  -3.1920169e-03
  -2.8032283e-03
  -2.0143182e-03
  -9.7003200e-04
   1.5517143e-04
   1.3837725e-03
   2.5342511e-03
   3.1434781e-03
   3.3827289e-03
   3.5222546e-03
   3.6451031e-03
   3.7163077e-03
   3.7071363e-03
   3.4117649e-03
   2.8384952e-03
   1.8962483e-03
   9.7072123e-04
   3.9483435e-04
   2.8392589e-04
   8.7764187e-04
   1.7966431e-03
   2.8983499e-03
   4.2411385e-03
   5.8626616e-03
   7.5220125e-03
   9.0212289e-03
   1.0073119e-02
   1.0198232e-02
   9.3577713e-03
   7.6599937e-03
   4.9297724e-03
   2.0222817e-03
  -3.1237975e-04
  -1.7322914e-03
  -2.6520368e-03
  -3.1755712e-03
