   0.0000000e+00
   0.0000000e+00
   0.0000000e+00
   0.0000000e+00
   0.0000000e+00
   0.0000000e+00
   0.0000000e+00
   0.0000000e+00
   0.0000000e+00
   0.0000000e+00
   0.0000000e+00
   0.0000000e+00
   0.0000000e+00
   0.0000000e+00
   0.0000000e+00
   0.0000000e+00
   0.0000000e+00
   0.0000000e+00
   9.9567675e-02
   4.7093278e-02
   1.9088264e-02
   1.2922825e-02
   8.8583816e-03
  -3.6682847e-03
  -2.5154050e-02
   0.0000000e+00
   0.0000000e+00
   0.0000000e+00
   0.0000000e+00
   0.0000000e+00
   0.0000000e+00
   0.0000000e+00
   0.0000000e+00
   0.0000000e+00
   0.0000000e+00
   0.0000000e+00
   0.0000000e+00
   0.0000000e+00
   0.0000000e+00
   0.0000000e+00
   0.0000000e+00
   0.0000000e+00
   0.0000000e+00
   0.0000000e+00
   0.0000000e+00
   0.0000000e+00
   0.0000000e+00
   0.0000000e+00
   0.0000000e+00
   0.0000000e+00
   0.0000000e+00
   0.0000000e+00
   0.0000000e+00
   3.7992692e-02
   5.8997237e-02
   3.2120705e-02
   1.8154605e-02
   0.0000000e+00
   0.0000000e+00
  -0.0000000e+00
  -5.1352786e-03
  -6.0801534e-03
  -6.3037300e-03
   0.0000000e+00
   0.0000000e+00
   0.0000000e+00
   0.0000000e+00
   0.0000000e+00
   0.0000000e+00
   0.0000000e+00
   0.0000000e+00
   0.0000000e+00
   0.0000000e+00
   0.0000000e+00
   0.0000000e+00
   0.0000000e+00
   0.0000000e+00
   0.0000000e+00
   0.0000000e+00
   0.0000000e+00
   0.0000000e+00
   0.0000000e+00
   6.1314642e-03
   5.9856777e-03
   9.3988588e-03
   6.4219295e-03
   1.1793487e-02
   1.0630150e-02
   1.2249566e-02
   1.9123070e-02
   2.0177371e-02
   1.2133799e-02
   0.0000000e+00
   0.0000000e+00
   0.0000000e+00
   0.0000000e+00
  -2.7891955e-04
  -3.2005674e-03
  -6.4080183e-03
  -9.6180086e-03
   0.0000000e+00
   1.0083594e-02
   1.3519005e-02
   2.2428182e-02
   0.0000000e+00
   0.0000000e+00
   0.0000000e+00
   0.0000000e+00
   0.0000000e+00
   0.0000000e+00
   0.0000000e+00
   0.0000000e+00
   0.0000000e+00
   0.0000000e+00
   0.0000000e+00
   0.0000000e+00
   0.0000000e+00
   1.1138723e-02
   5.2563197e-03
   1.6718314e-03
  -2.1547695e-03
   0.0000000e+00
   5.0440370e-03
   2.4685700e-04
  -6.8302676e-03
  -3.0896841e-03
  -1.0226295e-04
  -1.1080625e-03
  -8.8965299e-03
  -2.6023190e-02
  -1.1003795e-02
  -6.2324493e-03
  -7.9425993e-03
  -1.0047503e-02
  -9.7852182e-03
  -1.0478463e-02
  -4.2785105e-03
   1.7303356e-03
   9.0125825e-03
   1.4708892e-02
   8.3824184e-03
  -2.4009731e-03
   0.0000000e+00
   0.0000000e+00
   0.0000000e+00
   0.0000000e+00
   0.0000000e+00
   0.0000000e+00
   0.0000000e+00
   0.0000000e+00
   0.0000000e+00
   0.0000000e+00
   2.6608132e-03
   1.4562919e-03
  -2.6449661e-03
  -5.5823851e-03
  -4.2399098e-03
  -6.4090007e-03
  -1.5096631e-02
  -1.4616393e-02
  -1.5284613e-02
  -1.7575521e-02
  -1.3580074e-02
  -1.0949261e-02
  -1.3974494e-02
  -2.6512070e-02
  -0.0000000e+00
   1.7777137e-04
  -2.4038642e-03
  -1.0316762e-02
  -1.3959737e-02
  -1.4350831e-02
  -9.0786843e-03
  -5.9362945e-03
   3.5382795e-03
   4.2185048e-03
   3.1998510e-03
  -4.5114082e-03
  -1.1062914e-02
   0.0000000e+00
  -7.2928783e-03
   0.0000000e+00
   0.0000000e+00
   0.0000000e+00
   0.0000000e+00
   0.0000000e+00
   0.0000000e+00
   0.0000000e+00
  -7.7513247e-03
  -4.8272315e-03
  -4.9820799e-03
  -4.9858079e-03
  -1.1620807e-02
  -1.2669158e-02
  -2.1567813e-02
  -2.1579660e-02
  -2.1788388e-02
  -2.2081512e-02
  -1.9493266e-02
  -1.6210969e-02
  -1.4242891e-02
  -4.7277541e-03
   0.0000000e+00
   0.0000000e+00
   3.7262802e-03
  -3.9775856e-03
  -1.2323035e-02
  -1.8575608e-02
  -1.6094861e-02
  -1.1818844e-02
  -7.1779745e-03
  -5.4749161e-03
  -2.2158192e-03
  -1.0207729e-02
  -1.3462011e-02
  -7.5398323e-03
  -2.9006380e-03
  -4.6212508e-03
  -1.5246619e-02
  -1.5334149e-02
  -3.5181319e-03
   0.0000000e+00
   0.0000000e+00
   0.0000000e+00
  -1.0836567e-02
  -2.7222421e-03
  -1.0879920e-03
  -9.1032936e-03
  -1.4958123e-02
  -1.8699037e-02
  -2.1610485e-02
  -2.1707039e-02
  -2.1342071e-02
  -2.0064343e-02
  -1.7415019e-02
  -1.4105784e-02
  -9.1503477e-03
   4.2391345e-03
   9.5198897e-03
   1.6637575e-02
   0.0000000e+00
  -2.1294483e-03
  -1.3996342e-02
  -2.0884220e-02
  -1.8716183e-02
  -1.1824862e-02
  -1.0456196e-02
  -8.1771419e-03
  -9.2906598e-03
  -1.2609223e-02
  -1.2431304e-02
  -5.6009740e-03
   6.5693982e-03
   8.9520775e-04
  -8.5687973e-03
  -7.6542488e-03
   2.3125990e-03
   0.0000000e+00
   0.0000000e+00
   0.0000000e+00
  -1.2587950e-02
  -1.9416516e-03
  -5.5804234e-03
  -1.2773309e-02
  -1.2427505e-02
  -1.4292417e-02
  -1.4929216e-02
  -1.4018675e-02
  -1.3591003e-02
  -1.2802020e-02
  -1.0352772e-02
  -7.0157181e-03
  -1.3466891e-03
   1.1498562e-02
   1.7702796e-02
   2.1347104e-02
   2.2661711e-02
  -6.1709052e-03
  -1.7996605e-02
  -2.1848788e-02
  -1.7521990e-02
  -1.0125864e-02
  -6.1089976e-03
  -3.7224530e-03
  -7.6696654e-03
  -8.7760201e-03
  -3.7180774e-03
   3.8500176e-04
   7.3879983e-03
   1.8954277e-03
  -2.1801379e-03
   1.6122437e-03
   1.5910340e-02
   0.0000000e+00
   0.0000000e+00
  -1.5592634e-02
  -1.0011479e-02
  -4.5755042e-03
  -8.7081613e-03
  -9.8843947e-03
  -6.6042491e-03
  -5.3396458e-03
  -4.4874372e-03
  -4.6913363e-03
  -5.7157497e-03
  -5.8324244e-03
  -4.0400284e-03
   1.8178826e-04
   1.0104772e-02
   0.0000000e+00
   2.1276160e-02
   2.7733108e-02
   0.0000000e+00
  -0.0000000e+00
  -1.9476399e-02
  -1.8926522e-02
  -1.3132572e-02
  -5.0268718e-03
  -1.0207707e-04
   2.2181673e-03
  -2.0566022e-04
   3.4927388e-04
   1.2179316e-02
   0.0000000e+00
   0.0000000e+00
  -2.8012541e-03
   3.0558687e-04
   1.1933420e-02
   2.9994506e-02
   0.0000000e+00
   0.0000000e+00
  -1.5008921e-02
  -8.1674997e-03
  -3.9730910e-03
  -3.5870711e-03
  -4.2898342e-04
   2.6798637e-03
   4.0066200e-03
   3.1840904e-03
   1.4116790e-03
  -7.5028487e-04
  -1.1028650e-03
   9.0244564e-04
   6.7031104e-03
   2.0620714e-02
   0.0000000e+00
   2.8639463e-02
   0.0000000e+00
   0.0000000e+00
   0.0000000e+00
  -1.9594614e-02
  -1.8153569e-02
  -8.7866373e-03
   1.1251202e-03
   6.0188123e-03
   7.3916153e-03
   6.4019966e-03
   9.3002561e-03
   2.6495969e-02
   4.5979301e-02
   0.0000000e+00
  -7.4900090e-03
   3.8800808e-03
   2.7276572e-02
   4.5429983e-02
   0.0000000e+00
   0.0000000e+00
  -1.5279410e-02
  -3.4397170e-03
   3.1774720e-03
   5.7720393e-03
   7.6871458e-03
   9.1256274e-03
   8.7904995e-03
   6.4015067e-03
   3.6980410e-03
   1.6196446e-03
   1.9118509e-03
   5.2508608e-03
   1.2821385e-02
   2.4615242e-02
   2.0296113e-02
   3.3325195e-02
   0.0000000e+00
   0.0000000e+00
   0.0000000e+00
  -0.0000000e+00
  -1.8487859e-02
  -5.6006038e-03
   6.9709690e-03
   1.1640427e-02
   1.2276758e-02
   1.1576016e-02
   1.6897119e-02
   3.5516709e-02
   4.8293642e-02
   0.0000000e+00
   0.0000000e+00
   1.2978368e-02
   4.7186620e-02
   0.0000000e+00
   0.0000000e+00
   0.0000000e+00
  -9.4801473e-03
   5.2083535e-03
   1.0430898e-02
   1.1721549e-02
   1.1995785e-02
   1.1860652e-02
   9.8034786e-03
   6.8184193e-03
   4.4066384e-03
   3.5781118e-03
   5.4670125e-03
   1.0491228e-02
   1.8550631e-02
   2.6705667e-02
   2.9055018e-02
   4.6619285e-02
   5.9424397e-02
   0.0000000e+00
   0.0000000e+00
   0.0000000e+00
  -1.5837445e-02
  -2.5064405e-03
   1.1769413e-02
   1.5542308e-02
   1.5684545e-02
   1.6226923e-02
   2.4225460e-02
   4.1122157e-02
   4.7063525e-02
   2.6538221e-02
   0.0000000e+00
   2.4795846e-02
   5.7941181e-02
   0.0000000e+00
   0.0000000e+00
   0.0000000e+00
  -1.4252868e-03
   1.0613329e-02
   1.3196873e-02
   1.3190499e-02
   1.2447061e-02
   1.1257402e-02
   8.5303374e-03
   5.9328736e-03
   4.8036180e-03
   5.5514933e-03
   9.2187990e-03
   1.5411696e-02
   2.3759687e-02
   3.1886518e-02
   4.1816190e-02
   5.4744708e-02
   5.9424397e-02
   0.0000000e+00
   0.0000000e+00
   0.0000000e+00
  -0.0000000e+00
   1.5825406e-03
   1.3812011e-02
   1.6711466e-02
   1.7454563e-02
   2.0718671e-02
   3.0515620e-02
   4.3913331e-02
   4.0992741e-02
   1.4909991e-02
   0.0000000e+00
   0.0000000e+00
   5.4153049e-02
   5.3518872e-02
   0.0000000e+00
  -0.0000000e+00
   3.6022291e-03
   1.1514747e-02
   1.1943283e-02
   1.1284238e-02
   1.0332067e-02
   8.8864584e-03
   6.8145446e-03
   5.4252353e-03
   5.8677089e-03
   8.3845565e-03
   1.3687488e-02
   2.0820530e-02
   2.9159773e-02
   3.7318576e-02
   5.1884703e-02
   0.0000000e+00
   2.9829689e-02
   0.0000000e+00
   0.0000000e+00
   0.0000000e+00
   0.0000000e+00
   8.0831930e-03
   1.4536094e-02
   1.7379243e-02
   1.9831557e-02
   2.5770059e-02
   3.4820341e-02
   4.1552387e-02
   3.2347687e-02
   1.5932329e-02
   0.0000000e+00
   0.0000000e+00
   3.8829334e-02
   1.4366356e-02
   0.0000000e+00
  -0.0000000e+00
   1.2835761e-03
   7.2199199e-03
   7.1563744e-03
   6.8582627e-03
   6.5400363e-03
   6.0557621e-03
   5.6065312e-03
   5.8997511e-03
   7.7595636e-03
   1.1356818e-02
   1.7036829e-02
   2.3579510e-02
   3.0074880e-02
   3.7274674e-02
   5.0064635e-02
   0.0000000e+00
   9.1811727e-03
  -3.7782718e-03
   0.0000000e+00
   0.0000000e+00
   0.0000000e+00
   1.1449141e-02
   1.5461332e-02
   1.8570850e-02
   2.2398258e-02
   2.8357713e-02
   3.3800043e-02
   3.4688450e-02
   2.5126137e-02
   1.3482617e-02
   0.0000000e+00
   0.0000000e+00
   2.3217772e-02
   5.4963824e-03
   0.0000000e+00
  -0.0000000e+00
  -3.1274704e-03
  -7.1529427e-04
  -9.2053018e-04
  -1.0776393e-03
  -8.9217676e-04
  -2.1090635e-04
   1.0725502e-03
   3.5736281e-03
   7.3879664e-03
   1.2183977e-02
   1.7756429e-02
   2.2920571e-02
   2.7334947e-02
   3.2824174e-02
   3.8348764e-02
   3.2802500e-02
  -4.9423184e-03
  -8.0519155e-03
   0.0000000e+00
   0.0000000e+00
   0.0000000e+00
   1.5375511e-02
   1.5430813e-02
   1.9011889e-02
   2.3256926e-02
   2.7298301e-02
   2.9246502e-02
   2.7029544e-02
   1.9494576e-02
   7.2594010e-03
   3.3658010e-03
   0.0000000e+00
   9.9222907e-03
  -1.3583189e-03
   0.0000000e+00
  -8.5704926e-03
  -9.1235628e-03
  -8.9554340e-03
  -9.6330093e-03
  -1.0406896e-02
  -1.0651404e-02
  -9.8788040e-03
  -8.0096871e-03
  -4.0678247e-03
   1.1035870e-03
   6.5752137e-03
   1.1878575e-02
   1.6229808e-02
   1.9835848e-02
   2.3287727e-02
   2.1820277e-02
  -3.6139669e-04
  -6.1071619e-03
  -3.6717841e-03
   0.0000000e+00
   0.0000000e+00
   0.0000000e+00
   1.4782862e-02
   1.2824602e-02
   1.5215272e-02
   1.8898960e-02
   2.0995962e-02
   2.0921525e-02
   1.7854545e-02
   1.2258939e-02
   1.8842335e-04
  -3.3012952e-03
   0.0000000e+00
  -1.4722208e-03
  -1.0781160e-02
   0.0000000e+00
  -7.7562537e-03
  -8.2485806e-03
  -8.3595216e-03
  -8.9121373e-03
  -9.7845960e-03
  -1.0618586e-02
  -1.0640964e-02
  -9.6626170e-03
  -6.8845605e-03
  -3.0513838e-03
   1.0053233e-03
   4.9926583e-03
   8.3480138e-03
   1.1012362e-02
   1.2288807e-02
   8.2562403e-03
  -2.2228861e-03
  -5.6384279e-03
   0.0000000e+00
  -0.0000000e+00
   0.0000000e+00
  -2.9440073e-03
   1.1211681e-02
   1.0053340e-02
   9.1126175e-03
   1.0772499e-02
   1.2126613e-02
   1.1553721e-02
   9.0264324e-03
   4.6495218e-03
  -3.1335428e-03
  -5.9661198e-03
   0.0000000e+00
  -1.2568669e-02
  -1.5281960e-02
   0.0000000e+00
  -1.6494862e-03
  -1.5954911e-03
  -8.6308178e-04
  -5.7530671e-04
  -5.8819889e-04
  -7.9288561e-04
  -8.3954819e-04
  -2.0296546e-04
   1.1760988e-03
   2.7879593e-03
   4.4744955e-03
   6.1478503e-03
   7.4988222e-03
   8.4800273e-03
   7.6166959e-03
   1.7839454e-03
  -5.5380384e-03
  -5.6814073e-03
  -1.2364705e-02
  -1.7684755e-02
   0.0000000e+00
   4.3376197e-04
   1.1221445e-02
   1.1604873e-02
   8.9013660e-03
   7.8518949e-03
   8.2885493e-03
   7.3044579e-03
   5.1791449e-03
   1.6077183e-03
  -5.5975601e-03
  -1.0567459e-02
  -2.5398483e-02
  -1.7118625e-02
  -1.2717505e-02
  -6.9648856e-03
   3.1427417e-03
   5.5340698e-03
   7.0755844e-03
   8.0855745e-03
   8.9911652e-03
   9.8306530e-03
   1.0166629e-02
   1.0659843e-02
   1.0901015e-02
   1.0450116e-02
   9.5932747e-03
   8.5181194e-03
   7.2706234e-03
   5.4425455e-03
   1.1990419e-03
  -5.2116069e-03
  -9.7050427e-03
  -8.9674071e-03
  -1.1369263e-02
  -1.4454673e-02
  -1.0691461e-02
   2.7012787e-03
   1.0050852e-02
   1.2565889e-02
   9.5436251e-03
   5.2465984e-03
   4.9608011e-03
   3.8042548e-03
   2.0661522e-03
  -7.2152351e-04
  -9.0668881e-03
  -1.6378493e-02
  -1.6543505e-02
  -1.2905322e-02
  -1.0366852e-02
  -3.5175025e-03
   3.2096440e-03
   7.2491462e-03
   9.4507085e-03
   1.0595850e-02
   1.1539704e-02
   1.2247188e-02
   1.1809477e-02
   1.0918828e-02
   9.3231779e-03
   6.8401471e-03
   4.0458445e-03
   6.9245824e-04
  -3.1724668e-03
  -7.6348428e-03
  -1.2583256e-02
  -1.5432826e-02
  -1.5229252e-02
  -1.2284307e-02
  -1.2477656e-02
  -1.3305568e-02
  -9.0478612e-03
  -1.9647449e-03
   5.9955008e-04
   4.4952325e-03
   0.0000000e+00
  -1.9212476e-03
  -2.7502864e-03
  -3.5290362e-03
  -4.8761461e-03
  -6.4612208e-03
  -1.4701446e-02
  -1.5869414e-02
  -1.6504712e-02
  -1.7517826e-02
  -1.6469728e-02
  -1.1402754e-02
  -7.6712007e-03
  -3.4785878e-03
  -8.7007415e-05
   1.5763275e-03
   2.5960652e-03
   3.0896850e-03
   2.1892323e-03
   4.1689543e-04
  -2.0694088e-03
  -5.5538421e-03
  -9.5622782e-03
  -1.4001941e-02
  -1.8783571e-02
  -2.3698473e-02
  -2.7986862e-02
  -2.9889960e-02
  -2.8192973e-02
  -2.1468606e-02
  -1.7015021e-02
  -1.3587317e-02
  -1.0493953e-02
  -8.2666697e-03
  -1.0177941e-02
  -1.1812876e-02
  -2.5571367e-02
  -1.0403229e-02
  -1.1766817e-02
  -1.2786343e-02
  -1.4056651e-02
  -1.4818253e-02
  -2.2797562e-02
  -2.2380907e-02
  -2.2147320e-02
  -2.3764880e-02
  -2.4810970e-02
  -2.3561088e-02
  -2.2110194e-02
  -1.9101093e-02
  -1.4803817e-02
  -1.1101706e-02
  -8.1219757e-03
  -5.8705686e-03
  -5.3467909e-03
  -6.4569889e-03
  -8.7907370e-03
  -1.2642177e-02
  -1.7251823e-02
  -2.2417575e-02
  -2.8023209e-02
  -3.4059200e-02
  -4.0142193e-02
  -4.4268247e-02
  -4.4219885e-02
  -3.5992518e-02
  -2.5031157e-02
  -1.6108660e-02
  -1.2133620e-02
  -1.0745775e-02
  -1.2335667e-02
  -1.3597566e-02
  -1.6675748e-02
  -1.6736687e-02
  -1.8665330e-02
  -2.0626860e-02
  -2.2550400e-02
  -2.3704542e-02
  -3.0298710e-02
  -2.8904090e-02
  -2.8615719e-02
  -2.8000266e-02
  -2.8534453e-02
  -3.0054664e-02
  -3.1802025e-02
  -3.2470491e-02
  -3.0767336e-02
  -2.6561406e-02
  -2.1206416e-02
  -1.5541761e-02
  -1.1734801e-02
  -1.0489388e-02
  -1.1327094e-02
  -1.4762496e-02
  -1.9398883e-02
  -2.4540640e-02
  -3.0231163e-02
  -3.7127201e-02
  -4.5475211e-02
  -5.3085924e-02
  -5.7209108e-02
  -5.1536631e-02
  -3.6026377e-02
  -2.0191813e-02
  -1.3511474e-02
  -1.1574512e-02
  -1.2033458e-02
  -1.2212614e-02
  -1.6785217e-02
  -2.1133885e-02
  -2.3949100e-02
  -2.6493529e-02
  -2.9213294e-02
  -3.1322334e-02
  -3.5190463e-02
  -3.3791542e-02
  -3.2780912e-02
  -3.0132150e-02
  -2.8634120e-02
  -3.0087283e-02
  -3.2633174e-02
  -3.5299897e-02
  -3.7799291e-02
  -3.7663426e-02
  -3.4242865e-02
  -2.7656928e-02
  -2.0856878e-02
  -1.6030287e-02
  -1.3300360e-02
  -1.4237991e-02
  -1.7690741e-02
  -2.2087444e-02
  -2.6958842e-02
  -3.3102587e-02
  -4.1203439e-02
  -5.0238021e-02
  -5.8101051e-02
  -5.8706868e-02
  -4.4496346e-02
  -2.1646382e-02
  -1.2978530e-02
  -1.1524692e-02
  -1.1733149e-02
  -1.3959719e-02
  -1.8912330e-02
  -2.3849053e-02
  -2.6918503e-02
  -2.9064910e-02
  -3.1723715e-02
  -3.4795862e-02
  -3.4723479e-02
  -3.4215599e-02
  -3.2891005e-02
  -3.0013617e-02
  -2.7430154e-02
  -2.7558394e-02
  -2.9096531e-02
  -3.1455960e-02
  -3.5055548e-02
  -3.7557576e-02
  -3.7757736e-02
  -3.4117013e-02
  -2.8003123e-02
  -2.1753591e-02
  -1.6108500e-02
  -1.3884639e-02
  -1.5293557e-02
  -1.8335341e-02
  -2.1909043e-02
  -2.6234807e-02
  -3.1975325e-02
  -3.9728228e-02
  -4.9149867e-02
  -5.6027032e-02
  -4.7584388e-02
  -2.4910308e-02
  -9.6019886e-03
  -9.0802172e-03
  -8.4795803e-03
  -1.2271842e-02
  -1.7547153e-02
  -2.3189621e-02
  -2.6812324e-02
  -2.8116191e-02
  -2.9897459e-02
  -3.2953061e-02
  -2.9120218e-02
  -2.9840267e-02
  -2.9380905e-02
  -2.7208481e-02
  -2.4415503e-02
  -2.3337361e-02
  -2.3450763e-02
  -2.4805211e-02
  -2.7896939e-02
  -3.0617235e-02
  -3.2413460e-02
  -3.2201137e-02
  -2.9086421e-02
  -2.4083747e-02
  -1.8058238e-02
  -1.3781675e-02
  -1.2797420e-02
  -1.4174299e-02
  -1.6292872e-02
  -1.8622134e-02
  -2.1444394e-02
  -2.6220779e-02
  -3.4965064e-02
  -4.9157859e-02
  -4.8380563e-02
  -2.6928834e-02
  -5.6498916e-03
  -4.2626601e-03
  -5.2015372e-04
  -5.6211378e-03
  -1.2056589e-02
  -1.7800048e-02
  -2.2645819e-02
  -2.3722249e-02
  -2.4520659e-02
  -2.6767685e-02
  -2.0633738e-02
  -2.1869732e-02
  -2.2635998e-02
  -2.1947378e-02
  -1.9347019e-02
  -1.7512273e-02
  -1.7063646e-02
  -1.7693007e-02
  -1.9905554e-02
  -2.2079885e-02
  -2.3348559e-02
  -2.4106484e-02
  -2.2990307e-02
  -2.0303685e-02
  -1.5642006e-02
  -1.1611123e-02
  -9.2494311e-03
  -9.3695102e-03
  -1.0717322e-02
  -1.1930732e-02
  -1.3144638e-02
  -1.5667958e-02
  -2.2203771e-02
  -4.2089004e-02
  -5.2146226e-02
  -1.9076642e-02
  -0.0000000e+00
   0.0000000e+00
   5.2157482e-03
   4.2757234e-03
  -2.6949004e-03
  -8.2558589e-03
  -1.3523491e-02
  -1.5840260e-02
  -1.6842416e-02
  -1.8402480e-02
  -8.7024095e-03
  -9.9275056e-03
  -1.0911601e-02
  -1.1677423e-02
  -1.0752019e-02
  -8.4394123e-03
  -7.8993551e-03
  -8.5965423e-03
  -1.0558629e-02
  -1.2522616e-02
  -1.3298893e-02
  -1.3828565e-02
  -1.2979846e-02
  -1.1296988e-02
  -8.1930785e-03
  -5.3398469e-03
  -3.2601804e-03
  -2.5715719e-03
  -3.4690881e-03
  -4.3796166e-03
  -5.1732897e-03
  -6.7965025e-03
  -1.1300257e-02
  -3.0388812e-02
  -5.6575159e-02
  -0.0000000e+00
   0.0000000e+00
   0.0000000e+00
  -7.8536587e-04
   5.2029421e-03
   8.3101634e-03
   4.3170629e-03
   5.5120979e-04
  -2.6458222e-03
  -4.8839846e-03
  -6.7951609e-03
   3.7066238e-03
   3.1255796e-03
   3.0792831e-03
   2.9957212e-03
   3.1962981e-03
   4.6016965e-03
   5.1917036e-03
   4.1754269e-03
   1.8326112e-03
  -3.7251493e-04
  -1.4929080e-03
  -1.7941782e-03
  -1.0763070e-03
   3.2593895e-04
   2.5287331e-03
   4.2727915e-03
   5.4608262e-03
   5.8521838e-03
   5.2871325e-03
   4.6742922e-03
   4.3084477e-03
   3.7600978e-03
   1.0781250e-03
  -1.1839589e-02
  -3.2939427e-02
   0.0000000e+00
   0.0000000e+00
   0.0000000e+00
   0.0000000e+00
  -3.8489753e-03
   9.8943745e-03
   1.1431197e-02
   1.1213404e-02
   9.6586270e-03
   7.1324408e-03
   4.9699834e-03
   1.6216477e-02
   1.7213769e-02
   1.8146379e-02
   1.9658532e-02
   2.1470178e-02
   2.2991359e-02
   2.3441629e-02
   2.2140522e-02
   1.9543707e-02
   1.6941717e-02
   1.5008719e-02
   1.4542069e-02
   1.5221339e-02
   1.6532913e-02
   1.8109307e-02
   1.8620323e-02
   1.8340591e-02
   1.7853960e-02
   1.6870653e-02
   1.5905358e-02
   1.6399337e-02
   1.7601397e-02
   1.7874975e-02
   1.2319184e-02
   2.7736361e-03
   1.3080655e-02
   0.0000000e+00
  -5.3988878e-03
  -1.0321170e-02
  -1.9936860e-02
  -6.6225063e-03
   4.8014955e-03
   1.1169099e-02
   1.5365091e-02
   1.5949015e-02
   1.5760692e-02
   2.6791040e-02
   2.8208949e-02
   3.0450048e-02
   3.2951709e-02
   3.5363089e-02
   3.7756301e-02
   3.8531824e-02
   3.7410844e-02
   3.4605935e-02
   3.1802721e-02
   2.9581336e-02
   2.8570758e-02
   2.9106591e-02
   3.0642159e-02
   3.1761449e-02
   3.1856593e-02
   3.0248310e-02
   2.8411210e-02
   2.6669445e-02
   2.4383910e-02
   2.4162788e-02
   2.6321507e-02
   2.9019494e-02
   3.1329766e-02
   3.1055085e-02
   3.0769005e-02
   2.7412452e-02
   1.2856332e-02
   3.2488382e-03
  -7.3639406e-03
  -4.2191250e-03
   5.4420936e-03
   1.4353772e-02
   2.1028028e-02
   2.4344584e-02
   2.5802508e-02
   2.8493293e-02
   2.9937444e-02
   3.1950489e-02
   3.5544299e-02
   3.8973178e-02
   4.2019470e-02
   4.3045200e-02
   4.2223426e-02
   3.9847451e-02
   3.7391197e-02
   3.5592835e-02
   3.4324135e-02
   3.4212835e-02
   3.5349551e-02
   3.6160346e-02
   3.5845369e-02
   3.4041375e-02
   3.0911122e-02
   2.8001400e-02
   2.5463246e-02
   2.4438160e-02
   2.6198948e-02
   3.0120354e-02
   3.6503128e-02
   4.4151872e-02
   4.7431113e-02
   4.2872461e-02
   3.3270091e-02
   2.1680187e-02
   9.3120214e-03
   4.7439793e-03
   6.7622244e-03
   1.2939778e-02
   1.8705701e-02
   2.3632153e-02
   2.6829238e-02
   1.6780594e-02
   1.9234562e-02
   2.1761268e-02
   2.4578591e-02
   2.7995795e-02
   3.1318516e-02
   3.2958384e-02
   3.3100773e-02
   3.1882145e-02
   2.9485338e-02
   2.7796092e-02
   2.6630115e-02
   2.6350678e-02
   2.6318386e-02
   2.6214927e-02
   2.5203139e-02
   2.3296090e-02
   2.0271325e-02
   1.7066581e-02
   1.5070127e-02
   1.4608705e-02
   1.6187070e-02
   2.0660525e-02
   2.7707824e-02
   3.5959966e-02
   4.2320948e-02
   4.3142151e-02
   3.8037534e-02
   2.8377585e-02
   1.6401084e-02
   7.7359965e-03
   3.3172895e-03
   3.6082943e-03
   6.0565101e-03
   9.8615782e-03
   1.4069425e-02
   1.3736210e-03
   3.5133855e-03
   6.0499464e-03
   8.3787459e-03
   1.0839370e-02
   1.2991659e-02
   1.4057830e-02
   1.4579874e-02
   1.4439680e-02
   1.3138278e-02
   1.1783045e-02
   1.0573579e-02
   1.0158006e-02
   9.8261954e-03
   8.9933071e-03
   7.9276012e-03
   5.9682969e-03
   3.9925734e-03
   2.9269733e-03
   2.4719308e-03
   2.7025989e-03
   4.3890778e-03
   8.5989367e-03
   1.4333793e-02
   1.9937798e-02
   2.5231702e-02
   2.8107978e-02
   2.6729493e-02
   2.1211043e-02
   1.2742356e-02
   5.1465718e-03
  -7.9138664e-04
  -4.7613345e-03
  -5.4002374e-03
  -4.1158954e-03
  -1.4760878e-03
  -5.4262434e-03
  -4.3379162e-03
  -2.9797778e-03
  -1.4513042e-03
   3.0808820e-04
   1.7853247e-03
   3.1242869e-03
   4.1830670e-03
   4.4072671e-03
   4.0832628e-03
   3.7867010e-03
   3.5658376e-03
   3.3366955e-03
   3.0830060e-03
   2.4781416e-03
   1.5804315e-03
   6.8193585e-05
  -1.4417868e-03
  -2.0920853e-03
  -1.9059749e-03
  -1.1130220e-03
   5.1236479e-05
   2.0454384e-03
   5.1509817e-03
   7.8595625e-03
   1.0390297e-02
   1.2537687e-02
   1.2977211e-02
   1.1807884e-02
   8.9688385e-03
   4.9195690e-03
   5.3096877e-04
  -3.6014852e-03
  -5.6939162e-03
  -6.4497879e-03
  -6.3762791e-03
