   0.0000000e+00   0.0000000e+00   0.0000000e+00   0.0000000e+00   0.0000000e+00   0.0000000e+00   0.0000000e+00   0.0000000e+00   0.0000000e+00   0.0000000e+00   1.9017161e+00   1.8758749e+00   1.7576040e+00   1.4234792e+00   1.2571331e+00   1.0934418e+00   7.6091241e-01   7.8322207e-01   8.2574256e-01   8.8551081e-01   9.9480369e-01   1.0237193e+00   1.1572204e+00   1.2078401e+00   1.1957985e+00   1.0775750e+00   9.2234729e-01   1.1426998e+00   1.3596021e+00   0.0000000e+00   0.0000000e+00   0.0000000e+00   0.0000000e+00   0.0000000e+00   0.0000000e+00   0.0000000e+00
   0.0000000e+00   0.0000000e+00   0.0000000e+00   1.7628779e+00   1.4869154e+00   1.6047410e+00   1.7740874e+00   1.9037148e+00   1.9026923e+00   1.8858335e+00   1.9870604e+00   1.9834672e+00   1.8654649e+00   1.7234498e+00   1.8175245e+00   2.4078246e+00   2.3137030e+00   1.3020496e+00   2.2727531e+00   2.4132326e+00   2.1826316e+00   2.2122853e+00   1.7927620e+00   0.0000000e+00   0.0000000e+00   0.0000000e+00   8.2204784e-01   7.3881920e-01   0.0000000e+00   0.0000000e+00   0.0000000e+00   0.0000000e+00   0.0000000e+00   0.0000000e+00   0.0000000e+00   0.0000000e+00
   0.0000000e+00   0.0000000e+00   0.0000000e+00   1.6086918e+00   1.7945251e+00   1.8264256e+00   2.0837150e+00   2.5845473e+00   3.2096171e+00   3.7303240e+00   4.1290665e+00   4.4423018e+00   4.6842861e+00   4.8823180e+00   5.0192900e+00   5.0671926e+00   5.0017576e+00   4.8040551e+00   4.2262186e+00   3.9524300e+00   0.0000000e+00   0.0000000e+00   0.0000000e+00   0.0000000e+00   0.0000000e+00   0.0000000e+00   0.0000000e+00   0.0000000e+00   0.0000000e+00   0.0000000e+00   0.0000000e+00   0.0000000e+00   0.0000000e+00   0.0000000e+00   0.0000000e+00   0.0000000e+00
   0.0000000e+00   0.0000000e+00   0.0000000e+00   0.0000000e+00   0.0000000e+00   0.0000000e+00   2.1595478e+00   3.1548088e+00   4.2370172e+00   4.9360583e+00   5.4197068e+00   5.7609644e+00   5.9590334e+00   6.0822248e+00   6.1692791e+00   6.1136082e+00   5.9367247e+00   5.9318435e+00   4.8778180e+00   4.3696114e+00   0.0000000e+00   0.0000000e+00   0.0000000e+00   0.0000000e+00   0.0000000e+00   0.0000000e+00   0.0000000e+00   0.0000000e+00   0.0000000e+00   0.0000000e+00   0.0000000e+00   0.0000000e+00   0.0000000e+00   0.0000000e+00   0.0000000e+00   0.0000000e+00
   0.0000000e+00   0.0000000e+00   0.0000000e+00   0.0000000e+00   0.0000000e+00   0.0000000e+00   2.9510208e+00   3.5356634e+00   4.2745375e+00   4.8509655e+00   5.2720731e+00   5.5826023e+00   5.7753596e+00   5.8865216e+00   5.8663852e+00   5.6919365e+00   5.3581260e+00   4.6307291e+00   4.4033628e+00   4.3752504e+00   0.0000000e+00   0.0000000e+00   0.0000000e+00   0.0000000e+00   0.0000000e+00   0.0000000e+00   0.0000000e+00   0.0000000e+00   0.0000000e+00   0.0000000e+00   0.0000000e+00   0.0000000e+00   0.0000000e+00   0.0000000e+00   0.0000000e+00   0.0000000e+00
   0.0000000e+00   0.0000000e+00   0.0000000e+00   0.0000000e+00   0.0000000e+00   4.6584510e+00   4.4464823e+00   4.1679039e+00   3.9642551e+00   3.9735322e+00   4.1023726e+00   4.2656455e+00   4.4551707e+00   4.5399771e+00   4.4725847e+00   4.2417927e+00   3.9305511e+00   4.0186405e+00   3.2497433e+00   3.5840538e+00   3.8842533e+00   0.0000000e+00   0.0000000e+00   0.0000000e+00   0.0000000e+00   0.0000000e+00   0.0000000e+00   0.0000000e+00   0.0000000e+00   0.0000000e+00   0.0000000e+00   0.0000000e+00   0.0000000e+00   0.0000000e+00   0.0000000e+00   0.0000000e+00
   0.0000000e+00   0.0000000e+00   0.0000000e+00   0.0000000e+00   4.0187490e+00   4.1167248e+00   3.9500949e+00   3.4899895e+00   2.8839145e+00   2.4578292e+00   2.2899041e+00   2.3343678e+00   2.4345880e+00   2.5073032e+00   2.4447179e+00   2.2138147e+00   2.0051365e+00   2.0620479e+00   1.4063953e+00   2.4784427e+00   3.3198942e+00   0.0000000e+00   0.0000000e+00   0.0000000e+00   0.0000000e+00   0.0000000e+00   0.0000000e+00   0.0000000e+00   0.0000000e+00   0.0000000e+00   0.0000000e+00   0.0000000e+00   0.0000000e+00   0.0000000e+00   0.0000000e+00   0.0000000e+00
   0.0000000e+00   0.0000000e+00   0.0000000e+00   2.5253508e+00   2.6227958e+00   2.4261780e+00   2.3366165e+00   1.8865697e+00   1.4270297e+00   1.0750130e+00   8.1435049e-01   6.9332862e-01   6.7725728e-01   7.1117616e-01   6.8256050e-01   6.9243882e-01   1.2747529e+00   2.6074445e+00   2.3939648e+00   3.1697340e+00   3.0374440e+00   0.0000000e+00   0.0000000e+00   0.0000000e+00   0.0000000e+00   0.0000000e+00   0.0000000e+00   0.0000000e+00   2.3270409e+00   2.6441469e+00   2.4919004e+00   0.0000000e+00   0.0000000e+00   0.0000000e+00   0.0000000e+00   0.0000000e+00
   0.0000000e+00   0.0000000e+00   0.0000000e+00   1.5269292e+00   1.4444157e+00   1.4829462e+00   1.6645790e+00   1.8624698e+00   2.0350454e+00   2.1026103e+00   2.0859766e+00   2.0154908e+00   1.9393891e+00   1.9450577e+00   2.0630569e+00   2.3369887e+00   2.8752785e+00   3.7013988e+00   2.8158209e+00   6.9163596e+00   0.0000000e+00   0.0000000e+00   0.0000000e+00   0.0000000e+00   0.0000000e+00   1.0725457e+00   1.0611905e+00   7.0223228e-01   1.1414081e+00   1.7514911e+00   2.1154938e+00   0.0000000e+00   0.0000000e+00   0.0000000e+00   0.0000000e+00   0.0000000e+00
   0.0000000e+00   0.0000000e+00   0.0000000e+00   2.8572296e+00   2.9272358e+00   3.1243432e+00   3.4053862e+00   3.7176154e+00   3.9722066e+00   4.0849218e+00   4.0520501e+00   3.9481885e+00   3.9074898e+00   3.9826045e+00   4.2072921e+00   4.5353332e+00   4.9074736e+00   5.0019221e+00   4.6345176e+00   6.0878976e+00   0.0000000e+00   0.0000000e+00   0.0000000e+00   0.0000000e+00   0.0000000e+00   3.2403603e+00   3.2047595e+00   1.6361002e+00   1.7683218e+00   1.9568446e+00   2.1864340e+00   2.1200336e+00   1.3697673e+00   0.0000000e+00   0.0000000e+00   0.0000000e+00
   0.0000000e+00   0.0000000e+00   4.5371943e+00   4.4248595e+00   4.5787716e+00   4.7763329e+00   4.9836931e+00   5.2292223e+00   5.4157414e+00   5.4602947e+00   5.4038172e+00   5.3330903e+00   5.3113904e+00   5.4161849e+00   5.6321797e+00   5.9021964e+00   6.1361389e+00   6.1455178e+00   6.2673106e+00   6.3442990e+00   0.0000000e+00   0.0000000e+00   0.0000000e+00   0.0000000e+00   0.0000000e+00   0.0000000e+00   4.2162642e+00   3.5185478e+00   3.1816895e+00   2.8934200e+00   2.5891690e+00   2.3267307e+00   2.5983740e+00   0.0000000e+00   0.0000000e+00   0.0000000e+00
   0.0000000e+00   0.0000000e+00   5.9228739e+00   5.4160687e+00   5.6733356e+00   6.0197258e+00   6.3027725e+00   6.5792375e+00   6.7801299e+00   6.8603067e+00   6.8876991e+00   6.8859220e+00   6.8936353e+00   6.9689937e+00   7.0749865e+00   7.1782994e+00   7.1680503e+00   6.9301486e+00   6.5901880e+00   4.6094258e+00   0.0000000e+00   0.0000000e+00   0.0000000e+00   0.0000000e+00   0.0000000e+00   0.0000000e+00   0.0000000e+00   4.6338281e+00   4.2908683e+00   3.6995761e+00   2.9376097e+00   2.6756077e+00   3.1159175e+00   0.0000000e+00   0.0000000e+00   0.0000000e+00
   0.0000000e+00   0.0000000e+00   0.0000000e+00   5.7912493e+00   6.0264121e+00   6.5475550e+00   7.0105424e+00   7.3772573e+00   7.7024403e+00   7.9440994e+00   8.1254435e+00   8.2248154e+00   8.2535305e+00   8.2345457e+00   8.1306467e+00   7.8937125e+00   7.4349604e+00   6.7349730e+00   5.8046603e+00   3.7572036e+00   0.0000000e+00   0.0000000e+00   0.0000000e+00   0.0000000e+00   0.0000000e+00   0.0000000e+00   0.0000000e+00   0.0000000e+00   4.8181120e+00   3.8406518e+00   2.9167099e+00   2.5866868e+00   2.3645302e+00   0.0000000e+00   0.0000000e+00   0.0000000e+00
   0.0000000e+00   0.0000000e+00   0.0000000e+00   5.6959636e+00   5.6517467e+00   6.3131509e+00   6.8895025e+00   7.3012323e+00   7.6898646e+00   8.0220413e+00   8.3010406e+00   8.4997187e+00   8.5592489e+00   8.4693546e+00   8.1771564e+00   7.6657548e+00   6.9103141e+00   5.8627076e+00   4.5365267e+00   2.9113142e+00   1.9942745e+00   0.0000000e+00   0.0000000e+00   0.0000000e+00   0.0000000e+00   0.0000000e+00   0.0000000e+00   0.0000000e+00   5.0324579e+00   3.8209977e+00   2.7852604e+00   2.2862668e+00   1.6364183e+00   1.8547232e+00   1.9850112e+00   2.3554531e+00
   2.1573789e+00   0.0000000e+00   0.0000000e+00   0.0000000e+00   4.6643278e+00   5.3733635e+00   5.8904667e+00   6.2357764e+00   6.5215006e+00   6.7516298e+00   6.9581857e+00   7.1601176e+00   7.2886457e+00   7.2714720e+00   6.9935803e+00   6.4503665e+00   5.6343532e+00   4.4081855e+00   2.9656565e+00   2.2375047e+00   2.0288541e+00   0.0000000e+00   0.0000000e+00   0.0000000e+00   0.0000000e+00   0.0000000e+00   0.0000000e+00   0.0000000e+00   0.0000000e+00   3.5028524e+00   2.5745018e+00   1.9446297e+00   1.0950453e+00   9.6217704e-01   1.0446713e+00   1.5528333e+00
   1.3296490e+00   0.0000000e+00   0.0000000e+00   3.7261757e+00   3.9430108e+00   4.7141104e+00   5.1763220e+00   5.4677706e+00   5.6613636e+00   5.7570195e+00   5.7950501e+00   5.8119998e+00   5.8018570e+00   5.7172775e+00   5.4251485e+00   4.8803024e+00   4.0154924e+00   2.6267183e+00   1.4399281e+00   2.1838894e+00   2.3853820e+00   0.0000000e+00   0.0000000e+00   0.0000000e+00   0.0000000e+00   0.0000000e+00   0.0000000e+00   0.0000000e+00   0.0000000e+00   3.4269421e+00   2.2521021e+00   1.5225590e+00   7.7073586e-01   4.6433684e-01   5.6596249e-01   8.3879608e-01
   8.0492865e-01   1.6011770e+00   2.9886093e+00   3.6746733e+00   4.3540950e+00   5.4603243e+00   6.0848746e+00   6.4768982e+00   6.7403483e+00   6.8602886e+00   6.8791227e+00   6.8040457e+00   6.6122546e+00   6.2825589e+00   5.7212329e+00   4.9231501e+00   3.8049684e+00   2.1821990e+00   1.1088208e+00   2.2985468e+00   2.5108496e+00   0.0000000e+00   0.0000000e+00   0.0000000e+00   0.0000000e+00   0.0000000e+00   0.0000000e+00   0.0000000e+00   0.0000000e+00   3.0919132e+00   2.0929253e+00   1.2356722e+00   4.8856023e-01   2.2366035e-01   3.7917227e-01   4.8936003e-01
   8.0504903e-01   1.6230185e+00   2.8634840e+00   3.7606712e+00   5.0391225e+00   6.3289988e+00   7.0811235e+00   7.5538192e+00   7.8633142e+00   7.9998264e+00   7.9938898e+00   7.8431134e+00   7.5398665e+00   7.0723897e+00   6.3705241e+00   5.5211819e+00   4.5008091e+00   3.1917151e+00   2.3235552e+00   2.8909387e+00   3.3298598e+00   0.0000000e+00   0.0000000e+00   0.0000000e+00   0.0000000e+00   0.0000000e+00   0.0000000e+00   0.0000000e+00   0.0000000e+00   0.0000000e+00   2.0016479e+00   1.3519774e+00   6.5770165e-01   3.2998129e-01   3.5461109e-01   3.4539049e-01
   1.0259968e+00   1.7701723e+00   2.6804437e+00   3.7001405e+00   5.0495156e+00   6.2648179e+00   7.0479938e+00   7.5702429e+00   7.9272127e+00   8.1013660e+00   8.1251459e+00   7.9803634e+00   7.6627388e+00   7.1874033e+00   6.5321576e+00   5.8043277e+00   5.0226988e+00   4.1796593e+00   3.7107101e+00   3.8703537e+00   4.4520693e+00   0.0000000e+00   0.0000000e+00   0.0000000e+00   0.0000000e+00   0.0000000e+00   0.0000000e+00   0.0000000e+00   0.0000000e+00   0.0000000e+00   2.0189633e+00   1.6037713e+00   1.0007669e+00   5.3323197e-01   2.5886968e-01   4.0358670e-01
   1.1553677e+00   1.7047431e+00   2.3737175e+00   3.2894366e+00   4.3531132e+00   5.2920270e+00   5.9617243e+00   6.4536376e+00   6.8531981e+00   7.1429095e+00   7.3455763e+00   7.4548888e+00   7.4385610e+00   7.3073711e+00   7.0265431e+00   6.6304159e+00   6.1544194e+00   5.6463790e+00   5.1873999e+00   4.6194844e+00   4.4609663e+00   0.0000000e+00   0.0000000e+00   0.0000000e+00   0.0000000e+00   0.0000000e+00   0.0000000e+00   0.0000000e+00   0.0000000e+00   0.0000000e+00   1.9747035e+00   1.7213447e+00   1.2589658e+00   8.5526544e-01   5.2840590e-01   6.4453650e-01
   1.4002658e+00   1.7566568e+00   2.2601099e+00   2.9643714e+00   3.7055814e+00   4.3963165e+00   5.0175104e+00   5.6118593e+00   6.1872072e+00   6.6559463e+00   7.0470734e+00   7.3938079e+00   7.6425610e+00   7.7805357e+00   7.7323532e+00   7.5275226e+00   7.2064166e+00   6.7312818e+00   6.1212754e+00   5.2369046e+00   4.2629199e+00   0.0000000e+00   0.0000000e+00   0.0000000e+00   0.0000000e+00   0.0000000e+00   0.0000000e+00   0.0000000e+00   0.0000000e+00   0.0000000e+00   2.0314063e+00   1.9381593e+00   1.7449205e+00   1.4908695e+00   1.2154456e+00   1.1407881e+00
   2.3156543e+00   2.5021045e+00   2.9199443e+00   3.4236419e+00   3.8984144e+00   4.3919878e+00   4.9546356e+00   5.6005912e+00   6.2588434e+00   6.7819762e+00   7.1907616e+00   7.5208683e+00   7.7456231e+00   7.8663783e+00   7.8423414e+00   7.7162495e+00   7.5124679e+00   7.1961050e+00   6.7623863e+00   6.1267033e+00   5.2653556e+00   0.0000000e+00   0.0000000e+00   0.0000000e+00   0.0000000e+00   0.0000000e+00   0.0000000e+00   0.0000000e+00   0.0000000e+00   0.0000000e+00   2.1460637e+00   2.2478487e+00   2.4558916e+00   2.4525669e+00   2.3576467e+00   2.2779696e+00
   3.6878567e+00   3.8203180e+00   4.1993828e+00   4.5761271e+00   4.8401527e+00   5.0256810e+00   5.2259302e+00   5.5377636e+00   5.9383640e+00   6.2818265e+00   6.5300536e+00   6.6787868e+00   6.7795062e+00   6.8888130e+00   7.0027900e+00   7.1016994e+00   7.1710062e+00   7.1921148e+00   7.1267414e+00   6.9086456e+00   6.5795174e+00   6.4740866e+00   0.0000000e+00   0.0000000e+00   0.0000000e+00   0.0000000e+00   0.0000000e+00   0.0000000e+00   0.0000000e+00   0.0000000e+00   1.9492047e+00   2.3646417e+00   3.0181396e+00   3.3693666e+00   3.5803046e+00   3.6575394e+00
   4.8346715e+00   5.0120249e+00   5.3250108e+00   5.5918174e+00   5.7131457e+00   5.6491990e+00   5.4709597e+00   5.3471761e+00   5.3649449e+00   5.4603271e+00   5.5292897e+00   5.5235338e+00   5.4958711e+00   5.5410290e+00   5.7231293e+00   6.0245762e+00   6.3688354e+00   6.6907263e+00   6.9239802e+00   7.0781083e+00   7.0729084e+00   6.1093304e+00   0.0000000e+00   0.0000000e+00   0.0000000e+00   0.0000000e+00   0.0000000e+00   0.0000000e+00   0.0000000e+00   0.0000000e+00   0.0000000e+00   2.4413800e+00   3.2262709e+00   3.8763072e+00   4.3675070e+00   4.6620622e+00
   5.4540925e+00   5.6922274e+00   5.8909016e+00   6.0184608e+00   6.0182371e+00   5.8243494e+00   5.4886374e+00   5.1190419e+00   4.8380527e+00   4.7226033e+00   4.6608872e+00   4.5810595e+00   4.4970398e+00   4.4169226e+00   4.4531898e+00   4.7182426e+00   5.1515312e+00   5.6738639e+00   6.1390190e+00   6.6056838e+00   7.0335894e+00   6.6532586e+00   0.0000000e+00   0.0000000e+00   0.0000000e+00   0.0000000e+00   0.0000000e+00   0.0000000e+00   0.0000000e+00   0.0000000e+00   0.0000000e+00   2.5689633e+00   3.1676564e+00   3.9231927e+00   4.6190009e+00   5.1250257e+00
   5.0108409e+00   5.3192272e+00   5.4244189e+00   5.4284143e+00   5.3835869e+00   5.2080116e+00   4.9195938e+00   4.5955210e+00   4.2962127e+00   4.1072674e+00   3.9941802e+00   3.8891790e+00   3.7993302e+00   3.6744962e+00   3.5911093e+00   3.6698725e+00   3.9441566e+00   4.4227777e+00   4.9478035e+00   5.5386534e+00   6.2931790e+00   6.7347651e+00   0.0000000e+00   0.0000000e+00   0.0000000e+00   0.0000000e+00   0.0000000e+00   0.0000000e+00   0.0000000e+00   0.0000000e+00   0.0000000e+00   2.1754353e+00   2.6930830e+00   3.2467330e+00   3.9842484e+00   4.5851235e+00
   3.5126624e+00   3.8939342e+00   4.0345192e+00   4.0661812e+00   4.0707359e+00   4.0013232e+00   3.8732762e+00   3.7243662e+00   3.5699632e+00   3.4445195e+00   3.3727679e+00   3.2742877e+00   3.1655016e+00   3.0254774e+00   2.8952229e+00   2.8480945e+00   2.9400771e+00   3.2165627e+00   3.6435778e+00   4.2361512e+00   5.1490269e+00   6.5635285e+00   0.0000000e+00   0.0000000e+00   0.0000000e+00   0.0000000e+00   0.0000000e+00   0.0000000e+00   0.0000000e+00   0.0000000e+00   0.0000000e+00   0.0000000e+00   2.2084281e+00   2.2231264e+00   2.5807135e+00   3.1550670e+00
   1.0893695e+00   1.2711890e+00   1.4080375e+00   1.5596349e+00   1.7028058e+00   1.8096986e+00   1.9199415e+00   2.0090950e+00   2.0838387e+00   2.1299617e+00   2.1519387e+00   2.0851417e+00   1.9460514e+00   1.7861328e+00   1.6231863e+00   1.4736829e+00   1.3765976e+00   1.3912821e+00   1.6274914e+00   2.2067637e+00   3.3193743e+00   5.0685220e+00   0.0000000e+00   0.0000000e+00   0.0000000e+00   0.0000000e+00   0.0000000e+00   0.0000000e+00   0.0000000e+00   0.0000000e+00   0.0000000e+00   0.0000000e+00   0.0000000e+00   0.0000000e+00   7.6371003e-01   1.0282693e+00
   1.5934662e+00   1.5978398e+00   1.5336115e+00   1.3740868e+00   1.1459997e+00   9.2203254e-01   7.6981672e-01   6.7036551e-01   6.7619854e-01   7.6588574e-01   8.2160270e-01   7.7083129e-01   6.3140289e-01   4.7655439e-01   4.7071478e-01   5.6464022e-01   6.5147978e-01   7.1041948e-01   7.8899964e-01   1.1184887e+00   2.0543935e+00   3.6128364e+00   4.1811452e+00   0.0000000e+00   0.0000000e+00   0.0000000e+00   0.0000000e+00   0.0000000e+00   0.0000000e+00   0.0000000e+00   0.0000000e+00   0.0000000e+00   0.0000000e+00   0.0000000e+00   0.0000000e+00   0.0000000e+00
   3.5964363e+00   3.8516815e+00   3.7965634e+00   3.4584944e+00   3.0564330e+00   2.6733711e+00   2.3667278e+00   2.0805206e+00   1.8514774e+00   1.6770089e+00   1.5657644e+00   1.5208842e+00   1.5370383e+00   1.6374074e+00   1.8191222e+00   2.0279441e+00   2.2060552e+00   2.3329537e+00   2.3382416e+00   2.2346642e+00   2.2103522e+00   2.8878860e+00   3.6996231e+00   0.0000000e+00   0.0000000e+00   0.0000000e+00   0.0000000e+00   0.0000000e+00   0.0000000e+00   0.0000000e+00   0.0000000e+00   0.0000000e+00   0.0000000e+00   0.0000000e+00   0.0000000e+00   0.0000000e+00
   0.0000000e+00   4.3701556e+00   4.1859787e+00   3.9760911e+00   3.9303973e+00   3.7573836e+00   3.6332264e+00   3.5268066e+00   3.4372275e+00   3.3901979e+00   3.3452425e+00   3.3423388e+00   3.3963219e+00   3.4975271e+00   3.6163087e+00   3.7503264e+00   3.8628089e+00   3.8867071e+00   3.8375053e+00   3.6389599e+00   3.2308433e+00   2.9581686e+00   2.7568412e+00   0.0000000e+00   0.0000000e+00   0.0000000e+00   0.0000000e+00   0.0000000e+00   0.0000000e+00   0.0000000e+00   0.0000000e+00   0.0000000e+00   0.0000000e+00   0.0000000e+00   0.0000000e+00   0.0000000e+00
   2.9143388e+00   3.2124324e+00   2.9061463e+00   3.3372498e+00   3.7081227e+00   3.8968091e+00   4.0318747e+00   4.1461487e+00   4.2748790e+00   4.3935642e+00   4.5191383e+00   4.6532474e+00   4.7731104e+00   4.8581166e+00   4.9420834e+00   4.9812222e+00   5.0049047e+00   4.9892640e+00   4.8535080e+00   4.5572872e+00   3.9921293e+00   3.1454444e+00   2.2707247e+00   0.0000000e+00   0.0000000e+00   0.0000000e+00   0.0000000e+00   0.0000000e+00   0.0000000e+00   0.0000000e+00   0.0000000e+00   0.0000000e+00   0.0000000e+00   0.0000000e+00   0.0000000e+00   0.0000000e+00
   2.5511056e+00   2.6516979e+00   2.7671075e+00   3.0604439e+00   3.3292124e+00   3.6278899e+00   3.8323519e+00   4.0213022e+00   4.2744656e+00   4.5164218e+00   4.7391696e+00   4.9354916e+00   5.0715985e+00   5.1685991e+00   5.2119312e+00   5.2063498e+00   5.1677465e+00   5.1111197e+00   4.9533863e+00   4.6665545e+00   4.1858635e+00   3.4134583e+00   2.5094595e+00   0.0000000e+00   0.0000000e+00   0.0000000e+00   0.0000000e+00   0.0000000e+00   0.0000000e+00   0.0000000e+00   0.0000000e+00   0.0000000e+00   0.0000000e+00   0.0000000e+00   0.0000000e+00   0.0000000e+00
   2.3379188e+00   2.2473509e+00   2.2581930e+00   2.3942604e+00   2.6409118e+00   2.9024148e+00   3.1371589e+00   3.3689852e+00   3.5934505e+00   3.8020818e+00   3.9960034e+00   4.1853585e+00   4.3148336e+00   4.3757043e+00   4.3689966e+00   4.3123417e+00   4.2437716e+00   4.1750727e+00   4.0867057e+00   3.9734643e+00   3.7969906e+00   3.4911652e+00   3.0886645e+00   2.8985805e+00   2.1340617e+00   0.0000000e+00   0.0000000e+00   0.0000000e+00   0.0000000e+00   0.0000000e+00   0.0000000e+00   0.0000000e+00   0.0000000e+00   0.0000000e+00   0.0000000e+00   0.0000000e+00
   2.0818039e+00   1.6355028e+00   1.4706880e+00   1.4223180e+00   1.4890462e+00   1.6300406e+00   1.8332882e+00   1.9977845e+00   2.1923828e+00   2.3721447e+00   2.5315261e+00   2.6719487e+00   2.7143490e+00   2.7166648e+00   2.6378446e+00   2.5767913e+00   2.5400426e+00   2.5111446e+00   2.5695233e+00   2.6732414e+00   2.8520784e+00   3.0270019e+00   3.2053428e+00   3.3226316e+00   3.4279047e+00   3.2000434e+00   0.0000000e+00   0.0000000e+00   0.0000000e+00   0.0000000e+00   0.0000000e+00   0.0000000e+00   0.0000000e+00   0.0000000e+00   0.0000000e+00   2.4218286e+00
   1.7643217e+00   1.5249381e+00   1.3740427e+00   1.2249959e+00   1.1186824e+00   1.0442141e+00   9.9959666e-01   9.6055378e-01   9.1503932e-01   8.7891236e-01   8.3997294e-01   8.0586232e-01   8.0285367e-01   8.2446334e-01   8.8100117e-01   9.5334914e-01   1.0600048e+00   1.2102348e+00   1.3995181e+00   1.6422305e+00   1.9210367e+00   2.1859429e+00   2.4240362e+00   2.6428193e+00   2.7637178e+00   2.8729481e+00   2.9531992e+00   2.9785534e+00   2.9092627e+00   2.7879549e+00   2.6868744e+00   2.7473273e+00   2.5796521e+00   2.5928460e+00   2.4739253e+00   2.1319498e+00
