  0.3333  0.3453  0.3557  0.3541  0.3464  0.3225  0.2979  0.2851  0.2954  0.3129  0.3206  0.3189  0.3284  0.3361  0.3378  0.3403  0.3447  0.3437  0.3468  0.3488  0.3522  0.3515  0.3526  0.3456  0.3450  0.3462  0.3321  0.3215  0.3259  0.3196  0.3310  0.3356  0.3299  0.3221  0.3328  0.3316
  0.3668  0.3669  0.3630  0.3564  0.3661  0.3760  0.3708  0.3675  0.3467  0.3319  0.3108  0.2976  0.2910  0.2967  0.3036  0.3237  0.3430  0.3224  0.3092  0.3218  0.3204  0.3231  0.3236  0.3140  0.3299  0.3269  0.3045  0.2904  0.2978  0.3060  0.3176  0.3097  0.3359  0.3485  0.3547  0.3668
  0.3778  0.3757  0.3733  0.3704  0.3640  0.3551  0.3458  0.3336  0.3229  0.3649  0.3059  0.2833  0.2715  0.2799  0.2799  0.3103  0.3250  0.3088  0.2941  0.2853  0.2846  0.2884  0.3071  0.2861  0.2734  0.2671  0.2593  0.2825  0.2863  0.2831  0.2971  0.3180  0.3446  0.3670  0.3758  0.3784
  0.3705  0.3680  0.3657  0.3623  0.3568  0.3491  0.3405  0.3285  0.3127  0.3118  0.3033  0.2583  0.2454  0.2522  0.2592  0.2956  0.2963  0.2822  0.2691  0.2738  0.2718  0.2769  0.2838  0.2663  0.2501  0.2590  0.2786  0.2797  0.2774  0.2705  0.3005  0.3324  0.3517  0.3710  0.3754  0.3744
  0.3520  0.3485  0.3453  0.3414  0.3358  0.3290  0.3202  0.3085  0.2947  0.2711  0.2917  0.2428  0.2346  0.2518  0.2586  0.2916  0.2973  0.2957  0.2601  0.2639  0.2679  0.2686  0.2761  0.2639  0.2568  0.2660  0.2690  0.2771  0.2854  0.2824  0.3045  0.3278  0.3561  0.3625  0.3618  0.3574
  0.3238  0.3206  0.3190  0.3160  0.3094  0.3012  0.2929  0.2814  0.2699  0.2478  0.2725  0.2401  0.2409  0.2495  0.2533  0.2645  0.2600  0.2888  0.2344  0.2456  0.2679  0.2505  0.2611  0.2526  0.2541  0.2660  0.2635  0.2671  0.2673  0.2804  0.3107  0.3332  0.3437  0.3438  0.3381  0.3291
  0.2971  0.2954  0.2938  0.2905  0.2821  0.2733  0.2654  0.2565  0.2453  0.2255  0.2803  0.2407  0.2297  0.2375  0.2449  0.2598  0.2232  0.2621  0.2175  0.2265  0.2506  0.2406  0.2494  0.2268  0.2491  0.2432  0.2481  0.2474  0.2375  0.2618  0.2999  0.3254  0.3274  0.3217  0.3120  0.3017
  0.2732  0.2725  0.2718  0.2669  0.2583  0.2516  0.2443  0.2373  0.2255  0.2044  0.2582  0.2224  0.2210  0.2301  0.2322  0.2465  0.2247  0.2174  0.2203  0.2276  0.2322  0.2202  0.2349  0.2172  0.2064  0.2297  0.2737  0.2355  0.2360  0.2684  0.2941  0.3108  0.3069  0.2959  0.2836  0.2757
  0.2503  0.2508  0.2492  0.2452  0.2384  0.2333  0.2274  0.2221  0.2120  0.1780  0.2649  0.2178  0.2211  0.2250  0.2032  0.2118  0.2054  0.2057  0.2168  0.2197  0.2120  0.2123  0.2220  0.2126  0.1852  0.2091  0.2646  0.2228  0.2351  0.2783  0.2858  0.2879  0.2774  0.2620  0.2524  0.2498
  0.2363  0.2360  0.2348  0.2317  0.2266  0.2230  0.2196  0.2170  0.2105  0.1842  0.2750  0.2209  0.2238  0.2092  0.2027  0.2069  0.1934  0.2123  0.2225  0.2105  0.1955  0.2002  0.2198  0.2174  0.2037  0.2138  0.2166  0.2207  0.2341  0.2629  0.2642  0.2644  0.2534  0.2394  0.2343  0.2347
  0.2269  0.2260  0.2252  0.2223  0.2198  0.2184  0.2193  0.2218  0.2199  0.1980  0.2336  0.2258  0.1875  0.2067  0.2032  0.1938  0.1843  0.1830  0.2032  0.1919  0.1900  0.1877  0.2112  0.2178  0.2142  0.2163  0.2322  0.2339  0.2308  0.2295  0.2291  0.2392  0.2349  0.2263  0.2245  0.2262
  0.2280  0.2254  0.2229  0.2203  0.2202  0.2227  0.2281  0.2343  0.2345  0.2115  0.1908  0.2229  0.1862  0.2001  0.1983  0.1887  0.1861  0.1912  0.1891  0.1836  0.1903  0.1921  0.1832  0.2184  0.2403  0.2134  0.2536  0.2690  0.2425  0.2132  0.2192  0.2293  0.2313  0.2254  0.2261  0.2284
  0.2340  0.2274  0.2211  0.2204  0.2254  0.2336  0.2428  0.2472  0.2424  0.2174  0.1896  0.2372  0.1890  0.1994  0.1965  0.1849  0.1850  0.2429  0.2120  0.1917  0.1937  0.2061  0.2189  0.2312  0.2762  0.2470  0.2442  0.2746  0.2444  0.2209  0.2452  0.2307  0.2368  0.2326  0.2343  0.2362
  0.2485  0.2403  0.2337  0.2344  0.2425  0.2531  0.2618  0.2614  0.2473  0.2219  0.2095  0.2366  0.2034  0.1965  0.1984  0.1816  0.1949  0.2410  0.2382  0.1919  0.1764  0.2165  0.2504  0.2442  0.2397  0.2778  0.2876  0.2560  0.2537  0.2322  0.2584  0.2474  0.2498  0.2458  0.2479  0.2514
  0.2665  0.2634  0.2626  0.2657  0.2718  0.2761  0.2777  0.2716  0.2530  0.2283  0.2279  0.2535  0.2252  0.2086  0.2057  0.1873  0.2065  0.2352  0.2345  0.1955  0.1785  0.2509  0.2493  0.2426  0.2118  0.2420  0.2568  0.2638  0.2458  0.2499  0.2795  0.2758  0.2621  0.2591  0.2620  0.2663
  0.2713  0.2739  0.2804  0.2889  0.2969  0.2989  0.2964  0.2865  0.2604  0.2247  0.2003  0.1962  0.2178  0.2190  0.2104  0.2006  0.2385  0.2442  0.2340  0.2193  0.2151  0.2476  0.2395  0.2374  0.2181  0.2216  0.2410  0.2470  0.2345  0.2558  0.2910  0.2722  0.2637  0.2622  0.2648  0.2685
  0.2252  0.2284  0.2355  0.2434  0.2514  0.2540  0.2530  0.2451  0.2257  0.2009  0.1862  0.1951  0.2188  0.2160  0.2066  0.2284  0.2802  0.2716  0.2432  0.2470  0.2422  0.2364  0.2275  0.2267  0.2148  0.2055  0.2056  0.2156  0.2331  0.2778  0.2788  0.2503  0.2302  0.2230  0.2205  0.2224
  0.1554  0.1552  0.1565  0.1595  0.1652  0.1683  0.1719  0.1766  0.1817  0.1852  0.1883  0.1965  0.2037  0.2441  0.2333  0.2325  0.3073  0.2882  0.2534  0.2560  0.2534  0.2463  0.2222  0.2200  0.2127  0.2070  0.2064  0.2127  0.2165  0.2104  0.2157  0.2076  0.1806  0.1656  0.1575  0.1559
  0.1453  0.1450  0.1464  0.1500  0.1565  0.1608  0.1666  0.1760  0.1904  0.2042  0.2157  0.2232  0.2293  0.3160  0.2798  0.2160  0.2908  0.2864  0.2552  0.2597  0.2567  0.2474  0.2276  0.2227  0.2153  0.2146  0.2165  0.2176  0.2113  0.2019  0.2000  0.1906  0.1680  0.1521  0.1450  0.1450
  0.1902  0.1905  0.1933  0.1990  0.2074  0.2127  0.2200  0.2311  0.2464  0.2547  0.2573  0.2614  0.2598  0.2837  0.2795  0.2193  0.2525  0.2712  0.2533  0.2621  0.2590  0.2529  0.2313  0.2309  0.2263  0.2289  0.2324  0.2323  0.2254  0.2139  0.2113  0.2091  0.1949  0.1849  0.1833  0.1874
  0.2383  0.2344  0.2297  0.2272  0.2274  0.2264  0.2307  0.2413  0.2544  0.2602  0.2631  0.2553  0.2629  0.2363  0.2768  0.2539  0.2436  0.2241  0.2432  0.2632  0.2634  0.2667  0.2328  0.2362  0.2360  0.2418  0.2488  0.2528  0.2517  0.2468  0.2441  0.2413  0.2340  0.2302  0.2319  0.2371
  0.2487  0.2399  0.2277  0.2167  0.2101  0.2061  0.2086  0.2164  0.2262  0.2361  0.2464  0.2396  0.2276  0.2254  0.2641  0.2654  0.2315  0.1905  0.2425  0.2600  0.2630  0.2622  0.2407  0.2410  0.2398  0.2446  0.2537  0.2618  0.2642  0.2627  0.2608  0.2576  0.2508  0.2481  0.2488  0.2511
  0.2486  0.2399  0.2268  0.2133  0.2040  0.1992  0.1993  0.2013  0.2053  0.2114  0.2161  0.2120  0.2002  0.2216  0.2409  0.2572  0.2322  0.1895  0.2189  0.2409  0.2508  0.2467  0.2409  0.2426  0.2388  0.2421  0.2496  0.2581  0.2624  0.2625  0.2624  0.2609  0.2547  0.2518  0.2511  0.2514
  0.2438  0.2405  0.2344  0.2263  0.2167  0.2081  0.2017  0.1978  0.1968  0.1973  0.1956  0.1834  0.2081  0.2059  0.2177  0.2272  0.2280  0.1893  0.2294  0.2262  0.2278  0.2255  0.2241  0.2258  0.2238  0.2282  0.2347  0.2421  0.2473  0.2486  0.2498  0.2501  0.2474  0.2447  0.2440  0.2446
  0.2390  0.2387  0.2376  0.2345  0.2280  0.2182  0.2074  0.1991  0.1965  0.1964  0.1958  0.1833  0.1714  0.2451  0.2671  0.2175  0.2214  0.1939  0.3075  0.2895  0.2378  0.2183  0.2118  0.2129  0.2100  0.2141  0.2230  0.2296  0.2349  0.2378  0.2383  0.2389  0.2387  0.2371  0.2370  0.2387
  0.2357  0.2358  0.2369  0.2383  0.2368  0.2295  0.2173  0.2071  0.2018  0.2006  0.2005  0.1921  0.1686  0.2517  0.3063  0.2834  0.2181  0.1895  0.3109  0.3083  0.2601  0.2244  0.2151  0.2196  0.2120  0.2101  0.2170  0.2242  0.2285  0.2325  0.2332  0.2301  0.2304  0.2315  0.2327  0.2352
  0.2356  0.2366  0.2371  0.2403  0.2436  0.2414  0.2325  0.2230  0.2155  0.2113  0.2084  0.2012  0.1713  0.2600  0.3090  0.3051  0.2166  0.2035  0.3187  0.3152  0.2328  0.2097  0.2141  0.2131  0.2207  0.2248  0.2246  0.2280  0.2291  0.2295  0.2272  0.2226  0.2259  0.2272  0.2303  0.2342
  0.2397  0.2412  0.2416  0.2440  0.2476  0.2481  0.2439  0.2373  0.2309  0.2258  0.2206  0.2117  0.1868  0.2547  0.3101  0.2948  0.1999  0.2047  0.3221  0.3234  0.2588  0.2090  0.2347  0.2098  0.2281  0.2412  0.2416  0.2400  0.2381  0.2339  0.2175  0.2013  0.2278  0.2325  0.2337  0.2382
  0.2540  0.2547  0.2551  0.2559  0.2585  0.2576  0.2567  0.2543  0.2510  0.2480  0.2431  0.2347  0.2091  0.2554  0.3127  0.2408  0.2050  0.2351  0.3107  0.3273  0.2296  0.2159  0.2444  0.2108  0.2418  0.2587  0.2597  0.2576  0.2534  0.2461  0.2612  0.2382  0.2330  0.2563  0.2545  0.2540
  0.2715  0.2718  0.2731  0.2728  0.2737  0.2729  0.2722  0.2704  0.2675  0.2664  0.2629  0.2571  0.2363  0.2733  0.2743  0.2329  0.2270  0.2567  0.3055  0.2697  0.2473  0.2567  0.2541  0.2484  0.2531  0.2722  0.2738  0.2672  0.2649  0.2497  0.2706  0.2496  0.2377  0.2684  0.2730  0.2710
  0.2863  0.2884  0.2906  0.2911  0.2909  0.2924  0.2929  0.2901  0.2860  0.2837  0.2815  0.2776  0.2621  0.3049  0.2539  0.2416  0.2544  0.2835  0.2688  0.2527  0.2266  0.2994  0.2701  0.2915  0.2676  0.2847  0.2833  0.2637  0.2850  0.2760  0.2623  0.2460  0.2459  0.2802  0.2852  0.2835
  0.2978  0.3037  0.3065  0.3079  0.3082  0.3076  0.3068  0.3054  0.3018  0.2978  0.2944  0.2893  0.2933  0.3447  0.2900  0.2642  0.2771  0.3127  0.3285  0.2843  0.2547  0.2856  0.2795  0.2618  0.2748  0.2893  0.3012  0.3182  0.2938  0.2956  0.2794  0.2821  0.2647  0.2886  0.2925  0.2922
  0.3145  0.3195  0.3229  0.3239  0.3232  0.3194  0.3168  0.3142  0.3104  0.3055  0.3011  0.2931  0.2883  0.3206  0.2960  0.2840  0.2993  0.3230  0.3160  0.2858  0.2781  0.2737  0.2686  0.2665  0.2770  0.2844  0.2945  0.3169  0.3003  0.2919  0.2697  0.2927  0.3190  0.3028  0.3049  0.3080
  0.3320  0.3360  0.3391  0.3397  0.3386  0.3348  0.3324  0.3289  0.3243  0.3199  0.3144  0.3047  0.3019  0.2847  0.3026  0.3012  0.3155  0.3119  0.2984  0.2847  0.2791  0.2822  0.2952  0.2913  0.2904  0.2894  0.2760  0.2777  0.2780  0.2757  0.2614  0.2922  0.3556  0.3313  0.3255  0.3283
  0.3567  0.3563  0.3573  0.3603  0.3607  0.3581  0.3560  0.3541  0.3496  0.3468  0.3399  0.3310  0.3126  0.3049  0.3159  0.3282  0.3428  0.3260  0.3134  0.3179  0.3320  0.3226  0.3027  0.3009  0.3110  0.3055  0.2646  0.2570  0.2559  0.2787  0.2879  0.3264  0.3567  0.3921  0.3695  0.3586
  0.3881  0.3662  0.3717  0.3656  0.3704  0.3676  0.3710  0.3713  0.3570  0.3577  0.3511  0.3592  0.3392  0.3367  0.3386  0.3489  0.3449  0.3482  0.3606  0.3220  0.3177  0.3021  0.3037  0.3078  0.3125  0.3069  0.3083  0.3068  0.3121  0.3107  0.3170  0.3170  0.3121  0.3315  0.3563  0.3799
