   1.2494687e+00   1.4194065e+00   1.2731099e+00   1.0556049e+00   8.0885074e-01   5.7062164e-01   5.4335792e-01   6.5421671e-01   7.7656979e-01   6.6644087e-01   4.8105055e-01   5.4429115e-01   1.5586096e+00   5.5007151e-01   3.5941021e-01   3.7525780e-01   4.3265166e-01   1.5602438e+00   1.5620236e+00   1.5640765e+00   1.5664208e+00   1.5691157e+00   1.0785359e+00   4.0340962e-01   2.5832669e-01   3.7168719e-01   3.6310942e-01   3.8973669e-01   4.9557232e-01   5.7712819e-01   8.2680480e-01   1.1533481e+00   1.2840248e+00   1.2052527e+00   1.1464533e+00   1.3497160e+00
   8.9895904e-01   7.7326181e-01   6.8487948e-01   8.5538193e-01   1.1033884e+00   1.5281196e+00   1.3229701e+00   1.2328065e+00   1.1951604e+00   9.5180279e-01   5.8778720e-01   3.4743300e-01   0.0000000e+00   4.1563144e-01   2.8853214e-01   5.7379121e-01   8.0699476e-01   6.6612412e-01   3.9719064e-01   5.9593186e-01   7.2718965e-01   8.6566095e-01   6.3339676e-01   3.6083729e-01   4.8782679e-01   3.7873991e-01   2.6961321e-01   5.0043494e-01   8.2513752e-01   1.0267605e+00   1.6264198e+00   2.1539675e+00   1.6093794e+00   2.2706582e+00   1.6237258e+00   1.3934392e+00
   2.6079707e+00   2.7605603e+00   2.7138641e+00   2.6031053e+00   2.5535975e+00   2.5406642e+00   2.3983326e+00   2.0903864e+00   1.9319799e+00   1.2035672e+00   8.6931831e-01   1.9918434e-01   0.0000000e+00   3.6034165e-01   3.7659055e-01   8.1197631e-01   9.2892206e-01   6.8550456e-01   4.7504035e-01   5.7372157e-01   4.0713201e-01   5.2948826e-01   3.5304031e-01   5.0861836e-01   2.1694177e-01   2.8325224e-01   3.0089498e-01   4.1834787e-01   6.9710720e-01   7.2205538e-01   7.8850096e-01   2.9203412e+00   2.2376416e+00   1.7817698e+00   1.8694545e+00   2.2682748e+00
   4.0187535e+00   4.2138636e+00   4.2883186e+00   4.2920732e+00   4.2561815e+00   4.1747432e+00   3.9633985e+00   3.5850014e+00   3.0485945e+00   2.3410751e+00   1.0576989e+00   3.1760526e-01   1.9491090e-01   5.4633041e-01   3.8829684e-01   6.0880601e-01   8.6132114e-01   4.1968697e-01   3.9983645e-01   3.5806503e-01   3.7275949e-01   4.4218045e-01   2.7359976e-01   1.8357865e-01   4.4412717e-01   3.0613478e-01   4.8633206e-01   4.1313261e-01   3.3285760e-01   5.7531720e-01   6.0142684e-01   1.1733409e+00   1.7585965e+00   2.1657763e+00   2.8923926e+00   3.5660987e+00
   4.2655143e+00   4.4214468e+00   4.4737577e+00   4.4708471e+00   4.4491296e+00   4.3801245e+00   4.2345485e+00   3.9757798e+00   3.5038450e+00   2.9204857e+00   1.2348140e+00   4.6256397e-01   2.0120317e-01   6.2667531e-01   4.3859268e-01   3.6447929e-01   8.6170137e-01   7.5635245e-01   7.0691744e-01   4.2606449e-01   4.4311926e-01   5.9741490e-01   4.6413469e-01   2.7963677e-01   3.5221099e-01   5.8040005e-01   5.9543895e-01   7.0717845e-01   3.8121143e-01   4.0610881e-01   7.6806345e-01   1.1378657e+00   1.4491587e+00   2.5179936e+00   3.4088063e+00   3.9626677e+00
   3.4297984e+00   3.4349484e+00   3.4674451e+00   3.5038238e+00   3.5110945e+00   3.4796715e+00   3.4095173e+00   3.3177032e+00   3.1002662e+00   2.8967037e+00   1.2140516e+00   5.1664305e-01   2.9308519e-01   5.3793538e-01   6.2936121e-01   7.3275793e-01   1.0828924e+00   1.2394929e+00   1.2891468e+00   1.3418827e+00   1.2035278e+00   2.9564008e+00   2.9827188e+00   7.5237650e-01   4.6078429e-01   6.8643596e-01   9.9267370e-01   8.1068569e-01   5.2796734e-01   5.3565013e-01   1.2464240e+00   1.5097675e+00   1.9833149e+00   2.8518789e+00   3.2800171e+00   3.4097300e+00
   1.8561099e+00   1.7806766e+00   1.8636076e+00   1.9719331e+00   2.0206409e+00   1.9944586e+00   1.9789129e+00   2.0369909e+00   2.2376733e+00   3.0986683e+00   1.1013814e+00   5.2919096e-01   2.7431318e-01   4.9098471e-01   8.0867749e-01   1.0847987e+00   1.7339092e+00   1.2264547e+00   2.2490171e+00   2.4558745e+00   2.7401861e+00   2.6999330e+00   3.0783039e+00   3.6690031e+00   7.1974939e-01   6.4947599e-01   5.3404307e-01   1.4327210e+00   7.6670885e-01   6.4541590e-01   7.1273694e-01   1.7047859e+00   2.5184646e+00   2.7850883e+00   2.6114948e+00   2.1997988e+00
   6.8681818e-01   5.1373440e-01   5.3938407e-01   5.6600797e-01   6.1788683e-01   6.1035138e-01   6.0678148e-01   9.8425633e-01   1.9820081e+00   4.1501833e+00   1.0698453e+00   4.7319677e-01   3.0868137e-01   4.7757483e-01   1.0110146e+00   2.8524992e+00   2.7101155e+00   1.9001874e+00   2.0358972e+00   1.6643825e+00   1.5183356e+00   1.6263465e+00   2.3316588e+00   3.6116220e+00   1.7631259e+00   2.1977899e+00   1.8990996e+00   8.4475350e-01   8.1391390e-01   6.5093672e-01   9.9944156e-01   1.6343383e+00   2.0442047e+00   1.9748949e+00   1.6333051e+00   1.1358573e+00
   2.1498969e+00   2.0372083e+00   1.8105686e+00   1.6087118e+00   1.5103781e+00   1.5008816e+00   1.5780109e+00   1.9001857e+00   2.8900862e+00   4.8152987e+00   9.9603662e-01   6.6285193e-01   5.9335291e-01   5.3633660e-01   1.9395268e+00   2.0199490e+00   1.6226598e+00   1.5526491e+00   1.3784840e+00   6.8343174e-01   9.6407297e-01   1.1384573e+00   1.7549082e+00   3.3118098e+00   3.8702562e+00   3.1185061e+00   1.9641285e+00   8.9950323e-01   6.4834148e-01   7.2093415e-01   1.3979746e+00   1.4406810e+00   1.7008104e+00   1.8853430e+00   2.0156701e+00   2.0989006e+00
   4.0233912e+00   3.8694623e+00   3.5999641e+00   3.3591807e+00   3.2877095e+00   3.3893058e+00   3.5878825e+00   3.8682892e+00   4.4212713e+00   5.3819580e+00   1.3845534e+00   1.7310277e+00   1.2193187e+00   8.3640995e-01   8.4735306e-01   1.6497633e+00   2.7447443e+00   8.7281958e-01   1.7341503e+00   1.3991350e+00   1.9898783e+00   2.5698235e+00   2.9585975e+00   2.8115888e+00   2.8835597e+00   3.3098774e+00   9.1256934e-01   6.9379622e-01   9.4600308e-01   1.4518303e+00   2.3586993e+00   2.2333155e+00   2.5763218e+00   3.1499393e+00   3.6553397e+00   3.9572172e+00
   5.2244086e+00   5.0382910e+00   4.7798858e+00   4.6189213e+00   4.6681399e+00   4.8822250e+00   5.1248817e+00   5.3180633e+00   5.4554152e+00   5.5606179e+00   1.5649113e+00   3.2879416e+00   1.2521625e+00   9.0473343e-01   1.8205875e+00   3.4799874e+00   4.2926674e+00   4.2723200e+00   3.0331707e+00   2.8895369e+00   3.1178319e+00   3.6396360e+00   2.3262648e+00   3.4612794e+00   3.0975578e+00   4.5536184e+00   7.4629736e-01   8.4839541e-01   9.7956675e-01   1.9059862e+00   3.2403259e+00   3.0824411e+00   3.6149700e+00   4.3321314e+00   4.9007635e+00   5.1977835e+00
   6.1326551e+00   6.0142617e+00   5.9150848e+00   5.9785767e+00   6.1852016e+00   6.4393921e+00   6.6040287e+00   6.5422421e+00   6.1377091e+00   4.9978552e+00   2.7954082e+00   4.0081380e+00   2.3887510e+00   2.2711659e+00   3.5607219e+00   4.7267423e+00   5.4438860e+00   4.5126788e+00   4.5933344e+00   4.1142521e+00   4.2295051e+00   3.9168732e+00   2.6398560e+00   4.3296160e+00   3.6467383e+00   4.6609949e+00   4.2217409e+00   1.0551664e+00   9.1774601e-01   1.6649671e+00   3.8730960e+00   3.8017533e+00   4.4008479e+00   5.1732330e+00   5.7588129e+00   6.0779552e+00
   6.5673900e+00   6.7085180e+00   6.9115047e+00   7.1922126e+00   7.4515629e+00   7.6261353e+00   7.6028237e+00   7.2365389e+00   6.2953477e+00   4.3452787e+00   2.3091370e+00   2.7054620e+00   3.7498732e+00   3.8798995e+00   4.5031428e+00   5.1334109e+00   5.7200804e+00   1.0144849e+00   5.0609926e+00   4.5764529e+00   4.4556885e+00   3.7490144e+00   2.9435303e+00   4.2094316e+00   2.6221710e+00   4.3742988e+00   4.4755392e+00   1.5126264e+00   8.5300702e-01   1.3580867e+00   1.2459016e+00   4.0381298e+00   4.5653968e+00   5.3409967e+00   5.9350924e+00   6.3395920e+00
   6.4924493e+00   6.9523234e+00   7.4297390e+00   7.8544288e+00   8.1196680e+00   8.1940546e+00   7.9754028e+00   7.3287854e+00   6.0700884e+00   4.0621414e+00   1.7488963e+00   1.7832897e+00   4.5899124e+00   4.9027100e+00   4.8956828e+00   5.1601138e+00   5.5593473e+00   1.1626668e+00   2.0193014e+00   4.6260899e+00   4.6822739e+00   3.5437173e+00   3.1353135e+00   3.6164863e+00   1.3272593e+00   3.9299609e+00   4.8367047e+00   0.0000000e+00   1.1153693e+00   1.0630671e+00   9.4996029e-01   3.8441093e+00   4.2833304e+00   5.0315475e+00   5.5836940e+00   6.0501900e+00
   5.6855731e+00   6.3051233e+00   6.9187889e+00   7.4138007e+00   7.6570654e+00   7.6372271e+00   7.2546639e+00   6.5224738e+00   5.4424138e+00   3.7623379e+00   1.5272471e+00   2.0020391e+00   5.5902042e+00   5.7143636e+00   5.1653180e+00   4.9572787e+00   1.5179325e+00   9.9726194e-01   1.8862895e+00   5.2818157e+00   5.7305582e+00   3.4844856e+00   2.9850585e+00   2.7173300e+00   1.8323679e+00   2.5170250e+00   3.3877525e+00   0.0000000e+00   2.4358967e+00   1.7972739e+00   8.0098194e-01   3.1026201e+00   3.6611331e+00   4.2681842e+00   4.7012281e+00   5.1477842e+00
   4.5701809e+00   5.0477695e+00   5.4907751e+00   5.8053160e+00   5.8878307e+00   5.7638283e+00   5.3992462e+00   4.8805161e+00   4.2464752e+00   3.5528834e+00   3.5372744e+00   4.9836155e+00   5.9354707e+00   5.9399319e+00   5.2046933e+00   4.5978238e+00   1.1091651e+00   4.9516672e-01   1.7322259e+00   3.0907586e+00   2.7259541e+00   2.1464033e+00   2.6522379e+00   1.9442976e+00   1.4050707e+00   2.3608253e+00   2.9344392e+00   2.3534566e+00   2.4328395e+00   2.0280818e+00   8.6400867e-01   2.2978096e+00   3.0338027e+00   3.4906564e+00   3.8023467e+00   4.1464243e+00
   4.8886080e+00   5.1574087e+00   5.3542080e+00   5.4571476e+00   5.4326091e+00   5.3067274e+00   5.0592942e+00   4.7750750e+00   4.5801935e+00   4.5849395e+00   4.8833899e+00   5.5206943e+00   5.2124796e+00   5.4138589e+00   4.6211753e+00   4.0549901e+00   8.2721180e-01   2.1609502e-01   1.4541690e+00   1.7897444e+00   1.2354907e+00   2.0646314e+00   1.8799136e+00   1.1175226e+00   1.1420968e+00   1.7807039e+00   2.0159464e+00   2.0658841e+00   1.8443892e+00   1.6603787e+00   1.4982636e+00   2.0913552e+00   3.1279950e+00   3.7981057e+00   4.2181859e+00   4.5669742e+00
   6.2670805e+00   6.5017049e+00   6.6421959e+00   6.6708604e+00   6.5847017e+00   6.4238016e+00   6.1701557e+00   5.9041174e+00   5.5993345e+00   5.1423858e+00   4.7080554e+00   4.4112157e+00   3.8088169e+00   4.6764526e+00   4.3544857e+00   3.7407122e+00   7.8812351e-01   4.0517331e-01   1.1967406e+00   1.2298313e+00   7.4808505e-01   1.8068714e+00   1.1358930e+00   4.1858454e-01   9.4682491e-01   1.6285749e+00   1.9043839e+00   1.9265975e+00   1.6023875e+00   4.5026537e-01   1.1948770e+00   2.3345575e+00   3.8564904e+00   4.8724736e+00   5.4744290e+00   5.9186838e+00
   6.4628446e+00   6.7013308e+00   6.8513743e+00   6.8881995e+00   6.8162552e+00   6.6762902e+00   6.4324619e+00   6.1317961e+00   5.7298115e+00   5.1340979e+00   4.3741130e+00   3.3861638e+00   3.0051547e+00   1.1972018e+00   1.5561837e+00   2.3744425e+00   8.0017325e-01   6.4673517e-01   7.4790058e-01   6.0198824e-01   5.7406746e-01   1.5499609e+00   1.0419194e+00   5.5912875e-01   8.0869170e-01   1.3277268e+00   1.6876160e+00   1.8659102e+00   1.2320736e+00   6.1630575e-01   1.5128714e+00   2.5014805e+00   4.0392055e+00   5.0919469e+00   5.6946314e+00   6.1249630e+00
   5.2886705e+00   5.5253367e+00   5.7070389e+00   5.8167706e+00   5.8681798e+00   5.8796425e+00   5.8107548e+00   5.6600795e+00   5.3893366e+00   4.8974094e+00   4.0051537e+00   2.1519458e+00   1.9882229e+00   1.4866670e+00   7.0247382e-01   1.5624558e+00   8.2550991e-01   8.5258842e-01   5.0292081e-01   4.8788643e-01   7.4293357e-01   1.2431983e+00   1.3177729e+00   1.1363808e+00   9.4847947e-01   1.0298874e+00   1.2035893e+00   1.2128903e+00   6.1874664e-01   9.5227146e-01   1.4129680e+00   2.1205878e+00   3.3286574e+00   4.1362257e+00   4.6318698e+00   4.9934111e+00
   3.6709487e+00   3.9095407e+00   4.1803770e+00   4.4883566e+00   4.7819333e+00   5.0255117e+00   5.1778502e+00   5.2216272e+00   5.1413393e+00   4.8524671e+00   4.1076927e+00   2.2949576e+00   9.6204964e-01   1.3047473e+00   4.5176053e-01   5.7528943e-01   8.0603242e-01   1.4835587e+00   4.6780986e-01   4.3738785e-01   8.3921838e-01   1.3444651e+00   1.7935478e+00   1.8470291e+00   1.5798136e+00   1.3128842e+00   1.1406109e+00   9.3006498e-01   8.3104742e-01   1.2478547e+00   1.2812985e+00   1.7169350e+00   2.4179153e+00   2.8657379e+00   3.1917279e+00   3.4495385e+00
   2.8943498e+00   3.1237078e+00   3.4060321e+00   3.8037837e+00   4.2055969e+00   4.5515008e+00   4.8244886e+00   4.9969387e+00   5.1011152e+00   5.1195116e+00   4.8604083e+00   3.9391394e+00   2.1243394e+00   1.3713884e+00   4.9794573e-01   2.7928755e-01   8.0476695e-01   1.6923840e+00   3.4091809e-01   3.9284220e-01   8.1203079e-01   1.2779378e+00   2.3557158e+00   2.4853802e+00   2.4739430e+00   2.2967036e+00   2.2037861e+00   2.1987579e+00   2.3187518e+00   2.2829497e+00   1.9346755e+00   1.8724736e+00   2.0477536e+00   2.1994276e+00   2.4248497e+00   2.6684318e+00
   3.1272016e+00   3.2048562e+00   3.2351289e+00   3.3567801e+00   3.5987182e+00   3.9159901e+00   4.2591543e+00   4.5008531e+00   4.6967010e+00   4.9165878e+00   5.1348739e+00   5.3038039e+00   4.5574106e+00   8.5824639e-01   3.9277911e-01   4.4657570e-01   1.0852851e+00   1.7462185e+00   3.3502108e-01   4.5653802e-01   8.1812817e-01   3.0961988e+00   2.6582310e+00   2.9424486e+00   3.2678986e+00   3.3660955e+00   3.4849358e+00   3.7143679e+00   3.8397503e+00   3.7160397e+00   3.2989006e+00   2.8853433e+00   2.6583810e+00   2.6160040e+00   2.7494581e+00   2.9528303e+00
   3.7780948e+00   3.6944683e+00   3.4760346e+00   3.2416480e+00   3.2219861e+00   3.4232895e+00   3.7572761e+00   4.0144734e+00   4.2115302e+00   4.4492064e+00   4.8615160e+00   5.6399279e+00   6.3549919e+00   8.8579422e-01   7.0082086e-01   5.7347584e-01   1.6514790e+00   2.7248936e+00   1.4414848e+00   9.0408570e-01   8.8847750e-01   3.2319016e+00   3.0194268e+00   3.2964950e+00   3.7625389e+00   4.0377655e+00   4.2500610e+00   4.5543795e+00   4.6853743e+00   4.5752726e+00   4.2770405e+00   3.8643882e+00   3.4992142e+00   3.3961322e+00   3.4840453e+00   3.6519330e+00
   4.0253634e+00   3.9215610e+00   3.6538363e+00   3.2797723e+00   3.0634923e+00   3.1078339e+00   3.3149555e+00   3.5363631e+00   3.6926908e+00   3.8218524e+00   4.1582909e+00   5.0690103e+00   6.3486599e+00   1.7374040e+00   2.1929100e+00   7.8817791e-01   1.5878563e+00   3.3146263e+00   2.7108390e+00   2.0682256e+00   1.0034359e+00   2.9919526e+00   3.0844305e+00   3.1978726e+00   3.6770334e+00   4.0486455e+00   4.3107090e+00   4.6140842e+00   4.7302251e+00   4.6357746e+00   4.3917418e+00   4.0366306e+00   3.6837490e+00   3.5862508e+00   3.6966999e+00   3.8881111e+00
   3.2247443e+00   3.2129221e+00   3.0601552e+00   2.8107030e+00   2.6319666e+00   2.6163301e+00   2.7045648e+00   2.8066971e+00   2.8936632e+00   2.9049008e+00   3.0755541e+00   3.8274231e+00   5.3939434e+00   1.5718664e+00   2.5530465e+00   1.1300259e+00   1.2643364e+00   2.9925280e+00   1.7866973e+00   1.9638932e+00   1.1105577e+00   2.0613873e+00   2.1770749e+00   2.4421315e+00   2.7310364e+00   3.0019484e+00   3.3508799e+00   3.6937156e+00   3.8163466e+00   3.7370787e+00   3.3748770e+00   2.8911207e+00   2.6766779e+00   2.6393418e+00   2.8256252e+00   3.0832260e+00
   1.7108445e+00   1.7588562e+00   1.7486488e+00   1.6863749e+00   1.6868521e+00   1.7514672e+00   1.8252256e+00   1.8325310e+00   1.8100474e+00   1.7391179e+00   1.7964702e+00   2.3929610e+00   4.2400217e+00   1.6251678e+00   1.6531776e+00   1.2677286e+00   1.0352595e+00   1.9869900e+00   8.8731903e-01   1.6112372e+00   1.0633117e+00   1.1208544e+00   1.0640816e+00   9.9593031e-01   1.4799166e+00   1.5603862e+00   1.7648400e+00   2.1011829e+00   2.2244215e+00   2.2246368e+00   2.0122836e+00   1.3746107e+00   8.5970056e-01   8.6250359e-01   1.1980903e+00   1.5540394e+00
   8.3994615e-01   5.7396692e-01   5.8329308e-01   5.1981348e-01   5.3171110e-01   6.4400285e-01   6.8927902e-01   6.3171953e-01   5.5053926e-01   5.4672384e-01   6.2652940e-01   1.0313597e+00   2.8418636e+00   1.6796221e+00   7.7356637e-01   4.1669655e-01   9.5015902e-01   9.3538564e-01   1.2133445e+00   8.9141411e-01   5.6554461e-01   2.0401318e+00   8.6142904e-01   1.1317053e+00   7.2990394e-01   8.4951019e-01   5.4260671e-01   6.9312382e-01   9.3834037e-01   1.2772181e+00   1.8680946e+00   2.2517617e+00   2.3165696e+00   2.0226564e+00   1.6876717e+00   1.2899061e+00
   2.6771460e+00   2.3902077e+00   2.2690494e+00   2.1174676e+00   1.9656273e+00   1.7899714e+00   1.6564373e+00   1.5932254e+00   1.6294414e+00   1.7667279e+00   1.8870497e+00   1.9176085e+00   2.4310446e+00   1.0488841e+00   6.4630038e-01   4.5939893e-01   3.6230029e-01   8.5769876e-01   1.4870081e+00   1.4940825e+00   7.2462386e-01   1.7462893e+00   1.1599887e+00   2.1447186e+00   1.8584328e+00   1.7671107e+00   1.6802788e+00   2.0709078e+00   2.5152852e+00   3.0060108e+00   3.1621424e+00   1.5216047e+00   3.9716030e+00   3.8509612e+00   3.6111262e+00   3.1673813e+00
   4.1371756e+00   3.8629851e+00   3.7291894e+00   3.6180382e+00   3.5506976e+00   3.5292430e+00   3.4565039e+00   3.3891890e+00   3.3886070e+00   3.4837072e+00   3.5466959e+00   3.4214404e+00   2.8150158e+00   1.3041337e+00   6.2700224e-01   5.4509501e-01   0.0000000e+00   8.4910369e-01   1.5124092e+00   1.0866308e+00   1.1100323e+00   9.5233327e-01   8.9770818e-01   1.1330049e+00   2.6282459e+00   2.6830075e+00   3.0086787e+00   3.6906767e+00   4.2285550e+00   4.6980535e+00   4.6759084e+00   1.9908179e+00   4.9005543e+00   4.9750333e+00   4.8186417e+00   4.5209131e+00
   4.2334845e+00   4.1125655e+00   4.0234692e+00   4.0196812e+00   4.1014099e+00   4.2001593e+00   4.2866581e+00   4.3499442e+00   4.3773949e+00   4.3652561e+00   4.2999177e+00   4.0676582e+00   3.5423784e+00   1.6073795e+00   4.7165170e-01   1.5125714e+00   1.9642270e+00   1.2224166e+00   1.0014158e+00   8.7219320e-01   9.2811337e-01   1.0156882e+00   7.3491415e-01   9.0438067e-01   2.5046261e+00   2.8372725e+00   3.3859185e+00   4.2436038e+00   4.5493438e+00   1.6765762e+00   1.9698466e+00   2.2352348e+00   4.7720931e+00   4.4413712e+00   4.4097343e+00   4.3552020e+00
   3.1195271e+00   3.2450874e+00   3.3453677e+00   3.4834120e+00   3.6627207e+00   3.8321660e+00   4.0092087e+00   4.1530070e+00   4.2307148e+00   4.1708765e+00   4.0245419e+00   3.7954271e+00   3.5418526e+00   1.3482217e+00   7.4780124e-01   1.6300797e+00   2.0439038e+00   1.1217935e+00   9.5004022e-01   9.8170345e-01   1.6512116e+00   2.0492923e+00   1.1529637e+00   2.3488553e+00   2.1677750e+00   2.3956354e+00   2.7212528e+00   1.0015582e+00   9.1068983e-01   8.0313355e-01   7.8568095e-01   1.3041937e+00   2.9605273e+00   2.4928956e+00   2.6385961e+00   2.9167805e+00
   1.2510505e+00   1.6334628e+00   1.9666085e+00   2.2035577e+00   2.3970442e+00   2.6322236e+00   2.8458004e+00   2.9656768e+00   2.9993124e+00   2.9209085e+00   2.8097367e+00   2.7308607e+00   3.0398978e+00   1.2231582e+00   1.7200983e+00   1.4855113e+00   1.4767653e+00   1.3691336e+00   1.6460595e+00   1.7399156e+00   2.0828445e+00   2.3634874e+00   2.7232616e+00   2.2651899e+00   1.6589089e+00   1.5984488e+00   1.7693774e+00   4.6506724e-01   3.5650927e-01   5.1593375e-01   5.2756172e-01   5.5217153e-01   1.2832411e+00   7.8652161e-01   7.2227150e-01   9.1083056e-01
   7.0325804e-01   6.5399754e-01   7.1284747e-01   7.1996200e-01   8.0828702e-01   9.6095043e-01   1.1016369e+00   1.1868145e+00   1.2150565e+00   1.1825814e+00   1.1279045e+00   1.1754621e+00   1.2797028e+00   1.5173084e+00   1.4700973e+00   1.2136712e+00   9.6433991e-01   1.0602719e+00   1.5962640e+00   2.1343840e+00   2.2996055e+00   2.3550636e+00   5.2428524e-01   5.5052554e-01   4.1561376e-01   4.3503255e-01   5.3952668e-01   3.5338825e-01   3.6472899e-01   5.4247344e-01   7.1673650e-01   7.1230245e-01   1.3933495e+00   1.7695775e+00   1.3955190e+00   1.0693331e+00
   1.9565412e+00   1.5580964e+00   1.2736347e+00   1.0211840e+00   8.1238812e-01   6.5512002e-01   5.1984340e-01   4.4178635e-01   3.9450088e-01   3.8595125e-01   4.3090048e-01   5.6876844e-01   6.8765197e-01   8.5981490e-01   7.8771156e-01   5.6369859e-01   4.5415926e-01   9.7628284e-01   1.4326521e+00   5.3065558e-01   6.5531707e-01   5.3110850e-01   3.1962121e-01   4.8542374e-01   4.4352984e-01   4.4966930e-01   6.1026700e-01   3.2080429e-01   5.6316467e-01   4.2989187e-01   5.9103644e-01   7.8918147e-01   7.6092756e-01   1.5653378e+00   1.8614685e+00   1.9597699e+00
   3.3161906e+00   2.2150169e+00   1.6254587e+00   1.4937069e+00   1.2175077e+00   1.0885386e+00   1.0268570e+00   9.5762039e-01   7.5177992e-01   8.2796770e-01   9.3432099e-01   1.1809164e+00   5.3427947e-01   4.6950394e-01   7.5089355e-01   5.8983792e-01   5.3152859e-01   1.0323887e+00   1.1966717e+00   6.2355303e-01   6.1023125e-01   4.3872651e-01   3.4341627e-01   4.6662411e-01   5.7701725e-01   6.0774136e-01   6.4844489e-01   6.7713653e-01   7.4592630e-01   7.2623140e-01   7.1807772e-01   5.1932031e-01   3.9549518e-01   5.7672042e-01   8.5054570e-01   1.9000406e+00
