   0.0000000e+00
   0.0000000e+00
   5.2622305e-03
  -3.5635770e-03
  -1.2302712e-02
  -1.5364756e-02
  -1.7215406e-02
  -1.8433324e-02
  -1.9652357e-02
  -1.8413421e-02
  -1.6242574e-02
  -1.5545786e-02
  -1.5159806e-02
  -1.5455355e-02
  -1.4453182e-02
  -1.2664584e-02
  -1.0044011e-02
  -6.0657872e-03
  -2.6155761e-03
   6.2972355e-04
   4.8935150e-03
   7.8562378e-03
   1.4851018e-02
   0.0000000e+00
   2.4825641e-02
   2.8072258e-02
   2.8153304e-02
   2.5031342e-02
   2.4239676e-02
   2.1759181e-02
   2.0633018e-02
   0.0000000e+00
   0.0000000e+00
   0.0000000e+00
   0.0000000e+00
   0.0000000e+00
   0.0000000e+00
   0.0000000e+00
   0.0000000e+00
  -1.0858301e-02
  -1.5975721e-02
  -1.4069442e-02
  -1.2807226e-02
  -1.0447703e-02
  -6.3597253e-03
  -2.4458601e-03
   1.3011685e-03
   4.9566738e-03
   6.8011275e-03
   6.4029470e-03
   4.3154536e-03
   3.0057626e-03
   2.2244765e-03
   3.1040127e-03
   5.5704121e-03
   5.2186633e-03
   4.5155711e-03
   6.6560670e-03
   1.2274702e-02
   2.2491907e-02
   1.9527806e-02
   1.7991175e-02
   0.0000000e+00
   0.0000000e+00
   0.0000000e+00
   0.0000000e+00
   0.0000000e+00
   0.0000000e+00
   0.0000000e+00
   0.0000000e+00
   0.0000000e+00
   0.0000000e+00
   0.0000000e+00
   0.0000000e+00
   4.3349752e-03
   6.0488992e-03
   1.2274944e-02
   1.9603837e-02
   2.6303601e-02
   3.2981221e-02
   3.9366513e-02
   4.4149151e-02
   4.8275717e-02
   5.0163828e-02
   4.9354927e-02
   4.7634847e-02
   4.4542614e-02
   4.0879934e-02
   3.7416279e-02
   3.3662029e-02
   3.0089302e-02
   2.5685279e-02
   2.0667100e-02
   1.9305236e-02
   2.1624774e-02
   2.3814323e-02
   2.0340100e-02
   1.9945446e-02
   0.0000000e+00
   0.0000000e+00
   0.0000000e+00
   0.0000000e+00
   0.0000000e+00
   0.0000000e+00
   0.0000000e+00
   0.0000000e+00
   0.0000000e+00
   0.0000000e+00
   0.0000000e+00
   0.0000000e+00
   4.3507397e-02
   5.1489340e-02
   5.8745727e-02
   6.6209167e-02
   7.1308180e-02
   7.4797355e-02
   7.8684896e-02
   8.1810748e-02
   8.3262116e-02
   8.3399609e-02
   8.2250704e-02
   7.8533046e-02
   7.3889844e-02
   7.0778533e-02
   6.8603948e-02
   6.5947086e-02
   6.1315876e-02
   5.2927870e-02
   4.2349931e-02
   3.2776370e-02
   2.5823769e-02
   2.0567510e-02
   2.0830193e-02
   1.5488842e-02
   0.0000000e+00
   0.0000000e+00
   0.0000000e+00
   0.0000000e+00
   0.0000000e+00
   0.0000000e+00
   0.0000000e+00
   0.0000000e+00
   0.0000000e+00
   0.0000000e+00
   5.5650913e-02
   0.0000000e+00
   7.1383528e-02
   8.8835597e-02
   9.3685851e-02
   9.7526297e-02
   9.8447487e-02
   9.5076077e-02
   9.2922047e-02
   9.2604622e-02
   9.1262691e-02
   8.9871079e-02
   8.9289442e-02
   8.7617315e-02
   8.5408792e-02
   8.4060565e-02
   8.3734758e-02
   8.3202764e-02
   8.0210783e-02
   7.3160000e-02
   6.1002843e-02
   4.6413962e-02
   3.6213935e-02
   0.0000000e+00
   1.4288176e-02
   1.1821925e-02
   0.0000000e+00
   0.0000000e+00
   0.0000000e+00
   0.0000000e+00
   0.0000000e+00
   0.0000000e+00
   0.0000000e+00
   0.0000000e+00
   0.0000000e+00
   0.0000000e+00
   7.4284985e-02
   8.8801176e-02
   9.0429087e-02
   1.0422594e-01
   1.0697244e-01
   1.0711517e-01
   1.0142704e-01
   9.2474636e-02
   8.4367094e-02
   7.9631505e-02
   7.6351678e-02
   7.4590398e-02
   7.4838756e-02
   7.5389995e-02
   7.6248652e-02
   7.7708019e-02
   7.9240551e-02
   8.0345927e-02
   7.9732759e-02
   7.6629011e-02
   6.8084925e-02
   5.1468567e-02
   0.0000000e+00
   0.0000000e+00
   0.0000000e+00
   1.9757297e-02
   2.1574846e-02
   2.0348307e-02
   0.0000000e+00
   0.0000000e+00
   0.0000000e+00
   0.0000000e+00
   0.0000000e+00
   0.0000000e+00
   4.1087084e-02
   6.4064480e-02
   8.2448959e-02
   9.1059975e-02
   9.5052235e-02
   9.8116256e-02
   9.5907621e-02
   9.0287320e-02
   8.0653243e-02
   6.8609789e-02
   5.7981040e-02
   5.1371560e-02
   4.8001822e-02
   4.7184929e-02
   4.8626658e-02
   5.1337730e-02
   5.4385513e-02
   5.6847185e-02
   5.9475224e-02
   6.1762556e-02
   6.3680239e-02
   6.3578635e-02
   5.8370814e-02
   4.2576987e-02
   0.0000000e+00
   0.0000000e+00
   0.0000000e+00
   0.0000000e+00
   2.2897432e-02
   2.5820429e-02
   0.0000000e+00
   0.0000000e+00
   0.0000000e+00
   0.0000000e+00
   0.0000000e+00
   0.0000000e+00
   4.4693457e-02
   7.7616008e-02
   6.6192559e-02
   6.5405160e-02
   6.3947476e-02
   5.9229073e-02
   5.3695098e-02
   4.7279645e-02
   3.8798804e-02
   2.8833184e-02
   2.0363433e-02
   1.5175407e-02
   1.3569341e-02
   1.4989242e-02
   1.8356157e-02
   2.2632634e-02
   2.6974473e-02
   3.0113321e-02
   3.2445300e-02
   3.4724478e-02
   3.7193562e-02
   3.8379956e-02
   3.4131274e-02
   2.1949255e-02
   0.0000000e+00
   0.0000000e+00
   0.0000000e+00
   0.0000000e+00
   0.0000000e+00
   0.0000000e+00
   0.0000000e+00
   0.0000000e+00
   0.0000000e+00
   0.0000000e+00
   4.2572550e-02
   4.5153859e-02
   5.2178145e-02
   6.6688068e-02
   2.6353847e-02
   1.9840846e-02
   1.3840596e-02
   8.5474364e-03
   4.4332994e-03
   5.8376475e-04
  -3.7112236e-03
  -8.7161278e-03
  -1.3131988e-02
  -1.5260807e-02
  -1.4251688e-02
  -1.0729261e-02
  -6.4583211e-03
  -1.6501619e-03
   3.0560091e-03
   6.0846414e-03
   8.2696639e-03
   1.0492361e-02
   1.1882657e-02
   1.1555498e-02
   7.8305677e-03
   8.8665658e-04
  -0.0000000e+00
   0.0000000e+00
   0.0000000e+00
   0.0000000e+00
   0.0000000e+00
   0.0000000e+00
   0.0000000e+00
   0.0000000e+00
   0.0000000e+00
   1.4501166e-02
   2.5315374e-02
   2.7540134e-02
   2.7973127e-02
   3.0677034e-02
  -1.3478958e-02
  -2.0812176e-02
  -2.7360089e-02
  -3.1794406e-02
  -3.4770656e-02
  -3.6420804e-02
  -3.7201151e-02
  -3.8156133e-02
  -3.8827308e-02
  -3.8281079e-02
  -3.5985358e-02
  -3.1881206e-02
  -2.7097253e-02
  -2.1790879e-02
  -1.6983924e-02
  -1.3451757e-02
  -1.1129875e-02
  -9.9806096e-03
  -1.1091843e-02
  -1.3936235e-02
  -1.8370101e-02
  -1.7172407e-02
  -0.0000000e+00
   0.0000000e+00
   0.0000000e+00
   0.0000000e+00
   0.0000000e+00
   0.0000000e+00
  -0.0000000e+00
   0.0000000e+00
   0.0000000e+00
  -1.3899480e-03
  -5.1989523e-04
  -1.1608102e-03
  -3.1621968e-03
  -7.4948906e-03
  -3.6579150e-02
  -4.4171501e-02
  -5.0955914e-02
  -5.5863761e-02
  -5.8797903e-02
  -5.9328232e-02
  -5.8094346e-02
  -5.6728791e-02
  -5.5419225e-02
  -5.3495479e-02
  -5.0779022e-02
  -4.6062049e-02
  -4.0737021e-02
  -3.5103478e-02
  -2.9877624e-02
  -2.6343808e-02
  -2.5083939e-02
  -2.6892157e-02
  -3.1267758e-02
  -3.6641974e-02
  -4.1232947e-02
  -3.1611018e-02
  -0.0000000e+00
   0.0000000e+00
   0.0000000e+00
   0.0000000e+00
   0.0000000e+00
   0.0000000e+00
  -2.2323652e-02
  -1.5061220e-02
  -2.0663767e-02
  -1.6810066e-02
  -1.7751545e-02
  -2.0401272e-02
  -2.4197711e-02
  -2.9712657e-02
  -4.7213543e-02
  -5.5748157e-02
  -6.3318729e-02
  -6.8692699e-02
  -7.1023390e-02
  -7.0158005e-02
  -6.7615554e-02
  -6.4778335e-02
  -6.2174883e-02
  -5.9838042e-02
  -5.6999367e-02
  -5.2438676e-02
  -4.7483400e-02
  -4.2456526e-02
  -3.8542725e-02
  -3.6943424e-02
  -3.8398337e-02
  -4.3272063e-02
  -4.9825203e-02
  -5.6110770e-02
  -5.8533024e-02
  -3.8906392e-02
  -0.0000000e+00
   0.0000000e+00
   0.0000000e+00
   0.0000000e+00
   0.0000000e+00
   0.0000000e+00
  -3.5811624e-02
  -2.4870607e-02
  -2.3551760e-02
  -2.2244535e-02
  -2.4890818e-02
  -2.9828006e-02
  -3.4271512e-02
  -3.9834116e-02
  -4.7386196e-02
  -5.6964271e-02
  -6.5110050e-02
  -7.0202045e-02
  -7.1230151e-02
  -6.8086304e-02
  -6.3519493e-02
  -5.9061401e-02
  -5.5882938e-02
  -5.4499671e-02
  -5.3460453e-02
  -5.1323768e-02
  -4.8551138e-02
  -4.5896742e-02
  -4.4655219e-02
  -4.6264701e-02
  -5.0544940e-02
  -5.6462586e-02
  -6.2037911e-02
  -6.6305548e-02
  -6.4258941e-02
  -3.7571178e-02
  -0.0000000e+00
   0.0000000e+00
   0.0000000e+00
   0.0000000e+00
   0.0000000e+00
   0.0000000e+00
  -0.0000000e+00
  -2.8547124e-02
  -2.3307748e-02
  -2.0332361e-02
  -2.5545333e-02
  -3.1526484e-02
  -3.5521299e-02
  -3.9994050e-02
  -4.1286249e-02
  -5.0874159e-02
  -5.8400713e-02
  -6.1878387e-02
  -6.1091423e-02
  -5.4636773e-02
  -4.6735629e-02
  -4.0935595e-02
  -4.0152803e-02
  -4.3556351e-02
  -4.7931489e-02
  -5.1265407e-02
  -5.3208187e-02
  -5.5044029e-02
  -5.8119267e-02
  -6.2560715e-02
  -6.6779017e-02
  -6.9570519e-02
  -7.0284232e-02
  -6.8713449e-02
  -5.9813783e-02
  -4.1572253e-02
   0.0000000e+00
   0.0000000e+00
   0.0000000e+00
   0.0000000e+00
   0.0000000e+00
   0.0000000e+00
   0.0000000e+00
  -0.0000000e+00
  -2.2558659e-02
  -2.0851225e-02
  -2.6547780e-02
  -3.0459179e-02
  -3.2230277e-02
  -3.4685578e-02
  -2.9549554e-02
  -3.6926787e-02
  -4.3276466e-02
  -4.5212302e-02
  -4.2912558e-02
  -3.5908822e-02
  -2.8825315e-02
  -2.6021935e-02
  -2.9737663e-02
  -3.7779521e-02
  -4.7005225e-02
  -5.5384174e-02
  -6.1899651e-02
  -6.7892998e-02
  -7.3870279e-02
  -7.7910952e-02
  -7.9156443e-02
  -7.6897874e-02
  -7.1324959e-02
  -6.1886381e-02
  -4.2489953e-02
  -2.3960489e-02
   0.0000000e+00
   0.0000000e+00
   0.0000000e+00
   0.0000000e+00
   0.0000000e+00
   0.0000000e+00
   0.0000000e+00
   0.0000000e+00
  -2.7012182e-02
  -2.6069744e-02
  -2.8172242e-02
  -2.7460400e-02
  -2.6155651e-02
  -2.6039723e-02
  -1.3654579e-02
  -1.8041208e-02
  -2.3330735e-02
  -2.6218813e-02
  -2.6175909e-02
  -2.4167670e-02
  -2.3210246e-02
  -2.5253136e-02
  -3.1063152e-02
  -3.9588373e-02
  -4.8970021e-02
  -5.7976186e-02
  -6.5663695e-02
  -7.2723255e-02
  -7.8498982e-02
  -8.0522165e-02
  -7.8569300e-02
  -7.2291330e-02
  -6.2449552e-02
  -4.7928054e-02
  -2.2436673e-02
  -0.0000000e+00
   0.0000000e+00
   0.0000000e+00
   0.0000000e+00
   0.0000000e+00
   0.0000000e+00
   0.0000000e+00
   0.0000000e+00
   0.0000000e+00
  -3.1168093e-02
  -2.7043749e-02
  -2.4339158e-02
  -2.0145372e-02
  -1.6482968e-02
  -1.3961194e-02
   2.6031188e-03
  -5.4460706e-04
  -6.7995740e-03
  -1.2558463e-02
  -2.0431167e-02
  -2.8171258e-02
  -3.5483100e-02
  -4.2590965e-02
  -4.9843822e-02
  -5.6859937e-02
  -6.2623121e-02
  -6.6720337e-02
  -6.9729306e-02
  -7.2048478e-02
  -7.2737411e-02
  -7.0220694e-02
  -6.4136572e-02
  -5.4690469e-02
  -4.3196499e-02
  -2.7452592e-02
  -4.3345825e-03
   0.0000000e+00
   0.0000000e+00
   0.0000000e+00
   0.0000000e+00
   0.0000000e+00
   0.0000000e+00
   0.0000000e+00
   0.0000000e+00
   0.0000000e+00
  -3.0916807e-02
  -2.1367587e-02
  -1.5441840e-02
  -9.4041880e-03
  -4.4231317e-03
  -5.8907142e-04
   1.6251900e-02
   1.0602645e-02
   6.4835674e-04
  -9.2313779e-03
  -2.5560606e-02
  -4.1765463e-02
  -5.5165760e-02
  -6.6594929e-02
  -7.6585613e-02
  -8.3756429e-02
  -8.7284818e-02
  -8.6470582e-02
  -8.2142745e-02
  -7.5668469e-02
  -6.7438997e-02
  -5.8490112e-02
  -4.8874184e-02
  -3.8484849e-02
  -2.7913861e-02
  -1.4475628e-02
   6.8737366e-03
   0.0000000e+00
   0.0000000e+00
   0.0000000e+00
   0.0000000e+00
   0.0000000e+00
   0.0000000e+00
   0.0000000e+00
   0.0000000e+00
   0.0000000e+00
  -1.9844688e-02
  -1.3075522e-02
  -4.5458674e-03
   2.3853638e-03
   7.8864265e-03
   1.1403146e-02
   3.1148314e-02
   0.0000000e+00
  -0.0000000e+00
  -1.0077571e-02
  -2.5775271e-02
  -4.3411493e-02
  -5.7614554e-02
  -6.9311291e-02
  -7.9354443e-02
  -8.6592659e-02
  -9.0319492e-02
  -8.9138135e-02
  -8.3010614e-02
  -7.3679507e-02
  -6.2304914e-02
  -5.1189225e-02
  -4.0760901e-02
  -3.0864339e-02
  -2.1486007e-02
  -1.1030510e-02
   3.6051623e-03
   0.0000000e+00
   0.0000000e+00
   0.0000000e+00
   0.0000000e+00
   0.0000000e+00
   0.0000000e+00
   0.0000000e+00
   0.0000000e+00
   0.0000000e+00
  -1.8775018e-02
  -9.1772210e-03
   2.7322802e-03
   1.2081152e-02
   1.9457655e-02
   2.2234894e-02
   3.8931429e-02
   3.9113767e-02
   0.0000000e+00
  -1.1034727e-02
  -2.0486961e-02
  -3.5399240e-02
  -4.8114053e-02
  -5.8640696e-02
  -6.7640670e-02
  -7.4147631e-02
  -7.7980774e-02
  -7.8241857e-02
  -7.4465212e-02
  -6.7561299e-02
  -5.7937890e-02
  -4.7408952e-02
  -3.6510993e-02
  -2.5722611e-02
  -1.6273269e-02
  -8.4216046e-03
  -3.6374922e-03
  -0.0000000e+00
   0.0000000e+00
   0.0000000e+00
   0.0000000e+00
   0.0000000e+00
   0.0000000e+00
   0.0000000e+00
   0.0000000e+00
   0.0000000e+00
  -2.3226642e-02
  -1.0917505e-02
   5.0761338e-03
   1.9337065e-02
   3.2980286e-02
   3.5117987e-02
   3.8949354e-02
   3.9113769e-02
   0.0000000e+00
  -1.1878753e-02
  -2.1134242e-02
  -3.2623321e-02
  -4.2185299e-02
  -4.9881008e-02
  -5.6816295e-02
  -6.2831178e-02
  -6.7830384e-02
  -7.0863135e-02
  -7.0809573e-02
  -6.8038546e-02
  -6.2079884e-02
  -5.3425614e-02
  -4.1917574e-02
  -2.8199716e-02
  -1.5525063e-02
  -5.6741931e-03
  -9.5402574e-03
  -0.0000000e+00
   0.0000000e+00
   0.0000000e+00
   0.0000000e+00
   0.0000000e+00
   0.0000000e+00
   0.0000000e+00
   0.0000000e+00
   0.0000000e+00
  -3.7850343e-02
  -2.0556254e-02
   3.3477799e-03
   2.5730143e-02
   4.7900355e-02
   0.0000000e+00
   0.0000000e+00
   0.0000000e+00
   0.0000000e+00
  -2.2066431e-02
  -3.2793563e-02
  -4.5645084e-02
  -5.6952067e-02
  -6.6490479e-02
  -7.5833417e-02
  -8.4539719e-02
  -9.2366867e-02
  -9.8342195e-02
  -1.0102248e-01
  -1.0045446e-01
  -9.5215522e-02
  -8.4917009e-02
  -6.9037534e-02
  -4.7253266e-02
  -2.4544479e-02
  -3.5897822e-03
   0.0000000e+00
   0.0000000e+00
   0.0000000e+00
  -1.0128328e-02
   0.0000000e+00
   0.0000000e+00
   0.0000000e+00
   0.0000000e+00
  -8.2338512e-02
  -6.9949157e-02
  -5.6145283e-02
  -3.5097696e-02
   6.3417089e-04
   2.8014589e-02
   0.0000000e+00
   0.0000000e+00
   0.0000000e+00
   0.0000000e+00
   0.0000000e+00
  -3.3468163e-02
  -4.4086933e-02
  -5.7778373e-02
  -7.0776917e-02
  -8.2163341e-02
  -9.3296997e-02
  -1.0315338e-01
  -1.1178593e-01
  -1.1847013e-01
  -1.2161950e-01
  -1.2080334e-01
  -1.1425304e-01
  -1.0189746e-01
  -8.4002301e-02
  -5.9524432e-02
  -3.1210618e-02
  -5.9426897e-03
   0.0000000e+00
   0.0000000e+00
  -5.1016224e-02
  -2.8772931e-02
   0.0000000e+00
   0.0000000e+00
   0.0000000e+00
   0.0000000e+00
  -8.1090679e-02
  -7.3854499e-02
  -6.7461260e-02
  -5.3258289e-02
  -1.4306087e-02
   1.0074055e-02
   0.0000000e+00
   0.0000000e+00
   0.0000000e+00
   0.0000000e+00
  -0.0000000e+00
  -4.1549439e-02
  -5.1956065e-02
  -6.3096896e-02
  -7.3322936e-02
  -8.1863359e-02
  -8.9815527e-02
  -9.6073355e-02
  -1.0094417e-01
  -1.0496770e-01
  -1.0735398e-01
  -1.0776863e-01
  -1.0464317e-01
  -9.6629772e-02
  -8.2837977e-02
  -6.1158542e-02
  -3.3258173e-02
  -6.5819500e-03
   0.0000000e+00
  -3.8360516e-02
  -5.2710905e-02
  -4.7619473e-02
  -0.0000000e+00
   0.0000000e+00
   0.0000000e+00
  -7.1306708e-02
  -7.5976698e-02
  -7.7023737e-02
  -7.0614836e-02
  -6.8528056e-02
  -5.9800005e-02
   1.8002809e-02
   0.0000000e+00
   0.0000000e+00
   0.0000000e+00
   0.0000000e+00
   0.0000000e+00
  -4.9199206e-02
  -5.4980829e-02
  -6.1263062e-02
  -6.6294782e-02
  -7.0905976e-02
  -7.5324565e-02
  -7.7494957e-02
  -7.7857234e-02
  -7.8537442e-02
  -8.0738142e-02
  -8.3849780e-02
  -8.5342661e-02
  -8.2635462e-02
  -7.4109569e-02
  -5.5891823e-02
  -3.0996196e-02
  -3.1479271e-03
   0.0000000e+00
  -3.3180305e-02
  -4.4696603e-02
  -5.7033345e-02
  -0.0000000e+00
   0.0000000e+00
   0.0000000e+00
  -6.4089805e-02
  -6.9839135e-02
  -7.0617840e-02
  -6.1300974e-02
  -6.1638925e-02
  -5.1073939e-02
  -0.0000000e+00
   0.0000000e+00
   0.0000000e+00
   0.0000000e+00
   0.0000000e+00
   0.0000000e+00
  -4.7916783e-02
  -4.9804371e-02
  -5.2345105e-02
  -5.5070069e-02
  -5.9091590e-02
  -6.3558660e-02
  -6.5686338e-02
  -6.5169215e-02
  -6.3696280e-02
  -6.4155743e-02
  -6.7216948e-02
  -7.0991509e-02
  -7.1292751e-02
  -6.5471724e-02
  -4.8134554e-02
  -2.4265053e-02
  -3.6676833e-04
   0.0000000e+00
  -0.0000000e+00
  -0.0000000e+00
  -5.3430106e-02
  -5.9850179e-02
   0.0000000e+00
   0.0000000e+00
  -4.8970751e-02
  -5.2859396e-02
  -5.2577965e-02
  -4.3153074e-02
  -3.8736383e-02
  -4.4400637e-02
   0.0000000e+00
   0.0000000e+00
   0.0000000e+00
   0.0000000e+00
   0.0000000e+00
   0.0000000e+00
  -2.9172942e-02
  -2.7665521e-02
  -2.9849218e-02
  -3.5330485e-02
  -4.1978976e-02
  -4.7995312e-02
  -5.1653003e-02
  -5.2341000e-02
  -5.0711842e-02
  -4.9519704e-02
  -4.9981137e-02
  -5.2353126e-02
  -5.2835402e-02
  -4.8789160e-02
  -3.4393906e-02
  -1.2345157e-02
   0.0000000e+00
   0.0000000e+00
   0.0000000e+00
   0.0000000e+00
  -3.3588523e-02
  -4.5558000e-02
  -3.8470304e-02
  -3.4544266e-02
  -2.7936059e-02
  -2.4206470e-02
  -2.4276300e-02
  -2.1180174e-02
  -1.3308248e-02
  -1.5889782e-02
   0.0000000e+00
   0.0000000e+00
   0.0000000e+00
   0.0000000e+00
   0.0000000e+00
   0.0000000e+00
   3.8166153e-03
   1.0133609e-02
   3.4283823e-03
  -8.7725557e-03
  -2.0394497e-02
  -2.9123425e-02
  -3.3661455e-02
  -3.5069499e-02
  -3.3877272e-02
  -3.2150500e-02
  -3.1052599e-02
  -3.1239603e-02
  -3.0611720e-02
  -2.6266700e-02
  -2.1021966e-02
  -5.2157281e-04
   0.0000000e+00
   0.0000000e+00
   0.0000000e+00
   0.0000000e+00
  -1.1060389e-02
  -1.8170146e-02
  -2.1494497e-02
  -3.4544265e-02
  -4.3103124e-04
   6.9018668e-03
   5.2406685e-03
   4.1810781e-03
   1.0671516e-02
   1.6779711e-02
   0.0000000e+00
   0.0000000e+00
   0.0000000e+00
   0.0000000e+00
   0.0000000e+00
   0.0000000e+00
   3.5679953e-02
   4.8065707e-02
   3.8836233e-02
   2.0880748e-02
   5.7901298e-03
  -4.8099943e-03
  -9.5947180e-03
  -1.0923118e-02
  -9.9382978e-03
  -7.6210322e-03
  -5.8780434e-03
  -4.9629253e-03
  -3.3514970e-03
   3.6085099e-03
   2.3433177e-03
   1.8307953e-02
   0.0000000e+00
   0.0000000e+00
   0.0000000e+00
   0.0000000e+00
   0.0000000e+00
   1.1167133e-02
   5.0974633e-03
   0.0000000e+00
   2.4233705e-02
   3.9342850e-02
   3.7679587e-02
   3.6047615e-02
   3.5574086e-02
   3.6504030e-02
   0.0000000e+00
   0.0000000e+00
   0.0000000e+00
   0.0000000e+00
   0.0000000e+00
   0.0000000e+00
   4.1052040e-02
   5.5546284e-02
   5.1387064e-02
   3.8583535e-02
   2.8174020e-02
   2.1133257e-02
   1.8407136e-02
   1.8695831e-02
   2.0830456e-02
   2.4070189e-02
   2.6676346e-02
   2.7946759e-02
   2.7980412e-02
   3.3417020e-02
   2.2331700e-02
   1.8240944e-02
   0.0000000e+00
   0.0000000e+00
   0.0000000e+00
   0.0000000e+00
   0.0000000e+00
   0.0000000e+00
   3.1699642e-02
   4.3476513e-02
   0.0000000e+00
   5.4314045e-02
   5.6174597e-02
   5.5422146e-02
   5.2164269e-02
   0.0000000e+00
   0.0000000e+00
   0.0000000e+00
   0.0000000e+00
   0.0000000e+00
   0.0000000e+00
   0.0000000e+00
   0.0000000e+00
   3.1478573e-02
   3.4088604e-02
   3.4723017e-02
   3.9294049e-02
   4.2948630e-02
   4.7403242e-02
   5.2069858e-02
   5.7832718e-02
   6.2989116e-02
   6.6933662e-02
   6.8119794e-02
   6.4413249e-02
   0.0000000e+00
   3.0317228e-02
   3.2312781e-02
   0.0000000e+00
   0.0000000e+00
   0.0000000e+00
   0.0000000e+00
   0.0000000e+00
   0.0000000e+00
   0.0000000e+00
   0.0000000e+00
   0.0000000e+00
   0.0000000e+00
   0.0000000e+00
   0.0000000e+00
   0.0000000e+00
   0.0000000e+00
   0.0000000e+00
   0.0000000e+00
   0.0000000e+00
   0.0000000e+00
   0.0000000e+00
   0.0000000e+00
   0.0000000e+00
   0.0000000e+00
   1.0641264e-02
   2.4722081e-02
   4.2154893e-02
   5.5620428e-02
   6.7372068e-02
   7.6763175e-02
   8.5181028e-02
   9.1654580e-02
   9.6714273e-02
   9.8895654e-02
   9.4285365e-02
   9.3874785e-02
   6.6527549e-02
   0.0000000e+00
   0.0000000e+00
   0.0000000e+00
   0.0000000e+00
   0.0000000e+00
   0.0000000e+00
   0.0000000e+00
   0.0000000e+00
   0.0000000e+00
   0.0000000e+00
   0.0000000e+00
   0.0000000e+00
   0.0000000e+00
   0.0000000e+00
   0.0000000e+00
   0.0000000e+00
   0.0000000e+00
   0.0000000e+00
   0.0000000e+00
   0.0000000e+00
   0.0000000e+00
   0.0000000e+00
   0.0000000e+00
  -5.6307779e-04
   1.7374119e-02
   3.9713698e-02
   5.9865136e-02
   7.4660659e-02
   8.4913944e-02
   9.3848240e-02
   1.0082963e-01
   1.0627768e-01
   1.0829781e-01
   1.0511072e-01
   1.0236336e-01
   8.5768905e-02
   0.0000000e+00
   0.0000000e+00
   0.0000000e+00
   0.0000000e+00
   0.0000000e+00
   0.0000000e+00
   0.0000000e+00
   0.0000000e+00
   0.0000000e+00
   0.0000000e+00
   0.0000000e+00
   0.0000000e+00
   0.0000000e+00
   0.0000000e+00
   0.0000000e+00
   0.0000000e+00
   0.0000000e+00
   0.0000000e+00
   0.0000000e+00
   0.0000000e+00
   0.0000000e+00
  -0.0000000e+00
  -0.0000000e+00
  -1.6616189e-03
   8.0186324e-03
   2.6677299e-02
   4.6234768e-02
   6.0092647e-02
   6.9502771e-02
   7.7723190e-02
   8.4477310e-02
   8.8169307e-02
   8.4877521e-02
   7.6725898e-02
   7.5886644e-02
   7.0680059e-02
   0.0000000e+00
   0.0000000e+00
   0.0000000e+00
   0.0000000e+00
   0.0000000e+00
   0.0000000e+00
   0.0000000e+00
   0.0000000e+00
   0.0000000e+00
   0.0000000e+00
   0.0000000e+00
   0.0000000e+00
   0.0000000e+00
   0.0000000e+00
  -0.0000000e+00
   0.0000000e+00
   0.0000000e+00
   0.0000000e+00
   0.0000000e+00
   0.0000000e+00
   0.0000000e+00
  -0.0000000e+00
  -0.0000000e+00
  -1.2992189e-02
  -1.0788709e-02
  -2.8812941e-03
   1.1441530e-02
   2.1015072e-02
   2.8146232e-02
   3.4706611e-02
   3.9129342e-02
   3.8489059e-02
   2.8133151e-02
   0.0000000e+00
   3.6469794e-02
   4.3495990e-02
   0.0000000e+00
   0.0000000e+00
   0.0000000e+00
   0.0000000e+00
   0.0000000e+00
   0.0000000e+00
   0.0000000e+00
   0.0000000e+00
   0.0000000e+00
  -0.0000000e+00
  -0.0000000e+00
  -0.0000000e+00
  -0.0000000e+00
   0.0000000e+00
  -0.0000000e+00
  -0.0000000e+00
   0.0000000e+00
   0.0000000e+00
   0.0000000e+00
   0.0000000e+00
   0.0000000e+00
   0.0000000e+00
   0.0000000e+00
   0.0000000e+00
  -0.0000000e+00
  -0.0000000e+00
  -1.1035294e-02
  -1.7216469e-02
  -2.3402366e-02
  -1.8777360e-02
  -1.7472792e-02
  -2.1587418e-02
  -2.4476059e-02
   0.0000000e+00
  -1.6418491e-02
  -1.7773644e-02
  -1.4701634e-02
  -2.0000926e-02
   0.0000000e+00
   0.0000000e+00
   0.0000000e+00
   0.0000000e+00
   0.0000000e+00
   0.0000000e+00
   0.0000000e+00
   0.0000000e+00
  -0.0000000e+00
  -0.0000000e+00
  -0.0000000e+00
  -0.0000000e+00
  -0.0000000e+00
   0.0000000e+00
   0.0000000e+00
   0.0000000e+00
