   6.3917914e-01   7.2983328e-01   8.1508360e-01   8.9276062e-01   9.5912556e-01   1.0108910e+00   1.0533097e+00   1.0797442e+00   1.1016743e+00   1.1262423e+00   1.1516980e+00   1.1676552e+00   1.1539818e+00   1.1096053e+00   1.0351727e+00   9.4377176e-01   8.5412048e-01   7.8239859e-01   7.0491423e-01   6.1175811e-01   4.9040309e-01   3.7112885e-01   3.1061850e-01   3.2457147e-01   4.1152422e-01   4.3397909e-01   3.3367189e-01   2.3624635e-01   1.6020593e-01   1.4257089e-01   1.6639132e-01   2.0750656e-01   2.7810539e-01   3.6659280e-01   4.5347234e-01   5.4070834e-01
   9.2750210e-01   9.8120100e-01   1.0437782e+00   1.0517617e+00   1.0769062e+00   1.0619044e+00   1.0340033e+00   1.0106041e+00   1.0246621e+00   1.0873743e+00   1.1583270e+00   1.2287304e+00   1.2308972e+00   1.1618464e+00   1.0506185e+00   9.0269870e-01   8.6162789e-01   8.6703855e-01   9.3051887e-01   8.0119737e-01   6.2323952e-01   3.3555342e-01   1.0630125e+00   2.1530930e+00   2.2776213e+00   5.2972464e-01   6.1536467e-01   5.6508106e-01   4.9525443e-01   4.5451161e-01   5.0833398e-01   5.7696455e-01   6.6071016e-01   7.2639865e-01   7.8571483e-01   8.6648625e-01
   8.1410515e-01   8.8185060e-01   9.1722107e-01   8.8439238e-01   8.5789531e-01   8.9006233e-01   9.4296914e-01   1.0201435e+00   1.1461738e+00   1.2656372e+00   1.3287778e+00   1.2631406e+00   1.0270315e+00   9.9422121e-01   1.3586888e+00   1.7869431e+00   2.0154428e+00   2.0453529e+00   1.8449993e+00   1.5895833e+00   1.3903961e+00   9.4010860e-01   1.0221857e+00   1.6211914e+00   2.8665292e+00   4.1453019e-01   4.1089877e-01   8.8888437e-01   8.6617953e-01   7.1232986e-01   6.1127174e-01   6.0727662e-01   6.2254047e-01   5.8276016e-01   6.3412392e-01   7.3410982e-01
   2.0219076e+00   2.2218117e+00   2.3056586e+00   2.3549669e+00   2.4895615e+00   2.7441485e+00   3.1009846e+00   3.4083705e+00   3.6413798e+00   3.8135114e+00   3.9663956e+00   4.0859518e+00   3.9724498e+00   3.8357155e+00   3.8786738e+00   3.9190991e+00   3.6834431e+00   3.2107270e+00   2.5239449e+00   2.0197539e+00   1.5911281e+00   7.9663032e-01   6.8785028e-01   5.9471381e-01   1.4599566e+00   2.8308137e+00   3.5882258e-01   7.9111105e-01   1.1454585e+00   1.3578408e+00   1.4592860e+00   1.4579990e+00   1.4180694e+00   1.3742950e+00   1.5077332e+00   1.7458901e+00
   3.5574449e+00   3.8662169e+00   4.0684590e+00   4.2306370e+00   4.4779735e+00   4.8215498e+00   5.2433055e+00   5.5977025e+00   5.8606618e+00   6.0345414e+00   6.2044296e+00   6.3709871e+00   6.2407596e+00   6.0321178e+00   5.7285250e+00   5.2642778e+00   4.5961924e+00   3.9195223e+00   2.6796060e+00   2.2733500e+00   1.0385244e+00   9.3361361e-01   7.9049134e-01   9.0081264e-01   1.0916091e+00   3.2196874e+00   3.2862811e-01   7.5083134e-01   1.4638958e+00   2.0428319e+00   2.3998923e+00   2.4923701e+00   2.4566273e+00   2.5085482e+00   2.7250412e+00   3.1353880e+00
   4.4538102e+00   4.8555871e+00   5.1549907e+00   5.3870659e+00   5.5736405e+00   5.7898178e+00   5.9954515e+00   6.1782921e+00   6.3632960e+00   6.5599775e+00   6.8003915e+00   6.9780626e+00   6.8908353e+00   6.6215976e+00   6.1189456e+00   5.4928373e+00   4.8802699e+00   1.9019446e+00   2.5154009e+00   2.4271954e+00   2.5791313e+00   1.2789642e+00   1.1135298e+00   1.1074723e+00   1.4839355e+00   1.9903129e+00   3.4614445e-01   8.8653183e-01   1.5840449e+00   2.1276710e+00   2.5393424e+00   2.6740299e+00   2.6892645e+00   2.9415524e+00   3.3802270e+00   3.9200461e+00
   3.9752448e+00   4.4230909e+00   4.7466049e+00   4.9144378e+00   4.9549284e+00   4.9456091e+00   4.8839178e+00   4.9226370e+00   5.1019025e+00   5.4360509e+00   5.8235903e+00   6.0828414e+00   6.0437498e+00   5.7591228e+00   5.1445575e+00   4.7243544e+00   2.0457385e+00   2.3536367e+00   2.4998867e+00   2.2618036e+00   2.3622408e+00   1.1900728e+00   1.0328072e+00   7.3244327e-01   1.6475687e+00   1.0707011e+00   3.5705652e-01   8.7351205e-01   1.2064466e+00   1.4585698e+00   2.1891110e+00   2.7212222e+00   1.8831565e+00   2.1959422e+00   2.7850018e+00   3.4032490e+00
   2.2486920e+00   2.4765148e+00   2.7181773e+00   2.7305803e+00   2.5940930e+00   2.3689904e+00   2.1808474e+00   2.2071345e+00   2.4386787e+00   2.8887253e+00   3.3692320e+00   3.7119830e+00   3.8114588e+00   3.5694531e+00   2.9753172e+00   2.7893166e+00   2.4446077e+00   2.6308250e+00   1.7488018e+00   1.5485131e+00   1.0310719e+00   1.4487682e+00   1.0349290e+00   1.1010808e+00   1.9353092e+00   1.7732704e+00   7.2257078e-01   3.3580473e-01   2.4882466e-01   7.1058248e-01   1.7861709e+00   2.5303695e+00   1.2547474e+00   1.4245362e+00   1.7602219e+00   2.0421929e+00
   8.8503444e-01   9.9993849e-01   1.2061201e+00   1.1898847e+00   1.0941564e+00   1.0781081e+00   1.0823772e+00   1.0449172e+00   9.3402153e-01   8.1128716e-01   9.2934561e-01   1.2686117e+00   1.4759202e+00   1.4273673e+00   1.6332262e+00   1.5130469e+00   1.3445535e+00   1.8296953e+00   1.4175167e+00   8.8389695e-01   6.8716764e-01   1.1384073e+00   1.4552758e+00   1.2907349e+00   1.7252984e+00   1.5158052e+00   1.1127776e+00   7.6777512e-01   4.3806139e-01   2.9821822e-01   6.5712118e-01   1.7861795e+00   9.0261406e-01   8.3704543e-01   9.0634626e-01   9.6517819e-01
   3.2845078e+00   3.5459027e+00   3.6603472e+00   3.5746007e+00   3.4645126e+00   3.3640251e+00   3.2830925e+00   3.1637638e+00   2.9558287e+00   2.6258981e+00   2.2485180e+00   1.9399476e+00   1.9281735e+00   2.4687064e+00   3.6958981e+00   2.3244655e+00   1.1096506e+00   2.0792880e+00   2.1918712e+00   1.0268214e+00   6.3144624e-01   8.0970319e-01   2.7386798e+00   1.2598083e+00   1.0044664e+00   9.8210151e-01   1.4842480e+00   1.0144877e+00   1.1233656e+00   3.4749565e-01   2.9745066e-01   7.2578096e-01   7.8255773e-01   1.4708210e+00   2.2042229e+00   2.8146343e+00
   5.4360576e+00   5.7200708e+00   5.6936698e+00   5.3902459e+00   5.0609450e+00   4.7208481e+00   4.5167007e+00   4.4738569e+00   4.4056783e+00   4.2312245e+00   4.0193138e+00   3.9029853e+00   4.0891461e+00   4.8293738e+00   5.8350935e+00   3.4739683e+00   2.7342646e+00   3.6564939e+00   3.3250182e+00   1.2661908e+00   1.0108345e+00   2.0789688e+00   3.9895490e+00   1.5653882e+00   3.7093076e-01   2.0248051e+00   4.4510627e+00   1.0589298e+00   1.2579839e+00   2.6357184e+00   3.0804459e+00   2.6319117e+00   2.7190561e+00   3.2755756e+00   4.0286007e+00   4.8057833e+00
   6.5852489e+00   6.7485285e+00   6.4928327e+00   5.9769096e+00   5.5456800e+00   5.2604599e+00   5.2257891e+00   5.3872671e+00   5.4693847e+00   5.4497194e+00   5.4478850e+00   5.6094284e+00   6.1207724e+00   7.0262165e+00   7.3258853e+00   4.4288101e+00   4.5287881e+00   5.4852247e+00   4.1492743e+00   1.7055883e+00   2.1591308e+00   3.2627046e+00   4.8125634e+00   5.6490802e+00   4.2712602e+00   4.2496158e+00   5.6456757e+00   9.2893630e-01   9.4247647e-01   3.5613774e+00   3.8649759e+00   4.0416508e+00   4.2331443e+00   4.6077023e+00   5.2981277e+00   6.0546751e+00
   6.2319584e+00   6.1004114e+00   5.6161389e+00   5.1766958e+00   5.1092820e+00   5.3440900e+00   5.7507124e+00   6.0987086e+00   6.2910056e+00   6.3824401e+00   6.5503478e+00   6.9201536e+00   7.5766826e+00   8.3109703e+00   8.0278220e+00   5.3216891e+00   6.2790771e+00   5.9932060e+00   3.9305117e+00   2.6939199e+00   4.1948838e+00   4.9376521e+00   5.5994357e+00   4.8103617e+00   4.5544502e+00   5.2942524e+00   5.4840593e+00   7.6955957e-01   1.0011164e+00   4.1051089e+00   4.4140935e+00   4.5513740e+00   4.5365219e+00   4.7941623e+00   5.3767824e+00   5.9537063e+00
   4.8050227e+00   4.3856320e+00   3.9364192e+00   3.9585536e+00   4.5068579e+00   5.3568544e+00   6.1806102e+00   6.7035098e+00   7.0141544e+00   7.2207513e+00   7.4487791e+00   7.7862906e+00   8.2936268e+00   8.5914159e+00   8.3795379e+00   5.3360877e+00   6.4555583e+00   4.5125742e+00   2.4182279e+00   2.6467340e+00   4.4162884e+00   5.0163770e+00   4.8625398e+00   4.1369744e+00   4.9852600e+00   5.4810991e+00   4.3907580e+00   1.5640398e+00   6.6978240e-01   1.7472386e+00   4.2356749e+00   4.1808844e+00   3.9833360e+00   4.1545253e+00   4.5622406e+00   4.8559489e+00
   3.0955360e+00   2.7699974e+00   2.6895325e+00   3.1041005e+00   3.9616995e+00   5.1024766e+00   6.2375956e+00   7.0073242e+00   7.5283861e+00   7.9346724e+00   8.1877460e+00   8.3407393e+00   8.4463482e+00   8.2645961e+00   4.4237289e+00   3.1343794e+00   3.9331007e+00   1.9691947e+00   8.0946308e-01   1.0144243e+00   2.0922873e+00   3.6170883e+00   5.4228653e+00   4.6444035e+00   4.4860172e+00   4.5225611e+00   2.9607546e+00   7.6352254e-01   7.0382552e-01   1.4741274e+00   3.5894754e+00   3.3025787e+00   3.0185547e+00   3.1044910e+00   3.2875574e+00   3.3171244e+00
   3.0326860e+00   3.1062350e+00   3.3241551e+00   3.7261238e+00   4.3041329e+00   5.0845547e+00   6.0084295e+00   6.7872148e+00   7.4000359e+00   7.8810587e+00   8.1318674e+00   8.0567293e+00   7.5343571e+00   6.4859799e+00   1.3408220e+00   1.2424146e+00   1.5155115e+00   6.6839761e-01   2.4898474e-01   3.7905318e-01   1.0216833e+00   2.7619087e+00   4.3925991e+00   3.2730119e+00   2.7974975e+00   2.7117043e+00   1.4388976e+00   8.4062368e-01   2.3166311e+00   3.2425427e+00   2.8698854e+00   2.6559005e+00   2.6357577e+00   2.8188827e+00   2.9724548e+00   3.0333121e+00
   4.4435520e+00   4.6770968e+00   4.9907465e+00   5.4040318e+00   5.8486857e+00   6.2962451e+00   6.7072811e+00   7.0097694e+00   7.2084126e+00   7.2663651e+00   7.1431627e+00   6.6561708e+00   5.6351852e+00   4.3097387e+00   1.3631258e+00   6.5808803e-01   8.3133155e-01   4.5339322e-01   1.8575968e-01   4.0878236e-01   1.8772073e+00   2.7153084e+00   3.3107293e+00   1.7569251e+00   1.3297067e+00   1.1783780e+00   5.7082236e-01   1.5791173e+00   2.8582335e+00   3.1398563e+00   2.8709631e+00   3.1618247e+00   3.4948230e+00   3.8203871e+00   4.0654669e+00   4.2502289e+00
   5.4763230e+00   5.6848958e+00   5.9522321e+00   6.2974259e+00   6.6651479e+00   7.0110451e+00   7.2418500e+00   7.3143211e+00   7.2398649e+00   6.8774811e+00   6.1643402e+00   5.0575155e+00   3.6983085e+00   3.4163736e+00   2.0678188e+00   4.9680087e-01   4.5273069e-01   4.2658577e-01   2.7817145e-01   6.7780862e-01   2.1526516e+00   2.4565374e+00   2.3579840e+00   1.6959910e+00   1.4933979e+00   1.0354557e+00   4.4826583e-01   1.9035840e+00   2.9332751e+00   3.0703851e+00   3.5125914e+00   4.0778789e+00   4.4819569e+00   4.8194527e+00   5.0743736e+00   5.2721046e+00
   5.6143706e+00   5.7915199e+00   6.0192897e+00   6.3499076e+00   6.7365343e+00   7.1551839e+00   7.4991394e+00   7.6351595e+00   7.5177398e+00   7.0282704e+00   6.1312716e+00   4.6780872e+00   2.5001916e+00   2.7758874e+00   9.2284478e-01   2.4429393e-01   2.4551112e-01   2.2536120e-01   4.0187247e-01   1.0472156e+00   2.4601602e+00   1.8265112e+00   1.7205645e+00   2.2210867e+00   1.9840465e+00   1.2733531e+00   7.3972473e-01   2.0802593e+00   2.8330288e+00   3.1655495e+00   3.8699575e+00   4.3492078e+00   4.7060284e+00   5.0194596e+00   5.2588037e+00   5.4369839e+00
   4.8752699e+00   5.0901761e+00   5.3547759e+00   5.7233543e+00   6.1314344e+00   6.5447197e+00   6.8763332e+00   6.9792709e+00   6.8196092e+00   6.2666306e+00   5.1717057e+00   3.5200791e+00   1.3681039e+00   1.5539403e+00   2.3959684e-01   1.5267208e-01   1.5804096e-01   3.1460983e-01   6.4083964e-01   1.5372165e+00   2.2469343e+00   9.3336099e-01   1.4562234e+00   2.0805566e+00   1.6235571e+00   9.2303967e-01   5.5434942e-01   2.0789742e+00   1.8879100e+00   2.6567108e+00   3.1922626e+00   3.5340872e+00   3.8692975e+00   4.2026196e+00   4.4670830e+00   4.6732888e+00
   3.1675925e+00   3.3590376e+00   3.6163018e+00   3.9296496e+00   4.2412114e+00   4.5111909e+00   4.6987376e+00   4.6969972e+00   4.5252552e+00   4.1635470e+00   3.3465135e+00   2.0899851e+00   1.0987962e+00   1.5795923e+00   2.5281635e-01   2.5789443e-01   1.4837502e-01   2.5365511e-01   6.4921916e-01   1.6733141e+00   1.7386564e+00   5.9015495e-01   1.2686960e+00   1.5370865e+00   9.9453896e-01   6.4228940e-01   6.9606948e-01   5.0053185e-01   1.4645799e+00   1.8573918e+00   1.9942577e+00   2.1120460e+00   2.3337712e+00   2.5972595e+00   2.8195987e+00   2.9939775e+00
   1.4239683e+00   1.5224729e+00   1.7278589e+00   1.9635446e+00   2.1758320e+00   2.3678660e+00   2.5476251e+00   2.6139679e+00   2.5936425e+00   2.5608342e+00   2.4173987e+00   2.1141934e+00   1.4897621e+00   1.8852100e+00   4.7453547e-01   2.6660776e-01   1.6775113e-01   2.0371646e-01   5.9938353e-01   1.1148072e+00   1.5751071e+00   1.1302693e+00   1.6211975e+00   1.9175267e+00   1.8439922e+00   1.7871046e+00   1.6801431e+00   2.2621294e+00   2.5056373e+00   1.8533379e+00   1.4744779e+00   1.2169654e+00   1.1217643e+00   1.1946731e+00   1.2946597e+00   1.3536468e+00
   1.2665979e+00   1.1908482e+00   1.1342307e+00   1.1402624e+00   1.1603942e+00   1.2561028e+00   1.4854958e+00   1.7193696e+00   2.0158749e+00   2.4916494e+00   3.0622146e+00   3.4685233e+00   3.1171405e+00   4.2246395e+00   1.6678256e+00   7.3039562e-01   4.4180739e-01   3.1149253e-01   5.4174745e-01   6.0419089e-01   1.6802003e+00   1.7687495e+00   2.4057984e+00   3.0844679e+00   3.3022351e+00   3.1895840e+00   2.7848456e+00   2.4161110e+00   2.5542351e+00   2.3096109e+00   1.9355320e+00   1.6443733e+00   1.3128855e+00   1.1919963e+00   1.2384795e+00   1.2734497e+00
   2.3122299e+00   2.3641026e+00   2.3456221e+00   2.2519531e+00   2.0724750e+00   1.8900357e+00   1.9440343e+00   2.2036359e+00   2.5610962e+00   3.0444059e+00   3.6047432e+00   4.1825652e+00   4.7229786e+00   4.0593018e+00   3.4577287e+00   2.2487731e+00   1.2669607e+00   5.9941643e-01   5.4917878e-01   4.4509542e-01   7.3716739e-01   2.1413522e+00   2.8541739e+00   3.6710114e+00   4.0284243e+00   3.9176230e+00   3.4021134e+00   2.8109203e+00   2.4020565e+00   2.4519270e+00   2.1207235e+00   2.0239785e+00   1.8403307e+00   1.7909271e+00   1.9511334e+00   2.1377439e+00
   3.0143418e+00   3.1740124e+00   3.2582362e+00   3.3088400e+00   3.2804885e+00   3.2022836e+00   3.1837416e+00   3.2227361e+00   3.3000510e+00   3.4344678e+00   3.6537333e+00   4.0251312e+00   4.7238888e+00   3.4271663e+00   2.7389213e+00   2.1458223e+00   2.1702582e+00   1.2154895e+00   8.8370430e-01   7.7442974e-01   4.6766105e-01   2.3339194e+00   2.7596023e+00   3.3851314e+00   3.7972224e+00   3.8132875e+00   3.4210095e+00   2.8479791e+00   2.4020562e+00   2.4543920e+00   2.1952949e+00   2.1073203e+00   2.1307325e+00   2.1483312e+00   2.3780739e+00   2.7044177e+00
   3.2600694e+00   3.4874573e+00   3.6412625e+00   3.7457342e+00   3.7971270e+00   3.7902994e+00   3.7646916e+00   3.6583884e+00   3.5057020e+00   3.3217909e+00   3.1449912e+00   3.1361070e+00   3.3934581e+00   2.5452512e+00   1.5072900e+00   1.0085858e+00   1.1402213e+00   1.3789442e+00   1.1217067e+00   1.1959716e+00   8.1855333e-01   7.5449139e-01   2.1467082e+00   2.1294634e+00   2.4017992e+00   2.6752255e+00   2.6800303e+00   2.5368970e+00   2.1491172e+00   0.0000000e+00   2.1703331e+00   2.1000874e+00   2.1808512e+00   2.2424519e+00   2.4799039e+00   2.8723772e+00
   2.9253602e+00   3.1799622e+00   3.3438926e+00   3.3892863e+00   3.4149704e+00   3.4309292e+00   3.3653138e+00   3.2055950e+00   2.9576249e+00   2.6492317e+00   2.2460108e+00   1.9447998e+00   2.3269546e+00   2.7212143e+00   1.1398838e+00   1.0587893e+00   9.1101359e-01   8.1056408e-01   5.1801503e-01   7.4911505e-01   8.5444725e-01   6.7463118e-01   1.4353412e+00   1.0060482e+00   6.7138076e-01   1.1709067e+00   1.4666470e+00   1.6765212e+00   1.8854063e+00   1.6195241e+00   1.6354797e+00   1.6626942e+00   1.7669109e+00   1.8614296e+00   2.0968108e+00   2.4989519e+00
   1.7364631e+00   1.9418596e+00   2.0633414e+00   2.0707188e+00   2.0461712e+00   2.0373411e+00   1.9604967e+00   1.7964739e+00   1.5456753e+00   1.1722081e+00   8.3303648e-01   8.8290328e-01   2.1286315e+00   1.4496050e+00   1.2541480e+00   1.2360379e+00   9.9605680e-01   1.6851159e+00   1.2464966e+00   8.4549665e-01   7.5363928e-01   6.0601521e-01   1.4080970e+00   1.9740885e+00   1.5376252e+00   1.2956137e+00   5.2583134e-01   7.0095358e-01   7.7693990e-01   8.3663653e-01   8.8663250e-01   6.4237982e-01   6.6631365e-01   7.3193717e-01   1.0088843e+00   1.3911381e+00
   6.6559607e-01   6.5058337e-01   7.0325083e-01   6.9635594e-01   6.4039151e-01   5.9299338e-01   5.3903639e-01   5.2786743e-01   5.6998527e-01   6.8409294e-01   1.0024040e+00   1.5940896e+00   2.4842784e+00   1.1755020e+00   1.2305127e+00   1.0785561e+00   9.0880926e-01   1.3054173e+00   1.8725963e+00   2.0386217e+00   1.9989123e+00   1.5689851e+00   2.6341510e+00   3.0240082e+00   2.5931516e+00   2.3027455e+00   1.8251289e+00   7.2386281e-01   4.6911680e-01   5.6138856e-01   1.0626166e+00   8.0230745e-01   9.4654644e-01   7.2279710e-01   5.9686153e-01   6.3772511e-01
   1.2984856e+00   1.2120076e+00   1.2326770e+00   1.3473415e+00   1.4807255e+00   1.5768820e+00   1.6381015e+00   1.7495202e+00   1.9031384e+00   2.1335211e+00   2.4400451e+00   2.7780988e+00   3.2928840e+00   1.4175847e+00   1.0723495e+00   8.7877488e-01   8.7767321e-01   7.8180528e-01   1.1681049e+00   1.8037859e+00   2.0605538e+00   1.8213050e+00   1.6270008e+00   4.1073955e+00   3.1594119e+00   2.7309091e+00   2.3299673e+00   1.6501700e+00   1.2123979e+00   1.3529514e+00   1.6785506e+00   1.7970942e+00   2.1736858e+00   2.0367599e+00   1.7315593e+00   1.4405361e+00
   2.4990140e+00   2.6167455e+00   2.7436387e+00   2.8391637e+00   2.9238142e+00   3.0009488e+00   3.0597653e+00   3.1117972e+00   3.1907229e+00   3.2677764e+00   3.2990741e+00   3.3394484e+00   3.7208347e+00   1.1980994e+00   9.1748768e-01   5.2934703e-01   8.1833378e-01   6.0409794e-01   7.8478216e-01   1.1664255e+00   1.3371658e+00   1.2650938e+00   1.6461502e+00   3.9119340e+00   2.9231452e+00   2.3921617e+00   2.1606056e+00   1.8189189e+00   1.7943955e+00   2.1570910e+00   2.2645089e+00   1.3042206e+00   2.8625638e+00   2.6084983e+00   2.4310973e+00   2.4121202e+00
   3.1438065e+00   3.4534385e+00   3.6483121e+00   3.7152317e+00   3.7301083e+00   3.7428036e+00   3.7548580e+00   3.7408030e+00   3.7142186e+00   3.6134953e+00   3.4245090e+00   3.2530885e+00   1.2808223e+00   8.4925908e-01   6.6080672e-01   2.3860745e-01   5.3350598e-01   5.9479111e-01   6.8267959e-01   7.9092610e-01   8.7548131e-01   8.7428772e-01   1.1506858e+00   3.0211490e+00   2.4313540e+00   1.9290514e+00   1.7757881e+00   1.9230350e+00   2.0584135e+00   2.5937503e+00   1.0418444e+00   9.3455255e-01   2.8291763e+00   2.3327038e+00   2.2753356e+00   2.7087467e+00
   2.8265877e+00   3.2584021e+00   3.4676604e+00   3.5580559e+00   3.5906737e+00   3.5698941e+00   3.5384021e+00   3.4790690e+00   3.3659163e+00   3.1723654e+00   2.9242284e+00   2.9136467e+00   1.1154441e+00   6.4590096e-01   3.5081753e-01   3.9016688e-01   4.0417895e-01   5.8826113e-01   5.7739633e-01   8.6473250e-01   7.0065093e-01   4.1501004e-01   4.8233682e-01   1.8728858e+00   1.7983425e+00   1.7184701e+00   1.6312245e+00   2.1464440e+00   2.1323864e+00   6.2893164e-01   5.8557588e-01   6.8241543e-01   8.1523210e-01   1.3996967e+00   1.4279091e+00   2.1308248e+00
   1.8604919e+00   2.1733148e+00   2.3220291e+00   2.3718987e+00   2.3687520e+00   2.3279641e+00   2.3334312e+00   2.3580797e+00   2.3564718e+00   2.2349963e+00   2.0870957e+00   2.0768470e+00   9.1877490e-01   6.6929400e-01   4.2144437e-01   3.1838462e-01   4.2371872e-01   7.3131460e-01   6.0210562e-01   8.1180459e-01   4.3087238e-01   4.8058820e-01   4.7507614e-01   6.5806037e-01   1.2015564e+00   1.3098344e+00   2.9061842e-01   4.8381951e-01   4.0195704e-01   3.0052984e-01   3.0476213e-01   4.6264958e-01   6.6398031e-01   1.0123631e+00   8.8433889e-01   1.3667653e+00
   1.1064231e+00   9.8255956e-01   8.2869411e-01   7.4862146e-01   7.0649314e-01   7.3976809e-01   8.1472069e-01   8.5006487e-01   9.1143739e-01   9.3788636e-01   1.0138384e+00   1.2538392e+00   7.4351412e-01   4.2529905e-01   6.5849038e-01   2.9351097e-01   4.2215499e-01   4.7526762e-01   6.1516982e-01   8.9390045e-01   7.3140728e-01   6.8373144e-01   6.6526306e-01   1.0231394e+00   6.5450048e-01   4.7622526e-01   3.4660602e-01   3.2893503e-01   2.9500502e-01   3.4454024e-01   5.1660061e-01   6.8874663e-01   5.4720783e-01   1.0332747e+00   1.3957789e+00   1.2983371e+00
   1.0645617e+00   9.6888920e-01   9.3176395e-01   8.7557797e-01   8.9695778e-01   9.2311825e-01   9.8950621e-01   1.1178314e+00   1.2086775e+00   1.5842988e+00   2.5299670e+00   3.0251420e+00   2.6623864e+00   3.6696926e+00   4.5204263e+00   3.1180889e+00   2.1190887e+00   2.0213985e+00   1.8043206e+00   1.8460540e+00   1.9695379e+00   2.0062277e+00   1.9076399e+00   2.1613317e+00   2.6197965e+00   2.4974012e+00   2.3186302e+00   2.3177488e+00   2.3749273e+00   2.1479824e+00   1.9676074e+00   2.2751338e+00   2.6308274e+00   3.4400158e+00   3.8657205e+00   1.9245673e+00
