-START-OF-DATA-
0 0.000278
10 0.000278
20 0.000278
30 0.000278
40 0.000278
50 0.000278
60 0.000278
70 0.000278
80 0.000278
90 0.000278
100 0.000278
110 0.000278
120 0.000278
130 0.000278
140 0.000278
150 0.000278
160 0.000278
170 0.000278
180 0.000278
190 0.000278
200 0.000278
210 0.000278
220 0.000278
230 0.000278
240 0.000278
250 0.000278
260 0.000278
270 0.000278
280 0.000278
290 0.000278
300 0.000278
310 0.000278
320 0.000278
330 0.000278
340 0.000278
350 0.000278
360 0.000278
370 0.000278
380 0.000278
390 0.000278
400 0.000278
410 0.000278
420 0.000278
430 0.000278
440 0.000278
450 0.000278
460 0.000278
470 0.000278
480 0.000278
490 0.000278
500 0.000278
510 0.000278
520 0.000278
530 0.000278
540 0.000278
550 0.000278
560 0.000278
570 0.000278
580 0.000278
590 0.000278
600 0.000278
610 0.000278
620 0.000278
630 0.000278
640 0.000278
650 0.000278
660 0.000278
670 0.000278
680 0.000278
690 0.000278
700 0.000278
710 0.000278
720 0.000278
730 0.000278
740 0.000278
750 0.000278
760 0.000278
770 0.000278
780 0.000278
790 0.000278
800 0.000278
810 0.000278
820 0.000278
830 0.000278
840 0.000278
850 0.000278
860 0.000278
870 0.000278
880 0.000278
890 0.000278
900 0.000278
910 0.000278
920 0.000278
930 0.000278
940 0.000278
950 0.000278
960 0.000278
970 0.000278
980 0.000278
990 0.000278
1000 0.000278
1010 0.000278
1020 0.000278
1030 0.000278
1040 0.000278
1050 0.000278
1060 0.000278
1070 0.000278
1080 0.000278
1090 0.000278
1100 0.000278
1110 0.000278
1120 0.000278
1130 0.000278
1140 0.000278
1150 0.000278
1160 0.000278
1170 0.000278
1180 0.000278
1190 0.000278
1200 0.000278
1210 0.000278
1220 0.000278
1230 0.000278
1240 0.000278
1250 0.000278
1260 0.000278
1270 0.000278
1280 0.000278
1290 0.000278
1300 0.000278
1310 0.000278
1320 0.000278
1330 0.000278
1340 0.000278
1350 0.000278
1360 0.000278
1370 0.000278
1380 0.000278
1390 0.000278
1400 0.000278
1410 0.000278
1420 0.000278
1430 0.000278
1440 0.000278
1450 0.000278
1460 0.000278
1470 0.000278
1480 0.000278
1490 0.000278
1500 0.000278
1510 0.000278
1520 0.000278
1530 0.000278
1540 0.000278
1550 0.000278
1560 0.000278
1570 0.000278
1580 0.000278
1590 0.000278
1600 0.000278
1610 0.000278
1620 0.000278
1630 0.000278
1640 0.000278
1650 0.000278
1660 0.000278
1670 0.000278
1680 0.000278
1690 0.000278
1700 0.000278
1710 0.000278
1720 0.000278
1730 0.000278
1740 0.000278
1750 0.000278
1760 0.000278
1770 0.000278
1780 0.000278
1790 0.000278
1800 0.000278
1810 0.000278
1820 0.000278
1830 0.000278
1840 0.000278
1850 0.000278
1860 0.000278
1870 0.000278
1880 0.000278
1890 0.000278
1900 0.000278
1910 0.000278
1920 0.000278
1930 0.000278
1940 0.000278
1950 0.000278
1960 0.000278
1970 0.000278
1980 0.000278
1990 0.000278
2000 0.000278
2010 0.000278
2020 0.000278
2030 0.000278
2040 0.000278
2050 0.000278
2060 0.000278
2070 0.000278
2080 0.000278
2090 0.000278
2100 0.000278
2110 0.000278
2120 0.000278
2130 0.000278
2140 0.000278
2150 0.000278
2160 0.000278
2170 0.000278
2180 0.000278
2190 0.000278
2200 0.000278
2210 0.000278
2220 0.000278
2230 0.000278
2240 0.000278
2250 0.000278
2260 0.000278
2270 0.000278
2280 0.000278
2290 0.000278
2300 0.000278
2310 0.000278
2320 0.000278
2330 0.000278
2340 0.000278
2350 0.000278
2360 0.000278
2370 0.000278
2380 0.000278
2390 0.000278
2400 0.000278
2410 0.000278
2420 0.000278
2430 0.000278
2440 0.000278
2450 0.000278
2460 0.000278
2470 0.000278
2480 0.000278
2490 0.000278
2500 0.000278
2510 0.000278
2520 0.000278
2530 0.000278
2540 0.000278
2550 0.000278
2560 0.000278
2570 0.000278
2580 0.000278
2590 0.000278
2600 0.000278
2610 0.000278
2620 0.000278
2630 0.000278
2640 0.000278
2650 0.000278
2660 0.000278
2670 0.000278
2680 0.000278
2690 0.000278
2700 0.000278
2710 0.000278
2720 0.000278
2730 0.000278
2740 0.000278
2750 0.000278
2760 0.000278
2770 0.000278
2780 0.000278
2790 0.000278
2800 0.000278
2810 0.000278
2820 0.000278
2830 0.000278
2840 0.000278
2850 0.000278
2860 0.000278
2870 0.000278
2880 0.000278
2890 0.000278
2900 0.000278
2910 0.000278
2920 0.000278
2930 0.000278
2940 0.000278
2950 0.000278
2960 0.000278
2970 0.000278
2980 0.000278
2990 0.000278
3000 0.000278
3010 0.000278
3020 0.000278
3030 0.000278
3040 0.000278
3050 0.000278
3060 0.000278
3070 0.000278
3080 0.000278
3090 0.000278
3100 0.000278
3110 0.000278
3120 0.000278
3130 0.000278
3140 0.000278
3150 0.000278
3160 0.000278
3170 0.000278
3180 0.000278
3190 0.000278
3200 0.000278
3210 0.000278
3220 0.000278
3230 0.000278
3240 0.000278
3250 0.000278
3260 0.000278
3270 0.000278
3280 0.000278
3290 0.000278
3300 0.000278
3310 0.000278
3320 0.000278
3330 0.000278
3340 0.000278
3350 0.000278
3360 0.000278
3370 0.000278
3380 0.000278
3390 0.000278
3400 0.000278
3410 0.000278
3420 0.000278
3430 0.000278
3440 0.000278
3450 0.000278
3460 0.000278
3470 0.000278
3480 0.000278
3490 0.000278
3500 0.000278
3510 0.000278
3520 0.000278
3530 0.000278
3540 0.000278
3550 0.000278
3560 0.000278
3570 0.000278
3580 0.000278
3590 0.000278
3600 0.000278
3610 0.000278
3620 0.000278
3630 0.000278
3640 0.000278
3650 0.000278
3660 0.000278
3670 0.000278
3680 0.000278
3690 0.000278
3700 0.000278
3710 0.000278
3720 0.000278
3730 0.000278
3740 0.000278
3750 0.000278
3760 0.000278
3770 0.000278
3780 0.000278
3790 0.000278
3800 0.000278
3810 0.000278
3820 0.000278
3830 0.000278
3840 0.000278
3850 0.000278
3860 0.000278
3870 0.000278
3880 0.000278
3890 0.000278
3900 0.000278
3910 0.000278
3920 0.000278
3930 0.000278
3940 0.000278
3950 0.000278
3960 0.000278
3970 0.000278
3980 0.000278
3990 0.000278
4000 0.000278
4010 0.000278
4020 0.000278
4030 0.000278
4040 0.000278
4050 0.000278
4060 0.000278
4070 0.000278
4080 0.000278
4090 0.000278
4100 0.000278
4110 0.000278
4120 0.000278
4130 0.000278
4140 0.000278
4150 0.000278
4160 0.000278
4170 0.000278
4180 0.000278
4190 0.000278
4200 0.000278
4210 0.000278
4220 0.000278
4230 0.000278
4240 0.000278
4250 0.000278
4260 0.000278
4270 0.000278
4280 0.000278
4290 0.000278
4300 0.000278
4310 0.000278
4320 0.000278
4330 0.000278
4340 0.000278
4350 0.000278
4360 0.000278
4370 0.000278
4380 0.000278
4390 0.000278
4400 0.000278
4410 0.000278
4420 0.000278
4430 0.000278
4440 0.000278
4450 0.000278
4460 0.000278
4470 0.000278
4480 0.000278
4490 0.000278
4500 0.000278
4510 0.000278
4520 0.000278
4530 0.000278
4540 0.000278
4550 0.000278
4560 0.000278
4570 0.000278
4580 0.000278
4590 0.000278
4600 0.000278
4610 0.000278
4620 0.000278
4630 0.000278
4640 0.000278
4650 0.000278
4660 0.000278
4670 0.000278
4680 0.000278
4690 0.000278
4700 0.000278
4710 0.000278
4720 0.000278
4730 0.000278
4740 0.000278
4750 0.000278
4760 0.000278
4770 0.000278
4780 0.000278
4790 0.000278
4800 0.000278
4810 0.000278
4820 0.000278
4830 0.000278
4840 0.000278
4850 0.000278
4860 0.000278
4870 0.000278
4880 0.000278
4890 0.000278
4900 0.000278
4910 0.000278
4920 0.000278
4930 0.000278
4940 0.000278
4950 0.000278
4960 0.000278
4970 0.000278
4980 0.000278
4990 0.000278
5000 0.000278
5010 0.000278310559440559
5020 0.000278621118881119
5030 0.000278931678321678
5040 0.000279242237762238
5050 0.000279552797202797
5060 0.000279863356643357
5070 0.000280173916083916
5080 0.000280484475524475
5090 0.000280795034965035
5100 0.000281105594405594
5110 0.000281416153846154
5120 0.000281726713286713
5130 0.000282037272727273
5140 0.000282347832167832
5150 0.000282658391608392
5160 0.000282968951048951
5170 0.00028327951048951
5180 0.00028359006993007
5190 0.000283900629370629
5200 0.000284211188811189
5210 0.000284521748251748
5220 0.000284832307692308
5230 0.000285142867132867
5240 0.000285453426573427
5250 0.000285763986013986
5260 0.000286074545454545
5270 0.000286385104895105
5280 0.000286695664335664
5290 0.000287006223776224
5300 0.000287316783216783
5310 0.000287627342657343
5320 0.000287937902097902
5330 0.000288248461538462
5340 0.000288559020979021
5350 0.00028886958041958
5360 0.00028918013986014
5370 0.000289490699300699
5380 0.000289801258741259
5390 0.000290111818181818
5400 0.000290422377622378
5410 0.000290732937062937
5420 0.000291043496503496
5430 0.000291354055944056
5440 0.000291664615384615
5450 0.000291975174825175
5460 0.000292285734265734
5470 0.000292596293706294
5480 0.000292906853146853
5490 0.000293217412587413
5500 0.000293527972027972
5510 0.000293838531468531
5520 0.000294149090909091
5530 0.00029445965034965
5540 0.00029477020979021
5550 0.000295080769230769
5560 0.000295391328671329
5570 0.000295701888111888
5580 0.000296012447552448
5590 0.000296323006993007
5600 0.000296633566433566
5610 0.000296944125874126
5620 0.000297254685314685
5630 0.000297565244755245
5640 0.000297875804195804
5650 0.000298186363636364
5660 0.000298496923076923
5670 0.000298807482517483
5680 0.000299118041958042
5690 0.000299428601398601
5700 0.000299739160839161
5710 0.00030004972027972
5720 0.00030036027972028
5730 0.000300670839160839
5740 0.000300981398601399
5750 0.000301291958041958
5760 0.000301602517482517
5770 0.000301913076923077
5780 0.000302223636363636
5790 0.000302534195804196
5800 0.000302844755244755
5810 0.000303155314685315
5820 0.000303465874125874
5830 0.000303776433566434
5840 0.000304086993006993
5850 0.000304397552447552
5860 0.000304708111888112
5870 0.000305018671328671
5880 0.000305329230769231
5890 0.00030563979020979
5900 0.00030595034965035
5910 0.000306260909090909
5920 0.000306571468531469
5930 0.000306882027972028
5940 0.000307192587412587
5950 0.000307503146853147
5960 0.000307813706293706
5970 0.000308124265734266
5980 0.000308434825174825
5990 0.000308745384615385
6000 0.000309055944055944
6010 0.000309366503496503
6020 0.000309677062937063
6030 0.000309987622377622
6040 0.000310298181818182
6050 0.000310608741258741
6060 0.000310919300699301
6070 0.00031122986013986
6080 0.00031154041958042
6090 0.000311850979020979
6100 0.000312161538461538
6110 0.000312472097902098
6120 0.000312782657342657
6130 0.000313093216783217
6140 0.000313403776223776
6150 0.000313714335664336
6160 0.000314024895104895
6170 0.000314335454545455
6180 0.000314646013986014
6190 0.000314956573426573
6200 0.000315267132867133
6210 0.000315577692307692
6220 0.000315888251748252
6230 0.000316198811188811
6240 0.000316509370629371
6250 0.00031681993006993
6260 0.00031713048951049
6270 0.000317441048951049
6280 0.000317751608391608
6290 0.000318062167832168
6300 0.000318372727272727
6310 0.000318683286713287
6320 0.000318993846153846
6330 0.000319304405594406
6340 0.000319614965034965
6350 0.000319925524475524
6360 0.000320236083916084
6370 0.000320546643356643
6380 0.000320857202797203
6390 0.000321167762237762
6400 0.000321478321678322
6410 0.000321788881118881
6420 0.000322099440559441
6430 0.00032241
6440 0.000322720559440559
6450 0.000323031118881119
6460 0.000323341678321678
6470 0.000323652237762238
6480 0.000323962797202797
6490 0.000324273356643357
6500 0.000324583916083916
6510 0.000324894475524476
6520 0.000325205034965035
6530 0.000325515594405594
6540 0.000325826153846154
6550 0.000326136713286713
6560 0.000326447272727273
6570 0.000326757832167832
6580 0.000327068391608392
6590 0.000327378951048951
6600 0.00032768951048951
6610 0.00032800006993007
6620 0.000328310629370629
6630 0.000328621188811189
6640 0.000328931748251748
6650 0.000329242307692308
6660 0.000329552867132867
6670 0.000329863426573427
6680 0.000330173986013986
6690 0.000330484545454545
6700 0.000330795104895105
6710 0.000331105664335664
6720 0.000331416223776224
6730 0.000331726783216783
6740 0.000332037342657343
6750 0.000332347902097902
6760 0.000332658461538462
6770 0.000332969020979021
6780 0.00033327958041958
6790 0.00033359013986014
6800 0.000333900699300699
6810 0.000334211258741259
6820 0.000334521818181818
6830 0.000334832377622378
6840 0.000335142937062937
6850 0.000335453496503497
6860 0.000335764055944056
6870 0.000336074615384615
6880 0.000336385174825175
6890 0.000336695734265734
6900 0.000337006293706294
6910 0.000337316853146853
6920 0.000337627412587413
6930 0.000337937972027972
6940 0.000338248531468531
6950 0.000338559090909091
6960 0.00033886965034965
6970 0.00033918020979021
6980 0.000339490769230769
6990 0.000339801328671329
7000 0.000340111888111888
7010 0.000340422447552448
7020 0.000340733006993007
7030 0.000341043566433566
7040 0.000341354125874126
7050 0.000341664685314685
7060 0.000341975244755245
7070 0.000342285804195804
7080 0.000342596363636364
7090 0.000342906923076923
7100 0.000343217482517483
7110 0.000343528041958042
7120 0.000343838601398601
7130 0.000344149160839161
7140 0.00034445972027972
7150 0.00034477027972028
7160 0.000345080839160839
7170 0.000345391398601399
7180 0.000345701958041958
7190 0.000346012517482517
7200 0.000346323076923077
7210 0.000346633636363636
7220 0.000346944195804196
7230 0.000347254755244755
7240 0.000347565314685315
7250 0.000347875874125874
7260 0.000348186433566434
7270 0.000348496993006993
7280 0.000348807552447552
7290 0.000349118111888112
7300 0.000349428671328671
7310 0.000349739230769231
7320 0.00035004979020979
7330 0.00035036034965035
7340 0.000350670909090909
7350 0.000350981468531468
7360 0.000351292027972028
7370 0.000351602587412587
7380 0.000351913146853147
7390 0.000352223706293706
7400 0.000352534265734266
7410 0.000352844825174825
7420 0.000353155384615385
7430 0.000353465944055944
7440 0.000353776503496503
7450 0.000354087062937063
7460 0.000354397622377622
7470 0.000354708181818182
7480 0.000355018741258741
7490 0.000355329300699301
7500 0.00035563986013986
7510 0.00035595041958042
7520 0.000356260979020979
7530 0.000356571538461538
7540 0.000356882097902098
7550 0.000357192657342657
7560 0.000357503216783217
7570 0.000357813776223776
7580 0.000358124335664336
7590 0.000358434895104895
7600 0.000358745454545455
7610 0.000359056013986014
7620 0.000359366573426573
7630 0.000359677132867133
7640 0.000359987692307692
7650 0.000360298251748252
7660 0.000360608811188811
7670 0.000360919370629371
7680 0.00036122993006993
7690 0.00036154048951049
7700 0.000361851048951049
7710 0.000362161608391608
7720 0.000362472167832168
7730 0.000362782727272727
7740 0.000363093286713287
7750 0.000363403846153846
7760 0.000363714405594406
7770 0.000364024965034965
7780 0.000364335524475524
7790 0.000364646083916084
7800 0.000364956643356643
7810 0.000365267202797203
7820 0.000365577762237762
7830 0.000365888321678322
7840 0.000366198881118881
7850 0.000366509440559441
7860 0.00036682
7870 0.000367130559440559
7880 0.000367441118881119
7890 0.000367751678321678
7900 0.000368062237762238
7910 0.000368372797202797
7920 0.000368683356643357
7930 0.000368993916083916
7940 0.000369304475524476
7950 0.000369615034965035
7960 0.000369925594405594
7970 0.000370236153846154
7980 0.000370546713286713
7990 0.000370857272727273
8000 0.000371167832167832
8010 0.000371478391608392
8020 0.000371788951048951
8030 0.00037209951048951
8040 0.00037241006993007
8050 0.000372720629370629
8060 0.000373031188811189
8070 0.000373341748251748
8080 0.000373652307692308
8090 0.000373962867132867
8100 0.000374273426573427
8110 0.000374583986013986
8120 0.000374894545454545
8130 0.000375205104895105
8140 0.000375515664335664
8150 0.000375826223776224
8160 0.000376136783216783
8170 0.000376447342657343
8180 0.000376757902097902
8190 0.000377068461538462
8200 0.000377379020979021
8210 0.00037768958041958
8220 0.00037800013986014
8230 0.000378310699300699
8240 0.000378621258741259
8250 0.000378931818181818
8260 0.000379242377622378
8270 0.000379552937062937
8280 0.000379863496503496
8290 0.000380174055944056
8300 0.000380484615384615
8310 0.000380795174825175
8320 0.000381105734265734
8330 0.000381416293706294
8340 0.000381726853146853
8350 0.000382037412587413
8360 0.000382347972027972
8370 0.000382658531468531
8380 0.000382969090909091
8390 0.00038327965034965
8400 0.00038359020979021
8410 0.000383900769230769
8420 0.000384211328671329
8430 0.000384521888111888
8440 0.000384832447552448
8450 0.000385143006993007
8460 0.000385453566433566
8470 0.000385764125874126
8480 0.000386074685314685
8490 0.000386385244755245
8500 0.000386695804195804
8510 0.000387006363636364
8520 0.000387316923076923
8530 0.000387627482517482
8540 0.000387938041958042
8550 0.000388248601398601
8560 0.000388559160839161
8570 0.00038886972027972
8580 0.00038918027972028
8590 0.000389490839160839
8600 0.000389801398601399
8610 0.000390111958041958
8620 0.000390422517482517
8630 0.000390733076923077
8640 0.000391043636363636
8650 0.000391354195804196
8660 0.000391664755244755
8670 0.000391975314685315
8680 0.000392285874125874
8690 0.000392596433566434
8700 0.000392906993006993
8710 0.000393217552447552
8720 0.000393528111888112
8730 0.000393838671328671
8740 0.000394149230769231
8750 0.00039445979020979
8760 0.00039477034965035
8770 0.000395080909090909
8780 0.000395391468531469
8790 0.000395702027972028
8800 0.000396012587412587
8810 0.000396323146853147
8820 0.000396633706293706
8830 0.000396944265734266
8840 0.000397254825174825
8850 0.000397565384615385
8860 0.000397875944055944
8870 0.000398186503496504
8880 0.000398497062937063
8890 0.000398807622377622
8900 0.000399118181818182
8910 0.000399428741258741
8920 0.000399739300699301
8930 0.00040004986013986
8940 0.00040036041958042
8950 0.000400670979020979
8960 0.000400981538461538
8970 0.000401292097902098
8980 0.000401602657342657
8990 0.000401913216783217
9000 0.000402223776223776
9010 0.000402534335664336
9020 0.000402844895104895
9030 0.000403155454545455
9040 0.000403466013986014
9050 0.000403776573426573
9060 0.000404087132867133
9070 0.000404397692307692
9080 0.000404708251748252
9090 0.000405018811188811
9100 0.000405329370629371
9110 0.00040563993006993
9120 0.00040595048951049
9130 0.000406261048951049
9140 0.000406571608391608
9150 0.000406882167832168
9160 0.000407192727272727
9170 0.000407503286713287
9180 0.000407813846153846
9190 0.000408124405594406
9200 0.000408434965034965
9210 0.000408745524475524
9220 0.000409056083916084
9230 0.000409366643356643
9240 0.000409677202797203
9250 0.000409987762237762
9260 0.000410298321678322
9270 0.000410608881118881
9280 0.000410919440559441
9290 0.00041123
9300 0.00041154055944056
9310 0.000411851118881119
9320 0.000412161678321678
9330 0.000412472237762238
9340 0.000412782797202797
9350 0.000413093356643357
9360 0.000413403916083916
9370 0.000413714475524476
9380 0.000414025034965035
9390 0.000414335594405594
9400 0.000414646153846154
9410 0.000414956713286713
9420 0.000415267272727273
9430 0.000415577832167832
9440 0.000415888391608392
9450 0.000416198951048951
9460 0.00041650951048951
9470 0.00041682006993007
9480 0.000417130629370629
9490 0.000417441188811189
9500 0.000417751748251748
9510 0.000418062307692308
9520 0.000418372867132867
9530 0.000418683426573427
9540 0.000418993986013986
9550 0.000419304545454545
9560 0.000419615104895105
9570 0.000419925664335664
9580 0.000420236223776224
9590 0.000420546783216783
9600 0.000420857342657343
9610 0.000421167902097902
9620 0.000421478461538462
9630 0.000421789020979021
9640 0.00042209958041958
9650 0.00042241013986014
9660 0.000422720699300699
9670 0.000423031258741259
9680 0.000423341818181818
9690 0.000423652377622378
9700 0.000423962937062937
9710 0.000424273496503496
9720 0.000424584055944056
9730 0.000424894615384615
9740 0.000425205174825175
9750 0.000425515734265734
9760 0.000425826293706294
9770 0.000426136853146853
9780 0.000426447412587413
9790 0.000426757972027972
9800 0.000427068531468531
9810 0.000427379090909091
9820 0.00042768965034965
9830 0.00042800020979021
9840 0.000428310769230769
9850 0.000428621328671329
9860 0.000428931888111888
9870 0.000429242447552448
9880 0.000429553006993007
9890 0.000429863566433566
9900 0.000430174125874126
9910 0.000430484685314685
9920 0.000430795244755245
9930 0.000431105804195804
9940 0.000431416363636364
9950 0.000431726923076923
9960 0.000432037482517482
9970 0.000432348041958042
9980 0.000432658601398601
9990 0.000432969160839161
10000 0.00043327972027972
10010 0.00043359027972028
10020 0.000433900839160839
10030 0.000434211398601399
10040 0.000434521958041958
10050 0.000434832517482517
10060 0.000435143076923077
10070 0.000435453636363636
10080 0.000435764195804196
10090 0.000436074755244755
10100 0.000436385314685315
10110 0.000436695874125874
10120 0.000437006433566434
10130 0.000437316993006993
10140 0.000437627552447552
10150 0.000437938111888112
10160 0.000438248671328671
10170 0.000438559230769231
10180 0.00043886979020979
10190 0.00043918034965035
10200 0.000439490909090909
10210 0.000439801468531469
10220 0.000440112027972028
10230 0.000440422587412587
10240 0.000440733146853147
10250 0.000441043706293706
10260 0.000441354265734266
10270 0.000441664825174825
10280 0.000441975384615385
10290 0.000442285944055944
10300 0.000442596503496503
10310 0.000442907062937063
10320 0.000443217622377622
10330 0.000443528181818182
10340 0.000443838741258741
10350 0.000444149300699301
10360 0.00044445986013986
10370 0.00044477041958042
10380 0.000445080979020979
10390 0.000445391538461538
10400 0.000445702097902098
10410 0.000446012657342657
10420 0.000446323216783217
10430 0.000446633776223776
10440 0.000446944335664336
10450 0.000447254895104895
10460 0.000447565454545455
10470 0.000447876013986014
10480 0.000448186573426573
10490 0.000448497132867133
10500 0.000448807692307692
10510 0.000449118251748252
10520 0.000449428811188811
10530 0.000449739370629371
10540 0.00045004993006993
10550 0.00045036048951049
10560 0.000450671048951049
10570 0.000450981608391608
10580 0.000451292167832168
10590 0.000451602727272727
10600 0.000451913286713287
10610 0.000452223846153846
10620 0.000452534405594406
10630 0.000452844965034965
10640 0.000453155524475524
10650 0.000453466083916084
10660 0.000453776643356643
10670 0.000454087202797203
10680 0.000454397762237762
10690 0.000454708321678322
10700 0.000455018881118881
10710 0.000455329440559441
10720 0.00045564
10730 0.000455950559440559
10740 0.000456261118881119
10750 0.000456571678321678
10760 0.000456882237762238
10770 0.000457192797202797
10780 0.000457503356643357
10790 0.000457813916083916
10800 0.000458124475524476
10810 0.000458435034965035
10820 0.000458745594405594
10830 0.000459056153846154
10840 0.000459366713286713
10850 0.000459677272727273
10860 0.000459987832167832
10870 0.000460298391608392
10880 0.000460608951048951
10890 0.00046091951048951
10900 0.00046123006993007
10910 0.000461540629370629
10920 0.000461851188811189
10930 0.000462161748251748
10940 0.000462472307692308
10950 0.000462782867132867
10960 0.000463093426573427
10970 0.000463403986013986
10980 0.000463714545454545
10990 0.000464025104895105
11000 0.000464335664335664
11010 0.000464646223776224
11020 0.000464956783216783
11030 0.000465267342657343
11040 0.000465577902097902
11050 0.000465888461538462
11060 0.000466199020979021
11070 0.00046650958041958
11080 0.00046682013986014
11090 0.000467130699300699
11100 0.000467441258741259
11110 0.000467751818181818
11120 0.000468062377622378
11130 0.000468372937062937
11140 0.000468683496503497
11150 0.000468994055944056
11160 0.000469304615384615
11170 0.000469615174825175
11180 0.000469925734265734
11190 0.000470236293706294
11200 0.000470546853146853
11210 0.000470857412587413
11220 0.000471167972027972
11230 0.000471478531468532
11240 0.000471789090909091
11250 0.00047209965034965
11260 0.00047241020979021
11270 0.000472720769230769
11280 0.000473031328671329
11290 0.000473341888111888
11300 0.000473652447552448
11310 0.000473963006993007
11320 0.000474273566433566
11330 0.000474584125874126
11340 0.000474894685314685
11350 0.000475205244755245
11360 0.000475515804195804
11370 0.000475826363636364
11380 0.000476136923076923
11390 0.000476447482517483
11400 0.000476758041958042
11410 0.000477068601398601
11420 0.000477379160839161
11430 0.00047768972027972
11440 0.00047800027972028
11450 0.000478310839160839
11460 0.000478621398601399
11470 0.000478931958041958
11480 0.000479242517482518
11490 0.000479553076923077
11500 0.000479863636363636
11510 0.000480174195804196
11520 0.000480484755244755
11530 0.000480795314685315
11540 0.000481105874125874
11550 0.000481416433566434
11560 0.000481726993006993
11570 0.000482037552447552
11580 0.000482348111888112
11590 0.000482658671328671
11600 0.000482969230769231
11610 0.00048327979020979
11620 0.00048359034965035
11630 0.000483900909090909
11640 0.000484211468531469
11650 0.000484522027972028
11660 0.000484832587412587
11670 0.000485143146853147
11680 0.000485453706293706
11690 0.000485764265734266
11700 0.000486074825174825
11710 0.000486385384615385
11720 0.000486695944055944
11730 0.000487006503496504
11740 0.000487317062937063
11750 0.000487627622377622
11760 0.000487938181818182
11770 0.000488248741258741
11780 0.000488559300699301
11790 0.00048886986013986
11800 0.00048918041958042
11810 0.000489490979020979
11820 0.000489801538461538
11830 0.000490112097902098
11840 0.000490422657342657
11850 0.000490733216783217
11860 0.000491043776223776
11870 0.000491354335664336
11880 0.000491664895104895
11890 0.000491975454545455
11900 0.000492286013986014
11910 0.000492596573426573
11920 0.000492907132867133
11930 0.000493217692307692
11940 0.000493528251748252
11950 0.000493838811188811
11960 0.000494149370629371
11970 0.00049445993006993
11980 0.00049477048951049
11990 0.000495081048951049
12000 0.000495391608391608
12010 0.000495702167832168
12020 0.000496012727272727
12030 0.000496323286713287
12040 0.000496633846153846
12050 0.000496944405594406
12060 0.000497254965034965
12070 0.000497565524475524
12080 0.000497876083916084
12090 0.000498186643356643
12100 0.000498497202797203
12110 0.000498807762237762
12120 0.000499118321678322
12130 0.000499428881118881
12140 0.000499739440559441
12150 0.00050005
12160 0.000500360559440559
12170 0.000500671118881119
12180 0.000500981678321678
12190 0.000501292237762238
12200 0.000501602797202797
12210 0.000501913356643357
12220 0.000502223916083916
12230 0.000502534475524475
12240 0.000502845034965035
12250 0.000503155594405594
12260 0.000503466153846154
12270 0.000503776713286713
12280 0.000504087272727273
12290 0.000504397832167832
12300 0.000504708391608392
12310 0.000505018951048951
12320 0.00050532951048951
12330 0.00050564006993007
12340 0.000505950629370629
12350 0.000506261188811189
12360 0.000506571748251748
12370 0.000506882307692308
12380 0.000507192867132867
12390 0.000507503426573427
12400 0.000507813986013986
12410 0.000508124545454545
12420 0.000508435104895105
12430 0.000508745664335664
12440 0.000509056223776224
12450 0.000509366783216783
12460 0.000509677342657343
12470 0.000509987902097902
12480 0.000510298461538461
12490 0.000510609020979021
12500 0.00051091958041958
12510 0.00051123013986014
12520 0.000511540699300699
12530 0.000511851258741259
12540 0.000512161818181818
12550 0.000512472377622378
12560 0.000512782937062937
12570 0.000513093496503497
12580 0.000513404055944056
12590 0.000513714615384615
12600 0.000514025174825175
12610 0.000514335734265734
12620 0.000514646293706294
12630 0.000514956853146853
12640 0.000515267412587413
12650 0.000515577972027972
12660 0.000515888531468531
12670 0.000516199090909091
12680 0.00051650965034965
12690 0.00051682020979021
12700 0.000517130769230769
12710 0.000517441328671329
12720 0.000517751888111888
12730 0.000518062447552448
12740 0.000518373006993007
12750 0.000518683566433566
12760 0.000518994125874126
12770 0.000519304685314685
12780 0.000519615244755245
12790 0.000519925804195804
12800 0.000520236363636364
12810 0.000520546923076923
12820 0.000520857482517483
12830 0.000521168041958042
12840 0.000521478601398601
12850 0.000521789160839161
12860 0.00052209972027972
12870 0.00052241027972028
12880 0.000522720839160839
12890 0.000523031398601399
12900 0.000523341958041958
12910 0.000523652517482517
12920 0.000523963076923077
12930 0.000524273636363636
12940 0.000524584195804196
12950 0.000524894755244755
12960 0.000525205314685315
12970 0.000525515874125874
12980 0.000525826433566434
12990 0.000526136993006993
13000 0.000526447552447553
13010 0.000526758111888112
13020 0.000527068671328671
13030 0.000527379230769231
13040 0.00052768979020979
13050 0.00052800034965035
13060 0.000528310909090909
13070 0.000528621468531469
13080 0.000528932027972028
13090 0.000529242587412587
13100 0.000529553146853147
13110 0.000529863706293706
13120 0.000530174265734266
13130 0.000530484825174825
13140 0.000530795384615385
13150 0.000531105944055944
13160 0.000531416503496504
13170 0.000531727062937063
13180 0.000532037622377622
13190 0.000532348181818182
13200 0.000532658741258741
13210 0.000532969300699301
13220 0.00053327986013986
13230 0.00053359041958042
13240 0.000533900979020979
13250 0.000534211538461539
13260 0.000534522097902098
13270 0.000534832657342657
13280 0.000535143216783217
13290 0.000535453776223776
13300 0.000535764335664336
13310 0.000536074895104895
13320 0.000536385454545455
13330 0.000536696013986014
13340 0.000537006573426573
13350 0.000537317132867133
13360 0.000537627692307692
13370 0.000537938251748252
13380 0.000538248811188811
13390 0.000538559370629371
13400 0.00053886993006993
13410 0.00053918048951049
13420 0.000539491048951049
13430 0.000539801608391608
13440 0.000540112167832168
13450 0.000540422727272727
13460 0.000540733286713287
13470 0.000541043846153846
13480 0.000541354405594406
13490 0.000541664965034965
13500 0.000541975524475525
13510 0.000542286083916084
13520 0.000542596643356643
13530 0.000542907202797203
13540 0.000543217762237762
13550 0.000543528321678322
13560 0.000543838881118881
13570 0.000544149440559441
13580 0.00054446
13590 0.000544770559440559
13600 0.000545081118881119
13610 0.000545391678321678
13620 0.000545702237762238
13630 0.000546012797202797
13640 0.000546323356643357
13650 0.000546633916083916
13660 0.000546944475524476
13670 0.000547255034965035
13680 0.000547565594405594
13690 0.000547876153846154
13700 0.000548186713286713
13710 0.000548497272727273
13720 0.000548807832167832
13730 0.000549118391608392
13740 0.000549428951048951
13750 0.00054973951048951
13760 0.00055005006993007
13770 0.000550360629370629
13780 0.000550671188811189
13790 0.000550981748251748
13800 0.000551292307692308
13810 0.000551602867132867
13820 0.000551913426573427
13830 0.000552223986013986
13840 0.000552534545454545
13850 0.000552845104895105
13860 0.000553155664335664
13870 0.000553466223776224
13880 0.000553776783216783
13890 0.000554087342657343
13900 0.000554397902097902
13910 0.000554708461538462
13920 0.000555019020979021
13930 0.00055532958041958
13940 0.00055564013986014
13950 0.000555950699300699
13960 0.000556261258741259
13970 0.000556571818181818
13980 0.000556882377622378
13990 0.000557192937062937
14000 0.000557503496503497
14010 0.000557814055944056
14020 0.000558124615384615
14030 0.000558435174825175
14040 0.000558745734265734
14050 0.000559056293706294
14060 0.000559366853146853
14070 0.000559677412587413
14080 0.000559987972027972
14090 0.000560298531468531
14100 0.000560609090909091
14110 0.00056091965034965
14120 0.00056123020979021
14130 0.000561540769230769
14140 0.000561851328671329
14150 0.000562161888111888
14160 0.000562472447552448
14170 0.000562783006993007
14180 0.000563093566433566
14190 0.000563404125874126
14200 0.000563714685314685
14210 0.000564025244755245
14220 0.000564335804195804
14230 0.000564646363636364
14240 0.000564956923076923
14250 0.000565267482517483
14260 0.000565578041958042
14270 0.000565888601398601
14280 0.000566199160839161
14290 0.00056650972027972
14300 0.00056682027972028
14310 0.000567130839160839
14320 0.000567441398601399
14330 0.000567751958041958
14340 0.000568062517482517
14350 0.000568373076923077
14360 0.000568683636363636
14370 0.000568994195804196
14380 0.000569304755244755
14390 0.000569615314685315
14400 0.000569925874125874
14410 0.000570236433566434
14420 0.000570546993006993
14430 0.000570857552447552
14440 0.000571168111888112
14450 0.000571478671328671
14460 0.000571789230769231
14470 0.00057209979020979
14480 0.00057241034965035
14490 0.000572720909090909
14500 0.000573031468531469
14510 0.000573342027972028
14520 0.000573652587412587
14530 0.000573963146853147
14540 0.000574273706293706
14550 0.000574584265734266
14560 0.000574894825174825
14570 0.000575205384615385
14580 0.000575515944055944
14590 0.000575826503496503
14600 0.000576137062937063
14610 0.000576447622377622
14620 0.000576758181818182
14630 0.000577068741258741
14640 0.000577379300699301
14650 0.00057768986013986
14660 0.00057800041958042
14670 0.000578310979020979
14680 0.000578621538461538
14690 0.000578932097902098
14700 0.000579242657342657
14710 0.000579553216783217
14720 0.000579863776223776
14730 0.000580174335664336
14740 0.000580484895104895
14750 0.000580795454545454
14760 0.000581106013986014
14770 0.000581416573426573
14780 0.000581727132867133
14790 0.000582037692307692
14800 0.000582348251748252
14810 0.000582658811188811
14820 0.000582969370629371
14830 0.00058327993006993
14840 0.00058359048951049
14850 0.000583901048951049
14860 0.000584211608391608
14870 0.000584522167832168
14880 0.000584832727272727
14890 0.000585143286713287
14900 0.000585453846153846
14910 0.000585764405594406
14920 0.000586074965034965
14930 0.000586385524475524
14940 0.000586696083916084
14950 0.000587006643356643
14960 0.000587317202797203
14970 0.000587627762237762
14980 0.000587938321678322
14990 0.000588248881118881
15000 0.000588559440559441
15010 0.00058887
15020 0.00058887
15030 0.00058887
15040 0.00058887
15050 0.00058887
15060 0.00058887
15070 0.00058887
15080 0.00058887
15090 0.00058887
15100 0.00058887
15110 0.00058887
15120 0.00058887
15130 0.00058887
15140 0.00058887
15150 0.00058887
15160 0.00058887
15170 0.00058887
15180 0.00058887
15190 0.00058887
15200 0.00058887
15210 0.00058887
15220 0.00058887
15230 0.00058887
15240 0.00058887
15250 0.00058887
15260 0.00058887
15270 0.00058887
15280 0.00058887
15290 0.00058887
15300 0.00058887
15310 0.00058887
15320 0.00058887
15330 0.00058887
15340 0.00058887
15350 0.00058887
15360 0.00058887
15370 0.00058887
15380 0.00058887
15390 0.00058887
15400 0.00058887
15410 0.00058887
15420 0.00058887
15430 0.00058887
15440 0.00058887
15450 0.00058887
15460 0.00058887
15470 0.00058887
15480 0.00058887
15490 0.00058887
15500 0.00058887
15510 0.00058887
15520 0.00058887
15530 0.00058887
15540 0.00058887
15550 0.00058887
15560 0.00058887
15570 0.00058887
15580 0.00058887
15590 0.00058887
15600 0.00058887
15610 0.00058887
15620 0.00058887
15630 0.00058887
15640 0.00058887
15650 0.00058887
15660 0.00058887
15670 0.00058887
15680 0.00058887
15690 0.00058887
15700 0.00058887
15710 0.00058887
15720 0.00058887
15730 0.00058887
15740 0.00058887
15750 0.00058887
15760 0.00058887
15770 0.00058887
15780 0.00058887
15790 0.00058887
15800 0.00058887
15810 0.00058887
15820 0.00058887
15830 0.00058887
15840 0.00058887
15850 0.00058887
15860 0.00058887
15870 0.00058887
15880 0.00058887
15890 0.00058887
15900 0.00058887
15910 0.00058887
15920 0.00058887
15930 0.00058887
15940 0.00058887
15950 0.00058887
15960 0.00058887
15970 0.00058887
15980 0.00058887
15990 0.00058887
16000 0.00058887
16010 0.00058887
16020 0.00058887
16030 0.00058887
16040 0.00058887
16050 0.00058887
16060 0.00058887
16070 0.00058887
16080 0.00058887
16090 0.00058887
16100 0.00058887
16110 0.00058887
16120 0.00058887
16130 0.00058887
16140 0.00058887
16150 0.00058887
16160 0.00058887
16170 0.00058887
16180 0.00058887
16190 0.00058887
16200 0.00058887
16210 0.00058887
16220 0.00058887
16230 0.00058887
16240 0.00058887
16250 0.00058887
16260 0.00058887
16270 0.00058887
16280 0.00058887
16290 0.00058887
16300 0.00058887
16310 0.00058887
16320 0.00058887
16330 0.00058887
16340 0.00058887
16350 0.00058887
16360 0.00058887
16370 0.00058887
16380 0.00058887
16390 0.00058887
16400 0.00058887
16410 0.00058887
16420 0.00058887
16430 0.00058887
16440 0.00058887
16450 0.00058887
16460 0.00058887
16470 0.00058887
16480 0.00058887
16490 0.00058887
16500 0.00058887
16510 0.00058887
16520 0.00058887
16530 0.00058887
16540 0.00058887
16550 0.00058887
16560 0.00058887
16570 0.00058887
16580 0.00058887
16590 0.00058887
16600 0.00058887
16610 0.00058887
16620 0.00058887
16630 0.00058887
16640 0.00058887
16650 0.00058887
16660 0.00058887
16670 0.00058887
16680 0.00058887
16690 0.00058887
16700 0.00058887
16710 0.00058887
16720 0.00058887
16730 0.00058887
16740 0.00058887
16750 0.00058887
16760 0.00058887
16770 0.00058887
16780 0.00058887
16790 0.00058887
16800 0.00058887
16810 0.00058887
16820 0.00058887
16830 0.00058887
16840 0.00058887
16850 0.00058887
16860 0.00058887
16870 0.00058887
16880 0.00058887
16890 0.00058887
16900 0.00058887
16910 0.00058887
16920 0.00058887
16930 0.00058887
16940 0.00058887
16950 0.00058887
16960 0.00058887
16970 0.00058887
16980 0.00058887
16990 0.00058887
17000 0.00058887
17010 0.00058887
17020 0.00058887
17030 0.00058887
17040 0.00058887
17050 0.00058887
17060 0.00058887
17070 0.00058887
17080 0.00058887
17090 0.00058887
17100 0.00058887
17110 0.00058887
17120 0.00058887
17130 0.00058887
17140 0.00058887
17150 0.00058887
17160 0.00058887
17170 0.00058887
17180 0.00058887
17190 0.00058887
17200 0.00058887
17210 0.00058887
17220 0.00058887
17230 0.00058887
17240 0.00058887
17250 0.00058887
17260 0.00058887
17270 0.00058887
17280 0.00058887
17290 0.00058887
17300 0.00058887
17310 0.00058887
17320 0.00058887
17330 0.00058887
17340 0.00058887
17350 0.00058887
17360 0.00058887
17370 0.00058887
17380 0.00058887
17390 0.00058887
17400 0.00058887
17410 0.00058887
17420 0.00058887
17430 0.00058887
17440 0.00058887
17450 0.00058887
17460 0.00058887
17470 0.00058887
17480 0.00058887
17490 0.00058887
17500 0.00058887
17510 0.00058887
17520 0.00058887
17530 0.00058887
17540 0.00058887
17550 0.00058887
17560 0.00058887
17570 0.00058887
17580 0.00058887
17590 0.00058887
17600 0.00058887
17610 0.00058887
17620 0.00058887
17630 0.00058887
17640 0.00058887
17650 0.00058887
17660 0.00058887
17670 0.00058887
17680 0.00058887
17690 0.00058887
17700 0.00058887
17710 0.00058887
17720 0.00058887
17730 0.00058887
17740 0.00058887
17750 0.00058887
17760 0.00058887
17770 0.00058887
17780 0.00058887
17790 0.00058887
17800 0.00058887
17810 0.00058887
17820 0.00058887
17830 0.00058887
17840 0.00058887
17850 0.00058887
17860 0.00058887
17870 0.00058887
17880 0.00058887
17890 0.00058887
17900 0.00058887
17910 0.00058887
17920 0.00058887
17930 0.00058887
17940 0.00058887
17950 0.00058887
17960 0.00058887
17970 0.00058887
17980 0.00058887
17990 0.00058887
18000 0.00058887
18010 0.00058887
18020 0.00058887
18030 0.00058887
18040 0.00058887
18050 0.00058887
18060 0.00058887
18070 0.00058887
18080 0.00058887
18090 0.00058887
18100 0.00058887
18110 0.00058887
18120 0.00058887
18130 0.00058887
18140 0.00058887
18150 0.00058887
18160 0.00058887
18170 0.00058887
18180 0.00058887
18190 0.00058887
18200 0.00058887
18210 0.00058887
18220 0.00058887
18230 0.00058887
18240 0.00058887
18250 0.00058887
18260 0.00058887
18270 0.00058887
18280 0.00058887
18290 0.00058887
18300 0.00058887
18310 0.00058887
18320 0.00058887
18330 0.00058887
18340 0.00058887
18350 0.00058887
18360 0.00058887
18370 0.00058887
18380 0.00058887
18390 0.00058887
18400 0.00058887
18410 0.00058887
18420 0.00058887
18430 0.00058887
18440 0.00058887
18450 0.00058887
18460 0.00058887
18470 0.00058887
18480 0.00058887
18490 0.00058887
18500 0.00058887
18510 0.00058887
18520 0.00058887
18530 0.00058887
18540 0.00058887
18550 0.00058887
18560 0.00058887
18570 0.00058887
18580 0.00058887
18590 0.00058887
18600 0.00058887
18610 0.00058887
18620 0.00058887
18630 0.00058887
18640 0.00058887
18650 0.00058887
18660 0.00058887
18670 0.00058887
18680 0.00058887
18690 0.00058887
18700 0.00058887
18710 0.00058887
18720 0.00058887
18730 0.00058887
18740 0.00058887
18750 0.00058887
18760 0.00058887
18770 0.00058887
18780 0.00058887
18790 0.00058887
18800 0.00058887
18810 0.00058887
18820 0.00058887
18830 0.00058887
18840 0.00058887
18850 0.00058887
18860 0.00058887
18870 0.00058887
18880 0.00058887
18890 0.00058887
18900 0.00058887
18910 0.00058887
18920 0.00058887
18930 0.00058887
18940 0.00058887
18950 0.00058887
18960 0.00058887
18970 0.00058887
18980 0.00058887
18990 0.00058887
19000 0.00058887
19010 0.00058887
19020 0.00058887
19030 0.00058887
19040 0.00058887
19050 0.00058887
19060 0.00058887
19070 0.00058887
19080 0.00058887
19090 0.00058887
19100 0.00058887
19110 0.00058887
19120 0.00058887
19130 0.00058887
19140 0.00058887
19150 0.00058887
19160 0.00058887
19170 0.00058887
19180 0.00058887
19190 0.00058887
19200 0.00058887
19210 0.00058887
19220 0.00058887
19230 0.00058887
19240 0.00058887
19250 0.00058887
19260 0.00058887
19270 0.00058887
19280 0.00058887
19290 0.00058887
19300 0.00058887
19310 0.00058887
19320 0.00058887
19330 0.00058887
19340 0.00058887
19350 0.00058887
19360 0.00058887
19370 0.00058887
19380 0.00058887
19390 0.00058887
19400 0.00058887
19410 0.00058887
19420 0.00058887
19430 0.00058887
19440 0.00058887
19450 0.00058887
19460 0.00058887
19470 0.00058887
19480 0.00058887
19490 0.00058887
19500 0.00058887
19510 0.00058887
19520 0.00058887
19530 0.00058887
19540 0.00058887
19550 0.00058887
19560 0.00058887
19570 0.00058887
19580 0.00058887
19590 0.00058887
19600 0.00058887
19610 0.00058887
19620 0.00058887
19630 0.00058887
19640 0.00058887
19650 0.00058887
19660 0.00058887
19670 0.00058887
19680 0.00058887
19690 0.00058887
19700 0.00058887
19710 0.00058887
19720 0.00058887
19730 0.00058887
19740 0.00058887
19750 0.00058887
19760 0.00058887
19770 0.00058887
19780 0.00058887
19790 0.00058887
19800 0.00058887
19810 0.00058887
19820 0.00058887
19830 0.00058887
19840 0.00058887
19850 0.00058887
19860 0.00058887
19870 0.00058887
19880 0.00058887
19890 0.00058887
19900 0.00058887
19910 0.00058887
19920 0.00058887
19930 0.00058887
19940 0.00058887
19950 0.00058887
19960 0.00058887
19970 0.00058887
19980 0.00058887
19990 0.00058887
20000 0.00058887
20010 0.00058887
20020 0.00058887
20030 0.00058887
20040 0.00058887
20050 0.00058887
20060 0.00058887
20070 0.00058887
20080 0.00058887
20090 0.00058887
20100 0.00058887
20110 0.00058887
20120 0.00058887
20130 0.00058887
20140 0.00058887
20150 0.00058887
20160 0.00058887
20170 0.00058887
20180 0.00058887
20190 0.00058887
20200 0.00058887
20210 0.00058887
20220 0.00058887
20230 0.00058887
20240 0.00058887
20250 0.00058887
20260 0.00058887
20270 0.00058887
20280 0.00058887
20290 0.00058887
20300 0.00058887
20310 0.00058887
20320 0.00058887
20330 0.00058887
20340 0.00058887
20350 0.00058887
20360 0.00058887
20370 0.00058887
20380 0.00058887
20390 0.00058887
20400 0.00058887
20410 0.00058887
20420 0.00058887
20430 0.00058887
20440 0.00058887
20450 0.00058887
20460 0.00058887
20470 0.00058887
20480 0.00058887
20490 0.00058887
20500 0.00058887
20510 0.00058887
20520 0.00058887
20530 0.00058887
20540 0.00058887
20550 0.00058887
20560 0.00058887
20570 0.00058887
20580 0.00058887
20590 0.00058887
20600 0.00058887
20610 0.00058887
20620 0.00058887
20630 0.00058887
20640 0.00058887
20650 0.00058887
20660 0.00058887
20670 0.00058887
20680 0.00058887
20690 0.00058887
20700 0.00058887
20710 0.00058887
20720 0.00058887
20730 0.00058887
20740 0.00058887
20750 0.00058887
20760 0.00058887
20770 0.00058887
20780 0.00058887
20790 0.00058887
20800 0.00058887
20810 0.00058887
20820 0.00058887
20830 0.00058887
20840 0.00058887
20850 0.00058887
20860 0.00058887
20870 0.00058887
20880 0.00058887
20890 0.00058887
20900 0.00058887
20910 0.00058887
20920 0.00058887
20930 0.00058887
20940 0.00058887
20950 0.00058887
20960 0.00058887
20970 0.00058887
20980 0.00058887
20990 0.00058887
21000 0.00058887
21010 0.00058887
21020 0.00058887
21030 0.00058887
21040 0.00058887
21050 0.00058887
21060 0.00058887
21070 0.00058887
21080 0.00058887
21090 0.00058887
21100 0.00058887
21110 0.00058887
21120 0.00058887
21130 0.00058887
21140 0.00058887
21150 0.00058887
21160 0.00058887
21170 0.00058887
21180 0.00058887
21190 0.00058887
21200 0.00058887
21210 0.00058887
21220 0.00058887
21230 0.00058887
21240 0.00058887
21250 0.00058887
21260 0.00058887
21270 0.00058887
21280 0.00058887
21290 0.00058887
21300 0.00058887
21310 0.00058887
21320 0.00058887
21330 0.00058887
21340 0.00058887
21350 0.00058887
21360 0.00058887
21370 0.00058887
21380 0.00058887
21390 0.00058887
21400 0.00058887
21410 0.00058887
21420 0.00058887
21430 0.00058887
21440 0.00058887
21450 0.00058887
21460 0.00058887
21470 0.00058887
21480 0.00058887
21490 0.00058887
21500 0.00058887
21510 0.00058887
21520 0.00058887
21530 0.00058887
21540 0.00058887
21550 0.00058887
21560 0.00058887
21570 0.00058887
21580 0.00058887
21590 0.00058887
21600 0.00058887
21610 0.00058887
21620 0.00058887
21630 0.00058887
21640 0.00058887
21650 0.00058887
21660 0.00058887
21670 0.00058887
21680 0.00058887
21690 0.00058887
21700 0.00058887
21710 0.00058887
21720 0.00058887
21730 0.00058887
21740 0.00058887
21750 0.00058887
21760 0.00058887
21770 0.00058887
21780 0.00058887
21790 0.00058887
21800 0.00058887
21810 0.00058887
21820 0.00058887
21830 0.00058887
21840 0.00058887
21850 0.00058887
21860 0.00058887
21870 0.00058887
21880 0.00058887
21890 0.00058887
21900 0.00058887
21910 0.00058887
21920 0.00058887
21930 0.00058887
21940 0.00058887
21950 0.00058887
21960 0.00058887
21970 0.00058887
21980 0.00058887
21990 0.00058887
22000 0.00058887
22010 0.00058887
22020 0.00058887
22030 0.00058887
22040 0.00058887
22050 0.00058887
22060 0.00058887
22070 0.00058887
22080 0.00058887
22090 0.00058887
22100 0.00058887
22110 0.00058887
22120 0.00058887
22130 0.00058887
22140 0.00058887
22150 0.00058887
22160 0.00058887
22170 0.00058887
22180 0.00058887
22190 0.00058887
22200 0.00058887
22210 0.00058887
22220 0.00058887
22230 0.00058887
22240 0.00058887
22250 0.00058887
22260 0.00058887
22270 0.00058887
22280 0.00058887
22290 0.00058887
22300 0.00058887
22310 0.00058887
22320 0.00058887
22330 0.00058887
22340 0.00058887
22350 0.00058887
22360 0.00058887
22370 0.00058887
22380 0.00058887
22390 0.00058887
22400 0.00058887
22410 0.00058887
22420 0.00058887
22430 0.00058887
22440 0.00058887
22450 0.00058887
22460 0.00058887
22470 0.00058887
22480 0.00058887
22490 0.00058887
22500 0.00058887
22510 0.00058887
22520 0.00058887
22530 0.00058887
22540 0.00058887
22550 0.00058887
22560 0.00058887
22570 0.00058887
22580 0.00058887
22590 0.00058887
22600 0.00058887
22610 0.00058887
22620 0.00058887
22630 0.00058887
22640 0.00058887
22650 0.00058887
22660 0.00058887
22670 0.00058887
22680 0.00058887
22690 0.00058887
22700 0.00058887
22710 0.00058887
22720 0.00058887
22730 0.00058887
22740 0.00058887
22750 0.00058887
22760 0.00058887
22770 0.00058887
22780 0.00058887
22790 0.00058887
22800 0.00058887
22810 0.00058887
22820 0.00058887
22830 0.00058887
22840 0.00058887
22850 0.00058887
22860 0.00058887
22870 0.00058887
22880 0.00058887
22890 0.00058887
22900 0.00058887
22910 0.00058887
22920 0.00058887
22930 0.00058887
22940 0.00058887
22950 0.00058887
22960 0.00058887
22970 0.00058887
22980 0.00058887
22990 0.00058887
23000 0.00058887
23010 0.00058887
23020 0.00058887
23030 0.00058887
23040 0.00058887
23050 0.00058887
23060 0.00058887
23070 0.00058887
23080 0.00058887
23090 0.00058887
23100 0.00058887
23110 0.00058887
23120 0.00058887
23130 0.00058887
23140 0.00058887
23150 0.00058887
23160 0.00058887
23170 0.00058887
23180 0.00058887
23190 0.00058887
23200 0.00058887
23210 0.00058887
23220 0.00058887
23230 0.00058887
23240 0.00058887
23250 0.00058887
23260 0.00058887
23270 0.00058887
23280 0.00058887
23290 0.00058887
23300 0.00058887
23310 0.00058887
23320 0.00058887
23330 0.00058887
23340 0.00058887
23350 0.00058887
23360 0.00058887
23370 0.00058887
23380 0.00058887
23390 0.00058887
23400 0.00058887
23410 0.00058887
23420 0.00058887
23430 0.00058887
23440 0.00058887
23450 0.00058887
23460 0.00058887
23470 0.00058887
23480 0.00058887
23490 0.00058887
23500 0.00058887
23510 0.00058887
23520 0.00058887
23530 0.00058887
23540 0.00058887
23550 0.00058887
23560 0.00058887
23570 0.00058887
23580 0.00058887
23590 0.00058887
23600 0.00058887
23610 0.00058887
23620 0.00058887
23630 0.00058887
23640 0.00058887
23650 0.00058887
23660 0.00058887
23670 0.00058887
23680 0.00058887
23690 0.00058887
23700 0.00058887
23710 0.00058887
23720 0.00058887
23730 0.00058887
23740 0.00058887
23750 0.00058887
23760 0.00058887
23770 0.00058887
23780 0.00058887
23790 0.00058887
23800 0.00058887
23810 0.00058887
23820 0.00058887
23830 0.00058887
23840 0.00058887
23850 0.00058887
23860 0.00058887
23870 0.00058887
23880 0.00058887
23890 0.00058887
23900 0.00058887
23910 0.00058887
23920 0.00058887
23930 0.00058887
23940 0.00058887
23950 0.00058887
23960 0.00058887
23970 0.00058887
23980 0.00058887
23990 0.00058887
24000 0.00058887
24010 0.00058887
24020 0.00058887
24030 0.00058887
24040 0.00058887
24050 0.00058887
24060 0.00058887
24070 0.00058887
24080 0.00058887
24090 0.00058887
24100 0.00058887
24110 0.00058887
24120 0.00058887
24130 0.00058887
24140 0.00058887
24150 0.00058887
24160 0.00058887
24170 0.00058887
24180 0.00058887
24190 0.00058887
24200 0.00058887
24210 0.00058887
24220 0.00058887
24230 0.00058887
24240 0.00058887
24250 0.00058887
24260 0.00058887
24270 0.00058887
24280 0.00058887
24290 0.00058887
24300 0.00058887
24310 0.00058887
24320 0.00058887
24330 0.00058887
24340 0.00058887
24350 0.00058887
24360 0.00058887
24370 0.00058887
24380 0.00058887
24390 0.00058887
24400 0.00058887
24410 0.00058887
24420 0.00058887
24430 0.00058887
24440 0.00058887
24450 0.00058887
24460 0.00058887
24470 0.00058887
24480 0.00058887
24490 0.00058887
24500 0.00058887
24510 0.00058887
24520 0.00058887
24530 0.00058887
24540 0.00058887
24550 0.00058887
24560 0.00058887
24570 0.00058887
24580 0.00058887
24590 0.00058887
24600 0.00058887
24610 0.00058887
24620 0.00058887
24630 0.00058887
24640 0.00058887
24650 0.00058887
24660 0.00058887
24670 0.00058887
24680 0.00058887
24690 0.00058887
24700 0.00058887
24710 0.00058887
24720 0.00058887
24730 0.00058887
24740 0.00058887
24750 0.00058887
24760 0.00058887
24770 0.00058887
24780 0.00058887
24790 0.00058887
24800 0.00058887
24810 0.00058887
24820 0.00058887
24830 0.00058887
24840 0.00058887
24850 0.00058887
24860 0.00058887
24870 0.00058887
24880 0.00058887
24890 0.00058887
24900 0.00058887
24910 0.00058887
24920 0.00058887
24930 0.00058887
24940 0.00058887
24950 0.00058887
24960 0.00058887
24970 0.00058887
24980 0.00058887
24990 0.00058887
25000 0.00058887
-END-OF-DATA-
