  -1.2880134e-02
  -1.4074478e-02
  -8.1611560e-03
  -0.0000000e+00
  -5.9447402e-03
  -7.7176997e-03
   0.0000000e+00
  -2.0616120e-03
  -1.0790564e-02
  -1.5029064e-02
  -1.6080745e-02
  -1.9559954e-02
  -2.3301055e-02
  -2.3952064e-02
  -2.4953913e-02
  -2.4800123e-02
   0.0000000e+00
  -2.3279089e-02
  -2.2862420e-02
  -1.9993069e-02
  -1.7527914e-02
  -1.5450509e-02
  -1.1055214e-02
  -9.3627672e-03
  -0.0000000e+00
   0.0000000e+00
   0.0000000e+00
   0.0000000e+00
   0.0000000e+00
   0.0000000e+00
   0.0000000e+00
   0.0000000e+00
   0.0000000e+00
   0.0000000e+00
   0.0000000e+00
   0.0000000e+00
  -1.9577221e-02
  -1.6454195e-02
  -1.2911829e-02
  -1.1618347e-02
  -6.7755175e-03
  -9.4453587e-03
  -1.3906021e-02
  -1.0501439e-02
  -1.2981442e-02
  -1.1380843e-02
  -1.0903457e-02
  -1.1929009e-02
  -1.5583160e-02
  -1.7455186e-02
  -1.8308729e-02
  -2.0006304e-02
  -1.8402045e-02
  -2.1168523e-02
  -1.7403737e-02
  -1.6063722e-02
  -1.7228683e-02
  -1.3036936e-02
  -1.1028796e-02
  -1.0718355e-02
  -1.4307614e-02
  -1.8021427e-02
  -1.6288091e-02
  -1.9083197e-02
  -1.5361140e-02
  -1.8407543e-02
  -1.7100124e-02
  -2.3066599e-02
  -2.2596361e-02
  -2.8627511e-02
  -3.3270474e-02
  -3.7047057e-02
  -0.0000000e+00
  -0.0000000e+00
  -1.2908599e-02
  -1.2522273e-02
  -0.0000000e+00
  -0.0000000e+00
  -1.1772616e-02
  -1.2284388e-02
  -1.2419422e-02
  -9.3897173e-03
  -6.3845450e-03
  -1.6749419e-03
   1.2480834e-03
   1.3757641e-03
   5.4485409e-04
  -2.3230122e-05
  -2.4557211e-03
  -8.0333804e-03
  -7.5243268e-03
  -8.9292349e-03
  -4.8531769e-03
  -1.4830971e-03
  -7.3480041e-04
  -1.8170063e-03
  -3.6950580e-03
  -4.7119949e-03
  -3.1109995e-03
  -1.2326970e-04
   1.8327852e-03
   4.6205919e-04
  -3.6359502e-03
  -6.9258143e-03
  -1.0461004e-02
  -1.4315783e-02
  -1.9526044e-02
  -2.4774450e-02
   0.0000000e+00
   0.0000000e+00
   0.0000000e+00
   0.0000000e+00
   0.0000000e+00
   0.0000000e+00
  -1.5373161e-03
   1.9842228e-03
   8.7050531e-03
   2.3045116e-02
   2.1140439e-02
   2.2149608e-02
   2.7589286e-02
   3.0803114e-02
   3.2163292e-02
   3.3492822e-02
   3.3501368e-02
   3.1757861e-02
   2.9971875e-02
   2.0551443e-02
   2.0940180e-02
   1.9409474e-02
   1.9995525e-02
   1.8786052e-02
   1.7656702e-02
   1.9151414e-02
   2.4009660e-02
   2.8311264e-02
   2.8802805e-02
   2.6794475e-02
   2.4819667e-02
   2.2880374e-02
   2.1702936e-02
   2.1958935e-02
   2.1941166e-02
   2.2484466e-02
   0.0000000e+00
   0.0000000e+00
   0.0000000e+00
   0.0000000e+00
   0.0000000e+00
   1.9912671e-02
   1.7855039e-02
   2.0970073e-02
   2.7732693e-02
   3.4992721e-02
   4.0228084e-02
   4.6206392e-02
   5.1050227e-02
   5.5752616e-02
   5.9804454e-02
   6.3729078e-02
   6.6587038e-02
   6.6955507e-02
   6.4557880e-02
   0.0000000e+00
   0.0000000e+00
   3.3788286e-02
   4.0323261e-02
   4.3075442e-02
   4.4910632e-02
   4.8012953e-02
   5.4565828e-02
   5.4253254e-02
   4.6908628e-02
   4.5908067e-02
   4.6911452e-02
   4.8897378e-02
   5.0895769e-02
   5.4279119e-02
   5.6435637e-02
   5.3434779e-02
   6.9844767e-02
   0.0000000e+00
   0.0000000e+00
   0.0000000e+00
   0.0000000e+00
   3.5123681e-02
   3.8760847e-02
   3.8948136e-02
   4.3442971e-02
   4.7915032e-02
   5.1703253e-02
   5.5367761e-02
   5.9612379e-02
   6.4081237e-02
   6.9928533e-02
   7.5696415e-02
   8.0450972e-02
   8.2460751e-02
   7.7634877e-02
   6.5482241e-02
   0.0000000e+00
   3.6356958e-02
   5.0476720e-02
   5.9651595e-02
   6.5437212e-02
   6.6755555e-02
   6.5477155e-02
   0.0000000e+00
   4.3910398e-02
   5.1104152e-02
   5.7268039e-02
   6.2162206e-02
   6.8528525e-02
   7.3867051e-02
   7.6728111e-02
   7.2916909e-02
   7.0185482e-02
   5.9206493e-02
   0.0000000e+00
   4.6598964e-02
   4.8462626e-02
   4.8577161e-02
   5.1835578e-02
   5.0901901e-02
   5.0988179e-02
   5.0338861e-02
   5.0687511e-02
   5.1173501e-02
   5.3465780e-02
   5.6985807e-02
   6.2048905e-02
   6.7669526e-02
   7.2991766e-02
   7.6188929e-02
   7.1608320e-02
   5.3835469e-02
   0.0000000e+00
   3.1628576e-02
   4.5687716e-02
   5.9940949e-02
   6.8864264e-02
   6.5088876e-02
   5.5152778e-02
   0.0000000e+00
   2.7316699e-02
   4.4287668e-02
   5.4202169e-02
   5.6999534e-02
   6.6564888e-02
   7.2502658e-02
   7.6251231e-02
   7.5004026e-02
   5.6969900e-02
   5.3519900e-02
   4.5371906e-02
   4.5834481e-02
   5.2528701e-02
   6.0108811e-02
   6.0509067e-02
   5.5724736e-02
   4.9516346e-02
   4.3741016e-02
   3.9665058e-02
   3.8020633e-02
   3.8273285e-02
   4.0145226e-02
   4.3124583e-02
   4.7072208e-02
   5.1169150e-02
   5.3382449e-02
   4.9230179e-02
   3.6538866e-02
   0.0000000e+00
   0.0000000e+00
   2.6209436e-02
   4.1378342e-02
   5.0552768e-02
   3.8611408e-02
   0.0000000e+00
   0.0000000e+00
   1.5911455e-02
   2.2708478e-02
   3.6667681e-02
   3.5853490e-02
   4.4894718e-02
   5.0257964e-02
   5.4619718e-02
   5.6900494e-02
   3.1222664e-02
   3.4430024e-02
   3.6089757e-02
   0.0000000e+00
   4.5194035e-02
   5.0280578e-02
   4.9513917e-02
   4.3440361e-02
   3.5568483e-02
   2.8393636e-02
   2.3184555e-02
   2.0646635e-02
   1.9715443e-02
   2.0067520e-02
   2.1280101e-02
   2.3632817e-02
   2.5883989e-02
   2.6509717e-02
   2.2184584e-02
   1.6255680e-02
   0.0000000e+00
   0.0000000e+00
   5.7987394e-03
   1.3818849e-02
   2.3708109e-02
   1.3867940e-02
   0.0000000e+00
   0.0000000e+00
   0.0000000e+00
   5.9833049e-03
   1.4501127e-02
   1.3114065e-02
   1.6165910e-02
   1.9859584e-02
   2.4589280e-02
   2.8059354e-02
   1.1947537e-03
   6.1039352e-03
   9.5961007e-03
   6.6403202e-03
   1.6804146e-02
   2.1739252e-02
   2.2060107e-02
   1.8004697e-02
   1.2022556e-02
   6.3309963e-03
   2.4060598e-03
  -9.8683289e-05
  -1.1283620e-03
  -1.2839222e-03
  -9.6742000e-04
   6.1395334e-04
   1.3720860e-03
  -1.8941215e-04
  -4.6450654e-03
  -7.8413812e-03
   0.0000000e+00
   0.0000000e+00
  -0.0000000e+00
  -1.1752666e-02
  -1.3277531e-03
  -5.0500366e-03
   0.0000000e+00
   0.0000000e+00
   0.0000000e+00
  -3.2949320e-03
  -7.5344658e-03
  -8.1571201e-03
  -1.2334307e-02
  -8.7873563e-03
  -4.6758046e-03
  -1.9224355e-03
  -2.4047728e-02
  -2.0081045e-02
  -1.2930179e-02
  -1.2265385e-02
  -8.1412736e-03
  -6.2126149e-03
  -5.8690861e-03
  -7.8196935e-03
  -1.1702621e-02
  -1.5411513e-02
  -1.7910490e-02
  -1.9213088e-02
  -1.9403828e-02
  -1.9008279e-02
  -1.8169617e-02
  -1.7429555e-02
  -1.8680323e-02
  -2.2537626e-02
  -2.7440982e-02
  -2.1543555e-02
   0.0000000e+00
   0.0000000e+00
   0.0000000e+00
  -2.3061460e-02
  -1.9847877e-02
  -1.7298190e-02
   0.0000000e+00
   0.0000000e+00
   0.0000000e+00
  -7.1992456e-03
  -1.4671292e-02
  -0.0000000e+00
  -0.0000000e+00
  -2.6430137e-02
  -2.4049999e-02
  -2.5122045e-02
  -4.3918271e-02
  -4.0440116e-02
  -3.1603627e-02
  -2.9574877e-02
  -2.9555671e-02
  -2.7870048e-02
  -2.6906712e-02
  -2.7626824e-02
  -2.9828655e-02
  -3.1884227e-02
  -3.3434078e-02
  -3.3072840e-02
  -3.1624801e-02
  -3.0060625e-02
  -2.9564269e-02
  -3.1461656e-02
  -3.5956778e-02
  -4.2142738e-02
  -4.5549091e-02
  -2.5063064e-02
   0.0000000e+00
   0.0000000e+00
   0.0000000e+00
  -0.0000000e+00
  -3.3812203e-02
  -2.2813641e-02
   0.0000000e+00
   0.0000000e+00
   0.0000000e+00
  -2.1068817e-02
  -1.7452506e-02
  -9.7847562e-03
   0.0000000e+00
  -0.0000000e+00
  -3.7455048e-02
  -4.2623870e-02
  -5.3039975e-02
  -4.8984133e-02
  -3.9961692e-02
  -3.7939277e-02
  -3.8703032e-02
  -3.7352301e-02
  -3.6662869e-02
  -3.6649331e-02
  -3.7226424e-02
  -3.7873492e-02
  -3.8409732e-02
  -3.7297726e-02
  -3.5282530e-02
  -3.4153372e-02
  -3.6327727e-02
  -4.1855194e-02
  -4.8585441e-02
  -5.4764356e-02
  -5.4239608e-02
  -3.3289976e-02
   0.0000000e+00
   0.0000000e+00
   0.0000000e+00
  -0.0000000e+00
  -4.1490063e-02
  -2.3258483e-02
   0.0000000e+00
   0.0000000e+00
   0.0000000e+00
  -2.6074660e-02
  -1.6516538e-02
  -7.3411795e-03
   0.0000000e+00
  -0.0000000e+00
  -4.5069985e-02
  -5.1151525e-02
  -5.2602522e-02
  -4.7369208e-02
  -3.9047889e-02
  -3.7566762e-02
  -3.8120143e-02
  -3.7986808e-02
  -3.7784789e-02
  -3.7227437e-02
  -3.6981367e-02
  -3.7118580e-02
  -3.7371632e-02
  -3.7045792e-02
  -3.7424136e-02
  -4.0190481e-02
  -4.6356164e-02
  -5.3315047e-02
  -5.8767505e-02
  -6.0528468e-02
  -5.2470122e-02
  -2.9622447e-02
   0.0000000e+00
   0.0000000e+00
   0.0000000e+00
  -0.0000000e+00
  -4.3769811e-02
  -2.3564126e-02
   0.0000000e+00
   0.0000000e+00
   0.0000000e+00
  -2.9664367e-02
  -1.6946059e-02
  -0.0000000e+00
   0.0000000e+00
  -4.5254774e-02
  -4.7622271e-02
  -5.1849049e-02
  -4.3047484e-02
  -3.7762012e-02
  -2.9441878e-02
  -2.7671605e-02
  -2.8689804e-02
  -2.9966161e-02
  -3.0322364e-02
  -3.0770453e-02
  -3.2186493e-02
  -3.4605112e-02
  -3.7481178e-02
  -4.0871028e-02
  -4.5410059e-02
  -5.1405888e-02
  -5.7715323e-02
  -6.1463904e-02
  -6.1356161e-02
  -5.5211402e-02
  -3.8845703e-02
  -0.0000000e+00
   0.0000000e+00
   0.0000000e+00
   0.0000000e+00
   0.0000000e+00
  -4.0300114e-02
  -2.1432703e-02
   0.0000000e+00
   0.0000000e+00
   0.0000000e+00
  -3.5794782e-02
  -2.0332044e-02
  -0.0000000e+00
  -0.0000000e+00
  -4.5157246e-02
  -4.4654943e-02
  -4.4570874e-02
  -2.8641324e-02
  -2.4512937e-02
  -1.7027901e-02
  -1.5208521e-02
  -1.6788112e-02
  -1.9049717e-02
  -2.0685660e-02
  -2.2996873e-02
  -2.6945453e-02
  -3.2652609e-02
  -3.9592978e-02
  -4.7323391e-02
  -5.4502286e-02
  -6.0960278e-02
  -6.4682692e-02
  -6.3365459e-02
  -5.6732897e-02
  -4.2886537e-02
  -2.0100091e-02
  -0.0000000e+00
   0.0000000e+00
   0.0000000e+00
   0.0000000e+00
   0.0000000e+00
  -3.2811827e-02
  -1.4903826e-02
   0.0000000e+00
   0.0000000e+00
   0.0000000e+00
  -0.0000000e+00
  -2.1584580e-02
  -5.7783015e-03
  -4.0945061e-02
  -4.1213099e-02
  -3.7105918e-02
  -3.2730255e-02
  -1.4271730e-02
  -1.2407418e-02
  -6.3866610e-03
  -5.4736291e-03
  -8.0144536e-03
  -1.1593279e-02
  -1.5052876e-02
  -1.9054560e-02
  -2.4521332e-02
  -3.1779081e-02
  -4.0336106e-02
  -4.9110305e-02
  -5.6043293e-02
  -6.1006285e-02
  -6.1870702e-02
  -5.6520578e-02
  -4.5084834e-02
  -2.6951293e-02
  -4.8733084e-03
   0.0000000e+00
   0.0000000e+00
   0.0000000e+00
   0.0000000e+00
  -3.7026657e-02
  -2.3122265e-02
  -4.8049544e-03
   0.0000000e+00
   0.0000000e+00
   0.0000000e+00
   0.0000000e+00
  -2.6489106e-02
  -2.1379903e-02
  -3.2670377e-02
  -3.0406987e-02
  -2.6192661e-02
  -1.9340605e-02
  -5.6795502e-03
  -7.9360960e-03
  -1.4381028e-03
  -1.9204702e-03
  -6.1000981e-03
  -1.1892262e-02
  -1.7900773e-02
  -2.3948623e-02
  -3.0635301e-02
  -3.7455725e-02
  -4.3723848e-02
  -4.8667740e-02
  -5.1395822e-02
  -5.2405644e-02
  -5.0074596e-02
  -4.3056982e-02
  -3.1229621e-02
  -1.4203530e-02
   3.1636050e-03
   0.0000000e+00
   0.0000000e+00
   0.0000000e+00
   0.0000000e+00
  -2.9096306e-02
  -1.7593330e-02
   0.0000000e+00
   0.0000000e+00
   0.0000000e+00
   0.0000000e+00
   0.0000000e+00
  -2.7753975e-02
  -2.6502643e-02
  -2.3232048e-02
  -1.7044597e-02
  -1.5327295e-02
  -9.7013107e-03
   0.0000000e+00
   0.0000000e+00
  -2.3601151e-03
  -3.2246495e-03
  -7.7637197e-03
  -1.4097678e-02
  -2.0795695e-02
  -2.7294643e-02
  -3.4056149e-02
  -3.9953750e-02
  -4.4443026e-02
  -4.7029827e-02
  -4.7423132e-02
  -4.6459563e-02
  -4.3034215e-02
  -3.6223855e-02
  -2.5970947e-02
  -1.2525445e-02
   1.5405847e-03
   8.0216983e-03
   0.0000000e+00
   0.0000000e+00
  -2.6444246e-02
  -1.6974922e-02
  -0.0000000e+00
   0.0000000e+00
   0.0000000e+00
   0.0000000e+00
   0.0000000e+00
   0.0000000e+00
  -2.5800304e-02
  -2.0300515e-02
  -1.0300516e-02
  -4.9670255e-03
  -5.5431309e-03
  -9.1813714e-04
   7.4775183e-03
   0.0000000e+00
  -5.4605391e-03
  -6.8943905e-03
  -1.0325563e-02
  -1.4758075e-02
  -1.9786104e-02
  -2.4906230e-02
  -3.0599421e-02
  -3.5793128e-02
  -3.9712542e-02
  -4.1812194e-02
  -4.1855189e-02
  -4.1043603e-02
  -3.9143228e-02
  -3.5029778e-02
  -2.8583239e-02
  -2.1214070e-02
  -1.1063311e-02
   1.6851629e-03
   0.0000000e+00
   0.0000000e+00
  -2.7229610e-02
  -5.8645108e-03
   0.0000000e+00
   0.0000000e+00
   0.0000000e+00
   0.0000000e+00
   0.0000000e+00
   0.0000000e+00
  -0.0000000e+00
  -1.0330387e-02
   2.4295864e-03
   9.6466845e-03
   7.9971445e-03
   4.1655601e-03
   0.0000000e+00
  -0.0000000e+00
  -1.2144361e-02
  -1.6230481e-02
  -1.8799536e-02
  -2.0343691e-02
  -2.1508073e-02
  -2.2596516e-02
  -2.4420179e-02
  -2.6910290e-02
  -2.9078523e-02
  -3.0355582e-02
  -3.0586777e-02
  -3.1406563e-02
  -3.4005642e-02
  -3.6644980e-02
  -3.8369499e-02
  -3.9512776e-02
  -3.8025074e-02
  -2.6132083e-02
   0.0000000e+00
  -4.5313504e-02
  -3.0572475e-02
   2.0180674e-03
   0.0000000e+00
   0.0000000e+00
   0.0000000e+00
   0.0000000e+00
   0.0000000e+00
   0.0000000e+00
  -1.9967524e-02
  -2.8382483e-03
   1.6292331e-02
   2.8359862e-02
   0.0000000e+00
   0.0000000e+00
   0.0000000e+00
   5.1619794e-04
  -2.4936321e-02
  -2.9292576e-02
  -3.3161517e-02
  -3.4635160e-02
  -3.4080271e-02
  -3.2684218e-02
  -3.1808674e-02
  -3.2722462e-02
  -3.5118312e-02
  -3.8363867e-02
  -4.1150495e-02
  -4.3534040e-02
  -4.4686995e-02
  -4.3825172e-02
  -4.4082135e-02
  -4.8210628e-02
  -5.6334727e-02
  -6.8242247e-02
  -6.4565434e-02
  -5.2983153e-02
  -3.5135977e-02
  -2.3301840e-03
   0.0000000e+00
   0.0000000e+00
   0.0000000e+00
   0.0000000e+00
   0.0000000e+00
   0.0000000e+00
  -2.2606911e-02
  -3.9782058e-03
   2.2080407e-02
   0.0000000e+00
   0.0000000e+00
   0.0000000e+00
  -0.0000000e+00
  -6.3336596e-03
  -3.5870159e-02
  -4.0044192e-02
  -4.5419533e-02
  -4.8201960e-02
  -4.8028667e-02
  -4.6805475e-02
  -4.5864910e-02
  -4.7110584e-02
  -5.0994642e-02
  -5.6952700e-02
  -6.2637173e-02
  -6.6108592e-02
  -6.3297749e-02
  -5.3472504e-02
  -4.3169070e-02
  -4.5807224e-02
  -5.6802198e-02
  -7.1163334e-02
  -6.1564751e-02
  -5.3601589e-02
  -4.1345544e-02
  -1.7545659e-02
   0.0000000e+00
   0.0000000e+00
   0.0000000e+00
   0.0000000e+00
   0.0000000e+00
   0.0000000e+00
  -2.5661245e-02
  -4.5560636e-03
   0.0000000e+00
   0.0000000e+00
   0.0000000e+00
   0.0000000e+00
  -0.0000000e+00
  -2.5547197e-02
  -3.9855067e-02
  -4.5695571e-02
  -5.1914200e-02
  -5.6113970e-02
  -5.7437715e-02
  -5.7974603e-02
  -5.8477182e-02
  -6.0731724e-02
  -6.5593809e-02
  -7.2239667e-02
  -7.8263519e-02
  -8.0901794e-02
  -7.5507239e-02
  -6.0021542e-02
  -3.5875145e-02
  -2.9025973e-02
  -4.9512015e-02
  -5.3363405e-02
  -5.0299637e-02
  -4.7747033e-02
  -4.6452403e-02
  -4.0202818e-02
   0.0000000e+00
   0.0000000e+00
   0.0000000e+00
   0.0000000e+00
   0.0000000e+00
  -4.3339691e-02
  -3.2471564e-02
  -1.5730197e-02
   1.9303493e-02
   0.0000000e+00
   0.0000000e+00
   0.0000000e+00
  -0.0000000e+00
  -3.3661840e-02
  -3.6793634e-02
  -4.5277979e-02
  -5.2553687e-02
  -5.7861894e-02
  -6.0867805e-02
  -6.2901057e-02
  -6.4265743e-02
  -6.6020072e-02
  -6.9261804e-02
  -7.2974153e-02
  -7.5646974e-02
  -7.5368986e-02
  -6.9600791e-02
  -5.3927105e-02
  -2.3040768e-02
  -0.0000000e+00
  -0.0000000e+00
  -3.7120641e-02
  -3.5364646e-02
  -3.7797060e-02
  -4.4536218e-02
  -5.7577561e-02
  -6.6733604e-02
   0.0000000e+00
   0.0000000e+00
  -5.3253260e-02
  -5.7023173e-02
  -4.0918365e-02
  -3.5631398e-02
  -2.6035505e-02
  -0.0000000e+00
   0.0000000e+00
   0.0000000e+00
   0.0000000e+00
   0.0000000e+00
  -2.5355801e-02
  -2.9546369e-02
  -3.9184365e-02
  -4.6820268e-02
  -5.2973200e-02
  -5.7400383e-02
  -5.9907876e-02
  -6.1085463e-02
  -6.1280478e-02
  -6.1574988e-02
  -6.1886366e-02
  -6.1263874e-02
  -5.8782410e-02
  -5.3792946e-02
  -4.0978778e-02
  -1.3833433e-02
   0.0000000e+00
   0.0000000e+00
  -1.9405430e-02
  -1.9655177e-02
  -2.5489949e-02
  -3.5560202e-02
  -5.3285912e-02
  -5.5636877e-02
   0.0000000e+00
   0.0000000e+00
  -4.5484255e-02
  -4.9682342e-02
  -3.4055604e-02
  -2.8108736e-02
  -2.3141239e-02
   0.0000000e+00
   0.0000000e+00
   0.0000000e+00
   0.0000000e+00
   0.0000000e+00
  -1.1695783e-02
  -1.5227445e-02
  -2.3476961e-02
  -3.0449269e-02
  -3.7039611e-02
  -4.2393366e-02
  -4.5600666e-02
  -4.6654617e-02
  -4.5752848e-02
  -4.4105551e-02
  -4.2473363e-02
  -4.0277391e-02
  -3.7174470e-02
  -3.2695569e-02
  -2.2989319e-02
  -3.1299750e-03
   0.0000000e+00
  -1.3542224e-02
   3.4525182e-03
   3.2507501e-03
  -6.7006691e-03
  -1.8338058e-02
  -3.4398432e-02
  -4.4281053e-02
  -2.4340004e-02
  -2.4735686e-02
  -3.0670799e-02
  -3.1464199e-02
  -2.3314699e-02
  -1.6691994e-02
  -1.2354880e-02
   0.0000000e+00
   0.0000000e+00
   0.0000000e+00
   0.0000000e+00
   0.0000000e+00
   6.7411301e-03
   7.2689825e-03
   2.6461058e-03
  -3.4722551e-03
  -1.0349952e-02
  -1.6357189e-02
  -2.0546021e-02
  -2.2458289e-02
  -2.2525443e-02
  -2.1590136e-02
  -2.0314436e-02
  -1.8562077e-02
  -1.6212782e-02
  -1.2000510e-02
  -4.0663755e-03
   7.2788700e-03
   0.0000000e+00
   6.0255219e-03
   2.8354008e-02
   2.6794955e-02
   1.4245728e-02
   2.4549165e-03
  -1.1357604e-02
  -2.1324275e-02
  -0.0000000e+00
  -1.8065209e-02
  -9.0921912e-03
  -1.4190791e-02
  -5.2951739e-03
   4.8135758e-03
   6.1541341e-03
   0.0000000e+00
   0.0000000e+00
   0.0000000e+00
   0.0000000e+00
   0.0000000e+00
   2.1076732e-02
   3.2538462e-02
   3.7501514e-02
   3.2616854e-02
   2.5992729e-02
   1.9610316e-02
   1.4381729e-02
   1.0400054e-02
   7.5647701e-03
   5.7176566e-03
   4.9089240e-03
   5.3074667e-03
   6.4246510e-03
   9.0294881e-03
   1.5081748e-02
   2.0045982e-02
   0.0000000e+00
   0.0000000e+00
   0.0000000e+00
   3.7551959e-02
   3.3022743e-02
   2.4690079e-02
   1.2693891e-02
  -1.0636203e-03
   0.0000000e+00
  -0.0000000e+00
   0.0000000e+00
   8.4975913e-03
   1.1430672e-02
   0.0000000e+00
   0.0000000e+00
   0.0000000e+00
   0.0000000e+00
   0.0000000e+00
   0.0000000e+00
   0.0000000e+00
   2.9186862e-02
   4.7000519e-02
   6.4904935e-02
   6.3919730e-02
   5.8724437e-02
   5.3461396e-02
   4.7890589e-02
   4.2161621e-02
   3.6844141e-02
   3.2075867e-02
   2.8940843e-02
   2.7993396e-02
   2.7463820e-02
   2.7103420e-02
   3.0642532e-02
   0.0000000e+00
   0.0000000e+00
   0.0000000e+00
   0.0000000e+00
   0.0000000e+00
   4.2819312e-02
   4.3340545e-02
   3.3680141e-02
   1.8904973e-02
   1.5619752e-02
   0.0000000e+00
   0.0000000e+00
   0.0000000e+00
   0.0000000e+00
   0.0000000e+00
   0.0000000e+00
   0.0000000e+00
   0.0000000e+00
   0.0000000e+00
   0.0000000e+00
   0.0000000e+00
   0.0000000e+00
   0.0000000e+00
   7.1969335e-02
   7.3322944e-02
   7.4522436e-02
   7.3681295e-02
   7.0113830e-02
   6.4505458e-02
   5.8481228e-02
   5.2802261e-02
   4.8482727e-02
   4.6060748e-02
   4.3284953e-02
   3.9832890e-02
   3.8171673e-02
   0.0000000e+00
   0.0000000e+00
   0.0000000e+00
   0.0000000e+00
   0.0000000e+00
   0.0000000e+00
   5.2097743e-02
   4.5738512e-02
   3.7787139e-02
   3.3739420e-02
   0.0000000e+00
   0.0000000e+00
   0.0000000e+00
   0.0000000e+00
   0.0000000e+00
   0.0000000e+00
   0.0000000e+00
   0.0000000e+00
   0.0000000e+00
   0.0000000e+00
   0.0000000e+00
   0.0000000e+00
   0.0000000e+00
   5.4016620e-02
   5.7487611e-02
   6.7770965e-02
   7.2252198e-02
   7.2668657e-02
   6.9316864e-02
   6.4958028e-02
   6.0613275e-02
   5.7250261e-02
   5.4362443e-02
   4.9871705e-02
   4.4220924e-02
   3.5674142e-02
   0.0000000e+00
   0.0000000e+00
   0.0000000e+00
   0.0000000e+00
   0.0000000e+00
   0.0000000e+00
   0.0000000e+00
   4.2669337e-02
   4.5820816e-02
   4.2575634e-02
   4.4300958e-02
   0.0000000e+00
   0.0000000e+00
   0.0000000e+00
   0.0000000e+00
   0.0000000e+00
   0.0000000e+00
   0.0000000e+00
   0.0000000e+00
   0.0000000e+00
   0.0000000e+00
   0.0000000e+00
   0.0000000e+00
   3.5478603e-02
   3.3576470e-02
   4.3456024e-02
   5.1411562e-02
   5.6301475e-02
   5.7827764e-02
   5.7798438e-02
   5.6300049e-02
   5.4782455e-02
   5.2720550e-02
   4.8711670e-02
   4.3344135e-02
   3.5766210e-02
   0.0000000e+00
   0.0000000e+00
   0.0000000e+00
   0.0000000e+00
   0.0000000e+00
   0.0000000e+00
   0.0000000e+00
   3.1120901e-02
   3.9794674e-02
   3.7230406e-02
   3.8567764e-02
   0.0000000e+00
   0.0000000e+00
   0.0000000e+00
   0.0000000e+00
   0.0000000e+00
   0.0000000e+00
   0.0000000e+00
   0.0000000e+00
   0.0000000e+00
   0.0000000e+00
   0.0000000e+00
   0.0000000e+00
   1.0754990e-02
   4.0033641e-03
   7.8051561e-03
   1.6434811e-02
   2.4918476e-02
   3.1807579e-02
   3.6265537e-02
   3.8992129e-02
   4.0483303e-02
   4.0858465e-02
   3.9899081e-02
   3.6575615e-02
   2.8682526e-02
   0.0000000e+00
   0.0000000e+00
   0.0000000e+00
   0.0000000e+00
   0.0000000e+00
   0.0000000e+00
   0.0000000e+00
   0.0000000e+00
   0.0000000e+00
   0.0000000e+00
   0.0000000e+00
   0.0000000e+00
   0.0000000e+00
   0.0000000e+00
   0.0000000e+00
   0.0000000e+00
   0.0000000e+00
   0.0000000e+00
   0.0000000e+00
   0.0000000e+00
   0.0000000e+00
   0.0000000e+00
   0.0000000e+00
  -0.0000000e+00
  -0.0000000e+00
  -0.0000000e+00
  -1.5089542e-02
  -7.8518521e-03
  -3.5770261e-04
   6.2896895e-03
   1.1025597e-02
   1.4571906e-02
   1.7454693e-02
   2.0505179e-02
   1.8024728e-02
   0.0000000e+00
   0.0000000e+00
   0.0000000e+00
   0.0000000e+00
   0.0000000e+00
   0.0000000e+00
   0.0000000e+00
   0.0000000e+00
   0.0000000e+00
   0.0000000e+00
   0.0000000e+00
  -0.0000000e+00
  -0.0000000e+00
  -0.0000000e+00
   0.0000000e+00
  -0.0000000e+00
   0.0000000e+00
   0.0000000e+00
   0.0000000e+00
   0.0000000e+00
   0.0000000e+00
   0.0000000e+00
   0.0000000e+00
   0.0000000e+00
   0.0000000e+00
   0.0000000e+00
   0.0000000e+00
  -0.0000000e+00
  -2.4880774e-02
  -1.8267812e-02
  -1.7980220e-02
  -0.0000000e+00
  -0.0000000e+00
  -0.0000000e+00
   0.0000000e+00
  -0.0000000e+00
   0.0000000e+00
   0.0000000e+00
   0.0000000e+00
   0.0000000e+00
   0.0000000e+00
   0.0000000e+00
   0.0000000e+00
   0.0000000e+00
   0.0000000e+00
   0.0000000e+00
   0.0000000e+00
  -0.0000000e+00
  -0.0000000e+00
  -0.0000000e+00
  -0.0000000e+00
  -0.0000000e+00
  -0.0000000e+00
  -0.0000000e+00
  -0.0000000e+00
  -0.0000000e+00
   0.0000000e+00
