-START-OF-DATA-
1759.5 0.00098619
1769.5 0.00098619
1779.5 0.00098619
1789.5 0.00098619
1799.5 0.00098619
1809.5 0.00098619
1819.5 0.00098619
1829.5 0.00098619
1839.5 0.00098619
1849.5 0.00098619
1859.5 0.00098619
1869.5 0.00098619
1879.5 0.00098619
1889.5 0.00098619
1899.5 0.00098619
1909.5 0.00098619
1919.5 0.00098619
1929.5 0.00098619
1939.5 0.00098619
1949.5 0.00105
1959.5 0.001071
1969.5 0.001107
1979.5 0.001156
1989.5 0.001217
1999.5 0.001284
2009.5 0.001369
2019.5 0.001476
2029.5 0.001579
2039.5 0.001674
2049.5 0.001756
2059.5 0.001816
2069.5 0.001855
2079.5 0.001877
2089.5 0.001887
2099.5 0.001887
2109.5 0.00188
2119.5 0.00187
2129.5 0.001855
2139.5 0.001841
2149.5 0.001827
2159.5 0.001809
2169.5 0.001795
2179.5 0.001781
2189.5 0.001767
2199.5 0.001752
2209.5 0.001742
2219.5 0.001728
2229.5 0.001717
2239.5 0.001706
2249.5 0.001696
2259.5 0.001685
2269.5 0.001674
2279.5 0.001664
2289.5 0.001657
2299.5 0.001646
2309.5 0.001639
2319.5 0.001632
2329.5 0.001621
2339.5 0.001614
2349.5 0.001607
2359.5 0.0016
2369.5 0.001593
2379.5 0.001589
2389.5 0.001582
2399.5 0.001575
2409.5 0.001572
2419.5 0.001564
2429.5 0.001557
2439.5 0.001554
2449.5 0.001547
2459.5 0.001543
2469.5 0.00154
2479.5 0.001532
2489.5 0.001529
2499.5 0.001525
2509.5 0.001518
2519.5 0.001515
2529.5 0.001511
2539.5 0.001508
2549.5 0.001504
2559.5 0.001501
2569.5 0.001493
2579.5 0.00149
2589.5 0.001486
2599.5 0.001483
2609.5 0.001479
2619.5 0.001476
2629.5 0.001476
2639.5 0.001472
2649.5 0.001469
2659.5 0.001465
2669.5 0.001462
2679.5 0.001458
2689.5 0.001454
2699.5 0.001454
2709.5 0.001451
2719.5 0.001447
2729.5 0.001444
2739.5 0.001444
2749.5 0.00144
2759.5 0.001437
2769.5 0.001433
2779.5 0.001433
2789.5 0.00143
2799.5 0.001426
2809.5 0.001426
2819.5 0.001423
2829.5 0.001423
2839.5 0.001419
2849.5 0.001415
2859.5 0.001415
2869.5 0.001412
2879.5 0.001412
2889.5 0.001408
2899.5 0.001405
2909.5 0.001405
2919.5 0.001401
2929.5 0.001401
2939.5 0.001398
2949.5 0.001398
2959.5 0.001394
2969.5 0.001394
2979.5 0.001391
2989.5 0.001391
2999.5 0.001387
3009.5 0.001387
3019.5 0.001387
3029.5 0.001384
3039.5 0.001384
3049.5 0.00138
3059.5 0.00138
3069.5 0.001376
3079.5 0.001376
3089.5 0.001373
3099.5 0.001373
3109.5 0.001373
3119.5 0.001369
3129.5 0.001369
3139.5 0.001369
3149.5 0.001366
3159.5 0.001366
3169.5 0.001362
3179.5 0.001362
3189.5 0.001362
3199.5 0.001359
3209.5 0.001359
3219.5 0.001359
3229.5 0.001355
3239.5 0.001355
3249.5 0.001355
3259.5 0.001352
3269.5 0.001352
3279.5 0.001352
3289.5 0.001348
3299.5 0.001348
3309.5 0.001348
3319.5 0.001344
3329.5 0.001344
3339.5 0.001344
3349.5 0.001344
3359.5 0.001341
3369.5 0.001341
3379.5 0.001341
3389.5 0.001337
3399.5 0.001337
3409.5 0.001337
3419.5 0.001337
3429.5 0.001334
3439.5 0.001334
3449.5 0.001334
3459.5 0.00133
3469.5 0.00133
3479.5 0.00133
3489.5 0.00133
3499.5 0.001327
3509.5 0.001327
3519.5 0.001327
3529.5 0.001323
3539.5 0.001323
3549.5 0.001323
3559.5 0.001323
3569.5 0.00132
3579.5 0.00132
3589.5 0.00132
3599.5 0.00132
3609.5 0.001316
3619.5 0.001316
3629.5 0.001316
3639.5 0.001316
3649.5 0.001313
3659.5 0.001313
3669.5 0.001313
3679.5 0.001313
3689.5 0.001309
3699.5 0.001309
3709.5 0.001309
3719.5 0.001305
3729.5 0.001305
3739.5 0.001305
3749.5 0.001305
3759.5 0.001302
3769.5 0.001302
3779.5 0.001302
3789.5 0.001302
3799.5 0.001298
3809.5 0.001298
3819.5 0.001298
3829.5 0.001298
3839.5 0.001295
3849.5 0.001295
3859.5 0.001295
3869.5 0.001295
3879.5 0.001291
3889.5 0.001291
3899.5 0.001291
3909.5 0.001291
3919.5 0.001288
3929.5 0.001288
3939.5 0.001288
3949.5 0.001288
3959.5 0.001284
3969.5 0.001284
3979.5 0.001284
3989.5 0.001284
3999.5 0.001284
4009.5 0.001281
4019.5 0.001281
4029.5 0.001281
4039.5 0.001281
4049.5 0.001277
4059.5 0.001277
4069.5 0.001277
4079.5 0.001277
4089.5 0.001277
4099.5 0.001274
4109.5 0.001274
4119.5 0.001274
4129.5 0.001274
4139.5 0.001274
4149.5 0.00127
4159.5 0.00127
4169.5 0.00127
4179.5 0.00127
4189.5 0.001266
4199.5 0.001266
4209.5 0.001266
4219.5 0.001266
4229.5 0.001266
4239.5 0.001266
4249.5 0.001263
4259.5 0.001263
4269.5 0.001263
4279.5 0.001263
4289.5 0.001263
4299.5 0.001259
4309.5 0.001259
4319.5 0.001259
4329.5 0.001259
4339.5 0.001259
4349.5 0.001259
4359.5 0.001256
4369.5 0.001256
4379.5 0.001256
4389.5 0.001256
4399.5 0.001256
4409.5 0.001252
4419.5 0.001252
4429.5 0.001252
4439.5 0.001252
4449.5 0.001252
4459.5 0.001252
4469.5 0.001252
4479.5 0.001249
4489.5 0.001249
4499.5 0.001249
4509.5 0.001249
4519.5 0.001249
4529.5 0.001249
4539.5 0.001245
4549.5 0.001245
4559.5 0.001245
4569.5 0.001245
4579.5 0.001245
4589.5 0.001245
4599.5 0.001245
4609.5 0.001242
4619.5 0.001242
4629.5 0.001242
4639.5 0.001242
4649.5 0.001242
4659.5 0.001242
4669.5 0.001242
4679.5 0.001242
4689.5 0.001238
4699.5 0.001238
4709.5 0.001238
4719.5 0.001238
4729.5 0.001238
4739.5 0.001238
4749.5 0.001238
4759.5 0.001238
4769.5 0.001235
4779.5 0.001235
4789.5 0.001235
4799.5 0.001235
4809.5 0.001235
4819.5 0.001235
4829.5 0.001235
4839.5 0.001235
4849.5 0.001231
4859.5 0.001231
4869.5 0.001231
4879.5 0.001231
4889.5 0.001231
4899.5 0.001231
4909.5 0.001231
4919.5 0.001231
4929.5 0.001231
4939.5 0.001231
4949.5 0.001227
4959.5 0.001227
4969.5 0.001227
4979.5 0.001227
4989.5 0.001227
4999.5 0.001227
5009.5 0.001227
5019.5 0.001227
5029.5 0.001227
5039.5 0.001227
5049.5 0.001224
5059.5 0.001224
5069.5 0.001224
5079.5 0.001224
5089.5 0.001224
5099.5 0.001224
5109.5 0.001224
5119.5 0.001224
5129.5 0.001224
5139.5 0.001224
5149.5 0.001224
5159.5 0.001224
5169.5 0.00122
5179.5 0.00122
5189.5 0.00122
5199.5 0.00122
5209.5 0.00122
5219.5 0.00122
5229.5 0.00122
5239.5 0.00122
5249.5 0.00122
5259.5 0.00122
5269.5 0.00122
5279.5 0.00122
5289.5 0.00122
5299.5 0.001217
5309.5 0.001217
5319.5 0.001217
5329.5 0.001217
5339.5 0.001217
5349.5 0.001217
5359.5 0.001217
5369.5 0.001217
5379.5 0.001217
5389.5 0.001217
5399.5 0.001217
5409.5 0.001217
5419.5 0.001217
5429.5 0.001217
5439.5 0.001217
5449.5 0.001213
5459.5 0.001213
5469.5 0.001213
5479.5 0.001213
5489.5 0.001213
5499.5 0.001213
5509.5 0.001213
5519.5 0.001213
5529.5 0.001213
5539.5 0.001213
5549.5 0.001213
5559.5 0.001213
5569.5 0.001213
5579.5 0.001213
5589.5 0.001213
5599.5 0.001213
5609.5 0.00121
5619.5 0.00121
5629.5 0.00121
5639.5 0.00121
5649.5 0.00121
5659.5 0.00121
5669.5 0.00121
5679.5 0.00121
5689.5 0.00121
5699.5 0.00121
5709.5 0.00121
5719.5 0.00121
5729.5 0.00121
5739.5 0.00121
5749.5 0.00121
5759.5 0.00121
5769.5 0.001206
5779.5 0.001206
5789.5 0.001206
5799.5 0.001206
5809.5 0.001206
5819.5 0.001206
5829.5 0.001206
5839.5 0.001206
5849.5 0.001206
5859.5 0.001206
5869.5 0.001206
5879.5 0.001206
5889.5 0.001206
5899.5 0.001206
5909.5 0.001206
5919.5 0.001206
5929.5 0.001206
5939.5 0.001206
5949.5 0.001203
5959.5 0.001203
5969.5 0.001203
5979.5 0.001203
5989.5 0.001203
5999.5 0.001203
6009.5 0.001203
6019.5 0.001203
6029.5 0.001203
6039.5 0.001203
6049.5 0.001203
6059.5 0.001203
6069.5 0.001203
6079.5 0.001203
6089.5 0.001203
6099.5 0.001203
6109.5 0.001203
6119.5 0.001203
6129.5 0.001199
6139.5 0.001199
6149.5 0.001199
6159.5 0.001199
6169.5 0.001199
6179.5 0.001199
6189.5 0.001199
6199.5 0.001199
6209.5 0.001199
6219.5 0.001199
6229.5 0.001199
6239.5 0.001199
6249.5 0.001199
6259.5 0.001199
6269.5 0.001199
6279.5 0.001199
6289.5 0.001199
6299.5 0.001199
6309.5 0.001199
6319.5 0.001195
6329.5 0.001195
6339.5 0.001195
6349.5 0.001195
6359.5 0.001195
6369.5 0.001195
6379.5 0.001195
6389.5 0.001195
6399.5 0.001195
6409.5 0.001195
6419.5 0.001195
6429.5 0.001195
6439.5 0.001195
6449.5 0.001195
6459.5 0.001195
6469.5 0.001195
6479.5 0.001195
6489.5 0.001195
6499.5 0.001195
6509.5 0.001195
6519.5 0.001195
6529.5 0.001192
6539.5 0.001192
6549.5 0.001192
6559.5 0.001192
6569.5 0.001192
6579.5 0.001192
6589.5 0.001192
6599.5 0.001192
6609.5 0.001192
6619.5 0.001192
6629.5 0.001192
6639.5 0.001192
6649.5 0.001192
6659.5 0.001192
6669.5 0.001192
6679.5 0.001192
6689.5 0.001192
6699.5 0.001192
6709.5 0.001192
6719.5 0.001192
6729.5 0.001192
6739.5 0.001192
6749.5 0.001192
6759.5 0.001188
6769.5 0.001188
6779.5 0.001188
6789.5 0.001188
6799.5 0.001188
6809.5 0.001188
6819.5 0.001188
6829.5 0.001188
6839.5 0.001188
6849.5 0.001188
6859.5 0.001188
6869.5 0.001188
6879.5 0.001188
6889.5 0.001188
6899.5 0.001188
6909.5 0.001188
6919.5 0.001188
6929.5 0.001188
6939.5 0.001188
6949.5 0.001188
6959.5 0.001188
6969.5 0.001188
6979.5 0.001188
6989.5 0.001188
6999.5 0.001185
7009.5 0.001185
7019.5 0.001185
7029.5 0.001185
7039.5 0.001185
7049.5 0.001185
7059.5 0.001185
7069.5 0.001185
7079.5 0.001185
7089.5 0.001185
7099.5 0.001185
7109.5 0.001185
7119.5 0.001185
7129.5 0.001185
7139.5 0.001185
7149.5 0.001185
7159.5 0.001185
7169.5 0.001185
7179.5 0.001185
7189.5 0.001185
7199.5 0.001185
7209.5 0.001185
7219.5 0.001185
7229.5 0.001185
7239.5 0.001185
7249.5 0.001181
7259.5 0.001181
7269.5 0.001181
7279.5 0.001181
7289.5 0.001181
7299.5 0.001181
7309.5 0.001181
7319.5 0.001181
7329.5 0.001181
7339.5 0.001181
7349.5 0.001181
7359.5 0.001181
7369.5 0.001181
7379.5 0.001181
7389.5 0.001181
7399.5 0.001181
7409.5 0.001181
7419.5 0.001181
7429.5 0.001181
7439.5 0.001181
7449.5 0.001181
7459.5 0.001181
7469.5 0.001181
7479.5 0.001181
7489.5 0.001178
7499.5 0.001178
7509.5 0.001178
7519.5 0.001178
7529.5 0.001178
7539.5 0.001178
7549.5 0.001178
7559.5 0.001178
7569.5 0.001178
7579.5 0.001178
7589.5 0.001178
7599.5 0.001178
7609.5 0.001178
7619.5 0.001178
7629.5 0.001178
7639.5 0.001178
7649.5 0.001178
7659.5 0.001178
7669.5 0.001178
7679.5 0.001178
7689.5 0.001178
7699.5 0.001178
7709.5 0.001178
7719.5 0.001178
7729.5 0.001174
7739.5 0.001174
7749.5 0.001174
7759.5 0.001174
7769.5 0.001174
7779.5 0.001174
7789.5 0.001174
7799.5 0.001174
7809.5 0.001174
7819.5 0.001174
7829.5 0.001174
7839.5 0.001174
7849.5 0.001174
7859.5 0.001174
7869.5 0.001174
7879.5 0.001174
7889.5 0.001174
7899.5 0.001174
7909.5 0.001174
7919.5 0.001174
7929.5 0.001174
7939.5 0.001174
7949.5 0.001174
7959.5 0.001174
7969.5 0.001174
7979.5 0.001174
7989.5 0.001174
7999.5 0.001171
8009.5 0.001171
8019.5 0.001171
8029.5 0.001171
8039.5 0.001171
8049.5 0.001171
8059.5 0.001171
8069.5 0.001171
8079.5 0.001171
8089.5 0.001171
8099.5 0.001171
8109.5 0.001171
8119.5 0.001171
8129.5 0.001171
8139.5 0.001171
8149.5 0.001171
8159.5 0.001171
8169.5 0.001171
8179.5 0.001171
8189.5 0.001171
8199.5 0.001171
8209.5 0.001171
8219.5 0.001171
8229.5 0.001171
8239.5 0.001171
8249.5 0.001171
8259.5 0.001171
8269.5 0.001171
8279.5 0.001171
8289.5 0.001171
8299.5 0.001171
8309.5 0.001167
8319.5 0.001167
8329.5 0.001167
8339.5 0.001167
8349.5 0.001167
8359.5 0.001167
8369.5 0.001167
8379.5 0.001167
8389.5 0.001167
8399.5 0.001167
8409.5 0.001167
8419.5 0.001167
8429.5 0.001167
8439.5 0.001167
8449.5 0.001167
8459.5 0.001167
8469.5 0.001167
8479.5 0.001167
8489.5 0.001167
8499.5 0.001167
8509.5 0.001167
8519.5 0.001167
8529.5 0.001167
8539.5 0.001167
8549.5 0.001167
8559.5 0.001167
8569.5 0.001167
8579.5 0.001167
8589.5 0.001167
8599.5 0.001167
8609.5 0.001167
8619.5 0.001167
8629.5 0.001164
8639.5 0.001164
8649.5 0.001164
8659.5 0.001164
8669.5 0.001164
8679.5 0.001164
8689.5 0.001164
8699.5 0.001164
8709.5 0.001164
8719.5 0.001164
8729.5 0.001164
8739.5 0.001164
8749.5 0.001164
8759.5 0.001164
8769.5 0.001164
8779.5 0.001164
8789.5 0.001164
8799.5 0.001164
8809.5 0.001164
8819.5 0.001164
8829.5 0.001164
8839.5 0.001164
8849.5 0.001164
8859.5 0.001164
8869.5 0.001164
8879.5 0.001164
8889.5 0.001164
8899.5 0.001164
8909.5 0.001164
8919.5 0.001164
8929.5 0.001164
8939.5 0.001164
8949.5 0.001164
8959.5 0.00116
8969.5 0.00116
8979.5 0.00116
8989.5 0.00116
8999.5 0.00116
9009.5 0.00116
9019.5 0.00116
9029.5 0.00116
9039.5 0.00116
9049.5 0.00116
9059.5 0.00116
9069.5 0.00116
9079.5 0.00116
9089.5 0.00116
9099.5 0.00116
9109.5 0.00116
9119.5 0.00116
9129.5 0.00116
9139.5 0.00116
9149.5 0.00116
9159.5 0.00116
9169.5 0.00116
9179.5 0.00116
9189.5 0.00116
9199.5 0.00116
9209.5 0.00116
9219.5 0.00116
9229.5 0.00116
9239.5 0.00116
9249.5 0.00116
9259.5 0.00116
9269.5 0.001156
9279.5 0.001156
9289.5 0.001156
9299.5 0.001156
9309.5 0.001156
9319.5 0.001156
9329.5 0.001156
9339.5 0.001156
9349.5 0.001156
9359.5 0.001156
9369.5 0.001156
9379.5 0.001156
9389.5 0.001156
9399.5 0.001156
9409.5 0.001156
9419.5 0.001156
9429.5 0.001156
9439.5 0.001156
9449.5 0.001156
9459.5 0.001156
9469.5 0.001156
9479.5 0.001156
9489.5 0.001156
9499.5 0.001156
9509.5 0.001156
9519.5 0.001156
9529.5 0.001156
9539.5 0.001156
9549.5 0.001156
9559.5 0.001156
9569.5 0.001156
9579.5 0.001156
9589.5 0.001156
9599.5 0.001156
9609.5 0.001153
9619.5 0.001153
9629.5 0.001153
9639.5 0.001153
9649.5 0.001153
9659.5 0.001153
9669.5 0.001153
9679.5 0.001153
9689.5 0.001153
9699.5 0.001153
9709.5 0.001153
9719.5 0.001153
9729.5 0.001153
9739.5 0.001153
9749.5 0.001153
9759.5 0.001153
9769.5 0.001153
9779.5 0.001153
9789.5 0.001153
9799.5 0.001153
9809.5 0.001153
9819.5 0.001153
9829.5 0.001153
9839.5 0.001153
9849.5 0.001153
9859.5 0.001153
9869.5 0.001153
9879.5 0.001153
9889.5 0.001153
9899.5 0.001153
9909.5 0.001153
9919.5 0.001153
9929.5 0.001153
9939.5 0.001153
9949.5 0.001153
9959.5 0.001153
9969.5 0.001153
9979.5 0.001153
9989.5 0.001149
9999.5 0.001149
10009.5 0.001149
10019.5 0.001149
10029.5 0.001149
10039.5 0.001149
10049.5 0.001149
10059.5 0.001149
10069.5 0.001149
10079.5 0.001149
10089.5 0.001149
10099.5 0.001149
10109.5 0.001149
10119.5 0.001149
10129.5 0.001149
10139.5 0.001149
10149.5 0.001149
10159.5 0.001149
10169.5 0.001149
10179.5 0.001149
10189.5 0.001149
10199.5 0.001149
10209.5 0.001149
10219.5 0.001149
10229.5 0.001149
10239.5 0.001149
10249.5 0.001149
10259.5 0.001149
10269.5 0.001149
10279.5 0.001149
10289.5 0.001149
10299.5 0.001149
10309.5 0.001149
10319.5 0.001149
10329.5 0.001149
10339.5 0.001149
10349.5 0.001149
10359.5 0.001149
10369.5 0.001149
10379.5 0.001146
10389.5 0.001146
10399.5 0.001146
10409.5 0.001146
10419.5 0.001146
10429.5 0.001146
10439.5 0.001146
10449.5 0.001146
10459.5 0.001146
10469.5 0.001146
10479.5 0.001146
10489.5 0.001146
10499.5 0.001146
10509.5 0.001146
10519.5 0.001146
10529.5 0.001146
10539.5 0.001146
10549.5 0.001146
10559.5 0.001146
10569.5 0.001146
10579.5 0.001146
10589.5 0.001146
10599.5 0.001146
10609.5 0.001146
10619.5 0.001146
10629.5 0.001146
10639.5 0.001146
10649.5 0.001146
10659.5 0.001146
10669.5 0.001146
10679.5 0.001146
10689.5 0.001146
10699.5 0.001146
10709.5 0.001146
10719.5 0.001146
10729.5 0.001146
10739.5 0.001146
10749.5 0.001146
10759.5 0.001146
10769.5 0.001146
10779.5 0.001146
10789.5 0.001146
10799.5 0.001146
10809.5 0.001146
10819.5 0.001146
10829.5 0.001146
10839.5 0.001146
10849.5 0.001146
10859.5 0.001142
10869.5 0.001142
10879.5 0.001142
10889.5 0.001142
10899.5 0.001142
10909.5 0.001142
10919.5 0.001142
10929.5 0.001142
10939.5 0.001142
10949.5 0.001142
10959.5 0.001142
10969.5 0.001142
10979.5 0.001142
10989.5 0.001142
10999.5 0.001142
11009.5 0.001142
11019.5 0.001142
11029.5 0.001142
11039.5 0.001142
11049.5 0.001142
11059.5 0.001142
11069.5 0.001142
11079.5 0.001142
11089.5 0.001142
11099.5 0.001142
11109.5 0.001142
11119.5 0.001142
11129.5 0.001142
11139.5 0.001142
11149.5 0.001142
11159.5 0.001142
11169.5 0.001142
11179.5 0.001142
11189.5 0.001142
11199.5 0.001142
11209.5 0.001142
11219.5 0.001142
11229.5 0.001142
11239.5 0.001142
11249.5 0.001142
11259.5 0.001142
11269.5 0.001142
11279.5 0.001142
11289.5 0.001142
11299.5 0.001142
11309.5 0.001142
11319.5 0.001142
11329.5 0.001142
11339.5 0.001142
11349.5 0.001142
11359.5 0.001142
11369.5 0.001142
11379.5 0.001142
11389.5 0.001142
11399.5 0.001139
11409.5 0.001139
11419.5 0.001139
11429.5 0.001139
11439.5 0.001139
11449.5 0.001139
11459.5 0.001139
11469.5 0.001139
11479.5 0.001139
11489.5 0.001139
11499.5 0.001139
11509.5 0.001139
11519.5 0.001139
11529.5 0.001139
11539.5 0.001139
11549.5 0.001139
11559.5 0.001139
11569.5 0.001139
11579.5 0.001139
11589.5 0.001139
11599.5 0.001139
11609.5 0.001139
11619.5 0.001139
11629.5 0.001139
11639.5 0.001139
11649.5 0.001139
11659.5 0.001139
11669.5 0.001139
11679.5 0.001139
11689.5 0.001139
11699.5 0.001139
11709.5 0.001139
11719.5 0.001139
11729.5 0.001139
11739.5 0.001139
11749.5 0.001139
11759.5 0.001139
11769.5 0.001139
11779.5 0.001139
11789.5 0.001139
11799.5 0.001139
11809.5 0.001139
11819.5 0.001139
11829.5 0.001139
11839.5 0.001139
11849.5 0.001139
11859.5 0.001139
11869.5 0.001139
11879.5 0.001139
11889.5 0.001139
11899.5 0.001139
11909.5 0.001139
11919.5 0.001139
11929.5 0.001139
11939.5 0.001139
11949.5 0.001139
11959.5 0.001139
11969.5 0.001139
11979.5 0.001139
11989.5 0.001135
11999.5 0.001135
12009.5 0.001135
999999999 0.000986
-END-OF-DATA-
