  -7.2750243e-03
   0.0000000e+00
   0.0000000e+00
   0.0000000e+00
   0.0000000e+00
   0.0000000e+00
   0.0000000e+00
   0.0000000e+00
   0.0000000e+00
   0.0000000e+00
   0.0000000e+00
   0.0000000e+00
   0.0000000e+00
   0.0000000e+00
   0.0000000e+00
   0.0000000e+00
   0.0000000e+00
   0.0000000e+00
   0.0000000e+00
   0.0000000e+00
   0.0000000e+00
   1.9147733e-02
   9.8763396e-03
   5.2119612e-03
   1.2096031e-03
  -1.0731143e-03
  -2.1144667e-03
  -2.8029413e-03
  -1.4927920e-03
   1.5756470e-03
   4.1230072e-03
   6.7947223e-03
   1.0714487e-02
   1.3027813e-02
   1.2448194e-02
   4.0473469e-03
   0.0000000e+00
   0.0000000e+00
   0.0000000e+00
   0.0000000e+00
   0.0000000e+00
   0.0000000e+00
   0.0000000e+00
   0.0000000e+00
   0.0000000e+00
   0.0000000e+00
   0.0000000e+00
   0.0000000e+00
   0.0000000e+00
   0.0000000e+00
   0.0000000e+00
   0.0000000e+00
   0.0000000e+00
   0.0000000e+00
   0.0000000e+00
   2.6318073e-02
   2.5504355e-02
   1.6599124e-02
   4.8931381e-03
  -3.7050233e-03
  -8.9810109e-03
  -1.1123760e-02
  -9.8035131e-03
  -7.4178940e-03
  -4.2835386e-03
  -8.2224677e-04
   3.2857917e-03
   6.8195076e-03
   1.0963298e-02
   1.3651189e-02
   1.7968688e-02
   1.1250838e-02
   0.0000000e+00
   0.0000000e+00
   0.0000000e+00
   0.0000000e+00
   0.0000000e+00
   0.0000000e+00
   0.0000000e+00
   0.0000000e+00
   0.0000000e+00
   0.0000000e+00
   0.0000000e+00
   0.0000000e+00
   0.0000000e+00
   0.0000000e+00
   0.0000000e+00
   0.0000000e+00
   0.0000000e+00
   1.2058919e-02
   1.8052425e-02
   2.2572426e-02
   2.4327390e-02
   1.3400039e-02
   1.3012483e-03
  -9.4420069e-03
  -1.4769381e-02
  -1.4882687e-02
  -1.2251133e-02
  -6.4309604e-03
  -2.8028870e-03
  -4.6618494e-05
   2.6782212e-03
   6.4214943e-03
   9.3035977e-03
   1.2203775e-02
   1.6313208e-02
   5.2247642e-03
   0.0000000e+00
   0.0000000e+00
   0.0000000e+00
   0.0000000e+00
   0.0000000e+00
   0.0000000e+00
   0.0000000e+00
   0.0000000e+00
   0.0000000e+00
   0.0000000e+00
   0.0000000e+00
   0.0000000e+00
   0.0000000e+00
   0.0000000e+00
   0.0000000e+00
   0.0000000e+00
  -6.1599733e-04
   5.7764491e-03
   1.1254805e-02
   1.4338372e-02
   1.7009078e-02
   1.0738537e-02
   1.2149636e-03
  -0.0000000e+00
   0.0000000e+00
   0.0000000e+00
  -0.0000000e+00
  -3.8827032e-03
  -3.6605361e-03
  -4.3902220e-03
  -2.6504990e-03
   3.8244386e-04
   3.0773957e-03
   4.4402060e-03
   6.0862922e-03
  -7.4530541e-04
  -0.0000000e+00
   0.0000000e+00
   0.0000000e+00
   0.0000000e+00
   0.0000000e+00
   0.0000000e+00
   0.0000000e+00
   0.0000000e+00
   0.0000000e+00
   0.0000000e+00
   0.0000000e+00
   0.0000000e+00
   0.0000000e+00
   0.0000000e+00
   1.6704186e-02
   3.1216777e-03
  -6.0866551e-03
  -6.6614063e-03
  -3.0623290e-03
   5.6090346e-03
   1.2881243e-02
   8.8432450e-03
   2.5884262e-03
  -2.9766338e-03
   0.0000000e+00
   0.0000000e+00
   0.0000000e+00
  -4.7899900e-03
  -7.1764309e-03
  -9.6595101e-03
  -8.3012953e-03
  -5.7634227e-03
  -3.4119475e-03
  -2.7089175e-03
  -1.0720276e-03
   1.3668093e-03
  -1.1234178e-03
  -1.2848154e-02
  -8.0207819e-03
   0.0000000e+00
   0.0000000e+00
   0.0000000e+00
   0.0000000e+00
   0.0000000e+00
   0.0000000e+00
   0.0000000e+00
   0.0000000e+00
   0.0000000e+00
   0.0000000e+00
   2.2845026e-02
   1.0599460e-02
  -9.4305750e-03
  -1.9111599e-02
  -1.8343625e-02
  -1.2726732e-02
  -2.3493901e-04
   8.3908708e-03
   7.1681431e-03
   2.5980928e-03
  -4.5498624e-03
  -0.0000000e+00
   0.0000000e+00
   0.0000000e+00
  -7.7308177e-03
  -1.0519164e-02
  -1.3239899e-02
  -1.1711467e-02
  -8.6076389e-03
  -6.8530595e-03
  -6.3137335e-03
  -5.0562689e-03
  -2.8378155e-04
   6.2404868e-03
  -8.0894981e-03
  -3.5617396e-03
   2.7704974e-03
   0.0000000e+00
   0.0000000e+00
   0.0000000e+00
   0.0000000e+00
   0.0000000e+00
   0.0000000e+00
   0.0000000e+00
   0.0000000e+00
   0.0000000e+00
   1.2581474e-02
  -7.0884600e-03
  -2.4052573e-02
  -2.6461059e-02
  -1.9340545e-02
  -1.0044744e-02
   2.5037973e-04
   7.7513191e-03
   6.8011531e-03
   2.4910178e-03
  -1.2693809e-03
  -2.0725180e-03
   0.0000000e+00
  -1.0688916e-02
  -9.1525560e-03
  -1.1309451e-02
  -1.3195178e-02
  -1.1085157e-02
  -7.8947293e-03
  -7.0569934e-03
  -7.0337863e-03
  -6.4940955e-03
   3.2862648e-05
   4.4389306e-03
  -1.6830669e-03
   3.5953063e-03
   1.3499741e-02
   0.0000000e+00
   0.0000000e+00
   0.0000000e+00
   0.0000000e+00
   0.0000000e+00
   0.0000000e+00
   0.0000000e+00
   0.0000000e+00
   0.0000000e+00
   2.7422702e-03
  -2.3718221e-02
  -2.8752523e-02
  -1.9749485e-02
  -7.3681534e-03
   4.9121346e-04
   3.7969090e-03
   9.8253340e-03
   1.0023511e-02
   5.6690513e-03
   3.7705926e-03
   2.5123602e-03
  -3.6731595e-03
  -4.6658573e-03
  -6.7719166e-03
  -8.9120027e-03
  -9.7679459e-03
  -7.5305361e-03
  -4.8445263e-03
  -4.4554304e-03
  -5.2212238e-03
  -5.4684971e-03
  -3.6136145e-04
   3.1008066e-03
   3.3556689e-03
   1.0760765e-02
   2.7232006e-02
   0.0000000e+00
   0.0000000e+00
   0.0000000e+00
   0.0000000e+00
   0.0000000e+00
   0.0000000e+00
   0.0000000e+00
  -3.0726013e-02
  -2.2815856e-02
  -8.4353797e-03
  -2.9715486e-02
  -1.9943386e-02
  -7.5754279e-03
   6.6165295e-03
   1.0816360e-02
   0.0000000e+00
   9.7693386e-03
   1.2331006e-02
   8.7836841e-03
   8.2331728e-03
   6.2632938e-03
   1.8861194e-03
   3.2994896e-04
  -2.2536295e-03
  -3.5561244e-03
  -4.1916594e-03
  -2.6146322e-03
  -7.1197480e-04
  -5.1190046e-04
  -1.8412848e-03
  -2.5500911e-03
   1.9972087e-04
   3.8726365e-03
   6.9737695e-03
   1.5890943e-02
   3.1916436e-02
   1.7291647e-02
   0.0000000e+00
   0.0000000e+00
   0.0000000e+00
   0.0000000e+00
   0.0000000e+00
   0.0000000e+00
  -3.4335337e-02
  -2.1377729e-02
  -1.5255508e-02
  -2.1979596e-02
  -6.8306825e-03
   2.8299969e-03
   2.1014214e-02
   0.0000000e+00
   0.0000000e+00
   0.0000000e+00
   1.1074100e-02
   1.0350642e-02
   1.1742515e-02
   1.0221117e-02
   7.7773514e-03
   6.2348591e-03
   4.7130333e-03
   3.3407148e-03
   1.4531614e-03
   1.9705934e-03
   3.3650049e-03
   3.2868865e-03
   1.4956443e-03
   2.7455646e-04
   1.3959124e-03
   5.3544187e-03
   9.6653327e-03
   1.7970407e-02
   2.8096527e-02
   1.5459238e-02
   4.6200044e-03
   0.0000000e+00
   0.0000000e+00
   0.0000000e+00
   0.0000000e+00
   0.0000000e+00
  -3.4456852e-02
  -9.8217202e-03
  -9.0213556e-03
  -1.0923841e-02
   1.8192488e-03
   1.3299118e-02
   3.1889034e-02
   0.0000000e+00
   0.0000000e+00
   9.9560111e-03
   1.3138983e-02
   1.6071428e-02
   1.6218448e-02
   1.3890296e-02
   1.2710189e-02
   1.2008728e-02
   1.0539367e-02
   7.7873035e-03
   5.3248839e-03
   5.5613376e-03
   6.5166699e-03
   5.6766844e-03
   3.2434357e-03
   1.4643274e-03
   2.4200769e-03
   6.9067823e-03
   1.1744544e-02
   1.8288255e-02
   2.3062490e-02
   1.8076081e-02
   1.9068018e-02
   2.7590034e-02
   0.0000000e+00
   0.0000000e+00
   0.0000000e+00
   0.0000000e+00
  -3.4667030e-02
  -1.3478578e-02
  -7.1352064e-03
  -3.3502653e-03
   7.8118872e-03
   2.0390429e-02
   3.8391630e-02
   0.0000000e+00
   0.0000000e+00
   1.2252008e-02
   2.0432997e-02
   2.3242999e-02
   2.0447334e-02
   1.7278058e-02
   1.6056782e-02
   1.4909888e-02
   1.2999097e-02
   9.6202493e-03
   7.4128206e-03
   7.7161109e-03
   7.7805310e-03
   5.6984485e-03
   2.7069023e-03
   1.3568805e-03
   3.2352023e-03
   8.6305868e-03
   1.3364102e-02
   1.8496668e-02
   2.1847144e-02
   2.2681534e-02
   3.0074483e-02
   3.6530256e-02
   0.0000000e+00
   0.0000000e+00
   0.0000000e+00
  -3.8207348e-02
  -3.0130053e-02
  -7.4326745e-03
  -3.5720002e-03
   8.7493472e-04
   1.2130833e-02
   2.4263633e-02
   3.6437636e-02
   0.0000000e+00
   0.0000000e+00
   1.9962992e-02
   2.6115607e-02
   2.7128231e-02
   2.2400018e-02
   1.8710408e-02
   1.6680844e-02
   1.4612950e-02
   1.1878347e-02
   8.4067723e-03
   6.4952034e-03
   6.6606812e-03
   5.8910237e-03
   3.4795732e-03
   1.3902832e-03
   1.6147391e-03
   4.5311474e-03
   1.2338216e-02
   1.6990516e-02
   2.1308433e-02
   2.4086891e-02
   2.7696546e-02
   3.7230343e-02
   4.0219336e-02
   0.0000000e+00
   0.0000000e+00
   0.0000000e+00
  -2.9509313e-02
  -2.9266867e-02
  -2.1403042e-03
   1.8305473e-03
   6.7356797e-03
   1.6837278e-02
   3.0098919e-02
   0.0000000e+00
   0.0000000e+00
   0.0000000e+00
   0.0000000e+00
   2.8160704e-02
   2.5046306e-02
   1.9670570e-02
   1.6395237e-02
   1.4483796e-02
   1.1630651e-02
   7.6566208e-03
   4.3718279e-03
   3.2069208e-03
   3.3849124e-03
   2.7844005e-03
   1.4715929e-03
   1.5095150e-03
   3.7264838e-03
   7.7749533e-03
   1.7251771e-02
   2.2872869e-02
   2.7211409e-02
   2.7707100e-02
   2.9234257e-02
   3.7249301e-02
   3.4035202e-02
   0.0000000e+00
   0.0000000e+00
   0.0000000e+00
  -2.7982121e-02
  -1.6318039e-02
   4.1802404e-03
   8.0266045e-03
   1.3212563e-02
   2.0692676e-02
   3.0756928e-02
   0.0000000e+00
   0.0000000e+00
   0.0000000e+00
   2.6898034e-02
   2.3172364e-02
   1.6356761e-02
   1.1807917e-02
   1.0103684e-02
   9.1476105e-03
   6.0492540e-03
   1.8260150e-03
   1.6027669e-05
   1.6486819e-04
   9.0316258e-04
   1.1188698e-03
   1.3390123e-03
   2.9725421e-03
   6.3689533e-03
   1.1565485e-02
   1.9668022e-02
   2.5515951e-02
   2.9515684e-02
   2.6128756e-02
   2.5418745e-02
   3.1291157e-02
   2.0381983e-02
   0.0000000e+00
   0.0000000e+00
   0.0000000e+00
  -1.8735333e-02
  -3.7928144e-03
   9.4631296e-03
   1.3076510e-02
   1.7749801e-02
   2.2584490e-02
   2.3961738e-02
  -2.0338631e-03
  -9.8430638e-03
   0.0000000e+00
   2.0160585e-02
   1.3342962e-02
   6.9693420e-03
   4.9158949e-03
   4.9063857e-03
   3.9866194e-03
  -6.3990307e-04
  -4.7758059e-03
  -5.6015840e-03
  -4.1073090e-03
  -2.9620938e-03
  -1.8151428e-03
   1.0583433e-04
   3.0792130e-03
   7.3585990e-03
   1.3347428e-02
   1.4945959e-02
   2.1226959e-02
   2.9080810e-02
   2.2644094e-02
   1.6593570e-02
   2.1973269e-02
   6.8933187e-03
   0.0000000e+00
   0.0000000e+00
   0.0000000e+00
  -1.2484292e-02
   9.3025318e-04
   9.2213806e-03
   1.3055401e-02
   1.6433882e-02
   1.8685604e-02
   1.4086283e-02
  -1.0860562e-03
  -7.1675713e-03
   0.0000000e+00
   1.1980970e-02
   3.4398139e-03
   8.1774290e-04
   1.6652629e-03
   4.8189629e-03
   7.3216445e-03
  -1.7668158e-03
  -7.5024450e-03
  -1.4653767e-02
  -1.3018540e-02
  -1.2470130e-02
  -1.1417449e-02
  -8.4307874e-03
  -3.6559512e-03
   2.1622200e-03
   8.6813569e-03
   6.5853558e-03
   1.3459649e-02
   2.0818811e-02
   1.2424180e-02
   2.1925524e-03
   9.1851698e-03
  -5.5569886e-04
   0.0000000e+00
   0.0000000e+00
   0.0000000e+00
  -7.7874095e-03
  -1.5581683e-03
   3.3349741e-03
   6.1844550e-03
   7.7411714e-03
   7.3151276e-03
   2.4596837e-03
  -4.4864886e-03
  -8.5469133e-03
  -1.1114909e-02
   8.5067105e-04
  -2.1019668e-03
  -1.2381417e-03
   9.3982596e-04
   5.6983553e-03
   1.4195975e-02
   0.0000000e+00
   1.9924287e-03
  -1.7263894e-02
  -1.5122579e-02
  -1.5821275e-02
  -1.6121160e-02
  -1.4825846e-02
  -1.1094275e-02
  -5.5649541e-03
   5.6496164e-04
   4.3164506e-03
   9.7102737e-03
   1.2443560e-02
   6.0396666e-03
  -1.1290080e-02
  -1.4943376e-03
  -2.5585431e-03
   0.0000000e+00
   0.0000000e+00
   0.0000000e+00
  -4.1650391e-03
  -1.6811149e-03
   1.7782785e-03
   3.5483141e-03
   3.6299359e-03
   1.3419373e-03
  -3.1812638e-03
  -7.5683496e-03
  -9.6237082e-03
  -9.4507597e-03
  -3.0163256e-03
  -4.2665736e-03
  -1.4427536e-03
   7.8692124e-04
   2.3196444e-03
   0.0000000e+00
   0.0000000e+00
   0.0000000e+00
  -2.5296022e-03
  -1.8046445e-03
  -2.8374291e-03
  -3.8525900e-03
  -4.2816196e-03
  -3.6306418e-03
  -1.7756780e-03
   9.0778666e-04
   2.0308021e-03
   4.7254121e-03
   2.3912467e-03
  -7.0543998e-03
  -3.0829253e-02
  -1.1598812e-02
  -6.6809904e-03
   0.0000000e+00
   0.0000000e+00
  -0.0000000e+00
  -5.6755386e-03
  -3.4381847e-03
  -6.8019369e-04
   1.2533682e-04
  -8.9440494e-04
  -3.8865979e-03
  -7.8111934e-03
  -1.0961279e-02
  -1.2309455e-02
  -1.1073684e-02
  -7.7103008e-03
  -7.5561800e-03
  -3.4147184e-03
  -5.8104920e-04
  -8.7489925e-05
  -6.1088090e-04
   0.0000000e+00
   0.0000000e+00
   1.2382671e-02
   1.0987678e-02
   9.1404557e-03
   7.0183341e-03
   4.8241058e-03
   2.9513307e-03
   1.5759790e-03
   9.8003564e-04
  -1.4420977e-02
  -1.4810638e-02
  -1.1869377e-02
  -6.8437029e-03
  -4.3525515e-02
  -2.4310172e-02
  -1.7744541e-02
   0.0000000e+00
   0.0000000e+00
  -1.1861343e-02
  -1.0898949e-02
  -9.3871532e-03
  -7.4732392e-03
  -7.6380568e-03
  -8.9407749e-03
  -1.1593956e-02
  -1.4646297e-02
  -1.7279379e-02
  -1.8739842e-02
  -1.8601954e-02
  -1.7499134e-02
  -1.5213567e-02
  -1.0414755e-02
  -6.3521033e-03
  -4.6880716e-03
  -8.0154879e-03
  -3.0048307e-03
   8.9081898e-03
   1.3759910e-02
   1.0951132e-02
   8.6691231e-03
   5.1960922e-03
   7.2308443e-04
  -3.9365310e-03
  -8.4086033e-03
  -1.2243179e-02
  -2.4926681e-02
  -2.8122738e-02
  -2.2065669e-02
  -8.8191666e-03
  -4.1135261e-02
  -3.4879982e-02
  -3.0951955e-02
   0.0000000e+00
   0.0000000e+00
  -1.6151696e-02
  -1.6526027e-02
  -1.4940023e-02
  -1.2975784e-02
  -1.3226148e-02
  -1.4347809e-02
  -1.6707171e-02
  -1.9469997e-02
  -2.2168051e-02
  -2.4333507e-02
  -2.5704797e-02
  -2.6015060e-02
  -2.4232792e-02
  -2.0354547e-02
  -1.5822051e-02
  -1.1228640e-02
  -9.8526180e-03
  -4.4611418e-03
   5.3478940e-03
   6.3709947e-03
   3.4290156e-03
   2.3956066e-03
  -2.3367396e-04
  -4.3770014e-03
  -9.0555027e-03
  -1.4225606e-02
  -1.9835258e-02
  -2.5490288e-02
  -3.2693245e-02
  -3.2491840e-02
  -1.4410609e-02
  -4.0484558e-02
  -4.2084869e-02
  -4.1681937e-02
   0.0000000e+00
   0.0000000e+00
  -1.7521486e-02
  -2.0817360e-02
  -1.9427145e-02
  -1.7287590e-02
  -1.6961252e-02
  -1.7347574e-02
  -1.9182865e-02
  -2.1613631e-02
  -2.4329986e-02
  -2.7132893e-02
  -2.9738313e-02
  -3.1628795e-02
  -3.1410601e-02
  -2.9332940e-02
  -2.6093796e-02
  -2.0647958e-02
  -1.5552985e-02
  -9.6654985e-03
  -2.6112236e-03
  -2.7085075e-03
  -1.9966089e-03
  -7.5847440e-04
  -1.0852175e-03
  -3.2697089e-03
  -6.9187824e-03
  -1.2045686e-02
  -1.8485371e-02
  -2.2673116e-02
  -3.3341087e-02
  -4.5540743e-02
  -0.0000000e+00
  -3.0362201e-02
  -4.6577256e-02
  -4.1373078e-02
  -4.4717831e-02
  -1.1890615e-02
  -1.6398559e-02
  -2.1887945e-02
  -2.2176940e-02
  -2.1037522e-02
  -2.0379111e-02
  -1.9708112e-02
  -2.0048594e-02
  -2.1348510e-02
  -2.3725413e-02
  -2.7020598e-02
  -3.0854207e-02
  -3.3798464e-02
  -3.4691382e-02
  -3.4188848e-02
  -3.2904271e-02
  -2.9147284e-02
  -2.2915276e-02
  -1.6312156e-02
  -1.2479611e-02
  -1.1886534e-02
  -9.2925942e-03
  -5.5693665e-03
  -2.6468700e-03
  -1.6476059e-03
  -3.4062197e-03
  -7.7627860e-03
  -1.4521071e-02
  -1.7637350e-02
  -2.9395422e-02
  -5.0694749e-02
  -5.6747066e-02
  -1.4119131e-02
  -4.1800022e-02
  -4.8858657e-02
  -2.7930522e-02
  -9.6694909e-03
  -1.2784157e-02
  -1.9042453e-02
  -2.0989561e-02
  -2.1587878e-02
  -2.1577206e-02
  -2.0564929e-02
  -1.9393826e-02
  -1.9022180e-02
  -2.0523617e-02
  -2.3521494e-02
  -2.7589418e-02
  -3.0453479e-02
  -3.1708058e-02
  -3.2055598e-02
  -3.1828873e-02
  -3.0051712e-02
  -2.5705341e-02
  -2.0048918e-02
  -1.7642472e-02
  -1.7800732e-02
  -1.6408494e-02
  -1.2718115e-02
  -7.7691739e-03
  -3.3528595e-03
  -1.7985068e-03
  -3.7121670e-03
  -9.3887569e-03
  -1.1728998e-02
  -2.2404229e-02
  -4.0802009e-02
  -4.7594666e-02
  -4.8449934e-03
  -2.7908295e-02
  -3.6864397e-02
  -2.3145889e-02
  -6.8977972e-03
  -9.0107685e-03
  -1.3292834e-02
  -1.5958199e-02
  -1.7584790e-02
  -1.8480975e-02
  -1.8146364e-02
  -1.6624792e-02
  -1.5294907e-02
  -1.5787914e-02
  -1.7890707e-02
  -2.1223392e-02
  -2.3704939e-02
  -2.4734309e-02
  -2.5477506e-02
  -2.5623707e-02
  -2.4751620e-02
  -2.2204801e-02
  -1.8043831e-02
  -1.6062757e-02
  -1.6305557e-02
  -1.6342387e-02
  -1.4718954e-02
  -1.0969334e-02
  -5.8944467e-03
  -2.1677180e-03
  -1.2685539e-03
  -4.7000768e-03
  -5.2179809e-03
  -1.3050763e-02
  -2.4072793e-02
  -1.8553326e-02
  -2.0746878e-03
  -1.6466252e-02
  -2.4099751e-02
  -3.0610584e-02
  -5.5735347e-03
  -3.5192695e-03
  -4.4063301e-03
  -6.9205571e-03
  -8.8208922e-03
  -1.0197280e-02
  -1.0835676e-02
  -1.0087553e-02
  -8.8107296e-03
  -8.8726691e-03
  -1.0312308e-02
  -1.2535463e-02
  -1.4482978e-02
  -1.5095968e-02
  -1.5757835e-02
  -1.6241195e-02
  -1.5973415e-02
  -1.4792198e-02
  -1.2032482e-02
  -1.0395711e-02
  -1.0230799e-02
  -1.0669321e-02
  -1.0600802e-02
  -8.9399832e-03
  -5.2835036e-03
  -1.5992462e-03
   8.0283762e-04
  -2.4226451e-04
   8.7819109e-04
  -4.7317413e-03
  -1.1247101e-02
  -9.0268683e-03
  -2.8061804e-03
  -1.1051074e-02
  -1.0815155e-02
  -1.2053574e-02
  -1.0064577e-02
   3.0082385e-03
   5.6730653e-03
   3.7940857e-03
   1.8623737e-03
   4.6105706e-04
  -4.8476231e-04
  -8.2075759e-04
  -3.5325356e-04
  -8.9791627e-04
  -2.6481438e-03
  -4.5287102e-03
  -6.0650795e-03
  -6.3713202e-03
  -6.4446828e-03
  -6.7963055e-03
  -6.7136227e-03
  -6.3095228e-03
  -4.9954415e-03
  -3.5664211e-03
  -3.2895633e-03
  -3.6834686e-03
  -3.9112726e-03
  -3.3997505e-03
  -7.5643539e-04
   2.1625201e-03
   4.4983802e-03
   4.4788648e-03
   8.1628086e-03
   4.1962722e-03
   4.7172449e-04
   7.0554204e-04
   3.7361197e-03
  -6.4727126e-03
   1.8989816e-03
   4.3978891e-03
  -2.7115420e-02
  -4.5179858e-04
   1.1334296e-02
   1.2740795e-02
   1.2054245e-02
   1.1242422e-02
   1.1134820e-02
   1.0840830e-02
   1.0605386e-02
   9.1141071e-03
   6.6254516e-03
   4.2348844e-03
   2.7449762e-03
   2.7197856e-03
   3.2699369e-03
   3.5176079e-03
   3.4065845e-03
   3.3401584e-03
   3.1046055e-03
   3.9865873e-03
   4.0482460e-03
   3.5393664e-03
   3.5154808e-03
   3.9348560e-03
   6.2299250e-03
   8.8848565e-03
   1.0887682e-02
   1.0797098e-02
   1.5632369e-02
   1.3194514e-02
   1.2568683e-02
   1.2517822e-02
   1.4740365e-02
   0.0000000e+00
   0.0000000e+00
   1.7968442e-02
  -1.4824610e-02
  -1.1171314e-02
   9.8368973e-03
   1.6730892e-02
   1.8485933e-02
   1.9359520e-02
   2.0534212e-02
   2.1534295e-02
   2.1657951e-02
   1.9465491e-02
   1.6332563e-02
   1.3240691e-02
   1.1593121e-02
   1.1759420e-02
   1.2703383e-02
   1.3795558e-02
   1.3883964e-02
   1.3287274e-02
   1.1695052e-02
   1.1288357e-02
   1.1016920e-02
   9.9596782e-03
   1.0120790e-02
   1.1019357e-02
   1.3616909e-02
   1.6436439e-02
   1.8193571e-02
   1.8028162e-02
   2.0374814e-02
   1.8276036e-02
   1.9246625e-02
   2.2359528e-02
   2.5005644e-02
   3.3573963e-02
   9.8111244e-03
   1.1444984e-02
   2.3206524e-03
  -1.8728089e-03
   1.5290103e-02
   2.1986289e-02
   2.3305506e-02
   2.4356747e-02
   2.6039109e-02
   2.7753480e-02
   2.8760519e-02
   2.7048189e-02
   2.3204774e-02
   1.9542731e-02
   1.7810088e-02
   1.8278752e-02
   1.9313993e-02
   2.0994673e-02
   2.1951078e-02
   2.1013215e-02
   1.8674696e-02
   1.6505776e-02
   1.5264044e-02
   1.3500466e-02
   1.3229964e-02
   1.4603067e-02
   1.7869772e-02
   2.1279184e-02
   2.2950552e-02
   2.2677276e-02
   1.6909832e-02
   1.4960935e-02
   1.5365612e-02
   1.8884159e-02
   2.4770560e-02
   2.8258006e-02
   1.7763110e-02
   1.5682895e-02
   5.2773729e-03
   8.3967866e-05
   1.1299947e-02
   1.6539009e-02
   1.8216451e-02
   1.9175801e-02
   2.0966277e-02
   2.3494718e-02
   2.5186371e-02
   2.4279116e-02
   2.1167753e-02
   1.7969683e-02
   1.6685724e-02
   1.7845366e-02
   1.8970717e-02
   2.0931445e-02
   2.2497560e-02
   2.1288274e-02
   1.8646788e-02
   1.5817203e-02
   1.3034267e-02
   1.1056392e-02
   9.4040621e-03
   1.0545346e-02
   1.4063034e-02
   1.7887432e-02
   1.9653119e-02
   1.9053672e-02
   7.0141423e-03
   5.6570058e-03
   5.4174329e-03
   7.6470580e-03
   1.2564548e-02
   1.7014395e-02
   1.7404905e-02
   1.4021009e-02
   2.1733797e-03
  -9.6659351e-04
   1.9986555e-03
   4.1330307e-03
   5.7713161e-03
   6.7261533e-03
   8.4772677e-03
   1.1599390e-02
   1.3348965e-02
   1.3311074e-02
   1.1490505e-02
   1.0006645e-02
   9.7105408e-03
   1.1071671e-02
   1.2682742e-02
   1.5077712e-02
   1.6665975e-02
   1.5511423e-02
   1.2277515e-02
   9.3239648e-03
   6.1912459e-03
   3.6656566e-03
   9.6243783e-04
   8.1615594e-04
   3.5793696e-03
   6.8161599e-03
   8.9931440e-03
   8.7831289e-03
  -2.3989099e-03
  -2.9512143e-03
  -3.2687595e-03
  -1.9827804e-03
   1.0678518e-03
   4.9081929e-03
   7.6784450e-03
   5.0941030e-03
  -3.0930052e-03
  -3.6163137e-03
  -4.6919561e-03
  -4.7387942e-03
  -4.2630974e-03
  -4.2594867e-03
  -2.6634084e-03
   2.7724902e-04
   1.8138931e-03
   2.4725467e-03
   2.0444798e-03
   1.9458960e-03
   2.2345607e-03
   3.4539728e-03
   4.1688383e-03
   6.6152369e-03
   8.5204988e-03
   8.4774112e-03
   4.4131372e-03
   1.0329807e-03
  -1.2226194e-03
  -4.4342335e-03
  -6.9038371e-03
  -7.5644688e-03
  -6.6806478e-03
  -5.1059419e-03
  -2.8444221e-03
  -1.8613307e-03
  -6.4213836e-03
  -6.3552489e-03
  -6.7010233e-03
  -5.9419458e-03
  -4.1695554e-03
  -1.1304867e-03
   8.2707809e-04
  -1.9411145e-03
  -3.8325284e-03
  -2.2198541e-03
  -4.6085990e-03
  -6.7108450e-03
  -8.2674520e-03
  -8.7363990e-03
  -7.3999665e-03
  -6.4263993e-03
  -5.5937581e-03
  -3.8807536e-03
  -2.2806972e-03
  -1.7072180e-03
  -1.7071030e-03
  -1.7107440e-03
  -1.0429572e-03
   2.2579887e-04
   1.2815747e-03
   1.7232166e-03
  -9.0206030e-04
  -3.8251800e-03
  -5.7763141e-03
  -8.3866650e-03
  -1.0044346e-02
  -1.0814573e-02
  -1.1210528e-02
  -1.0426398e-02
  -8.8906800e-03
  -7.1712132e-03
  -3.1886476e-03
  -3.1876951e-03
  -3.6316793e-03
  -3.5555121e-03
  -2.7404490e-03
  -1.3522733e-03
  -7.9061987e-04
  -3.2435562e-03
  -3.7787096e-03
  -5.8336780e-05
  -4.4534532e-05
  -2.6128860e-03
  -4.9922327e-03
  -5.8013299e-03
  -5.5625355e-03
  -5.9220260e-03
  -6.4214938e-03
  -5.9345989e-03
  -4.5957435e-03
  -3.4338816e-03
  -2.5013054e-03
  -1.6788738e-03
  -1.0752870e-03
  -3.1898372e-04
  -7.1164221e-05
  -8.8092731e-04
  -2.2112618e-03
  -3.3285178e-03
  -4.5793136e-03
  -5.7280525e-03
  -6.3858354e-03
  -7.0721162e-03
  -7.3561827e-03
  -6.3327011e-03
  -5.0508678e-03
  -4.0186746e-03
