-START-OF-DATA-
0 0.000278
10 0.000278
20 0.000278
30 0.000278
40 0.000278
50 0.000278
60 0.000278
70 0.000278
80 0.000278
90 0.000278
100 0.000278
110 0.000278
120 0.000278
130 0.000278
140 0.000278
150 0.000278
160 0.000278
170 0.000278
180 0.000278
190 0.000278
200 0.000278
210 0.000278
220 0.000278
230 0.000278
240 0.000278
250 0.000278
260 0.000278
270 0.000278
280 0.000278
290 0.000278
300 0.000278
310 0.000278
320 0.000278
330 0.000278
340 0.000278
350 0.000278
360 0.000278
370 0.000278
380 0.000278
390 0.000278
400 0.000278
410 0.000278
420 0.000278
430 0.000278
440 0.000278
450 0.000278
460 0.000278
470 0.000278
480 0.000278
490 0.000278
500 0.000278
510 0.000278
520 0.000278
530 0.000278
540 0.000278
550 0.000278
560 0.000278
570 0.000278
580 0.000278
590 0.000278
600 0.000278
610 0.000278
620 0.000278
630 0.000278
640 0.000278
650 0.000278
660 0.000278
670 0.000278
680 0.000278
690 0.000278
700 0.000278
710 0.000278
720 0.000278
730 0.000278
740 0.000278
750 0.000278
760 0.000278
770 0.000278
780 0.000278
790 0.000278
800 0.000278
810 0.000278
820 0.000278
830 0.000278
840 0.000278
850 0.000278
860 0.000278
870 0.000278
880 0.000278
890 0.000278
900 0.000278
910 0.000278
920 0.000278
930 0.000278
940 0.000278
950 0.000278
960 0.000278
970 0.000278
980 0.000278
990 0.000278
1000 0.000278
1010 0.000278
1020 0.000278
1030 0.000278
1040 0.000278
1050 0.000278
1060 0.000278
1070 0.000278
1080 0.000278
1090 0.000278
1100 0.000278
1110 0.000278
1120 0.000278
1130 0.000278
1140 0.000278
1150 0.000278
1160 0.000278
1170 0.000278
1180 0.000278
1190 0.000278
1200 0.000278
1210 0.000278
1220 0.000278
1230 0.000278
1240 0.000278
1250 0.000278
1260 0.000278
1270 0.000278
1280 0.000278
1290 0.000278
1300 0.000278
1310 0.000278
1320 0.000278
1330 0.000278
1340 0.000278
1350 0.000278
1360 0.000278
1370 0.000278
1380 0.000278
1390 0.000278
1400 0.000278
1410 0.000278
1420 0.000278
1430 0.000278
1440 0.000278
1450 0.000278
1460 0.000278
1470 0.000278
1480 0.000278
1490 0.000278
1500 0.000278
1510 0.000278
1520 0.000278
1530 0.000278
1540 0.000278
1550 0.000278
1560 0.000278
1570 0.000278
1580 0.000278
1590 0.000278
1600 0.000278
1610 0.000278
1620 0.000278
1630 0.000278
1640 0.000278
1650 0.000278
1660 0.000278
1670 0.000278
1680 0.000278
1690 0.000278
1700 0.000278
1710 0.000278
1720 0.000278
1730 0.000278
1740 0.000278
1750 0.000278
1760 0.000278
1770 0.000278
1780 0.000278
1790 0.000278
1800 0.000278
1810 0.000278
1820 0.000278
1830 0.000278
1840 0.000278
1850 0.000278
1860 0.000278
1870 0.000278
1880 0.000278
1890 0.000278
1900 0.000278
1910 0.000278
1920 0.000278
1930 0.000278
1940 0.000278
1950 0.000278
1960 0.000278
1970 0.000278
1980 0.000278
1990 0.000278
2000 0.000278
2010 0.000278
2020 0.000278
2030 0.000278
2040 0.000278
2050 0.000278
2060 0.000278
2070 0.000278
2080 0.000278
2090 0.000278
2100 0.000278
2110 0.000278
2120 0.000278
2130 0.000278
2140 0.000278
2150 0.000278
2160 0.000278
2170 0.000278
2180 0.000278
2190 0.000278
2200 0.000278
2210 0.000278
2220 0.000278
2230 0.000278
2240 0.000278
2250 0.000278
2260 0.000278
2270 0.000278
2280 0.000278
2290 0.000278
2300 0.000278
2310 0.000278
2320 0.000278
2330 0.000278
2340 0.000278
2350 0.000278
2360 0.000278
2370 0.000278
2380 0.000278
2390 0.000278
2400 0.000278
2410 0.000278
2420 0.000278
2430 0.000278
2440 0.000278
2450 0.000278
2460 0.000278
2470 0.000278
2480 0.000278
2490 0.000278
2500 0.000278
2510 0.000278
2520 0.000278
2530 0.000278
2540 0.000278
2550 0.000278
2560 0.000278
2570 0.000278
2580 0.000278
2590 0.000278
2600 0.000278
2610 0.000278
2620 0.000278
2630 0.000278
2640 0.000278
2650 0.000278
2660 0.000278
2670 0.000278
2680 0.000278
2690 0.000278
2700 0.000278
2710 0.000278
2720 0.000278
2730 0.000278
2740 0.000278
2750 0.000278
2760 0.000278
2770 0.000278
2780 0.000278
2790 0.000278
2800 0.000278
2810 0.000278
2820 0.000278
2830 0.000278
2840 0.000278
2850 0.000278
2860 0.000278
2870 0.000278
2880 0.000278
2890 0.000278
2900 0.000278
2910 0.000278
2920 0.000278
2930 0.000278
2940 0.000278
2950 0.000278
2960 0.000278
2970 0.000278
2980 0.000278
2990 0.000278
3000 0.000278
3010 0.000278
3020 0.000278
3030 0.000278
3040 0.000278
3050 0.000278
3060 0.000278
3070 0.000278
3080 0.000278
3090 0.000278
3100 0.000278
3110 0.000278
3120 0.000278
3130 0.000278
3140 0.000278
3150 0.000278
3160 0.000278
3170 0.000278
3180 0.000278
3190 0.000278
3200 0.000278
3210 0.000278
3220 0.000278
3230 0.000278
3240 0.000278
3250 0.000278
3260 0.000278
3270 0.000278
3280 0.000278
3290 0.000278
3300 0.000278
3310 0.000278
3320 0.000278
3330 0.000278
3340 0.000278
3350 0.000278
3360 0.000278
3370 0.000278
3380 0.000278
3390 0.000278
3400 0.000278
3410 0.000278
3420 0.000278
3430 0.000278
3440 0.000278
3450 0.000278
3460 0.000278
3470 0.000278
3480 0.000278
3490 0.000278
3500 0.000278
3510 0.000278
3520 0.000278
3530 0.000278
3540 0.000278
3550 0.000278
3560 0.000278
3570 0.000278
3580 0.000278
3590 0.000278
3600 0.000278
3610 0.000278
3620 0.000278
3630 0.000278
3640 0.000278
3650 0.000278
3660 0.000278
3670 0.000278
3680 0.000278
3690 0.000278
3700 0.000278
3710 0.000278
3720 0.000278
3730 0.000278
3740 0.000278
3750 0.000278
3760 0.000278
3770 0.000278
3780 0.000278
3790 0.000278
3800 0.000278
3810 0.000278
3820 0.000278
3830 0.000278
3840 0.000278
3850 0.000278
3860 0.000278
3870 0.000278
3880 0.000278
3890 0.000278
3900 0.000278
3910 0.000278
3920 0.000278
3930 0.000278
3940 0.000278
3950 0.000278
3960 0.000278
3970 0.000278
3980 0.000278
3990 0.000278
4000 0.000278
4010 0.000278
4020 0.000278
4030 0.000278
4040 0.000278
4050 0.000278
4060 0.000278
4070 0.000278
4080 0.000278
4090 0.000278
4100 0.000278
4110 0.000278
4120 0.000278
4130 0.000278
4140 0.000278
4150 0.000278
4160 0.000278
4170 0.000278
4180 0.000278
4190 0.000278
4200 0.000278
4210 0.000278
4220 0.000278
4230 0.000278
4240 0.000278
4250 0.000278
4260 0.000278
4270 0.000278
4280 0.000278
4290 0.000278
4300 0.000278
4310 0.000278
4320 0.000278
4330 0.000278
4340 0.000278
4350 0.000278
4360 0.000278
4370 0.000278
4380 0.000278
4390 0.000278
4400 0.000278
4410 0.000278
4420 0.000278
4430 0.000278
4440 0.000278
4450 0.000278
4460 0.000278
4470 0.000278
4480 0.000278
4490 0.000278
4500 0.000278
4510 0.000278
4520 0.000278
4530 0.000278
4540 0.000278
4550 0.000278
4560 0.000278
4570 0.000278
4580 0.000278
4590 0.000278
4600 0.000278
4610 0.000278
4620 0.000278
4630 0.000278
4640 0.000278
4650 0.000278
4660 0.000278
4670 0.000278
4680 0.000278
4690 0.000278
4700 0.000278
4710 0.000278
4720 0.000278
4730 0.000278
4740 0.000278
4750 0.000278
4760 0.000278
4770 0.000278
4780 0.000278
4790 0.000278
4800 0.000278
4810 0.000278
4820 0.000278
4830 0.000278
4840 0.000278
4850 0.000278
4860 0.000278
4870 0.000278
4880 0.000278
4890 0.000278
4900 0.000278
4910 0.000278
4920 0.000278
4930 0.000278
4940 0.000278
4950 0.000278
4960 0.000278
4970 0.000278
4980 0.000278
4990 0.000278
5000 0.000278
5010 0.000278038481518481
5020 0.000278076963036963
5030 0.000278115444555445
5040 0.000278153926073926
5050 0.000278192407592408
5060 0.000278230889110889
5070 0.000278269370629371
5080 0.000278307852147852
5090 0.000278346333666334
5100 0.000278384815184815
5110 0.000278423296703297
5120 0.000278461778221778
5130 0.00027850025974026
5140 0.000278538741258741
5150 0.000278577222777223
5160 0.000278615704295704
5170 0.000278654185814186
5180 0.000278692667332667
5190 0.000278731148851149
5200 0.00027876963036963
5210 0.000278808111888112
5220 0.000278846593406593
5230 0.000278885074925075
5240 0.000278923556443556
5250 0.000278962037962038
5260 0.000279000519480519
5270 0.000279039000999001
5280 0.000279077482517482
5290 0.000279115964035964
5300 0.000279154445554446
5310 0.000279192927072927
5320 0.000279231408591409
5330 0.00027926989010989
5340 0.000279308371628372
5350 0.000279346853146853
5360 0.000279385334665335
5370 0.000279423816183816
5380 0.000279462297702298
5390 0.000279500779220779
5400 0.000279539260739261
5410 0.000279577742257742
5420 0.000279616223776224
5430 0.000279654705294705
5440 0.000279693186813187
5450 0.000279731668331668
5460 0.00027977014985015
5470 0.000279808631368631
5480 0.000279847112887113
5490 0.000279885594405594
5500 0.000279924075924076
5510 0.000279962557442557
5520 0.000280001038961039
5530 0.00028003952047952
5540 0.000280078001998002
5550 0.000280116483516483
5560 0.000280154965034965
5570 0.000280193446553447
5580 0.000280231928071928
5590 0.00028027040959041
5600 0.000280308891108891
5610 0.000280347372627373
5620 0.000280385854145854
5630 0.000280424335664336
5640 0.000280462817182817
5650 0.000280501298701299
5660 0.00028053978021978
5670 0.000280578261738262
5680 0.000280616743256743
5690 0.000280655224775225
5700 0.000280693706293706
5710 0.000280732187812188
5720 0.000280770669330669
5730 0.000280809150849151
5740 0.000280847632367632
5750 0.000280886113886114
5760 0.000280924595404595
5770 0.000280963076923077
5780 0.000281001558441558
5790 0.00028104003996004
5800 0.000281078521478521
5810 0.000281117002997003
5820 0.000281155484515484
5830 0.000281193966033966
5840 0.000281232447552448
5850 0.000281270929070929
5860 0.000281309410589411
5870 0.000281347892107892
5880 0.000281386373626374
5890 0.000281424855144855
5900 0.000281463336663337
5910 0.000281501818181818
5920 0.0002815402997003
5930 0.000281578781218781
5940 0.000281617262737263
5950 0.000281655744255744
5960 0.000281694225774226
5970 0.000281732707292707
5980 0.000281771188811189
5990 0.00028180967032967
6000 0.000281848151848152
6010 0.000281886633366633
6020 0.000281925114885115
6030 0.000281963596403596
6040 0.000282002077922078
6050 0.000282040559440559
6060 0.000282079040959041
6070 0.000282117522477522
6080 0.000282156003996004
6090 0.000282194485514485
6100 0.000282232967032967
6110 0.000282271448551449
6120 0.00028230993006993
6130 0.000282348411588412
6140 0.000282386893106893
6150 0.000282425374625375
6160 0.000282463856143856
6170 0.000282502337662338
6180 0.000282540819180819
6190 0.000282579300699301
6200 0.000282617782217782
6210 0.000282656263736264
6220 0.000282694745254745
6230 0.000282733226773227
6240 0.000282771708291708
6250 0.00028281018981019
6260 0.000282848671328671
6270 0.000282887152847153
6280 0.000282925634365634
6290 0.000282964115884116
6300 0.000283002597402597
6310 0.000283041078921079
6320 0.00028307956043956
6330 0.000283118041958042
6340 0.000283156523476523
6350 0.000283195004995005
6360 0.000283233486513486
6370 0.000283271968031968
6380 0.00028331044955045
6390 0.000283348931068931
6400 0.000283387412587413
6410 0.000283425894105894
6420 0.000283464375624376
6430 0.000283502857142857
6440 0.000283541338661339
6450 0.00028357982017982
6460 0.000283618301698302
6470 0.000283656783216783
6480 0.000283695264735265
6490 0.000283733746253746
6500 0.000283772227772228
6510 0.000283810709290709
6520 0.000283849190809191
6530 0.000283887672327672
6540 0.000283926153846154
6550 0.000283964635364635
6560 0.000284003116883117
6570 0.000284041598401598
6580 0.00028408007992008
6590 0.000284118561438561
6600 0.000284157042957043
6610 0.000284195524475524
6620 0.000284234005994006
6630 0.000284272487512487
6640 0.000284310969030969
6650 0.000284349450549451
6660 0.000284387932067932
6670 0.000284426413586414
6680 0.000284464895104895
6690 0.000284503376623377
6700 0.000284541858141858
6710 0.00028458033966034
6720 0.000284618821178821
6730 0.000284657302697303
6740 0.000284695784215784
6750 0.000284734265734266
6760 0.000284772747252747
6770 0.000284811228771229
6780 0.00028484971028971
6790 0.000284888191808192
6800 0.000284926673326673
6810 0.000284965154845155
6820 0.000285003636363636
6830 0.000285042117882118
6840 0.000285080599400599
6850 0.000285119080919081
6860 0.000285157562437562
6870 0.000285196043956044
6880 0.000285234525474525
6890 0.000285273006993007
6900 0.000285311488511488
6910 0.00028534997002997
6920 0.000285388451548452
6930 0.000285426933066933
6940 0.000285465414585415
6950 0.000285503896103896
6960 0.000285542377622378
6970 0.000285580859140859
6980 0.000285619340659341
6990 0.000285657822177822
7000 0.000285696303696304
7010 0.000285734785214785
7020 0.000285773266733267
7030 0.000285811748251748
7040 0.00028585022977023
7050 0.000285888711288711
7060 0.000285927192807193
7070 0.000285965674325674
7080 0.000286004155844156
7090 0.000286042637362637
7100 0.000286081118881119
7110 0.0002861196003996
7120 0.000286158081918082
7130 0.000286196563436563
7140 0.000286235044955045
7150 0.000286273526473526
7160 0.000286312007992008
7170 0.00028635048951049
7180 0.000286388971028971
7190 0.000286427452547453
7200 0.000286465934065934
7210 0.000286504415584416
7220 0.000286542897102897
7230 0.000286581378621379
7240 0.00028661986013986
7250 0.000286658341658342
7260 0.000286696823176823
7270 0.000286735304695305
7280 0.000286773786213786
7290 0.000286812267732268
7300 0.000286850749250749
7310 0.000286889230769231
7320 0.000286927712287712
7330 0.000286966193806194
7340 0.000287004675324675
7350 0.000287043156843157
7360 0.000287081638361638
7370 0.00028712011988012
7380 0.000287158601398601
7390 0.000287197082917083
7400 0.000287235564435564
7410 0.000287274045954046
7420 0.000287312527472527
7430 0.000287351008991009
7440 0.00028738949050949
7450 0.000287427972027972
7460 0.000287466453546454
7470 0.000287504935064935
7480 0.000287543416583417
7490 0.000287581898101898
7500 0.00028762037962038
7510 0.000287658861138861
7520 0.000287697342657343
7530 0.000287735824175824
7540 0.000287774305694306
7550 0.000287812787212787
7560 0.000287851268731269
7570 0.00028788975024975
7580 0.000287928231768232
7590 0.000287966713286713
7600 0.000288005194805195
7610 0.000288043676323676
7620 0.000288082157842158
7630 0.000288120639360639
7640 0.000288159120879121
7650 0.000288197602397602
7660 0.000288236083916084
7670 0.000288274565434565
7680 0.000288313046953047
7690 0.000288351528471528
7700 0.00028839000999001
7710 0.000288428491508491
7720 0.000288466973026973
7730 0.000288505454545455
7740 0.000288543936063936
7750 0.000288582417582418
7760 0.000288620899100899
7770 0.000288659380619381
7780 0.000288697862137862
7790 0.000288736343656344
7800 0.000288774825174825
7810 0.000288813306693307
7820 0.000288851788211788
7830 0.00028889026973027
7840 0.000288928751248751
7850 0.000288967232767233
7860 0.000289005714285714
7870 0.000289044195804196
7880 0.000289082677322677
7890 0.000289121158841159
7900 0.00028915964035964
7910 0.000289198121878122
7920 0.000289236603396603
7930 0.000289275084915085
7940 0.000289313566433566
7950 0.000289352047952048
7960 0.000289390529470529
7970 0.000289429010989011
7980 0.000289467492507492
7990 0.000289505974025974
8000 0.000289544455544456
8010 0.000289582937062937
8020 0.000289621418581419
8030 0.0002896599000999
8040 0.000289698381618382
8050 0.000289736863136863
8060 0.000289775344655345
8070 0.000289813826173826
8080 0.000289852307692308
8090 0.000289890789210789
8100 0.000289929270729271
8110 0.000289967752247752
8120 0.000290006233766234
8130 0.000290044715284715
8140 0.000290083196803197
8150 0.000290121678321678
8160 0.00029016015984016
8170 0.000290198641358641
8180 0.000290237122877123
8190 0.000290275604395604
8200 0.000290314085914086
8210 0.000290352567432567
8220 0.000290391048951049
8230 0.00029042953046953
8240 0.000290468011988012
8250 0.000290506493506493
8260 0.000290544975024975
8270 0.000290583456543457
8280 0.000290621938061938
8290 0.00029066041958042
8300 0.000290698901098901
8310 0.000290737382617383
8320 0.000290775864135864
8330 0.000290814345654346
8340 0.000290852827172827
8350 0.000290891308691309
8360 0.00029092979020979
8370 0.000290968271728272
8380 0.000291006753246753
8390 0.000291045234765235
8400 0.000291083716283716
8410 0.000291122197802198
8420 0.000291160679320679
8430 0.000291199160839161
8440 0.000291237642357642
8450 0.000291276123876124
8460 0.000291314605394605
8470 0.000291353086913087
8480 0.000291391568431568
8490 0.00029143004995005
8500 0.000291468531468531
8510 0.000291507012987013
8520 0.000291545494505494
8530 0.000291583976023976
8540 0.000291622457542458
8550 0.000291660939060939
8560 0.000291699420579421
8570 0.000291737902097902
8580 0.000291776383616384
8590 0.000291814865134865
8600 0.000291853346653347
8610 0.000291891828171828
8620 0.00029193030969031
8630 0.000291968791208791
8640 0.000292007272727273
8650 0.000292045754245754
8660 0.000292084235764236
8670 0.000292122717282717
8680 0.000292161198801199
8690 0.00029219968031968
8700 0.000292238161838162
8710 0.000292276643356643
8720 0.000292315124875125
8730 0.000292353606393606
8740 0.000292392087912088
8750 0.000292430569430569
8760 0.000292469050949051
8770 0.000292507532467532
8780 0.000292546013986014
8790 0.000292584495504495
8800 0.000292622977022977
8810 0.000292661458541459
8820 0.00029269994005994
8830 0.000292738421578422
8840 0.000292776903096903
8850 0.000292815384615385
8860 0.000292853866133866
8870 0.000292892347652348
8880 0.000292930829170829
8890 0.000292969310689311
8900 0.000293007792207792
8910 0.000293046273726274
8920 0.000293084755244755
8930 0.000293123236763237
8940 0.000293161718281718
8950 0.0002932001998002
8960 0.000293238681318681
8970 0.000293277162837163
8980 0.000293315644355644
8990 0.000293354125874126
9000 0.000293392607392607
9010 0.000293431088911089
9020 0.00029346957042957
9030 0.000293508051948052
9040 0.000293546533466533
9050 0.000293585014985015
9060 0.000293623496503496
9070 0.000293661978021978
9080 0.00029370045954046
9090 0.000293738941058941
9100 0.000293777422577423
9110 0.000293815904095904
9120 0.000293854385614386
9130 0.000293892867132867
9140 0.000293931348651349
9150 0.00029396983016983
9160 0.000294008311688312
9170 0.000294046793206793
9180 0.000294085274725275
9190 0.000294123756243756
9200 0.000294162237762238
9210 0.000294200719280719
9220 0.000294239200799201
9230 0.000294277682317682
9240 0.000294316163836164
9250 0.000294354645354645
9260 0.000294393126873127
9270 0.000294431608391608
9280 0.00029447008991009
9290 0.000294508571428571
9300 0.000294547052947053
9310 0.000294585534465534
9320 0.000294624015984016
9330 0.000294662497502497
9340 0.000294700979020979
9350 0.000294739460539461
9360 0.000294777942057942
9370 0.000294816423576424
9380 0.000294854905094905
9390 0.000294893386613387
9400 0.000294931868131868
9410 0.00029497034965035
9420 0.000295008831168831
9430 0.000295047312687313
9440 0.000295085794205794
9450 0.000295124275724276
9460 0.000295162757242757
9470 0.000295201238761239
9480 0.00029523972027972
9490 0.000295278201798202
9500 0.000295316683316683
9510 0.000295355164835165
9520 0.000295393646353646
9530 0.000295432127872128
9540 0.000295470609390609
9550 0.000295509090909091
9560 0.000295547572427572
9570 0.000295586053946054
9580 0.000295624535464535
9590 0.000295663016983017
9600 0.000295701498501498
9610 0.00029573998001998
9620 0.000295778461538462
9630 0.000295816943056943
9640 0.000295855424575425
9650 0.000295893906093906
9660 0.000295932387612388
9670 0.000295970869130869
9680 0.000296009350649351
9690 0.000296047832167832
9700 0.000296086313686314
9710 0.000296124795204795
9720 0.000296163276723277
9730 0.000296201758241758
9740 0.00029624023976024
9750 0.000296278721278721
9760 0.000296317202797203
9770 0.000296355684315684
9780 0.000296394165834166
9790 0.000296432647352647
9800 0.000296471128871129
9810 0.00029650961038961
9820 0.000296548091908092
9830 0.000296586573426573
9840 0.000296625054945055
9850 0.000296663536463536
9860 0.000296702017982018
9870 0.0002967404995005
9880 0.000296778981018981
9890 0.000296817462537463
9900 0.000296855944055944
9910 0.000296894425574426
9920 0.000296932907092907
9930 0.000296971388611389
9940 0.00029700987012987
9950 0.000297048351648352
9960 0.000297086833166833
9970 0.000297125314685315
9980 0.000297163796203796
9990 0.000297202277722278
10000 0.000297240759240759
10010 0.000297279240759241
10020 0.000297317722277722
10030 0.000297356203796204
10040 0.000297394685314685
10050 0.000297433166833167
10060 0.000297471648351648
10070 0.00029751012987013
10080 0.000297548611388611
10090 0.000297587092907093
10100 0.000297625574425574
10110 0.000297664055944056
10120 0.000297702537462537
10130 0.000297741018981019
10140 0.0002977795004995
10150 0.000297817982017982
10160 0.000297856463536464
10170 0.000297894945054945
10180 0.000297933426573427
10190 0.000297971908091908
10200 0.00029801038961039
10210 0.000298048871128871
10220 0.000298087352647353
10230 0.000298125834165834
10240 0.000298164315684316
10250 0.000298202797202797
10260 0.000298241278721279
10270 0.00029827976023976
10280 0.000298318241758242
10290 0.000298356723276723
10300 0.000298395204795205
10310 0.000298433686313686
10320 0.000298472167832168
10330 0.000298510649350649
10340 0.000298549130869131
10350 0.000298587612387612
10360 0.000298626093906094
10370 0.000298664575424575
10380 0.000298703056943057
10390 0.000298741538461538
10400 0.00029878001998002
10410 0.000298818501498501
10420 0.000298856983016983
10430 0.000298895464535465
10440 0.000298933946053946
10450 0.000298972427572428
10460 0.000299010909090909
10470 0.000299049390609391
10480 0.000299087872127872
10490 0.000299126353646354
10500 0.000299164835164835
10510 0.000299203316683317
10520 0.000299241798201798
10530 0.00029928027972028
10540 0.000299318761238761
10550 0.000299357242757243
10560 0.000299395724275724
10570 0.000299434205794206
10580 0.000299472687312687
10590 0.000299511168831169
10600 0.00029954965034965
10610 0.000299588131868132
10620 0.000299626613386613
10630 0.000299665094905095
10640 0.000299703576423576
10650 0.000299742057942058
10660 0.000299780539460539
10670 0.000299819020979021
10680 0.000299857502497502
10690 0.000299895984015984
10700 0.000299934465534466
10710 0.000299972947052947
10720 0.000300011428571429
10730 0.00030004991008991
10740 0.000300088391608392
10750 0.000300126873126873
10760 0.000300165354645355
10770 0.000300203836163836
10780 0.000300242317682318
10790 0.000300280799200799
10800 0.000300319280719281
10810 0.000300357762237762
10820 0.000300396243756244
10830 0.000300434725274725
10840 0.000300473206793207
10850 0.000300511688311688
10860 0.00030055016983017
10870 0.000300588651348651
10880 0.000300627132867133
10890 0.000300665614385614
10900 0.000300704095904096
10910 0.000300742577422577
10920 0.000300781058941059
10930 0.00030081954045954
10940 0.000300858021978022
10950 0.000300896503496503
10960 0.000300934985014985
10970 0.000300973466533467
10980 0.000301011948051948
10990 0.00030105042957043
11000 0.000301088911088911
11010 0.000301127392607393
11020 0.000301165874125874
11030 0.000301204355644356
11040 0.000301242837162837
11050 0.000301281318681319
11060 0.0003013198001998
11070 0.000301358281718282
11080 0.000301396763236763
11090 0.000301435244755245
11100 0.000301473726273726
11110 0.000301512207792208
11120 0.000301550689310689
11130 0.000301589170829171
11140 0.000301627652347652
11150 0.000301666133866134
11160 0.000301704615384615
11170 0.000301743096903097
11180 0.000301781578421578
11190 0.00030182005994006
11200 0.000301858541458541
11210 0.000301897022977023
11220 0.000301935504495504
11230 0.000301973986013986
11240 0.000302012467532468
11250 0.000302050949050949
11260 0.000302089430569431
11270 0.000302127912087912
11280 0.000302166393606394
11290 0.000302204875124875
11300 0.000302243356643357
11310 0.000302281838161838
11320 0.00030232031968032
11330 0.000302358801198801
11340 0.000302397282717283
11350 0.000302435764235764
11360 0.000302474245754246
11370 0.000302512727272727
11380 0.000302551208791209
11390 0.00030258969030969
11400 0.000302628171828172
11410 0.000302666653346653
11420 0.000302705134865135
11430 0.000302743616383616
11440 0.000302782097902098
11450 0.000302820579420579
11460 0.000302859060939061
11470 0.000302897542457542
11480 0.000302936023976024
11490 0.000302974505494505
11500 0.000303012987012987
11510 0.000303051468531469
11520 0.00030308995004995
11530 0.000303128431568432
11540 0.000303166913086913
11550 0.000303205394605395
11560 0.000303243876123876
11570 0.000303282357642358
11580 0.000303320839160839
11590 0.000303359320679321
11600 0.000303397802197802
11610 0.000303436283716284
11620 0.000303474765234765
11630 0.000303513246753247
11640 0.000303551728271728
11650 0.00030359020979021
11660 0.000303628691308691
11670 0.000303667172827173
11680 0.000303705654345654
11690 0.000303744135864136
11700 0.000303782617382617
11710 0.000303821098901099
11720 0.00030385958041958
11730 0.000303898061938062
11740 0.000303936543456543
11750 0.000303975024975025
11760 0.000304013506493506
11770 0.000304051988011988
11780 0.00030409046953047
11790 0.000304128951048951
11800 0.000304167432567433
11810 0.000304205914085914
11820 0.000304244395604396
11830 0.000304282877122877
11840 0.000304321358641359
11850 0.00030435984015984
11860 0.000304398321678322
11870 0.000304436803196803
11880 0.000304475284715285
11890 0.000304513766233766
11900 0.000304552247752248
11910 0.000304590729270729
11920 0.000304629210789211
11930 0.000304667692307692
11940 0.000304706173826174
11950 0.000304744655344655
11960 0.000304783136863137
11970 0.000304821618381618
11980 0.0003048600999001
11990 0.000304898581418581
12000 0.000304937062937063
12010 0.000304975544455544
12020 0.000305014025974026
12030 0.000305052507492507
12040 0.000305090989010989
12050 0.000305129470529471
12060 0.000305167952047952
12070 0.000305206433566434
12080 0.000305244915084915
12090 0.000305283396603397
12100 0.000305321878121878
12110 0.00030536035964036
12120 0.000305398841158841
12130 0.000305437322677323
12140 0.000305475804195804
12150 0.000305514285714286
12160 0.000305552767232767
12170 0.000305591248751249
12180 0.00030562973026973
12190 0.000305668211788212
12200 0.000305706693306693
12210 0.000305745174825175
12220 0.000305783656343656
12230 0.000305822137862138
12240 0.000305860619380619
12250 0.000305899100899101
12260 0.000305937582417582
12270 0.000305976063936064
12280 0.000306014545454545
12290 0.000306053026973027
12300 0.000306091508491508
12310 0.00030612999000999
12320 0.000306168471528471
12330 0.000306206953046953
12340 0.000306245434565435
12350 0.000306283916083916
12360 0.000306322397602398
12370 0.000306360879120879
12380 0.000306399360639361
12390 0.000306437842157842
12400 0.000306476323676324
12410 0.000306514805194805
12420 0.000306553286713287
12430 0.000306591768231768
12440 0.00030663024975025
12450 0.000306668731268731
12460 0.000306707212787213
12470 0.000306745694305694
12480 0.000306784175824176
12490 0.000306822657342657
12500 0.000306861138861139
12510 0.00030689962037962
12520 0.000306938101898102
12530 0.000306976583416583
12540 0.000307015064935065
12550 0.000307053546453546
12560 0.000307092027972028
12570 0.00030713050949051
12580 0.000307168991008991
12590 0.000307207472527472
12600 0.000307245954045954
12610 0.000307284435564436
12620 0.000307322917082917
12630 0.000307361398601399
12640 0.00030739988011988
12650 0.000307438361638362
12660 0.000307476843156843
12670 0.000307515324675325
12680 0.000307553806193806
12690 0.000307592287712288
12700 0.000307630769230769
12710 0.000307669250749251
12720 0.000307707732267732
12730 0.000307746213786214
12740 0.000307784695304695
12750 0.000307823176823177
12760 0.000307861658341658
12770 0.00030790013986014
12780 0.000307938621378621
12790 0.000307977102897103
12800 0.000308015584415584
12810 0.000308054065934066
12820 0.000308092547452547
12830 0.000308131028971029
12840 0.00030816951048951
12850 0.000308207992007992
12860 0.000308246473526473
12870 0.000308284955044955
12880 0.000308323436563437
12890 0.000308361918081918
12900 0.0003084003996004
12910 0.000308438881118881
12920 0.000308477362637363
12930 0.000308515844155844
12940 0.000308554325674326
12950 0.000308592807192807
12960 0.000308631288711289
12970 0.00030866977022977
12980 0.000308708251748252
12990 0.000308746733266733
13000 0.000308785214785215
13010 0.000308823696303696
13020 0.000308862177822178
13030 0.000308900659340659
13040 0.000308939140859141
13050 0.000308977622377622
13060 0.000309016103896104
13070 0.000309054585414585
13080 0.000309093066933067
13090 0.000309131548451548
13100 0.00030917002997003
13110 0.000309208511488511
13120 0.000309246993006993
13130 0.000309285474525474
13140 0.000309323956043956
13150 0.000309362437562438
13160 0.000309400919080919
13170 0.000309439400599401
13180 0.000309477882117882
13190 0.000309516363636364
13200 0.000309554845154845
13210 0.000309593326673327
13220 0.000309631808191808
13230 0.00030967028971029
13240 0.000309708771228771
13250 0.000309747252747253
13260 0.000309785734265734
13270 0.000309824215784216
13280 0.000309862697302697
13290 0.000309901178821179
13300 0.00030993966033966
13310 0.000309978141858142
13320 0.000310016623376623
13330 0.000310055104895105
13340 0.000310093586413586
13350 0.000310132067932068
13360 0.000310170549450549
13370 0.000310209030969031
13380 0.000310247512487512
13390 0.000310285994005994
13400 0.000310324475524475
13410 0.000310362957042957
13420 0.000310401438561439
13430 0.00031043992007992
13440 0.000310478401598402
13450 0.000310516883116883
13460 0.000310555364635365
13470 0.000310593846153846
13480 0.000310632327672328
13490 0.000310670809190809
13500 0.000310709290709291
13510 0.000310747772227772
13520 0.000310786253746254
13530 0.000310824735264735
13540 0.000310863216783217
13550 0.000310901698301698
13560 0.00031094017982018
13570 0.000310978661338661
13580 0.000311017142857143
13590 0.000311055624375624
13600 0.000311094105894106
13610 0.000311132587412587
13620 0.000311171068931069
13630 0.00031120955044955
13640 0.000311248031968032
13650 0.000311286513486513
13660 0.000311324995004995
13670 0.000311363476523476
13680 0.000311401958041958
13690 0.00031144043956044
13700 0.000311478921078921
13710 0.000311517402597403
13720 0.000311555884115884
13730 0.000311594365634366
13740 0.000311632847152847
13750 0.000311671328671329
13760 0.00031170981018981
13770 0.000311748291708292
13780 0.000311786773226773
13790 0.000311825254745255
13800 0.000311863736263736
13810 0.000311902217782218
13820 0.000311940699300699
13830 0.000311979180819181
13840 0.000312017662337662
13850 0.000312056143856144
13860 0.000312094625374625
13870 0.000312133106893107
13880 0.000312171588411588
13890 0.00031221006993007
13900 0.000312248551448551
13910 0.000312287032967033
13920 0.000312325514485514
13930 0.000312363996003996
13940 0.000312402477522477
13950 0.000312440959040959
13960 0.000312479440559441
13970 0.000312517922077922
13980 0.000312556403596404
13990 0.000312594885114885
14000 0.000312633366633367
14010 0.000312671848151848
14020 0.00031271032967033
14030 0.000312748811188811
14040 0.000312787292707293
14050 0.000312825774225774
14060 0.000312864255744256
14070 0.000312902737262737
14080 0.000312941218781219
14090 0.0003129797002997
14100 0.000313018181818182
14110 0.000313056663336663
14120 0.000313095144855145
14130 0.000313133626373626
14140 0.000313172107892108
14150 0.000313210589410589
14160 0.000313249070929071
14170 0.000313287552447552
14180 0.000313326033966034
14190 0.000313364515484515
14200 0.000313402997002997
14210 0.000313441478521478
14220 0.00031347996003996
14230 0.000313518441558442
14240 0.000313556923076923
14250 0.000313595404595405
14260 0.000313633886113886
14270 0.000313672367632368
14280 0.000313710849150849
14290 0.000313749330669331
14300 0.000313787812187812
14310 0.000313826293706294
14320 0.000313864775224775
14330 0.000313903256743257
14340 0.000313941738261738
14350 0.00031398021978022
14360 0.000314018701298701
14370 0.000314057182817183
14380 0.000314095664335664
14390 0.000314134145854146
14400 0.000314172627372627
14410 0.000314211108891109
14420 0.00031424959040959
14430 0.000314288071928072
14440 0.000314326553446553
14450 0.000314365034965035
14460 0.000314403516483516
14470 0.000314441998001998
14480 0.00031448047952048
14490 0.000314518961038961
14500 0.000314557442557443
14510 0.000314595924075924
14520 0.000314634405594406
14530 0.000314672887112887
14540 0.000314711368631369
14550 0.00031474985014985
14560 0.000314788331668332
14570 0.000314826813186813
14580 0.000314865294705295
14590 0.000314903776223776
14600 0.000314942257742258
14610 0.000314980739260739
14620 0.000315019220779221
14630 0.000315057702297702
14640 0.000315096183816184
14650 0.000315134665334665
14660 0.000315173146853147
14670 0.000315211628371628
14680 0.00031525010989011
14690 0.000315288591408591
14700 0.000315327072927073
14710 0.000315365554445554
14720 0.000315404035964036
14730 0.000315442517482517
14740 0.000315480999000999
14750 0.00031551948051948
14760 0.000315557962037962
14770 0.000315596443556444
14780 0.000315634925074925
14790 0.000315673406593407
14800 0.000315711888111888
14810 0.00031575036963037
14820 0.000315788851148851
14830 0.000315827332667333
14840 0.000315865814185814
14850 0.000315904295704296
14860 0.000315942777222777
14870 0.000315981258741259
14880 0.00031601974025974
14890 0.000316058221778222
14900 0.000316096703296703
14910 0.000316135184815185
14920 0.000316173666333666
14930 0.000316212147852148
14940 0.000316250629370629
14950 0.000316289110889111
14960 0.000316327592407592
14970 0.000316366073926074
14980 0.000316404555444555
14990 0.000316443036963037
15000 0.000316481518481518
15010 0.00031652
15020 0.00031652
15030 0.00031652
15040 0.00031652
15050 0.00031652
15060 0.00031652
15070 0.00031652
15080 0.00031652
15090 0.00031652
15100 0.00031652
15110 0.00031652
15120 0.00031652
15130 0.00031652
15140 0.00031652
15150 0.00031652
15160 0.00031652
15170 0.00031652
15180 0.00031652
15190 0.00031652
15200 0.00031652
15210 0.00031652
15220 0.00031652
15230 0.00031652
15240 0.00031652
15250 0.00031652
15260 0.00031652
15270 0.00031652
15280 0.00031652
15290 0.00031652
15300 0.00031652
15310 0.00031652
15320 0.00031652
15330 0.00031652
15340 0.00031652
15350 0.00031652
15360 0.00031652
15370 0.00031652
15380 0.00031652
15390 0.00031652
15400 0.00031652
15410 0.00031652
15420 0.00031652
15430 0.00031652
15440 0.00031652
15450 0.00031652
15460 0.00031652
15470 0.00031652
15480 0.00031652
15490 0.00031652
15500 0.00031652
15510 0.00031652
15520 0.00031652
15530 0.00031652
15540 0.00031652
15550 0.00031652
15560 0.00031652
15570 0.00031652
15580 0.00031652
15590 0.00031652
15600 0.00031652
15610 0.00031652
15620 0.00031652
15630 0.00031652
15640 0.00031652
15650 0.00031652
15660 0.00031652
15670 0.00031652
15680 0.00031652
15690 0.00031652
15700 0.00031652
15710 0.00031652
15720 0.00031652
15730 0.00031652
15740 0.00031652
15750 0.00031652
15760 0.00031652
15770 0.00031652
15780 0.00031652
15790 0.00031652
15800 0.00031652
15810 0.00031652
15820 0.00031652
15830 0.00031652
15840 0.00031652
15850 0.00031652
15860 0.00031652
15870 0.00031652
15880 0.00031652
15890 0.00031652
15900 0.00031652
15910 0.00031652
15920 0.00031652
15930 0.00031652
15940 0.00031652
15950 0.00031652
15960 0.00031652
15970 0.00031652
15980 0.00031652
15990 0.00031652
16000 0.00031652
16010 0.00031652
16020 0.00031652
16030 0.00031652
16040 0.00031652
16050 0.00031652
16060 0.00031652
16070 0.00031652
16080 0.00031652
16090 0.00031652
16100 0.00031652
16110 0.00031652
16120 0.00031652
16130 0.00031652
16140 0.00031652
16150 0.00031652
16160 0.00031652
16170 0.00031652
16180 0.00031652
16190 0.00031652
16200 0.00031652
16210 0.00031652
16220 0.00031652
16230 0.00031652
16240 0.00031652
16250 0.00031652
16260 0.00031652
16270 0.00031652
16280 0.00031652
16290 0.00031652
16300 0.00031652
16310 0.00031652
16320 0.00031652
16330 0.00031652
16340 0.00031652
16350 0.00031652
16360 0.00031652
16370 0.00031652
16380 0.00031652
16390 0.00031652
16400 0.00031652
16410 0.00031652
16420 0.00031652
16430 0.00031652
16440 0.00031652
16450 0.00031652
16460 0.00031652
16470 0.00031652
16480 0.00031652
16490 0.00031652
16500 0.00031652
16510 0.00031652
16520 0.00031652
16530 0.00031652
16540 0.00031652
16550 0.00031652
16560 0.00031652
16570 0.00031652
16580 0.00031652
16590 0.00031652
16600 0.00031652
16610 0.00031652
16620 0.00031652
16630 0.00031652
16640 0.00031652
16650 0.00031652
16660 0.00031652
16670 0.00031652
16680 0.00031652
16690 0.00031652
16700 0.00031652
16710 0.00031652
16720 0.00031652
16730 0.00031652
16740 0.00031652
16750 0.00031652
16760 0.00031652
16770 0.00031652
16780 0.00031652
16790 0.00031652
16800 0.00031652
16810 0.00031652
16820 0.00031652
16830 0.00031652
16840 0.00031652
16850 0.00031652
16860 0.00031652
16870 0.00031652
16880 0.00031652
16890 0.00031652
16900 0.00031652
16910 0.00031652
16920 0.00031652
16930 0.00031652
16940 0.00031652
16950 0.00031652
16960 0.00031652
16970 0.00031652
16980 0.00031652
16990 0.00031652
17000 0.00031652
17010 0.00031652
17020 0.00031652
17030 0.00031652
17040 0.00031652
17050 0.00031652
17060 0.00031652
17070 0.00031652
17080 0.00031652
17090 0.00031652
17100 0.00031652
17110 0.00031652
17120 0.00031652
17130 0.00031652
17140 0.00031652
17150 0.00031652
17160 0.00031652
17170 0.00031652
17180 0.00031652
17190 0.00031652
17200 0.00031652
17210 0.00031652
17220 0.00031652
17230 0.00031652
17240 0.00031652
17250 0.00031652
17260 0.00031652
17270 0.00031652
17280 0.00031652
17290 0.00031652
17300 0.00031652
17310 0.00031652
17320 0.00031652
17330 0.00031652
17340 0.00031652
17350 0.00031652
17360 0.00031652
17370 0.00031652
17380 0.00031652
17390 0.00031652
17400 0.00031652
17410 0.00031652
17420 0.00031652
17430 0.00031652
17440 0.00031652
17450 0.00031652
17460 0.00031652
17470 0.00031652
17480 0.00031652
17490 0.00031652
17500 0.00031652
17510 0.00031652
17520 0.00031652
17530 0.00031652
17540 0.00031652
17550 0.00031652
17560 0.00031652
17570 0.00031652
17580 0.00031652
17590 0.00031652
17600 0.00031652
17610 0.00031652
17620 0.00031652
17630 0.00031652
17640 0.00031652
17650 0.00031652
17660 0.00031652
17670 0.00031652
17680 0.00031652
17690 0.00031652
17700 0.00031652
17710 0.00031652
17720 0.00031652
17730 0.00031652
17740 0.00031652
17750 0.00031652
17760 0.00031652
17770 0.00031652
17780 0.00031652
17790 0.00031652
17800 0.00031652
17810 0.00031652
17820 0.00031652
17830 0.00031652
17840 0.00031652
17850 0.00031652
17860 0.00031652
17870 0.00031652
17880 0.00031652
17890 0.00031652
17900 0.00031652
17910 0.00031652
17920 0.00031652
17930 0.00031652
17940 0.00031652
17950 0.00031652
17960 0.00031652
17970 0.00031652
17980 0.00031652
17990 0.00031652
18000 0.00031652
18010 0.00031652
18020 0.00031652
18030 0.00031652
18040 0.00031652
18050 0.00031652
18060 0.00031652
18070 0.00031652
18080 0.00031652
18090 0.00031652
18100 0.00031652
18110 0.00031652
18120 0.00031652
18130 0.00031652
18140 0.00031652
18150 0.00031652
18160 0.00031652
18170 0.00031652
18180 0.00031652
18190 0.00031652
18200 0.00031652
18210 0.00031652
18220 0.00031652
18230 0.00031652
18240 0.00031652
18250 0.00031652
18260 0.00031652
18270 0.00031652
18280 0.00031652
18290 0.00031652
18300 0.00031652
18310 0.00031652
18320 0.00031652
18330 0.00031652
18340 0.00031652
18350 0.00031652
18360 0.00031652
18370 0.00031652
18380 0.00031652
18390 0.00031652
18400 0.00031652
18410 0.00031652
18420 0.00031652
18430 0.00031652
18440 0.00031652
18450 0.00031652
18460 0.00031652
18470 0.00031652
18480 0.00031652
18490 0.00031652
18500 0.00031652
18510 0.00031652
18520 0.00031652
18530 0.00031652
18540 0.00031652
18550 0.00031652
18560 0.00031652
18570 0.00031652
18580 0.00031652
18590 0.00031652
18600 0.00031652
18610 0.00031652
18620 0.00031652
18630 0.00031652
18640 0.00031652
18650 0.00031652
18660 0.00031652
18670 0.00031652
18680 0.00031652
18690 0.00031652
18700 0.00031652
18710 0.00031652
18720 0.00031652
18730 0.00031652
18740 0.00031652
18750 0.00031652
18760 0.00031652
18770 0.00031652
18780 0.00031652
18790 0.00031652
18800 0.00031652
18810 0.00031652
18820 0.00031652
18830 0.00031652
18840 0.00031652
18850 0.00031652
18860 0.00031652
18870 0.00031652
18880 0.00031652
18890 0.00031652
18900 0.00031652
18910 0.00031652
18920 0.00031652
18930 0.00031652
18940 0.00031652
18950 0.00031652
18960 0.00031652
18970 0.00031652
18980 0.00031652
18990 0.00031652
19000 0.00031652
19010 0.00031652
19020 0.00031652
19030 0.00031652
19040 0.00031652
19050 0.00031652
19060 0.00031652
19070 0.00031652
19080 0.00031652
19090 0.00031652
19100 0.00031652
19110 0.00031652
19120 0.00031652
19130 0.00031652
19140 0.00031652
19150 0.00031652
19160 0.00031652
19170 0.00031652
19180 0.00031652
19190 0.00031652
19200 0.00031652
19210 0.00031652
19220 0.00031652
19230 0.00031652
19240 0.00031652
19250 0.00031652
19260 0.00031652
19270 0.00031652
19280 0.00031652
19290 0.00031652
19300 0.00031652
19310 0.00031652
19320 0.00031652
19330 0.00031652
19340 0.00031652
19350 0.00031652
19360 0.00031652
19370 0.00031652
19380 0.00031652
19390 0.00031652
19400 0.00031652
19410 0.00031652
19420 0.00031652
19430 0.00031652
19440 0.00031652
19450 0.00031652
19460 0.00031652
19470 0.00031652
19480 0.00031652
19490 0.00031652
19500 0.00031652
19510 0.00031652
19520 0.00031652
19530 0.00031652
19540 0.00031652
19550 0.00031652
19560 0.00031652
19570 0.00031652
19580 0.00031652
19590 0.00031652
19600 0.00031652
19610 0.00031652
19620 0.00031652
19630 0.00031652
19640 0.00031652
19650 0.00031652
19660 0.00031652
19670 0.00031652
19680 0.00031652
19690 0.00031652
19700 0.00031652
19710 0.00031652
19720 0.00031652
19730 0.00031652
19740 0.00031652
19750 0.00031652
19760 0.00031652
19770 0.00031652
19780 0.00031652
19790 0.00031652
19800 0.00031652
19810 0.00031652
19820 0.00031652
19830 0.00031652
19840 0.00031652
19850 0.00031652
19860 0.00031652
19870 0.00031652
19880 0.00031652
19890 0.00031652
19900 0.00031652
19910 0.00031652
19920 0.00031652
19930 0.00031652
19940 0.00031652
19950 0.00031652
19960 0.00031652
19970 0.00031652
19980 0.00031652
19990 0.00031652
20000 0.00031652
20010 0.00031652
20020 0.00031652
20030 0.00031652
20040 0.00031652
20050 0.00031652
20060 0.00031652
20070 0.00031652
20080 0.00031652
20090 0.00031652
20100 0.00031652
20110 0.00031652
20120 0.00031652
20130 0.00031652
20140 0.00031652
20150 0.00031652
20160 0.00031652
20170 0.00031652
20180 0.00031652
20190 0.00031652
20200 0.00031652
20210 0.00031652
20220 0.00031652
20230 0.00031652
20240 0.00031652
20250 0.00031652
20260 0.00031652
20270 0.00031652
20280 0.00031652
20290 0.00031652
20300 0.00031652
20310 0.00031652
20320 0.00031652
20330 0.00031652
20340 0.00031652
20350 0.00031652
20360 0.00031652
20370 0.00031652
20380 0.00031652
20390 0.00031652
20400 0.00031652
20410 0.00031652
20420 0.00031652
20430 0.00031652
20440 0.00031652
20450 0.00031652
20460 0.00031652
20470 0.00031652
20480 0.00031652
20490 0.00031652
20500 0.00031652
20510 0.00031652
20520 0.00031652
20530 0.00031652
20540 0.00031652
20550 0.00031652
20560 0.00031652
20570 0.00031652
20580 0.00031652
20590 0.00031652
20600 0.00031652
20610 0.00031652
20620 0.00031652
20630 0.00031652
20640 0.00031652
20650 0.00031652
20660 0.00031652
20670 0.00031652
20680 0.00031652
20690 0.00031652
20700 0.00031652
20710 0.00031652
20720 0.00031652
20730 0.00031652
20740 0.00031652
20750 0.00031652
20760 0.00031652
20770 0.00031652
20780 0.00031652
20790 0.00031652
20800 0.00031652
20810 0.00031652
20820 0.00031652
20830 0.00031652
20840 0.00031652
20850 0.00031652
20860 0.00031652
20870 0.00031652
20880 0.00031652
20890 0.00031652
20900 0.00031652
20910 0.00031652
20920 0.00031652
20930 0.00031652
20940 0.00031652
20950 0.00031652
20960 0.00031652
20970 0.00031652
20980 0.00031652
20990 0.00031652
21000 0.00031652
21010 0.00031652
21020 0.00031652
21030 0.00031652
21040 0.00031652
21050 0.00031652
21060 0.00031652
21070 0.00031652
21080 0.00031652
21090 0.00031652
21100 0.00031652
21110 0.00031652
21120 0.00031652
21130 0.00031652
21140 0.00031652
21150 0.00031652
21160 0.00031652
21170 0.00031652
21180 0.00031652
21190 0.00031652
21200 0.00031652
21210 0.00031652
21220 0.00031652
21230 0.00031652
21240 0.00031652
21250 0.00031652
21260 0.00031652
21270 0.00031652
21280 0.00031652
21290 0.00031652
21300 0.00031652
21310 0.00031652
21320 0.00031652
21330 0.00031652
21340 0.00031652
21350 0.00031652
21360 0.00031652
21370 0.00031652
21380 0.00031652
21390 0.00031652
21400 0.00031652
21410 0.00031652
21420 0.00031652
21430 0.00031652
21440 0.00031652
21450 0.00031652
21460 0.00031652
21470 0.00031652
21480 0.00031652
21490 0.00031652
21500 0.00031652
21510 0.00031652
21520 0.00031652
21530 0.00031652
21540 0.00031652
21550 0.00031652
21560 0.00031652
21570 0.00031652
21580 0.00031652
21590 0.00031652
21600 0.00031652
21610 0.00031652
21620 0.00031652
21630 0.00031652
21640 0.00031652
21650 0.00031652
21660 0.00031652
21670 0.00031652
21680 0.00031652
21690 0.00031652
21700 0.00031652
21710 0.00031652
21720 0.00031652
21730 0.00031652
21740 0.00031652
21750 0.00031652
21760 0.00031652
21770 0.00031652
21780 0.00031652
21790 0.00031652
21800 0.00031652
21810 0.00031652
21820 0.00031652
21830 0.00031652
21840 0.00031652
21850 0.00031652
21860 0.00031652
21870 0.00031652
21880 0.00031652
21890 0.00031652
21900 0.00031652
21910 0.00031652
21920 0.00031652
21930 0.00031652
21940 0.00031652
21950 0.00031652
21960 0.00031652
21970 0.00031652
21980 0.00031652
21990 0.00031652
22000 0.00031652
22010 0.00031652
22020 0.00031652
22030 0.00031652
22040 0.00031652
22050 0.00031652
22060 0.00031652
22070 0.00031652
22080 0.00031652
22090 0.00031652
22100 0.00031652
22110 0.00031652
22120 0.00031652
22130 0.00031652
22140 0.00031652
22150 0.00031652
22160 0.00031652
22170 0.00031652
22180 0.00031652
22190 0.00031652
22200 0.00031652
22210 0.00031652
22220 0.00031652
22230 0.00031652
22240 0.00031652
22250 0.00031652
22260 0.00031652
22270 0.00031652
22280 0.00031652
22290 0.00031652
22300 0.00031652
22310 0.00031652
22320 0.00031652
22330 0.00031652
22340 0.00031652
22350 0.00031652
22360 0.00031652
22370 0.00031652
22380 0.00031652
22390 0.00031652
22400 0.00031652
22410 0.00031652
22420 0.00031652
22430 0.00031652
22440 0.00031652
22450 0.00031652
22460 0.00031652
22470 0.00031652
22480 0.00031652
22490 0.00031652
22500 0.00031652
22510 0.00031652
22520 0.00031652
22530 0.00031652
22540 0.00031652
22550 0.00031652
22560 0.00031652
22570 0.00031652
22580 0.00031652
22590 0.00031652
22600 0.00031652
22610 0.00031652
22620 0.00031652
22630 0.00031652
22640 0.00031652
22650 0.00031652
22660 0.00031652
22670 0.00031652
22680 0.00031652
22690 0.00031652
22700 0.00031652
22710 0.00031652
22720 0.00031652
22730 0.00031652
22740 0.00031652
22750 0.00031652
22760 0.00031652
22770 0.00031652
22780 0.00031652
22790 0.00031652
22800 0.00031652
22810 0.00031652
22820 0.00031652
22830 0.00031652
22840 0.00031652
22850 0.00031652
22860 0.00031652
22870 0.00031652
22880 0.00031652
22890 0.00031652
22900 0.00031652
22910 0.00031652
22920 0.00031652
22930 0.00031652
22940 0.00031652
22950 0.00031652
22960 0.00031652
22970 0.00031652
22980 0.00031652
22990 0.00031652
23000 0.00031652
23010 0.00031652
23020 0.00031652
23030 0.00031652
23040 0.00031652
23050 0.00031652
23060 0.00031652
23070 0.00031652
23080 0.00031652
23090 0.00031652
23100 0.00031652
23110 0.00031652
23120 0.00031652
23130 0.00031652
23140 0.00031652
23150 0.00031652
23160 0.00031652
23170 0.00031652
23180 0.00031652
23190 0.00031652
23200 0.00031652
23210 0.00031652
23220 0.00031652
23230 0.00031652
23240 0.00031652
23250 0.00031652
23260 0.00031652
23270 0.00031652
23280 0.00031652
23290 0.00031652
23300 0.00031652
23310 0.00031652
23320 0.00031652
23330 0.00031652
23340 0.00031652
23350 0.00031652
23360 0.00031652
23370 0.00031652
23380 0.00031652
23390 0.00031652
23400 0.00031652
23410 0.00031652
23420 0.00031652
23430 0.00031652
23440 0.00031652
23450 0.00031652
23460 0.00031652
23470 0.00031652
23480 0.00031652
23490 0.00031652
23500 0.00031652
23510 0.00031652
23520 0.00031652
23530 0.00031652
23540 0.00031652
23550 0.00031652
23560 0.00031652
23570 0.00031652
23580 0.00031652
23590 0.00031652
23600 0.00031652
23610 0.00031652
23620 0.00031652
23630 0.00031652
23640 0.00031652
23650 0.00031652
23660 0.00031652
23670 0.00031652
23680 0.00031652
23690 0.00031652
23700 0.00031652
23710 0.00031652
23720 0.00031652
23730 0.00031652
23740 0.00031652
23750 0.00031652
23760 0.00031652
23770 0.00031652
23780 0.00031652
23790 0.00031652
23800 0.00031652
23810 0.00031652
23820 0.00031652
23830 0.00031652
23840 0.00031652
23850 0.00031652
23860 0.00031652
23870 0.00031652
23880 0.00031652
23890 0.00031652
23900 0.00031652
23910 0.00031652
23920 0.00031652
23930 0.00031652
23940 0.00031652
23950 0.00031652
23960 0.00031652
23970 0.00031652
23980 0.00031652
23990 0.00031652
24000 0.00031652
24010 0.00031652
24020 0.00031652
24030 0.00031652
24040 0.00031652
24050 0.00031652
24060 0.00031652
24070 0.00031652
24080 0.00031652
24090 0.00031652
24100 0.00031652
24110 0.00031652
24120 0.00031652
24130 0.00031652
24140 0.00031652
24150 0.00031652
24160 0.00031652
24170 0.00031652
24180 0.00031652
24190 0.00031652
24200 0.00031652
24210 0.00031652
24220 0.00031652
24230 0.00031652
24240 0.00031652
24250 0.00031652
24260 0.00031652
24270 0.00031652
24280 0.00031652
24290 0.00031652
24300 0.00031652
24310 0.00031652
24320 0.00031652
24330 0.00031652
24340 0.00031652
24350 0.00031652
24360 0.00031652
24370 0.00031652
24380 0.00031652
24390 0.00031652
24400 0.00031652
24410 0.00031652
24420 0.00031652
24430 0.00031652
24440 0.00031652
24450 0.00031652
24460 0.00031652
24470 0.00031652
24480 0.00031652
24490 0.00031652
24500 0.00031652
24510 0.00031652
24520 0.00031652
24530 0.00031652
24540 0.00031652
24550 0.00031652
24560 0.00031652
24570 0.00031652
24580 0.00031652
24590 0.00031652
24600 0.00031652
24610 0.00031652
24620 0.00031652
24630 0.00031652
24640 0.00031652
24650 0.00031652
24660 0.00031652
24670 0.00031652
24680 0.00031652
24690 0.00031652
24700 0.00031652
24710 0.00031652
24720 0.00031652
24730 0.00031652
24740 0.00031652
24750 0.00031652
24760 0.00031652
24770 0.00031652
24780 0.00031652
24790 0.00031652
24800 0.00031652
24810 0.00031652
24820 0.00031652
24830 0.00031652
24840 0.00031652
24850 0.00031652
24860 0.00031652
24870 0.00031652
24880 0.00031652
24890 0.00031652
24900 0.00031652
24910 0.00031652
24920 0.00031652
24930 0.00031652
24940 0.00031652
24950 0.00031652
24960 0.00031652
24970 0.00031652
24980 0.00031652
24990 0.00031652
25000 0.00031652
-END-OF-DATA-
