   0.0000000e+00
   0.0000000e+00
   1.5074057e-02
   1.8400664e-02
   1.9695687e-02
   1.8706725e-02
   1.5196087e-02
   1.0378373e-02
   6.7713592e-03
   4.0609418e-03
   9.2957350e-04
  -3.9057731e-04
  -1.4083164e-03
  -3.0208893e-03
  -2.9220502e-03
  -2.0722190e-03
  -2.4731063e-03
  -1.8969879e-03
   7.4937791e-04
  -7.7948996e-03
  -1.6304779e-02
  -0.0000000e+00
  -0.0000000e+00
  -0.0000000e+00
  -0.0000000e+00
  -0.0000000e+00
  -0.0000000e+00
  -0.0000000e+00
  -0.0000000e+00
  -0.0000000e+00
  -0.0000000e+00
  -0.0000000e+00
  -0.0000000e+00
  -0.0000000e+00
  -0.0000000e+00
   0.0000000e+00
   0.0000000e+00
   0.0000000e+00
   0.0000000e+00
   3.1277571e-02
   2.7209865e-02
   1.6803781e-02
   8.0735190e-03
   3.6967045e-03
  -1.4207234e-03
  -3.4479627e-03
  -4.1124905e-03
  -4.7479495e-03
  -5.0227884e-03
  -5.2737822e-03
  -4.6108235e-03
  -3.4697712e-03
  -3.1399748e-03
  -1.1656439e-04
   2.7248396e-03
   6.6753104e-03
  -5.7112109e-03
   0.0000000e+00
   0.0000000e+00
   0.0000000e+00
   0.0000000e+00
   0.0000000e+00
   0.0000000e+00
   0.0000000e+00
   0.0000000e+00
   0.0000000e+00
   0.0000000e+00
   0.0000000e+00
   0.0000000e+00
   0.0000000e+00
   0.0000000e+00
   0.0000000e+00
   0.0000000e+00
   0.0000000e+00
   0.0000000e+00
   2.4937445e-02
   1.5009136e-02
   3.6774955e-03
  -2.5819426e-03
  -6.7143501e-03
  -9.2117433e-03
  -9.7033707e-03
  -9.6588274e-03
  -8.4572602e-03
  -6.8288739e-03
  -6.3951286e-03
  -6.7585832e-03
  -7.1355067e-03
  -6.1561302e-03
  -4.2186747e-03
  -1.1796317e-03
   6.0414481e-03
   5.7972987e-03
   0.0000000e+00
   0.0000000e+00
   0.0000000e+00
   0.0000000e+00
   0.0000000e+00
   0.0000000e+00
   0.0000000e+00
   0.0000000e+00
   0.0000000e+00
   0.0000000e+00
   0.0000000e+00
   0.0000000e+00
   0.0000000e+00
   0.0000000e+00
   0.0000000e+00
   0.0000000e+00
   0.0000000e+00
   0.0000000e+00
   1.1951254e-02
   2.3190950e-03
  -7.2280085e-03
  -1.3899149e-02
  -1.5271702e-02
  -1.4405781e-02
  -1.3095483e-02
  -1.2490338e-02
  -1.0549840e-02
  -8.7518077e-03
  -8.1956135e-03
  -8.9111309e-03
  -8.8406922e-03
  -8.7920344e-03
  -8.1667574e-03
  -5.0560511e-03
   3.1853633e-03
   1.0171697e-02
   0.0000000e+00
   0.0000000e+00
   0.0000000e+00
   0.0000000e+00
   0.0000000e+00
   0.0000000e+00
   0.0000000e+00
   0.0000000e+00
   0.0000000e+00
   0.0000000e+00
   0.0000000e+00
   0.0000000e+00
   0.0000000e+00
   0.0000000e+00
   0.0000000e+00
   0.0000000e+00
   0.0000000e+00
   0.0000000e+00
   5.1283031e-03
  -7.0921076e-03
  -1.5985476e-02
  -1.8659934e-02
  -1.6637316e-02
  -1.4352174e-02
  -1.3437107e-02
  -1.2442901e-02
  -1.0978539e-02
  -9.7713619e-03
  -8.9215543e-03
  -8.7697590e-03
  -8.6802011e-03
  -9.6812835e-03
  -8.8822488e-03
  -4.5223017e-03
   4.7669574e-03
   1.8628834e-02
   0.0000000e+00
   0.0000000e+00
   0.0000000e+00
   0.0000000e+00
   0.0000000e+00
   0.0000000e+00
   0.0000000e+00
   0.0000000e+00
   0.0000000e+00
   0.0000000e+00
   0.0000000e+00
   0.0000000e+00
   0.0000000e+00
   0.0000000e+00
   0.0000000e+00
   0.0000000e+00
  -0.0000000e+00
  -5.0660771e-04
  -3.7910847e-03
  -1.4253285e-02
  -1.8944281e-02
  -1.6723839e-02
  -1.2810371e-02
  -1.0394401e-02
  -1.0197756e-02
  -9.8391746e-03
  -9.0777675e-03
  -8.4527950e-03
  -7.0146009e-03
  -6.3175689e-03
  -6.6625107e-03
  -7.7009131e-03
  -6.4979549e-03
  -1.5463173e-03
   8.1348960e-03
   2.4661887e-02
   1.8255303e-03
   0.0000000e+00
   0.0000000e+00
   0.0000000e+00
   0.0000000e+00
   0.0000000e+00
   0.0000000e+00
   0.0000000e+00
   0.0000000e+00
   0.0000000e+00
  -0.0000000e+00
  -0.0000000e+00
   0.0000000e+00
   0.0000000e+00
   0.0000000e+00
   0.0000000e+00
  -0.0000000e+00
   1.5763494e-03
  -5.7147290e-03
  -1.3754667e-02
  -1.4341760e-02
  -1.0200222e-02
  -6.0736556e-03
  -4.1841455e-03
  -5.0018039e-03
  -5.7984372e-03
  -5.5372878e-03
  -5.2935914e-03
  -3.8070336e-03
  -2.9100052e-03
  -3.7435931e-03
  -4.2096288e-03
  -2.8492354e-03
   2.7411520e-03
   1.3464361e-02
   2.8297596e-02
   7.6637270e-03
   0.0000000e+00
   0.0000000e+00
   0.0000000e+00
   0.0000000e+00
   0.0000000e+00
   0.0000000e+00
   0.0000000e+00
   0.0000000e+00
   0.0000000e+00
  -0.0000000e+00
   1.8638750e-03
   0.0000000e+00
   0.0000000e+00
   0.0000000e+00
   0.0000000e+00
   0.0000000e+00
   5.8161692e-03
  -4.0504145e-03
  -7.6470706e-03
  -4.7758818e-03
  -5.5548659e-04
   2.4215425e-03
   2.9109805e-03
   8.5021695e-04
  -7.1954567e-04
  -8.9036603e-04
  -1.1490129e-03
  -1.6551825e-04
   5.9033534e-04
  -1.2588620e-04
  -1.2651260e-04
   1.6317958e-03
   8.3341273e-03
   2.1732004e-02
   3.7097584e-02
   0.0000000e+00
   0.0000000e+00
   0.0000000e+00
   0.0000000e+00
   0.0000000e+00
   0.0000000e+00
   0.0000000e+00
   0.0000000e+00
   0.0000000e+00
   0.0000000e+00
  -0.0000000e+00
   1.8662461e-03
   1.2158178e-03
  -2.4064431e-03
  -5.8188755e-04
   6.5483099e-03
   8.0473022e-03
   4.4056419e-03
  -2.7675414e-05
   1.4403340e-03
   4.3340055e-03
   7.3072761e-03
   8.9517524e-03
   7.9670744e-03
   5.2756853e-03
   3.5467632e-03
   2.7480593e-03
   2.0547691e-03
   2.5462671e-03
   3.1541018e-03
   2.1496741e-03
   2.4443511e-03
   4.8470912e-03
   1.2606722e-02
   2.9852631e-02
   5.2427304e-02
   0.0000000e+00
   0.0000000e+00
   0.0000000e+00
   0.0000000e+00
   0.0000000e+00
   0.0000000e+00
   0.0000000e+00
   0.0000000e+00
   0.0000000e+00
   0.0000000e+00
  -5.5895885e-03
   1.2992084e-04
   2.6795059e-03
   2.6949840e-03
   3.5693131e-03
   1.5381459e-02
   1.4669271e-02
   1.1226449e-02
   1.1243528e-02
   1.2305549e-02
   1.3539408e-02
   1.5143112e-02
   1.5121728e-02
   1.3103876e-02
   1.0246065e-02
   7.8297509e-03
   6.4717364e-03
   5.4866564e-03
   5.5777901e-03
   5.1727281e-03
   3.7385642e-03
   4.1740839e-03
   7.7093318e-03
   1.6735353e-02
   3.7554886e-02
   5.7033217e-02
   0.0000000e+00
   0.0000000e+00
   0.0000000e+00
   0.0000000e+00
   0.0000000e+00
   0.0000000e+00
   0.0000000e+00
   0.0000000e+00
   0.0000000e+00
  -0.0000000e+00
  -3.6434102e-03
   1.7868751e-03
   6.9905375e-03
   9.7149340e-03
   1.2448172e-02
   2.0731797e-02
   1.8698001e-02
   1.7044062e-02
   1.6991965e-02
   1.7560968e-02
   1.8435964e-02
   1.9244840e-02
   1.8199440e-02
   1.5961887e-02
   1.2655209e-02
   9.9273305e-03
   8.4231347e-03
   7.1998276e-03
   6.5839170e-03
   5.1892996e-03
   3.5549980e-03
   4.9108784e-03
   9.7697927e-03
   2.0204771e-02
   3.9915081e-02
   4.8341191e-02
   0.0000000e+00
   0.0000000e+00
   0.0000000e+00
   0.0000000e+00
   0.0000000e+00
   0.0000000e+00
   0.0000000e+00
   0.0000000e+00
   0.0000000e+00
  -0.0000000e+00
  -6.4891047e-04
   6.3808118e-03
   1.1368508e-02
   1.4835444e-02
   1.8545726e-02
   2.2804741e-02
   2.1282207e-02
   2.0049492e-02
   1.9490015e-02
   1.9851340e-02
   2.0551981e-02
   2.0276725e-02
   1.8528162e-02
   1.5940726e-02
   1.2194006e-02
   9.4384002e-03
   7.7199144e-03
   6.2439032e-03
   4.8420494e-03
   3.1458528e-03
   2.7624997e-03
   6.2623103e-03
   1.2946100e-02
   2.4590120e-02
   4.1058768e-02
   4.2332490e-02
   0.0000000e+00
   0.0000000e+00
   0.0000000e+00
   0.0000000e+00
   0.0000000e+00
   0.0000000e+00
   0.0000000e+00
   0.0000000e+00
   0.0000000e+00
   2.2836167e-03
   3.8376320e-03
   1.1029006e-02
   1.5339632e-02
   1.9196151e-02
   2.2404812e-02
   2.2709325e-02
   2.1394532e-02
   1.9796595e-02
   1.8587317e-02
   1.8612197e-02
   1.8589754e-02
   1.7237086e-02
   1.4908041e-02
   1.1760649e-02
   7.9153143e-03
   5.5179819e-03
   4.1483394e-03
   3.0873872e-03
   1.8622241e-03
   1.0959510e-03
   2.8609077e-03
   8.2023786e-03
   1.6438322e-02
   2.8635647e-02
   4.1883759e-02
   3.9954492e-02
   0.0000000e+00
   0.0000000e+00
   0.0000000e+00
   0.0000000e+00
   0.0000000e+00
   0.0000000e+00
   0.0000000e+00
   0.0000000e+00
   0.0000000e+00
   1.9997382e-03
   6.9747809e-03
   1.3840393e-02
   1.7280603e-02
   2.0309160e-02
   2.2647955e-02
   2.0357795e-02
   1.8336702e-02
   1.6603222e-02
   1.4962925e-02
   1.4486867e-02
   1.3456904e-02
   1.1162885e-02
   8.2734628e-03
   4.9938285e-03
   1.8920028e-03
   6.1063940e-04
   4.4496084e-04
   6.7443191e-04
   7.5286994e-04
   1.3173970e-03
   4.2543644e-03
   1.0293050e-02
   1.8951710e-02
   3.0468123e-02
   4.0631589e-02
   3.5639679e-02
   0.0000000e+00
   0.0000000e+00
   0.0000000e+00
   0.0000000e+00
   0.0000000e+00
   0.0000000e+00
   0.0000000e+00
   0.0000000e+00
   0.0000000e+00
   2.0605600e-03
   9.5359432e-03
   1.4341177e-02
   1.6395975e-02
   1.8137787e-02
   2.0182095e-02
   1.5148586e-02
   1.2243089e-02
   1.0113387e-02
   8.2186861e-03
   7.1328040e-03
   5.2464916e-03
   2.3995040e-03
  -4.8770173e-04
  -3.1897081e-03
  -5.0929426e-03
  -5.3193802e-03
  -4.4463822e-03
  -2.6282310e-03
  -4.5710165e-04
   2.0468908e-03
   6.0440563e-03
   1.2168199e-02
   1.9791629e-02
   2.7667260e-02
   3.2189228e-02
   2.7112523e-02
   0.0000000e+00
   0.0000000e+00
   0.0000000e+00
   0.0000000e+00
   0.0000000e+00
   0.0000000e+00
   0.0000000e+00
   0.0000000e+00
   0.0000000e+00
   3.2535146e-03
   9.5100421e-03
   1.1943843e-02
   1.2814257e-02
   1.3249054e-02
   1.5395436e-02
   9.5608538e-03
   5.4792766e-03
   2.8734237e-03
   6.8894844e-04
  -1.2406323e-03
  -3.7588873e-03
  -6.7317821e-03
  -9.4398856e-03
  -1.1799213e-02
  -1.3495675e-02
  -1.4182735e-02
  -1.4076338e-02
  -1.2636083e-02
  -9.6045649e-03
  -5.1523577e-03
   6.8244815e-04
   7.1335207e-03
   1.3945703e-02
   1.9040938e-02
   1.9312670e-02
   1.7870575e-02
   0.0000000e+00
   0.0000000e+00
   0.0000000e+00
   0.0000000e+00
   0.0000000e+00
   0.0000000e+00
   0.0000000e+00
   0.0000000e+00
   4.7177143e-03
   2.4549980e-03
   6.1087953e-03
   7.8523932e-03
   7.8643719e-03
   7.2603834e-03
   9.7044748e-03
   0.0000000e+00
   1.1829258e-03
  -1.6214232e-03
  -3.9585582e-03
  -6.3509117e-03
  -8.8590281e-03
  -1.1485417e-02
  -1.3804263e-02
  -1.5859298e-02
  -1.7755114e-02
  -1.9473564e-02
  -2.1208325e-02
  -2.2542607e-02
  -2.2203954e-02
  -1.9357769e-02
  -1.3322245e-02
  -6.3096369e-03
   2.3278093e-04
   5.3637773e-03
   7.2061508e-03
   2.3049908e-03
   0.0000000e+00
   0.0000000e+00
   0.0000000e+00
   0.0000000e+00
   0.0000000e+00
   0.0000000e+00
   0.0000000e+00
  -6.0742285e-03
   2.5972663e-03
  -9.6203978e-05
   2.3384206e-03
   4.1847960e-03
   4.3534278e-03
   3.3353320e-03
   0.0000000e+00
   3.7384033e-03
   1.6249847e-04
  -1.4818977e-03
  -2.1980398e-03
  -3.1446732e-03
  -4.0800385e-03
  -5.1848519e-03
  -6.1634786e-03
  -7.1226383e-03
  -8.1528928e-03
  -9.4092915e-03
  -1.1255701e-02
  -1.3714341e-02
  -1.5824392e-02
  -1.6451428e-02
  -1.4821237e-02
  -1.2215485e-02
  -9.7989102e-03
  -6.8140096e-03
  -3.6170977e-03
  -2.3555237e-03
   0.0000000e+00
   0.0000000e+00
   0.0000000e+00
   0.0000000e+00
   0.0000000e+00
   0.0000000e+00
  -1.4641836e-02
  -5.4930558e-03
  -1.9460492e-03
  -2.6543480e-03
  -2.8885281e-04
   1.4028372e-03
   2.2450068e-03
   1.0737536e-03
  -8.2780071e-03
  -5.3428825e-03
  -7.6127211e-04
   1.6372687e-03
   4.4044065e-03
   6.2168899e-03
   7.4944580e-03
   8.2918256e-03
   8.8809960e-03
   9.2155606e-03
   9.0933040e-03
   8.3006787e-03
   6.4997414e-03
   3.5651490e-03
   5.9887512e-05
  -3.0014660e-03
  -5.3991045e-03
  -7.4076397e-03
  -9.8349496e-03
  -1.2186126e-02
  -1.0513568e-02
  -8.2499701e-03
   0.0000000e+00
   0.0000000e+00
   0.0000000e+00
   0.0000000e+00
   0.0000000e+00
   0.0000000e+00
  -1.3345965e-02
  -7.0160498e-03
  -6.7468557e-03
  -5.3209409e-03
  -1.3354941e-03
  -1.6784573e-04
   1.0987503e-03
   4.2511415e-03
  -4.3142600e-03
  -3.8510091e-03
  -4.3164673e-03
  -1.5674217e-03
   3.1133813e-03
   6.5360120e-03
   8.9829275e-03
   1.1154025e-02
   1.3184260e-02
   1.4928624e-02
   1.5827917e-02
   1.5124977e-02
   1.2371220e-02
   7.4464031e-03
   1.4839597e-03
  -4.3564197e-03
  -9.9649923e-03
  -1.5154888e-02
  -1.9683115e-02
  -2.1364124e-02
  -1.6760647e-02
  -1.0324370e-02
   0.0000000e+00
   0.0000000e+00
   0.0000000e+00
   0.0000000e+00
   0.0000000e+00
  -0.0000000e+00
  -1.9198291e-02
  -1.6713176e-02
  -1.7238090e-02
  -1.3362152e-02
  -3.2297645e-03
   6.3236093e-04
   2.9895526e-03
   3.2436719e-03
  -9.2471545e-04
  -7.9786247e-03
  -9.9454280e-03
  -9.3392581e-03
  -4.5929924e-03
  -9.4723812e-04
   9.6475997e-04
   2.5755491e-03
   4.5685619e-03
   6.3760541e-03
   7.3496881e-03
   6.5397983e-03
   3.4892438e-03
  -1.6612830e-03
  -7.5185536e-03
  -1.3217726e-02
  -1.8731374e-02
  -2.3815170e-02
  -2.8344451e-02
  -3.0999472e-02
  -2.8017925e-02
  -1.8763643e-02
   0.0000000e+00
   0.0000000e+00
   0.0000000e+00
   0.0000000e+00
   0.0000000e+00
  -0.0000000e+00
  -2.6278181e-02
  -2.5749329e-02
  -2.5891243e-02
  -2.3539500e-02
  -1.3244027e-02
   1.5223058e-03
  -1.3700765e-02
  -1.0354693e-03
   6.2993876e-03
  -1.3673574e-02
  -1.5457863e-02
  -1.6869286e-02
  -1.3548613e-02
  -1.0100111e-02
  -8.8532940e-03
  -8.7244622e-03
  -7.3496434e-03
  -5.1264046e-03
  -2.8000963e-03
  -2.0901917e-03
  -3.7869934e-03
  -7.5316713e-03
  -1.1956348e-02
  -1.6493365e-02
  -2.1274051e-02
  -2.6437551e-02
  -3.2666095e-02
  -3.7822101e-02
  -3.8797693e-02
  -2.3594564e-02
   0.0000000e+00
   0.0000000e+00
   0.0000000e+00
   0.0000000e+00
   0.0000000e+00
   0.0000000e+00
  -3.3603436e-02
  -3.2654505e-02
  -3.1692673e-02
  -3.2178238e-02
  -3.5761130e-02
   0.0000000e+00
  -0.0000000e+00
  -2.2837241e-02
   0.0000000e+00
  -1.6403459e-02
  -1.8733909e-02
  -2.0285228e-02
  -1.8678240e-02
  -1.5664304e-02
  -1.4797628e-02
  -1.6205486e-02
  -1.6212933e-02
  -1.3872124e-02
  -9.3148984e-03
  -4.9378560e-03
  -3.2312658e-03
  -4.8807971e-03
  -8.4559545e-03
  -1.2741713e-02
  -1.7679282e-02
  -2.3451231e-02
  -3.1774752e-02
  -3.8951688e-02
  -3.6253430e-02
   0.0000000e+00
  -5.2296701e-02
   0.0000000e+00
   0.0000000e+00
   0.0000000e+00
   0.0000000e+00
   0.0000000e+00
  -0.0000000e+00
  -3.7529361e-02
  -3.5737570e-02
  -3.4304634e-02
  -3.1962972e-02
  -2.2170333e-02
  -4.0834229e-02
  -5.1732674e-02
   0.0000000e+00
  -1.4766796e-02
  -1.8445974e-02
  -2.0484425e-02
  -1.9821199e-02
  -1.7438142e-02
  -1.6978163e-02
  -1.9366663e-02
  -2.1304682e-02
  -2.0294208e-02
  -1.5264459e-02
  -8.2863467e-03
  -2.7932688e-03
  -1.3537032e-03
  -3.6078023e-03
  -7.6185712e-03
  -1.2224776e-02
  -1.7446365e-02
  -2.5840329e-02
  -3.4482021e-02
  -3.1638286e-02
  -6.4881213e-02
  -4.9408376e-02
   0.0000000e+00
   0.0000000e+00
   0.0000000e+00
   0.0000000e+00
   0.0000000e+00
  -0.0000000e+00
  -3.5056379e-02
  -3.6213193e-02
  -3.5306927e-02
  -2.8845267e-02
  -2.3239510e-02
  -4.0587794e-02
  -5.2575076e-02
   0.0000000e+00
  -0.0000000e+00
  -1.3392859e-02
  -1.7628666e-02
  -1.8011449e-02
  -1.6576679e-02
  -1.6645309e-02
  -1.9550096e-02
  -2.3036862e-02
  -2.4199031e-02
  -2.0903023e-02
  -1.4260351e-02
  -6.6169095e-03
  -1.1929766e-03
  -7.7480939e-04
  -3.7260593e-03
  -7.5937030e-03
  -1.1619543e-02
  -1.7462140e-02
  -2.7826017e-02
  -2.9722926e-02
  -5.3385978e-02
  -4.3903885e-02
   0.0000000e+00
   0.0000000e+00
   0.0000000e+00
   0.0000000e+00
   0.0000000e+00
  -0.0000000e+00
  -3.2701245e-02
  -2.9005199e-02
  -3.1391564e-02
  -2.4423150e-02
  -2.1551864e-02
  -3.0441305e-02
  -4.2935342e-02
   0.0000000e+00
   0.0000000e+00
  -3.9566802e-03
  -1.1107720e-02
  -1.2886858e-02
  -1.2646250e-02
  -1.3274091e-02
  -1.6078711e-02
  -2.0046964e-02
  -2.2684125e-02
  -2.1347335e-02
  -1.7021904e-02
  -1.0988072e-02
  -3.8441825e-03
  -4.9797189e-04
  -1.4659637e-03
  -4.4842530e-03
  -7.4305730e-03
  -1.0364329e-02
  -1.7276153e-02
  -1.4621703e-02
  -3.5135433e-02
   0.0000000e+00
   0.0000000e+00
   0.0000000e+00
   0.0000000e+00
   0.0000000e+00
   0.0000000e+00
   0.0000000e+00
   0.0000000e+00
   0.0000000e+00
  -1.8278476e-02
  -1.3483264e-02
  -1.2649044e-02
  -1.9406598e-02
  -2.7373826e-02
   0.0000000e+00
   0.0000000e+00
   1.8291131e-03
  -2.1412817e-03
  -4.4088252e-03
  -5.6588924e-03
  -7.2204843e-03
  -1.0293057e-02
  -1.4437127e-02
  -1.7723650e-02
  -1.7540900e-02
  -1.4472079e-02
  -1.0834747e-02
  -5.1563624e-03
  -8.5270201e-04
  -2.5371736e-04
  -2.3844780e-03
  -4.7126887e-03
  -6.4078448e-03
  -7.9048537e-03
  -7.0279627e-03
  -2.1923527e-02
  -2.8522033e-02
   0.0000000e+00
   0.0000000e+00
   0.0000000e+00
   0.0000000e+00
   0.0000000e+00
   0.0000000e+00
   0.0000000e+00
   0.0000000e+00
  -0.0000000e+00
  -2.7824427e-03
  -1.1945630e-03
  -1.0228286e-02
  -1.4721631e-02
  -1.8152201e-02
   0.0000000e+00
   1.3714817e-03
   8.2762167e-03
   1.1591525e-02
   9.4778538e-03
   5.4982761e-03
   2.4787890e-04
  -5.1180064e-03
  -9.0908809e-03
  -9.8095369e-03
  -7.5780661e-03
  -5.2652885e-03
  -2.6267669e-03
   5.1590777e-04
   1.2763049e-03
  -2.2169763e-04
  -1.8667380e-03
  -2.8755085e-03
  -2.5585552e-03
  -2.6811690e-03
  -1.0207129e-02
  -1.9063163e-02
   0.0000000e+00
   0.0000000e+00
   0.0000000e+00
   0.0000000e+00
   0.0000000e+00
   0.0000000e+00
   0.0000000e+00
   0.0000000e+00
   0.0000000e+00
   0.0000000e+00
   1.0837520e-02
  -2.7456199e-04
  -3.0853476e-03
  -3.6668747e-03
  -0.0000000e+00
  -5.5748796e-03
   4.4013383e-03
   1.9278815e-02
   2.1378790e-02
   1.7590394e-02
   1.0723908e-02
   3.9203889e-03
  -2.9932224e-04
  -1.3098090e-03
   8.3169354e-04
   2.7605067e-03
   3.7279939e-03
   4.4151060e-03
   4.1064057e-03
   2.2687283e-03
   8.2489332e-04
   7.6601200e-04
   1.8759749e-03
   1.8396778e-03
  -2.0997865e-03
   0.0000000e+00
   0.0000000e+00
   0.0000000e+00
   0.0000000e+00
   0.0000000e+00
   0.0000000e+00
   0.0000000e+00
   0.0000000e+00
   0.0000000e+00
   0.0000000e+00
   0.0000000e+00
   8.2407039e-03
  -2.5164949e-04
   8.2921628e-04
   2.6234437e-03
   0.0000000e+00
  -0.0000000e+00
  -2.4218426e-03
   1.6925916e-02
   2.4626166e-02
   2.4640948e-02
   1.9621357e-02
   1.3181303e-02
   9.3645882e-03
   9.0497518e-03
   1.1656388e-02
   1.4022685e-02
   1.4634725e-02
   1.2252608e-02
   9.9527780e-03
   7.0899576e-03
   5.0814436e-03
   5.7685613e-03
   8.2090041e-03
   7.7853210e-03
   9.7299188e-03
   0.0000000e+00
   0.0000000e+00
   0.0000000e+00
   0.0000000e+00
   0.0000000e+00
   0.0000000e+00
   0.0000000e+00
   0.0000000e+00
   0.0000000e+00
   0.0000000e+00
   0.0000000e+00
   0.0000000e+00
   0.0000000e+00
   0.0000000e+00
   0.0000000e+00
   0.0000000e+00
   0.0000000e+00
  -0.0000000e+00
   6.4291158e-03
   1.9128753e-02
   2.3275761e-02
   2.1013098e-02
   1.6548447e-02
   1.3724153e-02
   1.4486912e-02
   1.7862102e-02
   2.0902207e-02
   2.2125270e-02
   1.9004666e-02
   1.5063324e-02
   1.1016981e-02
   8.2606637e-03
   8.5979467e-03
   1.2292150e-02
   1.3924514e-02
   1.6963557e-02
   1.7457734e-02
   1.8848063e-02
   0.0000000e+00
   0.0000000e+00
  -0.0000000e+00
  -0.0000000e+00
   0.0000000e+00
   0.0000000e+00
   0.0000000e+00
   0.0000000e+00
   0.0000000e+00
   0.0000000e+00
   0.0000000e+00
   0.0000000e+00
   0.0000000e+00
   0.0000000e+00
   0.0000000e+00
   0.0000000e+00
  -5.3074940e-03
   8.0592427e-03
   1.4866365e-02
   1.5750179e-02
   1.3557532e-02
   1.2483612e-02
   1.3970957e-02
   1.8124614e-02
   2.1283970e-02
   2.2330484e-02
   1.9968327e-02
   1.5946718e-02
   1.1361417e-02
   8.1289066e-03
   8.1373211e-03
   1.1948392e-02
   1.4778102e-02
   1.5410594e-02
   1.9295170e-02
   1.9569143e-02
   0.0000000e+00
   9.3280539e-03
  -2.3362423e-03
  -6.9008392e-03
   0.0000000e+00
   0.0000000e+00
   0.0000000e+00
   0.0000000e+00
   0.0000000e+00
   0.0000000e+00
   0.0000000e+00
   0.0000000e+00
   0.0000000e+00
   0.0000000e+00
   0.0000000e+00
   0.0000000e+00
  -1.8667391e-02
  -7.2031668e-03
   5.8941508e-04
   5.3776330e-03
   6.6890548e-03
   7.5449692e-03
   9.2811603e-03
   1.3177889e-02
   1.5805116e-02
   1.6024880e-02
   1.4723692e-02
   1.1416332e-02
   6.9182501e-03
   4.4739445e-03
   4.3048779e-03
   7.5283353e-03
   1.2185517e-02
   1.4286550e-02
   1.3872995e-02
   1.6433220e-02
   1.2273755e-02
   8.4535289e-03
   7.5589262e-04
   2.7871516e-03
   0.0000000e+00
   0.0000000e+00
   0.0000000e+00
   0.0000000e+00
   0.0000000e+00
   0.0000000e+00
  -0.0000000e+00
  -7.5760012e-03
  -1.0892436e-02
  -1.3568468e-02
  -1.9453137e-02
  -2.4085393e-02
  -2.1552972e-02
  -1.6737247e-02
  -1.1436564e-02
  -5.3564478e-03
  -1.7095765e-03
   1.4996195e-03
   3.8402262e-03
   6.0863146e-03
   7.7926381e-03
   7.5600529e-03
   6.5409951e-03
   3.7675088e-03
   6.2340096e-04
  -5.7830277e-04
  -7.7456376e-04
   2.6724124e-03
   9.0639085e-03
   0.0000000e+00
   8.7805539e-03
   1.2070835e-02
   1.2171016e-02
   8.3859088e-03
   4.7041296e-03
   0.0000000e+00
   0.0000000e+00
   0.0000000e+00
   0.0000000e+00
   0.0000000e+00
   0.0000000e+00
   0.0000000e+00
  -0.0000000e+00
  -5.3719874e-03
  -1.1226735e-02
  -1.2171919e-02
  -1.5172822e-02
  -1.7566318e-02
  -1.7381707e-02
  -1.6888248e-02
  -1.4449258e-02
  -1.0698436e-02
  -6.9227518e-03
  -3.4022941e-03
  -5.3251663e-04
   1.8780205e-04
   6.7192398e-04
  -1.8868942e-04
  -1.0165966e-03
  -2.9118974e-03
  -4.0530572e-03
  -4.5813070e-03
  -3.7752385e-03
  -3.4093231e-04
   4.7858854e-03
   8.6325547e-03
   9.0827402e-03
   8.8722975e-03
   8.0926334e-03
   5.5792967e-03
   1.1881473e-02
   0.0000000e+00
   0.0000000e+00
   0.0000000e+00
   0.0000000e+00
   0.0000000e+00
   0.0000000e+00
   0.0000000e+00
  -0.0000000e+00
  -1.9611318e-03
  -8.1899418e-03
  -4.5676691e-03
  -6.8427253e-03
  -8.5750485e-03
  -9.7252894e-03
  -1.0183590e-02
  -9.1238482e-03
  -7.4859741e-03
  -5.5546946e-03
  -3.9097766e-03
  -1.8823111e-03
  -1.7935033e-03
  -8.0219172e-04
  -1.0529213e-03
  -1.6022201e-03
  -1.7625522e-03
  -1.9901633e-03
  -2.4436896e-03
  -1.8863821e-03
   4.1102719e-04
   2.8193740e-03
   4.8732233e-03
   6.7041348e-03
   6.4134612e-03
   6.9365715e-03
   4.6842327e-03
   5.5619323e-03
   0.0000000e+00
   0.0000000e+00
   0.0000000e+00
   0.0000000e+00
   0.0000000e+00
   0.0000000e+00
   0.0000000e+00
   3.3215431e-03
   2.1798235e-03
  -1.7472830e-03
