   6.6142041e-01   6.6323268e-01   7.2521800e-01   7.9846368e-01   9.0454119e-01   9.6378917e-01   1.0263050e+00   1.0631331e+00   1.0782413e+00   1.0622506e+00   1.0263054e+00   9.8331380e-01   9.6030975e-01   9.4098112e-01   9.5073019e-01   9.4817418e-01   9.8767468e-01   9.9869143e-01   9.9583785e-01   9.4110757e-01   8.9052934e-01   8.1310323e-01   6.2373510e-01   4.4094611e-01   3.7371077e-01   3.7645057e-01   0.0000000e+00   0.0000000e+00   0.0000000e+00   0.0000000e+00   0.0000000e+00   0.0000000e+00   0.0000000e+00   6.7760772e-01   7.5595205e-01   6.9140514e-01
   1.2416507e+00   1.2615104e+00   1.3071262e+00   1.2974056e+00   1.2780503e+00   1.2087787e+00   1.0881566e+00   9.2342794e-01   8.2758641e-01   7.3196694e-01   6.7997605e-01   6.0123903e-01   5.0272351e-01   4.6823496e-01   5.0277233e-01   5.7525491e-01   6.4267898e-01   6.7682314e-01   7.1543041e-01   8.1428380e-01   1.1133363e+00   8.8602693e-01   6.8334824e-01   4.0016511e-01   3.0259799e-01   6.0571961e-01   0.0000000e+00   0.0000000e+00   0.0000000e+00   0.0000000e+00   0.0000000e+00   0.0000000e+00   0.0000000e+00   0.0000000e+00   9.4875288e-01   1.0986950e+00
   1.1868153e+00   1.3570907e+00   1.6027390e+00   1.4918293e+00   1.3359768e+00   1.2678721e+00   1.1614965e+00   1.0880429e+00   1.0589045e+00   1.0356466e+00   1.0660081e+00   1.1797670e+00   1.3132977e+00   1.4363339e+00   1.5408509e+00   1.6288580e+00   1.6421447e+00   1.5609235e+00   1.4631580e+00   1.4820008e+00   0.0000000e+00   9.8658862e-01   9.4763750e-01   9.9977356e-01   1.0902447e+00   1.2059556e+00   0.0000000e+00   0.0000000e+00   0.0000000e+00   0.0000000e+00   0.0000000e+00   0.0000000e+00   0.0000000e+00   0.0000000e+00   6.5466648e-01   9.7489626e-01
   0.0000000e+00   0.0000000e+00   0.0000000e+00   1.2013739e+00   1.1763837e+00   1.6684958e+00   2.1779441e+00   2.5425634e+00   2.7314088e+00   2.7923650e+00   2.8443155e+00   2.9591787e+00   3.0904180e+00   3.2220266e+00   3.2950120e+00   3.3458781e+00   3.4010365e+00   3.4073839e+00   3.4130413e+00   3.3767579e+00   3.5074144e+00   2.5951896e+00   2.5048742e+00   2.1408623e+00   1.8168077e+00   1.8477421e+00   2.2380857e+00   0.0000000e+00   0.0000000e+00   0.0000000e+00   0.0000000e+00   0.0000000e+00   0.0000000e+00   0.0000000e+00   1.5270027e+00   1.3043897e+00
   0.0000000e+00   0.0000000e+00   0.0000000e+00   9.9366278e-01   1.6508006e+00   2.5709299e+00   3.2468071e+00   3.6572872e+00   3.8533185e+00   3.9038205e+00   3.9241064e+00   3.9188991e+00   3.9358385e+00   4.0254326e+00   4.1268883e+00   4.2216921e+00   4.3396434e+00   4.4376926e+00   4.4811983e+00   4.5560951e+00   4.5858268e+00   4.3268017e+00   3.9575187e+00   0.0000000e+00   2.9681050e+00   2.5418287e+00   2.6904754e+00   0.0000000e+00   0.0000000e+00   0.0000000e+00   0.0000000e+00   0.0000000e+00   0.0000000e+00   0.0000000e+00   0.0000000e+00   0.0000000e+00
   0.0000000e+00   0.0000000e+00   0.0000000e+00   1.9093164e+00   2.3622718e+00   3.0967727e+00   3.5642743e+00   3.8390276e+00   3.9584672e+00   3.9590621e+00   3.8892014e+00   3.7837498e+00   3.7069168e+00   3.6957335e+00   3.7634540e+00   3.9196358e+00   4.1192150e+00   4.3083472e+00   4.4501339e+00   4.6174182e+00   4.5400123e+00   4.5656828e+00   4.4265161e+00   0.0000000e+00   0.0000000e+00   0.0000000e+00   0.0000000e+00   0.0000000e+00   0.0000000e+00   0.0000000e+00   0.0000000e+00   0.0000000e+00   0.0000000e+00   0.0000000e+00   0.0000000e+00   0.0000000e+00
   0.0000000e+00   0.0000000e+00   2.8212431e+00   2.7089479e+00   2.7856617e+00   2.8613689e+00   2.8892832e+00   2.9297700e+00   2.9801245e+00   2.9436748e+00   2.8071160e+00   2.6255426e+00   2.4583516e+00   2.3278048e+00   2.4276886e+00   2.6909552e+00   3.0001845e+00   3.2801051e+00   3.4773686e+00   3.6472144e+00   3.8742864e+00   3.7880106e+00   0.0000000e+00   0.0000000e+00   0.0000000e+00   0.0000000e+00   0.0000000e+00   0.0000000e+00   0.0000000e+00   0.0000000e+00   0.0000000e+00   0.0000000e+00   0.0000000e+00   0.0000000e+00   0.0000000e+00   0.0000000e+00
   0.0000000e+00   2.5422903e+00   2.7434098e+00   2.7017407e+00   2.3257146e+00   1.7664242e+00   1.3158377e+00   1.0493124e+00   1.0328306e+00   1.0559786e+00   9.6775281e-01   8.3276194e-01   7.4119642e-01   6.8452042e-01   7.4852961e-01   8.9207722e-01   1.2123549e+00   1.5702490e+00   1.7375919e+00   1.8564841e+00   2.0402460e+00   2.3258205e+00   0.0000000e+00   0.0000000e+00   0.0000000e+00   0.0000000e+00   0.0000000e+00   0.0000000e+00   0.0000000e+00   0.0000000e+00   0.0000000e+00   0.0000000e+00   4.4789920e+00   4.6625249e+00   4.7228685e+00   3.9364575e+00
   0.0000000e+00   2.1022762e+00   2.1132619e+00   1.6813563e+00   1.0694942e+00   9.5675415e-01   1.1213104e+00   1.2084678e+00   1.2694147e+00   1.3484620e+00   1.3501836e+00   1.3593905e+00   1.4041597e+00   1.3269534e+00   1.0681599e+00   7.3893017e-01   5.6487674e-01   5.4466462e-01   5.6850612e-01   6.3186389e-01   9.1255260e-01   1.9012788e+00   0.0000000e+00   0.0000000e+00   0.0000000e+00   0.0000000e+00   0.0000000e+00   0.0000000e+00   0.0000000e+00   0.0000000e+00   0.0000000e+00   0.0000000e+00   4.1524428e+00   4.1502805e+00   4.0435915e+00   3.1709652e+00
   0.0000000e+00   1.1159227e+00   7.8783870e-01   9.3910879e-01   1.7148600e+00   2.4987226e+00   3.0767529e+00   3.4188709e+00   3.5477970e+00   3.5108104e+00   3.3313816e+00   3.1093626e+00   2.8576469e+00   2.5905716e+00   2.3737974e+00   2.1461387e+00   1.9185897e+00   1.8074920e+00   1.9645315e+00   2.5191875e+00   2.7550302e+00   3.5817335e+00   0.0000000e+00   0.0000000e+00   0.0000000e+00   0.0000000e+00   0.0000000e+00   0.0000000e+00   0.0000000e+00   0.0000000e+00   0.0000000e+00   1.8643955e+00   2.2416327e+00   1.9071746e+00   2.0483940e+00   1.9617895e+00
   0.0000000e+00   1.3792485e+00   1.9105737e+00   2.5937443e+00   3.2578468e+00   3.8585713e+00   4.3185272e+00   4.6449947e+00   4.7622714e+00   4.6113935e+00   4.2854919e+00   3.8680189e+00   3.4431260e+00   3.2337554e+00   3.2125494e+00   3.2244360e+00   3.2030647e+00   3.2751617e+00   3.6834059e+00   4.4879120e+00   4.6693132e+00   5.5066223e+00   0.0000000e+00   0.0000000e+00   0.0000000e+00   0.0000000e+00   0.0000000e+00   0.0000000e+00   0.0000000e+00   0.0000000e+00   1.1535097e+00   1.2181430e+00   1.3225245e+00   1.6933889e+00   2.8039279e+00   2.7145938e+00
   0.0000000e+00   2.7871955e+00   3.4156120e+00   3.8279054e+00   4.2087145e+00   4.5893912e+00   4.9076867e+00   5.1481447e+00   5.1667085e+00   4.9227986e+00   4.5294418e+00   4.1072245e+00   3.9130111e+00   4.0517697e+00   4.3383756e+00   4.5864258e+00   4.8037148e+00   5.0784335e+00   5.5408564e+00   5.7518877e+00   6.7965308e+00   6.3868692e+00   0.0000000e+00   0.0000000e+00   0.0000000e+00   0.0000000e+00   0.0000000e+00   0.0000000e+00   2.8200958e+00   2.8327826e+00   2.8564542e+00   2.9616573e+00   3.2113116e+00   3.6490428e+00   4.7270055e+00   0.0000000e+00
   3.4233177e+00   3.5638499e+00   3.9495399e+00   4.1369228e+00   4.2850928e+00   4.4816899e+00   4.6701903e+00   4.7804866e+00   4.6895924e+00   4.4671211e+00   4.2574358e+00   4.2796984e+00   4.6236157e+00   5.1194491e+00   5.6028261e+00   5.9706082e+00   6.2842193e+00   6.5888758e+00   6.8600602e+00   6.4164638e+00   8.0655406e+00   6.7558515e+00   0.0000000e+00   0.0000000e+00   0.0000000e+00   0.0000000e+00   0.0000000e+00   0.0000000e+00   3.0833728e+00   3.5588775e+00   3.9078050e+00   4.2414026e+00   4.5554790e+00   4.7293139e+00   5.6607416e+00   0.0000000e+00
   3.2959108e+00   3.4079969e+00   3.6494498e+00   3.7491188e+00   3.7469666e+00   3.8084993e+00   3.9085889e+00   3.9151762e+00   3.8022799e+00   3.7781596e+00   4.0136704e+00   4.6351080e+00   5.3766508e+00   6.0569320e+00   6.5983000e+00   6.9603410e+00   7.2290554e+00   7.4389052e+00   7.4715290e+00   6.8755503e+00   0.0000000e+00   6.3774535e+00   0.0000000e+00   0.0000000e+00   0.0000000e+00   0.0000000e+00   0.0000000e+00   0.0000000e+00   3.8197299e+00   3.9995286e+00   4.1577516e+00   4.4211683e+00   5.0356542e+00   4.9781795e+00   5.1831863e+00   0.0000000e+00
   2.4470897e+00   2.5237906e+00   2.8059950e+00   2.8348942e+00   2.7590919e+00   2.8022993e+00   2.8783779e+00   2.8724775e+00   2.9122682e+00   3.2016530e+00   3.8324513e+00   4.7881680e+00   5.7069454e+00   6.4639120e+00   7.0132027e+00   7.3398271e+00   7.5128860e+00   7.5556436e+00   7.3293581e+00   6.6820807e+00   5.0697184e+00   0.0000000e+00   0.0000000e+00   0.0000000e+00   0.0000000e+00   0.0000000e+00   0.0000000e+00   4.3656369e+00   3.9744651e+00   3.7611759e+00   3.6815183e+00   3.9486208e+00   0.0000000e+00   0.0000000e+00   3.3910078e+00   0.0000000e+00
   1.2086641e+00   1.3614070e+00   1.7070930e+00   1.7937796e+00   1.9413868e+00   2.2188652e+00   2.4591727e+00   2.6648290e+00   2.9705443e+00   3.4280057e+00   4.0539465e+00   4.8271022e+00   5.5623188e+00   6.1802301e+00   6.6189194e+00   6.8492613e+00   6.9137406e+00   6.7324886e+00   6.1391315e+00   4.9750843e+00   2.7633314e+00   0.0000000e+00   0.0000000e+00   0.0000000e+00   0.0000000e+00   0.0000000e+00   0.0000000e+00   4.5443276e+00   3.6553504e+00   3.0678408e+00   2.6715064e+00   2.2343261e+00   1.4067056e+00   1.5454960e+00   1.8621415e+00   1.2642093e+00
   7.4648315e-01   6.5665352e-01   9.3365240e-01   1.4149611e+00   2.0731542e+00   2.7552974e+00   3.2987990e+00   3.7875705e+00   4.3337383e+00   4.8879867e+00   5.4300704e+00   5.9265003e+00   6.2950606e+00   6.5361834e+00   6.6094227e+00   6.4762154e+00   6.1541653e+00   5.5039501e+00   4.4531784e+00   3.0003633e+00   2.0628500e+00   0.0000000e+00   0.0000000e+00   0.0000000e+00   0.0000000e+00   0.0000000e+00   0.0000000e+00   4.6289921e+00   3.3653467e+00   2.2704263e+00   1.6725739e+00   1.1798426e+00   1.1856678e+00   1.5733747e+00   8.8353765e-01   8.1361614e-01
   1.2176287e+00   5.5338860e-01   8.4570893e-01   1.6920892e+00   2.6834687e+00   3.6105557e+00   4.3256301e+00   4.9292463e+00   5.5270737e+00   6.0612442e+00   6.5330955e+00   6.9050514e+00   7.0986620e+00   7.1270953e+00   6.9628507e+00   6.5549766e+00   5.8676689e+00   4.7329611e+00   3.1890720e+00   1.8581021e+00   2.6722400e+00   0.0000000e+00   0.0000000e+00   0.0000000e+00   0.0000000e+00   0.0000000e+00   0.0000000e+00   4.1791434e+00   3.1821714e+00   1.7369134e+00   8.2881465e-01   6.1845486e-01   8.3931323e-01   1.4026643e+00   2.0832542e+00   6.7890272e-01
   1.9569159e+00   5.1620130e-01   9.8380906e-01   1.8993031e+00   2.9110810e+00   3.8170998e+00   4.5081295e+00   5.0743793e+00   5.6117886e+00   6.0861490e+00   6.5204293e+00   6.8949882e+00   7.1435524e+00   7.2384377e+00   7.1127082e+00   6.6806657e+00   5.8984864e+00   4.5998811e+00   2.7927152e+00   1.1947661e+00   3.1981052e+00   0.0000000e+00   0.0000000e+00   0.0000000e+00   0.0000000e+00   0.0000000e+00   0.0000000e+00   3.4758805e+00   2.9516564e+00   1.6157989e+00   6.4750169e-01   2.4328862e-01   4.1442938e-01   7.0490203e-01   8.0800738e-01   1.0974825e+00
   0.0000000e+00   6.0113441e-01   9.4755846e-01   1.7070621e+00   2.4819810e+00   3.1546857e+00   3.6842232e+00   4.1477566e+00   4.6274686e+00   5.0920401e+00   5.5236917e+00   5.8820391e+00   6.1226759e+00   6.2285538e+00   6.1730914e+00   5.8945875e+00   5.3245697e+00   4.2568064e+00   2.7576756e+00   1.4803051e+00   2.8151842e+00   0.0000000e+00   0.0000000e+00   0.0000000e+00   0.0000000e+00   0.0000000e+00   0.0000000e+00   0.0000000e+00   2.4199757e+00   1.0614265e+00   3.9195809e-01   1.9937900e-01   3.6278069e-01   5.0164783e-01   4.2090696e-01   6.8322754e-01
   1.3238607e+00   1.0202653e+00   1.1817430e+00   1.5995502e+00   2.0083222e+00   2.2816379e+00   2.4793773e+00   2.6969850e+00   3.0004225e+00   3.3757563e+00   3.7654431e+00   4.0950351e+00   4.3433704e+00   4.5518584e+00   4.7745743e+00   4.9429250e+00   4.9102693e+00   4.4798636e+00   3.7521994e+00   2.9677434e+00   2.7670625e+00   0.0000000e+00   0.0000000e+00   0.0000000e+00   0.0000000e+00   0.0000000e+00   0.0000000e+00   0.0000000e+00   0.0000000e+00   5.8201890e-01   3.5308428e-01   6.7014426e-01   7.9304171e-01   8.1069058e-01   6.8132728e-01   8.5104304e-01
   2.0866868e+00   2.0923615e+00   2.1774497e+00   2.3312659e+00   2.4684861e+00   2.4373183e+00   2.3103223e+00   2.2129307e+00   2.2182748e+00   2.3718445e+00   2.6527848e+00   2.9918361e+00   3.3664198e+00   3.8204265e+00   4.3975139e+00   4.8998370e+00   5.1417294e+00   5.0287404e+00   4.6727738e+00   4.1564894e+00   3.4708552e+00   0.0000000e+00   0.0000000e+00   0.0000000e+00   0.0000000e+00   0.0000000e+00   0.0000000e+00   0.0000000e+00   0.0000000e+00   0.0000000e+00   7.6643160e-01   1.4007428e+00   1.7160323e+00   1.8142591e+00   1.8456347e+00   1.8561565e+00
   3.3275719e+00   3.4620419e+00   3.6050630e+00   3.7077827e+00   3.7424259e+00   3.6502461e+00   3.4205439e+00   3.1417027e+00   2.8869874e+00   2.7416725e+00   2.7631137e+00   2.9569101e+00   3.2820489e+00   3.7018592e+00   4.2281499e+00   4.7004747e+00   4.9886870e+00   5.0608225e+00   5.0109525e+00   4.8273673e+00   4.1989198e+00   0.0000000e+00   0.0000000e+00   0.0000000e+00   0.0000000e+00   0.0000000e+00   0.0000000e+00   0.0000000e+00   0.0000000e+00   0.0000000e+00   9.9464185e-01   1.8276886e+00   2.5467954e+00   2.8805099e+00   3.0820925e+00   3.1842890e+00
   4.2706070e+00   4.4717197e+00   4.6595740e+00   4.7732854e+00   4.7830610e+00   4.6937737e+00   4.4840846e+00   4.1820273e+00   3.8564112e+00   3.6111078e+00   3.4930694e+00   3.5301037e+00   3.6722653e+00   3.8617907e+00   4.0631304e+00   4.2722325e+00   4.4868379e+00   4.6596823e+00   4.8114147e+00   4.9014869e+00   4.4376111e+00   0.0000000e+00   0.0000000e+00   0.0000000e+00   0.0000000e+00   0.0000000e+00   0.0000000e+00   0.0000000e+00   0.0000000e+00   0.0000000e+00   1.4588281e+00   1.9931959e+00   2.8792589e+00   3.4189231e+00   3.7650645e+00   4.0455856e+00
   4.5912395e+00   4.7706366e+00   4.9612932e+00   5.0907750e+00   5.1021767e+00   5.0187817e+00   4.8830986e+00   4.6455164e+00   4.3648386e+00   4.1567054e+00   4.0576162e+00   4.0697365e+00   4.0812092e+00   4.0703430e+00   3.9368107e+00   3.8049672e+00   3.7911386e+00   3.9051251e+00   4.1539965e+00   4.5424042e+00   4.4562564e+00   0.0000000e+00   0.0000000e+00   0.0000000e+00   0.0000000e+00   0.0000000e+00   0.0000000e+00   0.0000000e+00   0.0000000e+00   0.0000000e+00   1.5954744e+00   1.8651381e+00   2.7127619e+00   3.3568487e+00   3.8096232e+00   4.2633395e+00
   3.7753584e+00   3.8855777e+00   4.0476141e+00   4.2619166e+00   4.3472304e+00   4.3559661e+00   4.3494673e+00   4.2465482e+00   4.0667648e+00   3.9468076e+00   3.9208541e+00   3.9572935e+00   3.9613750e+00   3.9031086e+00   3.6499043e+00   3.3333941e+00   3.1158080e+00   3.0906138e+00   3.3374395e+00   3.9231007e+00   4.4815826e+00   0.0000000e+00   0.0000000e+00   0.0000000e+00   0.0000000e+00   0.0000000e+00   0.0000000e+00   0.0000000e+00   0.0000000e+00   0.0000000e+00   0.0000000e+00   1.4363855e+00   1.8909200e+00   2.4892659e+00   2.9314117e+00   3.4054685e+00
   2.0637765e+00   2.0957139e+00   2.2365627e+00   2.6175377e+00   2.8605695e+00   3.0439329e+00   3.1800396e+00   3.2280936e+00   3.1699462e+00   3.1376550e+00   3.1965132e+00   3.2332966e+00   3.2289422e+00   3.1601663e+00   2.9554768e+00   2.6637132e+00   2.4184561e+00   2.3200412e+00   2.5313847e+00   3.1703365e+00   4.4920211e+00   0.0000000e+00   0.0000000e+00   0.0000000e+00   0.0000000e+00   0.0000000e+00   0.0000000e+00   0.0000000e+00   0.0000000e+00   0.0000000e+00   0.0000000e+00   8.9599296e-01   8.7322968e-01   1.1871965e+00   1.4947394e+00   1.7724972e+00
   7.3459923e-01   5.7885810e-01   4.6958491e-01   7.5124431e-01   8.4386319e-01   9.4077528e-01   1.1620578e+00   1.4243178e+00   1.5881195e+00   1.6524366e+00   1.7520260e+00   1.8183045e+00   1.7849411e+00   1.6794838e+00   1.5150933e+00   1.3368539e+00   1.1554680e+00   1.1046698e+00   1.3358394e+00   2.0041280e+00   3.7104812e+00   0.0000000e+00   0.0000000e+00   0.0000000e+00   0.0000000e+00   0.0000000e+00   0.0000000e+00   0.0000000e+00   0.0000000e+00   0.0000000e+00   0.0000000e+00   7.5698348e-01   5.4008210e-01   5.9697515e-01   7.9670048e-01   9.0277284e-01
   0.0000000e+00   0.0000000e+00   1.8016307e+00   1.6098067e+00   1.3560457e+00   1.0024021e+00   7.6693287e-01   6.0669851e-01   4.7533810e-01   4.1918782e-01   4.9965370e-01   5.4723817e-01   5.2138430e-01   4.2664015e-01   3.9168251e-01   4.2901094e-01   4.4278702e-01   4.9515313e-01   6.8276814e-01   1.2596807e+00   2.5185575e+00   3.1758436e+00   0.0000000e+00   0.0000000e+00   0.0000000e+00   0.0000000e+00   0.0000000e+00   0.0000000e+00   0.0000000e+00   0.0000000e+00   0.0000000e+00   0.0000000e+00   1.5089637e+00   1.9105559e+00   2.5212668e+00   1.9299706e+00
   0.0000000e+00   0.0000000e+00   3.0947134e+00   3.0464811e+00   2.8745267e+00   2.6385579e+00   2.2673945e+00   1.8374856e+00   1.4230261e+00   1.1414049e+00   9.9679530e-01   9.9277884e-01   1.0609806e+00   1.1830015e+00   1.3057227e+00   1.4016395e+00   1.4730787e+00   1.4761294e+00   1.4440562e+00   1.5318691e+00   2.0461137e+00   2.4982226e+00   0.0000000e+00   0.0000000e+00   0.0000000e+00   0.0000000e+00   0.0000000e+00   0.0000000e+00   0.0000000e+00   0.0000000e+00   0.0000000e+00   0.0000000e+00   2.6119494e+00   2.9887012e+00   0.0000000e+00   0.0000000e+00
   0.0000000e+00   0.0000000e+00   3.2108992e+00   3.3786897e+00   3.4449927e+00   3.3638439e+00   3.1477341e+00   2.8397788e+00   2.4597997e+00   2.1884859e+00   2.0383731e+00   2.0250133e+00   2.0892856e+00   2.1990551e+00   2.3110227e+00   2.3501251e+00   2.3823225e+00   2.3359164e+00   2.2627137e+00   2.2129523e+00   2.4863564e+00   2.8416125e+00   0.0000000e+00   0.0000000e+00   0.0000000e+00   0.0000000e+00   0.0000000e+00   0.0000000e+00   0.0000000e+00   0.0000000e+00   0.0000000e+00   0.0000000e+00   0.0000000e+00   0.0000000e+00   0.0000000e+00   0.0000000e+00
   0.0000000e+00   0.0000000e+00   0.0000000e+00   2.8197478e+00   2.9685223e+00   3.0685463e+00   3.2075639e+00   3.1516063e+00   2.9592361e+00   2.7949386e+00   2.7072568e+00   2.6624820e+00   2.6719608e+00   2.7394886e+00   2.7790294e+00   2.7573888e+00   2.6967442e+00   2.6367602e+00   2.5764136e+00   2.5206907e+00   2.7549176e+00   2.5409648e+00   0.0000000e+00   0.0000000e+00   0.0000000e+00   0.0000000e+00   0.0000000e+00   0.0000000e+00   0.0000000e+00   0.0000000e+00   0.0000000e+00   0.0000000e+00   0.0000000e+00   0.0000000e+00   0.0000000e+00   0.0000000e+00
   0.0000000e+00   0.0000000e+00   0.0000000e+00   1.7332207e+00   1.9319866e+00   2.1011753e+00   2.3306737e+00   2.5370994e+00   2.6657319e+00   2.7015605e+00   2.7337284e+00   2.6949506e+00   2.6485066e+00   2.6067224e+00   2.5461991e+00   2.4682529e+00   2.3892238e+00   2.3521962e+00   2.3532710e+00   2.3942509e+00   2.6799085e+00   2.2153733e+00   0.0000000e+00   0.0000000e+00   0.0000000e+00   0.0000000e+00   0.0000000e+00   0.0000000e+00   0.0000000e+00   0.0000000e+00   0.0000000e+00   0.0000000e+00   0.0000000e+00   0.0000000e+00   0.0000000e+00   0.0000000e+00
   0.0000000e+00   0.0000000e+00   0.0000000e+00   1.3095895e+00   1.2547256e+00   1.0033623e+00   9.7629553e-01   1.2348071e+00   1.5771250e+00   1.8042675e+00   1.9091785e+00   1.9484843e+00   1.9473727e+00   1.8754152e+00   1.7594533e+00   1.6994740e+00   1.6714066e+00   1.6676086e+00   1.7091011e+00   1.8539790e+00   2.2576638e+00   0.0000000e+00   0.0000000e+00   0.0000000e+00   0.0000000e+00   0.0000000e+00   0.0000000e+00   0.0000000e+00   0.0000000e+00   0.0000000e+00   0.0000000e+00   0.0000000e+00   0.0000000e+00   0.0000000e+00   0.0000000e+00   0.0000000e+00
   0.0000000e+00   0.0000000e+00   0.0000000e+00   1.6166682e+00   1.7043737e+00   1.2264371e+00   7.5714874e-01   4.3229720e-01   3.8314024e-01   4.1727123e-01   5.4434115e-01   6.8344450e-01   7.5872678e-01   7.7883214e-01   7.8850520e-01   7.9512030e-01   8.0189097e-01   8.5541290e-01   9.1807044e-01   1.2004651e+00   1.0391955e+00   0.0000000e+00   0.0000000e+00   0.0000000e+00   0.0000000e+00   0.0000000e+00   0.0000000e+00   0.0000000e+00   0.0000000e+00   0.0000000e+00   0.0000000e+00   0.0000000e+00   0.0000000e+00   0.0000000e+00   0.0000000e+00   0.0000000e+00
   0.0000000e+00   0.0000000e+00   1.5707911e+00   1.4887285e+00   1.4342721e+00   1.3669242e+00   1.2215489e+00   9.7992461e-01   7.4859513e-01   5.8103504e-01   4.1874082e-01   3.6970069e-01   3.0063866e-01   3.2222411e-01   3.6163761e-01   3.0657740e-01   2.9893315e-01   3.1857394e-01   3.9688554e-01   5.3572155e-01   7.8091847e-01   0.0000000e+00   0.0000000e+00   0.0000000e+00   0.0000000e+00   0.0000000e+00   0.0000000e+00   0.0000000e+00   0.0000000e+00   0.0000000e+00   0.0000000e+00   0.0000000e+00   0.0000000e+00   0.0000000e+00   0.0000000e+00   0.0000000e+00
