  -5.6077027e-03
  -1.1072088e-02
   0.0000000e+00
   0.0000000e+00
   0.0000000e+00
   0.0000000e+00
   0.0000000e+00
   0.0000000e+00
   0.0000000e+00
   0.0000000e+00
   0.0000000e+00
   0.0000000e+00
   0.0000000e+00
   0.0000000e+00
   0.0000000e+00
   0.0000000e+00
   0.0000000e+00
   0.0000000e+00
   0.0000000e+00
   0.0000000e+00
   1.1800510e-02
   3.0632052e-03
  -2.8915614e-03
  -6.6042404e-03
  -8.9433589e-03
  -8.9785928e-03
  -7.7066311e-03
  -5.1037997e-03
  -1.7336902e-03
   9.9490049e-04
   4.2405396e-03
   7.1779337e-03
   8.6100249e-03
   9.5990279e-03
   9.2786125e-03
   5.9486291e-03
   2.3091522e-03
   0.0000000e+00
   0.0000000e+00
   0.0000000e+00
   0.0000000e+00
   0.0000000e+00
   0.0000000e+00
   0.0000000e+00
   0.0000000e+00
   0.0000000e+00
   0.0000000e+00
   0.0000000e+00
   0.0000000e+00
   0.0000000e+00
   0.0000000e+00
   0.0000000e+00
   0.0000000e+00
   0.0000000e+00
   2.1627949e-02
   2.0768137e-02
   1.0666151e-02
   5.7531527e-04
  -7.4487189e-03
  -1.1636676e-02
  -1.5367408e-02
  -1.3883229e-02
  -1.0671354e-02
  -6.2870691e-03
  -3.4561132e-03
  -2.1982566e-04
   3.1391510e-03
   6.1280020e-03
   8.4269652e-03
   1.0357027e-02
   1.2008412e-02
   1.1998683e-02
   0.0000000e+00
   0.0000000e+00
   0.0000000e+00
   0.0000000e+00
   0.0000000e+00
   0.0000000e+00
   0.0000000e+00
   0.0000000e+00
   0.0000000e+00
   0.0000000e+00
   0.0000000e+00
   0.0000000e+00
   0.0000000e+00
   0.0000000e+00
   0.0000000e+00
   0.0000000e+00
   6.7621306e-03
   1.1913761e-02
   1.5669135e-02
   1.6012754e-02
   1.2416793e-02
   7.4202984e-04
  -7.9207598e-03
  -0.0000000e+00
  -0.0000000e+00
  -1.0780859e-02
  -9.9741593e-03
  -7.7986876e-03
  -6.1997976e-03
  -3.2706198e-03
  -1.4360681e-04
   3.2335597e-03
   6.0389573e-03
   6.8815048e-03
   8.4527126e-03
   7.4937866e-03
   0.0000000e+00
   0.0000000e+00
   0.0000000e+00
   0.0000000e+00
   0.0000000e+00
   0.0000000e+00
   0.0000000e+00
   0.0000000e+00
   0.0000000e+00
   0.0000000e+00
   0.0000000e+00
   0.0000000e+00
   0.0000000e+00
   2.5193827e-02
   1.3888934e-02
  -3.4316716e-04
  -5.1080836e-03
  -2.2527361e-03
   7.2760819e-03
   1.3834015e-02
   1.3466103e-02
   5.8926381e-03
   0.0000000e+00
   0.0000000e+00
   0.0000000e+00
  -0.0000000e+00
  -1.0754801e-02
  -1.1415005e-02
  -1.0902487e-02
  -8.1558302e-03
  -4.3886243e-03
  -1.1319980e-03
   7.5841992e-04
   9.3828357e-04
   2.0983608e-03
   2.5855336e-03
   0.0000000e+00
   0.0000000e+00
   0.0000000e+00
   0.0000000e+00
   0.0000000e+00
   0.0000000e+00
   0.0000000e+00
   0.0000000e+00
   0.0000000e+00
   0.0000000e+00
   0.0000000e+00
   0.0000000e+00
   0.0000000e+00
   2.0685378e-02
  -1.1331033e-03
  -2.1026805e-02
  -2.2632910e-02
  -1.3700382e-02
   9.5904130e-04
   1.1061579e-02
   1.2313613e-02
   8.0757073e-03
  -7.9350560e-03
   0.0000000e+00
   0.0000000e+00
  -0.0000000e+00
  -1.3982330e-02
  -1.4594752e-02
  -1.4744413e-02
  -1.1126271e-02
  -7.3511801e-03
  -4.8500802e-03
  -3.8982318e-03
  -3.7242400e-03
  -3.4899877e-03
  -1.2868947e-03
   0.0000000e+00
   0.0000000e+00
  -0.0000000e+00
   0.0000000e+00
   0.0000000e+00
   0.0000000e+00
   0.0000000e+00
   0.0000000e+00
   0.0000000e+00
   0.0000000e+00
   0.0000000e+00
   0.0000000e+00
   0.0000000e+00
   6.5484249e-03
  -1.9982231e-02
  -3.2867575e-02
  -2.5780808e-02
  -1.1501523e-02
   1.5094819e-03
   9.4728183e-03
   1.0656700e-02
   4.9325841e-03
  -3.2388587e-03
   0.0000000e+00
  -0.0000000e+00
  -1.1936290e-02
  -1.2369987e-02
  -1.4679494e-02
  -1.4828826e-02
  -1.1403369e-02
  -8.0748270e-03
  -6.1706079e-03
  -5.7344841e-03
  -6.0518723e-03
  -6.6137471e-03
  -3.4225897e-03
   0.0000000e+00
  -5.1133801e-03
  -3.8940813e-03
   0.0000000e+00
   0.0000000e+00
   0.0000000e+00
   0.0000000e+00
   0.0000000e+00
   0.0000000e+00
   0.0000000e+00
   0.0000000e+00
   0.0000000e+00
  -0.0000000e+00
  -4.2857369e-03
  -2.8446089e-02
  -2.8348219e-02
  -1.4660192e-02
  -6.6853780e-04
   4.4193789e-03
   8.3681121e-03
   1.0377106e-02
   4.7455993e-03
   9.2237697e-06
  -3.0744807e-03
  -7.4606499e-03
  -7.6403860e-03
  -1.0647316e-02
  -1.3401767e-02
  -1.2341619e-02
  -9.2145838e-03
  -6.7570303e-03
  -5.0865016e-03
  -5.2337069e-03
  -6.0621807e-03
  -6.6335415e-03
  -2.8750496e-03
   3.8377724e-03
   2.0952776e-04
   9.1877688e-03
   2.3386894e-02
   0.0000000e+00
   0.0000000e+00
   0.0000000e+00
   0.0000000e+00
   0.0000000e+00
   0.0000000e+00
   0.0000000e+00
  -0.0000000e+00
  -4.0711469e-03
  -1.0382539e-02
  -2.3324311e-02
  -1.3569554e-02
   3.2309574e-03
   1.4285664e-02
   5.2026691e-03
   8.3130129e-03
   1.2895774e-02
   8.5727060e-03
   5.1911793e-03
   2.6674424e-03
  -1.5463351e-03
  -4.9710272e-03
  -7.5366772e-03
  -8.3193714e-03
  -6.8243403e-03
  -4.7160308e-03
  -2.9358305e-03
  -1.8795440e-03
  -2.6418269e-03
  -3.3764588e-03
  -3.7990119e-03
  -3.8111157e-04
   5.1966170e-03
   5.0832215e-03
   1.6600821e-02
   2.9516233e-02
   0.0000000e+00
   0.0000000e+00
   0.0000000e+00
   0.0000000e+00
   0.0000000e+00
   0.0000000e+00
   0.0000000e+00
  -0.0000000e+00
  -7.7084853e-03
  -9.1488380e-03
  -1.3117234e-02
  -5.5242644e-04
   1.7379408e-02
   2.4525757e-02
   0.0000000e+00
   0.0000000e+00
   1.2464102e-02
   8.0358107e-03
   7.2369049e-03
   5.8585783e-03
   2.2198360e-03
   1.4797872e-04
  -1.0067548e-03
  -1.2967177e-03
  -6.2220421e-04
   2.6379127e-04
   1.0741408e-03
   1.5130814e-03
   5.2329933e-04
   3.4980731e-05
  -6.4530154e-04
   1.4291703e-03
   6.4407652e-03
   9.8346164e-03
   2.1743624e-02
   3.5007623e-02
   2.4634299e-02
   0.0000000e+00
   0.0000000e+00
   0.0000000e+00
   0.0000000e+00
   0.0000000e+00
  -0.0000000e+00
  -1.8561664e-02
  -6.3944883e-03
  -5.7345545e-03
  -9.0401672e-04
   1.2785709e-02
   3.1052532e-02
   0.0000000e+00
   0.0000000e+00
   0.0000000e+00
   0.0000000e+00
   1.0922163e-02
   1.1527053e-02
   9.5762312e-03
   7.2728656e-03
   6.5279426e-03
   7.1767098e-03
   7.1585728e-03
   6.4616408e-03
   5.8758454e-03
   5.5915122e-03
   5.5384492e-03
   4.4596912e-03
   3.5916944e-03
   2.1031380e-03
   3.4345197e-03
   7.5701121e-03
   1.2456193e-02
   2.2960592e-02
   3.1298481e-02
   1.0381275e-02
   0.0000000e+00
   0.0000000e+00
   0.0000000e+00
   0.0000000e+00
   0.0000000e+00
  -0.0000000e+00
  -1.4762408e-02
  -5.2257786e-03
  -7.5942290e-04
   6.3239867e-03
   2.0854767e-02
   3.6188088e-02
   0.0000000e+00
   0.0000000e+00
   0.0000000e+00
   1.3860046e-02
   1.7007057e-02
   1.6371500e-02
   1.2763933e-02
   9.8754223e-03
   1.0393089e-02
   1.2370206e-02
   1.2297692e-02
   1.0508928e-02
   9.0399273e-03
   8.5657258e-03
   8.0712950e-03
   6.6489242e-03
   4.6406519e-03
   3.0486863e-03
   4.5422027e-03
   8.6529953e-03
   1.4337257e-02
   2.2414789e-02
   2.5428470e-02
   1.4876170e-02
   1.8835163e-02
   0.0000000e+00
   0.0000000e+00
   0.0000000e+00
   0.0000000e+00
  -0.0000000e+00
  -1.9563675e-02
  -3.9764722e-03
   3.4918825e-03
   1.2582297e-02
   2.7120074e-02
   3.6674398e-02
   0.0000000e+00
   0.0000000e+00
   0.0000000e+00
   1.9956515e-02
   2.2723433e-02
   1.9451449e-02
   1.4201560e-02
   1.2631577e-02
   1.4365355e-02
   1.5961953e-02
   1.4725196e-02
   1.2019087e-02
   1.0375028e-02
   9.8887812e-03
   8.6542387e-03
   6.3740797e-03
   3.7475037e-03
   3.0977456e-03
   4.9784021e-03
   1.0963383e-02
   1.6700702e-02
   2.2632742e-02
   2.3182224e-02
   2.1159420e-02
   2.9832553e-02
   3.1538341e-02
   0.0000000e+00
   0.0000000e+00
   0.0000000e+00
  -3.1002930e-02
  -1.8834649e-02
  -1.3387238e-04
   7.5047929e-03
   1.7113844e-02
   3.2069640e-02
   0.0000000e+00
   0.0000000e+00
   0.0000000e+00
   0.0000000e+00
   2.2848137e-02
   2.3261461e-02
   1.8165888e-02
   1.4301473e-02
   1.4844446e-02
   1.6004547e-02
   1.5637638e-02
   1.2774184e-02
   9.8469350e-03
   8.6478973e-03
   8.1427945e-03
   6.5710247e-03
   4.3774592e-03
   2.9449887e-03
   3.7223625e-03
   6.4501264e-03
   1.5879663e-02
   2.1189261e-02
   2.4832156e-02
   2.4357587e-02
   2.5296327e-02
   3.2630276e-02
   2.9066612e-02
   0.0000000e+00
   0.0000000e+00
   0.0000000e+00
  -2.6828287e-02
  -9.4040744e-03
   5.8848527e-03
   1.1951772e-02
   2.3915870e-02
   3.5096740e-02
   0.0000000e+00
   0.0000000e+00
   0.0000000e+00
   0.0000000e+00
   2.0356301e-02
   1.8756827e-02
   1.4029624e-02
   1.3086783e-02
   1.3958788e-02
   1.4217431e-02
   1.1571920e-02
   8.0322484e-03
   5.6397808e-03
   5.1848833e-03
   5.2053207e-03
   4.5484854e-03
   3.7502921e-03
   4.2228987e-03
   6.6160932e-03
   1.0596169e-02
   2.1719253e-02
   2.6624557e-02
   2.8737133e-02
   2.5299806e-02
   2.4413439e-02
   2.8451525e-02
   1.4386644e-02
   0.0000000e+00
   0.0000000e+00
   0.0000000e+00
  -1.6468963e-02
   2.8400447e-03
   1.3119404e-02
   1.8021641e-02
   2.6081514e-02
  -1.6166229e-02
  -1.4153888e-02
  -1.2493031e-02
   0.0000000e+00
   0.0000000e+00
   1.4150945e-02
   1.1356279e-02
   8.2189851e-03
   1.0089191e-02
   1.2189474e-02
   8.8309936e-03
   5.6865313e-03
   9.4822701e-04
   3.1906518e-04
   5.7603116e-04
   1.5743139e-03
   2.6628978e-03
   4.1568577e-03
   6.7326725e-03
   1.0560519e-02
   1.5688207e-02
   1.9815097e-02
   2.4327289e-02
   2.6621711e-02
   2.0401577e-02
   1.7944019e-02
   1.8989677e-02
   4.2181478e-03
   0.0000000e+00
   0.0000000e+00
   0.0000000e+00
  -8.7849881e-03
   7.4050855e-03
   1.5539852e-02
   1.8982694e-02
   1.6817532e-02
  -8.6069746e-03
  -1.2004744e-02
  -1.1123659e-02
   0.0000000e+00
   1.0949330e-02
   7.8224204e-03
   5.0751767e-03
   3.1930141e-03
   5.8698296e-03
   1.7639466e-02
   6.6387324e-03
   8.1121396e-03
  -7.3115370e-03
  -7.0847082e-03
  -6.8523032e-03
  -5.9426920e-03
  -4.3935915e-03
  -1.3828059e-03
   3.3870668e-03
   8.6311176e-03
   1.4144841e-02
   8.6454386e-03
   1.3663071e-02
   1.9506099e-02
   1.2871540e-02
   7.1914126e-03
   8.8488348e-03
  -2.2278276e-03
   0.0000000e+00
   0.0000000e+00
  -0.0000000e+00
  -6.8968925e-03
   3.1475197e-03
   8.8015413e-03
   1.0138998e-02
   5.8867987e-03
  -5.3381422e-03
  -8.6617991e-03
  -1.1202245e-02
   0.0000000e+00
   6.0541465e-03
   2.5823615e-03
   1.5215410e-03
   1.5592814e-04
   3.6765647e-04
   0.0000000e+00
   0.0000000e+00
   1.4380229e-02
  -1.5669002e-02
  -1.5030861e-02
  -1.5664771e-02
  -1.5973387e-02
  -1.5529687e-02
  -1.3582698e-02
  -9.0568904e-03
  -3.0419156e-03
   2.9404573e-03
  -3.2820319e-04
   4.1098222e-03
   1.0167247e-02
  -1.3197686e-03
  -6.3198741e-03
  -1.0401668e-03
  -3.5906987e-03
   0.0000000e+00
   0.0000000e+00
  -0.0000000e+00
  -7.4380632e-03
  -2.4265577e-03
   1.5143814e-04
  -8.3087235e-05
  -3.0342011e-03
  -7.4969377e-03
  -1.0333284e-02
  -1.1807352e-02
  -7.8465906e-03
   5.3597171e-04
  -1.2846819e-03
  -3.0183294e-04
  -1.2309412e-03
  -2.2187428e-03
   0.0000000e+00
   0.0000000e+00
   0.0000000e+00
  -9.0179614e-03
  -9.2217641e-03
  -1.0175000e-02
  -1.1358816e-02
  -1.2154175e-02
  -1.2277851e-02
  -1.0916393e-02
  -7.9934252e-03
  -4.3175327e-03
   1.3107599e-03
   3.0441925e-03
   1.8757858e-03
   0.0000000e+00
  -2.2219369e-02
  -1.0473582e-02
  -3.2714280e-03
   0.0000000e+00
   0.0000000e+00
  -0.0000000e+00
  -6.1766419e-03
  -2.6685925e-03
  -1.5102174e-03
  -2.2565345e-03
  -4.5778318e-03
  -7.6763532e-03
  -9.9187277e-03
  -1.0371814e-02
  -5.6443198e-03
  -3.3239430e-03
  -4.5566842e-03
  -1.8435284e-03
  -1.2132427e-03
  -2.2107381e-03
  -4.5876771e-03
  -1.1698048e-02
   0.0000000e+00
   1.1740774e-02
   7.7025523e-03
   6.8657236e-03
   5.6124938e-03
   4.2175217e-03
   2.6216152e-03
   1.1591207e-03
   4.6480500e-04
   5.3399358e-04
  -8.6830677e-03
  -9.4409334e-03
  -1.1448057e-02
  -1.5714314e-02
  -3.6959916e-02
  -1.8660579e-02
  -6.1715593e-03
   0.0000000e+00
   0.0000000e+00
  -0.0000000e+00
  -1.0701820e-02
  -8.6546429e-03
  -7.7842115e-03
  -8.5796854e-03
  -1.0574006e-02
  -1.3202045e-02
  -1.4868462e-02
  -1.4762222e-02
  -1.1499935e-02
  -1.1051819e-02
  -9.9567790e-03
  -5.3804107e-03
  -2.9213657e-03
  -2.1800140e-03
  -4.8060785e-03
  -7.3294586e-03
   1.4310186e-02
   1.5527833e-02
   1.3439680e-02
   1.2357866e-02
   1.0454791e-02
   7.9843886e-03
   4.7012898e-03
   5.5006385e-04
  -3.2508390e-03
  -6.4457338e-03
  -2.3139711e-02
  -2.6229760e-02
  -2.4804119e-02
  -1.6847233e-02
  -5.0184972e-02
  -2.8717674e-02
  -1.5474260e-02
   0.0000000e+00
   0.0000000e+00
  -0.0000000e+00
  -1.5762040e-02
  -1.4467049e-02
  -1.3850711e-02
  -1.4735358e-02
  -1.6496511e-02
  -1.8703379e-02
  -2.0358553e-02
  -2.0952273e-02
  -2.0071175e-02
  -2.0150824e-02
  -1.8279757e-02
  -1.3213015e-02
  -9.3293749e-03
  -5.5839904e-03
  -4.4850600e-03
  -2.6017837e-03
   7.8080790e-03
   8.1314649e-03
   7.9422202e-03
   7.1809180e-03
   5.1851179e-03
   2.1754541e-03
  -1.8783662e-03
  -7.3175048e-03
  -1.2834932e-02
  -1.8157471e-02
  -2.6625374e-02
  -3.3210833e-02
  -3.4188297e-02
  -2.1566751e-02
  -0.0000000e+00
  -4.0983453e-02
  -2.9027740e-02
   0.0000000e+00
   0.0000000e+00
  -0.0000000e+00
  -1.9369688e-02
  -1.8784542e-02
  -1.8322509e-02
  -1.9075759e-02
  -2.0325921e-02
  -2.1945767e-02
  -2.3704471e-02
  -2.5280096e-02
  -2.6856931e-02
  -2.8713780e-02
  -2.8566962e-02
  -2.4462145e-02
  -1.9937538e-02
  -1.4318928e-02
  -9.5794247e-03
  -6.2316973e-03
  -2.9614265e-03
  -1.6271820e-03
  -2.0238463e-04
   8.1345963e-04
   7.7797053e-04
  -5.1889411e-04
  -3.2425814e-03
  -7.7741924e-03
  -1.3223726e-02
  -1.9402031e-02
  -2.1923307e-02
  -3.2451436e-02
  -4.1101128e-02
  -3.1486481e-02
  -0.0000000e+00
  -5.2504521e-02
  -4.2180048e-02
   0.0000000e+00
   0.0000000e+00
  -1.8291682e-02
  -2.0458508e-02
  -2.0773279e-02
  -2.0547735e-02
  -2.1019682e-02
  -2.1493714e-02
  -2.2200953e-02
  -2.3882007e-02
  -2.6095644e-02
  -2.9273475e-02
  -3.2804206e-02
  -3.4851968e-02
  -3.2930247e-02
  -2.9124601e-02
  -2.3888605e-02
  -1.8332297e-02
  -1.4945275e-02
  -1.2849849e-02
  -1.0827564e-02
  -8.3535761e-03
  -5.3402456e-03
  -2.2890696e-03
  -1.4585952e-04
  -3.3541513e-05
  -2.5850637e-03
  -7.1278503e-03
  -1.3271189e-02
  -1.5737483e-02
  -2.7944297e-02
  -4.5442622e-02
  -4.4220100e-02
  -0.0000000e+00
  -5.3890433e-02
  -6.9047242e-02
   0.0000000e+00
   0.0000000e+00
  -1.9305963e-02
  -2.0120425e-02
  -2.0318283e-02
  -2.0922504e-02
  -2.1284316e-02
  -2.1294089e-02
  -2.1039620e-02
  -2.2031102e-02
  -2.4200451e-02
  -2.7388047e-02
  -3.0944120e-02
  -3.4024443e-02
  -3.3977587e-02
  -3.1442072e-02
  -2.7405635e-02
  -2.2635804e-02
  -1.9631065e-02
  -1.8234164e-02
  -1.7336946e-02
  -1.5754186e-02
  -1.2872397e-02
  -8.6465813e-03
  -3.7231930e-03
  -2.0197718e-04
   1.8586982e-04
  -2.6526726e-03
  -7.5835655e-03
  -9.5092412e-03
  -2.1080321e-02
  -4.5536183e-02
  -5.5182387e-02
  -0.0000000e+00
  -3.9793860e-02
  -6.9006811e-02
   0.0000000e+00
  -0.0000000e+00
  -1.3543296e-02
  -1.5994765e-02
  -1.6486457e-02
  -1.8149456e-02
  -1.9075481e-02
  -1.9082231e-02
  -1.8254563e-02
  -1.8166529e-02
  -1.9397000e-02
  -2.1874139e-02
  -2.4533171e-02
  -2.7326919e-02
  -2.8166320e-02
  -2.6707126e-02
  -2.3971444e-02
  -2.0593472e-02
  -1.8440979e-02
  -1.7269457e-02
  -1.7247653e-02
  -1.7269280e-02
  -1.6245080e-02
  -1.3622293e-02
  -8.8190902e-03
  -3.5508343e-03
  -4.6798792e-05
  -2.7758739e-04
  -3.2580055e-03
  -4.3204399e-03
  -1.3197783e-02
  -3.5335388e-02
  -5.1976110e-02
   0.0000000e+00
  -2.0718962e-02
  -4.6169524e-02
   0.0000000e+00
  -0.0000000e+00
  -7.1174218e-03
  -8.8225035e-03
  -9.2744613e-03
  -1.1175632e-02
  -1.2993402e-02
  -1.3670865e-02
  -1.3002768e-02
  -1.2404759e-02
  -1.2533722e-02
  -1.3997704e-02
  -1.5851626e-02
  -1.7977016e-02
  -1.8938765e-02
  -1.8147497e-02
  -1.6464248e-02
  -1.4378941e-02
  -1.2666211e-02
  -1.1396497e-02
  -1.1235056e-02
  -1.1956963e-02
  -1.2212923e-02
  -1.1546732e-02
  -9.0299360e-03
  -4.8322198e-03
  -6.0188945e-04
   1.0844031e-03
  -2.3682746e-04
  -2.5501728e-04
  -6.5532257e-03
  -2.0144496e-02
  -2.0520509e-02
   7.9705500e-03
  -8.2338387e-03
  -2.8207213e-02
   0.0000000e+00
  -1.0501448e-02
  -2.9297394e-03
  -5.9533224e-04
  -4.1969691e-04
  -2.0957629e-03
  -4.5279902e-03
  -6.1733210e-03
  -6.3940454e-03
  -6.0404390e-03
  -5.8583366e-03
  -6.5827100e-03
  -7.9841306e-03
  -9.6849063e-03
  -1.0459499e-02
  -9.9516418e-03
  -8.7418715e-03
  -7.1545416e-03
  -5.4716934e-03
  -4.4331001e-03
  -4.1773422e-03
  -5.2460846e-03
  -5.9631253e-03
  -5.7998123e-03
  -4.8682326e-03
  -2.0333054e-03
   1.2399979e-03
   3.3981984e-03
   2.7681061e-03
   5.7993671e-03
   1.5020669e-03
  -5.0455756e-03
  -5.6862612e-03
   6.3490900e-03
   1.0297769e-03
  -9.6296016e-03
  -4.9548760e-03
  -1.5310362e-02
  -1.2661947e-04
   1.3205335e-02
   1.4691739e-02
   1.2494443e-02
   8.9644603e-03
   5.9020454e-03
   4.3553198e-03
   4.0101502e-03
   3.7887585e-03
   3.1023968e-03
   1.6746870e-03
   1.2705615e-04
  -2.2995434e-04
   2.7797662e-04
   1.5536331e-03
   2.8867521e-03
   4.2401953e-03
   5.3180363e-03
   4.9985670e-03
   3.4605723e-03
   2.5539880e-03
   2.9826215e-03
   3.5853882e-03
   5.2084131e-03
   7.2523430e-03
   8.9094071e-03
   8.4410654e-03
   1.1991319e-02
   9.1538558e-03
   6.3639935e-03
   5.6553693e-03
   1.2295502e-02
   7.7658974e-03
   1.8189646e-03
   9.1410901e-03
  -1.4207364e-02
  -5.5235298e-03
   1.7898621e-02
   2.4695907e-02
   2.4009619e-02
   1.9914662e-02
   1.5967567e-02
   1.3823372e-02
   1.3064548e-02
   1.2498262e-02
   1.1358534e-02
   9.3772382e-03
   7.7010789e-03
   7.6210485e-03
   8.3506824e-03
   9.9507794e-03
   1.1676276e-02
   1.2562501e-02
   1.2973353e-02
   1.2151001e-02
   1.0354884e-02
   9.2144748e-03
   1.0265612e-02
   1.1226486e-02
   1.2515280e-02
   1.4022356e-02
   1.4892675e-02
   1.4261233e-02
   1.7871831e-02
   1.6526697e-02
   1.7296676e-02
   1.8198192e-02
   2.4281653e-02
   2.1522574e-02
   0.0000000e+00
   2.1517379e-02
  -1.5425961e-05
  -8.2928250e-03
   1.2592359e-02
   2.4006272e-02
   2.8382242e-02
   2.7162747e-02
   2.3996303e-02
   2.2363223e-02
   2.1732628e-02
   2.0977788e-02
   1.9086098e-02
   1.6190801e-02
   1.4339739e-02
   1.4264133e-02
   1.5277610e-02
   1.7450456e-02
   1.9580651e-02
   2.0242348e-02
   1.9561647e-02
   1.7780092e-02
   1.5500135e-02
   1.4443112e-02
   1.6008247e-02
   1.8087933e-02
   1.9751998e-02
   2.0896353e-02
   2.0813474e-02
   1.9853201e-02
   1.6849814e-02
   1.5855756e-02
   1.7151464e-02
   2.0128489e-02
   2.5544624e-02
   2.8022608e-02
   0.0000000e+00
   1.1354218e-02
   3.4664788e-03
  -4.9026893e-03
   7.0139900e-03
   1.6225865e-02
   2.2108680e-02
   2.3679734e-02
   2.2711866e-02
   2.2188649e-02
   2.2154867e-02
   2.1352228e-02
   1.9088693e-02
   1.6106250e-02
   1.4202348e-02
   1.3993408e-02
   1.5438716e-02
   1.7817907e-02
   1.9976823e-02
   2.0684606e-02
   1.9254612e-02
   1.6881414e-02
   1.3649666e-02
   1.2343160e-02
   1.4094085e-02
   1.7051423e-02
   1.9806748e-02
   2.0894578e-02
   2.0287535e-02
   1.9043149e-02
   8.7503566e-03
   7.5660893e-03
   7.7342112e-03
   1.0626373e-02
   1.5592354e-02
   1.9341439e-02
   1.5418850e-02
   9.5897382e-03
   2.5155662e-03
  -1.3122534e-03
   2.7003346e-03
   7.5011757e-03
   1.1213000e-02
   1.2892432e-02
   1.3871068e-02
   1.4508104e-02
   1.4925919e-02
   1.3976377e-02
   1.1540303e-02
   9.1036418e-03
   8.1522306e-03
   8.1885792e-03
   1.0272277e-02
   1.2031357e-02
   1.3626430e-02
   1.3925223e-02
   1.2157053e-02
   9.2995342e-03
   5.9225047e-03
   3.8582142e-03
   5.2172424e-03
   8.2441904e-03
   1.1388013e-02
   1.2408431e-02
   1.1697844e-02
   1.0713482e-02
  -1.9646036e-03
  -2.9122028e-03
  -3.1047533e-03
  -1.6395578e-03
   2.1170502e-03
   5.6897178e-03
   7.1955905e-03
   3.7575180e-03
  -1.5223906e-03
  -3.4785108e-03
  -3.0171691e-03
  -1.7104790e-03
   9.5159310e-05
   1.9379148e-03
   3.6690198e-03
   5.2348422e-03
   5.6453271e-03
   4.6503618e-03
   2.1769560e-03
   3.8971376e-04
   9.5641991e-04
   1.5518883e-03
   3.4540407e-03
   4.2896746e-03
   4.8120110e-03
   4.7364238e-03
   2.4848343e-03
  -1.1631899e-03
  -3.9527605e-03
  -5.8937250e-03
  -5.2199569e-03
  -3.1717154e-03
  -1.9838841e-04
   8.6025416e-04
   1.9186880e-04
  -5.4358033e-04
  -8.0455458e-03
  -8.1715146e-03
  -8.1809377e-03
  -7.5031817e-03
  -4.7058724e-03
  -1.4799237e-03
  -7.2488806e-04
  -3.5993194e-03
  -5.1605063e-03
  -7.2957319e-03
  -8.0436142e-03
  -7.7444375e-03
  -6.5600765e-03
  -4.7382172e-03
  -2.9505615e-03
  -7.8954123e-04
  -5.5591948e-04
  -1.3128878e-03
  -3.5478135e-03
  -4.5237038e-03
  -3.2901159e-03
  -2.4803283e-03
  -1.3329785e-03
  -1.0096949e-03
  -1.4878229e-03
  -2.6254696e-03
  -5.3305067e-03
  -8.9478148e-03
  -1.1806143e-02
  -1.2889122e-02
  -1.2672051e-02
  -1.1051505e-02
  -8.0903769e-03
  -7.2898027e-03
  -7.1772411e-03
  -7.5475238e-03
  -7.3066652e-03
  -7.2386196e-03
  -7.1626762e-03
  -6.5161767e-03
  -4.8200818e-03
  -3.2230204e-03
  -4.2353813e-03
  -7.9136444e-03
  -6.9776978e-03
  -6.7200167e-03
  -7.5963824e-03
  -7.7923005e-03
  -6.7719221e-03
  -5.2370488e-03
  -3.9635524e-03
  -3.2256609e-03
  -2.8653316e-03
  -2.5839864e-03
  -3.8433240e-03
  -4.0510045e-03
  -3.5409855e-03
  -2.7960388e-03
  -2.2625194e-03
  -2.2253199e-03
  -2.9572567e-03
  -5.2205341e-03
  -8.3023608e-03
  -1.0953291e-02
  -1.3278480e-02
  -1.4418869e-02
  -1.4979444e-02
  -1.3640169e-02
  -1.0636172e-02
  -8.9253858e-03
  -8.0346232e-03
  -7.4886014e-03
  -8.9382529e-04
  -1.0798044e-03
  -1.0739280e-03
  -7.1156564e-04
  -5.4076086e-04
  -7.2313050e-04
  -2.1057199e-03
  -4.8145615e-03
  -5.4347908e-03
  -3.2160699e-03
  -1.5449172e-03
  -6.9013524e-04
  -1.1542303e-04
   3.6458748e-04
   8.3883619e-04
   1.1346786e-03
   1.2745983e-03
   8.9791044e-04
   4.0284558e-04
   4.3423453e-04
   6.1472974e-04
   6.0509707e-04
   1.1871734e-04
  -2.6847993e-04
  -8.0423572e-04
  -2.1570734e-03
  -3.6661415e-03
  -4.8290861e-03
  -5.9819395e-03
  -6.7365792e-03
  -6.7222109e-03
  -5.7017036e-03
  -4.2346108e-03
  -2.8036465e-03
  -1.6001719e-03
  -1.0413216e-03
