-START-OF-DATA-
0 0.000278
10 0.000278
20 0.000278
30 0.000278
40 0.000278
50 0.000278
60 0.000278
70 0.000278
80 0.000278
90 0.000278
100 0.000278
110 0.000278
120 0.000278
130 0.000278
140 0.000278
150 0.000278
160 0.000278
170 0.000278
180 0.000278
190 0.000278
200 0.000278
210 0.000278
220 0.000278
230 0.000278
240 0.000278
250 0.000278
260 0.000278
270 0.000278
280 0.000278
290 0.000278
300 0.000278
310 0.000278
320 0.000278
330 0.000278
340 0.000278
350 0.000278
360 0.000278
370 0.000278
380 0.000278
390 0.000278
400 0.000278
410 0.000278
420 0.000278
430 0.000278
440 0.000278
450 0.000278
460 0.000278
470 0.000278
480 0.000278
490 0.000278
500 0.000278
510 0.000278
520 0.000278
530 0.000278
540 0.000278
550 0.000278
560 0.000278
570 0.000278
580 0.000278
590 0.000278
600 0.000278
610 0.000278
620 0.000278
630 0.000278
640 0.000278
650 0.000278
660 0.000278
670 0.000278
680 0.000278
690 0.000278
700 0.000278
710 0.000278
720 0.000278
730 0.000278
740 0.000278
750 0.000278
760 0.000278
770 0.000278
780 0.000278
790 0.000278
800 0.000278
810 0.000278
820 0.000278
830 0.000278
840 0.000278
850 0.000278
860 0.000278
870 0.000278
880 0.000278
890 0.000278
900 0.000278
910 0.000278
920 0.000278
930 0.000278
940 0.000278
950 0.000278
960 0.000278
970 0.000278
980 0.000278
990 0.000278
1000 0.000278
1010 0.000278
1020 0.000278
1030 0.000278
1040 0.000278
1050 0.000278
1060 0.000278
1070 0.000278
1080 0.000278
1090 0.000278
1100 0.000278
1110 0.000278
1120 0.000278
1130 0.000278
1140 0.000278
1150 0.000278
1160 0.000278
1170 0.000278
1180 0.000278
1190 0.000278
1200 0.000278
1210 0.000278
1220 0.000278
1230 0.000278
1240 0.000278
1250 0.000278
1260 0.000278
1270 0.000278
1280 0.000278
1290 0.000278
1300 0.000278
1310 0.000278
1320 0.000278
1330 0.000278
1340 0.000278
1350 0.000278
1360 0.000278
1370 0.000278
1380 0.000278
1390 0.000278
1400 0.000278
1410 0.000278
1420 0.000278
1430 0.000278
1440 0.000278
1450 0.000278
1460 0.000278
1470 0.000278
1480 0.000278
1490 0.000278
1500 0.000278
1510 0.000278
1520 0.000278
1530 0.000278
1540 0.000278
1550 0.000278
1560 0.000278
1570 0.000278
1580 0.000278
1590 0.000278
1600 0.000278
1610 0.000278
1620 0.000278
1630 0.000278
1640 0.000278
1650 0.000278
1660 0.000278
1670 0.000278
1680 0.000278
1690 0.000278
1700 0.000278
1710 0.000278
1720 0.000278
1730 0.000278
1740 0.000278
1750 0.000278
1760 0.000278
1770 0.000278
1780 0.000278
1790 0.000278
1800 0.000278
1810 0.000278
1820 0.000278
1830 0.000278
1840 0.000278
1850 0.000278
1860 0.000278
1870 0.000278
1880 0.000278
1890 0.000278
1900 0.000278
1910 0.000278
1920 0.000278
1930 0.000278
1940 0.000278
1950 0.000278
1960 0.000278
1970 0.000278
1980 0.000278
1990 0.000278
2000 0.000278
2010 0.000286611295681063
2020 0.000295222591362126
2030 0.000303833887043189
2040 0.000312445182724252
2050 0.000321056478405316
2060 0.000329667774086379
2070 0.000338279069767442
2080 0.000346890365448505
2090 0.000355501661129568
2100 0.000364112956810631
2110 0.000372724252491694
2120 0.000381335548172757
2130 0.000389946843853821
2140 0.000398558139534884
2150 0.000407169435215947
2160 0.00041578073089701
2170 0.000424392026578073
2180 0.000433003322259136
2190 0.000441614617940199
2200 0.000450225913621262
2210 0.000458837209302326
2220 0.000467448504983389
2230 0.000476059800664452
2240 0.000484671096345515
2250 0.000493282392026578
2260 0.000501893687707641
2270 0.000510504983388704
2280 0.000519116279069767
2290 0.000527727574750831
2300 0.000536338870431894
2310 0.000544950166112957
2320 0.00055356146179402
2330 0.000562172757475083
2340 0.000570784053156146
2350 0.000579395348837209
2360 0.000588006644518272
2370 0.000596617940199336
2380 0.000605229235880399
2390 0.000613840531561462
2400 0.000622451827242525
2410 0.000631063122923588
2420 0.000639674418604651
2430 0.000648285714285714
2440 0.000656897009966777
2450 0.000665508305647841
2460 0.000674119601328904
2470 0.000682730897009967
2480 0.00069134219269103
2490 0.000699953488372093
2500 0.000708564784053156
2510 0.000717176079734219
2520 0.000725787375415282
2530 0.000734398671096345
2540 0.000743009966777409
2550 0.000751621262458472
2560 0.000760232558139535
2570 0.000768843853820598
2580 0.000777455149501661
2590 0.000786066445182724
2600 0.000794677740863787
2610 0.00080328903654485
2620 0.000811900332225914
2630 0.000820511627906977
2640 0.00082912292358804
2650 0.000837734219269103
2660 0.000846345514950166
2670 0.000854956810631229
2680 0.000863568106312292
2690 0.000872179401993356
2700 0.000880790697674419
2710 0.000889401993355482
2720 0.000898013289036545
2730 0.000906624584717608
2740 0.000915235880398671
2750 0.000923847176079734
2760 0.000932458471760797
2770 0.000941069767441861
2780 0.000949681063122924
2790 0.000958292358803987
2800 0.00096690365448505
2810 0.000975514950166113
2820 0.000984126245847176
2830 0.000992737541528239
2840 0.0010013488372093
2850 0.00100996013289037
2860 0.00101857142857143
2870 0.00102718272425249
2880 0.00103579401993355
2890 0.00104440531561462
2900 0.00105301661129568
2910 0.00106162790697674
2920 0.00107023920265781
2930 0.00107885049833887
2940 0.00108746179401993
2950 0.001096073089701
2960 0.00110468438538206
2970 0.00111329568106312
2980 0.00112190697674419
2990 0.00113051827242525
3000 0.00113912956810631
3010 0.00114774086378738
3020 0.00115635215946844
3030 0.0011649634551495
3040 0.00117357475083056
3050 0.00118218604651163
3060 0.00119079734219269
3070 0.00119940863787375
3080 0.00120801993355482
3090 0.00121663122923588
3100 0.00122524252491694
3110 0.00123385382059801
3120 0.00124246511627907
3130 0.00125107641196013
3140 0.0012596877076412
3150 0.00126829900332226
3160 0.00127691029900332
3170 0.00128552159468439
3180 0.00129413289036545
3190 0.00130274418604651
3200 0.00131135548172757
3210 0.00131996677740864
3220 0.0013285780730897
3230 0.00133718936877076
3240 0.00134580066445183
3250 0.00135441196013289
3260 0.00136302325581395
3270 0.00137163455149502
3280 0.00138024584717608
3290 0.00138885714285714
3300 0.00139746843853821
3310 0.00140607973421927
3320 0.00141469102990033
3330 0.0014233023255814
3340 0.00143191362126246
3350 0.00144052491694352
3360 0.00144913621262458
3370 0.00145774750830565
3380 0.00146635880398671
3390 0.00147497009966777
3400 0.00148358139534884
3410 0.0014921926910299
3420 0.00150080398671096
3430 0.00150941528239203
3440 0.00151802657807309
3450 0.00152663787375415
3460 0.00153524916943522
3470 0.00154386046511628
3480 0.00155247176079734
3490 0.00156108305647841
3500 0.00156969435215947
3510 0.00157830564784053
3520 0.00158691694352159
3530 0.00159552823920266
3540 0.00160413953488372
3550 0.00161275083056478
3560 0.00162136212624585
3570 0.00162997342192691
3580 0.00163858471760797
3590 0.00164719601328904
3600 0.0016558073089701
3610 0.00166441860465116
3620 0.00167302990033223
3630 0.00168164119601329
3640 0.00169025249169435
3650 0.00169886378737542
3660 0.00170747508305648
3670 0.00171608637873754
3680 0.0017246976744186
3690 0.00173330897009967
3700 0.00174192026578073
3710 0.00175053156146179
3720 0.00175914285714286
3730 0.00176775415282392
3740 0.00177636544850498
3750 0.00178497674418605
3760 0.00179358803986711
3770 0.00180219933554817
3780 0.00181081063122924
3790 0.0018194219269103
3800 0.00182803322259136
3810 0.00183664451827243
3820 0.00184525581395349
3830 0.00185386710963455
3840 0.00186247840531561
3850 0.00187108970099668
3860 0.00187970099667774
3870 0.0018883122923588
3880 0.00189692358803987
3890 0.00190553488372093
3900 0.00191414617940199
3910 0.00192275747508306
3920 0.00193136877076412
3930 0.00193998006644518
3940 0.00194859136212625
3950 0.00195720265780731
3960 0.00196581395348837
3970 0.00197442524916944
3980 0.0019830365448505
3990 0.00199164784053156
4000 0.00200025913621262
4010 0.00200887043189369
4020 0.00201748172757475
4030 0.00202609302325581
4040 0.00203470431893688
4050 0.00204331561461794
4060 0.002051926910299
4070 0.00206053820598007
4080 0.00206914950166113
4090 0.00207776079734219
4100 0.00208637209302326
4110 0.00209498338870432
4120 0.00210359468438538
4130 0.00211220598006644
4140 0.00212081727574751
4150 0.00212942857142857
4160 0.00213803986710963
4170 0.0021466511627907
4180 0.00215526245847176
4190 0.00216387375415282
4200 0.00217248504983389
4210 0.00218109634551495
4220 0.00218970764119601
4230 0.00219831893687708
4240 0.00220693023255814
4250 0.0022155415282392
4260 0.00222415282392027
4270 0.00223276411960133
4280 0.00224137541528239
4290 0.00224998671096346
4300 0.00225859800664452
4310 0.00226720930232558
4320 0.00227582059800664
4330 0.00228443189368771
4340 0.00229304318936877
4350 0.00230165448504983
4360 0.0023102657807309
4370 0.00231887707641196
4380 0.00232748837209302
4390 0.00233609966777409
4400 0.00234471096345515
4410 0.00235332225913621
4420 0.00236193355481728
4430 0.00237054485049834
4440 0.0023791561461794
4450 0.00238776744186047
4460 0.00239637873754153
4470 0.00240499003322259
4480 0.00241360132890365
4490 0.00242221262458472
4500 0.00243082392026578
4510 0.00243943521594684
4520 0.00244804651162791
4530 0.00245665780730897
4540 0.00246526910299003
4550 0.0024738803986711
4560 0.00248249169435216
4570 0.00249110299003322
4580 0.00249971428571429
4590 0.00250832558139535
4600 0.00251693687707641
4610 0.00252554817275748
4620 0.00253415946843854
4630 0.0025427707641196
4640 0.00255138205980066
4650 0.00255999335548173
4660 0.00256860465116279
4670 0.00257721594684385
4680 0.00258582724252492
4690 0.00259443853820598
4700 0.00260304983388704
4710 0.00261166112956811
4720 0.00262027242524917
4730 0.00262888372093023
4740 0.0026374950166113
4750 0.00264610631229236
4760 0.00265471760797342
4770 0.00266332890365449
4780 0.00267194019933555
4790 0.00268055149501661
4800 0.00268916279069767
4810 0.00269777408637874
4820 0.0027063853820598
4830 0.00271499667774086
4840 0.00272360797342193
4850 0.00273221926910299
4860 0.00274083056478405
4870 0.00274944186046512
4880 0.00275805315614618
4890 0.00276666445182724
4900 0.00277527574750831
4910 0.00278388704318937
4920 0.00279249833887043
4930 0.0028011096345515
4940 0.00280972093023256
4950 0.00281833222591362
4960 0.00282694352159468
4970 0.00283555481727575
4980 0.00284416611295681
4990 0.00285277740863787
5000 0.00286138870431894
5010 0.00287
5020 0.00287
5030 0.00287
5040 0.00287
5050 0.00287
5060 0.00287
5070 0.00287
5080 0.00287
5090 0.00287
5100 0.00287
5110 0.00287
5120 0.00287
5130 0.00287
5140 0.00287
5150 0.00287
5160 0.00287
5170 0.00287
5180 0.00287
5190 0.00287
5200 0.00287
5210 0.00287
5220 0.00287
5230 0.00287
5240 0.00287
5250 0.00287
5260 0.00287
5270 0.00287
5280 0.00287
5290 0.00287
5300 0.00287
5310 0.00287
5320 0.00287
5330 0.00287
5340 0.00287
5350 0.00287
5360 0.00287
5370 0.00287
5380 0.00287
5390 0.00287
5400 0.00287
5410 0.00287
5420 0.00287
5430 0.00287
5440 0.00287
5450 0.00287
5460 0.00287
5470 0.00287
5480 0.00287
5490 0.00287
5500 0.00287
5510 0.00287
5520 0.00287
5530 0.00287
5540 0.00287
5550 0.00287
5560 0.00287
5570 0.00287
5580 0.00287
5590 0.00287
5600 0.00287
5610 0.00287
5620 0.00287
5630 0.00287
5640 0.00287
5650 0.00287
5660 0.00287
5670 0.00287
5680 0.00287
5690 0.00287
5700 0.00287
5710 0.00287
5720 0.00287
5730 0.00287
5740 0.00287
5750 0.00287
5760 0.00287
5770 0.00287
5780 0.00287
5790 0.00287
5800 0.00287
5810 0.00287
5820 0.00287
5830 0.00287
5840 0.00287
5850 0.00287
5860 0.00287
5870 0.00287
5880 0.00287
5890 0.00287
5900 0.00287
5910 0.00287
5920 0.00287
5930 0.00287
5940 0.00287
5950 0.00287
5960 0.00287
5970 0.00287
5980 0.00287
5990 0.00287
6000 0.00287
6010 0.00287
6020 0.00287
6030 0.00287
6040 0.00287
6050 0.00287
6060 0.00287
6070 0.00287
6080 0.00287
6090 0.00287
6100 0.00287
6110 0.00287
6120 0.00287
6130 0.00287
6140 0.00287
6150 0.00287
6160 0.00287
6170 0.00287
6180 0.00287
6190 0.00287
6200 0.00287
6210 0.00287
6220 0.00287
6230 0.00287
6240 0.00287
6250 0.00287
6260 0.00287
6270 0.00287
6280 0.00287
6290 0.00287
6300 0.00287
6310 0.00287
6320 0.00287
6330 0.00287
6340 0.00287
6350 0.00287
6360 0.00287
6370 0.00287
6380 0.00287
6390 0.00287
6400 0.00287
6410 0.00287
6420 0.00287
6430 0.00287
6440 0.00287
6450 0.00287
6460 0.00287
6470 0.00287
6480 0.00287
6490 0.00287
6500 0.00287
6510 0.00287
6520 0.00287
6530 0.00287
6540 0.00287
6550 0.00287
6560 0.00287
6570 0.00287
6580 0.00287
6590 0.00287
6600 0.00287
6610 0.00287
6620 0.00287
6630 0.00287
6640 0.00287
6650 0.00287
6660 0.00287
6670 0.00287
6680 0.00287
6690 0.00287
6700 0.00287
6710 0.00287
6720 0.00287
6730 0.00287
6740 0.00287
6750 0.00287
6760 0.00287
6770 0.00287
6780 0.00287
6790 0.00287
6800 0.00287
6810 0.00287
6820 0.00287
6830 0.00287
6840 0.00287
6850 0.00287
6860 0.00287
6870 0.00287
6880 0.00287
6890 0.00287
6900 0.00287
6910 0.00287
6920 0.00287
6930 0.00287
6940 0.00287
6950 0.00287
6960 0.00287
6970 0.00287
6980 0.00287
6990 0.00287
7000 0.00287
7010 0.00287
7020 0.00287
7030 0.00287
7040 0.00287
7050 0.00287
7060 0.00287
7070 0.00287
7080 0.00287
7090 0.00287
7100 0.00287
7110 0.00287
7120 0.00287
7130 0.00287
7140 0.00287
7150 0.00287
7160 0.00287
7170 0.00287
7180 0.00287
7190 0.00287
7200 0.00287
7210 0.00287
7220 0.00287
7230 0.00287
7240 0.00287
7250 0.00287
7260 0.00287
7270 0.00287
7280 0.00287
7290 0.00287
7300 0.00287
7310 0.00287
7320 0.00287
7330 0.00287
7340 0.00287
7350 0.00287
7360 0.00287
7370 0.00287
7380 0.00287
7390 0.00287
7400 0.00287
7410 0.00287
7420 0.00287
7430 0.00287
7440 0.00287
7450 0.00287
7460 0.00287
7470 0.00287
7480 0.00287
7490 0.00287
7500 0.00287
7510 0.00287
7520 0.00287
7530 0.00287
7540 0.00287
7550 0.00287
7560 0.00287
7570 0.00287
7580 0.00287
7590 0.00287
7600 0.00287
7610 0.00287
7620 0.00287
7630 0.00287
7640 0.00287
7650 0.00287
7660 0.00287
7670 0.00287
7680 0.00287
7690 0.00287
7700 0.00287
7710 0.00287
7720 0.00287
7730 0.00287
7740 0.00287
7750 0.00287
7760 0.00287
7770 0.00287
7780 0.00287
7790 0.00287
7800 0.00287
7810 0.00287
7820 0.00287
7830 0.00287
7840 0.00287
7850 0.00287
7860 0.00287
7870 0.00287
7880 0.00287
7890 0.00287
7900 0.00287
7910 0.00287
7920 0.00287
7930 0.00287
7940 0.00287
7950 0.00287
7960 0.00287
7970 0.00287
7980 0.00287
7990 0.00287
8000 0.00287
8010 0.00287
8020 0.00287
8030 0.00287
8040 0.00287
8050 0.00287
8060 0.00287
8070 0.00287
8080 0.00287
8090 0.00287
8100 0.00287
8110 0.00287
8120 0.00287
8130 0.00287
8140 0.00287
8150 0.00287
8160 0.00287
8170 0.00287
8180 0.00287
8190 0.00287
8200 0.00287
8210 0.00287
8220 0.00287
8230 0.00287
8240 0.00287
8250 0.00287
8260 0.00287
8270 0.00287
8280 0.00287
8290 0.00287
8300 0.00287
8310 0.00287
8320 0.00287
8330 0.00287
8340 0.00287
8350 0.00287
8360 0.00287
8370 0.00287
8380 0.00287
8390 0.00287
8400 0.00287
8410 0.00287
8420 0.00287
8430 0.00287
8440 0.00287
8450 0.00287
8460 0.00287
8470 0.00287
8480 0.00287
8490 0.00287
8500 0.00287
8510 0.00287
8520 0.00287
8530 0.00287
8540 0.00287
8550 0.00287
8560 0.00287
8570 0.00287
8580 0.00287
8590 0.00287
8600 0.00287
8610 0.00287
8620 0.00287
8630 0.00287
8640 0.00287
8650 0.00287
8660 0.00287
8670 0.00287
8680 0.00287
8690 0.00287
8700 0.00287
8710 0.00287
8720 0.00287
8730 0.00287
8740 0.00287
8750 0.00287
8760 0.00287
8770 0.00287
8780 0.00287
8790 0.00287
8800 0.00287
8810 0.00287
8820 0.00287
8830 0.00287
8840 0.00287
8850 0.00287
8860 0.00287
8870 0.00287
8880 0.00287
8890 0.00287
8900 0.00287
8910 0.00287
8920 0.00287
8930 0.00287
8940 0.00287
8950 0.00287
8960 0.00287
8970 0.00287
8980 0.00287
8990 0.00287
9000 0.00287
9010 0.00287
9020 0.00287
9030 0.00287
9040 0.00287
9050 0.00287
9060 0.00287
9070 0.00287
9080 0.00287
9090 0.00287
9100 0.00287
9110 0.00287
9120 0.00287
9130 0.00287
9140 0.00287
9150 0.00287
9160 0.00287
9170 0.00287
9180 0.00287
9190 0.00287
9200 0.00287
9210 0.00287
9220 0.00287
9230 0.00287
9240 0.00287
9250 0.00287
9260 0.00287
9270 0.00287
9280 0.00287
9290 0.00287
9300 0.00287
9310 0.00287
9320 0.00287
9330 0.00287
9340 0.00287
9350 0.00287
9360 0.00287
9370 0.00287
9380 0.00287
9390 0.00287
9400 0.00287
9410 0.00287
9420 0.00287
9430 0.00287
9440 0.00287
9450 0.00287
9460 0.00287
9470 0.00287
9480 0.00287
9490 0.00287
9500 0.00287
9510 0.00287
9520 0.00287
9530 0.00287
9540 0.00287
9550 0.00287
9560 0.00287
9570 0.00287
9580 0.00287
9590 0.00287
9600 0.00287
9610 0.00287
9620 0.00287
9630 0.00287
9640 0.00287
9650 0.00287
9660 0.00287
9670 0.00287
9680 0.00287
9690 0.00287
9700 0.00287
9710 0.00287
9720 0.00287
9730 0.00287
9740 0.00287
9750 0.00287
9760 0.00287
9770 0.00287
9780 0.00287
9790 0.00287
9800 0.00287
9810 0.00287
9820 0.00287
9830 0.00287
9840 0.00287
9850 0.00287
9860 0.00287
9870 0.00287
9880 0.00287
9890 0.00287
9900 0.00287
9910 0.00287
9920 0.00287
9930 0.00287
9940 0.00287
9950 0.00287
9960 0.00287
9970 0.00287
9980 0.00287
9990 0.00287
10000 0.00287
10010 0.00287
10020 0.00287
10030 0.00287
10040 0.00287
10050 0.00287
10060 0.00287
10070 0.00287
10080 0.00287
10090 0.00287
10100 0.00287
10110 0.00287
10120 0.00287
10130 0.00287
10140 0.00287
10150 0.00287
10160 0.00287
10170 0.00287
10180 0.00287
10190 0.00287
10200 0.00287
10210 0.00287
10220 0.00287
10230 0.00287
10240 0.00287
10250 0.00287
10260 0.00287
10270 0.00287
10280 0.00287
10290 0.00287
10300 0.00287
10310 0.00287
10320 0.00287
10330 0.00287
10340 0.00287
10350 0.00287
10360 0.00287
10370 0.00287
10380 0.00287
10390 0.00287
10400 0.00287
10410 0.00287
10420 0.00287
10430 0.00287
10440 0.00287
10450 0.00287
10460 0.00287
10470 0.00287
10480 0.00287
10490 0.00287
10500 0.00287
10510 0.00287
10520 0.00287
10530 0.00287
10540 0.00287
10550 0.00287
10560 0.00287
10570 0.00287
10580 0.00287
10590 0.00287
10600 0.00287
10610 0.00287
10620 0.00287
10630 0.00287
10640 0.00287
10650 0.00287
10660 0.00287
10670 0.00287
10680 0.00287
10690 0.00287
10700 0.00287
10710 0.00287
10720 0.00287
10730 0.00287
10740 0.00287
10750 0.00287
10760 0.00287
10770 0.00287
10780 0.00287
10790 0.00287
10800 0.00287
10810 0.00287
10820 0.00287
10830 0.00287
10840 0.00287
10850 0.00287
10860 0.00287
10870 0.00287
10880 0.00287
10890 0.00287
10900 0.00287
10910 0.00287
10920 0.00287
10930 0.00287
10940 0.00287
10950 0.00287
10960 0.00287
10970 0.00287
10980 0.00287
10990 0.00287
11000 0.00287
11010 0.00287
11020 0.00287
11030 0.00287
11040 0.00287
11050 0.00287
11060 0.00287
11070 0.00287
11080 0.00287
11090 0.00287
11100 0.00287
11110 0.00287
11120 0.00287
11130 0.00287
11140 0.00287
11150 0.00287
11160 0.00287
11170 0.00287
11180 0.00287
11190 0.00287
11200 0.00287
11210 0.00287
11220 0.00287
11230 0.00287
11240 0.00287
11250 0.00287
11260 0.00287
11270 0.00287
11280 0.00287
11290 0.00287
11300 0.00287
11310 0.00287
11320 0.00287
11330 0.00287
11340 0.00287
11350 0.00287
11360 0.00287
11370 0.00287
11380 0.00287
11390 0.00287
11400 0.00287
11410 0.00287
11420 0.00287
11430 0.00287
11440 0.00287
11450 0.00287
11460 0.00287
11470 0.00287
11480 0.00287
11490 0.00287
11500 0.00287
11510 0.00287
11520 0.00287
11530 0.00287
11540 0.00287
11550 0.00287
11560 0.00287
11570 0.00287
11580 0.00287
11590 0.00287
11600 0.00287
11610 0.00287
11620 0.00287
11630 0.00287
11640 0.00287
11650 0.00287
11660 0.00287
11670 0.00287
11680 0.00287
11690 0.00287
11700 0.00287
11710 0.00287
11720 0.00287
11730 0.00287
11740 0.00287
11750 0.00287
11760 0.00287
11770 0.00287
11780 0.00287
11790 0.00287
11800 0.00287
11810 0.00287
11820 0.00287
11830 0.00287
11840 0.00287
11850 0.00287
11860 0.00287
11870 0.00287
11880 0.00287
11890 0.00287
11900 0.00287
11910 0.00287
11920 0.00287
11930 0.00287
11940 0.00287
11950 0.00287
11960 0.00287
11970 0.00287
11980 0.00287
11990 0.00287
12000 0.00287
12010 0.00287
12020 0.00287
12030 0.00287
12040 0.00287
12050 0.00287
12060 0.00287
12070 0.00287
12080 0.00287
12090 0.00287
12100 0.00287
12110 0.00287
12120 0.00287
12130 0.00287
12140 0.00287
12150 0.00287
12160 0.00287
12170 0.00287
12180 0.00287
12190 0.00287
12200 0.00287
12210 0.00287
12220 0.00287
12230 0.00287
12240 0.00287
12250 0.00287
12260 0.00287
12270 0.00287
12280 0.00287
12290 0.00287
12300 0.00287
12310 0.00287
12320 0.00287
12330 0.00287
12340 0.00287
12350 0.00287
12360 0.00287
12370 0.00287
12380 0.00287
12390 0.00287
12400 0.00287
12410 0.00287
12420 0.00287
12430 0.00287
12440 0.00287
12450 0.00287
12460 0.00287
12470 0.00287
12480 0.00287
12490 0.00287
12500 0.00287
12510 0.00287
12520 0.00287
12530 0.00287
12540 0.00287
12550 0.00287
12560 0.00287
12570 0.00287
12580 0.00287
12590 0.00287
12600 0.00287
12610 0.00287
12620 0.00287
12630 0.00287
12640 0.00287
12650 0.00287
12660 0.00287
12670 0.00287
12680 0.00287
12690 0.00287
12700 0.00287
12710 0.00287
12720 0.00287
12730 0.00287
12740 0.00287
12750 0.00287
12760 0.00287
12770 0.00287
12780 0.00287
12790 0.00287
12800 0.00287
12810 0.00287
12820 0.00287
12830 0.00287
12840 0.00287
12850 0.00287
12860 0.00287
12870 0.00287
12880 0.00287
12890 0.00287
12900 0.00287
12910 0.00287
12920 0.00287
12930 0.00287
12940 0.00287
12950 0.00287
12960 0.00287
12970 0.00287
12980 0.00287
12990 0.00287
13000 0.00287
13010 0.00287
13020 0.00287
13030 0.00287
13040 0.00287
13050 0.00287
13060 0.00287
13070 0.00287
13080 0.00287
13090 0.00287
13100 0.00287
13110 0.00287
13120 0.00287
13130 0.00287
13140 0.00287
13150 0.00287
13160 0.00287
13170 0.00287
13180 0.00287
13190 0.00287
13200 0.00287
13210 0.00287
13220 0.00287
13230 0.00287
13240 0.00287
13250 0.00287
13260 0.00287
13270 0.00287
13280 0.00287
13290 0.00287
13300 0.00287
13310 0.00287
13320 0.00287
13330 0.00287
13340 0.00287
13350 0.00287
13360 0.00287
13370 0.00287
13380 0.00287
13390 0.00287
13400 0.00287
13410 0.00287
13420 0.00287
13430 0.00287
13440 0.00287
13450 0.00287
13460 0.00287
13470 0.00287
13480 0.00287
13490 0.00287
13500 0.00287
13510 0.00287
13520 0.00287
13530 0.00287
13540 0.00287
13550 0.00287
13560 0.00287
13570 0.00287
13580 0.00287
13590 0.00287
13600 0.00287
13610 0.00287
13620 0.00287
13630 0.00287
13640 0.00287
13650 0.00287
13660 0.00287
13670 0.00287
13680 0.00287
13690 0.00287
13700 0.00287
13710 0.00287
13720 0.00287
13730 0.00287
13740 0.00287
13750 0.00287
13760 0.00287
13770 0.00287
13780 0.00287
13790 0.00287
13800 0.00287
13810 0.00287
13820 0.00287
13830 0.00287
13840 0.00287
13850 0.00287
13860 0.00287
13870 0.00287
13880 0.00287
13890 0.00287
13900 0.00287
13910 0.00287
13920 0.00287
13930 0.00287
13940 0.00287
13950 0.00287
13960 0.00287
13970 0.00287
13980 0.00287
13990 0.00287
14000 0.00287
14010 0.00287
14020 0.00287
14030 0.00287
14040 0.00287
14050 0.00287
14060 0.00287
14070 0.00287
14080 0.00287
14090 0.00287
14100 0.00287
14110 0.00287
14120 0.00287
14130 0.00287
14140 0.00287
14150 0.00287
14160 0.00287
14170 0.00287
14180 0.00287
14190 0.00287
14200 0.00287
14210 0.00287
14220 0.00287
14230 0.00287
14240 0.00287
14250 0.00287
14260 0.00287
14270 0.00287
14280 0.00287
14290 0.00287
14300 0.00287
14310 0.00287
14320 0.00287
14330 0.00287
14340 0.00287
14350 0.00287
14360 0.00287
14370 0.00287
14380 0.00287
14390 0.00287
14400 0.00287
14410 0.00287
14420 0.00287
14430 0.00287
14440 0.00287
14450 0.00287
14460 0.00287
14470 0.00287
14480 0.00287
14490 0.00287
14500 0.00287
14510 0.00287
14520 0.00287
14530 0.00287
14540 0.00287
14550 0.00287
14560 0.00287
14570 0.00287
14580 0.00287
14590 0.00287
14600 0.00287
14610 0.00287
14620 0.00287
14630 0.00287
14640 0.00287
14650 0.00287
14660 0.00287
14670 0.00287
14680 0.00287
14690 0.00287
14700 0.00287
14710 0.00287
14720 0.00287
14730 0.00287
14740 0.00287
14750 0.00287
14760 0.00287
14770 0.00287
14780 0.00287
14790 0.00287
14800 0.00287
14810 0.00287
14820 0.00287
14830 0.00287
14840 0.00287
14850 0.00287
14860 0.00287
14870 0.00287
14880 0.00287
14890 0.00287
14900 0.00287
14910 0.00287
14920 0.00287
14930 0.00287
14940 0.00287
14950 0.00287
14960 0.00287
14970 0.00287
14980 0.00287
14990 0.00287
15000 0.00287
15010 0.00287
15020 0.00287
15030 0.00287
15040 0.00287
15050 0.00287
15060 0.00287
15070 0.00287
15080 0.00287
15090 0.00287
15100 0.00287
15110 0.00287
15120 0.00287
15130 0.00287
15140 0.00287
15150 0.00287
15160 0.00287
15170 0.00287
15180 0.00287
15190 0.00287
15200 0.00287
15210 0.00287
15220 0.00287
15230 0.00287
15240 0.00287
15250 0.00287
15260 0.00287
15270 0.00287
15280 0.00287
15290 0.00287
15300 0.00287
15310 0.00287
15320 0.00287
15330 0.00287
15340 0.00287
15350 0.00287
15360 0.00287
15370 0.00287
15380 0.00287
15390 0.00287
15400 0.00287
15410 0.00287
15420 0.00287
15430 0.00287
15440 0.00287
15450 0.00287
15460 0.00287
15470 0.00287
15480 0.00287
15490 0.00287
15500 0.00287
15510 0.00287
15520 0.00287
15530 0.00287
15540 0.00287
15550 0.00287
15560 0.00287
15570 0.00287
15580 0.00287
15590 0.00287
15600 0.00287
15610 0.00287
15620 0.00287
15630 0.00287
15640 0.00287
15650 0.00287
15660 0.00287
15670 0.00287
15680 0.00287
15690 0.00287
15700 0.00287
15710 0.00287
15720 0.00287
15730 0.00287
15740 0.00287
15750 0.00287
15760 0.00287
15770 0.00287
15780 0.00287
15790 0.00287
15800 0.00287
15810 0.00287
15820 0.00287
15830 0.00287
15840 0.00287
15850 0.00287
15860 0.00287
15870 0.00287
15880 0.00287
15890 0.00287
15900 0.00287
15910 0.00287
15920 0.00287
15930 0.00287
15940 0.00287
15950 0.00287
15960 0.00287
15970 0.00287
15980 0.00287
15990 0.00287
16000 0.00287
16010 0.00287
16020 0.00287
16030 0.00287
16040 0.00287
16050 0.00287
16060 0.00287
16070 0.00287
16080 0.00287
16090 0.00287
16100 0.00287
16110 0.00287
16120 0.00287
16130 0.00287
16140 0.00287
16150 0.00287
16160 0.00287
16170 0.00287
16180 0.00287
16190 0.00287
16200 0.00287
16210 0.00287
16220 0.00287
16230 0.00287
16240 0.00287
16250 0.00287
16260 0.00287
16270 0.00287
16280 0.00287
16290 0.00287
16300 0.00287
16310 0.00287
16320 0.00287
16330 0.00287
16340 0.00287
16350 0.00287
16360 0.00287
16370 0.00287
16380 0.00287
16390 0.00287
16400 0.00287
16410 0.00287
16420 0.00287
16430 0.00287
16440 0.00287
16450 0.00287
16460 0.00287
16470 0.00287
16480 0.00287
16490 0.00287
16500 0.00287
16510 0.00287
16520 0.00287
16530 0.00287
16540 0.00287
16550 0.00287
16560 0.00287
16570 0.00287
16580 0.00287
16590 0.00287
16600 0.00287
16610 0.00287
16620 0.00287
16630 0.00287
16640 0.00287
16650 0.00287
16660 0.00287
16670 0.00287
16680 0.00287
16690 0.00287
16700 0.00287
16710 0.00287
16720 0.00287
16730 0.00287
16740 0.00287
16750 0.00287
16760 0.00287
16770 0.00287
16780 0.00287
16790 0.00287
16800 0.00287
16810 0.00287
16820 0.00287
16830 0.00287
16840 0.00287
16850 0.00287
16860 0.00287
16870 0.00287
16880 0.00287
16890 0.00287
16900 0.00287
16910 0.00287
16920 0.00287
16930 0.00287
16940 0.00287
16950 0.00287
16960 0.00287
16970 0.00287
16980 0.00287
16990 0.00287
17000 0.00287
17010 0.00287
17020 0.00287
17030 0.00287
17040 0.00287
17050 0.00287
17060 0.00287
17070 0.00287
17080 0.00287
17090 0.00287
17100 0.00287
17110 0.00287
17120 0.00287
17130 0.00287
17140 0.00287
17150 0.00287
17160 0.00287
17170 0.00287
17180 0.00287
17190 0.00287
17200 0.00287
17210 0.00287
17220 0.00287
17230 0.00287
17240 0.00287
17250 0.00287
17260 0.00287
17270 0.00287
17280 0.00287
17290 0.00287
17300 0.00287
17310 0.00287
17320 0.00287
17330 0.00287
17340 0.00287
17350 0.00287
17360 0.00287
17370 0.00287
17380 0.00287
17390 0.00287
17400 0.00287
17410 0.00287
17420 0.00287
17430 0.00287
17440 0.00287
17450 0.00287
17460 0.00287
17470 0.00287
17480 0.00287
17490 0.00287
17500 0.00287
17510 0.00287
17520 0.00287
17530 0.00287
17540 0.00287
17550 0.00287
17560 0.00287
17570 0.00287
17580 0.00287
17590 0.00287
17600 0.00287
17610 0.00287
17620 0.00287
17630 0.00287
17640 0.00287
17650 0.00287
17660 0.00287
17670 0.00287
17680 0.00287
17690 0.00287
17700 0.00287
17710 0.00287
17720 0.00287
17730 0.00287
17740 0.00287
17750 0.00287
17760 0.00287
17770 0.00287
17780 0.00287
17790 0.00287
17800 0.00287
17810 0.00287
17820 0.00287
17830 0.00287
17840 0.00287
17850 0.00287
17860 0.00287
17870 0.00287
17880 0.00287
17890 0.00287
17900 0.00287
17910 0.00287
17920 0.00287
17930 0.00287
17940 0.00287
17950 0.00287
17960 0.00287
17970 0.00287
17980 0.00287
17990 0.00287
18000 0.00287
18010 0.00287
18020 0.00287
18030 0.00287
18040 0.00287
18050 0.00287
18060 0.00287
18070 0.00287
18080 0.00287
18090 0.00287
18100 0.00287
18110 0.00287
18120 0.00287
18130 0.00287
18140 0.00287
18150 0.00287
18160 0.00287
18170 0.00287
18180 0.00287
18190 0.00287
18200 0.00287
18210 0.00287
18220 0.00287
18230 0.00287
18240 0.00287
18250 0.00287
18260 0.00287
18270 0.00287
18280 0.00287
18290 0.00287
18300 0.00287
18310 0.00287
18320 0.00287
18330 0.00287
18340 0.00287
18350 0.00287
18360 0.00287
18370 0.00287
18380 0.00287
18390 0.00287
18400 0.00287
18410 0.00287
18420 0.00287
18430 0.00287
18440 0.00287
18450 0.00287
18460 0.00287
18470 0.00287
18480 0.00287
18490 0.00287
18500 0.00287
18510 0.00287
18520 0.00287
18530 0.00287
18540 0.00287
18550 0.00287
18560 0.00287
18570 0.00287
18580 0.00287
18590 0.00287
18600 0.00287
18610 0.00287
18620 0.00287
18630 0.00287
18640 0.00287
18650 0.00287
18660 0.00287
18670 0.00287
18680 0.00287
18690 0.00287
18700 0.00287
18710 0.00287
18720 0.00287
18730 0.00287
18740 0.00287
18750 0.00287
18760 0.00287
18770 0.00287
18780 0.00287
18790 0.00287
18800 0.00287
18810 0.00287
18820 0.00287
18830 0.00287
18840 0.00287
18850 0.00287
18860 0.00287
18870 0.00287
18880 0.00287
18890 0.00287
18900 0.00287
18910 0.00287
18920 0.00287
18930 0.00287
18940 0.00287
18950 0.00287
18960 0.00287
18970 0.00287
18980 0.00287
18990 0.00287
19000 0.00287
19010 0.00287
19020 0.00287
19030 0.00287
19040 0.00287
19050 0.00287
19060 0.00287
19070 0.00287
19080 0.00287
19090 0.00287
19100 0.00287
19110 0.00287
19120 0.00287
19130 0.00287
19140 0.00287
19150 0.00287
19160 0.00287
19170 0.00287
19180 0.00287
19190 0.00287
19200 0.00287
19210 0.00287
19220 0.00287
19230 0.00287
19240 0.00287
19250 0.00287
19260 0.00287
19270 0.00287
19280 0.00287
19290 0.00287
19300 0.00287
19310 0.00287
19320 0.00287
19330 0.00287
19340 0.00287
19350 0.00287
19360 0.00287
19370 0.00287
19380 0.00287
19390 0.00287
19400 0.00287
19410 0.00287
19420 0.00287
19430 0.00287
19440 0.00287
19450 0.00287
19460 0.00287
19470 0.00287
19480 0.00287
19490 0.00287
19500 0.00287
19510 0.00287
19520 0.00287
19530 0.00287
19540 0.00287
19550 0.00287
19560 0.00287
19570 0.00287
19580 0.00287
19590 0.00287
19600 0.00287
19610 0.00287
19620 0.00287
19630 0.00287
19640 0.00287
19650 0.00287
19660 0.00287
19670 0.00287
19680 0.00287
19690 0.00287
19700 0.00287
19710 0.00287
19720 0.00287
19730 0.00287
19740 0.00287
19750 0.00287
19760 0.00287
19770 0.00287
19780 0.00287
19790 0.00287
19800 0.00287
19810 0.00287
19820 0.00287
19830 0.00287
19840 0.00287
19850 0.00287
19860 0.00287
19870 0.00287
19880 0.00287
19890 0.00287
19900 0.00287
19910 0.00287
19920 0.00287
19930 0.00287
19940 0.00287
19950 0.00287
19960 0.00287
19970 0.00287
19980 0.00287
19990 0.00287
20000 0.00287
-END-OF-DATA-
