  -1.3984536e-01
  -3.3589849e-01
   1.4248084e-01
   2.4804206e-01
  -2.9351571e-01
  -4.1297629e-01
  -2.8327250e-01
  -7.2232917e-02
  -1.4253614e-02
   3.4103286e-03
   6.3573390e-02
   1.2459701e-01
   2.2345160e-01
   2.4875267e-01
   2.3809554e-01
   2.9701880e-01
   5.7342976e-01
   1.0329643e+00
   1.2562237e+00
   1.1528348e+00
   1.0929444e+00
   8.3264208e-01
   3.9870593e-01
  -2.5047746e-02
  -2.2192508e-01
  -3.4010249e-01
  -3.1551862e-01
  -2.0269756e-01
  -6.4381763e-02
   6.2704042e-02
   1.7428833e-01
   3.3865887e-01
   4.6602303e-01
   4.8600191e-01
   4.5789745e-01
   2.9112566e-01
  -1.3253538e-02
  -2.3052630e-01
  -4.9965525e-01
  -7.5497103e-01
  -1.1619056e+00
  -1.3390127e-01
  -4.7518566e-01
  -5.6922269e-01
  -2.6346165e-01
   1.8456047e-02
  -2.0670246e-02
   1.6336796e-01
   6.9942600e-01
   2.5325137e-01
   1.6968723e-01
   1.5633899e-01
   1.3799335e-01
   4.0065458e-01
   6.0774350e-01
   6.7291874e-01
   5.3808773e-01
  -5.9572747e-03
  -6.9969046e-01
  -1.1053141e+00
  -8.3458114e-01
  -8.4088492e-01
  -9.3648851e-01
  -8.0929059e-01
  -6.3224310e-01
  -3.9729917e-01
  -1.7585857e-01
   8.0322929e-02
   2.7680209e-01
   3.2062173e-01
   2.6485950e-01
   1.1645987e-01
  -4.9995837e-01
  -7.9929984e-01
  -1.4340165e+00
  -7.4861777e-01
  -4.8178980e-01
   2.4389826e-02
   1.0321531e-01
   7.9536840e-02
  -8.9624381e-01
  -6.4096063e-01
  -1.2532164e-01
   1.7166717e-02
   5.5992228e-01
   2.8382573e-01
  -6.1658774e-02
  -3.0450907e-01
  -5.6846738e-01
  -5.3183842e-01
  -1.6173626e-01
   1.1624686e-01
   1.3136855e-01
  -6.8878949e-01
  -9.6980500e-01
  -3.3668721e-01
  -6.4551771e-01
  -9.2964375e-01
  -1.0798749e+00
  -1.1126913e+00
  -9.5308620e-01
  -7.3070860e-01
  -4.7544590e-01
  -1.9714366e-01
  -1.2113287e-02
   3.1930186e-02
  -3.3437237e-02
  -2.3187591e-01
  -6.9794548e-01
  -9.0898824e-01
  -8.9813930e-01
  -2.0553857e-02
   1.4455567e-01
   1.9276489e-01
  -5.2111089e-02
  -3.8600880e-01
  -9.8299962e-01
  -1.1349484e+00
  -8.4624422e-01
  -2.6366812e-01
   6.3528337e-02
   2.4987865e-02
  -3.4250158e-01
  -9.5669305e-01
  -1.2658793e+00
  -1.0339117e+00
  -5.7920885e-01
  -3.0286646e-01
  -2.1634648e-02
  -1.5805712e-01
  -4.5869428e-01
  -6.0672861e-01
  -8.6038131e-01
  -1.0276400e+00
  -1.0516351e+00
  -1.2257977e+00
  -1.0842743e+00
  -8.9869040e-01
  -6.9766259e-01
  -4.6068519e-01
  -3.1421381e-01
  -2.8468850e-01
  -3.4185079e-01
  -5.1466978e-01
  -7.0249653e-01
  -5.8079863e-01
  -5.3651732e-01
  -7.1110353e-02
  -2.6036531e-01
  -6.0668027e-01
  -6.9133705e-01
  -7.9056549e-01
  -8.3477378e-01
  -9.1913515e-01
  -1.2403398e+00
  -3.8924354e-01
  -5.3000742e-01
  -5.3914100e-01
  -9.2533666e-01
  -1.6332452e+00
  -1.7394255e+00
  -1.2285972e+00
  -6.7588490e-01
  -2.9754779e-01
   4.0175091e-02
   2.2106367e-01
  -5.5263136e-02
  -5.9601659e-01
  -8.0093151e-01
  -7.0199394e-01
  -1.0598122e+00
  -1.2266408e+00
  -1.1426758e+00
  -9.7101647e-01
  -7.8634608e-01
  -6.1522567e-01
  -5.2201504e-01
  -4.9115065e-01
  -5.2918190e-01
  -6.2168574e-01
  -5.4842485e-01
  -9.4711093e-02
  -5.7363504e-03
   5.0547585e-03
  -4.1071185e-01
  -7.3173223e-01
  -6.1651780e-01
  -5.0844339e-01
  -5.5941221e-01
  -8.1488744e-01
  -1.1116143e+00
  -1.1761255e-01
  -1.1427354e+00
  -9.7063601e-01
  -1.5658852e+00
  -1.8913077e+00
  -1.4308958e+00
  -6.0398451e-01
  -2.0283643e-01
  -6.9181916e-02
   6.1876956e-02
   2.8831089e-01
   2.2656584e-01
   7.4916904e-02
  -3.4370480e-01
  -4.5734173e-01
  -9.2265039e-01
  -1.1764289e+00
  -1.1093686e+00
  -9.3318998e-01
  -7.6451954e-01
  -6.5175823e-01
  -5.6812588e-01
  -5.1983822e-01
  -5.3140077e-01
  -5.7748953e-01
  -3.3107418e-01
   3.3278424e-01
   1.0470399e+00
   3.9804313e-01
  -2.8520346e-01
  -2.1302581e-01
  -2.4567622e-01
   7.4848987e-02
  -2.3324153e-01
  -8.3119106e-01
  -9.3324411e-01
  -4.4529137e-01
  -1.4542012e+00
  -1.3012053e+00
  -1.5941628e+00
  -1.2455041e+00
  -2.7940780e-01
   4.9851829e-01
   4.4385027e-02
  -1.8322758e-02
   1.1693385e-01
   5.4202491e-01
   5.9824693e-01
   6.3853544e-01
   4.1407973e-01
  -1.9432211e-01
  -7.7833295e-01
  -9.5653427e-01
  -8.6032724e-01
  -7.0435011e-01
  -5.9329206e-01
  -5.2642733e-01
  -4.8918438e-01
  -4.8782325e-01
  -4.8310497e-01
  -4.9676442e-01
  -1.0403554e-01
   6.7610437e-01
   1.9541641e+00
   2.5707690e+00
   1.1675572e+00
   5.2573556e-01
   4.4560528e-01
   7.1084785e-01
   1.6834229e-01
  -5.6453478e-01
  -2.2335348e-01
  -1.0349420e+00
  -1.4421745e+00
  -1.0335685e+00
  -6.8578857e-01
   9.1964428e-02
   1.3303795e+00
   7.4144876e-01
   1.6995485e-01
   1.4437477e-01
   4.1516498e-01
   7.9192236e-01
   9.1194010e-01
   8.5902923e-01
   5.3988462e-01
  -1.9363470e-02
  -3.9807248e-01
  -5.4809355e-01
  -4.4789371e-01
  -3.6083952e-01
  -3.3830901e-01
  -3.3262539e-01
  -4.1015714e-01
  -4.7738773e-01
  -4.7894210e-01
  -4.4047466e-01
   7.4294463e-02
   9.9851596e-01
   2.6262686e+00
   4.0627594e+00
   2.1882074e+00
   9.0986997e-01
   5.7206148e-01
   1.0454508e+00
   4.4411427e-01
   1.1379777e-01
  -6.1076421e-01
  -1.0816668e+00
  -9.5324385e-01
  -3.1542605e-01
   4.2045885e-01
   1.1888233e+00
   2.2910793e+00
   6.5132153e-01
   1.3776638e-01
   1.1055481e-01
   5.2899063e-01
   9.3390912e-01
   1.1372569e+00
   1.1379168e+00
   7.6849073e-01
   2.6596639e-01
  -9.5617734e-02
  -1.8491361e-01
  -9.5890462e-02
  -8.9914918e-02
  -1.5064862e-01
  -2.3886220e-01
  -4.0785414e-01
  -5.0738108e-01
  -5.0170016e-01
  -3.7930751e-01
   3.6940792e-01
   1.5341624e+00
   3.4951646e+00
   5.7615576e+00
   2.4356148e+00
   2.8509361e-01
   3.0515969e-01
   1.4825022e+00
   9.5998186e-01
   4.5792311e-02
  -8.6099374e-01
  -8.9118654e-01
  -1.8607476e-01
   7.3368919e-01
   1.6146125e+00
   2.4919598e+00
   2.3098841e+00
   4.3240231e-01
   3.3050179e-02
   5.8644261e-02
   1.1403698e+00
   1.5127400e+00
   1.7264557e+00
   1.5532337e+00
   9.8678970e-01
   5.4572952e-01
   2.2955388e-01
   1.9726227e-01
   2.0060588e-01
   9.8066539e-02
  -8.5175030e-02
  -2.9389268e-01
  -5.1839715e-01
  -5.8906627e-01
  -4.9997568e-01
  -2.2341740e-01
   7.2786647e-01
   2.0426197e+00
   4.0918622e+00
   6.0833173e+00
   1.5376554e+00
  -3.2904688e-01
   4.4826698e-01
   1.3354853e+00
   6.3005036e-01
  -1.9753787e-01
  -1.3698692e+00
  -6.2868327e-01
   3.8733962e-01
   1.4490333e+00
   2.3742647e+00
   2.7915885e+00
   1.4870968e+00
   3.0054560e-01
   1.7844217e-01
   9.7705728e-01
   2.0162759e+00
   2.0454397e+00
   2.1192725e+00
   1.6808889e+00
   1.1251379e+00
   7.4773520e-01
   4.3347335e-01
   3.6405987e-01
   2.8845447e-01
   1.0734949e-01
  -1.8184039e-01
  -4.6805382e-01
  -6.6453069e-01
  -6.3784623e-01
  -4.3263507e-01
  -2.9039856e-02
   1.1914647e+00
   2.5455379e+00
   4.3983231e+00
   5.3003845e+00
   5.3366566e-01
  -7.5615543e-01
   1.7930178e-01
   5.3964996e-01
   1.0459457e-01
  -8.3178020e-01
  -8.7852275e-01
  -2.3413400e-01
   9.2238283e-01
   1.9248264e+00
   3.0442178e+00
   1.9892291e+00
   8.4318841e-01
   1.0297722e-01
   5.0462270e-01
   1.7876935e+00
   2.2304883e+00
   2.3628592e+00
   2.1689825e+00
   1.5963696e+00
   1.1375116e+00
   6.9290107e-01
   4.5242736e-01
   3.2054207e-01
   2.3975100e-01
  -4.4064835e-02
  -3.9985287e-01
  -6.7450190e-01
  -7.7492547e-01
  -6.5345639e-01
  -3.4798640e-01
   2.3346862e-01
   1.7115611e+00
   2.8888557e+00
   4.2133846e+00
   4.0140038e+00
   1.1163776e+00
   4.7387773e-01
   6.2213220e-02
   8.5048452e-02
  -5.2748013e-01
  -6.5910351e-01
  -8.4634876e-01
  -3.9771646e-01
   1.2476227e+00
   2.1246512e+00
   2.8939710e+00
   7.9759645e-01
  -3.6909559e-01
  -2.1522935e-02
   4.6808782e-01
   1.6714716e+00
   2.2449067e+00
   2.2917945e+00
   1.8640631e+00
   1.3242568e+00
   1.0356617e+00
   4.3046331e-01
   2.5846422e-01
   5.2001394e-02
   8.0220342e-02
  -1.6738680e-01
  -3.8404763e-01
  -4.8854759e-01
  -4.5476699e-01
  -2.5962421e-01
   1.1199889e-01
   7.7808905e-01
   2.4823139e+00
   3.2965202e+00
   3.9187398e+00
   3.1798830e+00
   1.4851000e+00
   1.2686150e+00
   4.6822983e-01
  -5.5353921e-02
  -5.6866491e-01
  -3.6959878e-01
  -7.4489665e-01
  -4.6824083e-02
   1.4227984e+00
   2.1365783e+00
   2.2931888e+00
  -3.9532974e-01
  -1.2102627e+00
  -1.3838302e-01
   5.1213247e-01
   1.9353589e+00
   2.1007662e+00
   1.9095190e+00
   1.2714789e+00
   8.4044522e-01
   1.5215908e+00
   6.2442333e-01
   1.1411182e-01
  -3.9263859e-01
  -1.6574204e-02
   2.7349742e-02
   1.3072614e-01
   3.0280629e-01
   5.4691476e-01
   8.4418559e-01
   1.2294006e+00
   1.7825671e+00
   3.2207279e+00
   3.5894940e+00
   3.5963511e+00
   2.8083758e+00
   1.6445500e+00
   1.4690857e+00
   1.1393300e+00
  -4.4865406e-01
  -4.1312042e-01
  -1.0254337e-01
  -5.1373035e-01
   5.4938132e-01
   1.5951204e+00
   2.0112975e+00
   1.3333591e+00
  -1.1197809e+00
  -5.9604591e-01
  -3.8173708e-01
   2.9703206e-01
   1.9730909e+00
   1.5883844e+00
   1.0342517e+00
   2.2100408e-01
  -7.0351072e-02
   7.3069501e-01
   7.7662706e-01
   9.3983197e-01
  -1.0922600e+00
  -2.9155076e-01
   1.0673700e-01
   5.1908296e-01
   9.4344229e-01
   1.3985877e+00
   1.8384023e+00
   2.2823324e+00
   2.7619128e+00
   2.3372247e+00
   2.7787814e+00
   2.8789740e+00
   2.3807678e+00
   1.0212646e+00
   9.4027281e-01
   6.8383622e-01
  -1.0569150e+00
  -1.1880363e-01
   1.2188858e-02
  -2.4547662e-01
   8.2689482e-01
   1.4969320e+00
   1.5514121e+00
   4.2071882e-01
  -6.5530252e-01
  -7.9493821e-02
   1.4711149e-01
   2.0422333e-01
   1.5938505e+00
   7.4303901e-01
  -5.8423918e-02
  -9.1413605e-01
  -1.1799101e+00
  -1.4071369e+00
   2.9466039e-01
   1.8287317e+00
  -1.4195818e+00
  -1.4169085e+00
  -9.2282689e-01
  -4.2464435e-01
   7.5192973e-02
   5.6790179e-01
   1.0166799e+00
   1.4391077e+00
   1.8709910e+00
   2.7712911e-01
   7.2564864e-01
   1.2336879e+00
   1.6420743e+00
   4.0902030e-01
   1.3486421e-01
   2.6640949e-01
  -4.9481699e-01
  -3.9756063e-02
  -4.8091121e-02
  -3.9289689e-01
   5.6132787e-01
   8.4055287e-01
   6.3059211e-01
   8.5988268e-03
  -2.2716773e-01
  -1.6938832e-01
   3.1145960e-01
   9.5526743e-01
   1.3153871e+00
   4.1334294e-02
  -7.8561938e-01
  -1.6439950e+00
  -2.1565464e+00
  -2.4422479e+00
  -1.4747009e+00
  -1.1013815e+00
  -2.2153518e+00
  -2.2128704e+00
  -1.8639412e+00
  -1.5501523e+00
  -1.2264149e+00
  -8.9899069e-01
  -6.0867119e-01
  -3.4363335e-01
  -5.9597485e-02
  -7.5614235e-01
  -7.9206469e-01
  -5.1042950e-01
   7.0013497e-01
   4.4522906e-01
  -9.0325309e-01
  -2.6115987e-01
  -4.3196226e-01
  -2.2754734e-01
  -1.0246845e-01
  -3.2923638e-01
   1.2738648e-01
   1.1485351e-01
  -1.3427351e-01
  -4.2542980e-01
  -5.9982561e-01
  -5.1228016e-01
   4.5979412e-02
   7.8564247e-01
   6.6153650e-01
  -2.8634309e-01
  -8.9703513e-01
  -1.6075616e+00
  -2.1796222e+00
  -2.5190372e+00
  -2.1027310e+00
  -1.2931944e+00
  -1.4044407e+00
  -1.2617049e+00
  -1.1240434e+00
  -9.8291856e-01
  -8.5100748e-01
  -7.5804165e-01
  -7.2758964e-01
  -7.2836063e-01
  -7.3417512e-01
  -3.8125379e-01
  -9.8982310e-01
  -1.4575796e+00
  -1.1727984e+00
  -2.3575644e-02
  -2.1100337e+00
  -8.1796022e-01
  -2.2470799e-01
  -4.3172730e-01
  -4.0501795e-01
  -2.2242231e-01
  -1.0670620e-01
  -6.5880909e-02
  -2.1060452e-01
  -4.7663811e-01
  -7.5872210e-01
  -7.5355133e-01
  -4.6490416e-01
  -7.2140454e-02
  -1.2009577e-01
  -1.4473603e-01
  -5.1595849e-02
  -1.8903822e-01
  -5.0785977e-01
  -9.8702222e-01
  -1.0746556e+00
   2.9209396e-01
   8.1538566e-01
   8.0353841e-01
   9.1211970e-01
   1.0479984e+00
   1.1295515e+00
   1.0778925e+00
   8.6979921e-01
   5.6739788e-01
   1.4761056e-01
  -9.1840690e-01
  -1.7316604e+00
  -2.5324733e+00
  -2.5389645e+00
  -9.3024749e-01
  -3.3362021e+00
  -1.2924445e+00
  -2.2737522e-02
  -4.2036980e-01
  -7.1161628e-01
  -5.7849920e-01
  -6.6930431e-01
  -6.4133739e-01
  -7.9268938e-01
  -1.0967697e+00
  -1.4057659e+00
  -1.5091999e+00
  -1.4519867e+00
  -1.2564878e+00
  -1.0146645e+00
  -3.6702681e-01
   2.8837958e-01
   6.7335558e-01
   7.3291898e-01
   5.2900636e-01
   7.2267342e-01
   1.9030440e+00
   2.4315701e+00
   2.4540596e+00
   2.4879003e+00
   2.4664502e+00
   2.2804418e+00
   1.8506132e+00
   1.2442883e+00
   5.8131933e-01
  -1.5087424e-01
  -2.0180149e+00
  -2.8128068e+00
  -3.5649600e+00
  -3.8607199e+00
  -1.6800447e+00
  -4.4906521e+00
  -2.2070758e+00
   2.0195547e-01
  -4.2212629e-01
  -8.4358454e-01
  -1.0675247e+00
  -1.2686722e+00
  -1.2508466e+00
  -1.4222131e+00
  -1.7536597e+00
  -2.0865667e+00
  -2.3119800e+00
  -2.4657531e+00
  -2.4425833e+00
  -2.0903630e+00
  -1.2306558e+00
  -3.4036234e-01
   3.8587058e-01
   9.4914150e-01
   1.2637455e+00
   1.6692903e+00
   2.4404476e+00
   2.7915337e+00
   2.7984657e+00
   2.6511843e+00
   2.3471074e+00
   1.8507308e+00
   1.1447289e+00
   3.8077241e-01
  -3.9893067e-01
  -1.2181637e+00
  -2.2875667e+00
  -3.1518502e+00
  -4.1078267e+00
  -4.5973687e+00
  -1.6495885e+00
  -5.3912268e+00
  -3.6052363e+00
  -1.8886682e-01
  -3.3491617e-01
  -1.0411289e+00
  -1.5743371e+00
  -1.7082484e+00
  -1.6448591e+00
  -1.7401984e+00
  -2.0054305e+00
  -2.3410404e+00
  -2.6751909e+00
  -3.0243917e+00
  -3.2663369e+00
  -3.1293666e+00
  -2.4696965e+00
  -1.6992340e+00
  -1.0369861e+00
  -4.4046724e-01
   1.2853816e-02
   3.5781521e-01
   8.0471647e-01
   1.2659401e+00
   1.5655807e+00
   1.6100276e+00
   1.3773189e+00
   1.0339088e+00
   5.3102165e-01
  -8.6653486e-02
  -7.6011848e-01
  -1.5054969e+00
  -1.7495866e+00
  -2.7774901e+00
  -4.1535025e+00
  -5.2099147e+00
  -1.2734408e+00
  -5.1295433e+00
  -5.0764818e+00
  -4.7066864e-01
  -3.1289476e-01
  -1.3102846e+00
  -2.0343411e+00
  -2.0221035e+00
  -1.8771182e+00
  -1.8700266e+00
  -2.0097756e+00
  -2.2704687e+00
  -2.6294575e+00
  -3.0742533e+00
  -3.4554925e+00
  -3.5385728e+00
  -3.1706498e+00
  -2.6814160e+00
  -2.2775884e+00
  -1.9242328e+00
  -1.6549296e+00
  -1.4838752e+00
  -1.1488906e+00
  -5.5638999e-01
   5.4362886e-02
   5.5483377e-01
   8.0686951e-01
   8.8853496e-01
   7.6797247e-01
   3.6314726e-01
  -2.1519771e-01
  -9.3399727e-01
  -1.0717828e+00
  -2.1291838e+00
  -3.7214139e+00
  -5.4811172e+00
  -1.7571282e+00
  -4.0291982e+00
  -6.0471950e+00
  -1.4917320e+00
  -3.2533699e-01
  -1.2675835e+00
  -1.9702744e+00
  -2.1322365e+00
  -1.9541435e+00
  -1.8678219e+00
  -1.9045743e+00
  -2.0678844e+00
  -2.3686645e+00
  -2.8375566e+00
  -3.2528553e+00
  -3.4301255e+00
  -3.2130394e+00
  -2.8504300e+00
  -2.5806367e+00
  -2.3512161e+00
  -2.1488712e+00
  -2.0768991e+00
  -1.9969895e+00
  -1.7470342e+00
  -1.3418697e+00
  -7.4674571e-01
  -8.1587516e-02
   4.9090916e-01
   8.7238681e-01
   8.4223247e-01
   4.4742325e-01
  -2.5189555e-01
  -3.1730282e-01
  -1.2821069e+00
  -2.8974719e+00
  -5.4006777e+00
  -2.2567379e+00
  -1.7991405e+00
  -5.7823510e+00
  -2.4142699e+00
  -9.2245124e-02
  -6.1177444e-01
  -1.5069457e+00
  -1.9196415e+00
  -1.8318708e+00
  -1.7276707e+00
  -1.7144908e+00
  -1.7832167e+00
  -1.9850616e+00
  -2.4007623e+00
  -2.8010826e+00
  -3.0319102e+00
  -2.9405978e+00
  -2.6587558e+00
  -2.4032416e+00
  -2.1997628e+00
  -1.9938660e+00
  -1.9210134e+00
  -1.9023421e+00
  -1.8682359e+00
  -1.8203071e+00
  -1.6249282e+00
  -1.1493855e+00
  -4.5694146e-01
   2.9602730e-01
   7.5260240e-01
   8.1223571e-01
   3.8122922e-01
   1.6059209e-01
  -6.0622042e-01
  -2.0015793e+00
  -4.7038164e+00
  -2.8331475e+00
   2.2901392e-01
  -4.5064983e+00
  -3.4938967e+00
   2.3509058e-01
   2.5407767e-01
  -7.4730265e-01
  -1.3265803e+00
  -1.3957795e+00
  -1.3661277e+00
  -1.3710241e+00
  -1.4161868e+00
  -1.5424354e+00
  -1.8482144e+00
  -2.2004905e+00
  -2.4269867e+00
  -2.4261582e+00
  -2.2629745e+00
  -2.0285175e+00
  -1.8406314e+00
  -1.6249858e+00
  -1.5101227e+00
  -1.4258478e+00
  -1.3555673e+00
  -1.4033316e+00
  -1.5011151e+00
  -1.4171841e+00
  -1.0613583e+00
  -4.1096681e-01
   1.9717979e-01
   6.0168880e-01
   6.0221648e-01
   4.1248578e-01
  -1.3251761e-01
  -1.2351168e+00
  -3.4151618e+00
  -3.4389894e+00
   9.5532525e-01
  -2.6186504e+00
  -4.3238273e+00
  -4.7310653e-01
  -1.5938608e-01
  -8.8148326e-02
  -5.3814059e-01
  -7.0773280e-01
  -7.6870775e-01
  -8.4007072e-01
  -9.3654317e-01
  -1.0588459e+00
  -1.3044739e+00
  -1.6060779e+00
  -1.8190150e+00
  -1.8657875e+00
  -1.7867439e+00
  -1.6144352e+00
  -1.4425733e+00
  -1.2286103e+00
  -1.0790174e+00
  -9.6356112e-01
  -8.5135323e-01
  -8.6481988e-01
  -1.0187361e+00
  -1.0966246e+00
  -9.9773586e-01
  -5.9295356e-01
  -8.7469131e-02
   3.4774470e-01
   5.9038806e-01
   7.1052957e-01
   4.5019701e-01
  -2.0560654e-01
  -1.3999728e+00
  -2.4912190e+00
   5.3394765e-01
  -5.1627612e-01
  -2.8630733e+00
  -1.0649354e+00
  -4.5082396e-01
   4.5699051e-01
   6.4600140e-01
   4.9043211e-01
   3.9435768e-01
   2.4818626e-01
   4.8854738e-02
  -1.5072702e-01
  -4.0549034e-01
  -6.6948432e-01
  -8.9137840e-01
  -1.0023630e+00
  -1.0003482e+00
  -8.9791644e-01
  -7.6515406e-01
  -6.2011182e-01
  -4.9593765e-01
  -3.8096553e-01
  -2.8412500e-01
  -2.8200322e-01
  -3.9330488e-01
  -5.0763512e-01
  -4.9479991e-01
  -2.9011479e-01
   5.5187128e-02
   4.0527800e-01
   6.8915391e-01
   1.0296243e+00
   9.3050098e-01
   6.4589620e-01
   1.0836601e-01
  -6.6086900e-01
   5.3258538e-01
   7.9668828e-01
  -5.0567514e-01
  -7.1238071e-01
  -5.4657196e-01
   6.4662266e-01
   1.3935138e+00
   1.3869795e+00
   1.3637662e+00
   1.2483507e+00
   1.0131351e+00
   7.4712902e-01
   4.5854458e-01
   2.1344109e-01
   4.4525443e-03
  -1.2391801e-01
  -1.5527449e-01
  -8.3242044e-02
   3.5735920e-02
   1.3305299e-01
   1.6345140e-01
   1.8639539e-01
   2.1176751e-01
   1.6925709e-01
   8.1291668e-02
   6.3099416e-03
   5.2986778e-02
   2.2483042e-01
   4.8045895e-01
   7.3619878e-01
   9.5112246e-01
   1.4564071e+00
   1.4154973e+00
   1.3605547e+00
   1.3548024e+00
   9.1276455e-01
   8.6742675e-01
   1.6692219e+00
   1.5847250e+00
   6.1083639e-01
  -6.2536883e-01
   2.4741788e-01
   1.1690385e+00
   1.5290610e+00
   1.7502522e+00
   1.8568877e+00
   1.7811009e+00
   1.5951542e+00
   1.3194877e+00
   1.1204872e+00
   9.8675656e-01
   8.6197120e-01
   8.3040160e-01
   9.2548692e-01
   1.0396221e+00
   1.1479211e+00
   1.1369436e+00
   1.0020815e+00
   8.8434678e-01
   7.5195396e-01
   5.9660268e-01
   5.5299854e-01
   6.3216501e-01
   8.5954303e-01
   1.1099416e+00
   1.3093008e+00
   1.4155817e+00
   1.6104460e+00
   1.5256369e+00
   1.4704616e+00
   1.5637934e+00
   1.7177387e+00
   1.3924752e+00
   1.8310271e+00
   2.1339447e+00
   1.7024165e+00
  -7.9318354e-02
  -2.1907994e-01
   4.2712349e-01
   9.4652211e-01
   1.4596250e+00
   1.8222197e+00
   1.9935423e+00
   2.0090511e+00
   1.8776119e+00
   1.7022566e+00
   1.5665810e+00
   1.4478763e+00
   1.3935762e+00
   1.4997605e+00
   1.6241082e+00
   1.7205639e+00
   1.7535086e+00
   1.5888492e+00
   1.3478995e+00
   1.1206187e+00
   8.7876588e-01
   7.8034547e-01
   8.5009652e-01
   1.0696049e+00
   1.3625672e+00
   1.5716385e+00
   1.6377833e+00
   1.2166493e+00
   1.1137289e+00
   1.0275923e+00
   1.0036026e+00
   1.1712211e+00
   1.3010567e+00
   1.4896804e+00
   1.7544372e+00
   1.6969496e+00
   1.0417686e+00
   6.9320611e-01
   7.5411168e-01
   9.5701832e-01
   1.3469693e+00
   1.7205321e+00
   1.9110821e+00
   1.9579481e+00
   1.8861196e+00
   1.7417380e+00
   1.6153551e+00
   1.5293689e+00
   1.4712814e+00
   1.5510431e+00
   1.6786294e+00
   1.7597023e+00
   1.7905064e+00
   1.6468639e+00
   1.3855633e+00
   1.0733080e+00
   7.5874117e-01
   5.6554651e-01
   5.7452284e-01
   7.4056301e-01
   1.0016367e+00
   1.2127157e+00
   1.2813888e+00
   3.5632365e-01
   2.5410572e-01
   1.7067860e-01
   9.5371639e-02
   4.1688938e-02
   1.6964424e-01
   3.9404579e-01
   7.0056343e-01
   8.1115305e-01
   6.4627592e-01
   4.9460149e-01
   4.1965231e-01
   4.6423381e-01
   6.5251231e-01
   9.4648570e-01
   1.1810828e+00
   1.2936820e+00
   1.3307446e+00
   1.2616777e+00
   1.1933465e+00
   1.1836575e+00
   1.1803698e+00
   1.2356918e+00
   1.3287599e+00
   1.3713038e+00
   1.3622587e+00
   1.2194117e+00
   9.5681494e-01
   6.1314934e-01
   2.6929638e-01
   6.6274027e-03
  -7.6159902e-02
   5.9497766e-03
   1.8116523e-01
   3.3990532e-01
   4.2040640e-01
  -4.3254930e-01
  -5.0239325e-01
  -5.5949765e-01
  -5.8597809e-01
  -5.4588646e-01
  -4.5553806e-01
  -2.7210474e-01
  -7.2343707e-02
  -6.3882880e-02
  -1.3231516e-01
  -2.4841611e-01
  -3.2997057e-01
  -3.2295188e-01
  -2.5855428e-01
  -8.4021315e-02
   1.4573273e-01
   3.4194398e-01
   4.4802821e-01
   4.7818169e-01
   5.0940639e-01
   5.6040204e-01
   6.0946965e-01
   6.3707256e-01
   6.6495883e-01
   6.7375600e-01
   6.1563629e-01
   4.8043516e-01
   2.6059595e-01
  -1.6027130e-02
  -3.2064980e-01
  -5.4676414e-01
  -6.3105446e-01
  -5.9979200e-01
  -5.3801274e-01
  -4.3702015e-01
  -4.0090948e-01
  -7.3132768e-01
  -7.6733130e-01
  -7.9283655e-01
  -7.7944848e-01
  -7.1881127e-01
  -6.8072671e-01
  -6.5540413e-01
  -6.1536491e-01
  -6.4352423e-01
  -7.4117050e-01
  -8.8207328e-01
  -9.3826300e-01
  -9.4278658e-01
  -9.2928934e-01
  -8.5298336e-01
  -7.0511380e-01
  -4.9125388e-01
  -2.9110414e-01
  -1.5294760e-01
  -5.1886939e-02
   1.0453220e-01
   1.9071140e-01
   2.2576706e-01
   2.3647186e-01
   2.1715224e-01
   1.5306416e-01
   5.0995797e-02
  -8.9246709e-02
  -2.7924079e-01
  -4.7641665e-01
  -6.4202879e-01
  -7.3140681e-01
  -7.5688779e-01
  -7.4998251e-01
  -7.2448105e-01
  -7.2449762e-01
  -5.0421715e-01
  -5.3685600e-01
  -5.6774616e-01
  -5.8168966e-01
  -5.6629616e-01
  -5.3404623e-01
  -5.0796533e-01
  -4.9207371e-01
  -5.1079857e-01
  -5.6471717e-01
  -6.1600804e-01
  -6.3983035e-01
  -6.3890553e-01
  -6.2490368e-01
  -5.8199275e-01
  -5.0326514e-01
  -3.9775193e-01
  -2.7818272e-01
  -1.7038877e-01
  -7.0971325e-02
   2.3103137e-02
   9.2160530e-02
   1.3669975e-01
   1.6655797e-01
   1.6594201e-01
   1.3751765e-01
   8.3920501e-02
   8.6105149e-03
  -7.5643741e-02
  -1.6570701e-01
  -2.5507292e-01
  -3.3193707e-01
  -3.8410330e-01
  -4.1424847e-01
  -4.4036099e-01
  -4.7201160e-01
