   1.0999871e+00   1.1816737e+00   1.2621730e+00   1.3408907e+00   1.4294648e+00   1.5466000e+00   1.6723666e+00   1.8059176e+00   1.9263641e+00   2.0109587e+00   2.0654366e+00   2.1004680e+00   2.1129996e+00   2.1086265e+00   2.0841915e+00   2.0327538e+00   1.9749398e+00   1.9298150e+00   1.8931342e+00   1.8491045e+00   1.7790028e+00   1.6877500e+00   1.5778426e+00   1.4571923e+00   1.3525531e+00   1.2706152e+00   1.2020560e+00   1.1581125e+00   1.1498228e+00   1.1608396e+00   1.1734130e+00   1.1256626e+00   1.0075798e+00   9.2376750e-01   9.2332838e-01   1.0096634e+00
   1.4350352e+00   1.5251080e+00   1.6097256e+00   1.7119081e+00   1.8803535e+00   2.0711455e+00   2.2543342e+00   2.4345405e+00   2.5860844e+00   2.6866073e+00   2.7377014e+00   2.7475970e+00   2.7044679e+00   2.6368134e+00   2.5892799e+00   2.5822531e+00   2.5773346e+00   2.5657456e+00   2.5378758e+00   2.4602034e+00   2.3284023e+00   2.1559596e+00   1.8973902e+00   1.5677494e+00   1.2363732e+00   9.2672098e-01   6.8402940e-01   4.4930825e-01   3.6291209e-01   4.1549148e-01   0.0000000e+00   6.6041664e-01   3.7829054e-01   4.8488277e-01   9.9903727e-01   1.2875257e+00
   1.1948930e+00   1.0132039e+00   9.8380494e-01   1.0684173e+00   1.2002345e+00   1.3201863e+00   1.4228395e+00   1.4755994e+00   1.4453239e+00   1.4021435e+00   1.2937615e+00   1.1678942e+00   1.0887934e+00   1.0375974e+00   9.8600876e-01   9.6618456e-01   1.0286711e+00   1.0882105e+00   1.1154783e+00   1.1183289e+00   1.1126380e+00   1.1379343e+00   1.1415731e+00   1.0655820e+00   9.4835806e-01   8.3721709e-01   7.4758315e-01   6.4483178e-01   6.1535231e-01   0.0000000e+00   0.0000000e+00   0.0000000e+00   0.0000000e+00   6.4081334e-01   1.4616317e+00   1.4200249e+00
   1.1399723e+00   9.7941905e-01   1.0257008e+00   1.1026693e+00   1.2298416e+00   1.4367255e+00   1.6523376e+00   1.8320136e+00   1.9031843e+00   1.8698375e+00   1.8357998e+00   1.9705249e+00   2.2264246e+00   2.4254658e+00   2.4966886e+00   2.4215993e+00   2.3052328e+00   2.1511931e+00   1.9844830e+00   1.8713387e+00   1.8524519e+00   1.9094181e+00   1.9565706e+00   1.9626794e+00   1.8659761e+00   1.6384807e+00   1.3652664e+00   1.1977816e+00   1.1340832e+00   0.0000000e+00   0.0000000e+00   0.0000000e+00   0.0000000e+00   9.4434273e-01   1.4411733e+00   1.4294243e+00
   1.5336982e+00   1.6194138e+00   1.7336146e+00   1.8299801e+00   2.1319313e+00   2.7153339e+00   3.2850249e+00   3.7616253e+00   4.1157150e+00   4.2873015e+00   4.4393019e+00   4.6476688e+00   4.8915920e+00   5.0914425e+00   5.1788906e+00   5.1638970e+00   5.1283954e+00   5.0271076e+00   4.8622007e+00   4.6640548e+00   4.4284028e+00   4.1990037e+00   3.9519453e+00   3.6791590e+00   3.2640724e+00   2.7154950e+00   2.0377440e+00   1.5719874e+00   0.0000000e+00   0.0000000e+00   0.0000000e+00   0.0000000e+00   0.0000000e+00   7.3906902e-01   1.0911138e+00   1.5341205e+00
   2.0084493e+00   2.0452719e+00   1.9430923e+00   2.0316892e+00   2.5978587e+00   3.4344251e+00   4.2600246e+00   4.9124699e+00   5.3573704e+00   5.6068508e+00   5.7327332e+00   5.8666887e+00   5.9894836e+00   6.0540752e+00   6.0957255e+00   6.1687114e+00   6.2432599e+00   6.2901835e+00   6.2467950e+00   6.1120586e+00   5.8914618e+00   5.5792677e+00   5.2009053e+00   4.7143126e+00   4.0961005e+00   3.4250590e+00   2.3906055e+00   2.1156188e+00   0.0000000e+00   0.0000000e+00   0.0000000e+00   0.0000000e+00   0.0000000e+00   7.2964579e-01   1.1834880e+00   1.9576897e+00
   0.0000000e+00   0.0000000e+00   2.4173326e+00   2.1814744e+00   2.8001952e+00   3.6089501e+00   4.3268218e+00   4.8804216e+00   5.2750387e+00   5.4543662e+00   5.5005302e+00   5.4573016e+00   5.3002954e+00   5.1624722e+00   5.1524968e+00   5.2639170e+00   5.4416976e+00   5.6833596e+00   5.8572850e+00   5.9130106e+00   5.8275204e+00   5.6131845e+00   5.2061453e+00   4.6792304e+00   4.2281453e+00   0.0000000e+00   2.5251455e+00   2.2909746e+00   2.3586138e+00   0.0000000e+00   0.0000000e+00   0.0000000e+00   0.0000000e+00   1.4894422e+00   1.8844880e+00   2.5454516e+00
   0.0000000e+00   0.0000000e+00   3.0063666e+00   2.7367770e+00   2.8885581e+00   3.0776205e+00   3.1804768e+00   3.3293579e+00   3.5106955e+00   3.5854476e+00   3.4716864e+00   3.1708634e+00   2.8027779e+00   2.5477946e+00   2.5117595e+00   2.7087940e+00   3.0407648e+00   3.4582028e+00   3.8454659e+00   4.1241426e+00   4.2469420e+00   4.1547398e+00   3.7214987e+00   3.3011859e+00   0.0000000e+00   0.0000000e+00   1.8705751e+00   1.5081953e+00   1.6722608e+00   0.0000000e+00   0.0000000e+00   0.0000000e+00   0.0000000e+00   2.2583263e+00   2.4631782e+00   2.7255206e+00
   2.1885660e+00   2.5328299e+00   2.7749543e+00   2.4452188e+00   2.0426033e+00   1.6393650e+00   1.2882456e+00   9.9340677e-01   1.1238157e+00   1.1895840e+00   9.8719215e-01   8.2380593e-01   8.7440777e-01   9.3191469e-01   8.9745659e-01   7.8159446e-01   7.1622241e-01   1.1010329e+00   1.6048646e+00   2.0069761e+00   2.2344229e+00   2.1294680e+00   1.7179058e+00   1.7831941e+00   0.0000000e+00   0.0000000e+00   1.3115659e+00   8.6271128e-01   9.2259282e-01   2.0780115e+00   0.0000000e+00   0.0000000e+00   0.0000000e+00   2.1570578e+00   1.9491857e+00   2.3583128e+00
   8.4704500e-01   1.0642229e+00   1.1186174e+00   8.4783107e-01   8.3361602e-01   1.5220900e+00   2.0008111e+00   2.2181325e+00   2.3840780e+00   2.5068364e+00   2.5958147e+00   2.7276106e+00   2.8336918e+00   2.8815598e+00   2.7156835e+00   2.3700016e+00   1.9433544e+00   1.4806576e+00   1.0746791e+00   7.3457307e-01   7.0114595e-01   1.1655338e+00   2.3130310e+00   2.7872371e+00   0.0000000e+00   0.0000000e+00   0.0000000e+00   0.0000000e+00   0.0000000e+00   1.8944415e+00   0.0000000e+00   0.0000000e+00   0.0000000e+00   1.1049017e+00   0.0000000e+00   8.9237390e-01
   1.4687345e+00   1.2467891e+00   1.5678633e+00   1.8428603e+00   2.3673742e+00   3.1563585e+00   3.8350079e+00   4.2703247e+00   4.4962196e+00   4.5214300e+00   4.4417000e+00   4.3239913e+00   4.1919045e+00   4.0596747e+00   3.8060498e+00   3.4860990e+00   3.1694460e+00   2.9169633e+00   2.7291830e+00   2.6384902e+00   2.8868127e+00   3.6767759e+00   4.9891143e+00   0.0000000e+00   0.0000000e+00   0.0000000e+00   0.0000000e+00   0.0000000e+00   0.0000000e+00   2.8722022e+00   3.7564044e+00   0.0000000e+00   0.0000000e+00   2.5537763e+00   0.0000000e+00   1.9198183e+00
   3.6711809e+00   3.4700415e+00   3.5334740e+00   3.4932001e+00   3.6975312e+00   4.3520222e+00   5.0463519e+00   5.4723225e+00   5.5870013e+00   5.4197907e+00   5.1123967e+00   4.7543268e+00   4.5545144e+00   4.4207191e+00   4.2779112e+00   4.1511273e+00   4.0528259e+00   4.0300374e+00   4.1601510e+00   4.4901690e+00   5.1439185e+00   6.1302991e+00   6.9258347e+00   0.0000000e+00   0.0000000e+00   0.0000000e+00   0.0000000e+00   0.0000000e+00   0.0000000e+00   3.9256190e+00   3.8680157e+00   0.0000000e+00   2.7462094e+00   4.0462098e+00   0.0000000e+00   0.0000000e+00
   4.7914180e+00   4.6640458e+00   4.3343525e+00   3.9564788e+00   3.9318709e+00   4.4902334e+00   5.0565667e+00   5.3230181e+00   5.1811256e+00   4.7670732e+00   4.3054581e+00   4.0619860e+00   4.1504083e+00   4.3201365e+00   4.5274754e+00   4.7143435e+00   4.8723445e+00   5.0987873e+00   5.4876227e+00   6.0293803e+00   6.7623024e+00   7.5972829e+00   7.5569267e+00   0.0000000e+00   0.0000000e+00   0.0000000e+00   0.0000000e+00   0.0000000e+00   0.0000000e+00   0.0000000e+00   4.4930274e+00   4.6544772e+00   4.3209073e+00   4.8897395e+00   4.5488377e+00   0.0000000e+00
   0.0000000e+00   4.6561051e+00   4.0429878e+00   3.5089271e+00   3.4549763e+00   3.9046204e+00   4.2744541e+00   4.3114872e+00   3.8960688e+00   3.3155217e+00   2.9577589e+00   3.1371746e+00   3.6555047e+00   4.2476702e+00   4.8589859e+00   5.3419738e+00   5.7442317e+00   6.1364651e+00   6.5298595e+00   6.9882555e+00   7.5381384e+00   7.9020352e+00   7.3926795e+00   0.0000000e+00   0.0000000e+00   0.0000000e+00   0.0000000e+00   0.0000000e+00   0.0000000e+00   0.0000000e+00   4.6837908e+00   4.6544769e+00   4.7763238e+00   4.4057012e+00   1.4550490e+00   0.0000000e+00
   3.6254132e+00   3.7258105e+00   3.1947069e+00   2.7222419e+00   2.7156219e+00   3.0011280e+00   3.1339099e+00   2.9436660e+00   2.4837871e+00   2.1072273e+00   2.1457546e+00   2.6537766e+00   3.3599343e+00   4.1819854e+00   5.0617766e+00   5.7705460e+00   6.3352060e+00   6.7986093e+00   7.0907965e+00   7.3117828e+00   7.5113935e+00   7.1125279e+00   6.7435685e+00   0.0000000e+00   0.0000000e+00   0.0000000e+00   0.0000000e+00   0.0000000e+00   0.0000000e+00   0.0000000e+00   0.0000000e+00   3.2544229e+00   3.9341331e+00   2.9513848e+00   1.0877644e+00   1.2088300e+00
   3.4059453e+00   2.8197474e+00   2.4432378e+00   2.3646722e+00   2.5012932e+00   2.6788828e+00   2.7133529e+00   2.6000144e+00   2.5171332e+00   2.6172142e+00   2.9327791e+00   3.3906121e+00   3.9100575e+00   4.5300941e+00   5.2104144e+00   5.7735081e+00   6.1939373e+00   6.5263786e+00   6.7150664e+00   6.7092624e+00   6.5034938e+00   6.0435450e+00   0.0000000e+00   0.0000000e+00   0.0000000e+00   0.0000000e+00   0.0000000e+00   0.0000000e+00   0.0000000e+00   0.0000000e+00   2.5952379e+00   2.7948480e+00   2.2388012e+00   1.3047159e+00   9.5982724e-01   2.1996319e+00
   2.5462561e+00   2.1464691e+00   2.5131810e+00   2.9223666e+00   3.2560854e+00   3.4937069e+00   3.6360283e+00   3.7604542e+00   3.9729285e+00   4.2795219e+00   4.6706171e+00   5.1112747e+00   5.5585942e+00   5.9947691e+00   6.3432093e+00   6.4987183e+00   6.4398789e+00   6.1660972e+00   5.7492127e+00   5.2497153e+00   4.8302164e+00   4.2922020e+00   0.0000000e+00   0.0000000e+00   0.0000000e+00   0.0000000e+00   0.0000000e+00   0.0000000e+00   0.0000000e+00   1.4820081e+00   2.4202106e+00   1.8013930e+00   1.1502284e+00   6.4478219e-01   5.2840513e-01   1.8330002e+00
   1.8617088e+00   2.1352312e+00   3.0883115e+00   3.7278488e+00   4.1599417e+00   4.4580917e+00   4.6685604e+00   4.8573307e+00   5.0957011e+00   5.3932794e+00   5.7501204e+00   6.1639440e+00   6.5912802e+00   6.9760333e+00   7.2211348e+00   7.2057410e+00   6.9022318e+00   6.2298276e+00   5.1942175e+00   3.7983949e+00   3.0927611e+00   3.2548983e+00   0.0000000e+00   0.0000000e+00   0.0000000e+00   0.0000000e+00   0.0000000e+00   0.0000000e+00   1.7217905e+00   1.7447241e+00   1.9894922e+00   1.1641966e+00   1.2060977e+00   9.0386225e-01   3.1331646e-01   1.0106685e+00
   0.0000000e+00   2.2112658e+00   3.1228770e+00   3.7481759e+00   4.2118211e+00   4.5478691e+00   4.7834839e+00   4.9819611e+00   5.2108673e+00   5.4933432e+00   5.8225606e+00   6.2085621e+00   6.6156074e+00   6.9961835e+00   7.2495175e+00   7.2476436e+00   6.9490572e+00   6.2633769e+00   5.1537365e+00   3.3040322e+00   1.8593177e+00   3.5369828e+00   0.0000000e+00   0.0000000e+00   0.0000000e+00   0.0000000e+00   0.0000000e+00   0.0000000e+00   2.6577041e+00   2.5415522e+00   1.3761116e+00   7.9966452e-01   1.0198412e+00   7.1822039e-01   2.9691398e-01   4.6788140e-01
   2.0777891e+00   2.1115131e+00   2.4123361e+00   2.7515824e+00   3.0995364e+00   3.4037311e+00   3.6390896e+00   3.8660560e+00   4.1441541e+00   4.4980392e+00   4.8944244e+00   5.3327117e+00   5.7606149e+00   6.1494727e+00   6.4053078e+00   6.4363809e+00   6.2331595e+00   5.6352105e+00   4.4743571e+00   2.5952201e+00   1.2540908e+00   2.9218893e+00   0.0000000e+00   0.0000000e+00   0.0000000e+00   0.0000000e+00   0.0000000e+00   0.0000000e+00   3.0571175e+00   2.3996215e+00   8.4737653e-01   8.4654349e-01   9.5205951e-01   8.7652045e-01   1.0178415e+00   1.3011576e+00
   2.8433239e+00   2.7128880e+00   2.4343047e+00   2.2234964e+00   2.1711500e+00   2.1927679e+00   2.1792212e+00   2.1715119e+00   2.2508922e+00   2.4943383e+00   2.8239019e+00   3.2050276e+00   3.5872102e+00   4.0229168e+00   4.5124826e+00   4.8229547e+00   4.8368826e+00   4.4440475e+00   3.5968702e+00   2.5333362e+00   2.0244005e+00   0.0000000e+00   0.0000000e+00   0.0000000e+00   0.0000000e+00   0.0000000e+00   0.0000000e+00   0.0000000e+00   2.9820245e+00   2.1505558e+00   1.3091010e+00   1.5211318e+00   1.6563383e+00   1.8676437e+00   2.2382259e+00   2.5870566e+00
   4.3443098e+00   3.8836374e+00   3.5120358e+00   3.1141074e+00   2.8528094e+00   2.7026479e+00   2.4934502e+00   2.2090876e+00   1.8828713e+00   1.5869036e+00   1.3512522e+00   1.3737992e+00   1.6609310e+00   2.1324992e+00   2.8088677e+00   3.3334174e+00   3.5485272e+00   3.5133145e+00   3.3541708e+00   3.1783237e+00   3.0979235e+00   0.0000000e+00   0.0000000e+00   0.0000000e+00   0.0000000e+00   0.0000000e+00   0.0000000e+00   0.0000000e+00   2.7672753e+00   2.1655545e+00   2.0413375e+00   2.3776546e+00   2.7675600e+00   3.1021545e+00   3.5127904e+00   3.9630227e+00
   4.9147592e+00   4.6564445e+00   4.4176140e+00   4.1094322e+00   3.8968210e+00   3.7802267e+00   3.6205046e+00   3.4243376e+00   3.1892715e+00   2.8728244e+00   2.4229014e+00   1.8245063e+00   1.4821447e+00   1.6193188e+00   2.0593724e+00   2.4964206e+00   2.8612976e+00   3.2511804e+00   3.6864340e+00   3.9714882e+00   3.9815373e+00   0.0000000e+00   0.0000000e+00   0.0000000e+00   0.0000000e+00   0.0000000e+00   0.0000000e+00   0.0000000e+00   2.5705714e+00   2.1105766e+00   2.4818027e+00   3.1093011e+00   3.7591460e+00   4.1268620e+00   4.3909702e+00   4.6912551e+00
   4.8338180e+00   4.8333101e+00   4.6890063e+00   4.4235945e+00   4.2349906e+00   4.1290865e+00   4.0038648e+00   3.9145784e+00   3.8455527e+00   3.7178867e+00   3.5232806e+00   3.1655624e+00   2.6893880e+00   2.3785956e+00   2.3765397e+00   2.5796096e+00   2.8611469e+00   3.2621281e+00   3.8159368e+00   4.3834391e+00   4.3421578e+00   4.6113458e+00   0.0000000e+00   0.0000000e+00   0.0000000e+00   0.0000000e+00   0.0000000e+00   3.3769856e+00   2.1465137e+00   1.8394245e+00   2.4584291e+00   3.4131999e+00   4.2312899e+00   4.6329103e+00   4.7541847e+00   4.8307199e+00
   4.5167341e+00   4.5214434e+00   4.3559704e+00   4.1047683e+00   3.9104447e+00   3.7830968e+00   3.6763475e+00   3.6287456e+00   3.6899107e+00   3.7568116e+00   3.7510078e+00   3.6838357e+00   3.4776063e+00   3.1863840e+00   2.9417419e+00   2.8562882e+00   2.8633668e+00   2.9747255e+00   3.2731304e+00   3.8848374e+00   4.5312252e+00   4.0517589e+00   3.4621677e+00   0.0000000e+00   0.0000000e+00   0.0000000e+00   0.0000000e+00   2.5546597e+00   1.8590624e+00   1.7930150e+00   2.1174996e+00   3.1182942e+00   3.9203684e+00   4.3431516e+00   4.4846954e+00   4.5125346e+00
   3.4612401e+00   3.5082765e+00   3.2928855e+00   2.9915962e+00   2.7985435e+00   2.6678030e+00   2.6191475e+00   2.6208956e+00   2.7350378e+00   2.9443092e+00   3.0270698e+00   3.0501773e+00   3.0528953e+00   2.9197586e+00   2.6951044e+00   2.4395773e+00   2.2049463e+00   2.0368657e+00   1.9917970e+00   2.2488043e+00   2.4879727e+00   2.1060238e+00   1.9051619e+00   0.0000000e+00   0.0000000e+00   0.0000000e+00   0.0000000e+00   0.0000000e+00   0.0000000e+00   1.5098162e+00   1.3254311e+00   1.9239171e+00   2.4044497e+00   2.7813923e+00   3.0690482e+00   3.2939177e+00
   1.7799184e+00   1.9958751e+00   1.9554185e+00   1.5156028e+00   1.3074187e+00   1.2096405e+00   1.2293154e+00   1.3098956e+00   1.4791633e+00   1.7311832e+00   1.8662683e+00   1.8787230e+00   1.9256361e+00   1.8958967e+00   1.7319702e+00   1.4400399e+00   1.0607455e+00   7.1580440e-01   4.9429527e-01   8.0948174e-01   2.0817289e+00   1.9961381e+00   0.0000000e+00   0.0000000e+00   0.0000000e+00   0.0000000e+00   0.0000000e+00   0.0000000e+00   0.0000000e+00   0.0000000e+00   7.3955933e-01   6.0616624e-01   6.5386683e-01   6.9843328e-01   9.8148912e-01   1.4151902e+00
   1.0172985e+00   1.0808986e+00   1.5671637e+00   1.4489048e+00   1.3579134e+00   1.1625594e+00   8.4406549e-01   5.2028739e-01   3.6125991e-01   4.4582829e-01   5.7700050e-01   6.1266810e-01   5.9542584e-01   5.8063698e-01   5.2803051e-01   4.6384245e-01   7.1700704e-01   1.1749253e+00   1.6083210e+00   2.0800638e+00   2.8456812e+00   0.0000000e+00   0.0000000e+00   0.0000000e+00   0.0000000e+00   0.0000000e+00   0.0000000e+00   0.0000000e+00   0.0000000e+00   0.0000000e+00   1.0980029e+00   2.0369580e+00   2.2123616e+00   2.1708913e+00   1.8251874e+00   1.3238373e+00
   2.9531077e+00   2.7909226e+00   3.1313276e+00   2.9732152e+00   2.9753022e+00   2.7460027e+00   2.2120726e+00   1.6829038e+00   1.2267752e+00   9.1988421e-01   8.7117994e-01   1.0108962e+00   1.1276282e+00   1.2758795e+00   1.5200304e+00   1.8092785e+00   2.1535981e+00   2.5615158e+00   3.0263213e+00   3.5579393e+00   4.3317937e+00   0.0000000e+00   0.0000000e+00   0.0000000e+00   0.0000000e+00   0.0000000e+00   0.0000000e+00   0.0000000e+00   0.0000000e+00   0.0000000e+00   0.0000000e+00   4.2213890e+00   3.9599321e+00   3.7460625e+00   3.4928761e+00   3.1851091e+00
   4.5323820e+00   4.6371946e+00   4.7784162e+00   4.4177677e+00   4.3448556e+00   3.7591784e+00   3.1775208e+00   2.6427727e+00   2.2012653e+00   1.9033849e+00   1.8264750e+00   1.9581395e+00   2.1485667e+00   2.4158342e+00   2.7806582e+00   3.0747502e+00   3.3397362e+00   3.6742237e+00   4.0261326e+00   4.5316467e+00   0.0000000e+00   0.0000000e+00   0.0000000e+00   0.0000000e+00   0.0000000e+00   0.0000000e+00   0.0000000e+00   0.0000000e+00   0.0000000e+00   0.0000000e+00   0.0000000e+00   5.2111787e+00   4.4710150e+00   4.4435940e+00   4.4353595e+00   4.4436216e+00
   5.1895339e+00   5.1523689e+00   5.4650195e+00   0.0000000e+00   4.1988423e+00   3.7889058e+00   3.3385071e+00   2.9607262e+00   2.7491898e+00   2.6074413e+00   2.5589639e+00   2.5692524e+00   2.6791058e+00   2.9075922e+00   3.1700730e+00   3.4093847e+00   3.6413393e+00   3.8764827e+00   4.0719643e+00   4.4722260e+00   0.0000000e+00   0.0000000e+00   0.0000000e+00   0.0000000e+00   0.0000000e+00   0.0000000e+00   0.0000000e+00   0.0000000e+00   0.0000000e+00   0.0000000e+00   0.0000000e+00   0.0000000e+00   4.0653780e+00   4.4944468e+00   4.7830313e+00   5.0132840e+00
   3.9286878e+00   4.2513418e+00   0.0000000e+00   0.0000000e+00   0.0000000e+00   2.9251072e+00   2.7466547e+00   2.7355642e+00   2.9184480e+00   2.9882176e+00   2.9386079e+00   2.8128593e+00   2.7653151e+00   2.8259075e+00   2.9249187e+00   3.0685093e+00   3.1865942e+00   3.2429931e+00   3.3253442e+00   0.0000000e+00   0.0000000e+00   0.0000000e+00   0.0000000e+00   0.0000000e+00   0.0000000e+00   0.0000000e+00   0.0000000e+00   0.0000000e+00   0.0000000e+00   0.0000000e+00   0.0000000e+00   0.0000000e+00   3.3824129e+00   4.1185718e+00   4.4629636e+00   4.3757834e+00
   2.1164837e+00   1.9460465e+00   0.0000000e+00   0.0000000e+00   0.0000000e+00   0.0000000e+00   1.5009075e+00   1.9706016e+00   2.5887418e+00   2.7908187e+00   2.7639594e+00   2.5984476e+00   2.4404237e+00   2.3246877e+00   2.2236865e+00   2.1853335e+00   2.1306560e+00   2.0510213e+00   1.9756878e+00   0.0000000e+00   0.0000000e+00   0.0000000e+00   0.0000000e+00   0.0000000e+00   0.0000000e+00   0.0000000e+00   0.0000000e+00   0.0000000e+00   0.0000000e+00   0.0000000e+00   0.0000000e+00   0.0000000e+00   2.6105750e+00   2.5770662e+00   2.3739822e+00   2.1919382e+00
   0.0000000e+00   0.0000000e+00   0.0000000e+00   0.0000000e+00   0.0000000e+00   0.0000000e+00   0.0000000e+00   1.7601443e+00   2.0644524e+00   2.1437185e+00   2.0915184e+00   1.9285444e+00   1.7224427e+00   1.4938902e+00   1.2987697e+00   1.1861700e+00   1.0706289e+00   9.6858191e-01   9.4213502e-01   0.0000000e+00   0.0000000e+00   0.0000000e+00   0.0000000e+00   0.0000000e+00   0.0000000e+00   0.0000000e+00   0.0000000e+00   0.0000000e+00   0.0000000e+00   0.0000000e+00   0.0000000e+00   0.0000000e+00   0.0000000e+00   0.0000000e+00   0.0000000e+00   0.0000000e+00
   0.0000000e+00   0.0000000e+00   0.0000000e+00   0.0000000e+00   0.0000000e+00   0.0000000e+00   0.0000000e+00   3.8702020e+00   1.7981373e+00   1.2605108e+00   1.0573076e+00   9.5739675e-01   8.1050605e-01   6.2122065e-01   5.3530157e-01   5.0545341e-01   5.1402545e-01   5.7646870e-01   0.0000000e+00   0.0000000e+00   0.0000000e+00   0.0000000e+00   0.0000000e+00   0.0000000e+00   0.0000000e+00   0.0000000e+00   0.0000000e+00   0.0000000e+00   0.0000000e+00   0.0000000e+00   0.0000000e+00   0.0000000e+00   0.0000000e+00   0.0000000e+00   0.0000000e+00   0.0000000e+00
   0.0000000e+00   0.0000000e+00   0.0000000e+00   0.0000000e+00   0.0000000e+00   0.0000000e+00   0.0000000e+00   7.1687675e+00   2.9122411e+00   1.0272692e+00   1.0354467e+00   1.2083643e+00   1.3824277e+00   1.1954196e+00   1.1808153e+00   2.2845744e+00   3.2307131e+00   0.0000000e+00   0.0000000e+00   0.0000000e+00   0.0000000e+00   0.0000000e+00   0.0000000e+00   0.0000000e+00   0.0000000e+00   0.0000000e+00   0.0000000e+00   0.0000000e+00   0.0000000e+00   0.0000000e+00   0.0000000e+00   0.0000000e+00   0.0000000e+00   0.0000000e+00   0.0000000e+00   0.0000000e+00
