   1.4606839e+00
   1.1738180e+00
   9.2278332e-01
   7.4773872e-01
   6.4957070e-01
   5.7446635e-01
   4.4805396e-01
   4.1685522e-01
   3.0625254e-01
   1.8243457e-01
   1.0510433e-01
   5.3012416e-02
  -1.0974838e-01
  -3.2447569e-02
   4.8901126e-02
  -3.8115833e-02
  -5.9974533e-02
  -4.3936104e-02
   4.1255094e-02
   8.7402858e-02
   2.5560925e-02
  -6.9862053e-02
  -1.0707291e-01
  -2.1264890e-02
   1.4115025e-01
   1.8811640e-01
   2.2917353e-01
   3.3771929e-01
   2.1430677e-01
   2.5971509e-03
  -1.1632105e-01
  -2.6629233e-01
  -1.5562466e-01
   4.4057763e-01
   8.6329216e-01
   1.1192262e+00
   9.8676825e-01
   7.7645081e-01
   6.4688188e-01
   4.9498349e-01
   3.6370087e-01
   2.7338791e-01
   1.6093217e-01
   9.3081921e-02
   2.6257116e-02
  -6.5390125e-02
  -2.0135781e-01
  -4.4014236e-01
  -6.8078804e-01
  -8.0146748e-01
  -8.0686128e-01
  -4.3440118e-01
   5.2027620e-02
   6.1759073e-01
   2.1483929e-01
  -5.2776195e-02
  -2.6373738e-01
  -2.5172982e-02
   6.1269756e-02
   3.6629174e-02
   3.5172531e-01
   5.5876285e-01
   6.1248243e-01
   2.1366420e-01
   2.1031041e-01
   1.6848750e-01
   4.8847385e-02
  -2.9727271e-01
   9.9008375e-01
   1.3804724e+00
   1.1798111e+00
   1.1239847e+00
   2.3460217e-01
   1.0505670e-01
   6.1757680e-02
  -3.4468360e-02
  -1.0203090e-01
  -2.1211231e-01
  -2.9896924e-01
  -3.4939134e-01
  -3.2747704e-01
  -3.9812168e-01
  -5.1393062e-01
  -7.7057934e-01
  -1.1199288e+00
  -1.3749574e+00
  -1.1359649e+00
  -5.8105630e-01
   5.3431246e-02
   5.2120340e-01
   5.9819800e-01
   2.0726249e-01
   2.2982731e-01
  -6.6904258e-03
   1.2239127e-01
   5.2178192e-01
   5.1583314e-01
   4.9731049e-01
   5.3960089e-02
  -2.2002166e-02
   3.7286764e-03
   2.2182214e-01
  -1.1999354e-01
  -2.8217647e-02
   9.6972764e-01
   5.9572339e-01
   5.7482278e-01
   4.2598417e-01
  -5.5575216e-01
  -5.3803766e-01
  -5.0998193e-01
  -5.2926469e-01
  -6.0165799e-01
  -7.3634690e-01
  -8.0984420e-01
  -8.0903465e-01
  -7.2984171e-01
  -7.3430538e-01
  -8.0006224e-01
  -1.0138040e+00
  -1.4526474e+00
  -1.6024805e+00
  -7.8795803e-01
  -4.7829235e-01
  -1.3389181e-01
  -3.0359411e-01
   2.0302802e-01
   3.1356022e-01
   1.2256908e-01
  -1.6595073e-01
   3.7553707e-01
   2.2983560e-01
   7.5568193e-01
   4.6570170e-01
  -3.6732277e-01
  -1.3523601e-01
  -1.4838552e-01
   4.6244051e-02
  -2.9838794e-01
   3.4040618e-01
   7.8795686e-02
   3.2015748e-02
  -1.8589613e-01
  -4.4286203e-01
  -1.0733554e+00
  -9.8353881e-01
  -8.9541602e-01
  -8.6998516e-01
  -9.4689679e-01
  -1.0879173e+00
  -1.1351469e+00
  -1.1046004e+00
  -9.6508271e-01
  -9.2308658e-01
  -9.5015728e-01
  -1.0843050e+00
  -1.4840811e+00
  -1.6213707e+00
  -6.3254583e-01
  -6.3604730e-01
  -4.0672389e-01
  -9.0749025e-01
  -5.0561506e-01
   1.7110491e-01
  -4.5746475e-01
  -5.1412016e-01
  -6.1966926e-02
  -6.6257522e-02
   4.2141390e-01
   2.8032145e-01
  -3.2460421e-01
  -3.7018138e-01
  -5.3834075e-01
  -5.1825035e-01
  -8.2695907e-01
  -3.4016150e-01
  -2.5497380e-01
  -5.1010853e-01
  -8.9590061e-01
  -1.1065665e+00
  -1.2912404e+00
  -1.1277324e+00
  -9.9593401e-01
  -9.3883061e-01
  -1.0143298e+00
  -1.1123733e+00
  -1.1264033e+00
  -1.0675984e+00
  -9.0774285e-01
  -8.5468381e-01
  -8.7018500e-01
  -9.8156458e-01
  -1.0984650e+00
  -1.4111050e+00
  -3.1095021e-01
  -7.8724025e-01
  -6.2984611e-01
  -6.7743729e-01
  -4.4853812e-01
  -8.3200420e-02
  -4.5940527e-01
  -4.1949936e-01
  -2.8288931e-01
  -3.3495363e-01
   5.5143978e-02
   4.7361670e-02
  -3.0958625e-01
  -5.2240291e-01
  -6.9358935e-01
  -9.6053797e-01
  -1.0599653e+00
  -6.4722701e-01
  -5.4200194e-01
  -1.0744327e+00
  -1.3734119e+00
  -1.4229459e+00
  -1.1501908e+00
  -9.2709816e-01
  -7.6529700e-01
  -7.0065129e-01
  -7.3470104e-01
  -7.8578073e-01
  -8.1759125e-01
  -7.4349654e-01
  -6.0832220e-01
  -5.8137983e-01
  -6.0311031e-01
  -6.7977726e-01
  -3.6019778e-01
  -4.1482401e-01
  -9.8024197e-02
  -8.9388514e-01
  -6.5860265e-01
  -5.4831016e-01
  -2.9399705e-01
  -5.7801861e-01
   3.3308975e-02
  -2.9107961e-01
  -4.9480414e-01
  -5.3882182e-01
  -1.9218175e-01
  -9.7841941e-02
  -5.7345051e-01
  -6.6885591e-01
  -5.5862600e-01
  -6.5556544e-01
  -7.7191526e-01
  -8.1575251e-01
  -8.0501544e-01
  -1.3025955e+00
  -1.4195706e+00
  -1.3434148e+00
  -5.7213408e-01
  -3.5239993e-01
  -2.1857464e-01
  -1.7616378e-01
  -1.9344687e-01
  -2.7617589e-01
  -3.5061789e-01
  -3.0984148e-01
  -2.5335962e-01
  -2.2492400e-01
  -2.2398298e-01
  -1.4666735e-01
   7.0077860e-01
   1.0557567e+00
   8.2127035e-02
  -5.6889325e-01
  -1.9231781e-01
  -2.2529434e-01
  -1.4333509e-01
  -3.9464037e-01
   1.2269828e-01
  -1.3548020e-01
  -7.1390960e-01
  -4.8831412e-01
  -3.5080761e-02
  -6.5627768e-02
  -5.8601475e-01
  -5.7355648e-01
  -3.4400349e-01
  -1.4400905e-01
   7.1480185e-02
  -2.7050936e-01
  -7.4802059e-01
  -9.3441468e-01
  -9.0855713e-01
  -7.7795506e-01
   1.3436873e-02
   1.9307736e-01
   2.6270717e-01
   2.9182342e-01
   2.3261459e-01
   8.0674984e-02
  -2.3938803e-02
  -3.5723727e-02
  -3.5745051e-02
   3.2806233e-02
   1.0251256e-01
   3.5269839e-01
   1.6587968e+00
   2.1962209e+00
   1.8001403e-01
  -4.2018068e-01
   3.4159780e-01
   2.5460649e-01
   1.2326515e-01
   1.3392338e-01
  -1.1289920e-01
   3.3008954e-01
  -3.3981082e-01
   2.7340925e-01
   3.6875027e-01
   7.5053483e-02
  -2.6060638e-01
  -1.5165459e-01
   1.3828944e-01
   4.1432092e-01
   5.0281942e-01
   1.5541974e-01
  -1.0870773e-01
  -1.8949020e-01
  -1.8502298e-01
  -1.3428608e-01
   5.9323466e-01
   7.0576531e-01
   7.1598077e-01
   6.9662452e-01
   5.3802371e-01
   3.4216270e-01
   2.1439314e-01
   1.3456629e-01
   1.1972320e-01
   2.6292306e-01
   4.2108029e-01
   9.3195277e-01
   2.7654579e+00
   3.3030689e+00
   5.2728152e-01
   4.0353030e-01
   1.0100651e+00
   1.3188820e+00
   6.5000993e-01
   6.0576534e-01
   1.4577934e-01
   5.6847322e-01
   7.7948010e-01
   7.3278683e-01
   4.5433682e-01
   5.1294863e-01
   5.8132726e-01
   7.1246958e-01
   9.2767751e-01
   1.0740213e+00
   1.0964031e+00
   9.7841311e-01
   8.4008437e-01
   6.4202183e-01
   5.4857969e-01
   5.1970625e-01
   8.9911991e-01
   9.6578097e-01
   9.4367105e-01
   8.3406985e-01
   6.0817474e-01
   3.9022338e-01
   2.4019980e-01
   1.4235610e-01
   1.7559795e-01
   3.6082083e-01
   6.2492502e-01
   1.4205617e+00
   3.5581329e+00
   3.3375709e+00
   1.2072073e+00
   8.3692896e-01
   9.0131706e-01
   1.8484900e+00
   8.6729693e-01
   7.9098004e-01
   5.7046664e-01
   7.4782014e-01
   1.0069782e+00
   8.4372675e-01
   9.6783930e-01
   1.2249939e+00
   1.3421420e+00
   1.4212968e+00
   1.5085089e+00
   1.5573397e+00
   1.5951862e+00
   1.4994407e+00
   1.2928964e+00
   1.0351777e+00
   9.2452544e-01
   8.6802036e-01
   1.0486647e+00
   1.0376533e+00
   9.1814029e-01
   6.9680709e-01
   4.2515233e-01
   2.0547715e-01
   8.8373378e-02
   4.1334845e-02
   1.7256919e-01
   4.2881119e-01
   9.0362376e-01
   2.0477772e+00
   4.5218573e+00
   2.9225144e+00
   1.9253861e+00
   1.0214356e+00
   1.0931556e+00
   2.2938960e+00
   1.1133827e+00
   7.6835626e-01
   3.9460593e-01
   7.1424025e-01
   1.2702321e+00
   1.3505106e+00
   1.5849723e+00
   1.8136274e+00
   1.9533345e+00
   1.9908168e+00
   1.9728894e+00
   1.9075239e+00
   1.8545301e+00
   1.7366863e+00
   1.4591559e+00
   1.2110531e+00
   1.1076978e+00
   1.0507113e+00
   8.5231793e-01
   7.4443167e-01
   5.3540301e-01
   2.6436549e-01
   2.1532269e-02
  -1.1260736e-01
  -1.3307676e-01
  -5.3098030e-02
   1.7940940e-01
   5.5258304e-01
   1.2854266e+00
   2.7666140e+00
   5.0571322e+00
   1.8757178e+00
   1.7353643e+00
   7.3672205e-01
   1.0999354e+00
   1.8549688e+00
   5.0214922e-01
   1.2142107e-01
   1.9982484e-01
   8.6123168e-01
   1.3348614e+00
   1.5890363e+00
   1.8678792e+00
   2.0540679e+00
   2.2117412e+00
   2.2201886e+00
   2.1160755e+00
   1.8925548e+00
   1.7460685e+00
   1.6505920e+00
   1.3261535e+00
   1.1201984e+00
   1.0100329e+00
   9.3630642e-01
   2.9385874e-01
   1.6589360e-01
  -1.4742417e-02
  -1.7894810e-01
  -2.6930851e-01
  -2.4809369e-01
  -1.4369708e-01
   4.8471585e-02
   3.5536188e-01
   8.6636287e-01
   1.7850827e+00
   3.3830831e+00
   4.6615543e+00
   1.0856856e+00
   6.5573031e-01
   2.9216656e-02
   5.5375862e-01
   8.4139460e-01
  -1.0362515e-01
  -1.5533878e-01
   2.2896080e-01
   6.6642112e-01
   1.1903505e+00
   1.6211461e+00
   1.8799356e+00
   2.0054646e+00
   2.1303043e+00
   2.0773699e+00
   1.8690267e+00
   1.4965024e+00
   1.3234351e+00
   1.2512174e+00
   9.0061694e-01
   6.8343526e-01
   5.4317039e-01
   4.2564306e-01
  -5.8965003e-01
  -6.3176292e-01
  -6.5850657e-01
  -5.7947475e-01
  -4.0532789e-01
  -1.8023029e-01
   7.0519254e-02
   3.6804107e-01
   7.5582916e-01
   1.3919710e+00
   2.2884500e+00
   3.4843886e+00
   3.1848936e+00
  -1.1667208e-01
  -7.3317103e-02
  -1.5096244e-01
   3.6898816e-01
   4.7741699e-01
  -9.5554531e-02
   3.9841041e-02
   3.5288283e-01
   6.9584197e-01
   9.9918795e-01
   1.6036595e+00
   1.7402196e+00
   1.7746549e+00
   1.7926526e+00
   1.5978802e+00
   1.2500273e+00
   7.2091037e-01
   5.2024192e-01
   4.6449733e-01
   9.2716902e-02
  -1.9507229e-01
  -3.6476666e-01
  -5.0436658e-01
  -1.5914090e+00
  -1.5894775e+00
  -1.5202063e+00
  -1.3187275e+00
  -9.9962014e-01
  -5.8512706e-01
  -1.0736469e-01
   3.3781597e-01
   7.9546815e-01
   1.3940172e+00
   2.0326185e+00
   2.5591843e+00
   1.5071223e+00
  -3.1544873e-01
  -2.7838480e-01
  -1.6332313e-01
   3.4922484e-01
   3.5651726e-01
   1.6635925e-01
   1.7753994e-01
   4.1666728e-01
   8.3302021e-01
   7.4065298e-01
   1.3866240e+00
   1.4449040e+00
   1.4107505e+00
   1.2858844e+00
   9.6289688e-01
   5.9513479e-01
   1.7265778e-02
  -2.7282318e-01
  -2.8786060e-01
  -7.3088503e-01
  -1.1536520e+00
  -1.3934579e+00
  -1.5323948e+00
  -2.1130507e+00
  -2.1407778e+00
  -2.0955164e+00
  -1.9361229e+00
  -1.6714642e+00
  -1.2936268e+00
  -8.0491877e-01
  -3.1832910e-01
   1.4439000e-01
   5.7480460e-01
   8.6883467e-01
   8.7848765e-01
   1.3131575e-01
  -3.8795140e-01
  -3.8748258e-01
  -3.2031140e-01
   2.5713095e-01
   2.9253349e-01
   1.8671021e-01
   1.6655979e-01
   3.3736917e-01
   5.2611154e-01
   2.6544845e-01
   8.6275852e-01
   9.9359989e-01
   9.6734673e-01
   7.8592771e-01
   4.5907676e-01
   2.4494217e-01
  -1.1529373e-01
  -5.4995316e-01
  -6.7725331e-01
  -1.2083991e+00
  -1.6737440e+00
  -1.8932850e+00
  -2.0266354e+00
  -1.1243640e+00
  -1.1584309e+00
  -1.1491166e+00
  -1.0857236e+00
  -9.5560962e-01
  -7.4766603e-01
  -4.6019099e-01
  -1.6074435e-01
   9.9567871e-02
   2.2210254e-01
   1.4215764e-01
  -3.2253676e-01
  -1.2083009e+00
  -1.5898080e+00
  -6.9575433e-01
  -8.0394974e-01
   1.4797744e-01
   3.8178398e-01
   1.1062546e-03
  -1.0954729e-01
   1.0532048e-01
   5.8150359e-02
  -2.5530913e-01
   2.2787082e-01
   5.7468884e-01
   6.7985616e-01
   5.7232242e-01
   2.6543239e-01
   1.3016578e-01
   2.2023824e-01
  -1.8145109e-01
  -4.2479567e-01
  -6.3305060e-01
  -8.9452250e-01
  -9.9210692e-01
  -1.0618359e+00
   1.1907699e+00
   1.1705773e+00
   1.1605428e+00
   1.1571170e+00
   1.1982444e+00
   1.3002150e+00
   1.4520133e+00
   1.6235947e+00
   1.7505358e+00
   1.6294270e+00
   1.0723243e+00
  -1.7968660e-01
  -1.7727893e+00
  -2.4078726e+00
  -1.0954610e+00
  -2.3574020e+00
  -2.5964179e-02
   2.0560711e-01
  -3.2410069e-01
  -6.9627396e-01
  -3.6056025e-01
  -4.2778552e-01
  -6.9141332e-01
  -3.6710744e-01
   9.8406363e-02
   2.3094011e-01
   3.5255961e-01
   1.1034854e-01
   3.8172308e-02
   6.4264791e-01
   7.1692041e-01
   4.2426092e-01
   8.9918400e-01
   1.0856011e+00
   1.1819339e+00
   1.1990379e+00
   2.0674119e+00
   2.1023955e+00
   2.0613286e+00
   1.9476784e+00
   1.8221737e+00
   1.7347870e+00
   1.6860019e+00
   1.7064567e+00
   1.7179041e+00
   1.4491085e+00
   6.3852155e-01
  -8.9042163e-01
  -2.5331724e+00
  -2.8722255e+00
  -1.9354171e+00
  -3.4387765e+00
  -2.3171411e-01
  -1.7329384e-02
  -4.1861337e-01
  -9.6228898e-01
  -1.2279613e+00
  -3.8904694e-01
  -1.2445238e+00
  -1.3824790e+00
  -7.2889584e-01
  -4.8984301e-01
   2.1874502e-02
   6.5103054e-02
   2.8238186e-01
   2.6585299e-01
   2.6605642e-01
   4.0431380e-01
   9.6322262e-01
   1.3542547e+00
   1.7067187e+00
   1.9310108e+00
   1.1933762e+00
   1.2296721e+00
   1.0930248e+00
   7.9510111e-01
   4.5777774e-01
   1.5757042e-01
  -7.4881837e-02
  -1.7921665e-01
  -1.4006352e-01
   8.3674222e-02
   1.7030574e-01
  -7.1596479e-01
  -2.8908687e+00
  -3.0161548e+00
  -3.1615505e+00
  -4.0225606e+00
  -6.7027855e-01
  -1.4273080e-01
  -4.7637644e-01
  -1.2508059e+00
  -2.8035264e+00
  -5.9288609e-01
  -1.4868873e+00
  -2.2397902e+00
  -1.3756441e+00
  -8.2117218e-01
   1.0435367e-01
   2.9867941e-01
   5.7576203e-01
   4.0533620e-01
  -1.4082217e-01
  -4.4086054e-02
   2.6458949e-01
   3.4565467e-01
   6.8696028e-01
   9.8972660e-01
  -9.7759917e-02
  -1.5955181e-03
  -8.2288533e-02
  -3.8338241e-01
  -7.8206468e-01
  -1.2105590e+00
  -1.6350633e+00
  -1.9515301e+00
  -2.0682187e+00
  -1.7002064e+00
  -7.0907360e-01
   5.4574871e-01
  -1.9379939e+00
  -2.8680358e+00
  -3.3891270e+00
  -4.5899425e+00
  -1.7167127e+00
  -1.9126220e-01
  -3.5377365e-01
  -1.3076692e+00
  -2.2397697e+00
  -1.5580970e+00
  -1.4948115e+00
  -2.5241892e+00
  -1.8016555e+00
  -3.4660095e-01
  -1.0161206e+00
  -9.6603483e-01
   5.0720686e-01
   9.8351508e-01
  -2.1540250e-01
  -3.8825637e-01
  -3.0559653e-01
  -5.7510167e-01
  -4.8748460e-01
  -3.0269638e-01
  -8.7362707e-01
  -7.3021722e-01
  -6.8009806e-01
  -8.5920960e-01
  -1.1988851e+00
  -1.6421573e+00
  -2.1403701e+00
  -2.5915935e+00
  -2.9029636e+00
  -2.8049517e+00
  -1.9696003e+00
  -9.1823667e-02
  -1.4224261e+00
  -2.2258706e+00
  -3.0481582e+00
  -4.2542486e+00
  -2.7320943e+00
  -2.7577278e-01
  -4.9444944e-01
  -7.2384149e-01
  -1.1508267e+00
  -1.3118249e+00
  -1.5180066e+00
  -2.3894219e+00
  -2.2038577e+00
  -1.6381891e+00
  -1.2799596e+00
  -6.0132527e-01
   3.6862233e-01
   8.1589729e-01
   2.8549766e-02
  -4.7597215e-01
  -4.9363410e-01
  -9.0887880e-01
  -1.0341944e+00
  -1.0103580e+00
  -1.2364024e+00
  -1.1083338e+00
  -9.3641800e-01
  -8.8694817e-01
  -9.9771190e-01
  -1.2849945e+00
  -1.7283152e+00
  -2.2548289e+00
  -2.8382211e+00
  -3.2523713e+00
  -2.6145833e+00
  -6.9102609e-01
  -6.7622739e-01
  -1.6215966e+00
  -2.4681845e+00
  -3.6735704e+00
  -3.6223137e+00
  -2.5870305e-01
   8.7765396e-02
  -2.4768817e-01
  -1.1067227e+00
  -1.4711158e+00
  -1.7987159e+00
  -1.9500737e+00
  -2.2156162e+00
  -2.3789046e+00
  -1.7510794e+00
  -8.8562086e-02
   4.3540007e-01
   5.0101191e-01
   1.6052733e-01
  -1.7063729e-01
  -4.8243654e-01
  -8.8704199e-01
  -1.1430358e+00
  -1.2603449e+00
  -1.3111281e+00
  -1.2259034e+00
  -9.7787380e-01
  -7.3741060e-01
  -5.9357178e-01
  -6.7798120e-01
  -1.0383934e+00
  -1.6195222e+00
  -2.4884098e+00
  -3.6282899e+00
  -3.0813301e+00
   2.4565715e-01
   2.8251165e-01
  -1.1102266e+00
  -1.5594677e+00
  -2.8819687e+00
  -3.7261751e+00
  -1.1856060e+00
   2.5631210e-01
   7.6598912e-02
  -8.8922089e-01
  -1.3921611e+00
  -1.9177182e+00
  -1.5808719e+00
  -2.2276809e+00
  -2.9742434e+00
  -1.1218864e+00
   5.2234918e-01
   5.9614527e-01
   5.9926599e-01
   3.5492066e-01
   1.9848268e-01
  -3.2346445e-01
  -6.7351514e-01
  -1.0058541e+00
  -1.2216945e+00
  -1.0540631e+00
  -1.0707467e+00
  -8.6441404e-01
  -6.1938983e-01
  -3.7764996e-01
  -2.9123428e-01
  -5.1305556e-01
  -1.0719576e+00
  -2.0791507e+00
  -3.7666333e+00
  -3.5023382e+00
   5.3614151e-01
   5.9231454e-01
  -3.6640772e-01
  -2.7305365e-01
  -1.8296947e+00
  -2.9132490e+00
  -2.1351914e+00
   6.5097457e-01
   2.6156476e-01
  -6.9700509e-01
  -1.1151891e+00
  -1.7310667e+00
  -1.7145945e+00
  -2.6143088e+00
  -2.6258180e+00
  -8.7118298e-01
  -1.0638452e-01
   2.5956371e-01
   4.4509459e-01
   8.3899724e-01
   4.0562031e-01
  -5.9379704e-02
  -3.2129848e-01
  -6.3057268e-01
  -8.7873369e-01
  -6.4366794e-01
  -7.4823785e-01
  -6.3171798e-01
  -4.5898852e-01
  -2.7141774e-01
  -1.5166032e-01
  -2.4553688e-01
  -6.9430918e-01
  -1.6764432e+00
  -3.5582194e+00
  -3.4864314e+00
   5.7045013e-01
   8.5870820e-01
   2.4204436e-01
   8.5275894e-01
  -7.6881808e-01
  -1.9590328e+00
  -1.9098101e+00
   5.4352593e-01
   2.3447850e-01
  -5.7810032e-01
  -5.9448940e-01
  -1.5396856e+00
  -2.1610379e+00
  -2.4748795e+00
  -1.3119261e+00
  -5.3406131e-01
  -2.3701571e-01
   7.1509600e-02
   4.5211709e-01
   7.7957076e-01
   6.2313598e-01
   2.9553711e-01
   8.6364657e-02
  -1.6720328e-01
  -4.1518202e-01
  -9.2297122e-02
  -2.6801270e-01
  -2.5163591e-01
  -1.4729626e-01
  -4.8732433e-02
   1.6998531e-02
  -1.0542942e-02
  -3.2304060e-01
  -1.1396095e+00
  -3.1114416e+00
  -2.6459455e+00
   9.1059908e-02
   1.0273886e-01
   1.5381350e-01
   7.0284057e-01
   4.5559949e-01
  -6.6761249e-01
  -1.4006581e+00
   3.8507366e-01
   4.1179338e-01
  -2.8166074e-01
  -3.6942473e-01
  -1.1489433e+00
  -2.1461344e+00
  -1.5159944e+00
   1.6829661e-01
  -2.2154415e-01
  -8.6582765e-02
  -3.7366003e-03
   6.1120516e-01
   6.2921345e-01
   1.0162312e+00
   9.0665674e-01
   7.3605162e-01
   4.9114367e-01
   2.1171419e-01
   3.5007116e-01
   9.9124926e-02
   8.0775522e-02
   1.5749222e-01
   2.1297166e-01
   2.2987962e-01
   1.8849760e-01
  -5.7894543e-02
  -6.9768906e-01
  -2.6131189e+00
  -1.4427354e+00
   1.5935081e-01
  -2.0954156e-01
   6.0279794e-02
   4.9631801e-01
   8.0165106e-01
   4.7751588e-01
  -6.9117963e-02
   1.4049116e-01
   5.6641637e-01
   4.1914437e-02
   2.7841067e-02
  -9.7818703e-01
  -1.9140323e+00
  -7.0456344e-01
  -1.3356028e-01
   1.1323663e-01
   9.6740469e-02
   2.4439132e-01
   3.5423371e-01
   4.1097233e-01
   1.1301782e+00
   1.4417510e+00
   1.3580283e+00
   1.0673296e+00
   7.2814018e-01
   8.2678366e-01
   5.2089876e-01
   4.4383821e-01
   5.2086061e-01
   5.4695874e-01
   5.4750919e-01
   4.5306373e-01
   2.4394923e-01
  -2.4329697e-01
  -1.7037513e+00
  -5.5174398e-01
  -5.3118940e-02
  -9.6908487e-02
   2.8296594e-02
   3.5246333e-01
   5.6731331e-01
   5.4305995e-01
   7.3543346e-01
   3.9710611e-01
   2.6462483e-01
   1.9642149e-01
   3.0621290e-01
  -8.4018183e-01
  -1.1228461e+00
  -2.4528652e-01
  -3.1798553e-01
  -4.6121767e-01
   1.9568649e-01
   3.9592502e-01
   4.9310904e-02
  -1.7404230e-01
   5.4723763e-01
   1.7378932e+00
   1.9875576e+00
   1.6576333e+00
   1.2480756e+00
   1.1089642e+00
   8.1455091e-01
   7.1396858e-01
   7.6269114e-01
   8.0296061e-01
   8.0042553e-01
   6.8642437e-01
   4.8536733e-01
   8.9646757e-02
  -8.3736867e-01
   1.4732768e-01
   8.3012171e-03
   8.7191083e-02
   7.2355160e-02
   2.6887599e-01
   4.4703048e-01
   3.1675706e-01
   6.6381294e-01
   4.8230606e-01
   3.0917651e-01
   2.8909332e-01
   2.5579712e-01
  -5.8427323e-01
  -5.8796728e-01
  -3.2833546e-01
  -2.0274978e-01
  -1.3184693e-02
   4.7176227e-02
   9.9200082e-02
  -1.4727758e-01
  -2.6466638e-01
  -4.6094983e-01
   1.1222893e+00
   2.0563037e+00
   1.9052520e+00
   1.5273008e+00
   1.1702920e+00
   9.2254514e-01
   8.3287956e-01
   8.7218984e-01
   9.3366373e-01
   9.1982622e-01
   8.2054754e-01
   6.4135665e-01
   2.9547741e-01
  -1.6780368e-01
   4.7587934e-01
   2.9203048e-01
   4.0012541e-02
   1.0164117e-01
   7.7796569e-02
   3.0447390e-01
   3.1878206e-01
  -9.0379006e-03
   2.5858468e-01
   1.2466483e-01
   1.5643344e-01
   1.9793717e-02
  -1.4226106e-01
  -1.0520556e-01
  -1.1928131e-01
  -2.9891023e-01
   7.9137316e-02
  -2.5293839e-02
  -1.4656796e-01
  -2.6502424e-01
  -1.5001358e-01
  -8.7581527e-01
  -1.9738365e-01
   1.2409507e+00
   1.5645646e+00
   1.4335834e+00
   8.3702892e-01
   7.5159918e-01
   7.2511142e-01
   7.9710317e-01
   8.9246904e-01
   8.8853455e-01
   8.0208808e-01
   6.4483331e-01
   3.3397412e-01
   5.1190829e-01
   7.6424067e-01
   1.3393028e-01
  -3.8860660e-02
  -1.0855402e-01
   2.9218368e-02
   2.7640206e-01
   4.9823481e-01
  -7.5880669e-02
  -2.1500960e-03
   2.3117040e-01
  -1.0715032e-01
  -2.0203416e-01
  -1.0258786e-01
  -4.1656546e-02
  -2.8034842e-01
  -1.6053408e-01
   3.0717424e-01
   1.9645458e-02
  -2.6921778e-01
  -5.2099359e-01
  -2.8267178e-01
  -6.1431948e-01
  -1.1638136e+00
  -3.6305338e-02
   6.5380285e-01
   8.7203133e-01
   1.3160489e-01
   2.5422019e-01
   3.3042553e-01
   4.7660100e-01
   6.3571584e-01
   6.6687721e-01
   5.7506478e-01
   5.3309053e-01
   6.1711526e-01
   6.8416727e-01
   4.6610439e-01
  -7.2630055e-02
  -1.2290592e-01
  -9.8920532e-02
  -1.7617203e-01
   2.5355208e-01
   7.1010512e-01
  -2.7494073e-01
  -2.9420186e-02
  -6.2873609e-02
  -4.8358049e-02
  -3.7672696e-01
  -1.8078052e-01
  -2.4531394e-01
  -2.4943851e-01
   5.3738777e-02
   8.1317507e-02
   1.8044606e-01
   8.2493976e-02
  -6.5797096e-01
  -7.7538776e-01
  -1.0215414e+00
  -1.6312138e+00
  -8.2394373e-01
  -2.9770863e-01
  -1.2193732e-02
  -8.0985892e-01
  -5.4498332e-01
  -3.2221210e-01
  -4.6021316e-02
   1.7971075e-01
   2.7191013e-01
   5.5736184e-02
   4.1336749e-01
   3.0723825e-01
   3.5702282e-01
   3.7712945e-01
  -3.8908809e-02
  -7.6712249e-03
   5.5100487e-03
  -9.4426394e-02
   1.7273325e-01
   5.1957470e-01
  -4.3707747e-02
   9.3302347e-02
  -3.7837695e-02
  -1.5054645e-01
  -3.6642984e-01
  -5.0134021e-01
  -5.9751284e-01
   1.1491023e-01
   3.5121651e-01
   2.0704471e-01
   1.1429191e-01
   3.8496245e-01
   1.5204164e-01
  -4.7599354e-01
  -1.7549354e+00
  -1.5065471e+00
  -1.9150618e+00
  -1.2306528e+00
  -1.1508496e+00
  -9.9272996e-01
  -5.6000495e-01
  -5.2566034e-01
  -3.0778414e-01
  -2.7964818e-01
  -4.8354658e-01
  -6.5981102e-01
  -3.0549261e-01
   1.2503427e-01
   1.1990828e-01
   1.0706758e-01
   2.4150415e-01
   5.1233745e-01
   4.3553355e-01
   2.9742488e-01
   3.5374621e-01
   4.2124942e-01
   3.3845973e-01
   2.9389048e-01
   1.3959126e-01
  -8.3940513e-02
  -2.0615779e-01
  -3.4387356e-01
  -3.4982345e-01
  -1.9247586e-01
  -8.3772883e-02
  -5.8994692e-02
   9.2121307e-03
   3.3282701e-02
  -3.8151719e-02
   1.4879679e-02
  -1.4809626e-01
  -4.6092930e-01
  -4.7104114e-01
  -6.1853170e-01
  -1.0198852e+00
