-START-OF-DATA-
0 0.000278
10 0.000278
20 0.000278
30 0.000278
40 0.000278
50 0.000278
60 0.000278
70 0.000278
80 0.000278
90 0.000278
100 0.000278
110 0.000278
120 0.000278
130 0.000278
140 0.000278
150 0.000278
160 0.000278
170 0.000278
180 0.000278
190 0.000278
200 0.000278
210 0.000278
220 0.000278
230 0.000278
240 0.000278
250 0.000278
260 0.000278
270 0.000278
280 0.000278
290 0.000278
300 0.000278
310 0.000278
320 0.000278
330 0.000278
340 0.000278
350 0.000278
360 0.000278
370 0.000278
380 0.000278
390 0.000278
400 0.000278
410 0.000278
420 0.000278
430 0.000278
440 0.000278
450 0.000278
460 0.000278
470 0.000278
480 0.000278
490 0.000278
500 0.000278
510 0.000278
520 0.000278
530 0.000278
540 0.000278
550 0.000278
560 0.000278
570 0.000278
580 0.000278
590 0.000278
600 0.000278
610 0.000278
620 0.000278
630 0.000278
640 0.000278
650 0.000278
660 0.000278
670 0.000278
680 0.000278
690 0.000278
700 0.000278
710 0.000278
720 0.000278
730 0.000278
740 0.000278
750 0.000278
760 0.000278
770 0.000278
780 0.000278
790 0.000278
800 0.000278
810 0.000278
820 0.000278
830 0.000278
840 0.000278
850 0.000278
860 0.000278
870 0.000278
880 0.000278
890 0.000278
900 0.000278
910 0.000278
920 0.000278
930 0.000278
940 0.000278
950 0.000278
960 0.000278
970 0.000278
980 0.000278
990 0.000278
1000 0.000278
1010 0.000278
1020 0.000278
1030 0.000278
1040 0.000278
1050 0.000278
1060 0.000278
1070 0.000278
1080 0.000278
1090 0.000278
1100 0.000278
1110 0.000278
1120 0.000278
1130 0.000278
1140 0.000278
1150 0.000278
1160 0.000278
1170 0.000278
1180 0.000278
1190 0.000278
1200 0.000278
1210 0.000278
1220 0.000278
1230 0.000278
1240 0.000278
1250 0.000278
1260 0.000278
1270 0.000278
1280 0.000278
1290 0.000278
1300 0.000278
1310 0.000278
1320 0.000278
1330 0.000278
1340 0.000278
1350 0.000278
1360 0.000278
1370 0.000278
1380 0.000278
1390 0.000278
1400 0.000278
1410 0.000278
1420 0.000278
1430 0.000278
1440 0.000278
1450 0.000278
1460 0.000278
1470 0.000278
1480 0.000278
1490 0.000278
1500 0.000278
1510 0.000278
1520 0.000278
1530 0.000278
1540 0.000278
1550 0.000278
1560 0.000278
1570 0.000278
1580 0.000278
1590 0.000278
1600 0.000278
1610 0.000278
1620 0.000278
1630 0.000278
1640 0.000278
1650 0.000278
1660 0.000278
1670 0.000278
1680 0.000278
1690 0.000278
1700 0.000278
1710 0.000278
1720 0.000278
1730 0.000278
1740 0.000278
1750 0.000278
1760 0.000278
1770 0.000278
1780 0.000278
1790 0.000278
1800 0.000278
1810 0.000278
1820 0.000278
1830 0.000278
1840 0.000278
1850 0.000278
1860 0.000278
1870 0.000278
1880 0.000278
1890 0.000278
1900 0.000278
1910 0.000278
1920 0.000278
1930 0.000278
1940 0.000278
1950 0.000278
1960 0.000278
1970 0.000278
1980 0.000278
1990 0.000278
2000 0.000278
2010 0.000278
2020 0.000278
2030 0.000278
2040 0.000278
2050 0.000278
2060 0.000278
2070 0.000278
2080 0.000278
2090 0.000278
2100 0.000278
2110 0.000278
2120 0.000278
2130 0.000278
2140 0.000278
2150 0.000278
2160 0.000278
2170 0.000278
2180 0.000278
2190 0.000278
2200 0.000278
2210 0.000278
2220 0.000278
2230 0.000278
2240 0.000278
2250 0.000278
2260 0.000278
2270 0.000278
2280 0.000278
2290 0.000278
2300 0.000278
2310 0.000278
2320 0.000278
2330 0.000278
2340 0.000278
2350 0.000278
2360 0.000278
2370 0.000278
2380 0.000278
2390 0.000278
2400 0.000278
2410 0.000278
2420 0.000278
2430 0.000278
2440 0.000278
2450 0.000278
2460 0.000278
2470 0.000278
2480 0.000278
2490 0.000278
2500 0.000278
2510 0.000278
2520 0.000278
2530 0.000278
2540 0.000278
2550 0.000278
2560 0.000278
2570 0.000278
2580 0.000278
2590 0.000278
2600 0.000278
2610 0.000278
2620 0.000278
2630 0.000278
2640 0.000278
2650 0.000278
2660 0.000278
2670 0.000278
2680 0.000278
2690 0.000278
2700 0.000278
2710 0.000278
2720 0.000278
2730 0.000278
2740 0.000278
2750 0.000278
2760 0.000278
2770 0.000278
2780 0.000278
2790 0.000278
2800 0.000278
2810 0.000278
2820 0.000278
2830 0.000278
2840 0.000278
2850 0.000278
2860 0.000278
2870 0.000278
2880 0.000278
2890 0.000278
2900 0.000278
2910 0.000278
2920 0.000278
2930 0.000278
2940 0.000278
2950 0.000278
2960 0.000278
2970 0.000278
2980 0.000278
2990 0.000278
3000 0.000278
3010 0.000278
3020 0.000278
3030 0.000278
3040 0.000278
3050 0.000278
3060 0.000278
3070 0.000278
3080 0.000278
3090 0.000278
3100 0.000278
3110 0.000278
3120 0.000278
3130 0.000278
3140 0.000278
3150 0.000278
3160 0.000278
3170 0.000278
3180 0.000278
3190 0.000278
3200 0.000278
3210 0.000278
3220 0.000278
3230 0.000278
3240 0.000278
3250 0.000278
3260 0.000278
3270 0.000278
3280 0.000278
3290 0.000278
3300 0.000278
3310 0.000278
3320 0.000278
3330 0.000278
3340 0.000278
3350 0.000278
3360 0.000278
3370 0.000278
3380 0.000278
3390 0.000278
3400 0.000278
3410 0.000278
3420 0.000278
3430 0.000278
3440 0.000278
3450 0.000278
3460 0.000278
3470 0.000278
3480 0.000278
3490 0.000278
3500 0.000278
3510 0.000278
3520 0.000278
3530 0.000278
3540 0.000278
3550 0.000278
3560 0.000278
3570 0.000278
3580 0.000278
3590 0.000278
3600 0.000278
3610 0.000278
3620 0.000278
3630 0.000278
3640 0.000278
3650 0.000278
3660 0.000278
3670 0.000278
3680 0.000278
3690 0.000278
3700 0.000278
3710 0.000278
3720 0.000278
3730 0.000278
3740 0.000278
3750 0.000278
3760 0.000278
3770 0.000278
3780 0.000278
3790 0.000278
3800 0.000278
3810 0.000278
3820 0.000278
3830 0.000278
3840 0.000278
3850 0.000278
3860 0.000278
3870 0.000278
3880 0.000278
3890 0.000278
3900 0.000278
3910 0.000278
3920 0.000278
3930 0.000278
3940 0.000278
3950 0.000278
3960 0.000278
3970 0.000278
3980 0.000278
3990 0.000278
4000 0.000278
4010 0.000278
4020 0.000278
4030 0.000278
4040 0.000278
4050 0.000278
4060 0.000278
4070 0.000278
4080 0.000278
4090 0.000278
4100 0.000278
4110 0.000278
4120 0.000278
4130 0.000278
4140 0.000278
4150 0.000278
4160 0.000278
4170 0.000278
4180 0.000278
4190 0.000278
4200 0.000278
4210 0.000278
4220 0.000278
4230 0.000278
4240 0.000278
4250 0.000278
4260 0.000278
4270 0.000278
4280 0.000278
4290 0.000278
4300 0.000278
4310 0.000278
4320 0.000278
4330 0.000278
4340 0.000278
4350 0.000278
4360 0.000278
4370 0.000278
4380 0.000278
4390 0.000278
4400 0.000278
4410 0.000278
4420 0.000278
4430 0.000278
4440 0.000278
4450 0.000278
4460 0.000278
4470 0.000278
4480 0.000278
4490 0.000278
4500 0.000278
4510 0.000278
4520 0.000278
4530 0.000278
4540 0.000278
4550 0.000278
4560 0.000278
4570 0.000278
4580 0.000278
4590 0.000278
4600 0.000278
4610 0.000278
4620 0.000278
4630 0.000278
4640 0.000278
4650 0.000278
4660 0.000278
4670 0.000278
4680 0.000278
4690 0.000278
4700 0.000278
4710 0.000278
4720 0.000278
4730 0.000278
4740 0.000278
4750 0.000278
4760 0.000278
4770 0.000278
4780 0.000278
4790 0.000278
4800 0.000278
4810 0.000278
4820 0.000278
4830 0.000278
4840 0.000278
4850 0.000278
4860 0.000278
4870 0.000278
4880 0.000278
4890 0.000278
4900 0.000278
4910 0.000278
4920 0.000278
4930 0.000278
4940 0.000278
4950 0.000278
4960 0.000278
4970 0.000278
4980 0.000278
4990 0.000278
5000 0.000278
5010 0.000281393056943057
5020 0.000284786113886114
5030 0.000288179170829171
5040 0.000291572227772228
5050 0.000294965284715285
5060 0.000298358341658342
5070 0.000301751398601399
5080 0.000305144455544456
5090 0.000308537512487512
5100 0.000311930569430569
5110 0.000315323626373626
5120 0.000318716683316683
5130 0.00032210974025974
5140 0.000325502797202797
5150 0.000328895854145854
5160 0.000332288911088911
5170 0.000335681968031968
5180 0.000339075024975025
5190 0.000342468081918082
5200 0.000345861138861139
5210 0.000349254195804196
5220 0.000352647252747253
5230 0.00035604030969031
5240 0.000359433366633367
5250 0.000362826423576424
5260 0.00036621948051948
5270 0.000369612537462537
5280 0.000373005594405594
5290 0.000376398651348651
5300 0.000379791708291708
5310 0.000383184765234765
5320 0.000386577822177822
5330 0.000389970879120879
5340 0.000393363936063936
5350 0.000396756993006993
5360 0.00040015004995005
5370 0.000403543106893107
5380 0.000406936163836164
5390 0.000410329220779221
5400 0.000413722277722278
5410 0.000417115334665335
5420 0.000420508391608392
5430 0.000423901448551449
5440 0.000427294505494505
5450 0.000430687562437562
5460 0.000434080619380619
5470 0.000437473676323676
5480 0.000440866733266733
5490 0.00044425979020979
5500 0.000447652847152847
5510 0.000451045904095904
5520 0.000454438961038961
5530 0.000457832017982018
5540 0.000461225074925075
5550 0.000464618131868132
5560 0.000468011188811189
5570 0.000471404245754246
5580 0.000474797302697303
5590 0.00047819035964036
5600 0.000481583416583417
5610 0.000484976473526473
5620 0.00048836953046953
5630 0.000491762587412587
5640 0.000495155644355644
5650 0.000498548701298701
5660 0.000501941758241758
5670 0.000505334815184815
5680 0.000508727872127872
5690 0.000512120929070929
5700 0.000515513986013986
5710 0.000518907042957043
5720 0.0005223000999001
5730 0.000525693156843157
5740 0.000529086213786214
5750 0.000532479270729271
5760 0.000535872327672328
5770 0.000539265384615385
5780 0.000542658441558442
5790 0.000546051498501498
5800 0.000549444555444555
5810 0.000552837612387612
5820 0.000556230669330669
5830 0.000559623726273726
5840 0.000563016783216783
5850 0.00056640984015984
5860 0.000569802897102897
5870 0.000573195954045954
5880 0.000576589010989011
5890 0.000579982067932068
5900 0.000583375124875125
5910 0.000586768181818182
5920 0.000590161238761239
5930 0.000593554295704296
5940 0.000596947352647353
5950 0.00060034040959041
5960 0.000603733466533467
5970 0.000607126523476523
5980 0.00061051958041958
5990 0.000613912637362637
6000 0.000617305694305694
6010 0.000620698751248751
6020 0.000624091808191808
6030 0.000627484865134865
6040 0.000630877922077922
6050 0.000634270979020979
6060 0.000637664035964036
6070 0.000641057092907093
6080 0.00064445014985015
6090 0.000647843206793207
6100 0.000651236263736264
6110 0.000654629320679321
6120 0.000658022377622378
6130 0.000661415434565434
6140 0.000664808491508491
6150 0.000668201548451548
6160 0.000671594605394605
6170 0.000674987662337662
6180 0.000678380719280719
6190 0.000681773776223776
6200 0.000685166833166833
6210 0.00068855989010989
6220 0.000691952947052947
6230 0.000695346003996004
6240 0.000698739060939061
6250 0.000702132117882118
6260 0.000705525174825175
6270 0.000708918231768232
6280 0.000712311288711289
6290 0.000715704345654346
6300 0.000719097402597402
6310 0.00072249045954046
6320 0.000725883516483516
6330 0.000729276573426573
6340 0.00073266963036963
6350 0.000736062687312687
6360 0.000739455744255744
6370 0.000742848801198801
6380 0.000746241858141858
6390 0.000749634915084915
6400 0.000753027972027972
6410 0.000756421028971029
6420 0.000759814085914086
6430 0.000763207142857143
6440 0.0007666001998002
6450 0.000769993256743257
6460 0.000773386313686314
6470 0.00077677937062937
6480 0.000780172427572428
6490 0.000783565484515485
6500 0.000786958541458541
6510 0.000790351598401598
6520 0.000793744655344655
6530 0.000797137712287712
6540 0.000800530769230769
6550 0.000803923826173826
6560 0.000807316883116883
6570 0.00081070994005994
6580 0.000814102997002997
6590 0.000817496053946054
6600 0.000820889110889111
6610 0.000824282167832168
6620 0.000827675224775225
6630 0.000831068281718282
6640 0.000834461338661339
6650 0.000837854395604395
6660 0.000841247452547452
6670 0.00084464050949051
6680 0.000848033566433566
6690 0.000851426623376623
6700 0.00085481968031968
6710 0.000858212737262737
6720 0.000861605794205794
6730 0.000864998851148851
6740 0.000868391908091908
6750 0.000871784965034965
6760 0.000875178021978022
6770 0.000878571078921079
6780 0.000881964135864136
6790 0.000885357192807193
6800 0.00088875024975025
6810 0.000892143306693307
6820 0.000895536363636364
6830 0.000898929420579421
6840 0.000902322477522477
6850 0.000905715534465534
6860 0.000909108591408591
6870 0.000912501648351648
6880 0.000915894705294705
6890 0.000919287762237762
6900 0.000922680819180819
6910 0.000926073876123876
6920 0.000929466933066933
6930 0.00093285999000999
6940 0.000936253046953047
6950 0.000939646103896104
6960 0.000943039160839161
6970 0.000946432217782218
6980 0.000949825274725275
6990 0.000953218331668332
7000 0.000956611388611389
7010 0.000960004445554446
7020 0.000963397502497502
7030 0.000966790559440559
7040 0.000970183616383616
7050 0.000973576673326673
7060 0.00097696973026973
7070 0.000980362787212787
7080 0.000983755844155844
7090 0.000987148901098901
7100 0.000990541958041958
7110 0.000993935014985015
7120 0.000997328071928072
7130 0.00100072112887113
7140 0.00100411418581419
7150 0.00100750724275724
7160 0.0010109002997003
7170 0.00101429335664336
7180 0.00101768641358641
7190 0.00102107947052947
7200 0.00102447252747253
7210 0.00102786558441558
7220 0.00103125864135864
7230 0.0010346516983017
7240 0.00103804475524476
7250 0.00104143781218781
7260 0.00104483086913087
7270 0.00104822392607393
7280 0.00105161698301698
7290 0.00105501003996004
7300 0.0010584030969031
7310 0.00106179615384615
7320 0.00106518921078921
7330 0.00106858226773227
7340 0.00107197532467532
7350 0.00107536838161838
7360 0.00107876143856144
7370 0.0010821544955045
7380 0.00108554755244755
7390 0.00108894060939061
7400 0.00109233366633367
7410 0.00109572672327672
7420 0.00109911978021978
7430 0.00110251283716284
7440 0.00110590589410589
7450 0.00110929895104895
7460 0.00111269200799201
7470 0.00111608506493506
7480 0.00111947812187812
7490 0.00112287117882118
7500 0.00112626423576424
7510 0.00112965729270729
7520 0.00113305034965035
7530 0.00113644340659341
7540 0.00113983646353646
7550 0.00114322952047952
7560 0.00114662257742258
7570 0.00115001563436563
7580 0.00115340869130869
7590 0.00115680174825175
7600 0.0011601948051948
7610 0.00116358786213786
7620 0.00116698091908092
7630 0.00117037397602398
7640 0.00117376703296703
7650 0.00117716008991009
7660 0.00118055314685315
7670 0.0011839462037962
7680 0.00118733926073926
7690 0.00119073231768232
7700 0.00119412537462537
7710 0.00119751843156843
7720 0.00120091148851149
7730 0.00120430454545455
7740 0.0012076976023976
7750 0.00121109065934066
7760 0.00121448371628372
7770 0.00121787677322677
7780 0.00122126983016983
7790 0.00122466288711289
7800 0.00122805594405594
7810 0.001231449000999
7820 0.00123484205794206
7830 0.00123823511488511
7840 0.00124162817182817
7850 0.00124502122877123
7860 0.00124841428571429
7870 0.00125180734265734
7880 0.0012552003996004
7890 0.00125859345654346
7900 0.00126198651348651
7910 0.00126537957042957
7920 0.00126877262737263
7930 0.00127216568431568
7940 0.00127555874125874
7950 0.0012789517982018
7960 0.00128234485514486
7970 0.00128573791208791
7980 0.00128913096903097
7990 0.00129252402597403
8000 0.00129591708291708
8010 0.00129931013986014
8020 0.0013027031968032
8030 0.00130609625374625
8040 0.00130948931068931
8050 0.00131288236763237
8060 0.00131627542457542
8070 0.00131966848151848
8080 0.00132306153846154
8090 0.0013264545954046
8100 0.00132984765234765
8110 0.00133324070929071
8120 0.00133663376623377
8130 0.00134002682317682
8140 0.00134341988011988
8150 0.00134681293706294
8160 0.00135020599400599
8170 0.00135359905094905
8180 0.00135699210789211
8190 0.00136038516483516
8200 0.00136377822177822
8210 0.00136717127872128
8220 0.00137056433566434
8230 0.00137395739260739
8240 0.00137735044955045
8250 0.00138074350649351
8260 0.00138413656343656
8270 0.00138752962037962
8280 0.00139092267732268
8290 0.00139431573426573
8300 0.00139770879120879
8310 0.00140110184815185
8320 0.0014044949050949
8330 0.00140788796203796
8340 0.00141128101898102
8350 0.00141467407592408
8360 0.00141806713286713
8370 0.00142146018981019
8380 0.00142485324675325
8390 0.0014282463036963
8400 0.00143163936063936
8410 0.00143503241758242
8420 0.00143842547452547
8430 0.00144181853146853
8440 0.00144521158841159
8450 0.00144860464535465
8460 0.0014519977022977
8470 0.00145539075924076
8480 0.00145878381618382
8490 0.00146217687312687
8500 0.00146556993006993
8510 0.00146896298701299
8520 0.00147235604395604
8530 0.0014757491008991
8540 0.00147914215784216
8550 0.00148253521478521
8560 0.00148592827172827
8570 0.00148932132867133
8580 0.00149271438561439
8590 0.00149610744255744
8600 0.0014995004995005
8610 0.00150289355644356
8620 0.00150628661338661
8630 0.00150967967032967
8640 0.00151307272727273
8650 0.00151646578421578
8660 0.00151985884115884
8670 0.0015232518981019
8680 0.00152664495504495
8690 0.00153003801198801
8700 0.00153343106893107
8710 0.00153682412587413
8720 0.00154021718281718
8730 0.00154361023976024
8740 0.0015470032967033
8750 0.00155039635364635
8760 0.00155378941058941
8770 0.00155718246753247
8780 0.00156057552447552
8790 0.00156396858141858
8800 0.00156736163836164
8810 0.0015707546953047
8820 0.00157414775224775
8830 0.00157754080919081
8840 0.00158093386613387
8850 0.00158432692307692
8860 0.00158771998001998
8870 0.00159111303696304
8880 0.00159450609390609
8890 0.00159789915084915
8900 0.00160129220779221
8910 0.00160468526473526
8920 0.00160807832167832
8930 0.00161147137862138
8940 0.00161486443556444
8950 0.00161825749250749
8960 0.00162165054945055
8970 0.00162504360639361
8980 0.00162843666333666
8990 0.00163182972027972
9000 0.00163522277722278
9010 0.00163861583416583
9020 0.00164200889110889
9030 0.00164540194805195
9040 0.001648795004995
9050 0.00165218806193806
9060 0.00165558111888112
9070 0.00165897417582418
9080 0.00166236723276723
9090 0.00166576028971029
9100 0.00166915334665335
9110 0.0016725464035964
9120 0.00167593946053946
9130 0.00167933251748252
9140 0.00168272557442557
9150 0.00168611863136863
9160 0.00168951168831169
9170 0.00169290474525475
9180 0.0016962978021978
9190 0.00169969085914086
9200 0.00170308391608392
9210 0.00170647697302697
9220 0.00170987002997003
9230 0.00171326308691309
9240 0.00171665614385614
9250 0.0017200492007992
9260 0.00172344225774226
9270 0.00172683531468531
9280 0.00173022837162837
9290 0.00173362142857143
9300 0.00173701448551449
9310 0.00174040754245754
9320 0.0017438005994006
9330 0.00174719365634366
9340 0.00175058671328671
9350 0.00175397977022977
9360 0.00175737282717283
9370 0.00176076588411588
9380 0.00176415894105894
9390 0.001767551998002
9400 0.00177094505494505
9410 0.00177433811188811
9420 0.00177773116883117
9430 0.00178112422577423
9440 0.00178451728271728
9450 0.00178791033966034
9460 0.0017913033966034
9470 0.00179469645354645
9480 0.00179808951048951
9490 0.00180148256743257
9500 0.00180487562437562
9510 0.00180826868131868
9520 0.00181166173826174
9530 0.0018150547952048
9540 0.00181844785214785
9550 0.00182184090909091
9560 0.00182523396603397
9570 0.00182862702297702
9580 0.00183202007992008
9590 0.00183541313686314
9600 0.00183880619380619
9610 0.00184219925074925
9620 0.00184559230769231
9630 0.00184898536463536
9640 0.00185237842157842
9650 0.00185577147852148
9660 0.00185916453546454
9670 0.00186255759240759
9680 0.00186595064935065
9690 0.00186934370629371
9700 0.00187273676323676
9710 0.00187612982017982
9720 0.00187952287712288
9730 0.00188291593406593
9740 0.00188630899100899
9750 0.00188970204795205
9760 0.0018930951048951
9770 0.00189648816183816
9780 0.00189988121878122
9790 0.00190327427572428
9800 0.00190666733266733
9810 0.00191006038961039
9820 0.00191345344655345
9830 0.0019168465034965
9840 0.00192023956043956
9850 0.00192363261738262
9860 0.00192702567432567
9870 0.00193041873126873
9880 0.00193381178821179
9890 0.00193720484515485
9900 0.0019405979020979
9910 0.00194399095904096
9920 0.00194738401598402
9930 0.00195077707292707
9940 0.00195417012987013
9950 0.00195756318681319
9960 0.00196095624375624
9970 0.0019643493006993
9980 0.00196774235764236
9990 0.00197113541458541
10000 0.00197452847152847
10010 0.00197792152847153
10020 0.00198131458541459
10030 0.00198470764235764
10040 0.0019881006993007
10050 0.00199149375624376
10060 0.00199488681318681
10070 0.00199827987012987
10080 0.00200167292707293
10090 0.00200506598401598
10100 0.00200845904095904
10110 0.0020118520979021
10120 0.00201524515484515
10130 0.00201863821178821
10140 0.00202203126873127
10150 0.00202542432567433
10160 0.00202881738261738
10170 0.00203221043956044
10180 0.0020356034965035
10190 0.00203899655344655
10200 0.00204238961038961
10210 0.00204578266733267
10220 0.00204917572427572
10230 0.00205256878121878
10240 0.00205596183816184
10250 0.0020593548951049
10260 0.00206274795204795
10270 0.00206614100899101
10280 0.00206953406593407
10290 0.00207292712287712
10300 0.00207632017982018
10310 0.00207971323676324
10320 0.00208310629370629
10330 0.00208649935064935
10340 0.00208989240759241
10350 0.00209328546453546
10360 0.00209667852147852
10370 0.00210007157842158
10380 0.00210346463536464
10390 0.00210685769230769
10400 0.00211025074925075
10410 0.00211364380619381
10420 0.00211703686313686
10430 0.00212042992007992
10440 0.00212382297702298
10450 0.00212721603396603
10460 0.00213060909090909
10470 0.00213400214785215
10480 0.0021373952047952
10490 0.00214078826173826
10500 0.00214418131868132
10510 0.00214757437562438
10520 0.00215096743256743
10530 0.00215436048951049
10540 0.00215775354645355
10550 0.0021611466033966
10560 0.00216453966033966
10570 0.00216793271728272
10580 0.00217132577422577
10590 0.00217471883116883
10600 0.00217811188811189
10610 0.00218150494505494
10620 0.002184898001998
10630 0.00218829105894106
10640 0.00219168411588412
10650 0.00219507717282717
10660 0.00219847022977023
10670 0.00220186328671329
10680 0.00220525634365634
10690 0.0022086494005994
10700 0.00221204245754246
10710 0.00221543551448551
10720 0.00221882857142857
10730 0.00222222162837163
10740 0.00222561468531469
10750 0.00222900774225774
10760 0.0022324007992008
10770 0.00223579385614386
10780 0.00223918691308691
10790 0.00224257997002997
10800 0.00224597302697303
10810 0.00224936608391608
10820 0.00225275914085914
10830 0.0022561521978022
10840 0.00225954525474525
10850 0.00226293831168831
10860 0.00226633136863137
10870 0.00226972442557443
10880 0.00227311748251748
10890 0.00227651053946054
10900 0.0022799035964036
10910 0.00228329665334665
10920 0.00228668971028971
10930 0.00229008276723277
10940 0.00229347582417582
10950 0.00229686888111888
10960 0.00230026193806194
10970 0.00230365499500499
10980 0.00230704805194805
10990 0.00231044110889111
11000 0.00231383416583417
11010 0.00231722722277722
11020 0.00232062027972028
11030 0.00232401333666334
11040 0.00232740639360639
11050 0.00233079945054945
11060 0.00233419250749251
11070 0.00233758556443556
11080 0.00234097862137862
11090 0.00234437167832168
11100 0.00234776473526473
11110 0.00235115779220779
11120 0.00235455084915085
11130 0.00235794390609391
11140 0.00236133696303696
11150 0.00236473001998002
11160 0.00236812307692308
11170 0.00237151613386613
11180 0.00237490919080919
11190 0.00237830224775225
11200 0.0023816953046953
11210 0.00238508836163836
11220 0.00238848141858142
11230 0.00239187447552448
11240 0.00239526753246753
11250 0.00239866058941059
11260 0.00240205364635365
11270 0.0024054467032967
11280 0.00240883976023976
11290 0.00241223281718282
11300 0.00241562587412587
11310 0.00241901893106893
11320 0.00242241198801199
11330 0.00242580504495504
11340 0.0024291981018981
11350 0.00243259115884116
11360 0.00243598421578422
11370 0.00243937727272727
11380 0.00244277032967033
11390 0.00244616338661339
11400 0.00244955644355644
11410 0.0024529495004995
11420 0.00245634255744256
11430 0.00245973561438561
11440 0.00246312867132867
11450 0.00246652172827173
11460 0.00246991478521479
11470 0.00247330784215784
11480 0.0024767008991009
11490 0.00248009395604396
11500 0.00248348701298701
11510 0.00248688006993007
11520 0.00249027312687313
11530 0.00249366618381618
11540 0.00249705924075924
11550 0.0025004522977023
11560 0.00250384535464535
11570 0.00250723841158841
11580 0.00251063146853147
11590 0.00251402452547453
11600 0.00251741758241758
11610 0.00252081063936064
11620 0.0025242036963037
11630 0.00252759675324675
11640 0.00253098981018981
11650 0.00253438286713287
11660 0.00253777592407592
11670 0.00254116898101898
11680 0.00254456203796204
11690 0.00254795509490509
11700 0.00255134815184815
11710 0.00255474120879121
11720 0.00255813426573427
11730 0.00256152732267732
11740 0.00256492037962038
11750 0.00256831343656344
11760 0.00257170649350649
11770 0.00257509955044955
11780 0.00257849260739261
11790 0.00258188566433566
11800 0.00258527872127872
11810 0.00258867177822178
11820 0.00259206483516484
11830 0.00259545789210789
11840 0.00259885094905095
11850 0.00260224400599401
11860 0.00260563706293706
11870 0.00260903011988012
11880 0.00261242317682318
11890 0.00261581623376623
11900 0.00261920929070929
11910 0.00262260234765235
11920 0.0026259954045954
11930 0.00262938846153846
11940 0.00263278151848152
11950 0.00263617457542458
11960 0.00263956763236763
11970 0.00264296068931069
11980 0.00264635374625375
11990 0.0026497468031968
12000 0.00265313986013986
12010 0.00265653291708292
12020 0.00265992597402597
12030 0.00266331903096903
12040 0.00266671208791209
12050 0.00267010514485514
12060 0.0026734982017982
12070 0.00267689125874126
12080 0.00268028431568432
12090 0.00268367737262737
12100 0.00268707042957043
12110 0.00269046348651349
12120 0.00269385654345654
12130 0.0026972496003996
12140 0.00270064265734266
12150 0.00270403571428571
12160 0.00270742877122877
12170 0.00271082182817183
12180 0.00271421488511488
12190 0.00271760794205794
12200 0.002721000999001
12210 0.00272439405594406
12220 0.00272778711288711
12230 0.00273118016983017
12240 0.00273457322677323
12250 0.00273796628371628
12260 0.00274135934065934
12270 0.0027447523976024
12280 0.00274814545454545
12290 0.00275153851148851
12300 0.00275493156843157
12310 0.00275832462537463
12320 0.00276171768231768
12330 0.00276511073926074
12340 0.0027685037962038
12350 0.00277189685314685
12360 0.00277528991008991
12370 0.00277868296703297
12380 0.00278207602397602
12390 0.00278546908091908
12400 0.00278886213786214
12410 0.00279225519480519
12420 0.00279564825174825
12430 0.00279904130869131
12440 0.00280243436563437
12450 0.00280582742257742
12460 0.00280922047952048
12470 0.00281261353646354
12480 0.00281600659340659
12490 0.00281939965034965
12500 0.00282279270729271
12510 0.00282618576423576
12520 0.00282957882117882
12530 0.00283297187812188
12540 0.00283636493506493
12550 0.00283975799200799
12560 0.00284315104895105
12570 0.00284654410589411
12580 0.00284993716283716
12590 0.00285333021978022
12600 0.00285672327672328
12610 0.00286011633366633
12620 0.00286350939060939
12630 0.00286690244755245
12640 0.0028702955044955
12650 0.00287368856143856
12660 0.00287708161838162
12670 0.00288047467532468
12680 0.00288386773226773
12690 0.00288726078921079
12700 0.00289065384615385
12710 0.0028940469030969
12720 0.00289743996003996
12730 0.00290083301698302
12740 0.00290422607392607
12750 0.00290761913086913
12760 0.00291101218781219
12770 0.00291440524475524
12780 0.0029177983016983
12790 0.00292119135864136
12800 0.00292458441558442
12810 0.00292797747252747
12820 0.00293137052947053
12830 0.00293476358641359
12840 0.00293815664335664
12850 0.0029415497002997
12860 0.00294494275724276
12870 0.00294833581418581
12880 0.00295172887112887
12890 0.00295512192807193
12900 0.00295851498501498
12910 0.00296190804195804
12920 0.0029653010989011
12930 0.00296869415584416
12940 0.00297208721278721
12950 0.00297548026973027
12960 0.00297887332667333
12970 0.00298226638361638
12980 0.00298565944055944
12990 0.0029890524975025
13000 0.00299244555444555
13010 0.00299583861138861
13020 0.00299923166833167
13030 0.00300262472527473
13040 0.00300601778221778
13050 0.00300941083916084
13060 0.0030128038961039
13070 0.00301619695304695
13080 0.00301959000999001
13090 0.00302298306693307
13100 0.00302637612387612
13110 0.00302976918081918
13120 0.00303316223776224
13130 0.0030365552947053
13140 0.00303994835164835
13150 0.00304334140859141
13160 0.00304673446553447
13170 0.00305012752247752
13180 0.00305352057942058
13190 0.00305691363636364
13200 0.00306030669330669
13210 0.00306369975024975
13220 0.00306709280719281
13230 0.00307048586413586
13240 0.00307387892107892
13250 0.00307727197802198
13260 0.00308066503496503
13270 0.00308405809190809
13280 0.00308745114885115
13290 0.00309084420579421
13300 0.00309423726273726
13310 0.00309763031968032
13320 0.00310102337662338
13330 0.00310441643356643
13340 0.00310780949050949
13350 0.00311120254745255
13360 0.0031145956043956
13370 0.00311798866133866
13380 0.00312138171828172
13390 0.00312477477522478
13400 0.00312816783216783
13410 0.00313156088911089
13420 0.00313495394605395
13430 0.003138347002997
13440 0.00314174005994006
13450 0.00314513311688312
13460 0.00314852617382617
13470 0.00315191923076923
13480 0.00315531228771229
13490 0.00315870534465534
13500 0.0031620984015984
13510 0.00316549145854146
13520 0.00316888451548452
13530 0.00317227757242757
13540 0.00317567062937063
13550 0.00317906368631369
13560 0.00318245674325674
13570 0.0031858498001998
13580 0.00318924285714286
13590 0.00319263591408591
13600 0.00319602897102897
13610 0.00319942202797203
13620 0.00320281508491508
13630 0.00320620814185814
13640 0.0032096011988012
13650 0.00321299425574426
13660 0.00321638731268731
13670 0.00321978036963037
13680 0.00322317342657343
13690 0.00322656648351648
13700 0.00322995954045954
13710 0.0032333525974026
13720 0.00323674565434565
13730 0.00324013871128871
13740 0.00324353176823177
13750 0.00324692482517483
13760 0.00325031788211788
13770 0.00325371093906094
13780 0.003257103996004
13790 0.00326049705294705
13800 0.00326389010989011
13810 0.00326728316683317
13820 0.00327067622377622
13830 0.00327406928071928
13840 0.00327746233766234
13850 0.00328085539460539
13860 0.00328424845154845
13870 0.00328764150849151
13880 0.00329103456543457
13890 0.00329442762237762
13900 0.00329782067932068
13910 0.00330121373626374
13920 0.00330460679320679
13930 0.00330799985014985
13940 0.00331139290709291
13950 0.00331478596403596
13960 0.00331817902097902
13970 0.00332157207792208
13980 0.00332496513486513
13990 0.00332835819180819
14000 0.00333175124875125
14010 0.00333514430569431
14020 0.00333853736263736
14030 0.00334193041958042
14040 0.00334532347652348
14050 0.00334871653346653
14060 0.00335210959040959
14070 0.00335550264735265
14080 0.0033588957042957
14090 0.00336228876123876
14100 0.00336568181818182
14110 0.00336907487512488
14120 0.00337246793206793
14130 0.00337586098901099
14140 0.00337925404595405
14150 0.0033826471028971
14160 0.00338604015984016
14170 0.00338943321678322
14180 0.00339282627372627
14190 0.00339621933066933
14200 0.00339961238761239
14210 0.00340300544455544
14220 0.0034063985014985
14230 0.00340979155844156
14240 0.00341318461538462
14250 0.00341657767232767
14260 0.00341997072927073
14270 0.00342336378621379
14280 0.00342675684315684
14290 0.0034301499000999
14300 0.00343354295704296
14310 0.00343693601398601
14320 0.00344032907092907
14330 0.00344372212787213
14340 0.00344711518481518
14350 0.00345050824175824
14360 0.0034539012987013
14370 0.00345729435564436
14380 0.00346068741258741
14390 0.00346408046953047
14400 0.00346747352647353
14410 0.00347086658341658
14420 0.00347425964035964
14430 0.0034776526973027
14440 0.00348104575424575
14450 0.00348443881118881
14460 0.00348783186813187
14470 0.00349122492507492
14480 0.00349461798201798
14490 0.00349801103896104
14500 0.0035014040959041
14510 0.00350479715284715
14520 0.00350819020979021
14530 0.00351158326673327
14540 0.00351497632367632
14550 0.00351836938061938
14560 0.00352176243756244
14570 0.00352515549450549
14580 0.00352854855144855
14590 0.00353194160839161
14600 0.00353533466533467
14610 0.00353872772227772
14620 0.00354212077922078
14630 0.00354551383616384
14640 0.00354890689310689
14650 0.00355229995004995
14660 0.00355569300699301
14670 0.00355908606393606
14680 0.00356247912087912
14690 0.00356587217782218
14700 0.00356926523476523
14710 0.00357265829170829
14720 0.00357605134865135
14730 0.0035794444055944
14740 0.00358283746253746
14750 0.00358623051948052
14760 0.00358962357642358
14770 0.00359301663336663
14780 0.00359640969030969
14790 0.00359980274725275
14800 0.0036031958041958
14810 0.00360658886113886
14820 0.00360998191808192
14830 0.00361337497502497
14840 0.00361676803196803
14850 0.00362016108891109
14860 0.00362355414585415
14870 0.0036269472027972
14880 0.00363034025974026
14890 0.00363373331668332
14900 0.00363712637362637
14910 0.00364051943056943
14920 0.00364391248751249
14930 0.00364730554445554
14940 0.0036506986013986
14950 0.00365409165834166
14960 0.00365748471528471
14970 0.00366087777222777
14980 0.00366427082917083
14990 0.00366766388611389
15000 0.00367105694305694
15010 0.00367445
15020 0.00367445
15030 0.00367445
15040 0.00367445
15050 0.00367445
15060 0.00367445
15070 0.00367445
15080 0.00367445
15090 0.00367445
15100 0.00367445
15110 0.00367445
15120 0.00367445
15130 0.00367445
15140 0.00367445
15150 0.00367445
15160 0.00367445
15170 0.00367445
15180 0.00367445
15190 0.00367445
15200 0.00367445
15210 0.00367445
15220 0.00367445
15230 0.00367445
15240 0.00367445
15250 0.00367445
15260 0.00367445
15270 0.00367445
15280 0.00367445
15290 0.00367445
15300 0.00367445
15310 0.00367445
15320 0.00367445
15330 0.00367445
15340 0.00367445
15350 0.00367445
15360 0.00367445
15370 0.00367445
15380 0.00367445
15390 0.00367445
15400 0.00367445
15410 0.00367445
15420 0.00367445
15430 0.00367445
15440 0.00367445
15450 0.00367445
15460 0.00367445
15470 0.00367445
15480 0.00367445
15490 0.00367445
15500 0.00367445
15510 0.00367445
15520 0.00367445
15530 0.00367445
15540 0.00367445
15550 0.00367445
15560 0.00367445
15570 0.00367445
15580 0.00367445
15590 0.00367445
15600 0.00367445
15610 0.00367445
15620 0.00367445
15630 0.00367445
15640 0.00367445
15650 0.00367445
15660 0.00367445
15670 0.00367445
15680 0.00367445
15690 0.00367445
15700 0.00367445
15710 0.00367445
15720 0.00367445
15730 0.00367445
15740 0.00367445
15750 0.00367445
15760 0.00367445
15770 0.00367445
15780 0.00367445
15790 0.00367445
15800 0.00367445
15810 0.00367445
15820 0.00367445
15830 0.00367445
15840 0.00367445
15850 0.00367445
15860 0.00367445
15870 0.00367445
15880 0.00367445
15890 0.00367445
15900 0.00367445
15910 0.00367445
15920 0.00367445
15930 0.00367445
15940 0.00367445
15950 0.00367445
15960 0.00367445
15970 0.00367445
15980 0.00367445
15990 0.00367445
16000 0.00367445
16010 0.00367445
16020 0.00367445
16030 0.00367445
16040 0.00367445
16050 0.00367445
16060 0.00367445
16070 0.00367445
16080 0.00367445
16090 0.00367445
16100 0.00367445
16110 0.00367445
16120 0.00367445
16130 0.00367445
16140 0.00367445
16150 0.00367445
16160 0.00367445
16170 0.00367445
16180 0.00367445
16190 0.00367445
16200 0.00367445
16210 0.00367445
16220 0.00367445
16230 0.00367445
16240 0.00367445
16250 0.00367445
16260 0.00367445
16270 0.00367445
16280 0.00367445
16290 0.00367445
16300 0.00367445
16310 0.00367445
16320 0.00367445
16330 0.00367445
16340 0.00367445
16350 0.00367445
16360 0.00367445
16370 0.00367445
16380 0.00367445
16390 0.00367445
16400 0.00367445
16410 0.00367445
16420 0.00367445
16430 0.00367445
16440 0.00367445
16450 0.00367445
16460 0.00367445
16470 0.00367445
16480 0.00367445
16490 0.00367445
16500 0.00367445
16510 0.00367445
16520 0.00367445
16530 0.00367445
16540 0.00367445
16550 0.00367445
16560 0.00367445
16570 0.00367445
16580 0.00367445
16590 0.00367445
16600 0.00367445
16610 0.00367445
16620 0.00367445
16630 0.00367445
16640 0.00367445
16650 0.00367445
16660 0.00367445
16670 0.00367445
16680 0.00367445
16690 0.00367445
16700 0.00367445
16710 0.00367445
16720 0.00367445
16730 0.00367445
16740 0.00367445
16750 0.00367445
16760 0.00367445
16770 0.00367445
16780 0.00367445
16790 0.00367445
16800 0.00367445
16810 0.00367445
16820 0.00367445
16830 0.00367445
16840 0.00367445
16850 0.00367445
16860 0.00367445
16870 0.00367445
16880 0.00367445
16890 0.00367445
16900 0.00367445
16910 0.00367445
16920 0.00367445
16930 0.00367445
16940 0.00367445
16950 0.00367445
16960 0.00367445
16970 0.00367445
16980 0.00367445
16990 0.00367445
17000 0.00367445
17010 0.00367445
17020 0.00367445
17030 0.00367445
17040 0.00367445
17050 0.00367445
17060 0.00367445
17070 0.00367445
17080 0.00367445
17090 0.00367445
17100 0.00367445
17110 0.00367445
17120 0.00367445
17130 0.00367445
17140 0.00367445
17150 0.00367445
17160 0.00367445
17170 0.00367445
17180 0.00367445
17190 0.00367445
17200 0.00367445
17210 0.00367445
17220 0.00367445
17230 0.00367445
17240 0.00367445
17250 0.00367445
17260 0.00367445
17270 0.00367445
17280 0.00367445
17290 0.00367445
17300 0.00367445
17310 0.00367445
17320 0.00367445
17330 0.00367445
17340 0.00367445
17350 0.00367445
17360 0.00367445
17370 0.00367445
17380 0.00367445
17390 0.00367445
17400 0.00367445
17410 0.00367445
17420 0.00367445
17430 0.00367445
17440 0.00367445
17450 0.00367445
17460 0.00367445
17470 0.00367445
17480 0.00367445
17490 0.00367445
17500 0.00367445
17510 0.00367445
17520 0.00367445
17530 0.00367445
17540 0.00367445
17550 0.00367445
17560 0.00367445
17570 0.00367445
17580 0.00367445
17590 0.00367445
17600 0.00367445
17610 0.00367445
17620 0.00367445
17630 0.00367445
17640 0.00367445
17650 0.00367445
17660 0.00367445
17670 0.00367445
17680 0.00367445
17690 0.00367445
17700 0.00367445
17710 0.00367445
17720 0.00367445
17730 0.00367445
17740 0.00367445
17750 0.00367445
17760 0.00367445
17770 0.00367445
17780 0.00367445
17790 0.00367445
17800 0.00367445
17810 0.00367445
17820 0.00367445
17830 0.00367445
17840 0.00367445
17850 0.00367445
17860 0.00367445
17870 0.00367445
17880 0.00367445
17890 0.00367445
17900 0.00367445
17910 0.00367445
17920 0.00367445
17930 0.00367445
17940 0.00367445
17950 0.00367445
17960 0.00367445
17970 0.00367445
17980 0.00367445
17990 0.00367445
18000 0.00367445
18010 0.00367445
18020 0.00367445
18030 0.00367445
18040 0.00367445
18050 0.00367445
18060 0.00367445
18070 0.00367445
18080 0.00367445
18090 0.00367445
18100 0.00367445
18110 0.00367445
18120 0.00367445
18130 0.00367445
18140 0.00367445
18150 0.00367445
18160 0.00367445
18170 0.00367445
18180 0.00367445
18190 0.00367445
18200 0.00367445
18210 0.00367445
18220 0.00367445
18230 0.00367445
18240 0.00367445
18250 0.00367445
18260 0.00367445
18270 0.00367445
18280 0.00367445
18290 0.00367445
18300 0.00367445
18310 0.00367445
18320 0.00367445
18330 0.00367445
18340 0.00367445
18350 0.00367445
18360 0.00367445
18370 0.00367445
18380 0.00367445
18390 0.00367445
18400 0.00367445
18410 0.00367445
18420 0.00367445
18430 0.00367445
18440 0.00367445
18450 0.00367445
18460 0.00367445
18470 0.00367445
18480 0.00367445
18490 0.00367445
18500 0.00367445
18510 0.00367445
18520 0.00367445
18530 0.00367445
18540 0.00367445
18550 0.00367445
18560 0.00367445
18570 0.00367445
18580 0.00367445
18590 0.00367445
18600 0.00367445
18610 0.00367445
18620 0.00367445
18630 0.00367445
18640 0.00367445
18650 0.00367445
18660 0.00367445
18670 0.00367445
18680 0.00367445
18690 0.00367445
18700 0.00367445
18710 0.00367445
18720 0.00367445
18730 0.00367445
18740 0.00367445
18750 0.00367445
18760 0.00367445
18770 0.00367445
18780 0.00367445
18790 0.00367445
18800 0.00367445
18810 0.00367445
18820 0.00367445
18830 0.00367445
18840 0.00367445
18850 0.00367445
18860 0.00367445
18870 0.00367445
18880 0.00367445
18890 0.00367445
18900 0.00367445
18910 0.00367445
18920 0.00367445
18930 0.00367445
18940 0.00367445
18950 0.00367445
18960 0.00367445
18970 0.00367445
18980 0.00367445
18990 0.00367445
19000 0.00367445
19010 0.00367445
19020 0.00367445
19030 0.00367445
19040 0.00367445
19050 0.00367445
19060 0.00367445
19070 0.00367445
19080 0.00367445
19090 0.00367445
19100 0.00367445
19110 0.00367445
19120 0.00367445
19130 0.00367445
19140 0.00367445
19150 0.00367445
19160 0.00367445
19170 0.00367445
19180 0.00367445
19190 0.00367445
19200 0.00367445
19210 0.00367445
19220 0.00367445
19230 0.00367445
19240 0.00367445
19250 0.00367445
19260 0.00367445
19270 0.00367445
19280 0.00367445
19290 0.00367445
19300 0.00367445
19310 0.00367445
19320 0.00367445
19330 0.00367445
19340 0.00367445
19350 0.00367445
19360 0.00367445
19370 0.00367445
19380 0.00367445
19390 0.00367445
19400 0.00367445
19410 0.00367445
19420 0.00367445
19430 0.00367445
19440 0.00367445
19450 0.00367445
19460 0.00367445
19470 0.00367445
19480 0.00367445
19490 0.00367445
19500 0.00367445
19510 0.00367445
19520 0.00367445
19530 0.00367445
19540 0.00367445
19550 0.00367445
19560 0.00367445
19570 0.00367445
19580 0.00367445
19590 0.00367445
19600 0.00367445
19610 0.00367445
19620 0.00367445
19630 0.00367445
19640 0.00367445
19650 0.00367445
19660 0.00367445
19670 0.00367445
19680 0.00367445
19690 0.00367445
19700 0.00367445
19710 0.00367445
19720 0.00367445
19730 0.00367445
19740 0.00367445
19750 0.00367445
19760 0.00367445
19770 0.00367445
19780 0.00367445
19790 0.00367445
19800 0.00367445
19810 0.00367445
19820 0.00367445
19830 0.00367445
19840 0.00367445
19850 0.00367445
19860 0.00367445
19870 0.00367445
19880 0.00367445
19890 0.00367445
19900 0.00367445
19910 0.00367445
19920 0.00367445
19930 0.00367445
19940 0.00367445
19950 0.00367445
19960 0.00367445
19970 0.00367445
19980 0.00367445
19990 0.00367445
20000 0.00367445
20010 0.00367445
20020 0.00367445
20030 0.00367445
20040 0.00367445
20050 0.00367445
20060 0.00367445
20070 0.00367445
20080 0.00367445
20090 0.00367445
20100 0.00367445
20110 0.00367445
20120 0.00367445
20130 0.00367445
20140 0.00367445
20150 0.00367445
20160 0.00367445
20170 0.00367445
20180 0.00367445
20190 0.00367445
20200 0.00367445
20210 0.00367445
20220 0.00367445
20230 0.00367445
20240 0.00367445
20250 0.00367445
20260 0.00367445
20270 0.00367445
20280 0.00367445
20290 0.00367445
20300 0.00367445
20310 0.00367445
20320 0.00367445
20330 0.00367445
20340 0.00367445
20350 0.00367445
20360 0.00367445
20370 0.00367445
20380 0.00367445
20390 0.00367445
20400 0.00367445
20410 0.00367445
20420 0.00367445
20430 0.00367445
20440 0.00367445
20450 0.00367445
20460 0.00367445
20470 0.00367445
20480 0.00367445
20490 0.00367445
20500 0.00367445
20510 0.00367445
20520 0.00367445
20530 0.00367445
20540 0.00367445
20550 0.00367445
20560 0.00367445
20570 0.00367445
20580 0.00367445
20590 0.00367445
20600 0.00367445
20610 0.00367445
20620 0.00367445
20630 0.00367445
20640 0.00367445
20650 0.00367445
20660 0.00367445
20670 0.00367445
20680 0.00367445
20690 0.00367445
20700 0.00367445
20710 0.00367445
20720 0.00367445
20730 0.00367445
20740 0.00367445
20750 0.00367445
20760 0.00367445
20770 0.00367445
20780 0.00367445
20790 0.00367445
20800 0.00367445
20810 0.00367445
20820 0.00367445
20830 0.00367445
20840 0.00367445
20850 0.00367445
20860 0.00367445
20870 0.00367445
20880 0.00367445
20890 0.00367445
20900 0.00367445
20910 0.00367445
20920 0.00367445
20930 0.00367445
20940 0.00367445
20950 0.00367445
20960 0.00367445
20970 0.00367445
20980 0.00367445
20990 0.00367445
21000 0.00367445
21010 0.00367445
21020 0.00367445
21030 0.00367445
21040 0.00367445
21050 0.00367445
21060 0.00367445
21070 0.00367445
21080 0.00367445
21090 0.00367445
21100 0.00367445
21110 0.00367445
21120 0.00367445
21130 0.00367445
21140 0.00367445
21150 0.00367445
21160 0.00367445
21170 0.00367445
21180 0.00367445
21190 0.00367445
21200 0.00367445
21210 0.00367445
21220 0.00367445
21230 0.00367445
21240 0.00367445
21250 0.00367445
21260 0.00367445
21270 0.00367445
21280 0.00367445
21290 0.00367445
21300 0.00367445
21310 0.00367445
21320 0.00367445
21330 0.00367445
21340 0.00367445
21350 0.00367445
21360 0.00367445
21370 0.00367445
21380 0.00367445
21390 0.00367445
21400 0.00367445
21410 0.00367445
21420 0.00367445
21430 0.00367445
21440 0.00367445
21450 0.00367445
21460 0.00367445
21470 0.00367445
21480 0.00367445
21490 0.00367445
21500 0.00367445
21510 0.00367445
21520 0.00367445
21530 0.00367445
21540 0.00367445
21550 0.00367445
21560 0.00367445
21570 0.00367445
21580 0.00367445
21590 0.00367445
21600 0.00367445
21610 0.00367445
21620 0.00367445
21630 0.00367445
21640 0.00367445
21650 0.00367445
21660 0.00367445
21670 0.00367445
21680 0.00367445
21690 0.00367445
21700 0.00367445
21710 0.00367445
21720 0.00367445
21730 0.00367445
21740 0.00367445
21750 0.00367445
21760 0.00367445
21770 0.00367445
21780 0.00367445
21790 0.00367445
21800 0.00367445
21810 0.00367445
21820 0.00367445
21830 0.00367445
21840 0.00367445
21850 0.00367445
21860 0.00367445
21870 0.00367445
21880 0.00367445
21890 0.00367445
21900 0.00367445
21910 0.00367445
21920 0.00367445
21930 0.00367445
21940 0.00367445
21950 0.00367445
21960 0.00367445
21970 0.00367445
21980 0.00367445
21990 0.00367445
22000 0.00367445
22010 0.00367445
22020 0.00367445
22030 0.00367445
22040 0.00367445
22050 0.00367445
22060 0.00367445
22070 0.00367445
22080 0.00367445
22090 0.00367445
22100 0.00367445
22110 0.00367445
22120 0.00367445
22130 0.00367445
22140 0.00367445
22150 0.00367445
22160 0.00367445
22170 0.00367445
22180 0.00367445
22190 0.00367445
22200 0.00367445
22210 0.00367445
22220 0.00367445
22230 0.00367445
22240 0.00367445
22250 0.00367445
22260 0.00367445
22270 0.00367445
22280 0.00367445
22290 0.00367445
22300 0.00367445
22310 0.00367445
22320 0.00367445
22330 0.00367445
22340 0.00367445
22350 0.00367445
22360 0.00367445
22370 0.00367445
22380 0.00367445
22390 0.00367445
22400 0.00367445
22410 0.00367445
22420 0.00367445
22430 0.00367445
22440 0.00367445
22450 0.00367445
22460 0.00367445
22470 0.00367445
22480 0.00367445
22490 0.00367445
22500 0.00367445
22510 0.00367445
22520 0.00367445
22530 0.00367445
22540 0.00367445
22550 0.00367445
22560 0.00367445
22570 0.00367445
22580 0.00367445
22590 0.00367445
22600 0.00367445
22610 0.00367445
22620 0.00367445
22630 0.00367445
22640 0.00367445
22650 0.00367445
22660 0.00367445
22670 0.00367445
22680 0.00367445
22690 0.00367445
22700 0.00367445
22710 0.00367445
22720 0.00367445
22730 0.00367445
22740 0.00367445
22750 0.00367445
22760 0.00367445
22770 0.00367445
22780 0.00367445
22790 0.00367445
22800 0.00367445
22810 0.00367445
22820 0.00367445
22830 0.00367445
22840 0.00367445
22850 0.00367445
22860 0.00367445
22870 0.00367445
22880 0.00367445
22890 0.00367445
22900 0.00367445
22910 0.00367445
22920 0.00367445
22930 0.00367445
22940 0.00367445
22950 0.00367445
22960 0.00367445
22970 0.00367445
22980 0.00367445
22990 0.00367445
23000 0.00367445
23010 0.00367445
23020 0.00367445
23030 0.00367445
23040 0.00367445
23050 0.00367445
23060 0.00367445
23070 0.00367445
23080 0.00367445
23090 0.00367445
23100 0.00367445
23110 0.00367445
23120 0.00367445
23130 0.00367445
23140 0.00367445
23150 0.00367445
23160 0.00367445
23170 0.00367445
23180 0.00367445
23190 0.00367445
23200 0.00367445
23210 0.00367445
23220 0.00367445
23230 0.00367445
23240 0.00367445
23250 0.00367445
23260 0.00367445
23270 0.00367445
23280 0.00367445
23290 0.00367445
23300 0.00367445
23310 0.00367445
23320 0.00367445
23330 0.00367445
23340 0.00367445
23350 0.00367445
23360 0.00367445
23370 0.00367445
23380 0.00367445
23390 0.00367445
23400 0.00367445
23410 0.00367445
23420 0.00367445
23430 0.00367445
23440 0.00367445
23450 0.00367445
23460 0.00367445
23470 0.00367445
23480 0.00367445
23490 0.00367445
23500 0.00367445
23510 0.00367445
23520 0.00367445
23530 0.00367445
23540 0.00367445
23550 0.00367445
23560 0.00367445
23570 0.00367445
23580 0.00367445
23590 0.00367445
23600 0.00367445
23610 0.00367445
23620 0.00367445
23630 0.00367445
23640 0.00367445
23650 0.00367445
23660 0.00367445
23670 0.00367445
23680 0.00367445
23690 0.00367445
23700 0.00367445
23710 0.00367445
23720 0.00367445
23730 0.00367445
23740 0.00367445
23750 0.00367445
23760 0.00367445
23770 0.00367445
23780 0.00367445
23790 0.00367445
23800 0.00367445
23810 0.00367445
23820 0.00367445
23830 0.00367445
23840 0.00367445
23850 0.00367445
23860 0.00367445
23870 0.00367445
23880 0.00367445
23890 0.00367445
23900 0.00367445
23910 0.00367445
23920 0.00367445
23930 0.00367445
23940 0.00367445
23950 0.00367445
23960 0.00367445
23970 0.00367445
23980 0.00367445
23990 0.00367445
24000 0.00367445
24010 0.00367445
24020 0.00367445
24030 0.00367445
24040 0.00367445
24050 0.00367445
24060 0.00367445
24070 0.00367445
24080 0.00367445
24090 0.00367445
24100 0.00367445
24110 0.00367445
24120 0.00367445
24130 0.00367445
24140 0.00367445
24150 0.00367445
24160 0.00367445
24170 0.00367445
24180 0.00367445
24190 0.00367445
24200 0.00367445
24210 0.00367445
24220 0.00367445
24230 0.00367445
24240 0.00367445
24250 0.00367445
24260 0.00367445
24270 0.00367445
24280 0.00367445
24290 0.00367445
24300 0.00367445
24310 0.00367445
24320 0.00367445
24330 0.00367445
24340 0.00367445
24350 0.00367445
24360 0.00367445
24370 0.00367445
24380 0.00367445
24390 0.00367445
24400 0.00367445
24410 0.00367445
24420 0.00367445
24430 0.00367445
24440 0.00367445
24450 0.00367445
24460 0.00367445
24470 0.00367445
24480 0.00367445
24490 0.00367445
24500 0.00367445
24510 0.00367445
24520 0.00367445
24530 0.00367445
24540 0.00367445
24550 0.00367445
24560 0.00367445
24570 0.00367445
24580 0.00367445
24590 0.00367445
24600 0.00367445
24610 0.00367445
24620 0.00367445
24630 0.00367445
24640 0.00367445
24650 0.00367445
24660 0.00367445
24670 0.00367445
24680 0.00367445
24690 0.00367445
24700 0.00367445
24710 0.00367445
24720 0.00367445
24730 0.00367445
24740 0.00367445
24750 0.00367445
24760 0.00367445
24770 0.00367445
24780 0.00367445
24790 0.00367445
24800 0.00367445
24810 0.00367445
24820 0.00367445
24830 0.00367445
24840 0.00367445
24850 0.00367445
24860 0.00367445
24870 0.00367445
24880 0.00367445
24890 0.00367445
24900 0.00367445
24910 0.00367445
24920 0.00367445
24930 0.00367445
24940 0.00367445
24950 0.00367445
24960 0.00367445
24970 0.00367445
24980 0.00367445
24990 0.00367445
25000 0.00367445
-END-OF-DATA-
