   8.7820715e-01
   2.7824950e-01
  -9.1300726e-02
  -3.7050056e-01
  -5.7337236e-01
  -7.6068437e-01
  -1.0418009e+00
  -1.2531610e+00
  -1.1674726e+00
  -7.7357441e-01
  -6.6131932e-01
  -5.4409444e-01
  -6.3914526e-01
  -1.3704775e-01
   1.5995399e+00
   2.8809590e+00
   3.0833828e+00
   3.0782514e+00
   3.0509839e+00
   3.0196822e+00
   3.0441720e+00
   3.2579873e+00
   3.5694127e+00
   3.7977552e+00
   3.7792840e+00
   3.5244966e+00
   3.7441244e+00
   4.0183740e+00
   4.2610712e+00
   4.4489775e+00
   4.5285120e+00
   4.2937298e+00
   4.0082140e+00
   4.2645473e+00
   3.8228452e+00
   2.1800919e+00
   9.2704946e-01
   9.3278414e-01
   9.1345024e-01
   9.4006354e-01
   1.0375264e+00
   1.1951421e+00
   1.3895394e+00
   1.3624079e+00
   5.9235436e-01
  -4.2106545e-01
   8.9486934e-02
  -1.5262035e-01
  -8.8609612e-01
  -1.9940716e+00
  -7.4789709e-01
  -2.5953913e-01
  -4.6299526e-01
  -1.1492459e+00
  -7.8564340e-01
  -1.1243520e+00
  -2.1693611e+00
  -3.3717773e+00
  -3.3284023e+00
  -2.9486065e+00
  -2.2955019e+00
  -2.1604998e+00
  -2.1352468e+00
  -1.6138860e+00
  -8.2690465e-01
   1.5592709e-02
   7.1495360e-01
   4.1229832e-01
   4.2727321e-01
   1.7850577e+00
   2.8790498e+00
   1.8686460e+00
   1.2815386e+00
   1.8952990e+00
   2.2581770e+00
   2.4845636e+00
   2.5872242e+00
   2.6546259e+00
   2.7834449e+00
   3.0087824e+00
   3.0390756e+00
   2.0338600e+00
   3.9103800e-01
   3.9120919e-01
   3.3937484e-01
  -1.9739726e+00
  -1.7615840e+00
  -2.0407228e+00
  -2.1611876e+00
  -2.8272009e+00
  -2.8790226e+00
  -3.1680923e+00
  -3.2268338e+00
  -3.5852556e+00
  -3.9504433e+00
  -3.9336135e+00
  -3.9979448e+00
  -3.9680915e+00
  -4.1799321e+00
  -4.0919280e+00
  -3.0461063e+00
  -2.7026141e+00
  -3.0115087e+00
  -2.3609138e+00
  -2.2273479e+00
  -1.8424119e+00
  -6.5708303e-01
   3.9423063e-01
   2.0058537e+00
   2.8927269e+00
   3.4831693e+00
   3.7987151e+00
   3.9377592e+00
   3.9874034e+00
   4.0506673e+00
   4.1621046e+00
   4.1634569e+00
   3.8429542e+00
   1.7019492e+00
   9.3607658e-01
   1.0597938e+00
   5.7217354e-01
  -4.0777910e-01
   8.1568412e-02
  -3.1588003e-02
   7.6973148e-02
   8.5852712e-02
   3.1310582e-01
   5.3589469e-01
   9.3889958e-01
   1.0624577e+00
   9.7344935e-01
   1.5231938e+00
   1.8477920e+00
   2.0469620e+00
   1.8360903e+00
   3.5774204e-01
   4.5632653e-02
   1.6655593e-01
   1.0301307e-02
   2.3288062e-01
   3.0982840e-01
   5.8908395e-02
   7.4681258e-01
   3.0104771e+00
   3.7104218e+00
   4.2614017e+00
   4.5641346e+00
   4.6541443e+00
   4.6530576e+00
   4.6431189e+00
   4.6454086e+00
   4.6239319e+00
   4.4860358e+00
   3.9357004e+00
   1.5436203e+00
   1.5379806e+00
   2.0638769e+00
   1.6892271e+00
   7.6707083e-01
   6.6018736e-01
   7.5730598e-01
   1.1196361e+00
   1.3514606e+00
   1.5813798e+00
   1.6440667e+00
   1.7670803e+00
   1.9645565e+00
   4.1374564e+00
   3.9868915e+00
   4.2158999e+00
   4.2802086e+00
   4.1243725e+00
   3.6548536e+00
   1.9747823e+00
   1.1671695e+00
   1.1422490e+00
   2.0490406e+00
   2.3020329e+00
   2.3380399e+00
   3.0850889e+00
   3.3297607e+00
   3.6150894e+00
   3.8475981e+00
   4.0232101e+00
   4.1294558e+00
   4.1756823e+00
   4.1974564e+00
   4.2208364e+00
   4.3000453e+00
   4.4078613e+00
   3.0806910e+00
   1.9646252e+00
   1.7953740e+00
   1.4890771e+00
   1.2600058e+00
   1.6381397e+00
   1.6351582e+00
   1.5701874e+00
   1.5999257e+00
   1.7832970e+00
   1.8757837e+00
   1.8483158e+00
   2.7524428e+00
   5.2612990e+00
   4.8997475e+00
   4.6625970e+00
   4.4073675e+00
   4.3904539e+00
   4.5612533e+00
   3.7953617e+00
   1.8025040e+00
   2.5218383e+00
   4.2080209e+00
   3.4493434e+00
   3.0355312e+00
   1.9566252e+00
   1.9242975e+00
   2.0372114e+00
   2.2692285e+00
   2.5234797e+00
   2.7209494e+00
   2.8154898e+00
   2.8528390e+00
   2.9562232e+00
   3.2171044e+00
   3.6886990e+00
   3.6243601e+00
   2.1605258e+00
   1.9825795e+00
   1.2713256e+00
   1.5001333e+00
   2.1137478e+00
   2.4211795e+00
   2.2118866e+00
   2.1420484e+00
   1.7579049e+00
   1.7192857e+00
   1.7508390e+00
   4.2877545e+00
   4.6532192e+00
   4.2508883e+00
   3.8613472e+00
   3.4935098e+00
   3.3244300e+00
   3.5872514e+00
   4.0747461e+00
   3.6394792e+00
   4.2861104e+00
   3.9695692e+00
   3.0156307e+00
   2.2974610e+00
   1.8138076e-01
   2.0170414e-02
   5.0506361e-02
   2.1869981e-01
   3.9330919e-01
   5.2894485e-01
   6.1816692e-01
   6.9387302e-01
   8.9821482e-01
   1.3860050e+00
   2.1406965e+00
   3.1360929e+00
   1.7004936e+00
   2.3313543e+00
   1.3620956e+00
   2.5427434e+00
   3.5658038e+00
   2.7143023e+00
   2.5765762e+00
   1.7971981e+00
   1.2453339e+00
   1.1334767e+00
   1.3781827e+00
   3.1717372e+00
   2.9075892e+00
   2.5639562e+00
   2.1854482e+00
   1.7328331e+00
   1.4680834e+00
   1.5406325e+00
   1.9485428e+00
   2.3894894e+00
   2.5205374e+00
   2.2309325e+00
   1.4197516e+00
   6.4699495e-01
  -1.2955037e+00
  -1.5457450e+00
  -1.6259360e+00
  -1.6051939e+00
  -1.5404778e+00
  -1.4682796e+00
  -1.3385260e+00
  -1.1703693e+00
  -8.7048453e-01
  -2.6330769e-01
   5.2144682e-01
   1.4321855e+00
   1.9445322e+00
   2.3498976e+00
   2.2212019e+00
   3.0097809e+00
   2.5880430e+00
   1.6840357e+00
   1.2576349e+00
   1.0072682e+00
   7.9936874e-01
   8.9252663e-01
   9.9238908e-01
   1.4112121e+00
   1.2719429e+00
   9.5853746e-01
   4.3975303e-01
  -8.7738171e-02
  -4.1910431e-01
  -4.7604477e-01
  -1.6961862e-01
   3.6113554e-01
   5.1906496e-01
   2.9343179e-01
  -2.5854623e-01
  -8.3272606e-01
  -2.8891661e+00
  -3.1723604e+00
  -3.3871443e+00
  -3.5295336e+00
  -3.5350819e+00
  -3.4470017e+00
  -3.2014973e+00
  -2.8609385e+00
  -2.4564567e+00
  -1.9576350e+00
  -1.4756753e+00
  -9.9662876e-01
  -3.5767084e-01
   6.9486499e-03
   5.6401551e-01
   3.4843510e-01
  -2.2332793e-01
  -4.2110842e-01
  -6.0146964e-01
  -6.3169122e-01
  -2.9821888e-01
  -3.7188244e-01
  -5.0426257e-01
  -7.9338610e-01
  -1.0941274e+00
  -1.5282574e+00
  -2.0079906e+00
  -2.4164300e+00
  -2.7121813e+00
  -2.8191652e+00
  -2.5676856e+00
  -2.0229328e+00
  -1.8514445e+00
  -1.8755977e+00
  -2.0858049e+00
  -2.4591722e+00
  -3.8265433e+00
  -4.0727839e+00
  -4.3102884e+00
  -4.4812841e+00
  -4.4746418e+00
  -4.2948141e+00
  -3.9367313e+00
  -3.5273695e+00
  -3.2183797e+00
  -3.0623112e+00
  -2.9474106e+00
  -2.8577008e+00
  -2.0823295e+00
  -2.8007679e+00
  -2.8311744e+00
  -2.6511464e+00
  -1.9904468e+00
  -1.7309027e+00
  -1.6178734e+00
  -2.6872404e+00
  -2.2674558e+00
  -2.2667329e+00
  -2.2837918e+00
  -2.6309915e+00
  -3.0510092e+00
  -3.4391677e+00
  -3.7365499e+00
  -3.9377604e+00
  -4.1133323e+00
  -4.1654806e+00
  -3.8682611e+00
  -3.4218645e+00
  -3.2608156e+00
  -3.1370776e+00
  -3.2014594e+00
  -3.4817629e+00
  -4.1690693e+00
  -4.3655267e+00
  -4.5339375e+00
  -4.6028376e+00
  -4.4774356e+00
  -4.1737871e+00
  -3.8078618e+00
  -3.5833883e+00
  -3.6148467e+00
  -3.8734453e+00
  -4.1545053e+00
  -4.2216749e+00
  -2.8611250e+00
  -4.1776552e+00
  -4.0617480e+00
  -4.0457482e+00
  -3.2250535e+00
  -2.5594206e+00
  -2.4291735e+00
  -4.1266880e+00
  -3.5751553e+00
  -3.2945392e+00
  -3.4252522e+00
  -3.9412906e+00
  -4.4434257e+00
  -4.7773418e+00
  -4.9041123e+00
  -4.8280754e+00
  -4.7921662e+00
  -4.7237501e+00
  -4.4845443e+00
  -4.1781158e+00
  -4.0105205e+00
  -3.8412735e+00
  -3.8218849e+00
  -3.9656560e+00
  -3.7567587e+00
  -3.8499923e+00
  -3.8521383e+00
  -3.7107770e+00
  -3.3815417e+00
  -3.0196924e+00
  -2.9451339e+00
  -3.2171645e+00
  -3.6561744e+00
  -4.1914191e+00
  -4.6325183e+00
  -4.4672785e+00
  -2.8648925e+00
  -2.3128166e+00
  -2.7009246e+00
  -3.0204272e+00
  -2.5363290e+00
  -2.0544906e+00
  -1.7694520e+00
  -3.8708334e+00
  -3.8319032e+00
  -3.3844347e+00
  -3.4794109e+00
  -4.0509663e+00
  -4.6681795e+00
  -5.0100627e+00
  -5.1230841e+00
  -4.8410611e+00
  -4.6563668e+00
  -4.4992571e+00
  -4.3116422e+00
  -4.0593319e+00
  -3.8360238e+00
  -3.6686425e+00
  -3.6163068e+00
  -3.6659036e+00
  -2.8135848e+00
  -2.7903681e+00
  -2.6514916e+00
  -2.3526516e+00
  -2.0018754e+00
  -1.8967514e+00
  -2.3928552e+00
  -3.1312807e+00
  -3.7435801e+00
  -4.2379303e+00
  -4.4497423e+00
  -3.9326947e+00
  -2.1613169e+00
  -1.0456647e+00
  -1.1046067e+00
  -1.0903965e+00
  -1.0658813e+00
  -9.7425473e-01
  -8.4653556e-01
  -1.6919365e+00
  -2.8822136e+00
  -2.9368949e+00
  -2.7503378e+00
  -3.2314930e+00
  -3.9045923e+00
  -4.3074179e+00
  -4.6551847e+00
  -4.5848327e+00
  -4.1220899e+00
  -3.7963123e+00
  -3.5256965e+00
  -3.2326448e+00
  -2.9714096e+00
  -2.8257842e+00
  -2.7657650e+00
  -2.7719822e+00
  -1.6998307e+00
  -1.5964859e+00
  -1.4532369e+00
  -1.3008242e+00
  -1.3456903e+00
  -1.8114454e+00
  -2.8303854e+00
  -3.7658732e+00
  -4.2578459e+00
  -4.3365369e+00
  -3.9410546e+00
  -2.8851962e+00
  -7.4163079e-01
  -1.5417844e-02
  -3.9258289e-01
  -3.0258968e-01
  -4.8615608e-01
  -5.2926213e-01
  -4.9869606e-01
  -6.4166701e-01
  -1.8718235e+00
  -2.3035936e+00
  -1.6094104e+00
  -1.7097877e+00
  -2.2302027e+00
  -2.7331493e+00
  -3.3554585e+00
  -2.6974473e+00
  -3.3409777e+00
  -2.6453979e+00
  -2.3046849e+00
  -2.0230224e+00
  -1.8386878e+00
  -1.7489696e+00
  -1.7119015e+00
  -1.7055186e+00
  -2.0173352e+00
  -2.0772989e+00
  -2.1828420e+00
  -2.4018302e+00
  -2.7799332e+00
  -3.3619294e+00
  -4.1822309e+00
  -4.8894448e+00
  -5.1571155e+00
  -4.9072990e+00
  -4.0046153e+00
  -2.3428261e+00
   3.4930593e-01
   1.4803905e+00
   3.7138927e-01
   1.5133661e-01
  -1.1737197e-01
  -1.2807675e-01
  -2.4611433e-01
  -3.0531839e-01
  -1.9511786e+00
  -1.8236653e+00
  -4.5998794e-01
  -3.8268026e-02
  -2.4605659e-01
  -7.4276364e-01
  -1.5186330e+00
  -1.3821722e+00
  -2.4132812e+00
  -1.9114438e+00
  -1.8005842e+00
  -1.7603419e+00
  -1.7747438e+00
  -1.8076487e+00
  -1.8637050e+00
  -1.9414235e+00
  -3.9674640e+00
  -4.2233443e+00
  -4.5228968e+00
  -4.8901472e+00
  -5.2781253e+00
  -5.6961832e+00
  -6.0951247e+00
  -6.3236647e+00
  -6.2667146e+00
  -5.8105726e+00
  -4.7199912e+00
  -2.7087994e+00
   5.7823074e-01
   2.8764033e+00
   1.1247885e+00
   8.3381391e-01
   2.1484841e-01
   1.3349196e-01
  -9.2553586e-02
  -2.6101515e-01
  -1.4943856e+00
  -1.5022193e+00
   4.5237640e-01
   1.3771158e+00
   1.4684517e+00
   1.0542146e+00
   1.3070744e-01
  -6.0130543e-01
  -1.2703896e+00
  -2.2889481e+00
  -2.6521044e+00
  -2.9205394e+00
  -3.1368504e+00
  -3.3243809e+00
  -3.5152018e+00
  -3.7277873e+00
  -5.4304846e+00
  -5.6676410e+00
  -5.9296343e+00
  -6.2488725e+00
  -6.5870821e+00
  -6.9497052e+00
  -7.2162906e+00
  -7.2511416e+00
  -6.9979163e+00
  -6.3614890e+00
  -5.2969545e+00
  -3.4712222e+00
  -3.3513554e-01
   2.1995094e+00
   4.4624276e-01
   1.0808632e+00
   2.9927283e-01
   1.9797062e-01
  -5.9188299e-02
  -2.6868740e-01
  -5.0200081e-01
  -8.0717202e-01
   1.0771222e+00
   2.4266519e+00
   2.7765626e+00
   2.3764987e+00
   1.3633662e+00
   5.3721433e-01
  -1.0768399e+00
  -3.1485778e+00
  -3.8569629e+00
  -4.2475438e+00
  -4.5286893e+00
  -4.7554263e+00
  -4.9702524e+00
  -5.1875204e+00
  -5.3917106e+00
  -5.6200631e+00
  -5.8786929e+00
  -6.2104661e+00
  -6.5775253e+00
  -6.9697934e+00
  -7.2620970e+00
  -7.3013674e+00
  -7.0645252e+00
  -6.5127427e+00
  -5.6320274e+00
  -4.3625288e+00
  -2.6306164e+00
   1.7207617e-01
  -1.1243619e-01
   4.0559451e-01
   7.8319458e-02
   5.3717011e-02
  -2.4459723e-01
  -5.2227694e-01
   1.7105893e-01
   2.3340823e-01
   1.5586585e+00
   2.5039608e+00
   2.9862069e+00
   2.4483690e+00
   1.4488333e+00
   7.8727558e-01
  -1.5032670e+00
  -3.0333334e+00
  -3.7205193e+00
  -4.1249575e+00
  -4.4277262e+00
  -4.6794266e+00
  -4.9149679e+00
  -5.1472848e+00
  -3.9377699e+00
  -4.1920252e+00
  -4.4940920e+00
  -4.8877873e+00
  -5.3398895e+00
  -5.8462229e+00
  -6.2932239e+00
  -6.5275002e+00
  -6.5527153e+00
  -6.4178300e+00
  -6.2003760e+00
  -5.7738647e+00
  -4.9986124e+00
  -2.3583066e+00
  -6.9154775e-01
   1.7776379e-01
  -2.2644721e-01
  -9.2326045e-02
  -3.9553386e-01
  -1.0336082e+00
  -4.1907114e-01
   1.1392837e-02
   8.7235647e-01
   1.4650425e+00
   1.8943669e+00
   1.2741964e+00
   2.4625570e-01
  -4.6341521e-01
  -1.8126909e+00
  -2.4240744e+00
  -2.6950603e+00
  -2.8878286e+00
  -3.0547009e+00
  -3.2256382e+00
  -3.4331062e+00
  -3.6809649e+00
  -2.0747063e+00
  -2.2420347e+00
  -2.5534439e+00
  -3.0059769e+00
  -3.5443163e+00
  -4.1718168e+00
  -4.8984556e+00
  -5.5686040e+00
  -6.1252508e+00
  -6.5966311e+00
  -6.9231668e+00
  -6.9373751e+00
  -6.5661893e+00
  -5.1880569e+00
  -2.0335684e+00
  -3.9161807e-01
  -6.1474878e-01
  -2.9835677e-01
  -3.1908333e-01
  -1.4040525e+00
  -1.4603486e+00
  -5.8659136e-01
  -2.1120477e-01
   1.0217185e-01
   2.1370134e-01
  -4.2099765e-01
  -1.4272788e+00
  -2.3900535e+00
  -2.7796628e+00
  -2.6430850e+00
  -2.4847887e+00
  -2.3471944e+00
  -2.2394888e+00
  -2.1271737e+00
  -2.0477111e+00
  -2.0275657e+00
  -1.6916083e+00
  -1.5646589e+00
  -1.6868777e+00
  -2.0997846e+00
  -2.7218938e+00
  -3.5023758e+00
  -4.4830317e+00
  -5.4413853e+00
  -6.2462282e+00
  -6.8514180e+00
  -7.1771617e+00
  -7.3181434e+00
  -7.3368979e+00
  -6.7440186e+00
  -4.1485143e+00
  -2.4631739e+00
  -2.0460451e+00
  -1.0377388e+00
  -1.0495295e-01
  -1.3283474e+00
  -3.5847821e+00
  -3.0171218e+00
  -9.9269366e-01
  -7.3660165e-01
  -2.0516243e+00
  -2.4271424e+00
  -3.1703541e+00
  -3.8683352e+00
  -3.9592054e+00
  -3.6270165e+00
  -3.3790462e+00
  -3.1533818e+00
  -2.9997270e+00
  -2.7628927e+00
  -2.4185679e+00
  -2.0243130e+00
  -3.1335647e+00
  -2.7714252e+00
  -2.5623233e+00
  -2.6693799e+00
  -3.0222251e+00
  -3.5810735e+00
  -4.3259106e+00
  -5.0496221e+00
  -5.6885648e+00
  -6.1723256e+00
  -6.5210671e+00
  -6.8664784e+00
  -7.2255297e+00
  -7.1592870e+00
  -5.4522047e+00
  -4.8843012e+00
  -4.9339266e+00
  -3.0996785e+00
  -7.0282072e-02
  -1.0251567e+00
  -4.2566586e+00
  -3.9518876e+00
  -1.1690989e+00
  -2.2484798e+00
  -3.6968699e+00
  -3.8339255e+00
  -4.1168132e+00
  -3.8566244e+00
  -4.0656247e+00
  -4.5963831e+00
  -4.4608598e+00
  -4.3694820e+00
  -4.3927274e+00
  -4.3049335e+00
  -4.0261745e+00
  -3.5950420e+00
  -4.7278867e+00
  -4.4501209e+00
  -4.2019172e+00
  -4.0874219e+00
  -4.0640912e+00
  -4.1132212e+00
  -4.2638078e+00
  -4.4475760e+00
  -4.6984000e+00
  -5.0096502e+00
  -5.3667774e+00
  -5.8153114e+00
  -6.3507485e+00
  -6.7022214e+00
  -5.7551389e+00
  -4.8698058e+00
  -5.2585673e+00
  -4.1834569e+00
  -5.5482477e-01
  -7.8506434e-01
  -3.7908883e+00
  -3.2091687e+00
  -4.4028351e-01
  -2.0271761e+00
  -3.5010228e+00
  -3.5249202e+00
  -3.4733248e+00
  -2.4402263e+00
  -3.1588895e+00
  -4.9470134e+00
  -4.9294782e+00
  -5.0342679e+00
  -5.2457719e+00
  -5.3578930e+00
  -5.2960362e+00
  -5.0383706e+00
  -5.5143609e+00
  -5.3907061e+00
  -5.3223462e+00
  -5.2419024e+00
  -5.1115665e+00
  -4.8706956e+00
  -4.5299768e+00
  -4.1713514e+00
  -3.9395688e+00
  -3.9272475e+00
  -4.1049910e+00
  -4.4018574e+00
  -4.8289790e+00
  -5.3514018e+00
  -5.3142357e+00
  -3.9654305e+00
  -3.8717761e+00
  -3.8830040e+00
  -1.8901955e+00
  -8.0914640e-01
  -2.4287970e+00
  -1.7291846e+00
   5.6474912e-01
  -2.8714892e-01
  -1.4738854e+00
  -2.2119887e+00
  -2.7463195e+00
  -2.6369753e+00
  -4.1936197e+00
  -4.2443361e+00
  -4.4609852e+00
  -4.8167505e+00
  -5.2465558e+00
  -5.5764284e+00
  -5.7323041e+00
  -5.6735892e+00
  -4.8822360e+00
  -4.8837347e+00
  -4.9496732e+00
  -4.9777431e+00
  -4.9500241e+00
  -4.7665386e+00
  -4.3698440e+00
  -3.8856812e+00
  -3.4072289e+00
  -3.0602717e+00
  -2.9262302e+00
  -2.8843493e+00
  -2.9055984e+00
  -3.1710382e+00
  -3.6350141e+00
  -2.7302716e+00
  -2.3156271e+00
  -2.4990449e+00
  -2.9158289e+00
  -1.7771587e+00
  -1.5647317e+00
   9.9908099e-02
   5.1061414e-02
  -3.4118447e-02
  -3.5375935e-01
  -4.5498422e-01
  -9.7406548e-01
  -1.9704355e+00
  -2.1549232e+00
  -2.3474083e+00
  -2.8398857e+00
  -3.4576285e+00
  -4.0864096e+00
  -4.5729184e+00
  -4.8430071e+00
  -4.9109411e+00
  -3.0977266e+00
  -3.2146513e+00
  -3.3788528e+00
  -3.4933000e+00
  -3.5138502e+00
  -3.4188118e+00
  -3.1354554e+00
  -2.7617240e+00
  -2.3139653e+00
  -1.8442315e+00
  -1.4884348e+00
  -1.1834482e+00
  -9.1638684e-01
  -8.8060099e-01
  -1.2111706e+00
  -1.2170948e+00
  -7.4437952e-01
  -7.4023271e-01
  -2.3950357e+00
  -2.5740108e+00
  -9.1955161e-01
   1.0683931e+00
  -2.9518059e-01
   1.3205191e-01
   4.2272827e-01
  -1.3026476e-01
   3.7706769e-01
   2.9161209e-01
   1.4855388e-01
  -8.6864911e-02
  -7.5813407e-01
  -1.5626546e+00
  -2.2242453e+00
  -2.7105021e+00
  -2.9492123e+00
  -3.0301101e+00
   1.7304185e-01
  -2.5759853e-02
  -3.0392000e-01
  -5.0145996e-01
  -5.5460644e-01
  -4.7590762e-01
  -2.7259183e-01
   2.0368911e-02
   3.4897211e-01
   7.3023415e-01
   1.1173704e+00
   1.5206907e+00
   1.8600862e+00
   2.0355418e+00
   1.9326270e+00
   1.5359854e+00
   1.3096926e+00
   1.0858594e+00
   2.0023197e-01
   5.5906001e-02
   1.0191206e+00
   6.2235522e-01
   7.0623255e-01
   5.1828742e-01
   1.9204000e+00
   2.2409971e+00
   2.6329005e+00
   2.3089364e+00
   2.5539646e+00
   2.6390953e+00
   1.8521614e+00
   1.0085920e+00
   4.5144832e-01
   1.7445865e-01
   1.5053554e-01
   2.2237910e-01
   2.8918228e+00
   2.7482590e+00
   2.5114436e+00
   2.2995749e+00
   2.2217993e+00
   2.2947874e+00
   2.4926443e+00
   2.7264308e+00
   2.9675269e+00
   3.2422841e+00
   3.5361319e+00
   3.8184779e+00
   4.0588012e+00
   4.1880340e+00
   4.1365776e+00
   3.7482991e+00
   2.9787821e+00
   1.8892058e+00
   2.1014738e+00
   1.8906740e+00
   1.8452301e+00
   1.2087587e+00
   1.6253273e+00
   1.4810721e+00
   2.4523232e+00
   2.8236228e+00
   3.2816701e+00
   3.0910285e+00
   3.3647886e+00
   3.7032354e+00
   3.0846968e+00
   2.5855426e+00
   2.3130851e+00
   2.3162711e+00
   2.5420999e+00
   2.7988853e+00
   5.1022520e+00
   5.1655250e+00
   5.1185036e+00
   4.9926033e+00
   4.9434948e+00
   5.0069013e+00
   5.1831484e+00
   5.3567238e+00
   5.5233126e+00
   5.6824284e+00
   5.8206425e+00
   5.9492526e+00
   6.0201993e+00
   6.0018430e+00
   5.8634515e+00
   5.5242181e+00
   4.8318481e+00
   3.3734908e+00
   3.4584270e+00
   2.7927055e+00
   1.8613248e+00
   1.9021500e+00
   1.9831916e+00
   1.6796134e+00
   2.4131613e+00
   2.1048434e+00
   2.6659944e+00
   2.0922837e+00
   3.8764970e+00
   3.6708088e+00
   3.2531333e+00
   3.2931118e+00
   3.5417922e+00
   3.9588895e+00
   4.4379654e+00
   4.8574166e+00
   5.7300992e+00
   5.9038670e+00
   6.0012851e+00
   6.0625339e+00
   6.1232093e+00
   6.2201591e+00
   6.3407211e+00
   6.4280088e+00
   6.5005937e+00
   6.5664873e+00
   6.5926541e+00
   6.6337175e+00
   6.6172094e+00
   6.4641707e+00
   6.2018394e+00
   5.8267851e+00
   5.3240873e+00
   4.7429409e+00
   3.9769344e+00
   2.5019181e+00
   1.5380912e+00
   1.1201675e+00
   1.1141886e+00
   1.1139308e+00
   2.1597769e+00
   1.1513839e+00
   1.7580916e+00
   1.3830211e+00
   1.5919904e+00
   1.9725555e+00
   2.5211973e+00
   3.0687500e+00
   3.6838417e+00
   4.3656654e+00
   4.9480234e+00
   5.4027791e+00
   4.8872451e+00
   5.0789204e+00
   5.2643598e+00
   5.4698446e+00
   5.6433687e+00
   5.7787254e+00
   5.8259518e+00
   5.8130388e+00
   5.7937029e+00
   5.7926328e+00
   5.8027015e+00
   5.8086050e+00
   5.7209637e+00
   5.4871497e+00
   5.1620143e+00
   4.8604773e+00
   4.5258265e+00
   4.1780357e+00
   3.5818556e+00
   2.9696269e+00
   1.6035576e+00
   1.0064559e+00
   1.0226293e+00
   1.3539686e+00
   1.6300440e+00
   1.6505459e-01
   9.9003756e-01
   1.2557604e+00
   1.2479391e+00
   1.0963057e+00
   1.6986763e+00
   2.3980188e+00
   3.0281056e+00
   3.6915102e+00
   4.2229557e+00
   4.6124219e+00
   2.4535236e+00
   2.6011106e+00
   2.8214560e+00
   3.0990174e+00
   3.3491218e+00
   3.4950044e+00
   3.5302198e+00
   3.4871144e+00
   3.4508629e+00
   3.4402761e+00
   3.4638343e+00
   3.4390590e+00
   3.3052769e+00
   3.0895914e+00
   2.8973594e+00
   2.7449200e+00
   2.6813029e+00
   2.6110010e+00
   2.2854905e+00
   2.0782815e+00
   9.9145573e-01
   7.7392566e-01
   8.7618893e-01
   1.7228907e+00
   1.1443405e+00
   8.6386857e-02
   6.6736162e-01
   7.4484557e-01
   6.7795817e-01
   5.4702526e-01
   7.4039233e-01
   1.1033080e+00
   1.5228126e+00
   1.9459795e+00
   2.1859416e+00
   2.3379436e+00
  -1.4073819e-01
  -1.5306453e-01
  -7.9698697e-02
   6.5924905e-02
   1.9388127e-01
   2.8325611e-01
   3.0352947e-01
   3.1053710e-01
   3.1330574e-01
   3.1621468e-01
   3.3375135e-01
   3.2142678e-01
   2.6084232e-01
   2.1079041e-01
   2.2334237e-01
   3.2415369e-01
   5.5199921e-01
   6.9626212e-01
   6.7463607e-01
   8.3886296e-01
   7.9532176e-01
   5.2723134e-01
   1.0145296e+00
   1.1887116e+00
   1.1489561e-01
   4.7526532e-01
   4.6358520e-01
   9.7597755e-02
  -1.6166995e-01
  -2.4588668e-01
  -2.1891369e-01
  -1.1685617e-01
  -5.9419447e-03
   2.7908441e-02
  -1.5687337e-02
  -6.2464491e-02
  -1.1955904e+00
  -1.3293699e+00
  -1.4064908e+00
  -1.4572166e+00
  -1.4961484e+00
  -1.5259211e+00
  -1.5384790e+00
  -1.5401480e+00
  -1.5614098e+00
  -1.6240224e+00
  -1.6861166e+00
  -1.7402873e+00
  -1.7411063e+00
  -1.6920929e+00
  -1.5888616e+00
  -1.4131551e+00
  -1.1929739e+00
  -1.0111833e+00
  -7.6921809e-01
  -4.4248278e-01
  -2.7715403e-01
  -2.0283253e-01
   2.2114995e-01
  -1.0534371e-01
   2.1758892e-01
   3.0792942e-01
   6.7600198e-02
  -2.7017814e-01
  -4.6960992e-01
  -5.4285586e-01
  -5.3662646e-01
  -5.4830533e-01
  -6.0644984e-01
  -7.2534430e-01
  -8.6189564e-01
  -1.0234350e+00
  -7.0410234e-01
  -7.9357153e-01
  -8.8320255e-01
  -9.6184683e-01
  -1.0171152e+00
  -1.0538576e+00
  -1.0761139e+00
  -1.1002859e+00
  -1.1328599e+00
  -1.1546035e+00
  -1.1557020e+00
  -1.1497818e+00
  -1.1394774e+00
  -1.1157335e+00
  -1.0669150e+00
  -9.9276978e-01
  -9.0788329e-01
  -8.0660433e-01
  -7.1692163e-01
  -6.7693847e-01
  -6.4610362e-01
  -6.0473299e-01
  -5.0008595e-01
  -3.4429261e-01
  -2.3818155e-01
  -2.3023264e-01
  -2.7954540e-01
  -3.3894336e-01
  -3.7731883e-01
  -3.9337859e-01
  -3.9751801e-01
  -4.0907666e-01
  -4.4106030e-01
  -4.9158949e-01
  -5.5062562e-01
  -6.1963171e-01
