  -9.3239051e-01
  -8.6470491e-01
  -8.1710029e-01
  -6.3235122e-01
  -3.7110132e-01
  -9.0948187e-02
   1.9108061e-01
   6.0389209e-01
   8.6702585e-01
   1.0882207e+00
   1.4828557e+00
   1.9520509e+00
   3.4621739e+00
   6.8538241e+00
   9.0796261e+00
   6.0956516e+00
   3.6475091e+00
   3.0764139e+00
   2.7327785e+00
   2.1882689e+00
   1.9243959e+00
   1.8159930e+00
   1.5553660e+00
   1.2872530e+00
   1.1677155e+00
   1.1262734e+00
   1.0745820e+00
   9.4952822e-01
   8.5654390e-01
   5.9370941e-01
  -4.3938869e-01
  -2.9254789e+00
  -4.9125385e+00
  -5.9488125e+00
  -4.1613374e+00
  -1.9684473e+00
   3.4177399e+00
   4.6494603e-03
  -7.8208715e-01
  -2.5782678e-01
   2.7497709e-01
   9.4837099e-01
   1.2071363e+00
   1.0865860e+00
   9.1332418e-01
   6.8195140e-01
   7.9821861e-01
   9.3888921e-01
   1.2080593e+00
   1.8376219e+00
   2.9760594e+00
   3.1401718e+00
   3.5974257e+00
   4.3874326e+00
   2.4912152e+00
   1.3024957e+00
   3.4640682e-01
  -2.2174574e-01
  -5.1663655e-01
  -6.2227416e-01
  -5.8897722e-01
  -5.5516440e-01
  -4.0941221e-01
  -2.6809138e-01
  -7.8765735e-02
   1.9573281e-03
  -1.5151572e-01
  -8.4390295e-01
  -2.0894594e+00
  -4.4712977e+00
  -1.6612228e+00
   2.6779938e+00
   3.2457037e+00
  -5.1349950e+00
  -3.3759263e+00
  -7.5735146e-01
   5.9500146e-01
   1.4936317e+00
   1.5438790e+00
   8.7305301e-01
   2.4343084e-01
   1.7775242e-01
   3.8527197e-01
   7.0330215e-01
   9.7046107e-01
   7.8229010e-01
   2.5624323e-01
   4.3138805e-01
   2.5699933e+00
   4.8504634e+00
   2.9800563e+00
   7.5607336e-01
  -4.6351790e-01
  -1.0632561e+00
  -1.1879958e+00
  -1.0493345e+00
  -9.8944217e-01
  -8.6165845e-01
  -6.0174274e-01
  -3.3869311e-01
  -2.6416559e-02
   2.1030101e-01
   1.8016739e-01
  -8.0354653e-02
  -1.1054634e+00
  -2.4006937e+00
   2.8930030e+00
   7.6246095e+00
   2.7430764e-01
  -3.7355874e+00
  -3.9579782e+00
  -3.1087071e-01
   1.8416809e+00
   2.6556489e+00
   2.1060741e+00
   7.7001190e-01
  -1.7638242e-01
  -4.2368982e-02
   4.8790833e-01
   1.0010004e+00
   1.3931264e+00
   8.2439423e-01
  -3.5920149e-01
  -8.8539469e-01
   2.1591265e+00
   7.3927760e+00
   1.8779533e+00
  -8.2215160e-02
  -1.1088337e+00
  -1.6262547e+00
  -1.2849262e+00
  -9.9894154e-01
  -1.0368245e+00
  -7.7737761e-01
  -6.3813782e-01
  -4.4851574e-01
  -1.3689382e-01
   1.2683430e-01
   1.8314861e-01
   6.0405713e-02
  -2.6920652e-01
  -5.0865960e-01
   2.2864294e+00
   2.2589192e+00
  -7.2392499e-01
  -2.1630383e+00
  -1.6205387e+00
   1.9230642e+00
   3.5825019e+00
   4.2716789e+00
   3.5177114e+00
   2.3194997e+00
   1.8057907e+00
   2.1010754e+00
   2.4099541e+00
   3.0028012e+00
   3.0324717e+00
   2.2591169e+00
   1.3258098e+00
   9.9126107e-01
   3.6184154e+00
   1.4579116e+00
   3.9419109e-01
  -7.6126462e-01
  -1.4563380e+00
  -1.6913269e+00
  -1.1873996e+00
  -1.1443053e+00
  -1.0417264e+00
  -6.4972258e-01
  -6.3176119e-01
  -5.2273363e-01
  -2.7518147e-01
  -2.6965994e-02
   2.7186895e-02
  -6.8653941e-02
  -1.7875509e-01
  -9.3048759e-02
   2.2549078e-01
   1.9069614e-01
  -1.2925283e+00
  -1.7194797e+00
  -7.7304797e-01
   1.8990942e-01
   6.6557000e-01
   8.8808512e-01
   6.2879254e-01
   3.7455487e-01
   2.9935761e-01
   4.1141247e-01
   3.1421973e-01
   5.3616467e-01
   4.0636124e-01
   3.8563167e-01
   2.5019534e-01
  -2.6915869e-01
  -3.2626744e-01
  -8.4845131e-02
  -4.8344159e-01
  -1.2090921e+00
  -1.4193853e+00
  -1.0799215e+00
  -1.0098760e+00
  -8.2878827e-01
  -6.1680879e-01
  -6.3422231e-01
  -6.8596111e-01
  -5.3366560e-01
  -2.9378729e-01
  -1.3475164e-01
  -1.2489566e-01
  -2.4207441e-01
  -3.7425395e-01
  -3.8969712e-01
  -4.5181700e-01
  -7.6725690e-01
  -1.4265015e+00
  -1.4544351e+00
  -4.3783927e-01
   8.3702214e-02
   3.3971107e-01
   5.5049366e-01
   2.6010421e-01
  -3.9065950e-02
  -2.3058894e-01
   3.3777069e-02
  -1.5105671e-01
   2.1750063e-01
   3.9729211e-02
   3.5702702e-01
   5.8151282e-02
  -7.0877928e-01
  -8.8939607e-01
  -9.1853333e-01
  -1.2692724e+00
  -1.2887374e+00
  -1.0127734e+00
  -6.9055974e-01
  -5.6028008e-01
  -2.9865709e-01
   6.7784153e-02
  -8.6171955e-02
  -2.9388976e-01
  -5.1644915e-01
  -1.4442796e-01
  -1.1981197e-01
  -1.7847027e-01
  -3.3739749e-01
  -4.7685412e-01
  -5.7788682e-01
  -7.6000059e-01
  -1.0798403e+00
  -1.2173710e+00
  -1.0340656e+00
   7.8598633e-02
   5.5525642e-01
   7.8560852e-02
  -3.3891749e-02
  -2.7696573e-01
  -3.8451040e-01
  -2.2969978e-01
  -2.8851005e-01
  -3.0353761e-01
  -6.1174500e-01
  -4.9637085e-01
  -4.4286553e-02
  -5.6740284e-01
  -1.1959647e+00
  -1.3372600e+00
  -1.4558721e+00
  -1.1290192e+00
  -4.7558990e-01
  -6.4955801e-02
  -3.5844787e-02
  -9.9405386e-02
   1.4001778e-01
   6.0751616e-01
   9.0112674e-01
   1.0242963e-01
  -2.5479719e-01
  -1.3997513e-01
  -1.6441271e-01
  -2.4307551e-01
  -4.0221897e-01
  -5.2093381e-01
  -6.0928868e-01
  -7.6123756e-01
  -1.0146298e+00
  -8.8454831e-01
  -6.2459642e-01
   3.9756879e-01
   1.4318879e+00
   2.8679839e-01
  -8.4547773e-02
  -2.3874779e-01
   5.2173175e-02
   4.9152961e-01
  -2.1711184e-01
  -8.5216397e-01
  -8.5039550e-01
  -5.6412041e-01
  -4.2808595e-01
  -1.0170683e+00
  -1.2938489e+00
  -1.2902453e+00
  -1.0445049e+00
  -3.6587915e-01
   5.8727765e-01
   1.0048957e+00
   6.5358472e-01
   1.3814527e-01
   5.7408112e-01
   1.2440530e+00
   1.7565336e+00
   4.3571830e-01
  -2.1093893e-01
  -3.4182292e-01
  -2.6770598e-01
  -2.9065832e-01
  -3.8763362e-01
  -4.4695690e-01
  -4.9878889e-01
  -5.9239018e-01
  -7.8027415e-01
  -4.3879157e-01
  -1.5666492e-01
   7.3870498e-01
   2.1153684e+00
   1.9423791e+00
   1.1213839e+00
   8.3928984e-01
   8.7827039e-01
   9.3706542e-01
  -4.9856326e-01
  -8.9946204e-01
  -1.8183489e-01
  -3.4872386e-01
  -6.9196653e-01
  -6.8590027e-01
  -6.9228148e-01
  -5.9505647e-01
  -1.5992732e-01
   5.7978088e-01
   1.5541691e+00
   1.3413453e+00
   9.4050378e-01
   5.7629615e-01
   9.9249661e-01
   2.0562601e+00
   2.4583583e+00
   1.4556773e+00
   7.1994647e-02
  -3.8250291e-01
  -1.5407053e-01
  -1.0031743e-01
  -1.5470842e-01
  -1.9802591e-01
  -2.3845693e-01
  -2.9904062e-01
  -4.2871216e-01
   5.6561813e-02
   8.0239397e-01
   9.9757969e-01
   2.6244991e+00
   2.8886337e+00
   2.5744624e+00
   1.7177079e+00
   1.2868836e+00
   6.0968387e-01
  -8.2660228e-01
  -5.3308034e-01
   3.7325725e-01
  -3.2189906e-01
  -5.7019210e-01
  -1.6981497e-01
  -1.8458366e-01
  -1.8327802e-02
   4.6027058e-01
   1.1806915e+00
   1.9674588e+00
   2.2915857e+00
   1.3333571e+00
   8.0253518e-01
   1.2193313e+00
   2.7669008e+00
   2.6318040e+00
   1.2032776e+00
  -1.6793944e-02
  -3.4232309e-01
   1.6509835e-01
   1.7424600e-01
   8.2676865e-02
  -4.6530096e-03
  -5.8343273e-02
  -1.3171601e-01
  -1.7694305e-01
   1.2901902e+00
   2.2460270e+00
   1.3844384e+00
   3.2438500e+00
   4.2459006e+00
   3.6479592e+00
   2.0999346e+00
   8.7325001e-01
  -1.3877323e-01
  -1.0482255e+00
   1.5080665e-01
   7.3184144e-01
   1.4291047e-01
   1.2064794e-01
   2.5724190e-01
   2.7449206e-01
   5.2557230e-01
   1.0264629e+00
   1.7652053e+00
   2.3713872e+00
   2.7629881e+00
   2.2681589e+00
   1.1510104e+00
   1.4286472e+00
   3.4349737e+00
   2.3401310e+00
   4.7265086e-01
  -4.2545080e-01
  -7.9863332e-03
   5.0700879e-01
   3.3003774e-01
   1.4712574e-01
   8.5591599e-03
  -3.6742300e-02
  -3.5022531e-02
   2.7018821e-01
   2.4503045e+00
   2.5613737e+00
   1.4575324e+00
   3.8161321e+00
   5.0980673e+00
   3.6946287e+00
   1.0988940e+00
  -1.2535402e-01
  -5.9938425e-01
  -8.9582115e-01
   5.6177390e-01
   2.0700766e-01
   4.7273141e-01
   5.2498162e-01
   5.5206198e-01
   6.6866320e-01
   1.0254273e+00
   1.5820442e+00
   2.2361670e+00
   2.7473500e+00
   2.9360178e+00
   1.9078906e+00
   6.3219857e-01
   1.9523033e+00
   3.4358127e+00
   1.7199389e+00
  -3.3730415e-01
  -5.7906151e-01
   3.9629161e-01
   5.5949384e-01
   1.4864114e-01
  -1.1741371e-01
  -1.8114413e-01
  -7.5733416e-02
   2.2219546e-01
   9.9606931e-01
   3.0448191e+00
   2.8439596e+00
   1.3738390e+00
   4.0927300e+00
   5.0826569e+00
   2.1256630e+00
  -1.1684123e-01
  -5.8100379e-01
  -8.7531990e-01
  -7.1072578e-01
   1.6251215e-01
   4.8012662e-01
   7.6590770e-01
   7.2180915e-01
   8.0865562e-01
   1.0255793e+00
   1.4230876e+00
   1.9459655e+00
   2.4611971e+00
   2.8807464e+00
   3.0444789e+00
   1.7727417e+00
   3.4591481e-01
   2.3268802e+00
   2.9312468e+00
   1.2436912e+00
  -8.4605491e-01
  -1.5601775e-01
   3.5492563e-01
   2.5381857e-01
  -5.9807971e-02
  -4.2228895e-01
  -2.4305759e-01
   1.0216069e-01
   6.8033648e-01
   1.6778929e+00
   3.0704916e+00
   2.1301012e+00
   9.8154277e-01
   3.8891110e+00
   4.2855592e+00
   4.3338293e-01
  -6.0544634e-01
  -5.1801258e-01
  -7.3136467e-01
  -3.6690944e-01
   4.1063920e-01
   1.0661888e+00
   9.0177411e-01
   9.1833669e-01
   1.0721760e+00
   1.3381511e+00
   1.6932349e+00
   2.1063571e+00
   2.4610677e+00
   2.8314836e+00
   2.8611681e+00
   8.0370063e-01
   5.8246368e-01
   2.2576973e+00
   1.9680792e+00
   5.8347213e-01
  -3.6551893e-01
  -6.8565324e-02
  -2.9228806e-01
  -5.6996679e-01
  -5.9424686e-01
  -4.9008289e-01
  -6.2629119e-02
   4.5676729e-01
   1.1672364e+00
   2.1224914e+00
   2.4812908e+00
   1.4576969e+00
   4.8999262e-01
   3.3399484e+00
   2.6354969e+00
  -3.3901632e-01
  -5.9994328e-01
  -3.8625383e-01
  -6.3618159e-01
  -1.2467151e-01
   6.4108801e-01
   8.7111241e-01
   7.8374386e-01
   8.8735092e-01
   1.0802152e+00
   1.3444562e+00
   1.6426592e+00
   1.9746585e+00
   2.2433763e+00
   2.6911082e+00
   1.2337598e+00
   2.6150507e-01
   1.0825742e+00
   1.5650856e+00
   5.1013315e-01
  -4.1418254e-01
  -7.5564742e-01
  -1.0661975e+00
  -1.2689323e+00
  -1.3076245e+00
  -1.0235523e+00
  -7.1284556e-01
  -2.5113404e-01
   3.2950330e-01
   1.0756062e+00
   1.9343014e+00
   1.5346568e+00
   9.1570765e-01
   6.0060579e-01
   2.4796009e+00
   9.3188787e-01
  -6.1444175e-01
  -5.6305975e-01
  -4.1498241e-01
  -7.7975059e-01
  -2.0215194e-01
   1.8616946e-01
   2.1706758e-01
   2.1146786e-01
   3.4546942e-01
   5.6327838e-01
   8.3162892e-01
   1.1135352e+00
   1.4151993e+00
   1.6742295e+00
   1.8768603e+00
   9.0423137e-02
   1.3889821e-01
   4.6092007e-01
   9.1017269e-02
  -7.8437740e-01
  -1.3228325e+00
  -1.5957196e+00
  -1.8764790e+00
  -2.0221472e+00
  -1.9663464e+00
  -1.6842616e+00
  -1.4160401e+00
  -9.7131389e-01
  -4.8009652e-01
   1.2252150e-01
   8.9666659e-01
   1.7998841e-01
   4.0899442e-01
   2.3773238e-01
   1.0137657e+00
   6.4194195e-03
  -4.2533375e-01
  -5.1170689e-01
  -6.1785857e-01
  -6.6711471e-01
  -4.9849170e-01
  -3.5586129e-01
  -3.7256776e-01
  -3.4317248e-01
  -2.1117193e-01
  -1.3269795e-02
   2.1401778e-01
   4.3546955e-01
   6.6325591e-01
   8.1546702e-01
   6.3892899e-01
  -3.5862760e-01
   2.0553927e-02
  -9.3696695e-02
  -5.2464968e-01
  -8.9918448e-01
  -1.0795132e+00
  -1.1681405e+00
  -1.2620326e+00
  -1.3412807e+00
  -1.3529298e+00
  -1.2583822e+00
  -1.1192053e+00
  -9.5980102e-01
  -8.0827423e-01
  -6.7885230e-01
  -4.9244174e-01
  -1.0820024e+00
  -3.4148793e-01
  -3.3327114e-01
  -4.2906801e-01
  -6.0611974e-01
  -3.4933012e-01
  -5.0323546e-01
  -1.0239152e+00
  -6.9496319e-01
  -3.1517132e-01
  -7.7942176e-02
   4.0178749e-02
   1.8075966e-01
   3.4716533e-01
   5.1510709e-01
   6.5009753e-01
   7.0850656e-01
   6.4497517e-01
   3.0464824e-01
  -5.3906071e-01
  -6.0934572e-01
  -1.4126618e-01
   2.7929148e-01
   3.4856217e-01
   4.9986589e-01
   6.1265765e-01
   6.8354646e-01
   6.7640380e-01
   6.2581281e-01
   5.9418552e-01
   5.9964048e-01
   6.0179757e-01
   5.6622761e-01
   4.4083378e-01
   1.4130018e-01
  -5.3261095e-01
  -2.0391755e+00
  -1.2725042e+00
  -1.0884789e+00
  -1.3328476e+00
  -1.2941968e+00
  -8.1303751e-01
  -7.2628868e-01
  -1.2072854e+00
  -8.5596585e-01
  -7.2164750e-01
  -5.1858509e-01
  -4.2549443e-01
  -2.9271621e-01
  -1.3164191e-01
   4.9208216e-03
   8.6961217e-02
   6.2872931e-02
  -1.0740781e-01
  -4.8094353e-01
  -1.1796874e+00
  -1.3876785e+00
  -5.9789509e-01
  -2.5100699e-01
  -7.8206621e-03
   3.9744669e-01
   7.7712649e-01
   9.5647502e-01
   9.5987016e-01
   9.9038815e-01
   1.0896066e+00
   1.0862511e+00
   9.9531984e-01
   7.8963202e-01
   4.3371165e-01
  -1.3275373e-01
  -1.0565561e+00
  -2.4855208e+00
  -2.4298732e+00
  -1.7506443e+00
  -2.2223308e+00
  -1.4281845e+00
  -1.2980607e+00
  -9.1417336e-01
  -1.3277954e+00
  -8.5577261e-01
  -1.2510775e+00
  -1.1256647e+00
  -1.1231924e+00
  -1.0864871e+00
  -1.0146352e+00
  -9.5357811e-01
  -9.1674846e-01
  -9.4465673e-01
  -1.0505662e+00
  -1.2126515e+00
  -1.4065688e+00
  -1.6909028e+00
  -1.0632509e+00
  -1.2643546e+00
  -1.1654121e+00
  -7.3253018e-01
   2.7656980e-02
   3.2548910e-01
   1.2865646e-01
   2.4129219e-02
   4.5663387e-01
   5.6391352e-01
   4.9931175e-01
   2.9211444e-01
  -8.6685501e-02
  -6.3422471e-01
  -1.4620837e+00
  -2.1888218e+00
  -2.7714162e+00
  -2.6294825e+00
  -3.1929860e+00
  -2.1213050e+00
  -1.9101241e+00
  -1.8736889e+00
  -2.2077374e+00
  -1.4679413e+00
  -1.7449998e+00
  -1.5915868e+00
  -1.6211063e+00
  -1.6559296e+00
  -1.6773957e+00
  -1.7042154e+00
  -1.7390914e+00
  -1.7886969e+00
  -1.8704913e+00
  -1.9418601e+00
  -1.9757150e+00
  -1.9238610e+00
  -1.8199832e+00
  -2.0786917e+00
  -2.2760844e+00
  -2.0859125e+00
  -7.0578593e-01
   2.3092441e-01
  -1.8890035e-01
  -1.0425588e+00
  -4.4936067e-01
  -4.9125344e-02
  -5.0151953e-03
  -1.4350460e-01
  -4.7194725e-01
  -8.8598454e-01
  -1.4308807e+00
  -1.6954180e+00
  -2.0154524e+00
  -2.8983150e+00
  -3.8706663e+00
  -2.6603587e+00
  -1.4257830e-01
  -1.7784673e+00
  -2.1481967e+00
  -2.1326685e+00
  -2.0708196e+00
  -1.8809673e+00
  -1.8509793e+00
  -1.8953849e+00
  -1.9577284e+00
  -2.0255702e+00
  -2.1033716e+00
  -2.1856053e+00
  -2.2870400e+00
  -2.3614993e+00
  -2.3711863e+00
  -2.2964678e+00
  -2.2348423e+00
  -2.3476899e+00
  -2.7971539e+00
  -3.2214420e+00
  -1.3391511e+00
   9.6468979e-01
   4.7270724e-01
  -7.4519444e-01
  -1.2839950e+00
  -6.5000731e-01
  -4.3384457e-01
  -3.9080986e-01
  -6.1530733e-01
  -9.9387288e-01
  -1.3852770e+00
  -1.7015311e+00
  -1.8794625e+00
  -2.5607157e+00
  -3.6720886e+00
  -3.9888227e+00
  -1.2290632e-01
  -9.8688442e-01
  -2.0492811e+00
  -2.1347101e+00
  -2.0936384e+00
  -1.9195623e+00
  -1.8458562e+00
  -1.8648726e+00
  -1.9211369e+00
  -1.9960706e+00
  -2.0721619e+00
  -2.1589336e+00
  -2.2267389e+00
  -2.3134646e+00
  -2.3288572e+00
  -2.2415287e+00
  -2.1656492e+00
  -2.1915121e+00
  -2.6388168e+00
  -3.7294505e+00
  -2.2195480e+00
   1.1072073e+00
   1.0021498e+00
   7.0943773e-02
  -1.5295975e+00
  -1.1987863e+00
  -9.1767311e-01
  -6.9162738e-01
  -7.0761126e-01
  -1.0032983e+00
  -1.4061071e+00
  -1.3787555e+00
  -1.5915558e+00
  -2.1296704e+00
  -2.8450344e+00
  -3.8913467e+00
  -9.6115589e-01
  -2.6702875e-01
  -1.5093356e+00
  -1.7551670e+00
  -1.7429202e+00
  -1.6251242e+00
  -1.5558969e+00
  -1.5676624e+00
  -1.6220548e+00
  -1.6597493e+00
  -1.7116066e+00
  -1.7682865e+00
  -1.7884355e+00
  -1.8561980e+00
  -1.9079487e+00
  -1.8504834e+00
  -1.7781265e+00
  -1.7413405e+00
  -2.0477180e+00
  -3.3248358e+00
  -3.7376831e+00
  -5.4235852e-01
   7.0747012e-01
   3.4533268e-01
  -8.6337715e-01
  -1.2824523e+00
  -1.1029798e+00
  -8.6067915e-01
  -7.1644872e-01
  -8.3951592e-01
  -1.1399279e+00
  -8.6303604e-01
  -1.0996796e+00
  -1.7553892e+00
  -1.9318966e+00
  -2.3109632e+00
  -1.6192806e+00
  -6.3676542e-01
  -6.9900548e-01
  -1.0108571e+00
  -1.0150081e+00
  -9.4498312e-01
  -9.1169333e-01
  -9.3574733e-01
  -1.0239426e+00
  -1.0454793e+00
  -1.0763363e+00
  -1.1009512e+00
  -1.1058133e+00
  -1.1402484e+00
  -1.2070165e+00
  -1.2203341e+00
  -1.1589124e+00
  -1.0971186e+00
  -1.2575524e+00
  -2.0271168e+00
  -3.0052488e+00
  -2.3452795e+00
  -7.6549602e-01
  -3.6096120e-01
  -2.6348901e-01
  -8.0081135e-01
  -7.5849313e-01
  -6.0836530e-01
  -4.5457959e-01
  -4.8913947e-01
  -6.6169751e-01
  -2.9529905e-01
  -4.8004165e-01
  -1.1656191e+00
  -7.6194769e-01
   3.0031346e-02
  -1.2006997e+00
  -1.1213160e+00
  -2.4103782e-01
  -2.9275516e-01
  -2.5051287e-01
  -1.8114941e-01
  -1.7888209e-01
  -2.1571778e-01
  -3.1867743e-01
  -3.6490649e-01
  -3.8218278e-01
  -4.0874499e-01
  -4.3501934e-01
  -4.6851569e-01
  -5.3232592e-01
  -5.7456529e-01
  -5.2834517e-01
  -4.6264911e-01
  -5.2990508e-01
  -8.9133525e-01
  -1.6840832e+00
  -2.3247323e+00
  -1.1121705e+00
  -4.0951926e-01
   1.7149074e-01
  -1.7151079e-01
  -2.0563558e-01
  -1.3155858e-01
  -2.6048861e-02
  -3.7994966e-02
  -1.6667500e-01
   3.8627291e-01
   4.0147462e-01
   8.2148537e-03
  -5.9786070e-02
   2.0297997e-01
   1.5519463e-01
  -1.0950212e+00
  -3.3871686e-01
   1.4643407e-01
   4.0771490e-01
   5.5965769e-01
   6.0248697e-01
   5.7405871e-01
   5.0749612e-01
   4.6134794e-01
   4.7397083e-01
   4.5052466e-01
   3.8108742e-01
   3.1369179e-01
   2.3530078e-01
   1.9861640e-01
   2.6102728e-01
   3.4598953e-01
   3.4811395e-01
   2.6055053e-01
  -4.0279407e-02
  -5.4613155e-01
  -4.5947039e-01
  -1.7292695e-01
  -1.7268877e-02
   2.2204082e-01
   4.0346861e-01
   5.2651733e-01
   5.6628323e-01
   5.3330326e-01
   4.2598504e-01
   7.8874793e-01
   9.0314108e-01
   1.0320773e+00
   8.7333514e-01
   8.7820250e-01
   1.1984596e+00
  -1.1835428e-01
   6.5001272e-02
   7.0854151e-01
   9.9830669e-01
   1.1525509e+00
   1.2024039e+00
   1.1672804e+00
   1.1139153e+00
   1.0789381e+00
   1.1019546e+00
   1.0896307e+00
   9.9325365e-01
   8.7526383e-01
   7.7273053e-01
   7.3200178e-01
   8.1178107e-01
   9.2559224e-01
   9.8188543e-01
   9.7898579e-01
   8.6638951e-01
   5.8408868e-01
   4.4893230e-01
   3.5334688e-01
   2.9511628e-01
   4.9871212e-01
   7.5657135e-01
   9.2569387e-01
   9.6823079e-01
   9.0565968e-01
   8.1851918e-01
   9.7974855e-01
   1.0756257e+00
   1.3414569e+00
   1.6418978e+00
   1.6383452e+00
   1.9426922e+00
   9.0429503e-01
   4.2299289e-01
   1.2068892e+00
   1.5008924e+00
   1.6684859e+00
   1.7221584e+00
   1.6597797e+00
   1.5977417e+00
   1.5877724e+00
   1.6125560e+00
   1.6132169e+00
   1.5060484e+00
   1.3399827e+00
   1.1871229e+00
   1.1195749e+00
   1.1916195e+00
   1.3137208e+00
   1.4270425e+00
   1.4925183e+00
   1.4717128e+00
   1.3059393e+00
   1.0483689e+00
   8.1848449e-01
   7.1610063e-01
   8.4696150e-01
   1.1031523e+00
   1.2636824e+00
   1.2529923e+00
   1.1407794e+00
   1.0241426e+00
   7.7266416e-01
   8.4868491e-01
   1.0698363e+00
   1.3390681e+00
   1.4682950e+00
   1.8230277e+00
   9.6949249e-01
   4.6237847e-01
   1.0989441e+00
   1.3398518e+00
   1.5146395e+00
   1.5916381e+00
   1.5436024e+00
   1.4757872e+00
   1.4731579e+00
   1.5219238e+00
   1.5410814e+00
   1.4535024e+00
   1.2940792e+00
   1.1466839e+00
   1.0597899e+00
   1.1035500e+00
   1.2365377e+00
   1.3968558e+00
   1.4988057e+00
   1.5223441e+00
   1.3986182e+00
   1.1327332e+00
   8.5566574e-01
   6.8950689e-01
   7.4848089e-01
   9.7013795e-01
   1.1625609e+00
   1.1437586e+00
   9.9981105e-01
   8.4095126e-01
   2.5618145e-01
   2.7128166e-01
   4.3863598e-01
   6.1898899e-01
   7.9260709e-01
   1.0804889e+00
   3.5405007e-01
  -6.1529029e-03
   4.0999139e-01
   5.8259958e-01
   7.5686559e-01
   8.5987021e-01
   8.5406196e-01
   8.2818874e-01
   8.5374810e-01
   9.0528446e-01
   9.3832464e-01
   8.8522239e-01
   7.7849108e-01
   6.6600494e-01
   5.9268897e-01
   6.2273550e-01
   7.5048545e-01
   9.5461155e-01
   1.1078140e+00
   1.1652237e+00
   1.0808464e+00
   8.4280926e-01
   5.8095269e-01
   3.7232812e-01
   3.2303694e-01
   4.8746714e-01
   6.3328169e-01
   6.2171203e-01
   4.9039161e-01
   3.4162735e-01
  -3.5111289e-01
  -3.8939428e-01
  -3.5123682e-01
  -2.0023133e-01
  -9.7422134e-03
   4.6213858e-02
  -3.3780484e-01
  -2.8331500e-01
  -2.3426649e-01
  -1.9443045e-01
  -8.6444579e-02
  -5.4494720e-03
   7.7151223e-03
   1.2554917e-02
   7.4217334e-02
   1.2683233e-01
   1.7323557e-01
   1.3530350e-01
   7.2904755e-02
  -1.7400160e-02
  -1.1917312e-02
   5.4070059e-03
   1.1547396e-01
   3.1689617e-01
   4.6777877e-01
   5.2802569e-01
   5.0201619e-01
   3.5194959e-01
   1.3669361e-01
  -6.6527992e-02
  -1.7489145e-01
  -1.0467277e-01
  -1.0361823e-01
  -1.2045908e-01
  -1.8521489e-01
  -2.8223622e-01
  -7.4345964e-01
  -7.9399878e-01
  -8.0323040e-01
  -6.8692374e-01
  -5.8042765e-01
  -8.4639972e-01
  -8.9989036e-01
  -4.9828982e-01
  -6.3186765e-01
  -6.3504559e-01
  -6.0865104e-01
  -5.9020799e-01
  -5.6624115e-01
  -5.5270898e-01
  -5.0754052e-01
  -4.1539669e-01
  -3.4482753e-01
  -3.7899515e-01
  -4.6388912e-01
  -5.1984173e-01
  -4.7704345e-01
  -4.3890056e-01
  -3.2348028e-01
  -1.8523967e-01
  -9.7580753e-02
  -9.1553345e-02
  -8.6983964e-02
  -1.5507942e-01
  -2.7460796e-01
  -4.6046746e-01
  -5.0540245e-01
  -5.3166264e-01
  -6.6510558e-01
  -7.0210201e-01
  -6.9877875e-01
  -7.0706272e-01
  -6.7466215e-01
  -7.1163309e-01
  -7.4870205e-01
  -7.1828315e-01
  -7.3716033e-01
  -1.0890756e+00
  -1.0771984e+00
  -4.5978284e-01
  -5.1526958e-01
  -6.5495441e-01
  -7.2389138e-01
  -7.5621206e-01
  -7.5405672e-01
  -7.5840205e-01
  -7.3062825e-01
  -6.5289615e-01
  -5.6592274e-01
  -5.6503314e-01
  -6.3695864e-01
  -6.7981881e-01
  -6.4127135e-01
  -5.7833486e-01
  -5.1048577e-01
  -4.9371132e-01
  -4.7266490e-01
  -4.8433393e-01
  -4.6748373e-01
  -4.6036008e-01
  -4.8724523e-01
  -5.5780095e-01
  -6.0715197e-01
  -6.6360432e-01
  -7.4849927e-01
  -8.0147358e-01
  -7.6014841e-01
  -6.9632185e-01
  -1.6512874e-01
  -1.6434467e-01
  -2.1286583e-01
  -2.8101555e-01
  -3.7693691e-01
  -6.3139516e-01
  -7.7783746e-01
  -5.5046368e-01
  -3.1266651e-01
  -2.8585970e-01
  -3.3378527e-01
  -3.7876925e-01
  -3.9075688e-01
  -3.9944774e-01
  -3.9079055e-01
  -3.5429031e-01
  -3.0925533e-01
  -2.9443258e-01
  -3.1414384e-01
  -3.2375598e-01
  -3.2170215e-01
  -3.2205576e-01
  -3.2301584e-01
  -3.4673947e-01
  -3.6697823e-01
  -3.6633220e-01
  -3.4729528e-01
  -3.3716074e-01
  -3.1836396e-01
  -2.8358093e-01
  -2.7681541e-01
  -2.9720706e-01
  -3.1575894e-01
  -3.0367869e-01
  -2.6527426e-01
  -2.1273972e-01
