  3.230170e-01
  3.037902e-01
  2.997747e-01
  2.975122e-01
  2.915647e-01
  2.763470e-01
  2.666469e-01
  2.601269e-01
  2.453385e-01
  2.364282e-01
  2.285452e-01
  2.219482e-01
  2.238008e-01
  2.315066e-01
  2.461706e-01
  2.570995e-01
  2.411321e-01
  2.179521e-01
  2.098640e-01
  2.274295e-01
  2.392246e-01
  2.328721e-01
  2.216218e-01
  2.154172e-01
  2.198259e-01
  2.248411e-01
  2.216688e-01
  2.331546e-01
  2.571644e-01
  2.850569e-01
  3.098528e-01
  3.308669e-01
  3.319532e-01
  3.455443e-01
  3.752153e-01
  4.156909e-01
