   2.1282125e+00   2.1279509e+00   2.1083851e+00   2.0648029e+00   2.0070841e+00   1.9416596e+00   1.8796031e+00   1.8211120e+00   1.7642376e+00   1.7175515e+00   1.6711775e+00   1.6213512e+00   1.5615098e+00   1.4779003e+00   1.3637688e+00   1.2042214e+00   1.0161672e+00   7.9285651e-01   6.1932755e-01   5.8743387e-01   7.2635508e-01   1.0175706e+00   1.2870455e+00   1.4932445e+00   1.6323246e+00   1.7077785e+00   1.7452967e+00   1.7552246e+00   1.7457334e+00   1.7345475e+00   1.7510515e+00   1.8042616e+00   1.8883765e+00   1.9843537e+00   2.0593672e+00   2.1091228e+00
   1.6112567e+00   1.5562898e+00   1.5171016e+00   1.5016191e+00   1.4919853e+00   1.5232358e+00   1.6005795e+00   1.7183503e+00   1.8808919e+00   2.0674381e+00   2.2312910e+00   2.3730810e+00   2.4479265e+00   2.4689629e+00   2.4432039e+00   2.3701272e+00   2.2644400e+00   2.0537016e+00   1.7371534e+00   1.1029867e+00   4.3708175e-01   1.1639324e+00   1.8416883e+00   2.1066132e+00   2.0656016e+00   1.9057078e+00   1.7772895e+00   1.6546369e+00   1.5384327e+00   1.4558929e+00   1.4520686e+00   1.5202735e+00   1.6212642e+00   1.7000920e+00   1.7162464e+00   1.6760045e+00
   1.1048908e+00   1.1185769e+00   1.1627465e+00   1.1802870e+00   1.1532091e+00   1.0620320e+00   9.3519121e-01   8.9286208e-01   8.6685061e-01   9.1156256e-01   9.4862092e-01   1.0346596e+00   1.1023941e+00   1.1561133e+00   1.2170119e+00   1.3018290e+00   1.3132298e+00   1.2895900e+00   1.7274086e+00   1.8733265e+00   1.0449963e+00   8.1558400e-01   1.8495448e+00   2.5631402e+00   2.3479023e+00   1.7326334e+00   1.1215112e+00   7.7495748e-01   7.0702040e-01   7.4340355e-01   8.5213268e-01   1.0338900e+00   1.1805481e+00   1.2511797e+00   1.2251968e+00   1.1521488e+00
   3.7591610e+00   3.7978608e+00   3.7601402e+00   3.6902239e+00   3.6418445e+00   3.5668325e+00   3.4529479e+00   3.2941114e+00   3.0793571e+00   2.8520346e+00   2.5977120e+00   2.3555884e+00   2.0984676e+00   1.8841484e+00   1.7722974e+00   1.6937591e+00   1.6040092e+00   1.8164916e+00   1.5789725e+00   1.4534981e+00   1.5261118e+00   7.4540859e-01   1.0106969e+00   2.4444561e+00   2.6476278e+00   2.3424453e+00   2.1140831e+00   2.1795015e+00   2.3334841e+00   2.5544283e+00   2.8024919e+00   3.0209553e+00   3.2360151e+00   3.4320631e+00   3.5833442e+00   3.6883550e+00
   5.4358481e+00   5.4348655e+00   5.3757275e+00   5.2645610e+00   5.1852121e+00   5.1350573e+00   5.1136345e+00   5.1785684e+00   5.2418683e+00   5.2472790e+00   5.2113676e+00   5.1691063e+00   5.0724386e+00   4.8693380e+00   4.6155490e+00   4.4139914e+00   4.1341934e+00   3.9057806e+00   2.6648459e+00   1.2308202e+00   1.6328309e+00   1.5237437e+00   9.7682136e-01   1.8192189e+00   2.2087066e+00   2.3886402e+00   2.6932291e+00   3.0532826e+00   3.4216678e+00   3.8366003e+00   4.2547674e+00   4.6028056e+00   4.8857459e+00   5.1207775e+00   5.2913675e+00   5.3909567e+00
   5.6065707e+00   5.5321223e+00   5.4043760e+00   5.2716174e+00   5.1868369e+00   5.1964417e+00   5.3347878e+00   5.5625798e+00   5.8560023e+00   6.1272244e+00   6.3403366e+00   6.4960928e+00   6.5381851e+00   6.4265759e+00   6.1898127e+00   5.9028544e+00   5.5198867e+00   4.9749932e+00   3.0239816e+00   1.4669672e+00   1.3213896e+00   1.4156115e+00   1.2860061e+00   1.5725412e+00   1.6086665e+00   2.1483283e+00   2.6699317e+00   3.2651756e+00   3.7962680e+00   4.2670732e+00   4.6528935e+00   4.9875408e+00   5.2747207e+00   5.4774003e+00   5.5792200e+00   5.6266708e+00
   4.4101491e+00   4.2712817e+00   4.1117730e+00   4.0116391e+00   3.9348674e+00   3.9732542e+00   4.1776628e+00   4.5086803e+00   4.9501057e+00   5.4322839e+00   5.8450465e+00   6.1638603e+00   6.3662148e+00   6.3700843e+00   6.1609349e+00   5.7036967e+00   5.1863947e+00   4.5785093e+00   3.5687923e+00   1.6587476e+00   1.5696970e+00   1.3234875e+00   1.4168581e+00   1.8948344e+00   2.2308850e+00   1.7574167e+00   1.9128199e+00   3.5413871e+00   3.7382195e+00   3.9323256e+00   4.0772467e+00   4.2463231e+00   4.4050999e+00   4.4781089e+00   4.4738560e+00   4.4657588e+00
   1.9722081e+00   1.8524281e+00   1.7617326e+00   1.6847258e+00   1.6099583e+00   1.6356456e+00   1.8494710e+00   2.2715487e+00   2.8056600e+00   3.4131627e+00   3.9726403e+00   4.4347553e+00   4.7612691e+00   4.8617910e+00   4.5853114e+00   3.8146744e+00   2.9458786e+00   2.6290927e+00   2.8882065e+00   3.0180784e+00   2.4711621e+00   1.7935988e+00   3.7579422e+00   5.2693391e+00   3.8188024e+00   3.0482162e+00   4.0065856e+00   3.5510352e+00   3.1648332e+00   2.7928400e+00   2.4427309e+00   2.2504906e+00   2.1955667e+00   2.1903083e+00   2.1376018e+00   2.0591061e+00
   1.0065323e+00   1.0598671e+00   1.0560791e+00   1.0535066e+00   1.0150174e+00   9.5339739e-01   8.2091361e-01   6.6166866e-01   6.8260145e-01   1.2745209e+00   1.8379630e+00   2.3306072e+00   2.7030530e+00   2.8262098e+00   2.6520615e+00   2.3451269e+00   1.6730405e+00   9.2645615e-01   9.6660918e-01   2.8187537e+00   4.0018077e+00   4.6299109e+00   6.1448793e+00   5.0467253e+00   4.0921507e+00   3.9917431e+00   3.4672146e+00   2.7436249e+00   1.9264297e+00   1.1720581e+00   7.6690871e-01   8.0115479e-01   9.1049308e-01   1.0078295e+00   1.0061744e+00   9.7513425e-01
   3.2157283e+00   3.2436461e+00   3.2153821e+00   3.1788502e+00   3.0742216e+00   2.8413396e+00   2.4827006e+00   2.0868690e+00   1.6292552e+00   1.1736262e+00   7.9103613e-01   6.1993670e-01   8.6375391e-01   1.3983932e+00   2.5535357e+00   4.3011923e+00   4.2844963e+00   3.2390354e+00   2.3544574e+00   1.6655129e+00   2.6807613e+00   3.6303735e+00   1.7383703e+00   1.5209746e+00   2.5582986e+00   2.0545418e+00   1.3411376e+00   9.1350055e-01   1.0281800e+00   1.7259940e+00   2.3622115e+00   2.7545743e+00   2.9954951e+00   3.1139266e+00   3.1114566e+00   3.1291108e+00
   4.7364402e+00   4.6688800e+00   4.5548015e+00   4.3919578e+00   4.1266747e+00   3.7465053e+00   3.3597736e+00   3.0450211e+00   2.7731252e+00   2.6165328e+00   2.5365670e+00   2.5266271e+00   2.6961570e+00   3.2561758e+00   4.6711211e+00   6.9098234e+00   3.5845490e+00   3.5863910e+00   4.7602592e+00   3.4188294e+00   3.9421852e+00   4.2963953e+00   1.9630930e+00   2.2285585e+00   1.4899315e+00   1.0466369e+00   1.2359892e+00   1.9957939e+00   2.8242621e+00   3.5593331e+00   4.0804467e+00   4.4244032e+00   4.6435199e+00   4.7320733e+00   4.6937737e+00   4.7033606e+00
   5.4417305e+00   5.2403402e+00   4.9680247e+00   4.5761418e+00   4.1048517e+00   3.7206607e+00   3.5467887e+00   3.5184109e+00   3.5988438e+00   3.7895877e+00   4.0396562e+00   4.3376284e+00   4.7311120e+00   5.2807689e+00   6.4932947e+00   6.6891623e+00   1.5331260e+00   1.7668756e+00   3.0528994e+00   4.6431608e+00   5.4659224e+00   3.2624872e+00   1.8987434e+00   2.1829393e+00   2.7284553e+00   2.9762933e+00   3.4572248e+00   3.9487679e+00   4.4430966e+00   4.9392147e+00   5.3005099e+00   5.5154214e+00   5.6403217e+00   5.6417360e+00   5.5613031e+00   5.5258822e+00
   4.9604425e+00   4.5872355e+00   4.1400671e+00   3.6536102e+00   3.3486178e+00   3.3977673e+00   3.7498710e+00   4.1446042e+00   4.5261149e+00   4.8888650e+00   5.2565122e+00   5.6554008e+00   6.0992975e+00   6.5675340e+00   7.1312838e+00   5.7300668e+00   9.3300629e-01   1.0098068e+00   2.2131841e+00   5.5286417e+00   5.5453491e+00   1.2148620e+00   1.0381162e+00   2.3053713e+00   4.1220388e+00   4.4009757e+00   4.6050758e+00   4.7172012e+00   4.9745021e+00   5.3632545e+00   5.6239896e+00   5.6864548e+00   5.6593690e+00   5.5035772e+00   5.3304391e+00   5.1847072e+00
   3.5313396e+00   3.1838782e+00   2.8760929e+00   2.7754204e+00   3.0320296e+00   3.6176629e+00   4.3597207e+00   5.0129194e+00   5.5220923e+00   5.9065595e+00   6.2251625e+00   6.5167341e+00   6.7243414e+00   6.8566308e+00   6.7482047e+00   5.3128796e+00   8.6522079e-01   6.8235302e-01   1.8968928e+00   4.3709707e+00   4.6678324e+00   8.3777839e-01   8.1166279e-01   2.2651932e+00   4.2440228e+00   4.5629930e+00   4.5486112e+00   4.3549519e+00   4.5106111e+00   4.9230561e+00   5.1602516e+00   5.1037827e+00   4.8649731e+00   4.4741163e+00   4.1386194e+00   3.8574574e+00
   2.0730133e+00   2.1330392e+00   2.3254445e+00   2.7398295e+00   3.3850610e+00   4.1841650e+00   5.0413694e+00   5.7579160e+00   6.2998533e+00   6.6763248e+00   6.9122519e+00   7.0320902e+00   6.9661183e+00   6.6671019e+00   5.8383746e+00   4.3989801e+00   9.9318206e-01   5.1557440e-01   1.5858667e+00   2.2593334e+00   3.1662135e+00   8.9957923e-01   1.5726491e+00   2.1744251e+00   3.5839801e+00   3.9241390e+00   3.7231190e+00   3.2778544e+00   3.2950048e+00   3.6304691e+00   3.8086064e+00   3.6707094e+00   3.2478328e+00   2.6984236e+00   2.3416600e+00   2.1521840e+00
   2.5018823e+00   2.8617699e+00   3.2593961e+00   3.7443135e+00   4.2913570e+00   4.8761516e+00   5.4630637e+00   5.9398556e+00   6.3299828e+00   6.6447783e+00   6.8411255e+00   6.8931875e+00   6.6815333e+00   6.0770092e+00   4.7866964e+00   3.4750435e+00   1.2835989e+00   7.3222870e-01   1.3753760e+00   1.5133802e+00   2.0475397e+00   8.9429784e-01   2.2226439e+00   2.7328889e+00   2.9340608e+00   3.0492709e+00   2.7833273e+00   2.1758265e+00   1.9020075e+00   1.9813657e+00   2.0488050e+00   2.0598660e+00   1.9128634e+00   1.8354455e+00   1.9668024e+00   2.1971996e+00
   4.0924501e+00   4.4815173e+00   4.8753009e+00   5.3047543e+00   5.7102995e+00   6.0432782e+00   6.2312269e+00   6.2203264e+00   6.1143699e+00   6.0341210e+00   6.0362029e+00   6.0374508e+00   5.7986865e+00   5.0869460e+00   3.8668249e+00   2.7188888e+00   1.2805610e+00   7.8883910e-01   1.2177548e+00   1.0735630e+00   1.2700315e+00   7.6815236e-01   1.4311249e+00   1.9279946e+00   2.1424179e+00   2.2077909e+00   2.2127671e+00   1.7738953e+00   9.2410094e-01   7.2250724e-01   1.1499290e+00   1.8047497e+00   2.3761628e+00   2.9141214e+00   3.3463938e+00   3.7098744e+00
   5.1888870e+00   5.5563338e+00   5.9223178e+00   6.2988913e+00   6.6148445e+00   6.8094279e+00   6.7955328e+00   6.5306107e+00   6.0540245e+00   5.4540704e+00   4.9910725e+00   4.7371129e+00   4.4305086e+00   3.8669338e+00   3.3707612e+00   1.8099945e+00   1.0431290e+00   5.2623689e-01   1.1165900e+00   9.8789758e-01   7.0111374e-01   4.7558564e-01   4.7573346e-01   9.2816825e-01   1.2658120e+00   1.5000951e+00   1.7739364e+00   2.3969383e+00   1.3800075e+00   6.6122786e-01   1.4550088e+00   2.5435507e+00   3.4240871e+00   4.0544300e+00   4.4784746e+00   4.8238563e+00
   5.2701467e+00   5.6338451e+00   5.9984143e+00   6.3719461e+00   6.7017790e+00   6.9346052e+00   6.9690186e+00   6.7104999e+00   6.1652300e+00   5.3828629e+00   4.6464271e+00   4.1659441e+00   3.7209685e+00   3.2753082e+00   2.9616593e+00   1.3769589e+00   8.4967061e-01   4.1711463e-01   1.1564746e+00   1.3802968e+00   4.3434630e-01   8.2490208e-01   7.6403615e-01   6.2802331e-01   9.0908749e-01   8.0973610e-01   1.3387932e+00   2.7634357e+00   2.3666937e+00   1.4264800e+00   1.9340776e+00   2.8814689e+00   3.6827784e+00   4.2302417e+00   4.6014175e+00   4.9159173e+00
   4.2911720e+00   4.6647782e+00   5.0547838e+00   5.4417944e+00   5.7828331e+00   6.0437856e+00   6.1193318e+00   5.8997402e+00   5.3348131e+00   4.3646369e+00   3.2079666e+00   2.4541340e+00   2.1213524e+00   2.3993924e+00   2.7223423e+00   1.2298995e+00   7.4030614e-01   4.3770900e-01   2.1118579e+00   1.8659483e+00   1.1626501e+00   2.0471613e+00   7.8670394e-01   5.4197913e-01   5.0029749e-01   5.6780124e-01   7.9035634e-01   1.8268913e+00   2.1239421e+00   2.0029540e+00   1.8837318e+00   2.4290547e+00   2.9752758e+00   3.3921924e+00   3.7002947e+00   3.9647956e+00
   2.6125619e+00   2.8018775e+00   3.1069734e+00   3.4952557e+00   3.8940349e+00   4.3195062e+00   4.6966805e+00   4.8114686e+00   4.5440888e+00   3.7323325e+00   2.2407176e+00   8.3003360e-01   1.1088190e+00   1.7563165e+00   2.7930746e+00   1.7703264e+00   6.0355121e-01   3.9967531e-01   2.2543213e+00   8.5015935e-01   1.7447963e+00   2.9378529e+00   2.5278928e+00   1.9673401e+00   1.1693318e+00   1.8325707e+00   1.2718037e+00   1.2020956e+00   1.6295176e+00   3.0056398e+00   2.0573370e+00   1.9398977e+00   2.1242468e+00   2.3332489e+00   2.4804008e+00   2.5394025e+00
   2.2947688e+00   2.0906041e+00   2.0456159e+00   2.3275428e+00   2.8873255e+00   3.6304679e+00   4.4906650e+00   5.0953856e+00   5.2447367e+00   4.7351146e+00   3.3310034e+00   1.6319779e+00   1.8493383e+00   1.6953480e+00   2.2958372e+00   2.2115221e+00   4.6899500e-01   2.8451136e-01   9.7160912e-01   5.8772081e-01   2.4300101e+00   3.3004398e+00   3.7716606e+00   4.4098611e+00   3.1393073e+00   4.4848843e+00   3.9470201e+00   2.6097651e+00   3.2842045e+00   4.4176202e+00   3.2068863e+00   2.4841981e+00   2.3788924e+00   2.4885869e+00   2.5743773e+00   2.5049520e+00
   3.4695745e+00   3.2424507e+00   2.9864454e+00   2.9127555e+00   3.3155053e+00   4.0230031e+00   4.9016962e+00   5.5818272e+00   5.8197169e+00   5.4505377e+00   4.4942656e+00   2.8847356e+00   3.3494568e+00   2.9707639e+00   2.7238927e+00   1.6898909e+00   4.5217502e-01   3.9972639e-01   7.1405941e-01   1.1854706e+00   3.3148248e+00   3.6010723e+00   3.9277763e+00   4.4309344e+00   5.2612123e+00   5.3168435e+00   6.0928855e+00   5.8545370e+00   5.9034691e+00   5.4311857e+00   4.3459053e+00   3.3778307e+00   3.2166121e+00   3.3711627e+00   3.5499594e+00   3.5829635e+00
   4.3845482e+00   4.3421888e+00   4.2075944e+00   4.0366516e+00   4.0713654e+00   4.3639879e+00   4.8121128e+00   5.1997709e+00   5.3887186e+00   5.3122029e+00   5.0720277e+00   3.9664457e+00   3.2085578e+00   2.6080642e+00   1.9571846e+00   8.6563963e-01   4.8688179e-01   4.7222272e-01   4.7696340e-01   2.4305084e+00   3.5965409e+00   3.4993272e+00   3.8515167e+00   4.2692571e+00   4.5109401e+00   4.9311700e+00   5.5520272e+00   5.8184280e+00   6.0647135e+00   5.6931787e+00   4.7530913e+00   3.7337093e+00   3.6396129e+00   3.8570194e+00   4.1387086e+00   4.3223538e+00
   4.6096559e+00   4.7200141e+00   4.7397947e+00   4.6517572e+00   4.4621401e+00   4.3227348e+00   4.2281199e+00   4.2457113e+00   4.3556237e+00   4.5539222e+00   4.8992825e+00   5.5622964e+00   1.8955469e+00   8.5842937e-01   5.2217448e-01   8.9838320e-01   1.2856553e+00   5.2024078e-01   1.5662323e+00   3.5301723e+00   3.1251259e+00   2.9286346e+00   3.1147556e+00   3.5848398e+00   3.8534944e+00   4.1276960e+00   4.7098274e+00   5.2508712e+00   5.5289922e+00   5.1509495e+00   4.1594863e+00   3.3302641e+00   3.3954730e+00   3.7362185e+00   4.0957456e+00   4.4050398e+00
   3.9541264e+00   4.1858506e+00   4.2964692e+00   4.2821565e+00   4.1082892e+00   3.8235888e+00   3.4028482e+00   3.1094770e+00   3.0341821e+00   3.3025355e+00   4.0106597e+00   5.0110440e+00   2.8163335e+00   1.2553715e+00   1.4230567e+00   1.4143579e+00   1.4275615e+00   5.0882906e-01   2.0558434e+00   2.4399154e+00   2.0728850e+00   1.8484763e+00   1.7031114e+00   2.1020932e+00   2.6101727e+00   2.9160242e+00   3.3562732e+00   3.9063284e+00   4.2823882e+00   4.0789814e+00   2.5446038e+00   1.6510613e+00   2.1115098e+00   2.7571347e+00   3.2336071e+00   3.6197650e+00
   2.7606759e+00   3.0745952e+00   3.2515574e+00   3.2811384e+00   3.1358004e+00   2.8464868e+00   2.3683598e+00   1.9408917e+00   1.7076433e+00   1.9083823e+00   2.9323161e+00   3.7519364e+00   3.1775997e+00   2.0334980e+00   1.8114668e+00   1.6765727e+00   1.1717006e+00   6.1388171e-01   1.3291568e+00   1.3430828e+00   6.9437140e-01   6.3836282e-01   5.7683080e-01   5.9770441e-01   1.0663828e+00   1.5601636e+00   2.0103846e+00   2.4373753e+00   2.8568749e+00   3.1230597e+00   1.3904675e+00   3.2798573e-01   7.2398192e-01   1.2843957e+00   1.9040903e+00   2.3488717e+00
   1.0333056e+00   1.2480725e+00   1.4603357e+00   1.5369067e+00   1.3746989e+00   1.0528047e+00   7.6780730e-01   5.7591081e-01   4.7753754e-01   8.6622155e-01   2.2834322e+00   2.6299689e+00   1.4617914e+00   1.5699562e+00   7.2500688e-01   9.3027437e-01   1.2650620e+00   9.1279936e-01   1.1843263e+00   1.8988013e+00   1.3247236e+00   1.2084389e+00   8.2441026e-01   1.3443841e+00   9.7055995e-01   6.6772431e-01   7.9640561e-01   7.6352727e-01   1.3699291e+00   2.3886256e+00   1.1230190e+00   4.1039488e-01   1.3746072e+00   1.2104777e+00   9.6150184e-01   9.1962647e-01
   1.2456951e+00   8.6558254e-01   6.4966071e-01   6.0680044e-01   7.0586351e-01   8.3404577e-01   1.0173953e+00   1.2874630e+00   1.5849812e+00   1.9144361e+00   2.8155509e+00   1.7144722e+00   1.1711653e+00   9.3352116e-01   9.4786155e-01   1.7603514e+00   1.7443381e+00   1.2687988e+00   1.2047668e+00   2.6602780e+00   2.0355499e+00   1.3940208e+00   9.6626074e-01   1.9679730e+00   2.3753939e+00   1.7918509e+00   1.3607746e+00   9.8003680e-01   1.9920437e+00   2.2984369e+00   1.0521953e+00   6.9222502e-01   1.2178085e+00   2.1067638e+00   1.8000304e+00   1.6446803e+00
   2.8379877e+00   2.4244051e+00   2.0654023e+00   1.9533339e+00   2.1381860e+00   2.4391835e+00   2.7477984e+00   2.9627123e+00   3.1305203e+00   3.2994907e+00   3.3326998e+00   1.5945487e+00   2.0977995e+00   2.3557703e+00   2.5212898e+00   2.3590014e+00   1.3868511e+00   1.4008942e+00   1.1379958e+00   2.4061494e+00   2.4095862e+00   1.0518725e+00   1.0831500e+00   1.2935760e+00   2.8695827e+00   2.7298560e+00   2.3810935e+00   2.1438563e+00   3.0515580e+00   1.8780773e+00   1.2613528e+00   1.0250851e+00   1.2445632e+00   2.6959922e+00   2.8304534e+00   3.0144837e+00
   3.5882404e+00   3.4796845e+00   3.2656180e+00   3.1684920e+00   3.2762641e+00   3.4904647e+00   3.7389154e+00   3.8853083e+00   3.9390087e+00   3.9231462e+00   3.4232766e+00   1.5487852e+00   2.8056814e+00   3.3664698e+00   3.6797819e+00   2.0532399e+00   1.1008610e+00   1.1179403e+00   1.1137621e+00   1.2175389e+00   2.2195994e+00   1.1030963e+00   9.2856114e-01   8.0465399e-01   1.5614497e+00   2.6145650e+00   2.8838546e+00   2.7630965e+00   1.8453374e+00   1.0945458e+00   1.1792968e+00   1.0568802e+00   1.3321086e+00   1.9609092e+00   3.4800817e+00   3.6371367e+00
   3.3209591e+00   3.5956383e+00   3.7088785e+00   3.7268105e+00   3.7638953e+00   3.8024755e+00   3.8754370e+00   3.9293535e+00   3.8805299e+00   3.7821527e+00   2.9290318e+00   1.2305233e+00   1.2310667e+00   1.6115777e+00   2.2612307e+00   3.0702629e+00   1.4841592e+00   6.9731975e-01   6.6421992e-01   5.4501587e-01   8.6286467e-01   8.4056735e-01   7.6428258e-01   1.1434631e+00   8.2933408e-01   1.3742305e+00   2.7375605e+00   3.0621364e+00   1.8990076e+00   1.1432030e+00   9.0879130e-01   7.9479808e-01   9.3924654e-01   1.3738784e+00   2.9877391e+00   3.2731712e+00
   2.5067351e+00   2.8854172e+00   3.2452002e+00   3.4424782e+00   3.4398472e+00   3.3286359e+00   3.1742649e+00   3.0542648e+00   2.9634175e+00   2.4338961e+00   1.1854054e+00   8.7627721e-01   5.2667594e-01   7.4225032e-01   6.6126257e-01   1.0740689e+00   5.2108103e-01   3.2250652e-01   1.5450802e-01   2.9233587e-01   4.3057382e-01   4.8982784e-01   4.6550673e-01   7.7431446e-01   6.0791349e-01   5.7840914e-01   1.2443407e+00   1.9940192e+00   1.1157855e+00   9.6934319e-01   9.5304781e-01   8.2926422e-01   9.5175147e-01   9.8309779e-01   2.2412834e+00   2.4143963e+00
   1.8777936e+00   1.9072652e+00   2.1324472e+00   2.3058653e+00   2.2747662e+00   2.0847514e+00   1.8493538e+00   1.6384791e+00   1.3200843e+00   6.5078062e-01   5.6534320e-01   4.2863789e-01   8.9091820e-01   1.5479628e+00   6.0597783e-01   7.6581919e-01   7.3920000e-01   5.0295538e-01   3.0202439e-01   4.3034449e-01   4.9324599e-01   2.8333938e-01   2.4062368e-01   3.5548580e-01   3.1230822e-01   5.5042744e-01   4.4390556e-01   4.1248804e-01   4.6177769e-01   6.1092877e-01   5.7673031e-01   5.9005469e-01   5.0186884e-01   6.2063634e-01   1.3337512e+00   2.1781130e+00
   1.4010553e+00   1.0888063e+00   8.2502055e-01   8.4498316e-01   9.3540508e-01   1.0388699e+00   1.1933926e+00   9.9758613e-01   4.8187989e-01   5.9830678e-01   7.1458191e-01   7.2410119e-01   1.2996429e+00   1.3654935e+00   6.3608509e-01   6.5551698e-01   3.3312339e-01   5.2989191e-01   5.7929981e-01   2.3712681e-01   5.8787686e-01   8.0468160e-01   5.2186906e-01   3.1779280e-01   3.8119003e-01   6.9636226e-01   8.6434543e-01   1.0194526e+00   5.0619006e-01   3.7859276e-01   2.4447156e-01   3.5642076e-01   6.0835141e-01   6.0583806e-01   6.8980640e-01   1.4955943e+00
   1.4377584e+00   1.3093456e+00   1.2541500e+00   1.2933924e+00   1.0529580e+00   8.2023799e-01   6.9260323e-01   7.4541664e-01   9.2546618e-01   8.4358197e-01   7.5326014e-01   7.7280742e-01   5.6991345e-01   3.8619328e-01   3.2160279e-01   3.9891741e-01   3.8323548e-01   4.0582907e-01   5.2600539e-01   4.2342883e-01   5.6615758e-01   5.5396926e-01   8.5904878e-01   7.7727032e-01   8.8986552e-01   6.6865492e-01   9.1317850e-01   5.7765174e-01   3.2923228e-01   3.0845770e-01   4.3113309e-01   3.8959947e-01   2.9806146e-01   4.8415607e-01   6.8749416e-01   1.0780145e+00
