  0.3345  0.3335  0.3467  0.3624  0.3843  0.3896  0.3947  0.4151  0.4162  0.4259  0.4207  0.4162  0.4227  0.4326  0.4332  0.4405  0.4387  0.4393  0.4436  0.4424  0.4414  0.4338  0.4260  0.4128  0.3868  0.3633  0.3521  0.3484  0.3381  0.3320  0.3306  0.3272  0.3195  0.3164  0.3229  0.3254
  0.3212  0.3583  0.3905  0.4197  0.4394  0.4438  0.4312  0.4236  0.4294  0.4364  0.4412  0.4431  0.4457  0.4474  0.4515  0.4454  0.4559  0.4049  0.4164  0.4198  0.4119  0.3877  0.3779  0.3559  0.3462  0.3168  0.3180  0.2960  0.3001  0.2927  0.2897  0.2855  0.2782  0.3065  0.3214  0.3246
  0.2994  0.3033  0.3085  0.3199  0.3798  0.3890  0.4084  0.4164  0.4293  0.4351  0.4394  0.4425  0.4443  0.4430  0.4403  0.4344  0.4232  0.4209  0.3840  0.3742  0.3577  0.3190  0.2879  0.2880  0.2889  0.2854  0.2931  0.2765  0.2817  0.2825  0.2755  0.2710  0.2673  0.2757  0.2761  0.2682
  0.2675  0.2805  0.2776  0.2945  0.3265  0.3507  0.4063  0.4251  0.4323  0.4346  0.4351  0.4351  0.4319  0.4283  0.4251  0.4198  0.4108  0.3965  0.3685  0.3498  0.3301  0.2938  0.2705  0.2829  0.2796  0.2678  0.2767  0.2612  0.2663  0.2662  0.2696  0.2604  0.2607  0.2792  0.2862  0.2762
  0.2709  0.2596  0.2787  0.3001  0.3149  0.3672  0.4160  0.4234  0.4198  0.4190  0.4167  0.4139  0.4114  0.4087  0.4054  0.4014  0.3915  0.3797  0.3275  0.3352  0.2866  0.2646  0.2497  0.2526  0.2489  0.2639  0.2619  0.2417  0.2514  0.2500  0.2492  0.2458  0.2708  0.2556  0.2599  0.2825
  0.2554  0.2403  0.2627  0.3162  0.3468  0.3619  0.3590  0.3598  0.3605  0.3668  0.3706  0.3743  0.3740  0.3735  0.3700  0.3646  0.3550  0.3298  0.2633  0.2847  0.2455  0.2326  0.2297  0.2165  0.2251  0.2303  0.2162  0.2216  0.2276  0.2315  0.2337  0.2444  0.2683  0.2956  0.2475  0.2426
  0.2270  0.2371  0.2614  0.2833  0.3136  0.3148  0.3063  0.3024  0.3038  0.3103  0.3179  0.3240  0.3239  0.3209  0.3139  0.3082  0.3034  0.2780  0.2255  0.2622  0.2338  0.2037  0.1948  0.1902  0.2017  0.1966  0.1961  0.2095  0.2139  0.2140  0.2317  0.2512  0.2483  0.2527  0.2707  0.2254
  0.2214  0.2491  0.2544  0.2752  0.2872  0.2795  0.2713  0.2675  0.2677  0.2719  0.2778  0.2810  0.2784  0.2711  0.2613  0.2573  0.2574  0.2299  0.2187  0.2310  0.2012  0.1866  0.1789  0.1785  0.1915  0.1899  0.1947  0.1998  0.2043  0.2053  0.2143  0.2157  0.2089  0.2188  0.2239  0.2173
  0.2275  0.2562  0.2507  0.2601  0.2567  0.2499  0.2459  0.2443  0.2436  0.2463  0.2461  0.2453  0.2409  0.2325  0.2248  0.2227  0.2237  0.2114  0.2205  0.2011  0.1910  0.1708  0.1706  0.1728  0.1846  0.1843  0.1914  0.1892  0.2117  0.1852  0.1983  0.2052  0.2116  0.2222  0.2005  0.2139
  0.2326  0.2540  0.2488  0.2422  0.2380  0.2341  0.2324  0.2310  0.2294  0.2307  0.2303  0.2301  0.2265  0.2207  0.2160  0.2153  0.2118  0.1817  0.2354  0.1968  0.1567  0.1667  0.1681  0.1712  0.1801  0.1886  0.1867  0.1963  0.2130  0.1954  0.2030  0.2096  0.2189  0.2210  0.2144  0.2155
  0.2350  0.2511  0.2377  0.2315  0.2289  0.2244  0.2219  0.2216  0.2204  0.2221  0.2241  0.2250  0.2239  0.2212  0.2178  0.2143  0.2076  0.1699  0.1376  0.2326  0.1563  0.1658  0.1679  0.1717  0.1769  0.1606  0.1778  0.1931  0.2067  0.1850  0.2067  0.2203  0.2123  0.2059  0.2210  0.2265
  0.2424  0.2458  0.2356  0.2339  0.2300  0.2234  0.2196  0.2198  0.2190  0.2193  0.2218  0.2244  0.2258  0.2265  0.2271  0.2286  0.2259  0.1911  0.1291  0.2083  0.1844  0.1673  0.1729  0.1776  0.1809  0.1791  0.1854  0.1887  0.2053  0.2035  0.1987  0.2249  0.2174  0.2126  0.2325  0.2355
  0.2508  0.2598  0.2380  0.2418  0.2364  0.2296  0.2252  0.2246  0.2238  0.2230  0.2258  0.2309  0.2358  0.2441  0.2520  0.2560  0.2433  0.2037  0.1357  0.1355  0.1746  0.1725  0.1826  0.1909  0.1878  0.2000  0.1959  0.1902  0.2048  0.2136  0.2064  0.2166  0.2219  0.2232  0.2298  0.2401
  0.2542  0.2676  0.2464  0.2492  0.2433  0.2399  0.2389  0.2409  0.2427  0.2429  0.2431  0.2447  0.2493  0.2567  0.2607  0.2573  0.2457  0.2200  0.1657  0.1279  0.1697  0.1789  0.1911  0.1928  0.1899  0.2007  0.2163  0.1885  0.1919  0.2037  0.2106  0.2133  0.2179  0.2175  0.2180  0.2427
  0.2546  0.2768  0.2533  0.2465  0.2416  0.2418  0.2458  0.2540  0.2624  0.2669  0.2662  0.2608  0.2556  0.2550  0.2541  0.2467  0.2487  0.2439  0.2067  0.1628  0.1961  0.1819  0.1937  0.1922  0.1891  0.1951  0.2215  0.1960  0.1754  0.1790  0.1980  0.2027  0.2047  0.2034  0.2063  0.2417
  0.2623  0.2636  0.2355  0.2327  0.2291  0.2295  0.2335  0.2432  0.2551  0.2656  0.2723  0.2714  0.2662  0.2607  0.2582  0.2525  0.2524  0.2539  0.2307  0.1959  0.2130  0.1844  0.1898  0.1873  0.1862  0.1914  0.2061  0.1962  0.1858  0.1644  0.1828  0.1893  0.1933  0.1938  0.1956  0.2132
  0.2267  0.2152  0.2052  0.1992  0.1888  0.1801  0.1748  0.1767  0.1822  0.1905  0.2029  0.2159  0.2294  0.2400  0.2502  0.2574  0.2622  0.2580  0.2349  0.2091  0.2310  0.1857  0.1874  0.1833  0.1848  0.1888  0.1921  0.1958  0.1944  0.1732  0.1689  0.1736  0.1769  0.1813  0.1836  0.1892
  0.1748  0.1758  0.1825  0.1742  0.1594  0.1471  0.1389  0.1359  0.1351  0.1352  0.1417  0.1548  0.1762  0.2001  0.2250  0.2476  0.2667  0.2723  0.2534  0.2306  0.2433  0.1863  0.1883  0.1865  0.1909  0.1934  0.1923  0.2019  0.2037  0.1778  0.1650  0.1661  0.1668  0.1693  0.1715  0.1696
  0.1669  0.1794  0.1906  0.1858  0.1718  0.1605  0.1538  0.1509  0.1496  0.1482  0.1522  0.1631  0.1826  0.2056  0.2290  0.2480  0.2645  0.2754  0.2672  0.2453  0.2584  0.1822  0.1916  0.1949  0.1996  0.2042  0.2037  0.2158  0.2184  0.1828  0.1726  0.1711  0.1703  0.1703  0.1701  0.1682
  0.1880  0.2060  0.2193  0.2198  0.2093  0.2000  0.1950  0.1942  0.1953  0.1961  0.1987  0.2062  0.2215  0.2406  0.2592  0.2686  0.2672  0.2676  0.2558  0.2913  0.2292  0.1802  0.1920  0.2039  0.2114  0.2208  0.2270  0.2372  0.2382  0.2148  0.1910  0.1907  0.1896  0.1890  0.1879  0.1865
  0.2251  0.2381  0.2457  0.2443  0.2343  0.2227  0.2125  0.2068  0.2048  0.2034  0.2056  0.2110  0.2252  0.2473  0.2697  0.2835  0.2860  0.2856  0.2913  0.2855  0.2926  0.1669  0.1848  0.2085  0.2226  0.2316  0.2443  0.2608  0.2660  0.2536  0.2173  0.2165  0.2144  0.2151  0.2161  0.2185
  0.2455  0.2538  0.2561  0.2508  0.2402  0.2251  0.2080  0.1948  0.1860  0.1796  0.1786  0.1848  0.2049  0.2341  0.2627  0.2840  0.2995  0.3132  0.3271  0.3134  0.3178  0.1675  0.1762  0.2018  0.2223  0.2315  0.2457  0.2707  0.2821  0.2833  0.2534  0.2395  0.2314  0.2326  0.2348  0.2380
  0.2531  0.2575  0.2567  0.2502  0.2411  0.2270  0.2076  0.1898  0.1763  0.1672  0.1653  0.1724  0.1909  0.2148  0.2391  0.2607  0.2798  0.3017  0.3204  0.3090  0.3001  0.1720  0.1795  0.1972  0.2149  0.2227  0.2339  0.2650  0.2823  0.2880  0.2829  0.2561  0.2486  0.2457  0.2462  0.2486
  0.2504  0.2509  0.2491  0.2436  0.2380  0.2298  0.2162  0.1999  0.1853  0.1747  0.1722  0.1769  0.1873  0.1999  0.2147  0.2309  0.2455  0.2612  0.2786  0.2788  0.2771  0.2620  0.1836  0.1928  0.2064  0.2109  0.2135  0.2464  0.2643  0.2740  0.2777  0.2528  0.2602  0.2564  0.2529  0.2519
  0.2473  0.2449  0.2428  0.2374  0.2331  0.2298  0.2234  0.2128  0.2006  0.1901  0.1849  0.1860  0.1903  0.1958  0.2033  0.2139  0.2271  0.2400  0.2520  0.2562  0.2464  0.2770  0.1826  0.1842  0.1945  0.1987  0.1968  0.2214  0.2410  0.2494  0.2547  0.2459  0.2491  0.2505  0.2495  0.2487
  0.2423  0.2393  0.2372  0.2316  0.2285  0.2278  0.2274  0.2230  0.2152  0.2058  0.1977  0.1958  0.1962  0.1970  0.1989  0.2039  0.2127  0.2245  0.2376  0.2437  0.2350  0.2610  0.1788  0.1760  0.1818  0.1898  0.1888  0.2008  0.2192  0.2273  0.2314  0.2384  0.2297  0.2356  0.2360  0.2359
  0.2337  0.2330  0.2308  0.2272  0.2261  0.2266  0.2283  0.2287  0.2266  0.2207  0.2124  0.2082  0.2055  0.2033  0.2009  0.2008  0.2043  0.2134  0.2266  0.2367  0.2307  0.2811  0.2168  0.1727  0.1755  0.1854  0.1877  0.1939  0.2007  0.2091  0.2133  0.2239  0.2308  0.2274  0.2189  0.2251
  0.2316  0.2330  0.2316  0.2290  0.2280  0.2300  0.2315  0.2329  0.2328  0.2304  0.2248  0.2204  0.2167  0.2134  0.2091  0.2063  0.2072  0.2139  0.2267  0.2380  0.2383  0.2472  0.2544  0.1729  0.1753  0.1840  0.1876  0.1922  0.1910  0.1997  0.2031  0.2138  0.2217  0.2219  0.2271  0.2270
  0.2373  0.2448  0.2567  0.2514  0.2478  0.2484  0.2488  0.2477  0.2463  0.2456  0.2432  0.2405  0.2374  0.2364  0.2346  0.2316  0.2310  0.2350  0.2456  0.2574  0.2607  0.2483  0.2264  0.1769  0.1789  0.1877  0.1881  0.1925  0.1892  0.1975  0.2015  0.2066  0.2165  0.2215  0.2277  0.2351
  0.2543  0.2680  0.2920  0.2896  0.2842  0.2818  0.2802  0.2749  0.2723  0.2698  0.2682  0.2667  0.2647  0.2662  0.2677  0.2684  0.2699  0.2737  0.2803  0.2886  0.2880  0.2671  0.2411  0.1939  0.1934  0.1929  0.2000  0.2059  0.2037  0.2090  0.2165  0.2138  0.2231  0.2319  0.2327  0.2403
  0.2739  0.2998  0.3330  0.3385  0.3376  0.3341  0.3307  0.3238  0.3206  0.3174  0.3146  0.3128  0.3127  0.3158  0.3181  0.3206  0.3223  0.3249  0.3257  0.3267  0.3235  0.2987  0.2861  0.2144  0.2317  0.2248  0.2249  0.2463  0.2330  0.2331  0.2351  0.2413  0.2367  0.2497  0.2489  0.2577
  0.2993  0.3367  0.3770  0.3902  0.3921  0.3905  0.3888  0.3851  0.3821  0.3805  0.3773  0.3751  0.3742  0.3738  0.3747  0.3752  0.3742  0.3730  0.3691  0.3635  0.3565  0.3351  0.3098  0.2509  0.2409  0.2568  0.2470  0.2554  0.2458  0.2569  0.2589  0.2672  0.2615  0.2560  0.2627  0.2868
  0.3171  0.3508  0.3935  0.4104  0.4139  0.4158  0.4187  0.4184  0.4170  0.4149  0.4123  0.4108  0.4100  0.4103  0.4100  0.4095  0.4092  0.4061  0.4001  0.3933  0.3837  0.3664  0.3309  0.2802  0.2678  0.2506  0.2547  0.2481  0.2519  0.2478  0.2750  0.2753  0.2845  0.2790  0.2841  0.3046
  0.3382  0.3655  0.3969  0.4169  0.4261  0.4321  0.4372  0.4400  0.4414  0.4408  0.4399  0.4388  0.4391  0.4407  0.4406  0.4405  0.4388  0.4349  0.4292  0.4229  0.4132  0.3973  0.3754  0.3406  0.3045  0.2708  0.2630  0.2650  0.2651  0.2909  0.2849  0.2826  0.2950  0.2956  0.3110  0.3273
  0.3779  0.4051  0.4322  0.4478  0.4574  0.4621  0.4671  0.4685  0.4698  0.4703  0.4699  0.4703  0.4698  0.4696  0.4689  0.4690  0.4670  0.4647  0.4594  0.4566  0.4492  0.4407  0.4257  0.4099  0.3733  0.3437  0.3320  0.3294  0.3171  0.3201  0.3204  0.3121  0.3207  0.3361  0.3427  0.3586
  0.4533  0.4592  0.4664  0.4704  0.4750  0.4755  0.4790  0.4804  0.4821  0.4838  0.4848  0.4861  0.4865  0.4877  0.4876  0.4881  0.4882  0.4883  0.4881  0.4876  0.4867  0.4851  0.4807  0.4772  0.4666  0.4603  0.4536  0.4601  0.4449  0.4494  0.4452  0.4405  0.4447  0.4479  0.4418  0.4459
