-START-OF-DATA-
0 0.000278
10 0.000278
20 0.000278
30 0.000278
40 0.000278
50 0.000278
60 0.000278
70 0.000278
80 0.000278
90 0.000278
100 0.000278
110 0.000278
120 0.000278
130 0.000278
140 0.000278
150 0.000278
160 0.000278
170 0.000278
180 0.000278
190 0.000278
200 0.000278
210 0.000278
220 0.000278
230 0.000278
240 0.000278
250 0.000278
260 0.000278
270 0.000278
280 0.000278
290 0.000278
300 0.000278
310 0.000278
320 0.000278
330 0.000278
340 0.000278
350 0.000278
360 0.000278
370 0.000278
380 0.000278
390 0.000278
400 0.000278
410 0.000278
420 0.000278
430 0.000278
440 0.000278
450 0.000278
460 0.000278
470 0.000278
480 0.000278
490 0.000278
500 0.000278
510 0.000278
520 0.000278
530 0.000278
540 0.000278
550 0.000278
560 0.000278
570 0.000278
580 0.000278
590 0.000278
600 0.000278
610 0.000278
620 0.000278
630 0.000278
640 0.000278
650 0.000278
660 0.000278
670 0.000278
680 0.000278
690 0.000278
700 0.000278
710 0.000278
720 0.000278
730 0.000278
740 0.000278
750 0.000278
760 0.000278
770 0.000278
780 0.000278
790 0.000278
800 0.000278
810 0.000278
820 0.000278
830 0.000278
840 0.000278
850 0.000278
860 0.000278
870 0.000278
880 0.000278
890 0.000278
900 0.000278
910 0.000278
920 0.000278
930 0.000278
940 0.000278
950 0.000278
960 0.000278
970 0.000278
980 0.000278
990 0.000278
1000 0.000278
1010 0.000278
1020 0.000278
1030 0.000278
1040 0.000278
1050 0.000278
1060 0.000278
1070 0.000278
1080 0.000278
1090 0.000278
1100 0.000278
1110 0.000278
1120 0.000278
1130 0.000278
1140 0.000278
1150 0.000278
1160 0.000278
1170 0.000278
1180 0.000278
1190 0.000278
1200 0.000278
1210 0.000278
1220 0.000278
1230 0.000278
1240 0.000278
1250 0.000278
1260 0.000278
1270 0.000278
1280 0.000278
1290 0.000278
1300 0.000278
1310 0.000278
1320 0.000278
1330 0.000278
1340 0.000278
1350 0.000278
1360 0.000278
1370 0.000278
1380 0.000278
1390 0.000278
1400 0.000278
1410 0.000278
1420 0.000278
1430 0.000278
1440 0.000278
1450 0.000278
1460 0.000278
1470 0.000278
1480 0.000278
1490 0.000278
1500 0.000278
1510 0.000278
1520 0.000278
1530 0.000278
1540 0.000278
1550 0.000278
1560 0.000278
1570 0.000278
1580 0.000278
1590 0.000278
1600 0.000278
1610 0.000278
1620 0.000278
1630 0.000278
1640 0.000278
1650 0.000278
1660 0.000278
1670 0.000278
1680 0.000278
1690 0.000278
1700 0.000278
1710 0.000278
1720 0.000278
1730 0.000278
1740 0.000278
1750 0.000278
1760 0.000278
1770 0.000278
1780 0.000278
1790 0.000278
1800 0.000278
1810 0.000278
1820 0.000278
1830 0.000278
1840 0.000278
1850 0.000278
1860 0.000278
1870 0.000278
1880 0.000278
1890 0.000278
1900 0.000278
1910 0.000278
1920 0.000278
1930 0.000278
1940 0.000278
1950 0.000278
1960 0.000278
1970 0.000278
1980 0.000278
1990 0.000278
2000 0.000278
2010 0.000278
2020 0.000278
2030 0.000278
2040 0.000278
2050 0.000278
2060 0.000278
2070 0.000278
2080 0.000278
2090 0.000278
2100 0.000278
2110 0.000278
2120 0.000278
2130 0.000278
2140 0.000278
2150 0.000278
2160 0.000278
2170 0.000278
2180 0.000278
2190 0.000278
2200 0.000278
2210 0.000278
2220 0.000278
2230 0.000278
2240 0.000278
2250 0.000278
2260 0.000278
2270 0.000278
2280 0.000278
2290 0.000278
2300 0.000278
2310 0.000278
2320 0.000278
2330 0.000278
2340 0.000278
2350 0.000278
2360 0.000278
2370 0.000278
2380 0.000278
2390 0.000278
2400 0.000278
2410 0.000278
2420 0.000278
2430 0.000278
2440 0.000278
2450 0.000278
2460 0.000278
2470 0.000278
2480 0.000278
2490 0.000278
2500 0.000278
2510 0.000278
2520 0.000278
2530 0.000278
2540 0.000278
2550 0.000278
2560 0.000278
2570 0.000278
2580 0.000278
2590 0.000278
2600 0.000278
2610 0.000278
2620 0.000278
2630 0.000278
2640 0.000278
2650 0.000278
2660 0.000278
2670 0.000278
2680 0.000278
2690 0.000278
2700 0.000278
2710 0.000278
2720 0.000278
2730 0.000278
2740 0.000278
2750 0.000278
2760 0.000278
2770 0.000278
2780 0.000278
2790 0.000278
2800 0.000278
2810 0.000278
2820 0.000278
2830 0.000278
2840 0.000278
2850 0.000278
2860 0.000278
2870 0.000278
2880 0.000278
2890 0.000278
2900 0.000278
2910 0.000278
2920 0.000278
2930 0.000278
2940 0.000278
2950 0.000278
2960 0.000278
2970 0.000278
2980 0.000278
2990 0.000278
3000 0.000278
3010 0.000278
3020 0.000278
3030 0.000278
3040 0.000278
3050 0.000278
3060 0.000278
3070 0.000278
3080 0.000278
3090 0.000278
3100 0.000278
3110 0.000278
3120 0.000278
3130 0.000278
3140 0.000278
3150 0.000278
3160 0.000278
3170 0.000278
3180 0.000278
3190 0.000278
3200 0.000278
3210 0.000278
3220 0.000278
3230 0.000278
3240 0.000278
3250 0.000278
3260 0.000278
3270 0.000278
3280 0.000278
3290 0.000278
3300 0.000278
3310 0.000278
3320 0.000278
3330 0.000278
3340 0.000278
3350 0.000278
3360 0.000278
3370 0.000278
3380 0.000278
3390 0.000278
3400 0.000278
3410 0.000278
3420 0.000278
3430 0.000278
3440 0.000278
3450 0.000278
3460 0.000278
3470 0.000278
3480 0.000278
3490 0.000278
3500 0.000278
3510 0.000278
3520 0.000278
3530 0.000278
3540 0.000278
3550 0.000278
3560 0.000278
3570 0.000278
3580 0.000278
3590 0.000278
3600 0.000278
3610 0.000278
3620 0.000278
3630 0.000278
3640 0.000278
3650 0.000278
3660 0.000278
3670 0.000278
3680 0.000278
3690 0.000278
3700 0.000278
3710 0.000278
3720 0.000278
3730 0.000278
3740 0.000278
3750 0.000278
3760 0.000278
3770 0.000278
3780 0.000278
3790 0.000278
3800 0.000278
3810 0.000278
3820 0.000278
3830 0.000278
3840 0.000278
3850 0.000278
3860 0.000278
3870 0.000278
3880 0.000278
3890 0.000278
3900 0.000278
3910 0.000278
3920 0.000278
3930 0.000278
3940 0.000278
3950 0.000278
3960 0.000278
3970 0.000278
3980 0.000278
3990 0.000278
4000 0.000278
4010 0.000278
4020 0.000278
4030 0.000278
4040 0.000278
4050 0.000278
4060 0.000278
4070 0.000278
4080 0.000278
4090 0.000278
4100 0.000278
4110 0.000278
4120 0.000278
4130 0.000278
4140 0.000278
4150 0.000278
4160 0.000278
4170 0.000278
4180 0.000278
4190 0.000278
4200 0.000278
4210 0.000278
4220 0.000278
4230 0.000278
4240 0.000278
4250 0.000278
4260 0.000278
4270 0.000278
4280 0.000278
4290 0.000278
4300 0.000278
4310 0.000278
4320 0.000278
4330 0.000278
4340 0.000278
4350 0.000278
4360 0.000278
4370 0.000278
4380 0.000278
4390 0.000278
4400 0.000278
4410 0.000278
4420 0.000278
4430 0.000278
4440 0.000278
4450 0.000278
4460 0.000278
4470 0.000278
4480 0.000278
4490 0.000278
4500 0.000278
4510 0.000278
4520 0.000278
4530 0.000278
4540 0.000278
4550 0.000278
4560 0.000278
4570 0.000278
4580 0.000278
4590 0.000278
4600 0.000278
4610 0.000278
4620 0.000278
4630 0.000278
4640 0.000278
4650 0.000278
4660 0.000278
4670 0.000278
4680 0.000278
4690 0.000278
4700 0.000278
4710 0.000278
4720 0.000278
4730 0.000278
4740 0.000278
4750 0.000278
4760 0.000278
4770 0.000278
4780 0.000278
4790 0.000278
4800 0.000278
4810 0.000278
4820 0.000278
4830 0.000278
4840 0.000278
4850 0.000278
4860 0.000278
4870 0.000278
4880 0.000278
4890 0.000278
4900 0.000278
4910 0.000278
4920 0.000278
4930 0.000278
4940 0.000278
4950 0.000278
4960 0.000278
4970 0.000278
4980 0.000278
4990 0.000278
5000 0.000278
5010 0.000278484405594406
5020 0.000278968811188811
5030 0.000279453216783217
5040 0.000279937622377622
5050 0.000280422027972028
5060 0.000280906433566434
5070 0.000281390839160839
5080 0.000281875244755245
5090 0.00028235965034965
5100 0.000282844055944056
5110 0.000283328461538462
5120 0.000283812867132867
5130 0.000284297272727273
5140 0.000284781678321678
5150 0.000285266083916084
5160 0.000285750489510489
5170 0.000286234895104895
5180 0.000286719300699301
5190 0.000287203706293706
5200 0.000287688111888112
5210 0.000288172517482517
5220 0.000288656923076923
5230 0.000289141328671329
5240 0.000289625734265734
5250 0.00029011013986014
5260 0.000290594545454545
5270 0.000291078951048951
5280 0.000291563356643357
5290 0.000292047762237762
5300 0.000292532167832168
5310 0.000293016573426573
5320 0.000293500979020979
5330 0.000293985384615385
5340 0.00029446979020979
5350 0.000294954195804196
5360 0.000295438601398601
5370 0.000295923006993007
5380 0.000296407412587413
5390 0.000296891818181818
5400 0.000297376223776224
5410 0.000297860629370629
5420 0.000298345034965035
5430 0.000298829440559441
5440 0.000299313846153846
5450 0.000299798251748252
5460 0.000300282657342657
5470 0.000300767062937063
5480 0.000301251468531468
5490 0.000301735874125874
5500 0.00030222027972028
5510 0.000302704685314685
5520 0.000303189090909091
5530 0.000303673496503496
5540 0.000304157902097902
5550 0.000304642307692308
5560 0.000305126713286713
5570 0.000305611118881119
5580 0.000306095524475524
5590 0.00030657993006993
5600 0.000307064335664336
5610 0.000307548741258741
5620 0.000308033146853147
5630 0.000308517552447552
5640 0.000309001958041958
5650 0.000309486363636364
5660 0.000309970769230769
5670 0.000310455174825175
5680 0.00031093958041958
5690 0.000311423986013986
5700 0.000311908391608392
5710 0.000312392797202797
5720 0.000312877202797203
5730 0.000313361608391608
5740 0.000313846013986014
5750 0.00031433041958042
5760 0.000314814825174825
5770 0.000315299230769231
5780 0.000315783636363636
5790 0.000316268041958042
5800 0.000316752447552448
5810 0.000317236853146853
5820 0.000317721258741259
5830 0.000318205664335664
5840 0.00031869006993007
5850 0.000319174475524476
5860 0.000319658881118881
5870 0.000320143286713287
5880 0.000320627692307692
5890 0.000321112097902098
5900 0.000321596503496503
5910 0.000322080909090909
5920 0.000322565314685315
5930 0.00032304972027972
5940 0.000323534125874126
5950 0.000324018531468531
5960 0.000324502937062937
5970 0.000324987342657343
5980 0.000325471748251748
5990 0.000325956153846154
6000 0.000326440559440559
6010 0.000326924965034965
6020 0.000327409370629371
6030 0.000327893776223776
6040 0.000328378181818182
6050 0.000328862587412587
6060 0.000329346993006993
6070 0.000329831398601399
6080 0.000330315804195804
6090 0.00033080020979021
6100 0.000331284615384615
6110 0.000331769020979021
6120 0.000332253426573427
6130 0.000332737832167832
6140 0.000333222237762238
6150 0.000333706643356643
6160 0.000334191048951049
6170 0.000334675454545455
6180 0.00033515986013986
6190 0.000335644265734266
6200 0.000336128671328671
6210 0.000336613076923077
6220 0.000337097482517483
6230 0.000337581888111888
6240 0.000338066293706294
6250 0.000338550699300699
6260 0.000339035104895105
6270 0.00033951951048951
6280 0.000340003916083916
6290 0.000340488321678322
6300 0.000340972727272727
6310 0.000341457132867133
6320 0.000341941538461538
6330 0.000342425944055944
6340 0.00034291034965035
6350 0.000343394755244755
6360 0.000343879160839161
6370 0.000344363566433566
6380 0.000344847972027972
6390 0.000345332377622378
6400 0.000345816783216783
6410 0.000346301188811189
6420 0.000346785594405594
6430 0.00034727
6440 0.000347754405594406
6450 0.000348238811188811
6460 0.000348723216783217
6470 0.000349207622377622
6480 0.000349692027972028
6490 0.000350176433566434
6500 0.000350660839160839
6510 0.000351145244755245
6520 0.00035162965034965
6530 0.000352114055944056
6540 0.000352598461538462
6550 0.000353082867132867
6560 0.000353567272727273
6570 0.000354051678321678
6580 0.000354536083916084
6590 0.00035502048951049
6600 0.000355504895104895
6610 0.000355989300699301
6620 0.000356473706293706
6630 0.000356958111888112
6640 0.000357442517482517
6650 0.000357926923076923
6660 0.000358411328671329
6670 0.000358895734265734
6680 0.00035938013986014
6690 0.000359864545454545
6700 0.000360348951048951
6710 0.000360833356643357
6720 0.000361317762237762
6730 0.000361802167832168
6740 0.000362286573426573
6750 0.000362770979020979
6760 0.000363255384615385
6770 0.00036373979020979
6780 0.000364224195804196
6790 0.000364708601398601
6800 0.000365193006993007
6810 0.000365677412587413
6820 0.000366161818181818
6830 0.000366646223776224
6840 0.000367130629370629
6850 0.000367615034965035
6860 0.000368099440559441
6870 0.000368583846153846
6880 0.000369068251748252
6890 0.000369552657342657
6900 0.000370037062937063
6910 0.000370521468531469
6920 0.000371005874125874
6930 0.00037149027972028
6940 0.000371974685314685
6950 0.000372459090909091
6960 0.000372943496503497
6970 0.000373427902097902
6980 0.000373912307692308
6990 0.000374396713286713
7000 0.000374881118881119
7010 0.000375365524475524
7020 0.00037584993006993
7030 0.000376334335664336
7040 0.000376818741258741
7050 0.000377303146853147
7060 0.000377787552447552
7070 0.000378271958041958
7080 0.000378756363636364
7090 0.000379240769230769
7100 0.000379725174825175
7110 0.00038020958041958
7120 0.000380693986013986
7130 0.000381178391608392
7140 0.000381662797202797
7150 0.000382147202797203
7160 0.000382631608391608
7170 0.000383116013986014
7180 0.00038360041958042
7190 0.000384084825174825
7200 0.000384569230769231
7210 0.000385053636363636
7220 0.000385538041958042
7230 0.000386022447552448
7240 0.000386506853146853
7250 0.000386991258741259
7260 0.000387475664335664
7270 0.00038796006993007
7280 0.000388444475524476
7290 0.000388928881118881
7300 0.000389413286713287
7310 0.000389897692307692
7320 0.000390382097902098
7330 0.000390866503496504
7340 0.000391350909090909
7350 0.000391835314685315
7360 0.00039231972027972
7370 0.000392804125874126
7380 0.000393288531468531
7390 0.000393772937062937
7400 0.000394257342657343
7410 0.000394741748251748
7420 0.000395226153846154
7430 0.000395710559440559
7440 0.000396194965034965
7450 0.000396679370629371
7460 0.000397163776223776
7470 0.000397648181818182
7480 0.000398132587412587
7490 0.000398616993006993
7500 0.000399101398601399
7510 0.000399585804195804
7520 0.00040007020979021
7530 0.000400554615384615
7540 0.000401039020979021
7550 0.000401523426573427
7560 0.000402007832167832
7570 0.000402492237762238
7580 0.000402976643356643
7590 0.000403461048951049
7600 0.000403945454545455
7610 0.00040442986013986
7620 0.000404914265734266
7630 0.000405398671328671
7640 0.000405883076923077
7650 0.000406367482517482
7660 0.000406851888111888
7670 0.000407336293706294
7680 0.000407820699300699
7690 0.000408305104895105
7700 0.00040878951048951
7710 0.000409273916083916
7720 0.000409758321678322
7730 0.000410242727272727
7740 0.000410727132867133
7750 0.000411211538461538
7760 0.000411695944055944
7770 0.00041218034965035
7780 0.000412664755244755
7790 0.000413149160839161
7800 0.000413633566433566
7810 0.000414117972027972
7820 0.000414602377622378
7830 0.000415086783216783
7840 0.000415571188811189
7850 0.000416055594405594
7860 0.00041654
7870 0.000417024405594406
7880 0.000417508811188811
7890 0.000417993216783217
7900 0.000418477622377622
7910 0.000418962027972028
7920 0.000419446433566434
7930 0.000419930839160839
7940 0.000420415244755245
7950 0.00042089965034965
7960 0.000421384055944056
7970 0.000421868461538462
7980 0.000422352867132867
7990 0.000422837272727273
8000 0.000423321678321678
8010 0.000423806083916084
8020 0.00042429048951049
8030 0.000424774895104895
8040 0.000425259300699301
8050 0.000425743706293706
8060 0.000426228111888112
8070 0.000426712517482517
8080 0.000427196923076923
8090 0.000427681328671329
8100 0.000428165734265734
8110 0.00042865013986014
8120 0.000429134545454545
8130 0.000429618951048951
8140 0.000430103356643357
8150 0.000430587762237762
8160 0.000431072167832168
8170 0.000431556573426573
8180 0.000432040979020979
8190 0.000432525384615385
8200 0.00043300979020979
8210 0.000433494195804196
8220 0.000433978601398601
8230 0.000434463006993007
8240 0.000434947412587413
8250 0.000435431818181818
8260 0.000435916223776224
8270 0.000436400629370629
8280 0.000436885034965035
8290 0.000437369440559441
8300 0.000437853846153846
8310 0.000438338251748252
8320 0.000438822657342657
8330 0.000439307062937063
8340 0.000439791468531469
8350 0.000440275874125874
8360 0.00044076027972028
8370 0.000441244685314685
8380 0.000441729090909091
8390 0.000442213496503497
8400 0.000442697902097902
8410 0.000443182307692308
8420 0.000443666713286713
8430 0.000444151118881119
8440 0.000444635524475525
8450 0.00044511993006993
8460 0.000445604335664336
8470 0.000446088741258741
8480 0.000446573146853147
8490 0.000447057552447552
8500 0.000447541958041958
8510 0.000448026363636364
8520 0.000448510769230769
8530 0.000448995174825175
8540 0.00044947958041958
8550 0.000449963986013986
8560 0.000450448391608392
8570 0.000450932797202797
8580 0.000451417202797203
8590 0.000451901608391608
8600 0.000452386013986014
8610 0.00045287041958042
8620 0.000453354825174825
8630 0.000453839230769231
8640 0.000454323636363636
8650 0.000454808041958042
8660 0.000455292447552448
8670 0.000455776853146853
8680 0.000456261258741259
8690 0.000456745664335664
8700 0.00045723006993007
8710 0.000457714475524475
8720 0.000458198881118881
8730 0.000458683286713287
8740 0.000459167692307692
8750 0.000459652097902098
8760 0.000460136503496503
8770 0.000460620909090909
8780 0.000461105314685315
8790 0.00046158972027972
8800 0.000462074125874126
8810 0.000462558531468531
8820 0.000463042937062937
8830 0.000463527342657343
8840 0.000464011748251748
8850 0.000464496153846154
8860 0.000464980559440559
8870 0.000465464965034965
8880 0.000465949370629371
8890 0.000466433776223776
8900 0.000466918181818182
8910 0.000467402587412587
8920 0.000467886993006993
8930 0.000468371398601399
8940 0.000468855804195804
8950 0.00046934020979021
8960 0.000469824615384615
8970 0.000470309020979021
8980 0.000470793426573427
8990 0.000471277832167832
9000 0.000471762237762238
9010 0.000472246643356643
9020 0.000472731048951049
9030 0.000473215454545455
9040 0.00047369986013986
9050 0.000474184265734266
9060 0.000474668671328671
9070 0.000475153076923077
9080 0.000475637482517483
9090 0.000476121888111888
9100 0.000476606293706294
9110 0.000477090699300699
9120 0.000477575104895105
9130 0.00047805951048951
9140 0.000478543916083916
9150 0.000479028321678322
9160 0.000479512727272727
9170 0.000479997132867133
9180 0.000480481538461538
9190 0.000480965944055944
9200 0.00048145034965035
9210 0.000481934755244755
9220 0.000482419160839161
9230 0.000482903566433566
9240 0.000483387972027972
9250 0.000483872377622378
9260 0.000484356783216783
9270 0.000484841188811189
9280 0.000485325594405594
9290 0.00048581
9300 0.000486294405594406
9310 0.000486778811188811
9320 0.000487263216783217
9330 0.000487747622377622
9340 0.000488232027972028
9350 0.000488716433566434
9360 0.000489200839160839
9370 0.000489685244755245
9380 0.00049016965034965
9390 0.000490654055944056
9400 0.000491138461538462
9410 0.000491622867132867
9420 0.000492107272727273
9430 0.000492591678321678
9440 0.000493076083916084
9450 0.00049356048951049
9460 0.000494044895104895
9470 0.000494529300699301
9480 0.000495013706293706
9490 0.000495498111888112
9500 0.000495982517482517
9510 0.000496466923076923
9520 0.000496951328671329
9530 0.000497435734265734
9540 0.00049792013986014
9550 0.000498404545454545
9560 0.000498888951048951
9570 0.000499373356643357
9580 0.000499857762237762
9590 0.000500342167832168
9600 0.000500826573426573
9610 0.000501310979020979
9620 0.000501795384615385
9630 0.00050227979020979
9640 0.000502764195804196
9650 0.000503248601398601
9660 0.000503733006993007
9670 0.000504217412587413
9680 0.000504701818181818
9690 0.000505186223776224
9700 0.000505670629370629
9710 0.000506155034965035
9720 0.000506639440559441
9730 0.000507123846153846
9740 0.000507608251748252
9750 0.000508092657342657
9760 0.000508577062937063
9770 0.000509061468531469
9780 0.000509545874125874
9790 0.00051003027972028
9800 0.000510514685314685
9810 0.000510999090909091
9820 0.000511483496503496
9830 0.000511967902097902
9840 0.000512452307692308
9850 0.000512936713286713
9860 0.000513421118881119
9870 0.000513905524475524
9880 0.00051438993006993
9890 0.000514874335664336
9900 0.000515358741258741
9910 0.000515843146853147
9920 0.000516327552447552
9930 0.000516811958041958
9940 0.000517296363636364
9950 0.000517780769230769
9960 0.000518265174825175
9970 0.00051874958041958
9980 0.000519233986013986
9990 0.000519718391608392
10000 0.000520202797202797
10010 0.000520687202797203
10020 0.000521171608391608
10030 0.000521656013986014
10040 0.00052214041958042
10050 0.000522624825174825
10060 0.000523109230769231
10070 0.000523593636363636
10080 0.000524078041958042
10090 0.000524562447552447
10100 0.000525046853146853
10110 0.000525531258741259
10120 0.000526015664335664
10130 0.00052650006993007
10140 0.000526984475524476
10150 0.000527468881118881
10160 0.000527953286713287
10170 0.000528437692307692
10180 0.000528922097902098
10190 0.000529406503496503
10200 0.000529890909090909
10210 0.000530375314685315
10220 0.00053085972027972
10230 0.000531344125874126
10240 0.000531828531468532
10250 0.000532312937062937
10260 0.000532797342657343
10270 0.000533281748251748
10280 0.000533766153846154
10290 0.000534250559440559
10300 0.000534734965034965
10310 0.000535219370629371
10320 0.000535703776223776
10330 0.000536188181818182
10340 0.000536672587412587
10350 0.000537156993006993
10360 0.000537641398601399
10370 0.000538125804195804
10380 0.00053861020979021
10390 0.000539094615384615
10400 0.000539579020979021
10410 0.000540063426573427
10420 0.000540547832167832
10430 0.000541032237762238
10440 0.000541516643356643
10450 0.000542001048951049
10460 0.000542485454545455
10470 0.00054296986013986
10480 0.000543454265734266
10490 0.000543938671328671
10500 0.000544423076923077
10510 0.000544907482517483
10520 0.000545391888111888
10530 0.000545876293706294
10540 0.000546360699300699
10550 0.000546845104895105
10560 0.00054732951048951
10570 0.000547813916083916
10580 0.000548298321678322
10590 0.000548782727272727
10600 0.000549267132867133
10610 0.000549751538461538
10620 0.000550235944055944
10630 0.00055072034965035
10640 0.000551204755244755
10650 0.000551689160839161
10660 0.000552173566433566
10670 0.000552657972027972
10680 0.000553142377622378
10690 0.000553626783216783
10700 0.000554111188811189
10710 0.000554595594405594
10720 0.00055508
10730 0.000555564405594406
10740 0.000556048811188811
10750 0.000556533216783217
10760 0.000557017622377622
10770 0.000557502027972028
10780 0.000557986433566434
10790 0.000558470839160839
10800 0.000558955244755245
10810 0.00055943965034965
10820 0.000559924055944056
10830 0.000560408461538462
10840 0.000560892867132867
10850 0.000561377272727273
10860 0.000561861678321678
10870 0.000562346083916084
10880 0.00056283048951049
10890 0.000563314895104895
10900 0.000563799300699301
10910 0.000564283706293706
10920 0.000564768111888112
10930 0.000565252517482517
10940 0.000565736923076923
10950 0.000566221328671329
10960 0.000566705734265734
10970 0.00056719013986014
10980 0.000567674545454545
10990 0.000568158951048951
11000 0.000568643356643357
11010 0.000569127762237762
11020 0.000569612167832168
11030 0.000570096573426573
11040 0.000570580979020979
11050 0.000571065384615385
11060 0.00057154979020979
11070 0.000572034195804196
11080 0.000572518601398601
11090 0.000573003006993007
11100 0.000573487412587413
11110 0.000573971818181818
11120 0.000574456223776224
11130 0.000574940629370629
11140 0.000575425034965035
11150 0.000575909440559441
11160 0.000576393846153846
11170 0.000576878251748252
11180 0.000577362657342657
11190 0.000577847062937063
11200 0.000578331468531468
11210 0.000578815874125874
11220 0.00057930027972028
11230 0.000579784685314685
11240 0.000580269090909091
11250 0.000580753496503496
11260 0.000581237902097902
11270 0.000581722307692308
11280 0.000582206713286713
11290 0.000582691118881119
11300 0.000583175524475524
11310 0.00058365993006993
11320 0.000584144335664336
11330 0.000584628741258741
11340 0.000585113146853147
11350 0.000585597552447552
11360 0.000586081958041958
11370 0.000586566363636364
11380 0.000587050769230769
11390 0.000587535174825175
11400 0.00058801958041958
11410 0.000588503986013986
11420 0.000588988391608392
11430 0.000589472797202797
11440 0.000589957202797203
11450 0.000590441608391608
11460 0.000590926013986014
11470 0.00059141041958042
11480 0.000591894825174825
11490 0.000592379230769231
11500 0.000592863636363636
11510 0.000593348041958042
11520 0.000593832447552448
11530 0.000594316853146853
11540 0.000594801258741259
11550 0.000595285664335664
11560 0.00059577006993007
11570 0.000596254475524476
11580 0.000596738881118881
11590 0.000597223286713287
11600 0.000597707692307692
11610 0.000598192097902098
11620 0.000598676503496504
11630 0.000599160909090909
11640 0.000599645314685315
11650 0.00060012972027972
11660 0.000600614125874126
11670 0.000601098531468532
11680 0.000601582937062937
11690 0.000602067342657343
11700 0.000602551748251748
11710 0.000603036153846154
11720 0.000603520559440559
11730 0.000604004965034965
11740 0.000604489370629371
11750 0.000604973776223776
11760 0.000605458181818182
11770 0.000605942587412587
11780 0.000606426993006993
11790 0.000606911398601399
11800 0.000607395804195804
11810 0.00060788020979021
11820 0.000608364615384615
11830 0.000608849020979021
11840 0.000609333426573427
11850 0.000609817832167832
11860 0.000610302237762238
11870 0.000610786643356643
11880 0.000611271048951049
11890 0.000611755454545455
11900 0.00061223986013986
11910 0.000612724265734266
11920 0.000613208671328671
11930 0.000613693076923077
11940 0.000614177482517482
11950 0.000614661888111888
11960 0.000615146293706294
11970 0.000615630699300699
11980 0.000616115104895105
11990 0.00061659951048951
12000 0.000617083916083916
12010 0.000617568321678322
12020 0.000618052727272727
12030 0.000618537132867133
12040 0.000619021538461538
12050 0.000619505944055944
12060 0.00061999034965035
12070 0.000620474755244755
12080 0.000620959160839161
12090 0.000621443566433566
12100 0.000621927972027972
12110 0.000622412377622378
12120 0.000622896783216783
12130 0.000623381188811189
12140 0.000623865594405594
12150 0.00062435
12160 0.000624834405594406
12170 0.000625318811188811
12180 0.000625803216783217
12190 0.000626287622377622
12200 0.000626772027972028
12210 0.000627256433566434
12220 0.000627740839160839
12230 0.000628225244755245
12240 0.00062870965034965
12250 0.000629194055944056
12260 0.000629678461538462
12270 0.000630162867132867
12280 0.000630647272727273
12290 0.000631131678321678
12300 0.000631616083916084
12310 0.00063210048951049
12320 0.000632584895104895
12330 0.000633069300699301
12340 0.000633553706293706
12350 0.000634038111888112
12360 0.000634522517482518
12370 0.000635006923076923
12380 0.000635491328671329
12390 0.000635975734265734
12400 0.00063646013986014
12410 0.000636944545454545
12420 0.000637428951048951
12430 0.000637913356643357
12440 0.000638397762237762
12450 0.000638882167832168
12460 0.000639366573426573
12470 0.000639850979020979
12480 0.000640335384615385
12490 0.00064081979020979
12500 0.000641304195804196
12510 0.000641788601398601
12520 0.000642273006993007
12530 0.000642757412587413
12540 0.000643241818181818
12550 0.000643726223776224
12560 0.000644210629370629
12570 0.000644695034965035
12580 0.00064517944055944
12590 0.000645663846153846
12600 0.000646148251748252
12610 0.000646632657342657
12620 0.000647117062937063
12630 0.000647601468531468
12640 0.000648085874125874
12650 0.00064857027972028
12660 0.000649054685314685
12670 0.000649539090909091
12680 0.000650023496503497
12690 0.000650507902097902
12700 0.000650992307692308
12710 0.000651476713286713
12720 0.000651961118881119
12730 0.000652445524475525
12740 0.00065292993006993
12750 0.000653414335664336
12760 0.000653898741258741
12770 0.000654383146853147
12780 0.000654867552447552
12790 0.000655351958041958
12800 0.000655836363636364
12810 0.000656320769230769
12820 0.000656805174825175
12830 0.00065728958041958
12840 0.000657773986013986
12850 0.000658258391608392
12860 0.000658742797202797
12870 0.000659227202797203
12880 0.000659711608391608
12890 0.000660196013986014
12900 0.00066068041958042
12910 0.000661164825174825
12920 0.000661649230769231
12930 0.000662133636363636
12940 0.000662618041958042
12950 0.000663102447552448
12960 0.000663586853146853
12970 0.000664071258741259
12980 0.000664555664335664
12990 0.00066504006993007
13000 0.000665524475524476
13010 0.000666008881118881
13020 0.000666493286713287
13030 0.000666977692307692
13040 0.000667462097902098
13050 0.000667946503496503
13060 0.000668430909090909
13070 0.000668915314685315
13080 0.00066939972027972
13090 0.000669884125874126
13100 0.000670368531468531
13110 0.000670852937062937
13120 0.000671337342657343
13130 0.000671821748251748
13140 0.000672306153846154
13150 0.000672790559440559
13160 0.000673274965034965
13170 0.000673759370629371
13180 0.000674243776223776
13190 0.000674728181818182
13200 0.000675212587412587
13210 0.000675696993006993
13220 0.000676181398601399
13230 0.000676665804195804
13240 0.00067715020979021
13250 0.000677634615384615
13260 0.000678119020979021
13270 0.000678603426573427
13280 0.000679087832167832
13290 0.000679572237762238
13300 0.000680056643356643
13310 0.000680541048951049
13320 0.000681025454545455
13330 0.00068150986013986
13340 0.000681994265734266
13350 0.000682478671328671
13360 0.000682963076923077
13370 0.000683447482517483
13380 0.000683931888111888
13390 0.000684416293706294
13400 0.000684900699300699
13410 0.000685385104895105
13420 0.00068586951048951
13430 0.000686353916083916
13440 0.000686838321678322
13450 0.000687322727272727
13460 0.000687807132867133
13470 0.000688291538461539
13480 0.000688775944055944
13490 0.00068926034965035
13500 0.000689744755244755
13510 0.000690229160839161
13520 0.000690713566433566
13530 0.000691197972027972
13540 0.000691682377622378
13550 0.000692166783216783
13560 0.000692651188811189
13570 0.000693135594405594
13580 0.00069362
13590 0.000694104405594406
13600 0.000694588811188811
13610 0.000695073216783217
13620 0.000695557622377622
13630 0.000696042027972028
13640 0.000696526433566434
13650 0.000697010839160839
13660 0.000697495244755245
13670 0.00069797965034965
13680 0.000698464055944056
13690 0.000698948461538462
13700 0.000699432867132867
13710 0.000699917272727273
13720 0.000700401678321678
13730 0.000700886083916084
13740 0.000701370489510489
13750 0.000701854895104895
13760 0.000702339300699301
13770 0.000702823706293706
13780 0.000703308111888112
13790 0.000703792517482518
13800 0.000704276923076923
13810 0.000704761328671329
13820 0.000705245734265734
13830 0.00070573013986014
13840 0.000706214545454545
13850 0.000706698951048951
13860 0.000707183356643357
13870 0.000707667762237762
13880 0.000708152167832168
13890 0.000708636573426573
13900 0.000709120979020979
13910 0.000709605384615385
13920 0.00071008979020979
13930 0.000710574195804196
13940 0.000711058601398601
13950 0.000711543006993007
13960 0.000712027412587413
13970 0.000712511818181818
13980 0.000712996223776224
13990 0.00071348062937063
14000 0.000713965034965035
14010 0.00071444944055944
14020 0.000714933846153846
14030 0.000715418251748252
14040 0.000715902657342657
14050 0.000716387062937063
14060 0.000716871468531469
14070 0.000717355874125874
14080 0.00071784027972028
14090 0.000718324685314685
14100 0.000718809090909091
14110 0.000719293496503496
14120 0.000719777902097902
14130 0.000720262307692308
14140 0.000720746713286713
14150 0.000721231118881119
14160 0.000721715524475524
14170 0.00072219993006993
14180 0.000722684335664336
14190 0.000723168741258741
14200 0.000723653146853147
14210 0.000724137552447552
14220 0.000724621958041958
14230 0.000725106363636364
14240 0.000725590769230769
14250 0.000726075174825175
14260 0.00072655958041958
14270 0.000727043986013986
14280 0.000727528391608392
14290 0.000728012797202797
14300 0.000728497202797203
14310 0.000728981608391608
14320 0.000729466013986014
14330 0.00072995041958042
14340 0.000730434825174825
14350 0.000730919230769231
14360 0.000731403636363636
14370 0.000731888041958042
14380 0.000732372447552448
14390 0.000732856853146853
14400 0.000733341258741259
14410 0.000733825664335664
14420 0.00073431006993007
14430 0.000734794475524475
14440 0.000735278881118881
14450 0.000735763286713287
14460 0.000736247692307692
14470 0.000736732097902098
14480 0.000737216503496504
14490 0.000737700909090909
14500 0.000738185314685315
14510 0.00073866972027972
14520 0.000739154125874126
14530 0.000739638531468531
14540 0.000740122937062937
14550 0.000740607342657343
14560 0.000741091748251748
14570 0.000741576153846154
14580 0.00074206055944056
14590 0.000742544965034965
14600 0.000743029370629371
14610 0.000743513776223776
14620 0.000743998181818182
14630 0.000744482587412587
14640 0.000744966993006993
14650 0.000745451398601399
14660 0.000745935804195804
14670 0.00074642020979021
14680 0.000746904615384615
14690 0.000747389020979021
14700 0.000747873426573427
14710 0.000748357832167832
14720 0.000748842237762238
14730 0.000749326643356643
14740 0.000749811048951049
14750 0.000750295454545455
14760 0.00075077986013986
14770 0.000751264265734266
14780 0.000751748671328671
14790 0.000752233076923077
14800 0.000752717482517483
14810 0.000753201888111888
14820 0.000753686293706294
14830 0.000754170699300699
14840 0.000754655104895105
14850 0.00075513951048951
14860 0.000755623916083916
14870 0.000756108321678322
14880 0.000756592727272727
14890 0.000757077132867133
14900 0.000757561538461539
14910 0.000758045944055944
14920 0.00075853034965035
14930 0.000759014755244755
14940 0.000759499160839161
14950 0.000759983566433566
14960 0.000760467972027972
14970 0.000760952377622378
14980 0.000761436783216783
14990 0.000761921188811189
15000 0.000762405594405594
15010 0.00076289
15020 0.00076289
15030 0.00076289
15040 0.00076289
15050 0.00076289
15060 0.00076289
15070 0.00076289
15080 0.00076289
15090 0.00076289
15100 0.00076289
15110 0.00076289
15120 0.00076289
15130 0.00076289
15140 0.00076289
15150 0.00076289
15160 0.00076289
15170 0.00076289
15180 0.00076289
15190 0.00076289
15200 0.00076289
15210 0.00076289
15220 0.00076289
15230 0.00076289
15240 0.00076289
15250 0.00076289
15260 0.00076289
15270 0.00076289
15280 0.00076289
15290 0.00076289
15300 0.00076289
15310 0.00076289
15320 0.00076289
15330 0.00076289
15340 0.00076289
15350 0.00076289
15360 0.00076289
15370 0.00076289
15380 0.00076289
15390 0.00076289
15400 0.00076289
15410 0.00076289
15420 0.00076289
15430 0.00076289
15440 0.00076289
15450 0.00076289
15460 0.00076289
15470 0.00076289
15480 0.00076289
15490 0.00076289
15500 0.00076289
15510 0.00076289
15520 0.00076289
15530 0.00076289
15540 0.00076289
15550 0.00076289
15560 0.00076289
15570 0.00076289
15580 0.00076289
15590 0.00076289
15600 0.00076289
15610 0.00076289
15620 0.00076289
15630 0.00076289
15640 0.00076289
15650 0.00076289
15660 0.00076289
15670 0.00076289
15680 0.00076289
15690 0.00076289
15700 0.00076289
15710 0.00076289
15720 0.00076289
15730 0.00076289
15740 0.00076289
15750 0.00076289
15760 0.00076289
15770 0.00076289
15780 0.00076289
15790 0.00076289
15800 0.00076289
15810 0.00076289
15820 0.00076289
15830 0.00076289
15840 0.00076289
15850 0.00076289
15860 0.00076289
15870 0.00076289
15880 0.00076289
15890 0.00076289
15900 0.00076289
15910 0.00076289
15920 0.00076289
15930 0.00076289
15940 0.00076289
15950 0.00076289
15960 0.00076289
15970 0.00076289
15980 0.00076289
15990 0.00076289
16000 0.00076289
16010 0.00076289
16020 0.00076289
16030 0.00076289
16040 0.00076289
16050 0.00076289
16060 0.00076289
16070 0.00076289
16080 0.00076289
16090 0.00076289
16100 0.00076289
16110 0.00076289
16120 0.00076289
16130 0.00076289
16140 0.00076289
16150 0.00076289
16160 0.00076289
16170 0.00076289
16180 0.00076289
16190 0.00076289
16200 0.00076289
16210 0.00076289
16220 0.00076289
16230 0.00076289
16240 0.00076289
16250 0.00076289
16260 0.00076289
16270 0.00076289
16280 0.00076289
16290 0.00076289
16300 0.00076289
16310 0.00076289
16320 0.00076289
16330 0.00076289
16340 0.00076289
16350 0.00076289
16360 0.00076289
16370 0.00076289
16380 0.00076289
16390 0.00076289
16400 0.00076289
16410 0.00076289
16420 0.00076289
16430 0.00076289
16440 0.00076289
16450 0.00076289
16460 0.00076289
16470 0.00076289
16480 0.00076289
16490 0.00076289
16500 0.00076289
16510 0.00076289
16520 0.00076289
16530 0.00076289
16540 0.00076289
16550 0.00076289
16560 0.00076289
16570 0.00076289
16580 0.00076289
16590 0.00076289
16600 0.00076289
16610 0.00076289
16620 0.00076289
16630 0.00076289
16640 0.00076289
16650 0.00076289
16660 0.00076289
16670 0.00076289
16680 0.00076289
16690 0.00076289
16700 0.00076289
16710 0.00076289
16720 0.00076289
16730 0.00076289
16740 0.00076289
16750 0.00076289
16760 0.00076289
16770 0.00076289
16780 0.00076289
16790 0.00076289
16800 0.00076289
16810 0.00076289
16820 0.00076289
16830 0.00076289
16840 0.00076289
16850 0.00076289
16860 0.00076289
16870 0.00076289
16880 0.00076289
16890 0.00076289
16900 0.00076289
16910 0.00076289
16920 0.00076289
16930 0.00076289
16940 0.00076289
16950 0.00076289
16960 0.00076289
16970 0.00076289
16980 0.00076289
16990 0.00076289
17000 0.00076289
17010 0.00076289
17020 0.00076289
17030 0.00076289
17040 0.00076289
17050 0.00076289
17060 0.00076289
17070 0.00076289
17080 0.00076289
17090 0.00076289
17100 0.00076289
17110 0.00076289
17120 0.00076289
17130 0.00076289
17140 0.00076289
17150 0.00076289
17160 0.00076289
17170 0.00076289
17180 0.00076289
17190 0.00076289
17200 0.00076289
17210 0.00076289
17220 0.00076289
17230 0.00076289
17240 0.00076289
17250 0.00076289
17260 0.00076289
17270 0.00076289
17280 0.00076289
17290 0.00076289
17300 0.00076289
17310 0.00076289
17320 0.00076289
17330 0.00076289
17340 0.00076289
17350 0.00076289
17360 0.00076289
17370 0.00076289
17380 0.00076289
17390 0.00076289
17400 0.00076289
17410 0.00076289
17420 0.00076289
17430 0.00076289
17440 0.00076289
17450 0.00076289
17460 0.00076289
17470 0.00076289
17480 0.00076289
17490 0.00076289
17500 0.00076289
17510 0.00076289
17520 0.00076289
17530 0.00076289
17540 0.00076289
17550 0.00076289
17560 0.00076289
17570 0.00076289
17580 0.00076289
17590 0.00076289
17600 0.00076289
17610 0.00076289
17620 0.00076289
17630 0.00076289
17640 0.00076289
17650 0.00076289
17660 0.00076289
17670 0.00076289
17680 0.00076289
17690 0.00076289
17700 0.00076289
17710 0.00076289
17720 0.00076289
17730 0.00076289
17740 0.00076289
17750 0.00076289
17760 0.00076289
17770 0.00076289
17780 0.00076289
17790 0.00076289
17800 0.00076289
17810 0.00076289
17820 0.00076289
17830 0.00076289
17840 0.00076289
17850 0.00076289
17860 0.00076289
17870 0.00076289
17880 0.00076289
17890 0.00076289
17900 0.00076289
17910 0.00076289
17920 0.00076289
17930 0.00076289
17940 0.00076289
17950 0.00076289
17960 0.00076289
17970 0.00076289
17980 0.00076289
17990 0.00076289
18000 0.00076289
18010 0.00076289
18020 0.00076289
18030 0.00076289
18040 0.00076289
18050 0.00076289
18060 0.00076289
18070 0.00076289
18080 0.00076289
18090 0.00076289
18100 0.00076289
18110 0.00076289
18120 0.00076289
18130 0.00076289
18140 0.00076289
18150 0.00076289
18160 0.00076289
18170 0.00076289
18180 0.00076289
18190 0.00076289
18200 0.00076289
18210 0.00076289
18220 0.00076289
18230 0.00076289
18240 0.00076289
18250 0.00076289
18260 0.00076289
18270 0.00076289
18280 0.00076289
18290 0.00076289
18300 0.00076289
18310 0.00076289
18320 0.00076289
18330 0.00076289
18340 0.00076289
18350 0.00076289
18360 0.00076289
18370 0.00076289
18380 0.00076289
18390 0.00076289
18400 0.00076289
18410 0.00076289
18420 0.00076289
18430 0.00076289
18440 0.00076289
18450 0.00076289
18460 0.00076289
18470 0.00076289
18480 0.00076289
18490 0.00076289
18500 0.00076289
18510 0.00076289
18520 0.00076289
18530 0.00076289
18540 0.00076289
18550 0.00076289
18560 0.00076289
18570 0.00076289
18580 0.00076289
18590 0.00076289
18600 0.00076289
18610 0.00076289
18620 0.00076289
18630 0.00076289
18640 0.00076289
18650 0.00076289
18660 0.00076289
18670 0.00076289
18680 0.00076289
18690 0.00076289
18700 0.00076289
18710 0.00076289
18720 0.00076289
18730 0.00076289
18740 0.00076289
18750 0.00076289
18760 0.00076289
18770 0.00076289
18780 0.00076289
18790 0.00076289
18800 0.00076289
18810 0.00076289
18820 0.00076289
18830 0.00076289
18840 0.00076289
18850 0.00076289
18860 0.00076289
18870 0.00076289
18880 0.00076289
18890 0.00076289
18900 0.00076289
18910 0.00076289
18920 0.00076289
18930 0.00076289
18940 0.00076289
18950 0.00076289
18960 0.00076289
18970 0.00076289
18980 0.00076289
18990 0.00076289
19000 0.00076289
19010 0.00076289
19020 0.00076289
19030 0.00076289
19040 0.00076289
19050 0.00076289
19060 0.00076289
19070 0.00076289
19080 0.00076289
19090 0.00076289
19100 0.00076289
19110 0.00076289
19120 0.00076289
19130 0.00076289
19140 0.00076289
19150 0.00076289
19160 0.00076289
19170 0.00076289
19180 0.00076289
19190 0.00076289
19200 0.00076289
19210 0.00076289
19220 0.00076289
19230 0.00076289
19240 0.00076289
19250 0.00076289
19260 0.00076289
19270 0.00076289
19280 0.00076289
19290 0.00076289
19300 0.00076289
19310 0.00076289
19320 0.00076289
19330 0.00076289
19340 0.00076289
19350 0.00076289
19360 0.00076289
19370 0.00076289
19380 0.00076289
19390 0.00076289
19400 0.00076289
19410 0.00076289
19420 0.00076289
19430 0.00076289
19440 0.00076289
19450 0.00076289
19460 0.00076289
19470 0.00076289
19480 0.00076289
19490 0.00076289
19500 0.00076289
19510 0.00076289
19520 0.00076289
19530 0.00076289
19540 0.00076289
19550 0.00076289
19560 0.00076289
19570 0.00076289
19580 0.00076289
19590 0.00076289
19600 0.00076289
19610 0.00076289
19620 0.00076289
19630 0.00076289
19640 0.00076289
19650 0.00076289
19660 0.00076289
19670 0.00076289
19680 0.00076289
19690 0.00076289
19700 0.00076289
19710 0.00076289
19720 0.00076289
19730 0.00076289
19740 0.00076289
19750 0.00076289
19760 0.00076289
19770 0.00076289
19780 0.00076289
19790 0.00076289
19800 0.00076289
19810 0.00076289
19820 0.00076289
19830 0.00076289
19840 0.00076289
19850 0.00076289
19860 0.00076289
19870 0.00076289
19880 0.00076289
19890 0.00076289
19900 0.00076289
19910 0.00076289
19920 0.00076289
19930 0.00076289
19940 0.00076289
19950 0.00076289
19960 0.00076289
19970 0.00076289
19980 0.00076289
19990 0.00076289
20000 0.00076289
20010 0.00076289
20020 0.00076289
20030 0.00076289
20040 0.00076289
20050 0.00076289
20060 0.00076289
20070 0.00076289
20080 0.00076289
20090 0.00076289
20100 0.00076289
20110 0.00076289
20120 0.00076289
20130 0.00076289
20140 0.00076289
20150 0.00076289
20160 0.00076289
20170 0.00076289
20180 0.00076289
20190 0.00076289
20200 0.00076289
20210 0.00076289
20220 0.00076289
20230 0.00076289
20240 0.00076289
20250 0.00076289
20260 0.00076289
20270 0.00076289
20280 0.00076289
20290 0.00076289
20300 0.00076289
20310 0.00076289
20320 0.00076289
20330 0.00076289
20340 0.00076289
20350 0.00076289
20360 0.00076289
20370 0.00076289
20380 0.00076289
20390 0.00076289
20400 0.00076289
20410 0.00076289
20420 0.00076289
20430 0.00076289
20440 0.00076289
20450 0.00076289
20460 0.00076289
20470 0.00076289
20480 0.00076289
20490 0.00076289
20500 0.00076289
20510 0.00076289
20520 0.00076289
20530 0.00076289
20540 0.00076289
20550 0.00076289
20560 0.00076289
20570 0.00076289
20580 0.00076289
20590 0.00076289
20600 0.00076289
20610 0.00076289
20620 0.00076289
20630 0.00076289
20640 0.00076289
20650 0.00076289
20660 0.00076289
20670 0.00076289
20680 0.00076289
20690 0.00076289
20700 0.00076289
20710 0.00076289
20720 0.00076289
20730 0.00076289
20740 0.00076289
20750 0.00076289
20760 0.00076289
20770 0.00076289
20780 0.00076289
20790 0.00076289
20800 0.00076289
20810 0.00076289
20820 0.00076289
20830 0.00076289
20840 0.00076289
20850 0.00076289
20860 0.00076289
20870 0.00076289
20880 0.00076289
20890 0.00076289
20900 0.00076289
20910 0.00076289
20920 0.00076289
20930 0.00076289
20940 0.00076289
20950 0.00076289
20960 0.00076289
20970 0.00076289
20980 0.00076289
20990 0.00076289
21000 0.00076289
21010 0.00076289
21020 0.00076289
21030 0.00076289
21040 0.00076289
21050 0.00076289
21060 0.00076289
21070 0.00076289
21080 0.00076289
21090 0.00076289
21100 0.00076289
21110 0.00076289
21120 0.00076289
21130 0.00076289
21140 0.00076289
21150 0.00076289
21160 0.00076289
21170 0.00076289
21180 0.00076289
21190 0.00076289
21200 0.00076289
21210 0.00076289
21220 0.00076289
21230 0.00076289
21240 0.00076289
21250 0.00076289
21260 0.00076289
21270 0.00076289
21280 0.00076289
21290 0.00076289
21300 0.00076289
21310 0.00076289
21320 0.00076289
21330 0.00076289
21340 0.00076289
21350 0.00076289
21360 0.00076289
21370 0.00076289
21380 0.00076289
21390 0.00076289
21400 0.00076289
21410 0.00076289
21420 0.00076289
21430 0.00076289
21440 0.00076289
21450 0.00076289
21460 0.00076289
21470 0.00076289
21480 0.00076289
21490 0.00076289
21500 0.00076289
21510 0.00076289
21520 0.00076289
21530 0.00076289
21540 0.00076289
21550 0.00076289
21560 0.00076289
21570 0.00076289
21580 0.00076289
21590 0.00076289
21600 0.00076289
21610 0.00076289
21620 0.00076289
21630 0.00076289
21640 0.00076289
21650 0.00076289
21660 0.00076289
21670 0.00076289
21680 0.00076289
21690 0.00076289
21700 0.00076289
21710 0.00076289
21720 0.00076289
21730 0.00076289
21740 0.00076289
21750 0.00076289
21760 0.00076289
21770 0.00076289
21780 0.00076289
21790 0.00076289
21800 0.00076289
21810 0.00076289
21820 0.00076289
21830 0.00076289
21840 0.00076289
21850 0.00076289
21860 0.00076289
21870 0.00076289
21880 0.00076289
21890 0.00076289
21900 0.00076289
21910 0.00076289
21920 0.00076289
21930 0.00076289
21940 0.00076289
21950 0.00076289
21960 0.00076289
21970 0.00076289
21980 0.00076289
21990 0.00076289
22000 0.00076289
22010 0.00076289
22020 0.00076289
22030 0.00076289
22040 0.00076289
22050 0.00076289
22060 0.00076289
22070 0.00076289
22080 0.00076289
22090 0.00076289
22100 0.00076289
22110 0.00076289
22120 0.00076289
22130 0.00076289
22140 0.00076289
22150 0.00076289
22160 0.00076289
22170 0.00076289
22180 0.00076289
22190 0.00076289
22200 0.00076289
22210 0.00076289
22220 0.00076289
22230 0.00076289
22240 0.00076289
22250 0.00076289
22260 0.00076289
22270 0.00076289
22280 0.00076289
22290 0.00076289
22300 0.00076289
22310 0.00076289
22320 0.00076289
22330 0.00076289
22340 0.00076289
22350 0.00076289
22360 0.00076289
22370 0.00076289
22380 0.00076289
22390 0.00076289
22400 0.00076289
22410 0.00076289
22420 0.00076289
22430 0.00076289
22440 0.00076289
22450 0.00076289
22460 0.00076289
22470 0.00076289
22480 0.00076289
22490 0.00076289
22500 0.00076289
22510 0.00076289
22520 0.00076289
22530 0.00076289
22540 0.00076289
22550 0.00076289
22560 0.00076289
22570 0.00076289
22580 0.00076289
22590 0.00076289
22600 0.00076289
22610 0.00076289
22620 0.00076289
22630 0.00076289
22640 0.00076289
22650 0.00076289
22660 0.00076289
22670 0.00076289
22680 0.00076289
22690 0.00076289
22700 0.00076289
22710 0.00076289
22720 0.00076289
22730 0.00076289
22740 0.00076289
22750 0.00076289
22760 0.00076289
22770 0.00076289
22780 0.00076289
22790 0.00076289
22800 0.00076289
22810 0.00076289
22820 0.00076289
22830 0.00076289
22840 0.00076289
22850 0.00076289
22860 0.00076289
22870 0.00076289
22880 0.00076289
22890 0.00076289
22900 0.00076289
22910 0.00076289
22920 0.00076289
22930 0.00076289
22940 0.00076289
22950 0.00076289
22960 0.00076289
22970 0.00076289
22980 0.00076289
22990 0.00076289
23000 0.00076289
23010 0.00076289
23020 0.00076289
23030 0.00076289
23040 0.00076289
23050 0.00076289
23060 0.00076289
23070 0.00076289
23080 0.00076289
23090 0.00076289
23100 0.00076289
23110 0.00076289
23120 0.00076289
23130 0.00076289
23140 0.00076289
23150 0.00076289
23160 0.00076289
23170 0.00076289
23180 0.00076289
23190 0.00076289
23200 0.00076289
23210 0.00076289
23220 0.00076289
23230 0.00076289
23240 0.00076289
23250 0.00076289
23260 0.00076289
23270 0.00076289
23280 0.00076289
23290 0.00076289
23300 0.00076289
23310 0.00076289
23320 0.00076289
23330 0.00076289
23340 0.00076289
23350 0.00076289
23360 0.00076289
23370 0.00076289
23380 0.00076289
23390 0.00076289
23400 0.00076289
23410 0.00076289
23420 0.00076289
23430 0.00076289
23440 0.00076289
23450 0.00076289
23460 0.00076289
23470 0.00076289
23480 0.00076289
23490 0.00076289
23500 0.00076289
23510 0.00076289
23520 0.00076289
23530 0.00076289
23540 0.00076289
23550 0.00076289
23560 0.00076289
23570 0.00076289
23580 0.00076289
23590 0.00076289
23600 0.00076289
23610 0.00076289
23620 0.00076289
23630 0.00076289
23640 0.00076289
23650 0.00076289
23660 0.00076289
23670 0.00076289
23680 0.00076289
23690 0.00076289
23700 0.00076289
23710 0.00076289
23720 0.00076289
23730 0.00076289
23740 0.00076289
23750 0.00076289
23760 0.00076289
23770 0.00076289
23780 0.00076289
23790 0.00076289
23800 0.00076289
23810 0.00076289
23820 0.00076289
23830 0.00076289
23840 0.00076289
23850 0.00076289
23860 0.00076289
23870 0.00076289
23880 0.00076289
23890 0.00076289
23900 0.00076289
23910 0.00076289
23920 0.00076289
23930 0.00076289
23940 0.00076289
23950 0.00076289
23960 0.00076289
23970 0.00076289
23980 0.00076289
23990 0.00076289
24000 0.00076289
24010 0.00076289
24020 0.00076289
24030 0.00076289
24040 0.00076289
24050 0.00076289
24060 0.00076289
24070 0.00076289
24080 0.00076289
24090 0.00076289
24100 0.00076289
24110 0.00076289
24120 0.00076289
24130 0.00076289
24140 0.00076289
24150 0.00076289
24160 0.00076289
24170 0.00076289
24180 0.00076289
24190 0.00076289
24200 0.00076289
24210 0.00076289
24220 0.00076289
24230 0.00076289
24240 0.00076289
24250 0.00076289
24260 0.00076289
24270 0.00076289
24280 0.00076289
24290 0.00076289
24300 0.00076289
24310 0.00076289
24320 0.00076289
24330 0.00076289
24340 0.00076289
24350 0.00076289
24360 0.00076289
24370 0.00076289
24380 0.00076289
24390 0.00076289
24400 0.00076289
24410 0.00076289
24420 0.00076289
24430 0.00076289
24440 0.00076289
24450 0.00076289
24460 0.00076289
24470 0.00076289
24480 0.00076289
24490 0.00076289
24500 0.00076289
24510 0.00076289
24520 0.00076289
24530 0.00076289
24540 0.00076289
24550 0.00076289
24560 0.00076289
24570 0.00076289
24580 0.00076289
24590 0.00076289
24600 0.00076289
24610 0.00076289
24620 0.00076289
24630 0.00076289
24640 0.00076289
24650 0.00076289
24660 0.00076289
24670 0.00076289
24680 0.00076289
24690 0.00076289
24700 0.00076289
24710 0.00076289
24720 0.00076289
24730 0.00076289
24740 0.00076289
24750 0.00076289
24760 0.00076289
24770 0.00076289
24780 0.00076289
24790 0.00076289
24800 0.00076289
24810 0.00076289
24820 0.00076289
24830 0.00076289
24840 0.00076289
24850 0.00076289
24860 0.00076289
24870 0.00076289
24880 0.00076289
24890 0.00076289
24900 0.00076289
24910 0.00076289
24920 0.00076289
24930 0.00076289
24940 0.00076289
24950 0.00076289
24960 0.00076289
24970 0.00076289
24980 0.00076289
24990 0.00076289
25000 0.00076289
-END-OF-DATA-
