   1.4141049e+00   1.4445317e+00   1.4592595e+00   1.4703236e+00   1.4798999e+00   1.4938019e+00   1.5269339e+00   1.5630807e+00   1.5836746e+00   1.5923879e+00   1.5823431e+00   1.5493662e+00   1.4989412e+00   1.4386522e+00   1.3948391e+00   1.3821641e+00   1.3861579e+00   1.3970693e+00   1.4122289e+00   1.4254779e+00   1.4138172e+00   1.3635117e+00   1.2793398e+00   1.1694491e+00   1.0514840e+00   9.1784426e-01   7.8616110e-01   7.0118671e-01   6.7965824e-01   7.4375529e-01   8.5679595e-01   9.7953740e-01   1.1044501e+00   1.2064993e+00   1.2924694e+00   1.3633612e+00
   1.5815917e+00   1.6159542e+00   1.6385260e+00   1.6242624e+00   1.5733881e+00   1.4697716e+00   1.4321374e+00   1.4643208e+00   1.5077842e+00   1.5037617e+00   1.4418023e+00   1.3476629e+00   1.2383659e+00   1.1050059e+00   9.7746825e-01   9.2386056e-01   9.5669860e-01   1.0580949e+00   1.1476958e+00   1.2092512e+00   1.2618918e+00   1.2774130e+00   1.2386607e+00   1.1286638e+00   1.0041575e+00   8.2292396e-01   5.8349848e-01   4.0828324e-01   5.1630712e-01   8.1821799e-01   1.0682526e+00   1.2720186e+00   1.4154092e+00   1.4751611e+00   1.5091289e+00   1.5471119e+00
   1.0387278e+00   9.9853796e-01   9.4802868e-01   8.8055074e-01   8.3827859e-01   9.3636960e-01   1.1266080e+00   1.0214785e+00   9.3188298e-01   8.9411837e-01   8.7431610e-01   9.5820475e-01   1.1012243e+00   1.1698922e+00   1.1911548e+00   1.2151467e+00   1.2234684e+00   1.2002228e+00   1.1154463e+00   9.8803079e-01   8.1897724e-01   7.6568884e-01   8.7840241e-01   1.1493208e+00   1.4816742e+00   1.7360520e+00   1.8048826e+00   1.7278564e+00   1.6069920e+00   1.5271199e+00   1.4797534e+00   1.3575302e+00   1.2353296e+00   1.0969405e+00   1.0373380e+00   1.0513531e+00
   3.5422442e+00   3.5466425e+00   3.5227542e+00   3.5253937e+00   3.5369673e+00   3.6280804e+00   4.2587617e+00   4.0118189e+00   3.8026080e+00   3.7470858e+00   3.7452908e+00   3.7784116e+00   3.8179645e+00   3.8106306e+00   3.7723045e+00   3.7462542e+00   3.7372015e+00   3.6992064e+00   3.5974269e+00   3.4443743e+00   3.2644172e+00   3.1036524e+00   2.9993892e+00   3.0293810e+00   3.1824517e+00   3.2415056e+00   3.0280049e+00   2.8168933e+00   2.8223102e+00   2.7570841e+00   2.6770951e+00   2.6775272e+00   2.7771449e+00   2.9907224e+00   3.2352958e+00   3.4369273e+00
   5.8261266e+00   5.9114869e+00   5.9730861e+00   6.0172625e+00   6.0693333e+00   5.8901179e+00   6.7241378e+00   6.6233341e+00   6.4218146e+00   6.3184252e+00   6.1715667e+00   6.0298459e+00   5.9046626e+00   5.7763837e+00   5.6906298e+00   5.6328468e+00   5.6177423e+00   5.6317637e+00   5.6428156e+00   5.6123994e+00   5.4861348e+00   5.3176041e+00   5.1005386e+00   4.8096985e+00   4.5811141e+00   4.0653299e+00   3.0049193e+00   2.2749525e+00   2.6600005e+00   3.2843140e+00   3.6074367e+00   3.9802961e+00   4.4923601e+00   4.9769330e+00   5.3714937e+00   5.6663001e+00
   6.5180176e+00   6.6606379e+00   6.7539992e+00   6.7692073e+00   6.7549839e+00   6.4331083e+00   7.1006316e+00   7.0946770e+00   7.1123743e+00   7.0325164e+00   6.8452740e+00   6.6009307e+00   6.3729055e+00   6.1583281e+00   5.9805651e+00   5.9422839e+00   6.0086803e+00   6.1439605e+00   6.2871487e+00   6.3951712e+00   6.4360013e+00   6.3190329e+00   6.0440769e+00   5.4497881e+00   5.1153264e+00   0.0000000e+00   0.0000000e+00   1.6158717e+00   1.9915357e+00   3.1506255e+00   3.8155198e+00   4.5401850e+00   5.1744261e+00   5.7008783e+00   6.0753098e+00   6.3325458e+00
   5.6336584e+00   5.7649508e+00   5.8200588e+00   5.7582235e+00   5.6701760e+00   5.4592781e+00   6.0719047e+00   6.0977983e+00   6.1421528e+00   6.0279489e+00   5.8176436e+00   5.5363269e+00   5.2684684e+00   5.0225253e+00   4.8450685e+00   4.8423095e+00   4.9910083e+00   5.2429061e+00   5.4940281e+00   5.7422166e+00   5.9044657e+00   5.8818855e+00   5.6272678e+00   5.2208133e+00   0.0000000e+00   0.0000000e+00   0.0000000e+00   0.0000000e+00   1.8227034e+00   2.7575426e+00   3.4554639e+00   4.2424307e+00   4.7585206e+00   5.0866256e+00   5.2910895e+00   5.4711914e+00
   3.2029015e+00   3.2720332e+00   3.2332461e+00   3.0845708e+00   2.9901416e+00   3.0039840e+00   3.3915396e+00   3.4852023e+00   3.4747400e+00   3.3865264e+00   3.2159586e+00   2.9598973e+00   2.6973187e+00   2.5071809e+00   2.4165406e+00   2.4593896e+00   2.6507592e+00   2.9686940e+00   3.3146234e+00   3.6277335e+00   3.8451536e+00   3.9226132e+00   3.8398736e+00   3.7784912e+00   0.0000000e+00   0.0000000e+00   0.0000000e+00   2.3120701e+00   1.6145307e+00   2.0982819e+00   2.6204099e+00   3.0377388e+00   3.1339147e+00   3.0645288e+00   3.0381436e+00   3.1055496e+00
   9.2849356e-01   1.1086309e+00   1.2900015e+00   1.0569563e+00   6.5182495e-01   6.5298021e-01   7.6740032e-01   9.6464086e-01   1.0746570e+00   1.1542525e+00   1.1419258e+00   1.0664845e+00   1.0163130e+00   9.9203098e-01   9.3159688e-01   8.5656190e-01   7.8999442e-01   7.5497478e-01   9.3909073e-01   1.2178657e+00   1.4620788e+00   1.6465290e+00   1.8672836e+00   2.7172501e+00   4.1910828e+00   4.2710462e+00   3.8933649e+00   2.7861133e+00   1.5941616e+00   1.5821395e+00   1.5443443e+00   1.3685623e+00   1.0363466e+00   7.9157507e-01   6.8614191e-01   7.4162692e-01
   2.7589595e+00   2.9796453e+00   3.0055895e+00   2.7394726e+00   2.6558151e+00   2.6691155e+00   2.8395116e+00   2.9996552e+00   3.1348171e+00   3.2047393e+00   3.2195315e+00   3.2199974e+00   3.2056477e+00   3.1465356e+00   2.9946785e+00   2.8113160e+00   2.6159720e+00   2.4180760e+00   2.2676024e+00   2.1718030e+00   2.1231768e+00   2.1184542e+00   2.0876923e+00   1.9978862e+00   2.2354355e+00   2.0506196e+00   2.1342013e+00   1.4577705e+00   8.3743352e-01   8.4603703e-01   1.0781913e+00   1.4044671e+00   1.7549564e+00   2.0128956e+00   2.2749245e+00   2.5494671e+00
   4.5896192e+00   4.6882706e+00   4.4863358e+00   4.2397504e+00   4.4600692e+00   4.6415091e+00   4.8792934e+00   5.1044474e+00   5.2646623e+00   5.2969213e+00   5.2526426e+00   5.1512356e+00   4.9912114e+00   4.7790389e+00   4.5349665e+00   4.3438025e+00   4.2034340e+00   4.1558075e+00   4.1635194e+00   4.1865830e+00   4.2171545e+00   4.1732860e+00   3.9385827e+00   3.3390656e+00   2.4892302e+00   2.0616081e+00   1.9997888e+00   1.4945407e+00   1.8882898e+00   2.5161371e+00   2.8684466e+00   3.1730468e+00   3.4315069e+00   3.6783793e+00   4.0029469e+00   4.3338189e+00
   5.6277008e+00   5.5046153e+00   5.0822768e+00   4.9758902e+00   5.4904008e+00   6.0061631e+00   6.2296348e+00   6.4941607e+00   6.6302328e+00   6.6245890e+00   6.4707303e+00   6.1735888e+00   5.8574567e+00   5.5211654e+00   5.2314758e+00   5.1023645e+00   5.0769310e+00   5.1596923e+00   5.3088117e+00   5.4734507e+00   5.6424303e+00   5.7543411e+00   5.7469273e+00   5.4268684e+00   4.7116451e+00   4.2083063e+00   3.6129248e+00   3.4687779e+00   3.7558784e+00   4.1910796e+00   4.3165269e+00   4.4020896e+00   4.5590477e+00   4.8344007e+00   5.1688457e+00   5.4778728e+00
   5.7987204e+00   5.5755148e+00   5.3896117e+00   5.4082422e+00   5.9354262e+00   6.6590667e+00   6.7701159e+00   6.9566274e+00   7.0004530e+00   6.8363175e+00   6.4468737e+00   5.9250484e+00   5.5039878e+00   5.1922197e+00   5.0304518e+00   5.0464716e+00   5.1487608e+00   5.3468328e+00   5.6264281e+00   5.9283547e+00   6.2415895e+00   6.5396743e+00   6.7623510e+00   6.5517702e+00   5.9955802e+00   5.3553815e+00   4.7479095e+00   4.4883857e+00   4.6174474e+00   4.9909263e+00   4.9378200e+00   4.7438345e+00   4.8863525e+00   5.2139950e+00   5.5335102e+00   5.7800150e+00
   5.4722853e+00   5.4335256e+00   5.9144836e+00   5.7819651e+00   6.3275013e+00   6.8297920e+00   6.6656814e+00   6.5642872e+00   6.3484459e+00   5.8615327e+00   5.2038116e+00   4.6148334e+00   4.3034563e+00   4.2204237e+00   4.3198180e+00   4.4972649e+00   4.7260623e+00   5.0274959e+00   5.3795204e+00   5.7433715e+00   6.1043324e+00   6.4048324e+00   6.6981487e+00   6.6678214e+00   6.1102114e+00   5.5705800e+00   5.0337067e+00   4.5050759e+00   4.5704436e+00   5.1327882e+00   4.7255260e+00   4.4329391e+00   4.5969558e+00   4.9135075e+00   5.2138824e+00   5.4264393e+00
   4.8561006e+00   5.1344504e+00   5.0164560e+00   6.0730597e+00   6.5186976e+00   6.8356911e+00   5.7914834e+00   5.0327988e+00   4.3970799e+00   3.6954155e+00   3.1238875e+00   2.9044647e+00   3.0148416e+00   3.2788649e+00   3.6089764e+00   3.8524446e+00   4.0552950e+00   4.2600422e+00   4.4663196e+00   4.6894813e+00   4.9209833e+00   5.0835729e+00   5.5462446e+00   6.0874924e+00   5.3393994e+00   4.9439092e+00   4.4224095e+00   3.4616702e+00   2.4981080e+00   2.5331262e+00   3.6628413e+00   3.6506426e+00   3.8612723e+00   4.0985394e+00   4.3313522e+00   4.5830460e+00
   3.9939759e+00   4.3836770e+00   2.8556939e+00   0.0000000e+00   3.9470490e+00   0.0000000e+00   4.2338905e+00   2.9807343e+00   2.2545426e+00   1.9672477e+00   2.0129666e+00   2.3838580e+00   2.9074330e+00   3.4278986e+00   3.8304441e+00   4.0060616e+00   3.9543507e+00   3.6995718e+00   3.3893044e+00   3.1334975e+00   3.1230817e+00   3.3470051e+00   3.8955002e+00   0.0000000e+00   4.2114109e+00   4.1597151e+00   3.7365851e+00   2.2823820e+00   1.1307220e+00   7.4189814e-01   2.8068025e+00   3.0301671e+00   3.2667177e+00   3.3823712e+00   3.4587770e+00   3.6274233e+00
   2.9396713e+00   3.4689588e+00   2.4005213e+00   0.0000000e+00   1.9198845e+00   0.0000000e+00   0.0000000e+00   2.0629704e+00   1.8181103e+00   2.2046614e+00   2.7272484e+00   3.3533697e+00   3.9987960e+00   4.5558529e+00   4.9186773e+00   5.0008106e+00   4.7738571e+00   4.2052412e+00   3.3816681e+00   2.3313403e+00   1.4779581e+00   1.7749364e+00   2.2527187e+00   0.0000000e+00   3.4122318e+00   3.0124935e+00   0.0000000e+00   2.6718288e+00   1.7323273e+00   2.6633008e+00   2.9292622e+00   3.1272171e+00   3.3749671e+00   3.3411019e+00   3.1080887e+00   2.8400664e+00
   1.8543911e+00   1.6565241e+00   2.4332331e+00   9.5378065e-01   1.9663948e+00   0.0000000e+00   0.0000000e+00   2.7098898e+00   2.7076396e+00   3.2435442e+00   3.8183294e+00   4.4273419e+00   4.9932350e+00   5.4524501e+00   5.7117308e+00   5.7046779e+00   5.4212731e+00   4.8398818e+00   3.9697566e+00   2.6987583e+00   1.1303654e+00   1.8723468e+00   3.1764172e+00   2.5781384e+00   0.0000000e+00   0.0000000e+00   0.0000000e+00   3.1372790e+00   2.8746449e+00   3.3901795e+00   3.3998338e+00   3.7473324e+00   3.9041820e+00   3.7161284e+00   3.2189406e+00   2.4408934e+00
   1.0986526e+00   8.9445554e-01   2.1838581e+00   1.0733619e+00   2.4955031e+00   0.0000000e+00   0.0000000e+00   3.0679923e+00   3.3778747e+00   3.7153020e+00   4.1476183e+00   4.6243343e+00   5.0576991e+00   5.4261978e+00   5.6441229e+00   5.6373389e+00   5.3870776e+00   4.8471021e+00   4.0236487e+00   2.8738972e+00   1.6918712e+00   2.1642554e+00   3.7002688e+00   3.8821632e+00   0.0000000e+00   0.0000000e+00   0.0000000e+00   0.0000000e+00   3.3522361e+00   3.7346535e+00   3.9388585e+00   4.1975899e+00   4.2201938e+00   3.9452915e+00   3.3428572e+00   2.3144314e+00
   1.1802403e+00   8.6252327e-01   2.2367037e+00   2.0141928e+00   3.0311139e+00   0.0000000e+00   0.0000000e+00   3.0328890e+00   3.2117860e+00   3.3417265e+00   3.6036904e+00   3.9331937e+00   4.2678313e+00   4.6197071e+00   4.9223633e+00   5.0578737e+00   4.9957218e+00   4.6907759e+00   4.1394291e+00   3.3503532e+00   2.5363069e+00   2.6056943e+00   3.5248820e+00   0.0000000e+00   0.0000000e+00   0.0000000e+00   0.0000000e+00   0.0000000e+00   3.2987442e+00   3.6501713e+00   3.9499674e+00   4.1716614e+00   4.2090917e+00   3.9743073e+00   3.4149408e+00   2.3518145e+00
   1.9074485e+00   1.2629008e+00   2.8060856e+00   3.3278275e+00   3.2049318e+00   0.0000000e+00   0.0000000e+00   2.8171171e+00   2.8578370e+00   2.8482471e+00   2.9396365e+00   3.1271572e+00   3.3851898e+00   3.7354574e+00   4.1246133e+00   4.3980865e+00   4.5158429e+00   4.4554782e+00   4.2145896e+00   3.8048255e+00   3.3024330e+00   3.0561211e+00   3.9638036e+00   0.0000000e+00   0.0000000e+00   0.0000000e+00   0.0000000e+00   0.0000000e+00   3.3883953e+00   3.6592145e+00   3.9553008e+00   4.1802664e+00   4.2826853e+00   4.1822839e+00   3.7986557e+00   2.9244006e+00
   2.6141951e+00   0.0000000e+00   3.9579037e+00   4.7397289e+00   0.0000000e+00   0.0000000e+00   0.0000000e+00   2.5349836e+00   2.6873782e+00   2.7822649e+00   2.7407103e+00   2.7820868e+00   2.9358201e+00   3.2137787e+00   3.5507913e+00   3.8132052e+00   3.9878938e+00   4.1006970e+00   4.1707015e+00   4.1601653e+00   4.1012268e+00   3.9298825e+00   4.1402327e+00   0.0000000e+00   0.0000000e+00   0.0000000e+00   0.0000000e+00   3.8265937e+00   3.6748054e+00   3.8208551e+00   4.0725732e+00   4.3391395e+00   4.5618119e+00   4.6813025e+00   4.5467024e+00   3.8039815e+00
   2.9835866e+00   0.0000000e+00   4.4323757e+00   5.3208890e+00   6.5750682e+00   0.0000000e+00   0.0000000e+00   2.6684955e+00   2.4887657e+00   2.8665102e+00   2.9021170e+00   2.8473306e+00   2.8371606e+00   2.9463615e+00   3.1121428e+00   3.2825699e+00   3.4471769e+00   3.6732697e+00   3.9912581e+00   4.3627219e+00   4.7804122e+00   4.9294500e+00   0.0000000e+00   0.0000000e+00   0.0000000e+00   0.0000000e+00   0.0000000e+00   4.6098987e+00   4.0995355e+00   4.2134237e+00   4.3905435e+00   4.6177745e+00   4.8057241e+00   4.9659457e+00   5.0356431e+00   4.5902195e+00
   3.7636297e+00   0.0000000e+00   4.1248184e+00   4.8397017e+00   6.2048347e+00   0.0000000e+00   0.0000000e+00   2.6221120e+00   2.1175537e+00   2.4668720e+00   2.7511415e+00   2.7626841e+00   2.7140911e+00   2.7457175e+00   2.8213866e+00   2.9291713e+00   3.0630550e+00   3.3020558e+00   3.6873012e+00   4.2232385e+00   4.8472943e+00   5.3746524e+00   0.0000000e+00   0.0000000e+00   0.0000000e+00   0.0000000e+00   0.0000000e+00   4.6749791e+00   4.4667931e+00   4.4738808e+00   4.5095096e+00   4.5368133e+00   4.5569043e+00   4.6440067e+00   4.8158798e+00   4.8457432e+00
   4.9518375e+00   0.0000000e+00   3.0364701e+00   3.2941759e+00   4.4612764e+00   0.0000000e+00   0.0000000e+00   0.0000000e+00   1.5631522e+00   1.5363976e+00   1.9294308e+00   2.0689311e+00   2.0818467e+00   2.1598680e+00   2.3059850e+00   2.4535689e+00   2.5682886e+00   2.7467225e+00   3.0643177e+00   3.5023615e+00   4.1853943e+00   5.3134699e+00   0.0000000e+00   0.0000000e+00   0.0000000e+00   5.6145954e+00   4.8395609e+00   4.2519998e+00   4.2286358e+00   4.1409941e+00   3.9813137e+00   3.7627406e+00   3.5887954e+00   3.5542474e+00   3.7446446e+00   4.3295197e+00
   4.3236828e+00   0.0000000e+00   1.4214371e+00   1.2136223e+00   2.2458844e+00   3.1610581e+00   0.0000000e+00   0.0000000e+00   1.2883510e+00   7.7025181e-01   6.6878909e-01   7.8535241e-01   7.7342683e-01   9.3650788e-01   1.2341740e+00   1.5185349e+00   1.6905178e+00   1.8092175e+00   1.9857605e+00   2.2154403e+00   2.8070228e+00   4.2499890e+00   0.0000000e+00   0.0000000e+00   0.0000000e+00   4.7458913e+00   3.8905315e+00   3.1478500e+00   3.0568464e+00   2.9209280e+00   2.6574218e+00   2.3125911e+00   1.9888526e+00   1.8431406e+00   2.0270045e+00   2.9791532e+00
   2.7909985e+00   0.0000000e+00   8.7078880e-01   1.4032143e+00   1.8667536e+00   2.4206414e+00   0.0000000e+00   0.0000000e+00   1.9094026e+00   1.1032789e+00   6.3137549e-01   8.3174944e-01   9.3484813e-01   8.7022328e-01   7.2544158e-01   6.1005718e-01   6.3928163e-01   6.8439233e-01   7.1301705e-01   8.4522831e-01   1.4625659e+00   2.9092000e+00   3.9141665e+00   0.0000000e+00   4.1576566e+00   3.0733560e+00   2.1968300e+00   1.5941867e+00   1.4351200e+00   1.2734134e+00   1.0501072e+00   8.4730136e-01   7.2329050e-01   7.0604932e-01   8.4970915e-01   1.7623278e+00
   1.6487579e+00   7.5080977e-01   2.3077803e+00   3.5843916e+00   3.7274454e+00   0.0000000e+00   0.0000000e+00   0.0000000e+00   2.5282639e+00   2.5166547e+00   2.1507919e+00   2.2660685e+00   2.5885448e+00   2.6439140e+00   2.1731322e+00   1.6034509e+00   1.1943420e+00   9.7010130e-01   1.0036707e+00   1.3127511e+00   1.7049123e+00   2.5121906e+00   2.8078313e+00   0.0000000e+00   1.9432665e+00   1.2662947e+00   6.5641600e-01   7.4088228e-01   1.1003410e+00   1.3608454e+00   1.5966408e+00   1.7826351e+00   1.9134330e+00   1.9893591e+00   1.9324669e+00   1.9902315e+00
   0.0000000e+00   2.1936862e+00   3.2693351e+00   4.3605821e+00   4.6251355e+00   0.0000000e+00   0.0000000e+00   0.0000000e+00   3.1141527e+00   3.3592726e+00   3.1273842e+00   3.2221975e+00   3.4684074e+00   3.6069639e+00   3.1565609e+00   2.7343754e+00   2.4063835e+00   2.2983761e+00   2.4346549e+00   2.8303270e+00   3.1382868e+00   3.0730668e+00   2.5263040e+00   1.1153839e+00   1.0799953e+00   1.4170126e+00   1.9365642e+00   2.3976042e+00   2.7076254e+00   2.9968495e+00   3.2140981e+00   3.3019001e+00   3.2602932e+00   3.1770445e+00   3.0567584e+00   2.8361645e+00
   3.8192650e+00   3.4301859e+00   0.0000000e+00   0.0000000e+00   0.0000000e+00   0.0000000e+00   0.0000000e+00   0.0000000e+00   0.0000000e+00   3.4411881e+00   3.4907031e+00   3.5438836e+00   4.5599553e+00   3.8356641e+00   3.3861408e+00   3.3823876e+00   3.3701806e+00   3.4823463e+00   3.7497115e+00   4.1482959e+00   4.3790889e+00   4.7305982e+00   3.0853518e+00   2.8490272e+00   2.7409611e+00   3.0564921e+00   3.5014102e+00   3.7967019e+00   3.9854953e+00   4.1596479e+00   4.2710319e+00   4.2404737e+00   4.0851536e+00   3.8475304e+00   3.6421213e+00   3.4562779e+00
   3.7229213e+00   4.5326588e+00   0.0000000e+00   0.0000000e+00   0.0000000e+00   0.0000000e+00   0.0000000e+00   0.0000000e+00   0.0000000e+00   3.0696320e+00   3.5731606e+00   3.6402991e+00   0.0000000e+00   2.6817881e+00   3.0523042e+00   3.3373605e+00   3.5624981e+00   3.8586094e+00   4.1534004e+00   4.4245980e+00   4.5579083e+00   4.5639983e+00   4.3529375e+00   4.1153357e+00   3.9162097e+00   3.8708694e+00   3.9644403e+00   4.0504594e+00   4.1253679e+00   4.1842868e+00   4.1056857e+00   3.9849672e+00   3.7740776e+00   3.4911420e+00   3.3552389e+00   3.2933359e+00
   2.7411637e+00   0.0000000e+00   0.0000000e+00   0.0000000e+00   0.0000000e+00   0.0000000e+00   0.0000000e+00   0.0000000e+00   0.0000000e+00   0.0000000e+00   3.6000776e+00   2.7102226e+00   2.2450436e+00   2.2807349e+00   2.3131298e+00   2.6364889e+00   3.0346982e+00   3.4616649e+00   3.7141535e+00   3.8061800e+00   3.7277789e+00   3.7087493e+00   3.7393477e+00   3.7426293e+00   3.6277440e+00   3.4534967e+00   3.3507578e+00   3.3279750e+00   3.3310406e+00   3.2590566e+00   2.9898789e+00   2.9201009e+00   2.9439737e+00   2.4456882e+00   2.5795918e+00   2.6654234e+00
   0.0000000e+00   0.0000000e+00   0.0000000e+00   0.0000000e+00   0.0000000e+00   0.0000000e+00   0.0000000e+00   0.0000000e+00   0.0000000e+00   0.0000000e+00   0.0000000e+00   0.0000000e+00   0.0000000e+00   5.7491548e-01   1.0714022e+00   1.4159430e+00   1.9946988e+00   2.4146988e+00   2.6548655e+00   3.0780840e+00   2.4136889e+00   2.1220155e+00   2.1188262e+00   2.1607668e+00   2.1430585e+00   2.0865881e+00   2.0016539e+00   1.9866952e+00   1.9692200e+00   2.0209940e+00   2.1246985e+00   9.8050405e-01   8.3900395e-01   1.2723903e+00   1.9285122e+00   1.9799687e+00
   0.0000000e+00   0.0000000e+00   0.0000000e+00   0.0000000e+00   0.0000000e+00   0.0000000e+00   0.0000000e+00   0.0000000e+00   0.0000000e+00   0.0000000e+00   0.0000000e+00   0.0000000e+00   0.0000000e+00   6.5654446e-01   8.2049436e-01   1.0412488e+00   1.2953643e+00   1.4257823e+00   1.6845115e+00   0.0000000e+00   0.0000000e+00   8.8912539e-01   5.5345923e-01   6.3220180e-01   5.9769515e-01   5.8807337e-01   6.4265281e-01   6.7747527e-01   7.0823473e-01   6.2190663e-01   4.1079658e-01   3.5624827e-01   3.9845288e-01   6.9183437e-01   0.0000000e+00   0.0000000e+00
   0.0000000e+00   0.0000000e+00   0.0000000e+00   0.0000000e+00   0.0000000e+00   0.0000000e+00   0.0000000e+00   0.0000000e+00   0.0000000e+00   0.0000000e+00   0.0000000e+00   0.0000000e+00   0.0000000e+00   0.0000000e+00   0.0000000e+00   1.4018518e+00   1.5599031e+00   1.6206369e+00   0.0000000e+00   0.0000000e+00   0.0000000e+00   0.0000000e+00   0.0000000e+00   0.0000000e+00   6.8297669e-01   5.5211812e-01   6.5930414e-01   7.6971686e-01   8.4753597e-01   7.6425982e-01   6.3996387e-01   6.3918091e-01   6.4715107e-01   7.5789058e-01   8.4251617e-01   0.0000000e+00
   4.6462686e-01   0.0000000e+00   0.0000000e+00   0.0000000e+00   0.0000000e+00   0.0000000e+00   0.0000000e+00   0.0000000e+00   0.0000000e+00   0.0000000e+00   0.0000000e+00   0.0000000e+00   0.0000000e+00   0.0000000e+00   8.8515775e-01   1.0371116e+00   1.1597650e+00   1.3612662e+00   0.0000000e+00   0.0000000e+00   0.0000000e+00   0.0000000e+00   9.3311477e-01   7.5427459e-01   6.3262554e-01   5.2058932e-01   4.8696574e-01   4.9075251e-01   4.6720887e-01   4.8950658e-01   0.0000000e+00   0.0000000e+00   0.0000000e+00   0.0000000e+00   6.0329126e-01   6.0036753e-01
