  -2.6524663e-01
  -1.3719371e-01
   2.9015634e-03
   5.3482525e-02
  -5.4518376e-02
  -3.1268811e-01
  -4.0331495e-01
  -3.8248676e-01
  -3.8765448e-01
  -4.4336450e-01
  -4.6464226e-01
  -3.2082310e-01
  -2.1598810e-01
  -1.0831570e-01
   8.0575243e-02
  -8.7775029e-02
  -2.8633034e-01
  -4.3483588e-01
  -3.8029939e-01
  -1.9825326e-01
  -1.7393342e-01
  -2.3825231e-01
  -3.3030212e-01
  -4.2558366e-01
  -4.4219413e-01
  -3.5951853e-01
  -2.9012302e-01
  -2.2956125e-01
  -2.2989556e-01
  -3.8400882e-01
  -5.4472083e-01
  -5.4371673e-01
  -2.7102199e-01
  -1.2580097e-01
  -2.4858108e-01
  -2.9715285e-01
   6.6035941e-02
   1.3122882e-01
   9.0990596e-02
   1.3145968e-01
   1.8930322e-01
   1.1165573e-01
   9.1584232e-03
  -1.3455233e-01
  -9.4795808e-02
  -9.8265097e-02
  -2.6865655e-01
  -6.3846862e-01
   8.6513832e-02
   1.3985073e-02
  -1.0810065e-01
  -1.4881472e-01
  -2.5542647e-01
  -3.6708742e-01
  -3.8438651e-01
  -2.2952086e-01
  -2.0600468e-01
  -1.8304382e-01
  -5.0311339e-01
  -2.8041041e-01
  -4.2927885e-01
  -5.2157348e-01
  -5.7509160e-01
  -6.2779421e-01
  -7.1146953e-01
  -6.8789583e-01
  -6.3189435e-01
  -5.6956542e-01
  -6.2015533e-01
  -6.4741331e-01
  -5.2991569e-01
  -1.1683860e-01
  -2.0037112e-01
  -1.0794961e-01
   1.8788767e-01
   3.0913165e-01
   5.0785279e-01
   3.3183923e-01
   2.8669620e-01
   2.6122910e-01
   2.4304415e-01
   3.2465738e-01
   6.1669701e-01
   3.0632111e-01
  -2.5851664e-01
  -8.4009290e-02
   2.5140749e-02
   2.8026491e-01
   6.8171120e-01
   9.4376874e-01
   5.6327486e-01
   1.0276411e-01
   2.7800262e-01
   5.2449524e-01
   3.8048723e-01
   2.3967835e-01
   3.3165222e-01
   5.3390628e-01
   6.0114801e-01
   5.0569421e-01
   2.7653897e-01
  -1.1077338e-01
  -1.8317331e-01
  -1.8005115e-01
  -2.4798916e-01
  -8.5144706e-02
  -1.3316409e-01
  -1.5927409e-01
   7.3039287e-01
   4.3157402e-01
   5.2703559e-01
   4.3142524e-01
   3.7741756e-01
   3.9420632e-01
   5.0910473e-01
   5.5671883e-01
   5.0412410e-01
   3.2709408e-01
   4.4799352e-01
   5.9216410e-01
   4.1776586e-01
   5.6274998e-01
   9.0335757e-01
   1.3576220e+00
   1.9601759e+00
   2.3908136e+00
   2.5900817e+00
   1.8017045e+00
   1.8948109e+00
   2.1005015e+00
   2.0648069e+00
   2.0123324e+00
   1.9795481e+00
   2.0068696e+00
   1.9881388e+00
   1.9798505e+00
   1.9502168e+00
   1.7563257e+00
   9.3187594e-01
   8.4764862e-01
   7.5867289e-01
   1.2313516e+00
   1.5083373e+00
   1.3954970e+00
   1.9905907e+00
   9.6637130e-01
   8.3256739e-01
   7.8631991e-01
   6.6139489e-01
   7.2582114e-01
   7.9398686e-01
   7.9421157e-01
   7.7629387e-01
   1.1101884e+00
   1.7240086e+00
   2.1111093e+00
   1.5447994e+00
   1.8250327e+00
   2.1337368e+00
   2.5514665e+00
   2.9840631e+00
   3.4404576e+00
   3.7091548e+00
   3.8055849e+00
   3.7264526e+00
   3.6858075e+00
   3.6368093e+00
   3.5604222e+00
   3.4542797e+00
   3.3561492e+00
   3.3161430e+00
   3.3185809e+00
   3.3262398e+00
   3.2484834e+00
   2.9567935e+00
   2.4998915e+00
   1.8918824e+00
   2.3839240e+00
   2.5298986e+00
   2.6314785e+00
   3.5129938e+00
   3.8352458e+00
   1.8150575e+00
   1.3451517e+00
   1.1150356e+00
   1.1198744e+00
   1.1993753e+00
   1.0396901e+00
   1.2305938e+00
   2.6865593e+00
   3.5634968e+00
   3.2872405e+00
   1.4074044e+00
   2.2421395e+00
   2.8637177e+00
   3.1511313e+00
   3.4308819e+00
   3.7996349e+00
   4.1358042e+00
   4.4217427e+00
   4.5543602e+00
   4.5195447e+00
   4.2480252e+00
   3.9456201e+00
   3.7676041e+00
   3.7696473e+00
   3.9184678e+00
   4.0321479e+00
   4.1119530e+00
   4.1673877e+00
   4.0717764e+00
   3.9291182e+00
   3.6955197e+00
   3.4162363e+00
   3.2927036e+00
   3.2421572e+00
   2.5592794e+00
   3.1770699e+00
   1.6652011e+00
   1.3706574e+00
   1.2685242e+00
   1.3562806e+00
   1.4225605e+00
   1.1149282e+00
   1.5671141e+00
   3.2679417e+00
   3.4644060e+00
   3.5163908e+00
   3.4214642e+00
   3.5384417e+00
   3.1070790e+00
   3.1256535e+00
   3.1946654e+00
   3.4019098e+00
   3.7226911e+00
   4.1435442e+00
   4.3764896e+00
   3.2409027e+00
   2.8213274e+00
   2.7432997e+00
   2.6478169e+00
   2.9473662e+00
   3.4558372e+00
   3.7810977e+00
   3.9750438e+00
   4.1450720e+00
   4.2437539e+00
   4.1938467e+00
   4.0312805e+00
   3.7944410e+00
   3.5931637e+00
   3.2306559e+00
   9.9221563e-01
   1.4622431e+00
   2.4132357e+00
   2.8603150e+00
   2.6433878e+00
   1.4394107e+00
   1.3606313e+00
   1.0572789e+00
   1.8854451e+00
   3.2107426e+00
   3.0392637e+00
   2.3507757e+00
   3.2460161e+00
   3.4779058e+00
   2.8276882e+00
   2.4546589e+00
   2.2280469e+00
   2.2176640e+00
   2.4100961e+00
   2.8266859e+00
   3.1197948e+00
   2.0652609e+00
   9.9636590e-01
   4.3781754e-01
   4.5806426e-01
   1.0689734e+00
   1.8789809e+00
   2.3926863e+00
   2.7054193e+00
   2.9930797e+00
   3.2054018e+00
   3.2864733e+00
   3.2442551e+00
   3.1577676e+00
   3.0386846e+00
   2.4905994e+00
   1.3275565e+00
   8.1193578e-01
   2.2550750e+00
   3.5735967e+00
   3.6237700e+00
   1.8243277e+00
   2.1261876e+00
   1.1815115e+00
   1.6307676e+00
   2.3255916e+00
   2.0667980e+00
   1.7092764e+00
   2.4034643e+00
   2.4860229e+00
   1.8724779e+00
   1.3484105e+00
   1.0277591e+00
   9.1044962e-01
   9.9289483e-01
   1.2945341e+00
   1.5249480e+00
   1.7358466e+00
   8.6786258e-01
  -1.0448999e+00
  -1.7527993e+00
  -6.8263936e-01
   1.2242270e-01
   6.9137698e-01
   1.0399351e+00
   1.3293022e+00
   1.5791974e+00
   1.7711233e+00
   1.9066663e+00
   1.9862996e+00
   1.9236723e+00
   1.7517972e+00
  -3.6671144e-01
  -1.0186883e+00
  -2.8248543e-01
   1.3048447e+00
   1.3890713e+00
   1.8021463e+00
   1.6018065e+00
   6.6064698e-01
   7.8060448e-01
   6.3867569e-01
   5.2754039e-01
   7.3444253e-01
   8.8409996e-01
   6.0395753e-01
   1.3675007e-01
  -2.9895309e-01
  -5.7195157e-01
  -6.7896080e-01
  -7.0724267e-01
  -6.4674288e-01
  -5.9719610e-01
  -5.2035046e-01
   1.6662130e-01
  -7.9126000e-01
  -2.8971920e+00
  -2.8811433e+00
  -2.1780670e+00
  -1.5119890e+00
  -1.2293067e+00
  -1.0453746e+00
  -7.8121740e-01
  -4.6656814e-01
  -1.4681798e-01
   3.5438657e-02
   2.1589257e-02
  -9.3698114e-02
  -8.5904264e-01
  -8.8143986e-01
  -1.4672613e+00
  -7.7822042e-01
  -9.4837564e-01
  -2.9746789e-01
   3.3736087e-02
  -6.5775111e-02
  -1.0694432e-01
  -2.7915388e-01
  -6.2553906e-01
  -6.8045354e-01
  -6.7622072e-01
  -9.0804595e-01
  -1.2215842e+00
  -1.5134282e+00
  -1.6861917e+00
  -1.7988434e+00
  -1.9636391e+00
  -2.0651495e+00
  -2.1607246e+00
  -2.0984521e+00
  -6.2076545e-01
  -5.6071281e-01
  -1.7513214e+00
  -4.3054461e+00
  -3.8853226e+00
  -3.0440199e+00
  -2.8450670e+00
  -2.7274935e+00
  -2.4864416e+00
  -2.1509254e+00
  -1.8348916e+00
  -1.6799564e+00
  -1.6791440e+00
  -1.6645837e+00
  -6.7672598e-01
  -7.6680028e-01
  -2.6714051e+00
  -2.9428403e+00
  -3.1930816e+00
  -2.2216973e+00
  -1.2140788e+00
  -7.2544891e-01
  -1.0257016e+00
  -1.4130269e+00
  -1.8895462e+00
  -1.9873482e+00
  -2.0105188e+00
  -2.1263621e+00
  -2.2901912e+00
  -2.4426916e+00
  -2.5545101e+00
  -2.7237525e+00
  -3.0134969e+00
  -3.3025854e+00
  -3.4418609e+00
  -2.9131746e+00
  -4.4787475e-01
  -2.6537120e-01
  -8.3743972e-01
  -4.1982384e+00
  -4.3267775e+00
  -4.0697985e+00
  -3.9805682e+00
  -3.9402556e+00
  -3.8205938e+00
  -3.6166918e+00
  -3.4359734e+00
  -3.3712142e+00
  -3.3568845e+00
  -2.9692707e+00
  -3.7447816e-01
  -5.3762579e-01
  -3.6322141e+00
  -4.2348862e+00
  -4.0695996e+00
  -2.4868648e+00
  -9.7327155e-01
  -1.3154796e+00
  -1.7597992e+00
  -2.4194279e+00
  -2.6495428e+00
  -2.6501040e+00
  -2.6328621e+00
  -2.7084186e+00
  -2.8025289e+00
  -2.9179816e+00
  -3.0475636e+00
  -3.2706316e+00
  -3.6001861e+00
  -3.9329510e+00
  -3.9016085e+00
  -2.6504188e+00
   1.7333093e-01
  -3.6765829e-02
  -3.1400388e-01
  -7.6552027e-01
  -1.7580241e+00
  -4.2725515e+00
  -4.2149954e+00
  -4.2827821e+00
  -4.3560777e+00
  -4.3841639e+00
  -4.3800797e+00
  -4.4084735e+00
  -4.3349414e+00
  -3.4640603e+00
  -1.0553334e+00
  -5.6601995e-01
  -3.8889322e+00
  -4.3345370e+00
  -2.5323594e+00
  -8.7934142e-01
  -5.6831205e-01
  -1.4684188e+00
  -2.3709290e+00
  -2.7822061e+00
  -2.7868552e+00
  -2.7525492e+00
  -2.7815926e+00
  -2.9219818e+00
  -3.1017833e+00
  -3.2757158e+00
  -3.4320498e+00
  -3.6322935e+00
  -3.8551757e+00
  -3.9488847e+00
  -3.5726924e+00
  -1.8260676e+00
   7.4719292e-01
   2.5746605e-01
  -1.4853275e-01
  -8.8939524e-01
  -2.3647242e+00
  -3.9457088e+00
  -3.8850791e+00
  -4.0487213e+00
  -4.2488375e+00
  -4.4575701e+00
  -4.6037092e+00
  -4.6746035e+00
  -4.4768271e+00
  -3.3335490e+00
  -1.2592810e+00
  -5.4071921e-01
  -3.3713725e+00
  -3.2561686e+00
  -3.6895275e-01
  -9.1258712e-02
  -7.0344913e-01
  -1.8507829e+00
  -2.6650813e+00
  -2.7312155e+00
  -2.6890895e+00
  -2.7471554e+00
  -2.9178865e+00
  -3.2061639e+00
  -3.5471818e+00
  -3.8071740e+00
  -3.9665532e+00
  -4.0348225e+00
  -3.9639142e+00
  -3.6021981e+00
  -2.6857860e+00
  -5.1736015e-01
   2.0327623e+00
   7.6739216e-01
  -6.2100451e-02
  -8.8972336e-01
  -1.3047304e+00
  -2.3996332e+00
  -3.5188076e+00
  -3.7047625e+00
  -3.9520056e+00
  -4.1800337e+00
  -4.3362937e+00
  -4.3375854e+00
  -3.9599948e+00
  -2.7779791e+00
  -8.4049004e-01
   1.0977302e-01
  -2.3198261e+00
  -1.5295913e+00
   1.6009307e+00
   3.8455051e-01
  -9.5696718e-01
  -2.5790465e+00
  -2.8294580e+00
  -2.8309464e+00
  -2.9200292e+00
  -3.1042027e+00
  -3.3586721e+00
  -3.7105238e+00
  -4.1107845e+00
  -4.3923802e+00
  -4.4986029e+00
  -4.3775649e+00
  -3.9696805e+00
  -3.1829581e+00
  -1.7967565e+00
   4.3502164e-01
   2.4816103e+00
   1.4379526e+00
   1.4012745e-01
  -5.8294892e-01
  -8.0138969e-01
  -1.8712542e+00
  -3.3160250e+00
  -3.6143584e+00
  -3.8930259e+00
  -4.0789199e+00
  -4.1159716e+00
  -3.9112766e+00
  -3.3503845e+00
  -2.2172656e+00
  -6.2880033e-01
   5.6977105e-01
  -1.3538039e+00
  -2.8194097e-01
   2.7767799e+00
   1.1208762e+00
  -1.0127681e+00
  -2.7895896e+00
  -3.1168609e+00
  -3.2562110e+00
  -3.5019925e+00
  -3.8071222e+00
  -4.1199455e+00
  -4.4738183e+00
  -4.8159804e+00
  -5.0050378e+00
  -4.9801855e+00
  -4.6630840e+00
  -4.0020766e+00
  -2.8983452e+00
  -1.0948792e+00
   1.2356174e+00
   1.6165625e+00
   1.7531550e+00
   2.2660488e-01
  -3.0023766e-01
  -5.2134573e-01
  -1.9869866e+00
  -3.2686124e+00
  -3.6364913e+00
  -3.9368143e+00
  -4.1512628e+00
  -4.1704473e+00
  -3.9005735e+00
  -3.2774584e+00
  -2.1203499e+00
  -8.5052927e-01
   6.5830664e-01
  -8.7012048e-01
   1.5788699e-01
   2.3308761e+00
   1.0505265e+00
  -1.3284447e+00
  -2.9480757e+00
  -3.3306759e+00
  -3.6689983e+00
  -4.0881600e+00
  -4.5431756e+00
  -4.9574956e+00
  -5.3205231e+00
  -5.5569299e+00
  -5.5846856e+00
  -5.3691176e+00
  -4.8449153e+00
  -3.9948690e+00
  -2.7098881e+00
  -6.3556747e-01
   1.8732072e+00
   2.0712821e+00
   2.3371861e+00
   1.6183196e-01
   3.7366885e-02
  -4.5287234e-01
  -1.9670639e+00
  -3.3176266e+00
  -3.7145434e+00
  -3.9268396e+00
  -4.1915850e+00
  -4.2179570e+00
  -3.9430285e+00
  -3.3365162e+00
  -2.2901394e+00
  -1.5808090e+00
  -4.6231646e-01
  -7.1111951e-01
  -3.6685574e-02
   1.5095915e+00
   3.9152849e-02
  -1.7993019e+00
  -2.6547670e+00
  -2.5970833e+00
  -3.0933519e+00
  -3.6816497e+00
  -4.3170628e+00
  -4.9043902e+00
  -5.3792980e+00
  -5.6430872e+00
  -5.6295484e+00
  -5.3237065e+00
  -4.6949886e+00
  -3.7653063e+00
  -2.4175014e+00
  -5.4619425e-01
   1.4885723e+00
   2.4867229e+00
   1.7717300e+00
  -4.6130455e-01
  -9.7402777e-02
  -9.1321791e-01
  -2.4151372e+00
  -2.7191612e+00
  -3.3544081e+00
  -3.3677843e+00
  -3.6910422e+00
  -3.8409677e+00
  -3.6597143e+00
  -3.1876317e+00
  -2.4191339e+00
  -2.5529456e+00
  -2.5042396e+00
  -1.1613092e+00
  -5.8420527e-01
   2.6774561e-01
  -5.7044482e-01
  -1.6986789e+00
  -2.0033705e+00
  -1.6788319e+00
  -1.9468853e+00
  -2.4341609e+00
  -3.0817697e+00
  -3.7670004e+00
  -4.3667288e+00
  -4.7600374e+00
  -4.8596153e+00
  -4.6431994e+00
  -4.0824728e+00
  -3.2785449e+00
  -2.2476902e+00
  -1.2420347e+00
  -6.2385249e-01
  -7.2473787e-02
  -7.5770020e-03
  -1.7789862e+00
  -1.6449974e+00
  -1.7989622e+00
  -2.6065547e+00
  -1.5963403e+00
  -2.2814679e+00
  -2.8677185e+00
  -3.0955141e+00
  -3.3496664e+00
  -3.3237331e+00
  -3.0819535e+00
  -2.7074676e+00
  -3.5872500e+00
  -3.9733443e+00
  -1.6080183e+00
  -1.8793094e+00
  -1.9957455e+00
  -1.3268335e+00
  -2.9237454e+00
  -2.7312799e+00
  -2.1377761e+00
  -1.8994364e+00
  -1.9378524e+00
  -2.2978032e+00
  -2.8280017e+00
  -3.3653758e+00
  -3.7850418e+00
  -3.9718945e+00
  -3.9281225e+00
  -3.6675906e+00
  -3.3116224e+00
  -2.9290948e+00
  -2.6693792e+00
  -2.6118560e+00
  -2.9452415e+00
  -1.8091990e+00
  -3.4911637e+00
  -3.3900602e+00
  -3.0985098e+00
  -2.1723199e+00
  -1.0556360e+00
  -6.7735797e-01
  -2.3124912e+00
  -3.0076213e+00
  -3.2267923e+00
  -3.3153145e+00
  -3.3297594e+00
  -3.3676350e+00
  -4.5126119e+00
  -4.7499948e+00
  -3.0431535e+00
  -3.9275775e+00
  -4.7891197e+00
  -3.2961268e+00
  -5.0408063e+00
  -4.5163207e+00
  -4.0103679e+00
  -3.4650753e+00
  -3.0083506e+00
  -2.8664305e+00
  -3.0004225e+00
  -3.2719166e+00
  -3.6011691e+00
  -3.8363862e+00
  -4.0141101e+00
  -4.1573882e+00
  -4.2574759e+00
  -4.3338060e+00
  -4.4010935e+00
  -4.4509115e+00
  -5.0001550e+00
  -5.3522248e+00
  -4.8911424e+00
  -4.4043794e+00
  -4.0311780e+00
  -3.0871840e+00
  -1.8302698e+00
  -1.2894204e+00
  -2.6344531e+00
  -3.5816038e+00
  -3.7544277e+00
  -3.9465473e+00
  -4.1137381e+00
  -4.2887101e+00
  -5.1440024e+00
  -5.1431088e+00
  -5.1178126e+00
  -4.9073858e+00
  -6.0200534e+00
  -6.5336299e+00
  -6.2024031e+00
  -5.9828553e+00
  -5.7796922e+00
  -5.3784442e+00
  -4.8438663e+00
  -4.4093137e+00
  -4.1904969e+00
  -4.1599836e+00
  -4.2728028e+00
  -4.4417467e+00
  -4.6425042e+00
  -4.8848910e+00
  -5.1442819e+00
  -5.3886113e+00
  -5.6058216e+00
  -5.8021617e+00
  -6.1301341e+00
  -6.2030501e+00
  -5.5153785e+00
  -4.9082465e+00
  -4.5204835e+00
  -4.0538559e+00
  -3.6958075e+00
  -3.9262888e+00
  -4.0947647e+00
  -4.3334246e+00
  -4.4701271e+00
  -4.7455974e+00
  -4.9776845e+00
  -5.1168232e+00
  -5.4513507e+00
  -5.2559748e+00
  -5.1703472e+00
  -5.2441416e+00
  -5.7295690e+00
  -6.3819890e+00
  -6.3668175e+00
  -6.4384341e+00
  -6.4364724e+00
  -6.2751503e+00
  -5.9447002e+00
  -5.5596924e+00
  -5.2551804e+00
  -5.0334024e+00
  -4.9225864e+00
  -4.9473014e+00
  -5.0360360e+00
  -5.1947770e+00
  -5.4076219e+00
  -5.6164026e+00
  -5.8171973e+00
  -6.0377665e+00
  -6.2653294e+00
  -6.0491371e+00
  -5.3567457e+00
  -4.6152964e+00
  -4.1889405e+00
  -4.0503654e+00
  -4.3624854e+00
  -4.8729100e+00
  -4.8879504e+00
  -4.6309471e+00
  -4.7649393e+00
  -5.0658784e+00
  -5.3225279e+00
  -5.4858289e+00
  -5.3004198e+00
  -5.1534796e+00
  -4.8175735e+00
  -4.8239188e+00
  -5.3566852e+00
  -5.8001356e+00
  -5.9271235e+00
  -6.0857301e+00
  -6.1611996e+00
  -6.1207695e+00
  -5.9739900e+00
  -5.7605939e+00
  -5.5358834e+00
  -5.2809377e+00
  -5.0671477e+00
  -4.9686375e+00
  -4.9466109e+00
  -5.0083027e+00
  -5.1116381e+00
  -5.2059207e+00
  -5.2870274e+00
  -5.3476405e+00
  -5.3426900e+00
  -4.9453135e+00
  -4.0719118e+00
  -3.3816500e+00
  -2.9416559e+00
  -3.0600553e+00
  -3.5537329e+00
  -4.0974202e+00
  -4.2540922e+00
  -4.2980466e+00
  -4.4560499e+00
  -4.7270169e+00
  -5.0129070e+00
  -5.2424579e+00
  -4.3181825e+00
  -4.3295536e+00
  -4.1488433e+00
  -4.0656238e+00
  -4.3776331e+00
  -4.5136666e+00
  -4.6751599e+00
  -4.8136754e+00
  -4.9065704e+00
  -4.8911834e+00
  -4.8402224e+00
  -4.7868500e+00
  -4.6925945e+00
  -4.5336695e+00
  -4.3594971e+00
  -4.2087488e+00
  -4.0858293e+00
  -4.0317292e+00
  -4.0047174e+00
  -3.9676869e+00
  -3.9118593e+00
  -3.7979207e+00
  -3.5322833e+00
  -2.7577167e+00
  -1.4826839e+00
  -9.3215811e-01
  -7.6720768e-01
  -1.0191504e+00
  -1.8002156e+00
  -2.4861467e+00
  -2.8391166e+00
  -3.1115046e+00
  -3.3630576e+00
  -3.6188803e+00
  -3.9115496e+00
  -4.1731067e+00
  -2.5521870e+00
  -2.6432717e+00
  -2.6109691e+00
  -2.5519941e+00
  -2.6206133e+00
  -2.6148908e+00
  -2.7215993e+00
  -2.7966039e+00
  -2.8578520e+00
  -2.8645623e+00
  -2.8727725e+00
  -2.9195898e+00
  -2.9610832e+00
  -2.9412794e+00
  -2.8453863e+00
  -2.6991129e+00
  -2.5261703e+00
  -2.3309035e+00
  -2.1514814e+00
  -1.9906638e+00
  -1.8356965e+00
  -1.6836666e+00
  -1.4212592e+00
  -4.7181603e-01
   1.2783480e+00
   1.7067190e+00
   1.6072028e+00
   1.2285620e+00
   1.4135957e-01
  -5.8862209e-01
  -1.0184486e+00
  -1.3899618e+00
  -1.7327563e+00
  -1.9943222e+00
  -2.2391777e+00
  -2.4532981e+00
   5.3341269e-01
   5.1441240e-01
   4.0360141e-01
   3.7831053e-01
   4.6989810e-01
   5.2064455e-01
   6.1477810e-01
   5.9102392e-01
   5.6330788e-01
   5.2532321e-01
   4.2482132e-01
   2.5085866e-01
   6.5964729e-02
  -5.1250219e-02
  -6.0897134e-02
   3.4647007e-02
   2.1864387e-01
   5.3586966e-01
   8.6483204e-01
   1.1542614e+00
   1.3799843e+00
   1.5183367e+00
   1.5915179e+00
   2.0925322e+00
   3.5455890e+00
   4.2437811e+00
   2.9069219e+00
   2.5542538e+00
   1.4507135e+00
   1.4221387e+00
   1.3277662e+00
   1.1979543e+00
   9.0305883e-01
   6.5659386e-01
   5.3844833e-01
   5.0120634e-01
   3.1809248e+00
   3.2578406e+00
   3.2141185e+00
   3.0604714e+00
   2.9587009e+00
   2.9563837e+00
   3.3740881e+00
   3.4363756e+00
   3.4480145e+00
   3.3666111e+00
   3.1955876e+00
   2.9361699e+00
   2.6718153e+00
   2.4852133e+00
   2.3973823e+00
   2.4417703e+00
   2.6342294e+00
   2.9520671e+00
   3.2971094e+00
   3.6110909e+00
   3.8292308e+00
   3.9085772e+00
   3.8241134e+00
   2.8673129e+00
   1.5756530e+00
   2.4580209e+00
   1.6824782e+00
   1.5848642e+00
   1.4677684e+00
   2.0782812e+00
   2.5193850e+00
   2.9102271e+00
   2.9696543e+00
   2.9245910e+00
   2.9372733e+00
   3.0525458e+00
   5.5498471e+00
   5.6935239e+00
   5.7412014e+00
   5.6608548e+00
   5.5377274e+00
   5.2917671e+00
   6.0341816e+00
   5.9962516e+00
   6.0312576e+00
   5.9218655e+00
   5.7049046e+00
   5.4104571e+00
   5.1368299e+00
   4.9057622e+00
   4.7465830e+00
   4.7619882e+00
   4.9252949e+00
   5.1820006e+00
   5.4346552e+00
   5.6821928e+00
   5.8345637e+00
   5.8046160e+00
   5.5541768e+00
   4.1961055e+00
   1.6355878e+00
   6.8174243e-01
   8.4165227e-01
   5.2892864e-01
   1.6346912e+00
   2.7557371e+00
   3.4254251e+00
   4.1591206e+00
   4.5985112e+00
   4.9029279e+00
   5.1291690e+00
   5.3538556e+00
   6.4027579e+00
   6.5503750e+00
   6.6245642e+00
   6.6026634e+00
   6.5504899e+00
   6.1488953e+00
   7.0018357e+00
   7.0084000e+00
   6.9592967e+00
   6.8612908e+00
   6.6508746e+00
   6.3819017e+00
   6.1462600e+00
   5.9490118e+00
   5.8085208e+00
   5.8118555e+00
   5.9094877e+00
   6.0578203e+00
   6.2064584e+00
   6.3152986e+00
   6.3403215e+00
   6.1947448e+00
   5.8883929e+00
   5.2374792e+00
   3.7077756e+00
   1.6520753e+00
   1.0768139e+00
   1.0245253e+00
   1.9592316e+00
   3.1424291e+00
   3.8090017e+00
   4.4984341e+00
   5.0582170e+00
   5.5344650e+00
   5.9032226e+00
   6.1883287e+00
   5.7372274e+00
   5.8244469e+00
   5.8638780e+00
   5.8640633e+00
   5.8763082e+00
   5.6084273e+00
   6.6068087e+00
   6.5588018e+00
   6.2902052e+00
   6.1488218e+00
   5.9634430e+00
   5.7852052e+00
   5.6458855e+00
   5.5397280e+00
   5.5037015e+00
   5.5010438e+00
   5.5282181e+00
   5.5632828e+00
   5.5824885e+00
   5.5524052e+00
   5.4078468e+00
   5.1957726e+00
   4.9122199e+00
   4.4767436e+00
   4.0844369e+00
   3.2179311e+00
   2.4208455e+00
   2.2331479e+00
   2.6458308e+00
   3.2500568e+00
   3.5908844e+00
   3.9710877e+00
   4.4465699e+00
   4.8830256e+00
   5.2552675e+00
   5.5575645e+00
   3.5182903e+00
   3.5226209e+00
   3.4869611e+00
   3.4601931e+00
   3.4390481e+00
   3.4947960e+00
   4.2245839e+00
   3.9898531e+00
   3.7513852e+00
   3.6582069e+00
   3.6120086e+00
   3.5994639e+00
   3.6109774e+00
   3.6208329e+00
   3.6409028e+00
   3.6699047e+00
   3.7005258e+00
   3.6774936e+00
   3.5811281e+00
   3.4272695e+00
   3.2308989e+00
   3.0218076e+00
   2.8171942e+00
   2.6434834e+00
   2.6253668e+00
   2.7085059e+00
   2.7888749e+00
   2.7846095e+00
   2.8022351e+00
   2.6704276e+00
   2.5679828e+00
   2.6092117e+00
   2.7508302e+00
   2.9721135e+00
   3.2093158e+00
   3.4085183e+00
   6.4159638e-01
   5.7826769e-01
   5.0356472e-01
   4.4848585e-01
   4.8497608e-01
   7.2877592e-01
   9.1551304e-01
   7.4924213e-01
   6.5770459e-01
   6.6474313e-01
   7.1628302e-01
   8.1205189e-01
   9.0611815e-01
   9.9979186e-01
   1.1123965e+00
   1.1756381e+00
   1.1651877e+00
   1.0972598e+00
   1.0009903e+00
   8.6299461e-01
   6.9646639e-01
   5.6370628e-01
   4.8239431e-01
   5.6211507e-01
   8.1123573e-01
   1.1789038e+00
   1.5590932e+00
   1.6909415e+00
   1.5599159e+00
   1.2856557e+00
   1.0247535e+00
   7.8750253e-01
   6.7160720e-01
   6.3205427e-01
   6.3444793e-01
   6.6558069e-01
  -1.3619185e+00
  -1.4336393e+00
  -1.4824098e+00
  -1.4851536e+00
  -1.4333661e+00
  -1.2794266e+00
  -1.2299087e+00
  -1.3042144e+00
  -1.3726610e+00
  -1.4006299e+00
  -1.3812517e+00
  -1.3180830e+00
  -1.2257189e+00
  -1.0944355e+00
  -9.5421481e-01
  -8.6805703e-01
  -8.4711486e-01
  -9.0214247e-01
  -1.0080186e+00
  -1.1114444e+00
  -1.2239468e+00
  -1.2704804e+00
  -1.2252964e+00
  -1.0659894e+00
  -8.3361139e-01
  -5.3890610e-01
  -2.6136008e-01
  -1.2243853e-01
  -1.1343001e-01
  -2.1691792e-01
  -4.0880911e-01
  -6.5199274e-01
  -8.9286155e-01
  -1.0692688e+00
  -1.1812242e+00
  -1.2742655e+00
  -1.2715127e+00
  -1.3033875e+00
  -1.3210179e+00
  -1.3306906e+00
  -1.3197225e+00
  -1.2880962e+00
  -1.3295138e+00
  -1.4178011e+00
  -1.4721650e+00
  -1.5011706e+00
  -1.5072114e+00
  -1.4880340e+00
  -1.4484397e+00
  -1.3948756e+00
  -1.3498350e+00
  -1.3315194e+00
  -1.3332347e+00
  -1.3484303e+00
  -1.3686976e+00
  -1.3879775e+00
  -1.3835411e+00
  -1.3388790e+00
  -1.2584989e+00
  -1.1510475e+00
  -1.0336473e+00
  -9.0173584e-01
  -7.7261060e-01
  -6.8366724e-01
  -6.3785601e-01
  -6.4884865e-01
  -7.1965545e-01
  -8.1753665e-01
  -9.3067396e-01
  -1.0388368e+00
  -1.1340882e+00
  -1.2144048e+00
