  -1.9054669e+00
  -1.5920818e+00
  -1.1581119e+00
  -8.5147125e-01
  -4.0155837e-01
   1.2810555e-01
  -2.4325620e-01
  -1.0540761e+00
  -1.5298986e+00
  -1.8092284e+00
  -1.9774842e+00
  -2.1031709e+00
  -2.1857116e+00
  -2.2705467e+00
  -2.2932138e+00
  -2.3076835e+00
  -2.3288794e+00
  -2.3693552e+00
  -2.4851785e+00
  -2.5546234e+00
  -2.4123857e+00
  -2.1376333e+00
  -1.5300539e+00
  -1.1529962e+00
  -1.0864645e+00
  -1.1268500e+00
  -1.1777257e+00
  -1.1276292e+00
  -1.0767915e+00
  -1.1384205e+00
  -1.5011405e+00
  -2.0008647e+00
  -2.3139458e+00
  -2.1097362e+00
  -1.9748091e+00
  -1.9870583e+00
   1.6333882e-02
   1.6283649e-01
   2.4118131e-01
   2.6619494e-01
   1.0321291e-01
   9.0256464e-01
   7.8980315e-01
   8.7403816e-01
   9.4694322e-01
   1.0049366e+00
   1.0535723e+00
   1.0830451e+00
   1.0957576e+00
   1.1165216e+00
   1.1250749e+00
   1.1587797e+00
   1.2221612e+00
   1.2719439e+00
   1.1427246e+00
   5.4355907e-01
   6.3713491e-01
   5.4026514e-01
   2.3399761e-01
   4.5528549e-01
   5.6206965e-01
   5.6989700e-01
   4.2377868e-01
   7.3178434e-01
   7.0860583e-01
   7.3320830e-01
   5.8451700e-01
   3.4576264e-01
  -1.7292520e-01
  -3.6554682e-01
  -2.2489780e-01
  -1.1135481e-01
   5.9233934e-01
   5.4007179e-01
   6.8801796e-01
   8.1717330e-01
   9.0772051e-01
   9.3868244e-01
   1.1608019e+00
   1.8523657e+00
   2.3405850e+00
   2.6848011e+00
   2.8954356e+00
   2.9795861e+00
   2.9613221e+00
   2.9115584e+00
   2.8570273e+00
   2.8311229e+00
   2.8405344e+00
   2.8096955e+00
   2.7437677e+00
   2.2149439e+00
   7.0271903e-01
   5.7925367e-01
   7.2695947e-01
   3.9285472e-01
   4.0784085e-01
   6.0095650e-01
   4.4642028e-01
   5.8571208e-01
   2.2152823e-01
   1.5896614e-01
   1.7412481e-01
   4.0882608e-01
   6.6085130e-01
   5.4788077e-01
   3.2825947e-01
   4.3156454e-01
   1.1328391e+00
   8.1805009e-01
   8.0164415e-01
   9.0532511e-01
   1.5269245e+00
   1.5748564e+00
   1.9292681e+00
   2.7042079e+00
   3.3988364e+00
   3.8501847e+00
   4.1013966e+00
   4.1841478e+00
   4.1878119e+00
   4.1227722e+00
   4.0307751e+00
   3.9460349e+00
   3.8665199e+00
   3.7764382e+00
   3.6449010e+00
   3.5331039e+00
   1.2101221e+00
   6.8829989e-01
   7.2054523e-01
   4.0877065e-01
   5.5466044e-01
   6.1816287e-01
   5.5978584e-01
   7.7052230e-01
   7.0514524e-01
   4.5150638e-01
   5.0175893e-01
   8.9490432e-01
   1.4228494e+00
   1.4725356e+00
   1.4283299e+00
   1.0436333e+00
   1.9540173e+00
   1.5205643e+00
   1.3775688e+00
   1.2097682e+00
   2.8667309e+00
   2.9318941e+00
   2.8651266e+00
   3.2346761e+00
   3.6796534e+00
   4.0158472e+00
   4.2032609e+00
   4.2921348e+00
   4.2924943e+00
   4.2398186e+00
   4.1687260e+00
   4.0801787e+00
   3.9693396e+00
   3.8694797e+00
   3.7758319e+00
   3.7437711e+00
   1.9062637e+00
   1.1093937e+00
   8.8355875e-01
   5.3823000e-01
   8.0115217e-01
   7.8669369e-01
   7.8287911e-01
   8.0743849e-01
   9.9579966e-01
   9.6826518e-01
   9.5067841e-01
   1.7821083e+00
   2.2252483e+00
   1.9912394e+00
   1.9595896e+00
   2.1823761e+00
   1.9463489e+00
   2.2448524e+00
   2.1139067e+00
   1.6571030e+00
   3.0017413e+00
   3.0282738e+00
   2.7443274e+00
   2.6587152e+00
   2.6961056e+00
   2.8108698e+00
   2.9556457e+00
   3.1015212e+00
   3.2160930e+00
   3.2641108e+00
   3.2234711e+00
   3.1893662e+00
   3.1640055e+00
   3.1842823e+00
   3.2327763e+00
   3.3741040e+00
   2.7825464e+00
   1.5257135e+00
   1.2357872e+00
   9.2073911e-01
   1.0326686e+00
   1.0295594e+00
   1.1240601e+00
   1.5074828e+00
   1.7118137e+00
   1.7802888e+00
   2.2653668e+00
   3.4986095e+00
   2.6996798e+00
   2.2785192e+00
   2.0268115e+00
   1.8956748e+00
   1.4515315e+00
   1.4382921e+00
   1.4567279e+00
   1.9483032e+00
   2.3627243e+00
   2.1142142e+00
   1.6686865e+00
   1.3223935e+00
   1.1393976e+00
   1.1121567e+00
   1.1988521e+00
   1.3917514e+00
   1.5829754e+00
   1.7003855e+00
   1.6729068e+00
   1.6571660e+00
   1.7199545e+00
   1.8718910e+00
   2.1195741e+00
   2.4696703e+00
   2.7911234e+00
   1.5855354e+00
   1.4046987e+00
   1.2441722e+00
   1.1808143e+00
   1.4134560e+00
   1.7759894e+00
   2.3827784e+00
   2.7529490e+00
   2.7580390e+00
   1.9040866e+00
   3.3717806e+00
   3.3136737e+00
   2.7982252e+00
   2.2743192e+00
   1.7636123e+00
   3.7700690e-01
   4.5093542e-01
   5.4863000e-01
   8.3934571e-01
   9.8224914e-01
   5.7313299e-01
   1.0068232e-01
  -2.7525294e-01
  -5.5637836e-01
  -7.0916233e-01
  -6.9310081e-01
  -5.6687278e-01
  -4.7994355e-01
  -4.1001809e-01
  -4.0544397e-01
  -4.0309293e-01
  -2.8542870e-01
  -2.3508728e-02
   3.9762677e-01
   1.0175033e+00
   1.7834287e+00
   1.4447613e+00
   1.4720581e+00
   1.4882039e+00
   1.4220100e+00
   2.0086186e+00
   2.3538833e+00
   2.6274444e+00
   2.7577498e+00
   2.6536698e+00
   2.5190355e+00
   2.5553820e+00
   3.0935800e+00
   2.7001592e+00
   1.9021969e+00
   1.0183407e+00
  -1.4424561e-01
  -4.0964887e-01
  -2.2587861e-01
  -2.2466321e-01
  -3.6183870e-01
  -7.2143066e-01
  -1.0948851e+00
  -1.4567721e+00
  -1.8246089e+00
  -2.0737257e+00
  -2.1604288e+00
  -2.1654055e+00
  -2.1708336e+00
  -2.1527190e+00
  -2.0967457e+00
  -1.9995905e+00
  -1.8529232e+00
  -1.5314528e+00
  -1.0347468e+00
  -3.5051894e-01
   6.7080599e-01
   1.2073337e+00
   1.1267194e+00
   1.3889582e+00
   1.5132813e+00
   1.7008579e+00
   1.4844555e+00
   1.4414345e+00
   1.3874981e+00
   1.2017909e+00
   1.6680130e+00
   2.4446805e+00
   2.1572218e+00
   1.7331114e+00
   7.3972940e-01
  -6.6034243e-02
  -3.6156195e-01
  -1.0927520e+00
  -1.5009893e+00
  -1.5830240e+00
  -1.6463655e+00
  -1.8760673e+00
  -2.2211614e+00
  -2.6155574e+00
  -3.0211487e+00
  -3.3170338e+00
  -3.5120854e+00
  -3.6217148e+00
  -3.6475470e+00
  -3.6151104e+00
  -3.5084028e+00
  -3.3224094e+00
  -3.0777934e+00
  -2.7732852e+00
  -2.3877461e+00
  -1.9308532e+00
  -1.2155235e+00
   1.3686016e-01
   9.2931256e-02
   2.0985287e-01
   3.4043029e-01
   3.5535204e-01
  -7.1988553e-03
  -4.2503184e-01
  -5.3897452e-01
  -5.3794718e-01
  -5.9149939e-01
   3.7159011e-01
   3.4351057e-01
   1.2362497e-02
  -7.9214662e-02
  -3.8338661e-01
  -5.9309024e-01
  -9.8831415e-01
  -2.4164972e+00
  -2.2648616e+00
  -2.1821837e+00
  -2.3637075e+00
  -2.7080257e+00
  -3.0795329e+00
  -3.4402432e+00
  -3.7461011e+00
  -3.9841647e+00
  -4.0908508e+00
  -4.0976367e+00
  -4.0312257e+00
  -3.8771684e+00
  -3.6965654e+00
  -3.4280484e+00
  -3.2126431e+00
  -3.1136703e+00
  -3.0589681e+00
  -2.7089937e+00
  -1.3722924e+00
  -1.1077834e+00
  -1.0970739e+00
  -1.3505052e+00
  -1.5445472e+00
  -1.2609217e+00
  -1.4757283e+00
  -1.2331254e+00
  -1.0621047e+00
  -1.8917933e+00
  -1.4545121e+00
  -1.5277790e+00
  -1.4919391e+00
  -1.4379328e+00
  -1.4391122e+00
  -6.2984133e-01
  -9.3267679e-01
  -2.6033878e+00
  -2.3343308e+00
  -2.2302411e+00
  -2.4026909e+00
  -2.7376795e+00
  -3.0218208e+00
  -3.2675395e+00
  -3.5306001e+00
  -3.7486770e+00
  -3.7816930e+00
  -3.6706150e+00
  -3.4860132e+00
  -3.3184555e+00
  -3.2254477e+00
  -3.1702468e+00
  -3.2821903e+00
  -3.5855610e+00
  -3.9974725e+00
  -3.8946385e+00
  -2.7403677e+00
  -2.6055849e+00
  -2.9751635e+00
  -2.6521611e+00
  -1.7292346e+00
  -1.3932306e+00
  -1.3457727e+00
  -9.1616797e-01
  -1.2136120e+00
  -2.6937675e+00
  -3.0164027e+00
  -3.2046118e+00
  -3.1000109e+00
  -2.8826957e+00
  -2.3035939e+00
  -6.5794432e-01
  -1.4107125e+00
  -2.4688342e+00
  -2.2787707e+00
  -2.0833819e+00
  -2.1723583e+00
  -2.4143271e+00
  -2.5276275e+00
  -2.6071215e+00
  -2.7468793e+00
  -2.8602319e+00
  -2.7829063e+00
  -2.5293519e+00
  -2.2037494e+00
  -2.0519996e+00
  -2.1829422e+00
  -2.5652664e+00
  -3.1152039e+00
  -3.6935694e+00
  -4.2631636e+00
  -4.0998440e+00
  -3.1271231e+00
  -2.6251211e+00
  -2.2804236e+00
  -1.5712016e+00
  -8.6845809e-01
  -9.6380538e-01
  -8.6795062e-01
  -1.0588906e+00
  -1.9606231e+00
  -2.8186970e+00
  -3.4813342e+00
  -3.8022199e+00
  -3.7507322e+00
  -3.4461813e+00
  -2.6245334e+00
  -8.6232847e-01
  -2.3227382e+00
  -2.5016043e+00
  -2.1793568e+00
  -1.7702706e+00
  -1.7093961e+00
  -1.7909582e+00
  -1.7120956e+00
  -1.6219010e+00
  -1.5933763e+00
  -1.5674467e+00
  -1.3905675e+00
  -1.1089014e+00
  -8.4420305e-01
  -8.6823505e-01
  -1.3196799e+00
  -2.0285101e+00
  -2.8268852e+00
  -3.4868333e+00
  -3.8802979e+00
  -3.5077691e+00
  -2.3877251e+00
  -1.0819656e+00
  -7.7047056e-01
  -5.4017109e-01
  -4.8938227e-01
  -7.9159582e-01
  -8.1875712e-01
  -1.5039077e+00
  -1.9237909e+00
  -2.4395466e+00
  -3.0618651e+00
  -3.4937491e+00
  -3.4685831e+00
  -3.2038720e+00
  -1.5758395e+00
  -8.7514275e-01
  -2.3323975e+00
  -2.2635143e+00
  -1.7919173e+00
  -1.3140843e+00
  -1.1398851e+00
  -1.0784909e+00
  -8.9731055e-01
  -6.8208641e-01
  -5.3604317e-01
  -4.7333628e-01
  -4.0382263e-01
  -4.0857658e-01
  -5.6172967e-01
  -9.6395200e-01
  -1.5550894e+00
  -2.1621618e+00
  -2.7106645e+00
  -3.0813589e+00
  -3.0275402e+00
  -2.3099532e+00
  -6.2842721e-01
  -2.1857700e-01
  -2.4264899e-01
  -2.6003036e-01
  -4.2789543e-01
  -1.1295782e+00
  -1.8574843e+00
  -2.0300555e+00
  -1.3667707e+00
  -1.4930627e+00
  -2.0056658e+00
  -2.5223980e+00
  -2.5593007e+00
  -2.2621641e+00
  -6.3612616e-01
  -5.8709770e-01
  -1.7945435e+00
  -2.0620463e+00
  -1.7688317e+00
  -1.5414078e+00
  -1.4860933e+00
  -1.5131792e+00
  -1.5048287e+00
  -1.4933815e+00
  -1.5664859e+00
  -1.7372025e+00
  -1.9913790e+00
  -2.3201120e+00
  -2.7256083e+00
  -3.1087756e+00
  -3.3894315e+00
  -3.5733128e+00
  -3.6282332e+00
  -3.3948228e+00
  -2.6255703e+00
  -1.2418963e+00
   6.2420475e-01
   1.0907926e-01
  -5.7641909e-02
  -1.4643686e-01
  -3.9063558e-01
  -1.4297646e+00
  -3.2059441e+00
  -2.2453451e+00
  -5.5085611e-01
  -2.3729081e-01
  -5.9629446e-01
  -1.2077703e+00
  -1.4316700e+00
  -1.2800120e+00
  -2.5942582e-01
  -5.8169115e-01
  -1.8569494e+00
  -2.5522559e+00
  -2.7081749e+00
  -2.8818748e+00
  -3.0988357e+00
  -3.3227072e+00
  -3.5251141e+00
  -3.7496896e+00
  -3.9997802e+00
  -4.2917719e+00
  -4.6567979e+00
  -5.0624738e+00
  -5.4952183e+00
  -5.8345995e+00
  -5.9699306e+00
  -5.8443718e+00
  -5.3959527e+00
  -4.6042013e+00
  -3.2148995e+00
  -8.1107169e-01
   1.2977231e+00
   1.5680490e-01
  -4.4563666e-02
  -1.3944939e-01
  -2.6144734e-01
  -1.1928608e+00
  -2.7251196e+00
  -1.9828351e+00
  -9.4315387e-02
   7.4929744e-01
   6.3556629e-01
  -2.2755016e-02
  -4.9364147e-01
  -5.3848052e-01
  -3.7786558e-02
  -8.5266401e-01
  -2.3785789e+00
  -3.2892037e+00
  -3.8353446e+00
  -4.2123670e+00
  -4.5132284e+00
  -4.7604827e+00
  -4.9746169e+00
  -5.1910995e+00
  -5.4083904e+00
  -5.6469057e+00
  -5.9509199e+00
  -6.3139722e+00
  -6.7384888e+00
  -7.1141068e+00
  -7.2810102e+00
  -7.1405893e+00
  -6.5800459e+00
  -5.6079157e+00
  -4.0191312e+00
  -1.0123265e+00
   2.0086012e+00
   7.8459790e-01
   4.4947269e-02
  -2.1365427e-01
  -2.0581070e-01
  -7.0466129e-01
  -1.8755731e+00
  -2.1845445e+00
  -1.4847634e-01
   1.2211562e+00
   1.4219624e+00
   8.1575092e-01
   2.1686413e-01
  -2.0441560e-01
  -1.6695146e-01
  -1.6250006e+00
  -2.4063630e+00
  -3.0605155e+00
  -3.6965566e+00
  -4.0954428e+00
  -4.4120006e+00
  -4.6657743e+00
  -4.8926743e+00
  -5.1225589e+00
  -5.3526953e+00
  -5.6018246e+00
  -5.9134705e+00
  -6.2924182e+00
  -6.7107407e+00
  -7.0650870e+00
  -7.2534753e+00
  -7.2303711e+00
  -6.8612763e+00
  -6.0261853e+00
  -4.6354193e+00
  -2.0281627e+00
   1.5053640e+00
   2.8367206e+00
   2.1134714e-01
  -2.6544466e-01
  -3.0351084e-01
  -3.5192560e-01
  -9.0031571e-01
  -1.7155873e+00
  -7.7984300e-01
   8.6236854e-01
   1.3732378e+00
   9.3044872e-01
   4.7549331e-01
  -2.0106020e-01
  -1.1259177e+00
  -2.6063685e+00
  -2.6453266e+00
  -2.6541917e+00
  -2.9449015e+00
  -3.1069379e+00
  -3.2843869e+00
  -3.4609914e+00
  -3.6270802e+00
  -3.8184741e+00
  -4.0275097e+00
  -4.2783270e+00
  -4.6307073e+00
  -5.0973682e+00
  -5.6770473e+00
  -6.2960172e+00
  -6.7766609e+00
  -7.0400548e+00
  -7.0584855e+00
  -6.7418652e+00
  -5.8889275e+00
  -3.9977398e+00
  -5.6085986e-01
   8.4956431e-01
   2.8367683e-02
  -4.1221485e-01
  -3.7484089e-01
  -2.5965637e-01
  -5.8170408e-01
  -1.5430546e+00
  -1.6432770e+00
  -2.9625624e-01
   2.6110423e-01
  -1.8563482e-01
  -4.9339485e-01
  -7.3211652e-01
  -1.5834432e+00
  -2.3973124e+00
  -3.0819490e+00
  -2.8656800e+00
  -2.8767076e+00
  -2.7251351e+00
  -2.6315877e+00
  -2.5717695e+00
  -2.5042689e+00
  -2.4351399e+00
  -2.4225533e+00
  -2.5273447e+00
  -2.8396211e+00
  -3.4071798e+00
  -4.2645850e+00
  -5.3466883e+00
  -6.2962785e+00
  -6.9969864e+00
  -7.4677286e+00
  -7.6354470e+00
  -7.3128042e+00
  -6.1481919e+00
  -3.2410922e+00
  -8.4163952e-01
  -5.9942234e-01
  -7.8574789e-01
  -4.0115169e-01
  -3.2558697e-01
  -4.9318698e-01
  -1.2614669e+00
  -2.2067578e+00
  -1.8458549e+00
  -1.5319647e+00
  -2.1563535e+00
  -2.3622885e+00
  -1.8537832e+00
  -1.5270284e+00
  -5.6738347e-01
  -1.5525310e+00
  -3.0998952e+00
  -3.5581617e+00
  -3.3656249e+00
  -3.2255671e+00
  -3.0799041e+00
  -2.8851595e+00
  -2.6031542e+00
  -2.2870097e+00
  -2.1120777e+00
  -2.3360329e+00
  -3.0706444e+00
  -4.1946888e+00
  -5.4479070e+00
  -6.4176855e+00
  -7.1179972e+00
  -7.6188240e+00
  -7.8675780e+00
  -7.8606410e+00
  -7.4355030e+00
  -5.8772211e+00
  -3.4497569e+00
  -2.5060675e+00
  -2.3770399e+00
  -8.9635623e-01
  -6.0503715e-01
  -7.5725138e-01
  -1.2625244e+00
  -1.8740742e+00
  -2.9274313e+00
  -3.3352666e+00
  -4.2238269e+00
  -4.3053069e+00
  -3.0794330e+00
  -1.0403342e+00
  -1.6017257e-01
  -1.3612338e+00
  -3.9890893e+00
  -4.3534079e+00
  -4.3144617e+00
  -4.3303781e+00
  -4.3674455e+00
  -4.3598814e+00
  -4.2307692e+00
  -3.8970306e+00
  -3.4831553e+00
  -3.3195651e+00
  -3.6946094e+00
  -4.4952431e+00
  -5.3928962e+00
  -6.0831399e+00
  -6.5867157e+00
  -6.9738159e+00
  -7.2477374e+00
  -7.4825301e+00
  -7.5857401e+00
  -6.9688001e+00
  -5.1734962e+00
  -4.9534059e+00
  -5.0181375e+00
  -2.7063508e+00
  -1.5028851e+00
  -2.3278503e+00
  -3.3435369e+00
  -3.7079692e+00
  -3.0234301e+00
  -3.7600961e+00
  -5.1166487e+00
  -5.1910806e+00
  -3.6604834e+00
  -4.3496174e-01
  -8.0118251e-01
  -2.3441310e+00
  -4.4762135e+00
  -4.5862360e+00
  -4.7221088e+00
  -4.9309597e+00
  -5.1994686e+00
  -5.4436760e+00
  -5.5701871e+00
  -5.4962893e+00
  -5.2053194e+00
  -4.8102512e+00
  -4.6107988e+00
  -4.7364373e+00
  -5.0685377e+00
  -5.4073534e+00
  -5.7020454e+00
  -5.9957809e+00
  -6.3093824e+00
  -6.6976490e+00
  -7.0559101e+00
  -7.0450583e+00
  -5.4358511e+00
  -5.2054863e+00
  -5.3845153e+00
  -4.0499496e+00
  -2.6229992e+00
  -3.0274196e+00
  -4.6762495e+00
  -4.9258060e+00
  -3.3462205e+00
  -2.1976838e+00
  -4.4015946e+00
  -4.8243380e+00
  -3.5062211e+00
  -3.6019677e-01
  -8.6258990e-01
  -2.9751298e+00
  -3.7144465e+00
  -3.7965710e+00
  -4.1002684e+00
  -4.5192418e+00
  -5.0378690e+00
  -5.5184135e+00
  -5.8580794e+00
  -6.0277376e+00
  -5.9882593e+00
  -5.7151332e+00
  -5.3628497e+00
  -5.0251670e+00
  -4.8571229e+00
  -4.8025231e+00
  -4.8195567e+00
  -4.9283371e+00
  -5.0907664e+00
  -5.3852434e+00
  -5.8094997e+00
  -6.0854130e+00
  -5.2217889e+00
  -4.3997889e+00
  -4.2736149e+00
  -3.9256432e+00
  -2.6977336e+00
  -1.3625958e+00
  -2.5658786e+00
  -3.7160950e+00
  -2.8567379e+00
  -4.3029210e-01
  -1.8126496e+00
  -2.9890065e+00
  -2.4361615e+00
  -1.3824883e-01
  -7.7130967e-01
  -1.6876590e+00
  -1.8231838e+00
  -1.7956932e+00
  -2.3154635e+00
  -2.9518676e+00
  -3.6595490e+00
  -4.2899241e+00
  -4.7750416e+00
  -5.0533061e+00
  -5.1770563e+00
  -5.1402717e+00
  -5.0045352e+00
  -4.7259040e+00
  -4.4439063e+00
  -4.2152867e+00
  -4.0125027e+00
  -3.8507807e+00
  -3.7614594e+00
  -3.7375751e+00
  -3.9060187e+00
  -4.2252245e+00
  -4.1398444e+00
  -3.0157189e+00
  -2.6814785e+00
  -2.7474208e+00
  -1.7770040e+00
  -6.5790534e-02
  -7.7265185e-01
  -1.7989984e+00
  -9.1786057e-01
   2.4044636e-01
  -1.7154764e-02
  -4.9921954e-01
  -6.9151145e-01
  -3.5372350e-01
  -7.8990161e-01
  -3.2902861e-01
  -6.8103820e-02
   1.2684652e-01
  -2.8230041e-01
  -1.0237682e+00
  -1.7439989e+00
  -2.3669219e+00
  -2.8401661e+00
  -3.1042593e+00
  -3.2795701e+00
  -3.4095531e+00
  -3.4782312e+00
  -3.4578266e+00
  -3.3006492e+00
  -3.1018565e+00
  -2.8401537e+00
  -2.4981649e+00
  -2.2152019e+00
  -1.9327070e+00
  -1.7977837e+00
  -1.9675874e+00
  -2.3471258e+00
  -1.5770537e+00
  -1.0055841e+00
  -1.2678472e+00
  -9.3772471e-01
  -3.8015485e-02
  -2.9610965e-01
  -6.2210613e-01
   3.8011521e-01
   1.4512220e-01
   5.3695661e-01
   7.3496157e-01
   5.1262790e-01
  -2.3441170e-01
   2.7017373e-01
   3.1453979e-01
   6.7412901e-01
   1.8472456e+00
   1.4475975e+00
   1.0426766e+00
   6.6630596e-01
   3.1799841e-01
   5.4210365e-02
  -3.0118957e-02
  -8.3477408e-02
  -2.0867616e-01
  -3.8167232e-01
  -5.7867414e-01
  -6.6627520e-01
  -5.6920224e-01
  -3.3197588e-01
   8.3137281e-02
   5.2170634e-01
   9.1600895e-01
   1.1816878e+00
   1.1410363e+00
   6.6088170e-01
   7.1630001e-01
   1.2141613e+00
   1.0115128e+00
   4.7785306e-01
   5.2407426e-01
   6.1141974e-01
   1.0716705e+00
   1.3972466e+00
   1.2834302e+00
   1.5496721e+00
   1.8904659e+00
   1.5126135e+00
   6.1979330e-01
   8.1385251e-01
   7.6113862e-01
   1.5438970e+00
   2.3107304e+00
   1.4764084e+00
   1.6669749e+00
   1.8171704e+00
   1.9214361e+00
   2.0559723e+00
   2.2345504e+00
   2.4116755e+00
   2.4647141e+00
   2.3574125e+00
   2.1563280e+00
   1.9863939e+00
   2.0161784e+00
   2.2157788e+00
   2.5839360e+00
   3.0198611e+00
   3.3831201e+00
   3.5722394e+00
   3.5114663e+00
   3.0767272e+00
   2.3469884e+00
   2.5166232e+00
   2.4322011e+00
   1.3919671e+00
   1.3825947e+00
   1.4306655e+00
   2.1198463e+00
   1.1881830e+00
   1.5704118e+00
   2.0613847e+00
   2.6907646e+00
   1.6978405e+00
   1.0427722e+00
   1.6907361e+00
   1.8426300e+00
   1.8957847e+00
   1.6061947e+00
   1.3128119e+00
   2.0166597e+00
   2.5163331e+00
   2.9977386e+00
   3.5344172e+00
   4.0172820e+00
   4.4121809e+00
   4.6645994e+00
   4.7286572e+00
   4.6985569e+00
   4.6631207e+00
   4.6802239e+00
   4.8360724e+00
   5.1176767e+00
   5.4704823e+00
   5.7378597e+00
   5.7837358e+00
   5.6286511e+00
   5.1917925e+00
   3.5069768e+00
   2.2797792e+00
   2.7690749e+00
   2.6554236e+00
   2.3841834e+00
   2.3389478e+00
   2.0028660e+00
   1.3792703e+00
   1.4530034e+00
   1.8054531e+00
   2.0153008e+00
   1.3598615e+00
   1.5204372e+00
   1.6944525e+00
   2.0756288e+00
   2.3016777e+00
   2.2191143e+00
   2.2622912e+00
   2.5958474e+00
   2.9655517e+00
   3.4585485e+00
   3.9931374e+00
   4.4721919e+00
   4.8819108e+00
   5.1953926e+00
   5.4126202e+00
   5.5991483e+00
   5.7791362e+00
   5.9144537e+00
   6.0856471e+00
   6.3363876e+00
   6.5690358e+00
   6.7518482e+00
   6.7727013e+00
   6.5347822e+00
   6.1120124e+00
   5.2888317e+00
   3.2596230e+00
   1.9644186e+00
   2.6253357e+00
   2.6687492e+00
   2.7849298e+00
   1.2492441e+00
   1.3580612e+00
   1.1489973e+00
   1.5537586e+00
   1.6740070e+00
   2.1818848e-01
   1.0547429e+00
   1.3696256e+00
   1.8726947e+00
   2.2060325e+00
   2.1941154e+00
   2.0885045e+00
   2.1808865e+00
   2.4716415e+00
   2.8604914e+00
   3.3084660e+00
   3.6687634e+00
   3.9569154e+00
   4.2035570e+00
   4.4479880e+00
   4.7062105e+00
   4.9562405e+00
   5.2112298e+00
   5.4719971e+00
   5.7258466e+00
   5.9423623e+00
   6.1516807e+00
   6.3704593e+00
   6.1324959e+00
   5.7264707e+00
   5.3366044e+00
   4.9039664e+00
   3.0324618e+00
   2.3571183e+00
   2.5141523e+00
   1.4040952e+00
   9.7512353e-01
   8.0087429e-01
   8.3165809e-01
   9.8099965e-01
   2.2031422e+00
   2.8526684e-01
   8.0068424e-01
   1.0828598e+00
   1.2806202e+00
   1.3358692e+00
   1.2564486e+00
   1.2063392e+00
   1.2991548e+00
   1.5175410e+00
   1.8255165e+00
   2.1375372e+00
   2.3767988e+00
   2.5379040e+00
   2.6402807e+00
   2.7772547e+00
   2.9488490e+00
   3.1421003e+00
   3.3622534e+00
   3.5536833e+00
   3.6907437e+00
   3.7744636e+00
   3.9165857e+00
   4.1302018e+00
   3.9505658e+00
   3.7298617e+00
   3.6574500e+00
   3.5916073e+00
   3.2636008e+00
   2.6381726e+00
   2.0009559e+00
   9.0205646e-01
   9.3359369e-01
   8.3519035e-01
   7.0835823e-01
   1.0614294e+00
   2.6650790e+00
   3.4538844e-01
   7.3258823e-01
   7.1825951e-01
   5.9037733e-01
   4.7570136e-01
   4.2265919e-01
   4.3213338e-01
   4.8587716e-01
   5.8728719e-01
   7.0947933e-01
   8.3055872e-01
   9.1935718e-01
   9.2776668e-01
   9.1391420e-01
   9.4448841e-01
   1.0068592e+00
   1.1199012e+00
   1.2409244e+00
   1.3285872e+00
   1.3639717e+00
   1.3367350e+00
   1.3105426e+00
   1.2448982e+00
   1.1400048e+00
   1.1492755e+00
   1.2733059e+00
   1.4552928e+00
   1.5647657e+00
   1.4192685e+00
   1.1808261e+00
   1.0170740e+00
   9.2214948e-01
   1.0218854e+00
   1.0438917e+00
   2.5318773e+00
   2.1906090e+00
   4.7273278e-01
   7.3057419e-01
   4.3228007e-01
   2.2261612e-01
   1.3219653e-01
   1.2384497e-01
   1.4950746e-01
   1.6061963e-01
   1.5602857e-01
   1.4548023e-01
   1.1880952e-01
   4.9446774e-02
  -1.2817598e-02
  -9.8974198e-02
  -1.6892620e-01
  -2.2327153e-01
  -2.6306576e-01
  -2.6480064e-01
  -2.7357614e-01
  -3.0626836e-01
  -3.6297707e-01
  -4.2650142e-01
  -5.1143736e-01
  -5.8019840e-01
  -5.6901944e-01
  -4.4242200e-01
  -2.8446197e-01
  -9.8444581e-02
   1.1062733e-01
   3.2872455e-01
   6.2120569e-01
   1.1062000e+00
   1.3205292e+00
   1.5600047e+00
   2.7079217e+00
   9.2510755e-01
   6.8776047e-01
   6.0416722e-01
   2.5073335e-01
   2.3114495e-01
   2.3840500e-01
   2.6029134e-01
   2.7277011e-01
   2.6917532e-01
   2.3238072e-01
   1.7472547e-01
   8.4527038e-02
  -1.4088434e-02
  -1.2701043e-01
  -2.3872094e-01
  -3.3630931e-01
  -4.2643279e-01
  -4.9952051e-01
  -5.4859364e-01
  -5.9130722e-01
  -6.3028157e-01
  -6.5957695e-01
  -6.7850566e-01
  -7.0712405e-01
  -7.2796309e-01
  -7.2409493e-01
  -6.6213626e-01
  -5.8282506e-01
  -4.8640043e-01
  -3.0943435e-01
  -1.1026386e-01
   6.5943837e-02
   1.8669274e-01
   2.0779084e-01
   2.1392480e-01
   2.7689075e-01
   3.0801833e-01
   3.1882069e-01
   2.9148370e-01
