  0.3261  0.3218  0.3214  0.3284  0.3582  0.3605  0.3573  0.3605  0.3762  0.4004  0.3759  0.3832  0.4009  0.4019  0.3881  0.3847  0.3840  0.3856  0.3915  0.3931  0.4047  0.3959  0.4000  0.4235  0.4114  0.4259  0.4420  0.4488  0.4411  0.4252  0.3971  0.3560  0.3501  0.3554  0.3471  0.3405
  0.2890  0.3097  0.3224  0.3322  0.3366  0.3456  0.3539  0.3668  0.3793  0.3852  0.3886  0.3884  0.3860  0.3846  0.3821  0.3748  0.3659  0.3429  0.3328  0.3281  0.3194  0.3040  0.3031  0.3091  0.3232  0.3306  0.3342  0.3140  0.3342  0.3376  0.3195  0.3085  0.3050  0.3068  0.3033  0.2883
  0.2974  0.3060  0.3057  0.3426  0.3349  0.3306  0.3550  0.3735  0.3794  0.3802  0.3800  0.3792  0.3765  0.3732  0.3682  0.3590  0.3642  0.3314  0.3060  0.3237  0.3034  0.3002  0.2850  0.2843  0.2953  0.2877  0.3209  0.2969  0.3025  0.2952  0.2907  0.2940  0.2661  0.2560  0.2584  0.2849
  0.2948  0.2790  0.2830  0.2958  0.3065  0.3220  0.3525  0.3694  0.3730  0.3729  0.3696  0.3663  0.3629  0.3585  0.3546  0.3462  0.3298  0.3037  0.2860  0.2920  0.3027  0.2906  0.2759  0.2688  0.2661  0.2775  0.3161  0.2989  0.2734  0.2768  0.2695  0.2770  0.2510  0.2457  0.2799  0.3039
  0.2539  0.2694  0.2822  0.2809  0.3032  0.3196  0.3560  0.3674  0.3657  0.3600  0.3539  0.3485  0.3452  0.3409  0.3375  0.3297  0.3154  0.3107  0.2699  0.2654  0.2826  0.2696  0.2596  0.2576  0.2563  0.2791  0.2610  0.2586  0.2639  0.2724  0.2569  0.2647  0.2611  0.2612  0.2572  0.2575
  0.2556  0.2718  0.2760  0.2852  0.3016  0.3244  0.3481  0.3447  0.3368  0.3304  0.3248  0.3200  0.3174  0.3138  0.3095  0.3035  0.2941  0.2755  0.2694  0.2386  0.2614  0.2486  0.2492  0.2504  0.2532  0.2669  0.2290  0.2344  0.2637  0.2584  0.2594  0.2572  0.2489  0.2713  0.2516  0.2514
  0.2516  0.2515  0.2502  0.2777  0.2990  0.3156  0.3164  0.3095  0.3032  0.2990  0.2947  0.2906  0.2886  0.2840  0.2803  0.2758  0.2686  0.2489  0.2371  0.2263  0.2787  0.3109  0.2967  0.3081  0.2432  0.2154  0.2192  0.2457  0.2406  0.2505  0.2594  0.2574  0.2446  0.2543  0.2713  0.2624
  0.2516  0.2302  0.2420  0.2614  0.2953  0.2988  0.2862  0.2788  0.2756  0.2730  0.2691  0.2677  0.2661  0.2620  0.2580  0.2528  0.2450  0.2295  0.1955  0.2272  0.3039  0.3145  0.3184  0.3180  0.2585  0.1958  0.2023  0.2189  0.2292  0.2504  0.2460  0.2415  0.2264  0.2375  0.2996  0.3093
  0.2126  0.2295  0.2555  0.2692  0.2828  0.2665  0.2537  0.2493  0.2500  0.2499  0.2497  0.2519  0.2517  0.2485  0.2402  0.2318  0.2233  0.2131  0.1729  0.2427  0.3187  0.3119  0.3118  0.2941  0.2256  0.1751  0.2099  0.2120  0.2285  0.2305  0.2287  0.2104  0.1838  0.3074  0.2953  0.2045
  0.2226  0.2405  0.2660  0.2699  0.2595  0.2460  0.2384  0.2353  0.2366  0.2389  0.2407  0.2439  0.2442  0.2397  0.2294  0.2183  0.2092  0.1931  0.1942  0.1909  0.3162  0.3116  0.3105  0.2389  0.1774  0.2085  0.2055  0.2208  0.2193  0.2158  0.2117  0.2010  0.2089  0.2865  0.2659  0.2056
  0.2306  0.2452  0.2605  0.2551  0.2495  0.2409  0.2343  0.2307  0.2322  0.2355  0.2375  0.2391  0.2375  0.2293  0.2168  0.2057  0.1979  0.1805  0.1685  0.1308  0.2799  0.3109  0.3043  0.2125  0.1804  0.2242  0.2198  0.2119  0.2074  0.2038  0.2010  0.2008  0.1703  0.1827  0.2053  0.2139
  0.2355  0.2380  0.2432  0.2476  0.2494  0.2427  0.2374  0.2358  0.2375  0.2394  0.2387  0.2369  0.2317  0.2205  0.2087  0.2021  0.2002  0.1949  0.1884  0.1411  0.2808  0.3102  0.2885  0.1946  0.1859  0.2285  0.2391  0.2104  0.1984  0.1974  0.2027  0.2031  0.1857  0.1579  0.1810  0.2212
  0.2356  0.2381  0.2283  0.2479  0.2510  0.2457  0.2433  0.2449  0.2466  0.2440  0.2371  0.2285  0.2196  0.2119  0.2065  0.2065  0.2101  0.2146  0.2068  0.1577  0.2460  0.3087  0.2885  0.1808  0.2010  0.2301  0.2538  0.2194  0.1986  0.2026  0.2150  0.2131  0.1928  0.1974  0.1854  0.2110
  0.2435  0.2484  0.2457  0.2511  0.2560  0.2520  0.2535  0.2580  0.2590  0.2521  0.2377  0.2218  0.2118  0.2112  0.2139  0.2183  0.2281  0.2336  0.2186  0.1801  0.1854  0.3076  0.2815  0.1592  0.2371  0.2428  0.2749  0.2428  0.2127  0.2271  0.2381  0.2304  0.2049  0.2132  0.2175  0.2069
  0.2549  0.2602  0.2770  0.2578  0.2598  0.2582  0.2620  0.2669  0.2674  0.2612  0.2477  0.2330  0.2251  0.2258  0.2314  0.2370  0.2452  0.2466  0.2293  0.1923  0.1951  0.2870  0.2698  0.1749  0.2230  0.2443  0.2590  0.2564  0.2449  0.2433  0.2474  0.2381  0.2120  0.2020  0.2351  0.2193
  0.2408  0.2781  0.2877  0.2623  0.2535  0.2531  0.2572  0.2622  0.2642  0.2616  0.2540  0.2455  0.2436  0.2479  0.2555  0.2636  0.2658  0.2578  0.2356  0.2034  0.2176  0.3003  0.2610  0.2170  0.2310  0.2373  0.2434  0.2564  0.2624  0.2440  0.2432  0.2356  0.2164  0.2021  0.2279  0.2367
  0.2300  0.2903  0.2807  0.2328  0.2093  0.2045  0.2030  0.2034  0.2024  0.2003  0.2001  0.2035  0.2127  0.2248  0.2398  0.2542  0.2623  0.2599  0.2455  0.2207  0.2076  0.2581  0.2666  0.2217  0.2303  0.2273  0.2275  0.2451  0.2542  0.2344  0.2320  0.2274  0.2183  0.2096  0.2156  0.2215
  0.2241  0.2463  0.2220  0.1789  0.1588  0.1534  0.1524  0.1527  0.1503  0.1457  0.1436  0.1451  0.1523  0.1608  0.1741  0.1914  0.2071  0.2175  0.2200  0.2131  0.2001  0.2555  0.2868  0.2284  0.2344  0.2276  0.2246  0.2400  0.2466  0.2235  0.2249  0.2236  0.2220  0.2190  0.2173  0.2216
  0.2184  0.2057  0.1821  0.1649  0.1499  0.1436  0.1436  0.1462  0.1457  0.1421  0.1403  0.1409  0.1475  0.1548  0.1661  0.1822  0.1997  0.2149  0.2239  0.2154  0.2042  0.2788  0.3112  0.2378  0.2403  0.2347  0.2294  0.2443  0.2475  0.2245  0.2284  0.2259  0.2255  0.2241  0.2250  0.2261
  0.2274  0.2063  0.1984  0.2013  0.1890  0.1791  0.1758  0.1758  0.1757  0.1746  0.1769  0.1832  0.1939  0.2038  0.2137  0.2253  0.2395  0.2491  0.2494  0.2348  0.2266  0.2416  0.3092  0.2425  0.2442  0.2407  0.2396  0.2568  0.2576  0.2287  0.2336  0.2324  0.2334  0.2349  0.2373  0.2378
  0.2489  0.2395  0.2426  0.2481  0.2431  0.2386  0.2386  0.2429  0.2461  0.2471  0.2488  0.2506  0.2499  0.2426  0.2311  0.2248  0.2278  0.2357  0.2419  0.2487  0.2516  0.2542  0.3086  0.2443  0.2526  0.2404  0.2465  0.2619  0.2544  0.2276  0.2387  0.2396  0.2459  0.2512  0.2552  0.2561
  0.2605  0.2563  0.2584  0.2622  0.2613  0.2606  0.2624  0.2655  0.2667  0.2650  0.2626  0.2561  0.2450  0.2272  0.2089  0.1978  0.1994  0.2101  0.2241  0.2434  0.2520  0.2416  0.3105  0.2603  0.2467  0.2368  0.2340  0.2435  0.2330  0.2355  0.2483  0.2496  0.2554  0.2615  0.2651  0.2648
  0.2605  0.2558  0.2546  0.2573  0.2591  0.2607  0.2646  0.2670  0.2675  0.2644  0.2596  0.2503  0.2364  0.2167  0.1993  0.1890  0.1893  0.1974  0.2091  0.2254  0.2333  0.2272  0.2765  0.2952  0.2189  0.2236  0.2170  0.2288  0.2235  0.2432  0.2587  0.2578  0.2599  0.2631  0.2651  0.2645
  0.2499  0.2447  0.2423  0.2435  0.2447  0.2476  0.2513  0.2543  0.2561  0.2542  0.2502  0.2436  0.2337  0.2207  0.2075  0.1979  0.1937  0.1935  0.1963  0.2045  0.2164  0.2109  0.2950  0.3076  0.2780  0.2143  0.2053  0.2075  0.2077  0.2359  0.2597  0.2529  0.2515  0.2517  0.2522  0.2525
  0.2386  0.2362  0.2344  0.2347  0.2363  0.2390  0.2419  0.2439  0.2454  0.2444  0.2424  0.2394  0.2338  0.2269  0.2181  0.2094  0.2021  0.1966  0.1925  0.1933  0.1983  0.1894  0.2565  0.3070  0.3097  0.2749  0.2457  0.2122  0.1896  0.2243  0.2391  0.2359  0.2335  0.2339  0.2360  0.2375
  0.2291  0.2297  0.2305  0.2309  0.2326  0.2353  0.2387  0.2402  0.2409  0.2405  0.2402  0.2394  0.2359  0.2323  0.2271  0.2201  0.2130  0.2052  0.1975  0.1942  0.1905  0.1736  0.2476  0.3076  0.3125  0.3137  0.2831  0.2125  0.2105  0.2354  0.2242  0.2280  0.2229  0.2214  0.2229  0.2256
  0.2238  0.2264  0.2311  0.2334  0.2345  0.2357  0.2390  0.2426  0.2427  0.2422  0.2416  0.2423  0.2408  0.2386  0.2362  0.2316  0.2254  0.2183  0.2099  0.2033  0.1964  0.1691  0.2455  0.3096  0.3141  0.3150  0.3100  0.2573  0.2203  0.2235  0.2083  0.2355  0.2330  0.2302  0.2263  0.2234
  0.2389  0.2365  0.2394  0.2424  0.2433  0.2442  0.2436  0.2466  0.2479  0.2478  0.2461  0.2457  0.2452  0.2426  0.2409  0.2386  0.2349  0.2298  0.2233  0.2162  0.2069  0.1778  0.2428  0.3131  0.3171  0.3164  0.3202  0.3183  0.2460  0.2170  0.2020  0.2333  0.2244  0.2382  0.2487  0.2455
  0.2737  0.2724  0.2711  0.2703  0.2679  0.2671  0.2638  0.2603  0.2604  0.2589  0.2573  0.2548  0.2529  0.2502  0.2472  0.2476  0.2465  0.2442  0.2412  0.2361  0.2272  0.2017  0.2328  0.3128  0.3221  0.3209  0.3220  0.3154  0.2794  0.2632  0.2055  0.2436  0.2511  0.2286  0.2572  0.2689
  0.2826  0.2949  0.2978  0.2963  0.2929  0.2890  0.2861  0.2809  0.2796  0.2771  0.2738  0.2706  0.2670  0.2641  0.2609  0.2605  0.2604  0.2582  0.2561  0.2530  0.2466  0.2281  0.2389  0.3133  0.2996  0.3067  0.3116  0.2681  0.2594  0.2376  0.2277  0.2479  0.2692  0.2577  0.2614  0.2747
  0.2891  0.3067  0.3199  0.3216  0.3195  0.3153  0.3099  0.3040  0.3018  0.2995  0.2952  0.2917  0.2875  0.2830  0.2802  0.2784  0.2774  0.2747  0.2718  0.2686  0.2645  0.2527  0.2665  0.3106  0.2767  0.2694  0.2721  0.2695  0.2684  0.2579  0.2467  0.2572  0.2769  0.2863  0.2885  0.2890
  0.3017  0.3136  0.3360  0.3402  0.3420  0.3413  0.3352  0.3285  0.3236  0.3203  0.3155  0.3121  0.3090  0.3030  0.2992  0.2971  0.2943  0.2906  0.2867  0.2827  0.2785  0.2709  0.2865  0.2936  0.2435  0.2211  0.2521  0.2705  0.2807  0.2722  0.2697  0.2616  0.2844  0.3053  0.2981  0.3036
  0.3018  0.3213  0.3425  0.3497  0.3533  0.3545  0.3523  0.3480  0.3419  0.3375  0.3330  0.3280  0.3246  0.3191  0.3150  0.3119  0.3085  0.3035  0.2984  0.2933  0.2890  0.2849  0.2747  0.2637  0.2517  0.2403  0.2644  0.2621  0.2742  0.2796  0.2866  0.2859  0.2908  0.3047  0.3094  0.3234
  0.3334  0.3325  0.3522  0.3630  0.3671  0.3669  0.3649  0.3616  0.3579  0.3541  0.3498  0.3451  0.3421  0.3388  0.3354  0.3326  0.3291  0.3241  0.3184  0.3136  0.3092  0.3033  0.2910  0.2991  0.3093  0.2596  0.2710  0.3004  0.3077  0.2993  0.3017  0.3107  0.3040  0.3058  0.3240  0.3468
  0.3647  0.3528  0.3686  0.3755  0.3797  0.3801  0.3787  0.3769  0.3750  0.3739  0.3700  0.3680  0.3669  0.3648  0.3631  0.3613  0.3584  0.3552  0.3523  0.3473  0.3426  0.3353  0.3270  0.3112  0.3100  0.2944  0.3097  0.3100  0.3096  0.3133  0.3326  0.3429  0.3369  0.3395  0.3525  0.3693
  0.3835  0.3877  0.3910  0.3949  0.3960  0.3975  0.3991  0.3976  0.3999  0.3990  0.3979  0.3987  0.3977  0.3951  0.3953  0.3954  0.3929  0.3921  0.3915  0.3878  0.3868  0.3811  0.3771  0.3725  0.3659  0.3610  0.3610  0.3553  0.3519  0.3500  0.3603  0.3641  0.3633  0.3817  0.3780  0.3784
