-START-OF-DATA-
0 0.000278
10 0.000278
20 0.000278
30 0.000278
40 0.000278
50 0.000278
60 0.000278
70 0.000278
80 0.000278
90 0.000278
100 0.000278
110 0.000278
120 0.000278
130 0.000278
140 0.000278
150 0.000278
160 0.000278
170 0.000278
180 0.000278
190 0.000278
200 0.000278
210 0.000278
220 0.000278
230 0.000278
240 0.000278
250 0.000278
260 0.000278
270 0.000278
280 0.000278
290 0.000278
300 0.000278
310 0.000278
320 0.000278
330 0.000278
340 0.000278
350 0.000278
360 0.000278
370 0.000278
380 0.000278
390 0.000278
400 0.000278
410 0.000278
420 0.000278
430 0.000278
440 0.000278
450 0.000278
460 0.000278
470 0.000278
480 0.000278
490 0.000278
500 0.000278
510 0.000278
520 0.000278
530 0.000278
540 0.000278
550 0.000278
560 0.000278
570 0.000278
580 0.000278
590 0.000278
600 0.000278
610 0.000278
620 0.000278
630 0.000278
640 0.000278
650 0.000278
660 0.000278
670 0.000278
680 0.000278
690 0.000278
700 0.000278
710 0.000278
720 0.000278
730 0.000278
740 0.000278
750 0.000278
760 0.000278
770 0.000278
780 0.000278
790 0.000278
800 0.000278
810 0.000278
820 0.000278
830 0.000278
840 0.000278
850 0.000278
860 0.000278
870 0.000278
880 0.000278
890 0.000278
900 0.000278
910 0.000278
920 0.000278
930 0.000278
940 0.000278
950 0.000278
960 0.000278
970 0.000278
980 0.000278
990 0.000278
1000 0.000278
1010 0.000278
1020 0.000278
1030 0.000278
1040 0.000278
1050 0.000278
1060 0.000278
1070 0.000278
1080 0.000278
1090 0.000278
1100 0.000278
1110 0.000278
1120 0.000278
1130 0.000278
1140 0.000278
1150 0.000278
1160 0.000278
1170 0.000278
1180 0.000278
1190 0.000278
1200 0.000278
1210 0.000278
1220 0.000278
1230 0.000278
1240 0.000278
1250 0.000278
1260 0.000278
1270 0.000278
1280 0.000278
1290 0.000278
1300 0.000278
1310 0.000278
1320 0.000278
1330 0.000278
1340 0.000278
1350 0.000278
1360 0.000278
1370 0.000278
1380 0.000278
1390 0.000278
1400 0.000278
1410 0.000278
1420 0.000278
1430 0.000278
1440 0.000278
1450 0.000278
1460 0.000278
1470 0.000278
1480 0.000278
1490 0.000278
1500 0.000278
1510 0.000278
1520 0.000278
1530 0.000278
1540 0.000278
1550 0.000278
1560 0.000278
1570 0.000278
1580 0.000278
1590 0.000278
1600 0.000278
1610 0.000278
1620 0.000278
1630 0.000278
1640 0.000278
1650 0.000278
1660 0.000278
1670 0.000278
1680 0.000278
1690 0.000278
1700 0.000278
1710 0.000278
1720 0.000278
1730 0.000278
1740 0.000278
1750 0.000278
1760 0.000278
1770 0.000278
1780 0.000278
1790 0.000278
1800 0.000278
1810 0.000278
1820 0.000278
1830 0.000278
1840 0.000278
1850 0.000278
1860 0.000278
1870 0.000278
1880 0.000278
1890 0.000278
1900 0.000278
1910 0.000278
1920 0.000278
1930 0.000278
1940 0.000278
1950 0.000278
1960 0.000278
1970 0.000278
1980 0.000278
1990 0.000278
2000 0.000278
2010 0.000284091295681063
2020 0.000290182591362126
2030 0.000296273887043189
2040 0.000302365182724252
2050 0.000308456478405316
2060 0.000314547774086379
2070 0.000320639069767442
2080 0.000326730365448505
2090 0.000332821661129568
2100 0.000338912956810631
2110 0.000345004252491694
2120 0.000351095548172757
2130 0.000357186843853821
2140 0.000363278139534884
2150 0.000369369435215947
2160 0.00037546073089701
2170 0.000381552026578073
2180 0.000387643322259136
2190 0.000393734617940199
2200 0.000399825913621262
2210 0.000405917209302326
2220 0.000412008504983389
2230 0.000418099800664452
2240 0.000424191096345515
2250 0.000430282392026578
2260 0.000436373687707641
2270 0.000442464983388704
2280 0.000448556279069767
2290 0.000454647574750831
2300 0.000460738870431894
2310 0.000466830166112957
2320 0.00047292146179402
2330 0.000479012757475083
2340 0.000485104053156146
2350 0.000491195348837209
2360 0.000497286644518272
2370 0.000503377940199336
2380 0.000509469235880399
2390 0.000515560531561462
2400 0.000521651827242525
2410 0.000527743122923588
2420 0.000533834418604651
2430 0.000539925714285714
2440 0.000546017009966777
2450 0.00055210830564784
2460 0.000558199601328904
2470 0.000564290897009967
2480 0.00057038219269103
2490 0.000576473488372093
2500 0.000582564784053156
2510 0.000588656079734219
2520 0.000594747375415282
2530 0.000600838671096346
2540 0.000606929966777409
2550 0.000613021262458472
2560 0.000619112558139535
2570 0.000625203853820598
2580 0.000631295149501661
2590 0.000637386445182724
2600 0.000643477740863787
2610 0.00064956903654485
2620 0.000655660332225914
2630 0.000661751627906977
2640 0.00066784292358804
2650 0.000673934219269103
2660 0.000680025514950166
2670 0.000686116810631229
2680 0.000692208106312292
2690 0.000698299401993356
2700 0.000704390697674419
2710 0.000710481993355482
2720 0.000716573289036545
2730 0.000722664584717608
2740 0.000728755880398671
2750 0.000734847176079734
2760 0.000740938471760797
2770 0.00074702976744186
2780 0.000753121063122924
2790 0.000759212358803987
2800 0.00076530365448505
2810 0.000771394950166113
2820 0.000777486245847176
2830 0.000783577541528239
2840 0.000789668837209302
2850 0.000795760132890366
2860 0.000801851428571428
2870 0.000807942724252492
2880 0.000814034019933555
2890 0.000820125315614618
2900 0.000826216611295681
2910 0.000832307906976744
2920 0.000838399202657807
2930 0.00084449049833887
2940 0.000850581794019934
2950 0.000856673089700997
2960 0.00086276438538206
2970 0.000868855681063123
2980 0.000874946976744186
2990 0.000881038272425249
3000 0.000887129568106312
3010 0.000893220863787376
3020 0.000899312159468439
3030 0.000905403455149502
3040 0.000911494750830565
3050 0.000917586046511628
3060 0.000923677342192691
3070 0.000929768637873754
3080 0.000935859933554817
3090 0.00094195122923588
3100 0.000948042524916944
3110 0.000954133820598007
3120 0.00096022511627907
3130 0.000966316411960133
3140 0.000972407707641196
3150 0.000978499003322259
3160 0.000984590299003322
3170 0.000990681594684385
3180 0.000996772890365449
3190 0.00100286418604651
3200 0.00100895548172757
3210 0.00101504677740864
3220 0.0010211380730897
3230 0.00102722936877076
3240 0.00103332066445183
3250 0.00103941196013289
3260 0.00104550325581395
3270 0.00105159455149502
3280 0.00105768584717608
3290 0.00106377714285714
3300 0.00106986843853821
3310 0.00107595973421927
3320 0.00108205102990033
3330 0.0010881423255814
3340 0.00109423362126246
3350 0.00110032491694352
3360 0.00110641621262458
3370 0.00111250750830565
3380 0.00111859880398671
3390 0.00112469009966777
3400 0.00113078139534884
3410 0.0011368726910299
3420 0.00114296398671096
3430 0.00114905528239203
3440 0.00115514657807309
3450 0.00116123787375415
3460 0.00116732916943522
3470 0.00117342046511628
3480 0.00117951176079734
3490 0.00118560305647841
3500 0.00119169435215947
3510 0.00119778564784053
3520 0.00120387694352159
3530 0.00120996823920266
3540 0.00121605953488372
3550 0.00122215083056478
3560 0.00122824212624585
3570 0.00123433342192691
3580 0.00124042471760797
3590 0.00124651601328904
3600 0.0012526073089701
3610 0.00125869860465116
3620 0.00126478990033223
3630 0.00127088119601329
3640 0.00127697249169435
3650 0.00128306378737542
3660 0.00128915508305648
3670 0.00129524637873754
3680 0.0013013376744186
3690 0.00130742897009967
3700 0.00131352026578073
3710 0.00131961156146179
3720 0.00132570285714286
3730 0.00133179415282392
3740 0.00133788544850498
3750 0.00134397674418605
3760 0.00135006803986711
3770 0.00135615933554817
3780 0.00136225063122924
3790 0.0013683419269103
3800 0.00137443322259136
3810 0.00138052451827243
3820 0.00138661581395349
3830 0.00139270710963455
3840 0.00139879840531561
3850 0.00140488970099668
3860 0.00141098099667774
3870 0.0014170722923588
3880 0.00142316358803987
3890 0.00142925488372093
3900 0.00143534617940199
3910 0.00144143747508306
3920 0.00144752877076412
3930 0.00145362006644518
3940 0.00145971136212625
3950 0.00146580265780731
3960 0.00147189395348837
3970 0.00147798524916944
3980 0.0014840765448505
3990 0.00149016784053156
4000 0.00149625913621262
4010 0.00150235043189369
4020 0.00150844172757475
4030 0.00151453302325581
4040 0.00152062431893688
4050 0.00152671561461794
4060 0.001532806910299
4070 0.00153889820598007
4080 0.00154498950166113
4090 0.00155108079734219
4100 0.00155717209302326
4110 0.00156326338870432
4120 0.00156935468438538
4130 0.00157544598006645
4140 0.00158153727574751
4150 0.00158762857142857
4160 0.00159371986710963
4170 0.0015998111627907
4180 0.00160590245847176
4190 0.00161199375415282
4200 0.00161808504983389
4210 0.00162417634551495
4220 0.00163026764119601
4230 0.00163635893687708
4240 0.00164245023255814
4250 0.0016485415282392
4260 0.00165463282392027
4270 0.00166072411960133
4280 0.00166681541528239
4290 0.00167290671096346
4300 0.00167899800664452
4310 0.00168508930232558
4320 0.00169118059800664
4330 0.00169727189368771
4340 0.00170336318936877
4350 0.00170945448504983
4360 0.0017155457807309
4370 0.00172163707641196
4380 0.00172772837209302
4390 0.00173381966777409
4400 0.00173991096345515
4410 0.00174600225913621
4420 0.00175209355481728
4430 0.00175818485049834
4440 0.0017642761461794
4450 0.00177036744186047
4460 0.00177645873754153
4470 0.00178255003322259
4480 0.00178864132890365
4490 0.00179473262458472
4500 0.00180082392026578
4510 0.00180691521594684
4520 0.00181300651162791
4530 0.00181909780730897
4540 0.00182518910299003
4550 0.0018312803986711
4560 0.00183737169435216
4570 0.00184346299003322
4580 0.00184955428571429
4590 0.00185564558139535
4600 0.00186173687707641
4610 0.00186782817275748
4620 0.00187391946843854
4630 0.0018800107641196
4640 0.00188610205980066
4650 0.00189219335548173
4660 0.00189828465116279
4670 0.00190437594684385
4680 0.00191046724252492
4690 0.00191655853820598
4700 0.00192264983388704
4710 0.00192874112956811
4720 0.00193483242524917
4730 0.00194092372093023
4740 0.0019470150166113
4750 0.00195310631229236
4760 0.00195919760797342
4770 0.00196528890365449
4780 0.00197138019933555
4790 0.00197747149501661
4800 0.00198356279069767
4810 0.00198965408637874
4820 0.0019957453820598
4830 0.00200183667774086
4840 0.00200792797342193
4850 0.00201401926910299
4860 0.00202011056478405
4870 0.00202620186046512
4880 0.00203229315614618
4890 0.00203838445182724
4900 0.00204447574750831
4910 0.00205056704318937
4920 0.00205665833887043
4930 0.0020627496345515
4940 0.00206884093023256
4950 0.00207493222591362
4960 0.00208102352159468
4970 0.00208711481727575
4980 0.00209320611295681
4990 0.00209929740863787
5000 0.00210538870431894
5010 0.00211148
5020 0.00211148
5030 0.00211148
5040 0.00211148
5050 0.00211148
5060 0.00211148
5070 0.00211148
5080 0.00211148
5090 0.00211148
5100 0.00211148
5110 0.00211148
5120 0.00211148
5130 0.00211148
5140 0.00211148
5150 0.00211148
5160 0.00211148
5170 0.00211148
5180 0.00211148
5190 0.00211148
5200 0.00211148
5210 0.00211148
5220 0.00211148
5230 0.00211148
5240 0.00211148
5250 0.00211148
5260 0.00211148
5270 0.00211148
5280 0.00211148
5290 0.00211148
5300 0.00211148
5310 0.00211148
5320 0.00211148
5330 0.00211148
5340 0.00211148
5350 0.00211148
5360 0.00211148
5370 0.00211148
5380 0.00211148
5390 0.00211148
5400 0.00211148
5410 0.00211148
5420 0.00211148
5430 0.00211148
5440 0.00211148
5450 0.00211148
5460 0.00211148
5470 0.00211148
5480 0.00211148
5490 0.00211148
5500 0.00211148
5510 0.00211148
5520 0.00211148
5530 0.00211148
5540 0.00211148
5550 0.00211148
5560 0.00211148
5570 0.00211148
5580 0.00211148
5590 0.00211148
5600 0.00211148
5610 0.00211148
5620 0.00211148
5630 0.00211148
5640 0.00211148
5650 0.00211148
5660 0.00211148
5670 0.00211148
5680 0.00211148
5690 0.00211148
5700 0.00211148
5710 0.00211148
5720 0.00211148
5730 0.00211148
5740 0.00211148
5750 0.00211148
5760 0.00211148
5770 0.00211148
5780 0.00211148
5790 0.00211148
5800 0.00211148
5810 0.00211148
5820 0.00211148
5830 0.00211148
5840 0.00211148
5850 0.00211148
5860 0.00211148
5870 0.00211148
5880 0.00211148
5890 0.00211148
5900 0.00211148
5910 0.00211148
5920 0.00211148
5930 0.00211148
5940 0.00211148
5950 0.00211148
5960 0.00211148
5970 0.00211148
5980 0.00211148
5990 0.00211148
6000 0.00211148
6010 0.00211148
6020 0.00211148
6030 0.00211148
6040 0.00211148
6050 0.00211148
6060 0.00211148
6070 0.00211148
6080 0.00211148
6090 0.00211148
6100 0.00211148
6110 0.00211148
6120 0.00211148
6130 0.00211148
6140 0.00211148
6150 0.00211148
6160 0.00211148
6170 0.00211148
6180 0.00211148
6190 0.00211148
6200 0.00211148
6210 0.00211148
6220 0.00211148
6230 0.00211148
6240 0.00211148
6250 0.00211148
6260 0.00211148
6270 0.00211148
6280 0.00211148
6290 0.00211148
6300 0.00211148
6310 0.00211148
6320 0.00211148
6330 0.00211148
6340 0.00211148
6350 0.00211148
6360 0.00211148
6370 0.00211148
6380 0.00211148
6390 0.00211148
6400 0.00211148
6410 0.00211148
6420 0.00211148
6430 0.00211148
6440 0.00211148
6450 0.00211148
6460 0.00211148
6470 0.00211148
6480 0.00211148
6490 0.00211148
6500 0.00211148
6510 0.00211148
6520 0.00211148
6530 0.00211148
6540 0.00211148
6550 0.00211148
6560 0.00211148
6570 0.00211148
6580 0.00211148
6590 0.00211148
6600 0.00211148
6610 0.00211148
6620 0.00211148
6630 0.00211148
6640 0.00211148
6650 0.00211148
6660 0.00211148
6670 0.00211148
6680 0.00211148
6690 0.00211148
6700 0.00211148
6710 0.00211148
6720 0.00211148
6730 0.00211148
6740 0.00211148
6750 0.00211148
6760 0.00211148
6770 0.00211148
6780 0.00211148
6790 0.00211148
6800 0.00211148
6810 0.00211148
6820 0.00211148
6830 0.00211148
6840 0.00211148
6850 0.00211148
6860 0.00211148
6870 0.00211148
6880 0.00211148
6890 0.00211148
6900 0.00211148
6910 0.00211148
6920 0.00211148
6930 0.00211148
6940 0.00211148
6950 0.00211148
6960 0.00211148
6970 0.00211148
6980 0.00211148
6990 0.00211148
7000 0.00211148
7010 0.00211148
7020 0.00211148
7030 0.00211148
7040 0.00211148
7050 0.00211148
7060 0.00211148
7070 0.00211148
7080 0.00211148
7090 0.00211148
7100 0.00211148
7110 0.00211148
7120 0.00211148
7130 0.00211148
7140 0.00211148
7150 0.00211148
7160 0.00211148
7170 0.00211148
7180 0.00211148
7190 0.00211148
7200 0.00211148
7210 0.00211148
7220 0.00211148
7230 0.00211148
7240 0.00211148
7250 0.00211148
7260 0.00211148
7270 0.00211148
7280 0.00211148
7290 0.00211148
7300 0.00211148
7310 0.00211148
7320 0.00211148
7330 0.00211148
7340 0.00211148
7350 0.00211148
7360 0.00211148
7370 0.00211148
7380 0.00211148
7390 0.00211148
7400 0.00211148
7410 0.00211148
7420 0.00211148
7430 0.00211148
7440 0.00211148
7450 0.00211148
7460 0.00211148
7470 0.00211148
7480 0.00211148
7490 0.00211148
7500 0.00211148
7510 0.00211148
7520 0.00211148
7530 0.00211148
7540 0.00211148
7550 0.00211148
7560 0.00211148
7570 0.00211148
7580 0.00211148
7590 0.00211148
7600 0.00211148
7610 0.00211148
7620 0.00211148
7630 0.00211148
7640 0.00211148
7650 0.00211148
7660 0.00211148
7670 0.00211148
7680 0.00211148
7690 0.00211148
7700 0.00211148
7710 0.00211148
7720 0.00211148
7730 0.00211148
7740 0.00211148
7750 0.00211148
7760 0.00211148
7770 0.00211148
7780 0.00211148
7790 0.00211148
7800 0.00211148
7810 0.00211148
7820 0.00211148
7830 0.00211148
7840 0.00211148
7850 0.00211148
7860 0.00211148
7870 0.00211148
7880 0.00211148
7890 0.00211148
7900 0.00211148
7910 0.00211148
7920 0.00211148
7930 0.00211148
7940 0.00211148
7950 0.00211148
7960 0.00211148
7970 0.00211148
7980 0.00211148
7990 0.00211148
8000 0.00211148
8010 0.00211148
8020 0.00211148
8030 0.00211148
8040 0.00211148
8050 0.00211148
8060 0.00211148
8070 0.00211148
8080 0.00211148
8090 0.00211148
8100 0.00211148
8110 0.00211148
8120 0.00211148
8130 0.00211148
8140 0.00211148
8150 0.00211148
8160 0.00211148
8170 0.00211148
8180 0.00211148
8190 0.00211148
8200 0.00211148
8210 0.00211148
8220 0.00211148
8230 0.00211148
8240 0.00211148
8250 0.00211148
8260 0.00211148
8270 0.00211148
8280 0.00211148
8290 0.00211148
8300 0.00211148
8310 0.00211148
8320 0.00211148
8330 0.00211148
8340 0.00211148
8350 0.00211148
8360 0.00211148
8370 0.00211148
8380 0.00211148
8390 0.00211148
8400 0.00211148
8410 0.00211148
8420 0.00211148
8430 0.00211148
8440 0.00211148
8450 0.00211148
8460 0.00211148
8470 0.00211148
8480 0.00211148
8490 0.00211148
8500 0.00211148
8510 0.00211148
8520 0.00211148
8530 0.00211148
8540 0.00211148
8550 0.00211148
8560 0.00211148
8570 0.00211148
8580 0.00211148
8590 0.00211148
8600 0.00211148
8610 0.00211148
8620 0.00211148
8630 0.00211148
8640 0.00211148
8650 0.00211148
8660 0.00211148
8670 0.00211148
8680 0.00211148
8690 0.00211148
8700 0.00211148
8710 0.00211148
8720 0.00211148
8730 0.00211148
8740 0.00211148
8750 0.00211148
8760 0.00211148
8770 0.00211148
8780 0.00211148
8790 0.00211148
8800 0.00211148
8810 0.00211148
8820 0.00211148
8830 0.00211148
8840 0.00211148
8850 0.00211148
8860 0.00211148
8870 0.00211148
8880 0.00211148
8890 0.00211148
8900 0.00211148
8910 0.00211148
8920 0.00211148
8930 0.00211148
8940 0.00211148
8950 0.00211148
8960 0.00211148
8970 0.00211148
8980 0.00211148
8990 0.00211148
9000 0.00211148
9010 0.00211148
9020 0.00211148
9030 0.00211148
9040 0.00211148
9050 0.00211148
9060 0.00211148
9070 0.00211148
9080 0.00211148
9090 0.00211148
9100 0.00211148
9110 0.00211148
9120 0.00211148
9130 0.00211148
9140 0.00211148
9150 0.00211148
9160 0.00211148
9170 0.00211148
9180 0.00211148
9190 0.00211148
9200 0.00211148
9210 0.00211148
9220 0.00211148
9230 0.00211148
9240 0.00211148
9250 0.00211148
9260 0.00211148
9270 0.00211148
9280 0.00211148
9290 0.00211148
9300 0.00211148
9310 0.00211148
9320 0.00211148
9330 0.00211148
9340 0.00211148
9350 0.00211148
9360 0.00211148
9370 0.00211148
9380 0.00211148
9390 0.00211148
9400 0.00211148
9410 0.00211148
9420 0.00211148
9430 0.00211148
9440 0.00211148
9450 0.00211148
9460 0.00211148
9470 0.00211148
9480 0.00211148
9490 0.00211148
9500 0.00211148
9510 0.00211148
9520 0.00211148
9530 0.00211148
9540 0.00211148
9550 0.00211148
9560 0.00211148
9570 0.00211148
9580 0.00211148
9590 0.00211148
9600 0.00211148
9610 0.00211148
9620 0.00211148
9630 0.00211148
9640 0.00211148
9650 0.00211148
9660 0.00211148
9670 0.00211148
9680 0.00211148
9690 0.00211148
9700 0.00211148
9710 0.00211148
9720 0.00211148
9730 0.00211148
9740 0.00211148
9750 0.00211148
9760 0.00211148
9770 0.00211148
9780 0.00211148
9790 0.00211148
9800 0.00211148
9810 0.00211148
9820 0.00211148
9830 0.00211148
9840 0.00211148
9850 0.00211148
9860 0.00211148
9870 0.00211148
9880 0.00211148
9890 0.00211148
9900 0.00211148
9910 0.00211148
9920 0.00211148
9930 0.00211148
9940 0.00211148
9950 0.00211148
9960 0.00211148
9970 0.00211148
9980 0.00211148
9990 0.00211148
10000 0.00211148
10010 0.00211148
10020 0.00211148
10030 0.00211148
10040 0.00211148
10050 0.00211148
10060 0.00211148
10070 0.00211148
10080 0.00211148
10090 0.00211148
10100 0.00211148
10110 0.00211148
10120 0.00211148
10130 0.00211148
10140 0.00211148
10150 0.00211148
10160 0.00211148
10170 0.00211148
10180 0.00211148
10190 0.00211148
10200 0.00211148
10210 0.00211148
10220 0.00211148
10230 0.00211148
10240 0.00211148
10250 0.00211148
10260 0.00211148
10270 0.00211148
10280 0.00211148
10290 0.00211148
10300 0.00211148
10310 0.00211148
10320 0.00211148
10330 0.00211148
10340 0.00211148
10350 0.00211148
10360 0.00211148
10370 0.00211148
10380 0.00211148
10390 0.00211148
10400 0.00211148
10410 0.00211148
10420 0.00211148
10430 0.00211148
10440 0.00211148
10450 0.00211148
10460 0.00211148
10470 0.00211148
10480 0.00211148
10490 0.00211148
10500 0.00211148
10510 0.00211148
10520 0.00211148
10530 0.00211148
10540 0.00211148
10550 0.00211148
10560 0.00211148
10570 0.00211148
10580 0.00211148
10590 0.00211148
10600 0.00211148
10610 0.00211148
10620 0.00211148
10630 0.00211148
10640 0.00211148
10650 0.00211148
10660 0.00211148
10670 0.00211148
10680 0.00211148
10690 0.00211148
10700 0.00211148
10710 0.00211148
10720 0.00211148
10730 0.00211148
10740 0.00211148
10750 0.00211148
10760 0.00211148
10770 0.00211148
10780 0.00211148
10790 0.00211148
10800 0.00211148
10810 0.00211148
10820 0.00211148
10830 0.00211148
10840 0.00211148
10850 0.00211148
10860 0.00211148
10870 0.00211148
10880 0.00211148
10890 0.00211148
10900 0.00211148
10910 0.00211148
10920 0.00211148
10930 0.00211148
10940 0.00211148
10950 0.00211148
10960 0.00211148
10970 0.00211148
10980 0.00211148
10990 0.00211148
11000 0.00211148
11010 0.00211148
11020 0.00211148
11030 0.00211148
11040 0.00211148
11050 0.00211148
11060 0.00211148
11070 0.00211148
11080 0.00211148
11090 0.00211148
11100 0.00211148
11110 0.00211148
11120 0.00211148
11130 0.00211148
11140 0.00211148
11150 0.00211148
11160 0.00211148
11170 0.00211148
11180 0.00211148
11190 0.00211148
11200 0.00211148
11210 0.00211148
11220 0.00211148
11230 0.00211148
11240 0.00211148
11250 0.00211148
11260 0.00211148
11270 0.00211148
11280 0.00211148
11290 0.00211148
11300 0.00211148
11310 0.00211148
11320 0.00211148
11330 0.00211148
11340 0.00211148
11350 0.00211148
11360 0.00211148
11370 0.00211148
11380 0.00211148
11390 0.00211148
11400 0.00211148
11410 0.00211148
11420 0.00211148
11430 0.00211148
11440 0.00211148
11450 0.00211148
11460 0.00211148
11470 0.00211148
11480 0.00211148
11490 0.00211148
11500 0.00211148
11510 0.00211148
11520 0.00211148
11530 0.00211148
11540 0.00211148
11550 0.00211148
11560 0.00211148
11570 0.00211148
11580 0.00211148
11590 0.00211148
11600 0.00211148
11610 0.00211148
11620 0.00211148
11630 0.00211148
11640 0.00211148
11650 0.00211148
11660 0.00211148
11670 0.00211148
11680 0.00211148
11690 0.00211148
11700 0.00211148
11710 0.00211148
11720 0.00211148
11730 0.00211148
11740 0.00211148
11750 0.00211148
11760 0.00211148
11770 0.00211148
11780 0.00211148
11790 0.00211148
11800 0.00211148
11810 0.00211148
11820 0.00211148
11830 0.00211148
11840 0.00211148
11850 0.00211148
11860 0.00211148
11870 0.00211148
11880 0.00211148
11890 0.00211148
11900 0.00211148
11910 0.00211148
11920 0.00211148
11930 0.00211148
11940 0.00211148
11950 0.00211148
11960 0.00211148
11970 0.00211148
11980 0.00211148
11990 0.00211148
12000 0.00211148
12010 0.00211148
12020 0.00211148
12030 0.00211148
12040 0.00211148
12050 0.00211148
12060 0.00211148
12070 0.00211148
12080 0.00211148
12090 0.00211148
12100 0.00211148
12110 0.00211148
12120 0.00211148
12130 0.00211148
12140 0.00211148
12150 0.00211148
12160 0.00211148
12170 0.00211148
12180 0.00211148
12190 0.00211148
12200 0.00211148
12210 0.00211148
12220 0.00211148
12230 0.00211148
12240 0.00211148
12250 0.00211148
12260 0.00211148
12270 0.00211148
12280 0.00211148
12290 0.00211148
12300 0.00211148
12310 0.00211148
12320 0.00211148
12330 0.00211148
12340 0.00211148
12350 0.00211148
12360 0.00211148
12370 0.00211148
12380 0.00211148
12390 0.00211148
12400 0.00211148
12410 0.00211148
12420 0.00211148
12430 0.00211148
12440 0.00211148
12450 0.00211148
12460 0.00211148
12470 0.00211148
12480 0.00211148
12490 0.00211148
12500 0.00211148
12510 0.00211148
12520 0.00211148
12530 0.00211148
12540 0.00211148
12550 0.00211148
12560 0.00211148
12570 0.00211148
12580 0.00211148
12590 0.00211148
12600 0.00211148
12610 0.00211148
12620 0.00211148
12630 0.00211148
12640 0.00211148
12650 0.00211148
12660 0.00211148
12670 0.00211148
12680 0.00211148
12690 0.00211148
12700 0.00211148
12710 0.00211148
12720 0.00211148
12730 0.00211148
12740 0.00211148
12750 0.00211148
12760 0.00211148
12770 0.00211148
12780 0.00211148
12790 0.00211148
12800 0.00211148
12810 0.00211148
12820 0.00211148
12830 0.00211148
12840 0.00211148
12850 0.00211148
12860 0.00211148
12870 0.00211148
12880 0.00211148
12890 0.00211148
12900 0.00211148
12910 0.00211148
12920 0.00211148
12930 0.00211148
12940 0.00211148
12950 0.00211148
12960 0.00211148
12970 0.00211148
12980 0.00211148
12990 0.00211148
13000 0.00211148
13010 0.00211148
13020 0.00211148
13030 0.00211148
13040 0.00211148
13050 0.00211148
13060 0.00211148
13070 0.00211148
13080 0.00211148
13090 0.00211148
13100 0.00211148
13110 0.00211148
13120 0.00211148
13130 0.00211148
13140 0.00211148
13150 0.00211148
13160 0.00211148
13170 0.00211148
13180 0.00211148
13190 0.00211148
13200 0.00211148
13210 0.00211148
13220 0.00211148
13230 0.00211148
13240 0.00211148
13250 0.00211148
13260 0.00211148
13270 0.00211148
13280 0.00211148
13290 0.00211148
13300 0.00211148
13310 0.00211148
13320 0.00211148
13330 0.00211148
13340 0.00211148
13350 0.00211148
13360 0.00211148
13370 0.00211148
13380 0.00211148
13390 0.00211148
13400 0.00211148
13410 0.00211148
13420 0.00211148
13430 0.00211148
13440 0.00211148
13450 0.00211148
13460 0.00211148
13470 0.00211148
13480 0.00211148
13490 0.00211148
13500 0.00211148
13510 0.00211148
13520 0.00211148
13530 0.00211148
13540 0.00211148
13550 0.00211148
13560 0.00211148
13570 0.00211148
13580 0.00211148
13590 0.00211148
13600 0.00211148
13610 0.00211148
13620 0.00211148
13630 0.00211148
13640 0.00211148
13650 0.00211148
13660 0.00211148
13670 0.00211148
13680 0.00211148
13690 0.00211148
13700 0.00211148
13710 0.00211148
13720 0.00211148
13730 0.00211148
13740 0.00211148
13750 0.00211148
13760 0.00211148
13770 0.00211148
13780 0.00211148
13790 0.00211148
13800 0.00211148
13810 0.00211148
13820 0.00211148
13830 0.00211148
13840 0.00211148
13850 0.00211148
13860 0.00211148
13870 0.00211148
13880 0.00211148
13890 0.00211148
13900 0.00211148
13910 0.00211148
13920 0.00211148
13930 0.00211148
13940 0.00211148
13950 0.00211148
13960 0.00211148
13970 0.00211148
13980 0.00211148
13990 0.00211148
14000 0.00211148
14010 0.00211148
14020 0.00211148
14030 0.00211148
14040 0.00211148
14050 0.00211148
14060 0.00211148
14070 0.00211148
14080 0.00211148
14090 0.00211148
14100 0.00211148
14110 0.00211148
14120 0.00211148
14130 0.00211148
14140 0.00211148
14150 0.00211148
14160 0.00211148
14170 0.00211148
14180 0.00211148
14190 0.00211148
14200 0.00211148
14210 0.00211148
14220 0.00211148
14230 0.00211148
14240 0.00211148
14250 0.00211148
14260 0.00211148
14270 0.00211148
14280 0.00211148
14290 0.00211148
14300 0.00211148
14310 0.00211148
14320 0.00211148
14330 0.00211148
14340 0.00211148
14350 0.00211148
14360 0.00211148
14370 0.00211148
14380 0.00211148
14390 0.00211148
14400 0.00211148
14410 0.00211148
14420 0.00211148
14430 0.00211148
14440 0.00211148
14450 0.00211148
14460 0.00211148
14470 0.00211148
14480 0.00211148
14490 0.00211148
14500 0.00211148
14510 0.00211148
14520 0.00211148
14530 0.00211148
14540 0.00211148
14550 0.00211148
14560 0.00211148
14570 0.00211148
14580 0.00211148
14590 0.00211148
14600 0.00211148
14610 0.00211148
14620 0.00211148
14630 0.00211148
14640 0.00211148
14650 0.00211148
14660 0.00211148
14670 0.00211148
14680 0.00211148
14690 0.00211148
14700 0.00211148
14710 0.00211148
14720 0.00211148
14730 0.00211148
14740 0.00211148
14750 0.00211148
14760 0.00211148
14770 0.00211148
14780 0.00211148
14790 0.00211148
14800 0.00211148
14810 0.00211148
14820 0.00211148
14830 0.00211148
14840 0.00211148
14850 0.00211148
14860 0.00211148
14870 0.00211148
14880 0.00211148
14890 0.00211148
14900 0.00211148
14910 0.00211148
14920 0.00211148
14930 0.00211148
14940 0.00211148
14950 0.00211148
14960 0.00211148
14970 0.00211148
14980 0.00211148
14990 0.00211148
15000 0.00211148
15010 0.00211148
15020 0.00211148
15030 0.00211148
15040 0.00211148
15050 0.00211148
15060 0.00211148
15070 0.00211148
15080 0.00211148
15090 0.00211148
15100 0.00211148
15110 0.00211148
15120 0.00211148
15130 0.00211148
15140 0.00211148
15150 0.00211148
15160 0.00211148
15170 0.00211148
15180 0.00211148
15190 0.00211148
15200 0.00211148
15210 0.00211148
15220 0.00211148
15230 0.00211148
15240 0.00211148
15250 0.00211148
15260 0.00211148
15270 0.00211148
15280 0.00211148
15290 0.00211148
15300 0.00211148
15310 0.00211148
15320 0.00211148
15330 0.00211148
15340 0.00211148
15350 0.00211148
15360 0.00211148
15370 0.00211148
15380 0.00211148
15390 0.00211148
15400 0.00211148
15410 0.00211148
15420 0.00211148
15430 0.00211148
15440 0.00211148
15450 0.00211148
15460 0.00211148
15470 0.00211148
15480 0.00211148
15490 0.00211148
15500 0.00211148
15510 0.00211148
15520 0.00211148
15530 0.00211148
15540 0.00211148
15550 0.00211148
15560 0.00211148
15570 0.00211148
15580 0.00211148
15590 0.00211148
15600 0.00211148
15610 0.00211148
15620 0.00211148
15630 0.00211148
15640 0.00211148
15650 0.00211148
15660 0.00211148
15670 0.00211148
15680 0.00211148
15690 0.00211148
15700 0.00211148
15710 0.00211148
15720 0.00211148
15730 0.00211148
15740 0.00211148
15750 0.00211148
15760 0.00211148
15770 0.00211148
15780 0.00211148
15790 0.00211148
15800 0.00211148
15810 0.00211148
15820 0.00211148
15830 0.00211148
15840 0.00211148
15850 0.00211148
15860 0.00211148
15870 0.00211148
15880 0.00211148
15890 0.00211148
15900 0.00211148
15910 0.00211148
15920 0.00211148
15930 0.00211148
15940 0.00211148
15950 0.00211148
15960 0.00211148
15970 0.00211148
15980 0.00211148
15990 0.00211148
16000 0.00211148
16010 0.00211148
16020 0.00211148
16030 0.00211148
16040 0.00211148
16050 0.00211148
16060 0.00211148
16070 0.00211148
16080 0.00211148
16090 0.00211148
16100 0.00211148
16110 0.00211148
16120 0.00211148
16130 0.00211148
16140 0.00211148
16150 0.00211148
16160 0.00211148
16170 0.00211148
16180 0.00211148
16190 0.00211148
16200 0.00211148
16210 0.00211148
16220 0.00211148
16230 0.00211148
16240 0.00211148
16250 0.00211148
16260 0.00211148
16270 0.00211148
16280 0.00211148
16290 0.00211148
16300 0.00211148
16310 0.00211148
16320 0.00211148
16330 0.00211148
16340 0.00211148
16350 0.00211148
16360 0.00211148
16370 0.00211148
16380 0.00211148
16390 0.00211148
16400 0.00211148
16410 0.00211148
16420 0.00211148
16430 0.00211148
16440 0.00211148
16450 0.00211148
16460 0.00211148
16470 0.00211148
16480 0.00211148
16490 0.00211148
16500 0.00211148
16510 0.00211148
16520 0.00211148
16530 0.00211148
16540 0.00211148
16550 0.00211148
16560 0.00211148
16570 0.00211148
16580 0.00211148
16590 0.00211148
16600 0.00211148
16610 0.00211148
16620 0.00211148
16630 0.00211148
16640 0.00211148
16650 0.00211148
16660 0.00211148
16670 0.00211148
16680 0.00211148
16690 0.00211148
16700 0.00211148
16710 0.00211148
16720 0.00211148
16730 0.00211148
16740 0.00211148
16750 0.00211148
16760 0.00211148
16770 0.00211148
16780 0.00211148
16790 0.00211148
16800 0.00211148
16810 0.00211148
16820 0.00211148
16830 0.00211148
16840 0.00211148
16850 0.00211148
16860 0.00211148
16870 0.00211148
16880 0.00211148
16890 0.00211148
16900 0.00211148
16910 0.00211148
16920 0.00211148
16930 0.00211148
16940 0.00211148
16950 0.00211148
16960 0.00211148
16970 0.00211148
16980 0.00211148
16990 0.00211148
17000 0.00211148
17010 0.00211148
17020 0.00211148
17030 0.00211148
17040 0.00211148
17050 0.00211148
17060 0.00211148
17070 0.00211148
17080 0.00211148
17090 0.00211148
17100 0.00211148
17110 0.00211148
17120 0.00211148
17130 0.00211148
17140 0.00211148
17150 0.00211148
17160 0.00211148
17170 0.00211148
17180 0.00211148
17190 0.00211148
17200 0.00211148
17210 0.00211148
17220 0.00211148
17230 0.00211148
17240 0.00211148
17250 0.00211148
17260 0.00211148
17270 0.00211148
17280 0.00211148
17290 0.00211148
17300 0.00211148
17310 0.00211148
17320 0.00211148
17330 0.00211148
17340 0.00211148
17350 0.00211148
17360 0.00211148
17370 0.00211148
17380 0.00211148
17390 0.00211148
17400 0.00211148
17410 0.00211148
17420 0.00211148
17430 0.00211148
17440 0.00211148
17450 0.00211148
17460 0.00211148
17470 0.00211148
17480 0.00211148
17490 0.00211148
17500 0.00211148
17510 0.00211148
17520 0.00211148
17530 0.00211148
17540 0.00211148
17550 0.00211148
17560 0.00211148
17570 0.00211148
17580 0.00211148
17590 0.00211148
17600 0.00211148
17610 0.00211148
17620 0.00211148
17630 0.00211148
17640 0.00211148
17650 0.00211148
17660 0.00211148
17670 0.00211148
17680 0.00211148
17690 0.00211148
17700 0.00211148
17710 0.00211148
17720 0.00211148
17730 0.00211148
17740 0.00211148
17750 0.00211148
17760 0.00211148
17770 0.00211148
17780 0.00211148
17790 0.00211148
17800 0.00211148
17810 0.00211148
17820 0.00211148
17830 0.00211148
17840 0.00211148
17850 0.00211148
17860 0.00211148
17870 0.00211148
17880 0.00211148
17890 0.00211148
17900 0.00211148
17910 0.00211148
17920 0.00211148
17930 0.00211148
17940 0.00211148
17950 0.00211148
17960 0.00211148
17970 0.00211148
17980 0.00211148
17990 0.00211148
18000 0.00211148
18010 0.00211148
18020 0.00211148
18030 0.00211148
18040 0.00211148
18050 0.00211148
18060 0.00211148
18070 0.00211148
18080 0.00211148
18090 0.00211148
18100 0.00211148
18110 0.00211148
18120 0.00211148
18130 0.00211148
18140 0.00211148
18150 0.00211148
18160 0.00211148
18170 0.00211148
18180 0.00211148
18190 0.00211148
18200 0.00211148
18210 0.00211148
18220 0.00211148
18230 0.00211148
18240 0.00211148
18250 0.00211148
18260 0.00211148
18270 0.00211148
18280 0.00211148
18290 0.00211148
18300 0.00211148
18310 0.00211148
18320 0.00211148
18330 0.00211148
18340 0.00211148
18350 0.00211148
18360 0.00211148
18370 0.00211148
18380 0.00211148
18390 0.00211148
18400 0.00211148
18410 0.00211148
18420 0.00211148
18430 0.00211148
18440 0.00211148
18450 0.00211148
18460 0.00211148
18470 0.00211148
18480 0.00211148
18490 0.00211148
18500 0.00211148
18510 0.00211148
18520 0.00211148
18530 0.00211148
18540 0.00211148
18550 0.00211148
18560 0.00211148
18570 0.00211148
18580 0.00211148
18590 0.00211148
18600 0.00211148
18610 0.00211148
18620 0.00211148
18630 0.00211148
18640 0.00211148
18650 0.00211148
18660 0.00211148
18670 0.00211148
18680 0.00211148
18690 0.00211148
18700 0.00211148
18710 0.00211148
18720 0.00211148
18730 0.00211148
18740 0.00211148
18750 0.00211148
18760 0.00211148
18770 0.00211148
18780 0.00211148
18790 0.00211148
18800 0.00211148
18810 0.00211148
18820 0.00211148
18830 0.00211148
18840 0.00211148
18850 0.00211148
18860 0.00211148
18870 0.00211148
18880 0.00211148
18890 0.00211148
18900 0.00211148
18910 0.00211148
18920 0.00211148
18930 0.00211148
18940 0.00211148
18950 0.00211148
18960 0.00211148
18970 0.00211148
18980 0.00211148
18990 0.00211148
19000 0.00211148
19010 0.00211148
19020 0.00211148
19030 0.00211148
19040 0.00211148
19050 0.00211148
19060 0.00211148
19070 0.00211148
19080 0.00211148
19090 0.00211148
19100 0.00211148
19110 0.00211148
19120 0.00211148
19130 0.00211148
19140 0.00211148
19150 0.00211148
19160 0.00211148
19170 0.00211148
19180 0.00211148
19190 0.00211148
19200 0.00211148
19210 0.00211148
19220 0.00211148
19230 0.00211148
19240 0.00211148
19250 0.00211148
19260 0.00211148
19270 0.00211148
19280 0.00211148
19290 0.00211148
19300 0.00211148
19310 0.00211148
19320 0.00211148
19330 0.00211148
19340 0.00211148
19350 0.00211148
19360 0.00211148
19370 0.00211148
19380 0.00211148
19390 0.00211148
19400 0.00211148
19410 0.00211148
19420 0.00211148
19430 0.00211148
19440 0.00211148
19450 0.00211148
19460 0.00211148
19470 0.00211148
19480 0.00211148
19490 0.00211148
19500 0.00211148
19510 0.00211148
19520 0.00211148
19530 0.00211148
19540 0.00211148
19550 0.00211148
19560 0.00211148
19570 0.00211148
19580 0.00211148
19590 0.00211148
19600 0.00211148
19610 0.00211148
19620 0.00211148
19630 0.00211148
19640 0.00211148
19650 0.00211148
19660 0.00211148
19670 0.00211148
19680 0.00211148
19690 0.00211148
19700 0.00211148
19710 0.00211148
19720 0.00211148
19730 0.00211148
19740 0.00211148
19750 0.00211148
19760 0.00211148
19770 0.00211148
19780 0.00211148
19790 0.00211148
19800 0.00211148
19810 0.00211148
19820 0.00211148
19830 0.00211148
19840 0.00211148
19850 0.00211148
19860 0.00211148
19870 0.00211148
19880 0.00211148
19890 0.00211148
19900 0.00211148
19910 0.00211148
19920 0.00211148
19930 0.00211148
19940 0.00211148
19950 0.00211148
19960 0.00211148
19970 0.00211148
19980 0.00211148
19990 0.00211148
20000 0.00211148
-END-OF-DATA-
