  4.751114e-01
  4.341077e-01
  4.054815e-01
  4.109813e-01
  4.033909e-01
  3.739782e-01
  3.334828e-01
  2.991344e-01
  2.710593e-01
  2.559583e-01
  2.304887e-01
  2.175657e-01
  2.083998e-01
  2.024411e-01
  2.030740e-01
  2.100061e-01
  2.106277e-01
  2.042606e-01
  2.107148e-01
  2.277737e-01
  2.401385e-01
  2.354629e-01
  2.245870e-01
  2.110994e-01
  2.039763e-01
  2.040424e-01
  2.106272e-01
  2.188500e-01
  2.385084e-01
  2.659881e-01
  2.993457e-01
  3.327138e-01
  3.544415e-01
  3.715204e-01
  4.482220e-01
  5.610541e-01
