  0.4638  0.4647  0.4655  0.4659  0.4661  0.4668  0.4674  0.4677  0.4675  0.4669  0.4674  0.4676  0.4676  0.4678  0.4674  0.4674  0.4677  0.4677  0.4677  0.4673  0.4670  0.4666  0.4660  0.4657  0.4663  0.4665  0.4668  0.4668  0.4663  0.4653  0.4648  0.4644  0.4640  0.4636  0.4633  0.4634
  0.4372  0.4394  0.4408  0.4412  0.4426  0.4434  0.4442  0.4453  0.4458  0.4460  0.4468  0.4468  0.4470  0.4479  0.4474  0.4462  0.4447  0.4427  0.4416  0.4406  0.4411  0.4403  0.4394  0.4378  0.4388  0.4400  0.4413  0.4415  0.4403  0.4388  0.4372  0.4355  0.4334  0.4330  0.4341  0.4358
  0.4261  0.4287  0.4305  0.4312  0.4330  0.4347  0.4362  0.4375  0.4386  0.4395  0.4399  0.4396  0.4405  0.4411  0.4404  0.4387  0.4386  0.4372  0.4345  0.4317  0.4295  0.4286  0.4279  0.4277  0.4288  0.4304  0.4324  0.4333  0.4308  0.4255  0.4227  0.4188  0.4182  0.4194  0.4216  0.4235
  0.4068  0.4102  0.4133  0.4156  0.4165  0.4179  0.4189  0.4191  0.4199  0.4209  0.4219  0.4214  0.4208  0.4214  0.4215  0.4196  0.4188  0.4191  0.4175  0.4155  0.4121  0.4095  0.4081  0.4067  0.4058  0.4054  0.4041  0.4037  0.4065  0.4046  0.3996  0.3957  0.3951  0.3974  0.4005  0.4034
  0.3843  0.3882  0.3907  0.3919  0.3929  0.3940  0.3955  0.3939  0.3939  0.3948  0.3952  0.3949  0.3938  0.3933  0.3936  0.3925  0.3912  0.3900  0.3887  0.3889  0.3871  0.3868  0.3848  0.3832  0.3776  0.3641  0.3454  0.3324  0.3416  0.3530  0.3594  0.3630  0.3666  0.3722  0.3757  0.3795
  0.3523  0.3534  0.3539  0.3542  0.3561  0.3567  0.3573  0.3557  0.3564  0.3554  0.3541  0.3540  0.3545  0.3538  0.3534  0.3524  0.3512  0.3506  0.3507  0.3512  0.3520  0.3535  0.3534  0.3493  0.3409  0.3240  0.3392  0.3202  0.2923  0.2979  0.3232  0.3331  0.3383  0.3415  0.3453  0.3488
  0.3079  0.3068  0.3069  0.3085  0.3105  0.3115  0.3121  0.3103  0.3093  0.3083  0.3087  0.3106  0.3117  0.3133  0.3148  0.3135  0.3131  0.3141  0.3149  0.3162  0.3176  0.3177  0.3161  0.3106  0.3028  0.3560  0.3015  0.3294  0.2877  0.2815  0.3144  0.3151  0.3121  0.3078  0.3063  0.3073
  0.2676  0.2666  0.2678  0.2706  0.2738  0.2744  0.2755  0.2734  0.2715  0.2726  0.2760  0.2805  0.2846  0.2893  0.2912  0.2902  0.2907  0.2912  0.2914  0.2914  0.2896  0.2870  0.2830  0.2795  0.2588  0.2192  0.2152  0.2737  0.2654  0.2578  0.2709  0.2665  0.2629  0.2623  0.2653  0.2680
  0.2341  0.2360  0.2423  0.2473  0.2490  0.2488  0.2493  0.2488  0.2498  0.2542  0.2602  0.2664  0.2719  0.2765  0.2759  0.2740  0.2728  0.2725  0.2699  0.2662  0.2617  0.2563  0.2529  0.2511  0.2344  0.1802  0.1811  0.2445  0.2023  0.2205  0.2149  0.2141  0.2180  0.2268  0.2340  0.2347
  0.2216  0.2244  0.2296  0.2325  0.2338  0.2335  0.2344  0.2364  0.2403  0.2465  0.2536  0.2608  0.2660  0.2688  0.2656  0.2611  0.2582  0.2566  0.2530  0.2472  0.2420  0.2375  0.2339  0.2331  0.2315  0.1878  0.1798  0.1981  0.1857  0.1953  0.1917  0.1999  0.2085  0.2195  0.2238  0.2230
  0.2102  0.2112  0.2152  0.2183  0.2203  0.2212  0.2238  0.2297  0.2370  0.2446  0.2518  0.2575  0.2603  0.2572  0.2498  0.2426  0.2373  0.2323  0.2273  0.2222  0.2192  0.2163  0.2127  0.2151  0.2174  0.1714  0.1781  0.1797  0.1807  0.1807  0.1844  0.1948  0.2052  0.2141  0.2160  0.2139
  0.2061  0.2053  0.2089  0.2107  0.2133  0.2176  0.2225  0.2305  0.2379  0.2448  0.2499  0.2516  0.2503  0.2432  0.2342  0.2247  0.2179  0.2114  0.2052  0.2003  0.1989  0.1983  0.1977  0.2001  0.2018  0.1846  0.1792  0.1773  0.1741  0.1760  0.1786  0.1915  0.2034  0.2116  0.2147  0.2116
  0.2061  0.2047  0.2094  0.2100  0.2122  0.2206  0.2292  0.2366  0.2426  0.2472  0.2501  0.2474  0.2418  0.2330  0.2231  0.2130  0.2059  0.1984  0.1905  0.1857  0.1849  0.1872  0.1896  0.1904  0.1899  0.1802  0.1714  0.1692  0.1655  0.1739  0.1755  0.1919  0.2048  0.2119  0.2159  0.2128
  0.2145  0.2150  0.2219  0.2226  0.2264  0.2387  0.2492  0.2549  0.2579  0.2561  0.2530  0.2450  0.2365  0.2286  0.2211  0.2139  0.2079  0.2004  0.1915  0.1853  0.1830  0.1866  0.1887  0.1844  0.1783  0.1703  0.1683  0.1731  0.1763  0.2056  0.1862  0.1981  0.2110  0.2165  0.2209  0.2192
  0.2235  0.2247  0.2347  0.2398  0.2446  0.2536  0.2590  0.2597  0.2577  0.2528  0.2467  0.2394  0.2334  0.2274  0.2237  0.2213  0.2199  0.2167  0.2097  0.2024  0.1964  0.1955  0.1939  0.1826  0.1702  0.1670  0.1753  0.1900  0.1956  0.2138  0.2404  0.2200  0.2239  0.2281  0.2327  0.2306
  0.2132  0.2050  0.2198  0.2283  0.2334  0.2391  0.2375  0.2318  0.2274  0.2226  0.2195  0.2185  0.2197  0.2195  0.2202  0.2225  0.2275  0.2313  0.2304  0.2277  0.2207  0.2127  0.2031  0.1860  0.1710  0.1664  0.1799  0.2092  0.2127  0.2363  0.3191  0.2417  0.2364  0.2412  0.2441  0.2354
  0.2076  0.2150  0.1771  0.1804  0.1765  0.1790  0.1732  0.1683  0.1663  0.1654  0.1687  0.1740  0.1831  0.1892  0.1943  0.2016  0.2127  0.2229  0.2300  0.2357  0.2369  0.2303  0.2105  0.2085  0.1959  0.1644  0.1755  0.2104  0.2209  0.2470  0.2755  0.2425  0.2390  0.2441  0.2440  0.2312
  0.2236  0.2383  0.1793  0.1601  0.1487  0.1504  0.1477  0.1472  0.1472  0.1461  0.1501  0.1561  0.1642  0.1677  0.1720  0.1793  0.1925  0.2059  0.2163  0.2238  0.2281  0.2311  0.2345  0.2891  0.3008  0.1967  0.2194  0.1953  0.2096  0.2129  0.2161  0.2252  0.2316  0.2357  0.2376  0.2299
  0.2354  0.2869  0.2352  0.1675  0.1588  0.1551  0.1492  0.1474  0.1456  0.1429  0.1452  0.1492  0.1549  0.1572  0.1608  0.1679  0.1806  0.1927  0.2030  0.2132  0.2170  0.2189  0.2284  0.2760  0.3745  0.2866  0.2458  0.1851  0.1941  0.1944  0.1980  0.2176  0.2222  0.2277  0.2351  0.2358
  0.2638  0.2869  0.2282  0.1947  0.2215  0.1768  0.1714  0.1670  0.1633  0.1582  0.1566  0.1558  0.1576  0.1601  0.1673  0.1811  0.1986  0.2111  0.2175  0.2261  0.2317  0.2256  0.2052  0.2055  0.2739  0.3270  0.2498  0.1960  0.1880  0.1919  0.1982  0.2108  0.2145  0.2191  0.2289  0.2305
  0.2483  0.2651  0.2095  0.2139  0.2709  0.2047  0.2074  0.2102  0.2085  0.2058  0.2021  0.1960  0.1888  0.1821  0.1823  0.1942  0.2154  0.2331  0.2444  0.2557  0.2659  0.2444  0.1937  0.1886  0.2499  0.3265  0.2488  0.2094  0.2154  0.1944  0.2025  0.2117  0.2168  0.2170  0.2167  0.2108
  0.2326  0.2269  0.1893  0.2027  0.2590  0.2111  0.2142  0.2252  0.2247  0.2237  0.2210  0.2139  0.2033  0.1914  0.1855  0.1893  0.2036  0.2201  0.2379  0.2536  0.2596  0.2305  0.1962  0.1990  0.2613  0.3189  0.2434  0.2160  0.2132  0.1924  0.2028  0.2148  0.2210  0.2171  0.2094  0.1968
  0.2128  0.2044  0.1767  0.1600  0.2193  0.2066  0.2076  0.2186  0.2210  0.2213  0.2194  0.2146  0.2070  0.1978  0.1915  0.1883  0.1905  0.1994  0.2143  0.2286  0.2306  0.2067  0.1771  0.1929  0.2346  0.3033  0.2431  0.2022  0.1946  0.1871  0.1974  0.2085  0.2127  0.2072  0.1954  0.1896
  0.2120  0.1913  0.1568  0.1406  0.1929  0.2025  0.1884  0.2068  0.2150  0.2191  0.2201  0.2186  0.2148  0.2102  0.2051  0.2003  0.1947  0.1931  0.1956  0.2020  0.2010  0.1832  0.1674  0.1669  0.1984  0.2433  0.2353  0.1992  0.1659  0.1809  0.1891  0.1975  0.1997  0.1883  0.1732  0.2026
  0.2175  0.1846  0.1489  0.1643  0.1892  0.1840  0.1880  0.2009  0.2105  0.2186  0.2241  0.2257  0.2248  0.2210  0.2161  0.2120  0.2058  0.2011  0.2007  0.2030  0.1925  0.1684  0.1523  0.1426  0.1732  0.2054  0.2124  0.1818  0.1707  0.1808  0.1880  0.1944  0.1951  0.1735  0.1681  0.2062
  0.2211  0.2045  0.1654  0.1802  0.1894  0.1994  0.1951  0.2035  0.2090  0.2174  0.2264  0.2309  0.2329  0.2308  0.2274  0.2236  0.2176  0.2105  0.2078  0.2054  0.1845  0.1653  0.1624  0.1465  0.1649  0.2006  0.1937  0.1797  0.1835  0.1867  0.1894  0.1941  0.1943  0.1630  0.2027  0.2341
  0.2242  0.2313  0.1954  0.2006  0.2052  0.2102  0.2062  0.2183  0.2148  0.2193  0.2282  0.2358  0.2404  0.2416  0.2413  0.2393  0.2344  0.2277  0.2243  0.2219  0.1963  0.1703  0.1738  0.1616  0.1635  0.1969  0.1904  0.2034  0.2055  0.1999  0.1900  0.1999  0.1962  0.1687  0.2006  0.2022
  0.2395  0.2469  0.2185  0.2257  0.2111  0.2136  0.2187  0.2430  0.2337  0.2305  0.2348  0.2421  0.2481  0.2519  0.2543  0.2546  0.2534  0.2489  0.2455  0.2447  0.2356  0.2092  0.2002  0.2079  0.1904  0.2050  0.2040  0.2300  0.2299  0.2206  0.2178  0.2137  0.2143  0.2093  0.2271  0.2180
  0.2659  0.2712  0.2608  0.2442  0.2245  0.2186  0.2216  0.2757  0.2759  0.2645  0.2613  0.2635  0.2665  0.2711  0.2758  0.2810  0.2835  0.2840  0.2839  0.2843  0.2786  0.2584  0.2420  0.2437  0.2521  0.2102  0.2356  0.2596  0.2656  0.2507  0.2514  0.2568  0.2626  0.2603  0.2499  0.2569
  0.3293  0.3247  0.3188  0.2992  0.2516  0.2348  0.2298  0.2939  0.3106  0.3031  0.2963  0.2953  0.2980  0.3038  0.3099  0.3168  0.3210  0.3241  0.3267  0.3293  0.3286  0.3074  0.2779  0.3090  0.2533  0.2285  0.2674  0.2877  0.3031  0.2917  0.2983  0.3108  0.3233  0.3176  0.2986  0.3112
  0.3235  0.3199  0.3808  0.3550  0.2765  0.2643  0.2541  0.3029  0.3370  0.3383  0.3321  0.3326  0.3394  0.3511  0.3621  0.3701  0.3717  0.3731  0.3731  0.3777  0.3720  0.3303  0.3392  0.3619  0.2498  0.2863  0.3132  0.3177  0.3293  0.3476  0.3566  0.3576  0.3556  0.3482  0.2926  0.3102
  0.2929  0.2959  0.3105  0.3235  0.2896  0.2816  0.2719  0.2944  0.3386  0.3630  0.3665  0.3719  0.3866  0.4022  0.4128  0.4193  0.4173  0.4107  0.4073  0.4096  0.3988  0.4221  0.3926  0.2918  0.2878  0.3316  0.3419  0.3474  0.3019  0.3663  0.3814  0.3674  0.3701  0.3421  0.3102  0.2931
  0.2850  0.2893  0.2932  0.3034  0.2971  0.2851  0.2859  0.2983  0.3450  0.3872  0.3619  0.4039  0.3719  0.4140  0.4287  0.4348  0.4296  0.4165  0.3977  0.4032  0.3799  0.3680  0.3064  0.2855  0.2907  0.3026  0.3180  0.3561  0.3170  0.3239  0.3432  0.3156  0.3376  0.3390  0.3505  0.3443
  0.2999  0.2933  0.2887  0.2923  0.3310  0.3252  0.2955  0.3142  0.3768  0.4078  0.3975  0.3858  0.3681  0.4064  0.3966  0.4126  0.4074  0.4016  0.3964  0.3869  0.3664  0.3526  0.3151  0.3068  0.2988  0.2882  0.2998  0.3287  0.3357  0.2987  0.3026  0.2982  0.2941  0.2953  0.2895  0.3070
  0.3087  0.3138  0.3020  0.3000  0.3097  0.3119  0.3134  0.3361  0.4050  0.4304  0.4252  0.4115  0.3991  0.3963  0.4207  0.4081  0.3927  0.4007  0.3921  0.3912  0.3713  0.3572  0.3412  0.3372  0.3406  0.3321  0.3082  0.3035  0.3043  0.2945  0.2950  0.2946  0.2908  0.2880  0.2868  0.2910
  0.3338  0.3356  0.3352  0.3372  0.3397  0.3415  0.3419  0.3412  0.3466  0.3765  0.3854  0.3821  0.3765  0.3774  0.3760  0.3893  0.3915  0.3712  0.3521  0.3666  0.4015  0.4018  0.4127  0.4068  0.3795  0.3886  0.3507  0.3781  0.3657  0.3323  0.3262  0.3217  0.3224  0.3225  0.3225  0.3284
