-START-OF-DATA-
0 0.000278
10 0.000278
20 0.000278
30 0.000278
40 0.000278
50 0.000278
60 0.000278
70 0.000278
80 0.000278
90 0.000278
100 0.000278
110 0.000278
120 0.000278
130 0.000278
140 0.000278
150 0.000278
160 0.000278
170 0.000278
180 0.000278
190 0.000278
200 0.000278
210 0.000278
220 0.000278
230 0.000278
240 0.000278
250 0.000278
260 0.000278
270 0.000278
280 0.000278
290 0.000278
300 0.000278
310 0.000278
320 0.000278
330 0.000278
340 0.000278
350 0.000278
360 0.000278
370 0.000278
380 0.000278
390 0.000278
400 0.000278
410 0.000278
420 0.000278
430 0.000278
440 0.000278
450 0.000278
460 0.000278
470 0.000278
480 0.000278
490 0.000278
500 0.000278
510 0.000278
520 0.000278
530 0.000278
540 0.000278
550 0.000278
560 0.000278
570 0.000278
580 0.000278
590 0.000278
600 0.000278
610 0.000278
620 0.000278
630 0.000278
640 0.000278
650 0.000278
660 0.000278
670 0.000278
680 0.000278
690 0.000278
700 0.000278
710 0.000278
720 0.000278
730 0.000278
740 0.000278
750 0.000278
760 0.000278
770 0.000278
780 0.000278
790 0.000278
800 0.000278
810 0.000278
820 0.000278
830 0.000278
840 0.000278
850 0.000278
860 0.000278
870 0.000278
880 0.000278
890 0.000278
900 0.000278
910 0.000278
920 0.000278
930 0.000278
940 0.000278
950 0.000278
960 0.000278
970 0.000278
980 0.000278
990 0.000278
1000 0.000278
1010 0.000278
1020 0.000278
1030 0.000278
1040 0.000278
1050 0.000278
1060 0.000278
1070 0.000278
1080 0.000278
1090 0.000278
1100 0.000278
1110 0.000278
1120 0.000278
1130 0.000278
1140 0.000278
1150 0.000278
1160 0.000278
1170 0.000278
1180 0.000278
1190 0.000278
1200 0.000278
1210 0.000278
1220 0.000278
1230 0.000278
1240 0.000278
1250 0.000278
1260 0.000278
1270 0.000278
1280 0.000278
1290 0.000278
1300 0.000278
1310 0.000278
1320 0.000278
1330 0.000278
1340 0.000278
1350 0.000278
1360 0.000278
1370 0.000278
1380 0.000278
1390 0.000278
1400 0.000278
1410 0.000278
1420 0.000278
1430 0.000278
1440 0.000278
1450 0.000278
1460 0.000278
1470 0.000278
1480 0.000278
1490 0.000278
1500 0.000278
1510 0.000278
1520 0.000278
1530 0.000278
1540 0.000278
1550 0.000278
1560 0.000278
1570 0.000278
1580 0.000278
1590 0.000278
1600 0.000278
1610 0.000278
1620 0.000278
1630 0.000278
1640 0.000278
1650 0.000278
1660 0.000278
1670 0.000278
1680 0.000278
1690 0.000278
1700 0.000278
1710 0.000278
1720 0.000278
1730 0.000278
1740 0.000278
1750 0.000278
1760 0.000278
1770 0.000278
1780 0.000278
1790 0.000278
1800 0.000278
1810 0.000278
1820 0.000278
1830 0.000278
1840 0.000278
1850 0.000278
1860 0.000278
1870 0.000278
1880 0.000278
1890 0.000278
1900 0.000278
1910 0.000278
1920 0.000278
1930 0.000278
1940 0.000278
1950 0.000278
1960 0.000278
1970 0.000278
1980 0.000278
1990 0.000278
2000 0.000278
2010 0.000280118803986711
2020 0.000282237607973422
2030 0.000284356411960133
2040 0.000286475215946844
2050 0.000288594019933555
2060 0.000290712823920266
2070 0.000292831627906977
2080 0.000294950431893688
2090 0.000297069235880399
2100 0.00029918803986711
2110 0.000301306843853821
2120 0.000303425647840532
2130 0.000305544451827242
2140 0.000307663255813953
2150 0.000309782059800664
2160 0.000311900863787375
2170 0.000314019667774086
2180 0.000316138471760797
2190 0.000318257275747508
2200 0.000320376079734219
2210 0.00032249488372093
2220 0.000324613687707641
2230 0.000326732491694352
2240 0.000328851295681063
2250 0.000330970099667774
2260 0.000333088903654485
2270 0.000335207707641196
2280 0.000337326511627907
2290 0.000339445315614618
2300 0.000341564119601329
2310 0.00034368292358804
2320 0.000345801727574751
2330 0.000347920531561462
2340 0.000350039335548173
2350 0.000352158139534884
2360 0.000354276943521595
2370 0.000356395747508306
2380 0.000358514551495017
2390 0.000360633355481728
2400 0.000362752159468439
2410 0.00036487096345515
2420 0.00036698976744186
2430 0.000369108571428571
2440 0.000371227375415282
2450 0.000373346179401993
2460 0.000375464983388704
2470 0.000377583787375415
2480 0.000379702591362126
2490 0.000381821395348837
2500 0.000383940199335548
2510 0.000386059003322259
2520 0.00038817780730897
2530 0.000390296611295681
2540 0.000392415415282392
2550 0.000394534219269103
2560 0.000396653023255814
2570 0.000398771827242525
2580 0.000400890631229236
2590 0.000403009435215947
2600 0.000405128239202658
2610 0.000407247043189369
2620 0.00040936584717608
2630 0.000411484651162791
2640 0.000413603455149502
2650 0.000415722259136213
2660 0.000417841063122924
2670 0.000419959867109635
2680 0.000422078671096345
2690 0.000424197475083056
2700 0.000426316279069767
2710 0.000428435083056478
2720 0.000430553887043189
2730 0.0004326726910299
2740 0.000434791495016611
2750 0.000436910299003322
2760 0.000439029102990033
2770 0.000441147906976744
2780 0.000443266710963455
2790 0.000445385514950166
2800 0.000447504318936877
2810 0.000449623122923588
2820 0.000451741926910299
2830 0.00045386073089701
2840 0.000455979534883721
2850 0.000458098338870432
2860 0.000460217142857143
2870 0.000462335946843854
2880 0.000464454750830565
2890 0.000466573554817276
2900 0.000468692358803987
2910 0.000470811162790698
2920 0.000472929966777409
2930 0.00047504877076412
2940 0.000477167574750831
2950 0.000479286378737542
2960 0.000481405182724252
2970 0.000483523986710963
2980 0.000485642790697674
2990 0.000487761594684385
3000 0.000489880398671096
3010 0.000491999202657807
3020 0.000494118006644518
3030 0.000496236810631229
3040 0.00049835561461794
3050 0.000500474418604651
3060 0.000502593222591362
3070 0.000504712026578073
3080 0.000506830830564784
3090 0.000508949634551495
3100 0.000511068438538206
3110 0.000513187242524917
3120 0.000515306046511628
3130 0.000517424850498339
3140 0.00051954365448505
3150 0.000521662458471761
3160 0.000523781262458472
3170 0.000525900066445183
3180 0.000528018870431894
3190 0.000530137674418605
3200 0.000532256478405316
3210 0.000534375282392027
3220 0.000536494086378737
3230 0.000538612890365449
3240 0.000540731694352159
3250 0.00054285049833887
3260 0.000544969302325581
3270 0.000547088106312292
3280 0.000549206910299003
3290 0.000551325714285714
3300 0.000553444518272425
3310 0.000555563322259136
3320 0.000557682126245847
3330 0.000559800930232558
3340 0.000561919734219269
3350 0.00056403853820598
3360 0.000566157342192691
3370 0.000568276146179402
3380 0.000570394950166113
3390 0.000572513754152824
3400 0.000574632558139535
3410 0.000576751362126246
3420 0.000578870166112957
3430 0.000580988970099668
3440 0.000583107774086379
3450 0.00058522657807309
3460 0.000587345382059801
3470 0.000589464186046512
3480 0.000591582990033223
3490 0.000593701794019934
3500 0.000595820598006645
3510 0.000597939401993356
3520 0.000600058205980066
3530 0.000602177009966777
3540 0.000604295813953488
3550 0.000606414617940199
3560 0.00060853342192691
3570 0.000610652225913621
3580 0.000612771029900332
3590 0.000614889833887043
3600 0.000617008637873754
3610 0.000619127441860465
3620 0.000621246245847176
3630 0.000623365049833887
3640 0.000625483853820598
3650 0.000627602657807309
3660 0.00062972146179402
3670 0.000631840265780731
3680 0.000633959069767442
3690 0.000636077873754153
3700 0.000638196677740864
3710 0.000640315481727575
3720 0.000642434285714286
3730 0.000644553089700997
3740 0.000646671893687708
3750 0.000648790697674419
3760 0.00065090950166113
3770 0.00065302830564784
3780 0.000655147109634551
3790 0.000657265913621262
3800 0.000659384717607973
3810 0.000661503521594684
3820 0.000663622325581395
3830 0.000665741129568106
3840 0.000667859933554817
3850 0.000669978737541528
3860 0.000672097541528239
3870 0.00067421634551495
3880 0.000676335149501661
3890 0.000678453953488372
3900 0.000680572757475083
3910 0.000682691561461794
3920 0.000684810365448505
3930 0.000686929169435216
3940 0.000689047973421927
3950 0.000691166777408638
3960 0.000693285581395349
3970 0.00069540438538206
3980 0.000697523189368771
3990 0.000699641993355482
4000 0.000701760797342193
4010 0.000703879601328904
4020 0.000705998405315615
4030 0.000708117209302326
4040 0.000710236013289036
4050 0.000712354817275748
4060 0.000714473621262459
4070 0.000716592425249169
4080 0.00071871122923588
4090 0.000720830033222591
4100 0.000722948837209302
4110 0.000725067641196013
4120 0.000727186445182724
4130 0.000729305249169435
4140 0.000731424053156146
4150 0.000733542857142857
4160 0.000735661661129568
4170 0.000737780465116279
4180 0.00073989926910299
4190 0.000742018073089701
4200 0.000744136877076412
4210 0.000746255681063123
4220 0.000748374485049834
4230 0.000750493289036545
4240 0.000752612093023256
4250 0.000754730897009967
4260 0.000756849700996678
4270 0.000758968504983389
4280 0.0007610873089701
4290 0.000763206112956811
4300 0.000765324916943522
4310 0.000767443720930233
4320 0.000769562524916944
4330 0.000771681328903655
4340 0.000773800132890365
4350 0.000775918936877076
4360 0.000778037740863787
4370 0.000780156544850498
4380 0.000782275348837209
4390 0.00078439415282392
4400 0.000786512956810631
4410 0.000788631760797342
4420 0.000790750564784053
4430 0.000792869368770764
4440 0.000794988172757475
4450 0.000797106976744186
4460 0.000799225780730897
4470 0.000801344584717608
4480 0.000803463388704319
4490 0.00080558219269103
4500 0.000807700996677741
4510 0.000809819800664452
4520 0.000811938604651163
4530 0.000814057408637874
4540 0.000816176212624585
4550 0.000818295016611296
4560 0.000820413820598007
4570 0.000822532624584718
4580 0.000824651428571429
4590 0.00082677023255814
4600 0.00082888903654485
4610 0.000831007840531561
4620 0.000833126644518273
4630 0.000835245448504983
4640 0.000837364252491694
4650 0.000839483056478405
4660 0.000841601860465116
4670 0.000843720664451827
4680 0.000845839468438538
4690 0.000847958272425249
4700 0.00085007707641196
4710 0.000852195880398671
4720 0.000854314684385382
4730 0.000856433488372093
4740 0.000858552292358804
4750 0.000860671096345515
4760 0.000862789900332226
4770 0.000864908704318937
4780 0.000867027508305648
4790 0.000869146312292359
4800 0.00087126511627907
4810 0.000873383920265781
4820 0.000875502724252492
4830 0.000877621528239203
4840 0.000879740332225914
4850 0.000881859136212625
4860 0.000883977940199335
4870 0.000886096744186047
4880 0.000888215548172758
4890 0.000890334352159468
4900 0.000892453156146179
4910 0.00089457196013289
4920 0.000896690764119601
4930 0.000898809568106312
4940 0.000900928372093023
4950 0.000903047176079734
4960 0.000905165980066445
4970 0.000907284784053156
4980 0.000909403588039867
4990 0.000911522392026578
5000 0.000913641196013289
5010 0.00091576
5020 0.00091576
5030 0.00091576
5040 0.00091576
5050 0.00091576
5060 0.00091576
5070 0.00091576
5080 0.00091576
5090 0.00091576
5100 0.00091576
5110 0.00091576
5120 0.00091576
5130 0.00091576
5140 0.00091576
5150 0.00091576
5160 0.00091576
5170 0.00091576
5180 0.00091576
5190 0.00091576
5200 0.00091576
5210 0.00091576
5220 0.00091576
5230 0.00091576
5240 0.00091576
5250 0.00091576
5260 0.00091576
5270 0.00091576
5280 0.00091576
5290 0.00091576
5300 0.00091576
5310 0.00091576
5320 0.00091576
5330 0.00091576
5340 0.00091576
5350 0.00091576
5360 0.00091576
5370 0.00091576
5380 0.00091576
5390 0.00091576
5400 0.00091576
5410 0.00091576
5420 0.00091576
5430 0.00091576
5440 0.00091576
5450 0.00091576
5460 0.00091576
5470 0.00091576
5480 0.00091576
5490 0.00091576
5500 0.00091576
5510 0.00091576
5520 0.00091576
5530 0.00091576
5540 0.00091576
5550 0.00091576
5560 0.00091576
5570 0.00091576
5580 0.00091576
5590 0.00091576
5600 0.00091576
5610 0.00091576
5620 0.00091576
5630 0.00091576
5640 0.00091576
5650 0.00091576
5660 0.00091576
5670 0.00091576
5680 0.00091576
5690 0.00091576
5700 0.00091576
5710 0.00091576
5720 0.00091576
5730 0.00091576
5740 0.00091576
5750 0.00091576
5760 0.00091576
5770 0.00091576
5780 0.00091576
5790 0.00091576
5800 0.00091576
5810 0.00091576
5820 0.00091576
5830 0.00091576
5840 0.00091576
5850 0.00091576
5860 0.00091576
5870 0.00091576
5880 0.00091576
5890 0.00091576
5900 0.00091576
5910 0.00091576
5920 0.00091576
5930 0.00091576
5940 0.00091576
5950 0.00091576
5960 0.00091576
5970 0.00091576
5980 0.00091576
5990 0.00091576
6000 0.00091576
6010 0.00091576
6020 0.00091576
6030 0.00091576
6040 0.00091576
6050 0.00091576
6060 0.00091576
6070 0.00091576
6080 0.00091576
6090 0.00091576
6100 0.00091576
6110 0.00091576
6120 0.00091576
6130 0.00091576
6140 0.00091576
6150 0.00091576
6160 0.00091576
6170 0.00091576
6180 0.00091576
6190 0.00091576
6200 0.00091576
6210 0.00091576
6220 0.00091576
6230 0.00091576
6240 0.00091576
6250 0.00091576
6260 0.00091576
6270 0.00091576
6280 0.00091576
6290 0.00091576
6300 0.00091576
6310 0.00091576
6320 0.00091576
6330 0.00091576
6340 0.00091576
6350 0.00091576
6360 0.00091576
6370 0.00091576
6380 0.00091576
6390 0.00091576
6400 0.00091576
6410 0.00091576
6420 0.00091576
6430 0.00091576
6440 0.00091576
6450 0.00091576
6460 0.00091576
6470 0.00091576
6480 0.00091576
6490 0.00091576
6500 0.00091576
6510 0.00091576
6520 0.00091576
6530 0.00091576
6540 0.00091576
6550 0.00091576
6560 0.00091576
6570 0.00091576
6580 0.00091576
6590 0.00091576
6600 0.00091576
6610 0.00091576
6620 0.00091576
6630 0.00091576
6640 0.00091576
6650 0.00091576
6660 0.00091576
6670 0.00091576
6680 0.00091576
6690 0.00091576
6700 0.00091576
6710 0.00091576
6720 0.00091576
6730 0.00091576
6740 0.00091576
6750 0.00091576
6760 0.00091576
6770 0.00091576
6780 0.00091576
6790 0.00091576
6800 0.00091576
6810 0.00091576
6820 0.00091576
6830 0.00091576
6840 0.00091576
6850 0.00091576
6860 0.00091576
6870 0.00091576
6880 0.00091576
6890 0.00091576
6900 0.00091576
6910 0.00091576
6920 0.00091576
6930 0.00091576
6940 0.00091576
6950 0.00091576
6960 0.00091576
6970 0.00091576
6980 0.00091576
6990 0.00091576
7000 0.00091576
7010 0.00091576
7020 0.00091576
7030 0.00091576
7040 0.00091576
7050 0.00091576
7060 0.00091576
7070 0.00091576
7080 0.00091576
7090 0.00091576
7100 0.00091576
7110 0.00091576
7120 0.00091576
7130 0.00091576
7140 0.00091576
7150 0.00091576
7160 0.00091576
7170 0.00091576
7180 0.00091576
7190 0.00091576
7200 0.00091576
7210 0.00091576
7220 0.00091576
7230 0.00091576
7240 0.00091576
7250 0.00091576
7260 0.00091576
7270 0.00091576
7280 0.00091576
7290 0.00091576
7300 0.00091576
7310 0.00091576
7320 0.00091576
7330 0.00091576
7340 0.00091576
7350 0.00091576
7360 0.00091576
7370 0.00091576
7380 0.00091576
7390 0.00091576
7400 0.00091576
7410 0.00091576
7420 0.00091576
7430 0.00091576
7440 0.00091576
7450 0.00091576
7460 0.00091576
7470 0.00091576
7480 0.00091576
7490 0.00091576
7500 0.00091576
7510 0.00091576
7520 0.00091576
7530 0.00091576
7540 0.00091576
7550 0.00091576
7560 0.00091576
7570 0.00091576
7580 0.00091576
7590 0.00091576
7600 0.00091576
7610 0.00091576
7620 0.00091576
7630 0.00091576
7640 0.00091576
7650 0.00091576
7660 0.00091576
7670 0.00091576
7680 0.00091576
7690 0.00091576
7700 0.00091576
7710 0.00091576
7720 0.00091576
7730 0.00091576
7740 0.00091576
7750 0.00091576
7760 0.00091576
7770 0.00091576
7780 0.00091576
7790 0.00091576
7800 0.00091576
7810 0.00091576
7820 0.00091576
7830 0.00091576
7840 0.00091576
7850 0.00091576
7860 0.00091576
7870 0.00091576
7880 0.00091576
7890 0.00091576
7900 0.00091576
7910 0.00091576
7920 0.00091576
7930 0.00091576
7940 0.00091576
7950 0.00091576
7960 0.00091576
7970 0.00091576
7980 0.00091576
7990 0.00091576
8000 0.00091576
8010 0.00091576
8020 0.00091576
8030 0.00091576
8040 0.00091576
8050 0.00091576
8060 0.00091576
8070 0.00091576
8080 0.00091576
8090 0.00091576
8100 0.00091576
8110 0.00091576
8120 0.00091576
8130 0.00091576
8140 0.00091576
8150 0.00091576
8160 0.00091576
8170 0.00091576
8180 0.00091576
8190 0.00091576
8200 0.00091576
8210 0.00091576
8220 0.00091576
8230 0.00091576
8240 0.00091576
8250 0.00091576
8260 0.00091576
8270 0.00091576
8280 0.00091576
8290 0.00091576
8300 0.00091576
8310 0.00091576
8320 0.00091576
8330 0.00091576
8340 0.00091576
8350 0.00091576
8360 0.00091576
8370 0.00091576
8380 0.00091576
8390 0.00091576
8400 0.00091576
8410 0.00091576
8420 0.00091576
8430 0.00091576
8440 0.00091576
8450 0.00091576
8460 0.00091576
8470 0.00091576
8480 0.00091576
8490 0.00091576
8500 0.00091576
8510 0.00091576
8520 0.00091576
8530 0.00091576
8540 0.00091576
8550 0.00091576
8560 0.00091576
8570 0.00091576
8580 0.00091576
8590 0.00091576
8600 0.00091576
8610 0.00091576
8620 0.00091576
8630 0.00091576
8640 0.00091576
8650 0.00091576
8660 0.00091576
8670 0.00091576
8680 0.00091576
8690 0.00091576
8700 0.00091576
8710 0.00091576
8720 0.00091576
8730 0.00091576
8740 0.00091576
8750 0.00091576
8760 0.00091576
8770 0.00091576
8780 0.00091576
8790 0.00091576
8800 0.00091576
8810 0.00091576
8820 0.00091576
8830 0.00091576
8840 0.00091576
8850 0.00091576
8860 0.00091576
8870 0.00091576
8880 0.00091576
8890 0.00091576
8900 0.00091576
8910 0.00091576
8920 0.00091576
8930 0.00091576
8940 0.00091576
8950 0.00091576
8960 0.00091576
8970 0.00091576
8980 0.00091576
8990 0.00091576
9000 0.00091576
9010 0.00091576
9020 0.00091576
9030 0.00091576
9040 0.00091576
9050 0.00091576
9060 0.00091576
9070 0.00091576
9080 0.00091576
9090 0.00091576
9100 0.00091576
9110 0.00091576
9120 0.00091576
9130 0.00091576
9140 0.00091576
9150 0.00091576
9160 0.00091576
9170 0.00091576
9180 0.00091576
9190 0.00091576
9200 0.00091576
9210 0.00091576
9220 0.00091576
9230 0.00091576
9240 0.00091576
9250 0.00091576
9260 0.00091576
9270 0.00091576
9280 0.00091576
9290 0.00091576
9300 0.00091576
9310 0.00091576
9320 0.00091576
9330 0.00091576
9340 0.00091576
9350 0.00091576
9360 0.00091576
9370 0.00091576
9380 0.00091576
9390 0.00091576
9400 0.00091576
9410 0.00091576
9420 0.00091576
9430 0.00091576
9440 0.00091576
9450 0.00091576
9460 0.00091576
9470 0.00091576
9480 0.00091576
9490 0.00091576
9500 0.00091576
9510 0.00091576
9520 0.00091576
9530 0.00091576
9540 0.00091576
9550 0.00091576
9560 0.00091576
9570 0.00091576
9580 0.00091576
9590 0.00091576
9600 0.00091576
9610 0.00091576
9620 0.00091576
9630 0.00091576
9640 0.00091576
9650 0.00091576
9660 0.00091576
9670 0.00091576
9680 0.00091576
9690 0.00091576
9700 0.00091576
9710 0.00091576
9720 0.00091576
9730 0.00091576
9740 0.00091576
9750 0.00091576
9760 0.00091576
9770 0.00091576
9780 0.00091576
9790 0.00091576
9800 0.00091576
9810 0.00091576
9820 0.00091576
9830 0.00091576
9840 0.00091576
9850 0.00091576
9860 0.00091576
9870 0.00091576
9880 0.00091576
9890 0.00091576
9900 0.00091576
9910 0.00091576
9920 0.00091576
9930 0.00091576
9940 0.00091576
9950 0.00091576
9960 0.00091576
9970 0.00091576
9980 0.00091576
9990 0.00091576
10000 0.00091576
10010 0.00091576
10020 0.00091576
10030 0.00091576
10040 0.00091576
10050 0.00091576
10060 0.00091576
10070 0.00091576
10080 0.00091576
10090 0.00091576
10100 0.00091576
10110 0.00091576
10120 0.00091576
10130 0.00091576
10140 0.00091576
10150 0.00091576
10160 0.00091576
10170 0.00091576
10180 0.00091576
10190 0.00091576
10200 0.00091576
10210 0.00091576
10220 0.00091576
10230 0.00091576
10240 0.00091576
10250 0.00091576
10260 0.00091576
10270 0.00091576
10280 0.00091576
10290 0.00091576
10300 0.00091576
10310 0.00091576
10320 0.00091576
10330 0.00091576
10340 0.00091576
10350 0.00091576
10360 0.00091576
10370 0.00091576
10380 0.00091576
10390 0.00091576
10400 0.00091576
10410 0.00091576
10420 0.00091576
10430 0.00091576
10440 0.00091576
10450 0.00091576
10460 0.00091576
10470 0.00091576
10480 0.00091576
10490 0.00091576
10500 0.00091576
10510 0.00091576
10520 0.00091576
10530 0.00091576
10540 0.00091576
10550 0.00091576
10560 0.00091576
10570 0.00091576
10580 0.00091576
10590 0.00091576
10600 0.00091576
10610 0.00091576
10620 0.00091576
10630 0.00091576
10640 0.00091576
10650 0.00091576
10660 0.00091576
10670 0.00091576
10680 0.00091576
10690 0.00091576
10700 0.00091576
10710 0.00091576
10720 0.00091576
10730 0.00091576
10740 0.00091576
10750 0.00091576
10760 0.00091576
10770 0.00091576
10780 0.00091576
10790 0.00091576
10800 0.00091576
10810 0.00091576
10820 0.00091576
10830 0.00091576
10840 0.00091576
10850 0.00091576
10860 0.00091576
10870 0.00091576
10880 0.00091576
10890 0.00091576
10900 0.00091576
10910 0.00091576
10920 0.00091576
10930 0.00091576
10940 0.00091576
10950 0.00091576
10960 0.00091576
10970 0.00091576
10980 0.00091576
10990 0.00091576
11000 0.00091576
11010 0.00091576
11020 0.00091576
11030 0.00091576
11040 0.00091576
11050 0.00091576
11060 0.00091576
11070 0.00091576
11080 0.00091576
11090 0.00091576
11100 0.00091576
11110 0.00091576
11120 0.00091576
11130 0.00091576
11140 0.00091576
11150 0.00091576
11160 0.00091576
11170 0.00091576
11180 0.00091576
11190 0.00091576
11200 0.00091576
11210 0.00091576
11220 0.00091576
11230 0.00091576
11240 0.00091576
11250 0.00091576
11260 0.00091576
11270 0.00091576
11280 0.00091576
11290 0.00091576
11300 0.00091576
11310 0.00091576
11320 0.00091576
11330 0.00091576
11340 0.00091576
11350 0.00091576
11360 0.00091576
11370 0.00091576
11380 0.00091576
11390 0.00091576
11400 0.00091576
11410 0.00091576
11420 0.00091576
11430 0.00091576
11440 0.00091576
11450 0.00091576
11460 0.00091576
11470 0.00091576
11480 0.00091576
11490 0.00091576
11500 0.00091576
11510 0.00091576
11520 0.00091576
11530 0.00091576
11540 0.00091576
11550 0.00091576
11560 0.00091576
11570 0.00091576
11580 0.00091576
11590 0.00091576
11600 0.00091576
11610 0.00091576
11620 0.00091576
11630 0.00091576
11640 0.00091576
11650 0.00091576
11660 0.00091576
11670 0.00091576
11680 0.00091576
11690 0.00091576
11700 0.00091576
11710 0.00091576
11720 0.00091576
11730 0.00091576
11740 0.00091576
11750 0.00091576
11760 0.00091576
11770 0.00091576
11780 0.00091576
11790 0.00091576
11800 0.00091576
11810 0.00091576
11820 0.00091576
11830 0.00091576
11840 0.00091576
11850 0.00091576
11860 0.00091576
11870 0.00091576
11880 0.00091576
11890 0.00091576
11900 0.00091576
11910 0.00091576
11920 0.00091576
11930 0.00091576
11940 0.00091576
11950 0.00091576
11960 0.00091576
11970 0.00091576
11980 0.00091576
11990 0.00091576
12000 0.00091576
12010 0.00091576
12020 0.00091576
12030 0.00091576
12040 0.00091576
12050 0.00091576
12060 0.00091576
12070 0.00091576
12080 0.00091576
12090 0.00091576
12100 0.00091576
12110 0.00091576
12120 0.00091576
12130 0.00091576
12140 0.00091576
12150 0.00091576
12160 0.00091576
12170 0.00091576
12180 0.00091576
12190 0.00091576
12200 0.00091576
12210 0.00091576
12220 0.00091576
12230 0.00091576
12240 0.00091576
12250 0.00091576
12260 0.00091576
12270 0.00091576
12280 0.00091576
12290 0.00091576
12300 0.00091576
12310 0.00091576
12320 0.00091576
12330 0.00091576
12340 0.00091576
12350 0.00091576
12360 0.00091576
12370 0.00091576
12380 0.00091576
12390 0.00091576
12400 0.00091576
12410 0.00091576
12420 0.00091576
12430 0.00091576
12440 0.00091576
12450 0.00091576
12460 0.00091576
12470 0.00091576
12480 0.00091576
12490 0.00091576
12500 0.00091576
12510 0.00091576
12520 0.00091576
12530 0.00091576
12540 0.00091576
12550 0.00091576
12560 0.00091576
12570 0.00091576
12580 0.00091576
12590 0.00091576
12600 0.00091576
12610 0.00091576
12620 0.00091576
12630 0.00091576
12640 0.00091576
12650 0.00091576
12660 0.00091576
12670 0.00091576
12680 0.00091576
12690 0.00091576
12700 0.00091576
12710 0.00091576
12720 0.00091576
12730 0.00091576
12740 0.00091576
12750 0.00091576
12760 0.00091576
12770 0.00091576
12780 0.00091576
12790 0.00091576
12800 0.00091576
12810 0.00091576
12820 0.00091576
12830 0.00091576
12840 0.00091576
12850 0.00091576
12860 0.00091576
12870 0.00091576
12880 0.00091576
12890 0.00091576
12900 0.00091576
12910 0.00091576
12920 0.00091576
12930 0.00091576
12940 0.00091576
12950 0.00091576
12960 0.00091576
12970 0.00091576
12980 0.00091576
12990 0.00091576
13000 0.00091576
13010 0.00091576
13020 0.00091576
13030 0.00091576
13040 0.00091576
13050 0.00091576
13060 0.00091576
13070 0.00091576
13080 0.00091576
13090 0.00091576
13100 0.00091576
13110 0.00091576
13120 0.00091576
13130 0.00091576
13140 0.00091576
13150 0.00091576
13160 0.00091576
13170 0.00091576
13180 0.00091576
13190 0.00091576
13200 0.00091576
13210 0.00091576
13220 0.00091576
13230 0.00091576
13240 0.00091576
13250 0.00091576
13260 0.00091576
13270 0.00091576
13280 0.00091576
13290 0.00091576
13300 0.00091576
13310 0.00091576
13320 0.00091576
13330 0.00091576
13340 0.00091576
13350 0.00091576
13360 0.00091576
13370 0.00091576
13380 0.00091576
13390 0.00091576
13400 0.00091576
13410 0.00091576
13420 0.00091576
13430 0.00091576
13440 0.00091576
13450 0.00091576
13460 0.00091576
13470 0.00091576
13480 0.00091576
13490 0.00091576
13500 0.00091576
13510 0.00091576
13520 0.00091576
13530 0.00091576
13540 0.00091576
13550 0.00091576
13560 0.00091576
13570 0.00091576
13580 0.00091576
13590 0.00091576
13600 0.00091576
13610 0.00091576
13620 0.00091576
13630 0.00091576
13640 0.00091576
13650 0.00091576
13660 0.00091576
13670 0.00091576
13680 0.00091576
13690 0.00091576
13700 0.00091576
13710 0.00091576
13720 0.00091576
13730 0.00091576
13740 0.00091576
13750 0.00091576
13760 0.00091576
13770 0.00091576
13780 0.00091576
13790 0.00091576
13800 0.00091576
13810 0.00091576
13820 0.00091576
13830 0.00091576
13840 0.00091576
13850 0.00091576
13860 0.00091576
13870 0.00091576
13880 0.00091576
13890 0.00091576
13900 0.00091576
13910 0.00091576
13920 0.00091576
13930 0.00091576
13940 0.00091576
13950 0.00091576
13960 0.00091576
13970 0.00091576
13980 0.00091576
13990 0.00091576
14000 0.00091576
14010 0.00091576
14020 0.00091576
14030 0.00091576
14040 0.00091576
14050 0.00091576
14060 0.00091576
14070 0.00091576
14080 0.00091576
14090 0.00091576
14100 0.00091576
14110 0.00091576
14120 0.00091576
14130 0.00091576
14140 0.00091576
14150 0.00091576
14160 0.00091576
14170 0.00091576
14180 0.00091576
14190 0.00091576
14200 0.00091576
14210 0.00091576
14220 0.00091576
14230 0.00091576
14240 0.00091576
14250 0.00091576
14260 0.00091576
14270 0.00091576
14280 0.00091576
14290 0.00091576
14300 0.00091576
14310 0.00091576
14320 0.00091576
14330 0.00091576
14340 0.00091576
14350 0.00091576
14360 0.00091576
14370 0.00091576
14380 0.00091576
14390 0.00091576
14400 0.00091576
14410 0.00091576
14420 0.00091576
14430 0.00091576
14440 0.00091576
14450 0.00091576
14460 0.00091576
14470 0.00091576
14480 0.00091576
14490 0.00091576
14500 0.00091576
14510 0.00091576
14520 0.00091576
14530 0.00091576
14540 0.00091576
14550 0.00091576
14560 0.00091576
14570 0.00091576
14580 0.00091576
14590 0.00091576
14600 0.00091576
14610 0.00091576
14620 0.00091576
14630 0.00091576
14640 0.00091576
14650 0.00091576
14660 0.00091576
14670 0.00091576
14680 0.00091576
14690 0.00091576
14700 0.00091576
14710 0.00091576
14720 0.00091576
14730 0.00091576
14740 0.00091576
14750 0.00091576
14760 0.00091576
14770 0.00091576
14780 0.00091576
14790 0.00091576
14800 0.00091576
14810 0.00091576
14820 0.00091576
14830 0.00091576
14840 0.00091576
14850 0.00091576
14860 0.00091576
14870 0.00091576
14880 0.00091576
14890 0.00091576
14900 0.00091576
14910 0.00091576
14920 0.00091576
14930 0.00091576
14940 0.00091576
14950 0.00091576
14960 0.00091576
14970 0.00091576
14980 0.00091576
14990 0.00091576
15000 0.00091576
15010 0.00091576
15020 0.00091576
15030 0.00091576
15040 0.00091576
15050 0.00091576
15060 0.00091576
15070 0.00091576
15080 0.00091576
15090 0.00091576
15100 0.00091576
15110 0.00091576
15120 0.00091576
15130 0.00091576
15140 0.00091576
15150 0.00091576
15160 0.00091576
15170 0.00091576
15180 0.00091576
15190 0.00091576
15200 0.00091576
15210 0.00091576
15220 0.00091576
15230 0.00091576
15240 0.00091576
15250 0.00091576
15260 0.00091576
15270 0.00091576
15280 0.00091576
15290 0.00091576
15300 0.00091576
15310 0.00091576
15320 0.00091576
15330 0.00091576
15340 0.00091576
15350 0.00091576
15360 0.00091576
15370 0.00091576
15380 0.00091576
15390 0.00091576
15400 0.00091576
15410 0.00091576
15420 0.00091576
15430 0.00091576
15440 0.00091576
15450 0.00091576
15460 0.00091576
15470 0.00091576
15480 0.00091576
15490 0.00091576
15500 0.00091576
15510 0.00091576
15520 0.00091576
15530 0.00091576
15540 0.00091576
15550 0.00091576
15560 0.00091576
15570 0.00091576
15580 0.00091576
15590 0.00091576
15600 0.00091576
15610 0.00091576
15620 0.00091576
15630 0.00091576
15640 0.00091576
15650 0.00091576
15660 0.00091576
15670 0.00091576
15680 0.00091576
15690 0.00091576
15700 0.00091576
15710 0.00091576
15720 0.00091576
15730 0.00091576
15740 0.00091576
15750 0.00091576
15760 0.00091576
15770 0.00091576
15780 0.00091576
15790 0.00091576
15800 0.00091576
15810 0.00091576
15820 0.00091576
15830 0.00091576
15840 0.00091576
15850 0.00091576
15860 0.00091576
15870 0.00091576
15880 0.00091576
15890 0.00091576
15900 0.00091576
15910 0.00091576
15920 0.00091576
15930 0.00091576
15940 0.00091576
15950 0.00091576
15960 0.00091576
15970 0.00091576
15980 0.00091576
15990 0.00091576
16000 0.00091576
16010 0.00091576
16020 0.00091576
16030 0.00091576
16040 0.00091576
16050 0.00091576
16060 0.00091576
16070 0.00091576
16080 0.00091576
16090 0.00091576
16100 0.00091576
16110 0.00091576
16120 0.00091576
16130 0.00091576
16140 0.00091576
16150 0.00091576
16160 0.00091576
16170 0.00091576
16180 0.00091576
16190 0.00091576
16200 0.00091576
16210 0.00091576
16220 0.00091576
16230 0.00091576
16240 0.00091576
16250 0.00091576
16260 0.00091576
16270 0.00091576
16280 0.00091576
16290 0.00091576
16300 0.00091576
16310 0.00091576
16320 0.00091576
16330 0.00091576
16340 0.00091576
16350 0.00091576
16360 0.00091576
16370 0.00091576
16380 0.00091576
16390 0.00091576
16400 0.00091576
16410 0.00091576
16420 0.00091576
16430 0.00091576
16440 0.00091576
16450 0.00091576
16460 0.00091576
16470 0.00091576
16480 0.00091576
16490 0.00091576
16500 0.00091576
16510 0.00091576
16520 0.00091576
16530 0.00091576
16540 0.00091576
16550 0.00091576
16560 0.00091576
16570 0.00091576
16580 0.00091576
16590 0.00091576
16600 0.00091576
16610 0.00091576
16620 0.00091576
16630 0.00091576
16640 0.00091576
16650 0.00091576
16660 0.00091576
16670 0.00091576
16680 0.00091576
16690 0.00091576
16700 0.00091576
16710 0.00091576
16720 0.00091576
16730 0.00091576
16740 0.00091576
16750 0.00091576
16760 0.00091576
16770 0.00091576
16780 0.00091576
16790 0.00091576
16800 0.00091576
16810 0.00091576
16820 0.00091576
16830 0.00091576
16840 0.00091576
16850 0.00091576
16860 0.00091576
16870 0.00091576
16880 0.00091576
16890 0.00091576
16900 0.00091576
16910 0.00091576
16920 0.00091576
16930 0.00091576
16940 0.00091576
16950 0.00091576
16960 0.00091576
16970 0.00091576
16980 0.00091576
16990 0.00091576
17000 0.00091576
17010 0.00091576
17020 0.00091576
17030 0.00091576
17040 0.00091576
17050 0.00091576
17060 0.00091576
17070 0.00091576
17080 0.00091576
17090 0.00091576
17100 0.00091576
17110 0.00091576
17120 0.00091576
17130 0.00091576
17140 0.00091576
17150 0.00091576
17160 0.00091576
17170 0.00091576
17180 0.00091576
17190 0.00091576
17200 0.00091576
17210 0.00091576
17220 0.00091576
17230 0.00091576
17240 0.00091576
17250 0.00091576
17260 0.00091576
17270 0.00091576
17280 0.00091576
17290 0.00091576
17300 0.00091576
17310 0.00091576
17320 0.00091576
17330 0.00091576
17340 0.00091576
17350 0.00091576
17360 0.00091576
17370 0.00091576
17380 0.00091576
17390 0.00091576
17400 0.00091576
17410 0.00091576
17420 0.00091576
17430 0.00091576
17440 0.00091576
17450 0.00091576
17460 0.00091576
17470 0.00091576
17480 0.00091576
17490 0.00091576
17500 0.00091576
17510 0.00091576
17520 0.00091576
17530 0.00091576
17540 0.00091576
17550 0.00091576
17560 0.00091576
17570 0.00091576
17580 0.00091576
17590 0.00091576
17600 0.00091576
17610 0.00091576
17620 0.00091576
17630 0.00091576
17640 0.00091576
17650 0.00091576
17660 0.00091576
17670 0.00091576
17680 0.00091576
17690 0.00091576
17700 0.00091576
17710 0.00091576
17720 0.00091576
17730 0.00091576
17740 0.00091576
17750 0.00091576
17760 0.00091576
17770 0.00091576
17780 0.00091576
17790 0.00091576
17800 0.00091576
17810 0.00091576
17820 0.00091576
17830 0.00091576
17840 0.00091576
17850 0.00091576
17860 0.00091576
17870 0.00091576
17880 0.00091576
17890 0.00091576
17900 0.00091576
17910 0.00091576
17920 0.00091576
17930 0.00091576
17940 0.00091576
17950 0.00091576
17960 0.00091576
17970 0.00091576
17980 0.00091576
17990 0.00091576
18000 0.00091576
18010 0.00091576
18020 0.00091576
18030 0.00091576
18040 0.00091576
18050 0.00091576
18060 0.00091576
18070 0.00091576
18080 0.00091576
18090 0.00091576
18100 0.00091576
18110 0.00091576
18120 0.00091576
18130 0.00091576
18140 0.00091576
18150 0.00091576
18160 0.00091576
18170 0.00091576
18180 0.00091576
18190 0.00091576
18200 0.00091576
18210 0.00091576
18220 0.00091576
18230 0.00091576
18240 0.00091576
18250 0.00091576
18260 0.00091576
18270 0.00091576
18280 0.00091576
18290 0.00091576
18300 0.00091576
18310 0.00091576
18320 0.00091576
18330 0.00091576
18340 0.00091576
18350 0.00091576
18360 0.00091576
18370 0.00091576
18380 0.00091576
18390 0.00091576
18400 0.00091576
18410 0.00091576
18420 0.00091576
18430 0.00091576
18440 0.00091576
18450 0.00091576
18460 0.00091576
18470 0.00091576
18480 0.00091576
18490 0.00091576
18500 0.00091576
18510 0.00091576
18520 0.00091576
18530 0.00091576
18540 0.00091576
18550 0.00091576
18560 0.00091576
18570 0.00091576
18580 0.00091576
18590 0.00091576
18600 0.00091576
18610 0.00091576
18620 0.00091576
18630 0.00091576
18640 0.00091576
18650 0.00091576
18660 0.00091576
18670 0.00091576
18680 0.00091576
18690 0.00091576
18700 0.00091576
18710 0.00091576
18720 0.00091576
18730 0.00091576
18740 0.00091576
18750 0.00091576
18760 0.00091576
18770 0.00091576
18780 0.00091576
18790 0.00091576
18800 0.00091576
18810 0.00091576
18820 0.00091576
18830 0.00091576
18840 0.00091576
18850 0.00091576
18860 0.00091576
18870 0.00091576
18880 0.00091576
18890 0.00091576
18900 0.00091576
18910 0.00091576
18920 0.00091576
18930 0.00091576
18940 0.00091576
18950 0.00091576
18960 0.00091576
18970 0.00091576
18980 0.00091576
18990 0.00091576
19000 0.00091576
19010 0.00091576
19020 0.00091576
19030 0.00091576
19040 0.00091576
19050 0.00091576
19060 0.00091576
19070 0.00091576
19080 0.00091576
19090 0.00091576
19100 0.00091576
19110 0.00091576
19120 0.00091576
19130 0.00091576
19140 0.00091576
19150 0.00091576
19160 0.00091576
19170 0.00091576
19180 0.00091576
19190 0.00091576
19200 0.00091576
19210 0.00091576
19220 0.00091576
19230 0.00091576
19240 0.00091576
19250 0.00091576
19260 0.00091576
19270 0.00091576
19280 0.00091576
19290 0.00091576
19300 0.00091576
19310 0.00091576
19320 0.00091576
19330 0.00091576
19340 0.00091576
19350 0.00091576
19360 0.00091576
19370 0.00091576
19380 0.00091576
19390 0.00091576
19400 0.00091576
19410 0.00091576
19420 0.00091576
19430 0.00091576
19440 0.00091576
19450 0.00091576
19460 0.00091576
19470 0.00091576
19480 0.00091576
19490 0.00091576
19500 0.00091576
19510 0.00091576
19520 0.00091576
19530 0.00091576
19540 0.00091576
19550 0.00091576
19560 0.00091576
19570 0.00091576
19580 0.00091576
19590 0.00091576
19600 0.00091576
19610 0.00091576
19620 0.00091576
19630 0.00091576
19640 0.00091576
19650 0.00091576
19660 0.00091576
19670 0.00091576
19680 0.00091576
19690 0.00091576
19700 0.00091576
19710 0.00091576
19720 0.00091576
19730 0.00091576
19740 0.00091576
19750 0.00091576
19760 0.00091576
19770 0.00091576
19780 0.00091576
19790 0.00091576
19800 0.00091576
19810 0.00091576
19820 0.00091576
19830 0.00091576
19840 0.00091576
19850 0.00091576
19860 0.00091576
19870 0.00091576
19880 0.00091576
19890 0.00091576
19900 0.00091576
19910 0.00091576
19920 0.00091576
19930 0.00091576
19940 0.00091576
19950 0.00091576
19960 0.00091576
19970 0.00091576
19980 0.00091576
19990 0.00091576
20000 0.00091576
-END-OF-DATA-
