   8.5611570e-01
   7.0370322e-01
   6.5325034e-01
   6.3390827e-01
   5.8365327e-01
   4.6246809e-01
   1.3729832e-01
  -2.8038102e-01
  -4.0471879e-01
  -1.6524336e-01
  -1.2578382e-01
  -2.9645592e-01
  -4.2216739e-01
  -5.5070555e-01
  -7.5123078e-01
  -1.2505730e+00
  -1.6570901e+00
  -1.6104083e+00
  -1.0590268e+00
  -5.6928146e-01
  -4.0793017e-01
  -4.6823043e-01
  -3.8289860e-01
  -7.7855624e-03
   7.7325684e-01
   7.9818267e-01
   2.5744113e-01
  -1.2945928e-02
   1.2896408e-01
   5.5076194e-01
   6.5974289e-01
   1.0876611e-01
  -5.6082821e-01
  -2.2312014e-01
   6.5022200e-01
   9.5745409e-01
   5.7363713e-01
   5.0962895e-01
   4.7231075e-01
   4.2856953e-01
   3.5296705e-01
   3.0809301e-01
   1.9790655e-01
  -4.8697278e-02
  -7.6087773e-01
  -1.1147753e+00
  -2.8254324e-01
  -2.1724343e-01
  -4.4919315e-01
  -7.2427809e-01
  -2.9180780e-01
  -4.4115672e-01
  -2.3622963e-01
  -3.1718799e-01
  -2.8319895e-01
   2.5646511e-01
   6.7578995e-01
   5.8132488e-01
   6.7095000e-01
   8.8186872e-01
   1.3961329e+00
   1.0389856e+00
   3.1477380e-01
  -1.0109285e-01
   2.9059675e-02
  -5.3550746e-02
   7.6102838e-02
   6.7948177e-02
  -5.5086887e-01
  -7.5362694e-01
   2.6462197e-02
   6.1734480e-01
   2.1994561e-01
   1.1498862e-01
  -9.0283584e-03
  -8.4190458e-02
  -1.5075175e-01
  -2.0647459e-01
  -2.8105503e-01
  -2.8637338e-01
  -1.9486503e-01
  -6.1413968e-01
  -9.7132480e-01
  -3.7527719e-01
   5.3776768e-03
  -5.2134603e-01
  -6.2428552e-01
  -4.3499833e-01
  -1.8856201e-01
  -4.2296611e-02
   2.4566069e-02
   2.9578471e-01
   4.5458889e-01
   2.1581741e-01
   9.9835195e-02
   3.7606370e-02
   1.1360035e-01
   8.7277502e-02
  -1.7901827e-01
  -5.1338381e-01
  -9.7900265e-01
  -5.8294088e-01
  -2.7637812e-01
  -3.4259054e-01
  -2.9139966e-01
  -3.6949188e-01
   1.5138260e-01
   5.7173193e-01
  -1.4258708e-01
  -2.7640894e-01
  -3.9894819e-01
  -3.7700099e-01
  -3.5238832e-01
  -3.9521688e-01
  -4.2573977e-01
  -4.0458959e-01
  -2.4799895e-01
  -1.0392946e-01
  -8.9357328e-01
  -6.6024590e-01
  -2.4228130e-01
   1.3887763e-01
  -3.7098801e-01
  -6.3635069e-01
  -1.2516686e-01
  -8.3789602e-02
  -3.1002425e-04
  -1.8424479e-02
  -9.0462439e-02
  -2.4698138e-01
  -2.7589828e-01
  -2.1227902e-01
   6.4876743e-02
   4.0602200e-02
  -3.3189559e-01
  -6.2765157e-01
  -6.6921258e-01
  -3.5450152e-01
  -6.1671174e-01
  -3.3241564e-01
  -2.7524206e-01
  -3.2436657e-01
   2.2072391e-01
  -1.9394260e-02
  -4.1264436e-01
  -5.7820028e-01
  -6.0284144e-01
  -4.6930894e-01
  -3.7704661e-01
  -3.9575252e-01
  -4.0278333e-01
  -3.9750010e-01
  -2.9572254e-01
  -1.6501684e-01
  -1.0290843e-01
  -6.8114501e-01
  -5.3485149e-01
  -8.3380751e-02
  -1.3277757e-01
  -5.5281377e-01
  -9.5138483e-02
  -2.4316990e-01
  -1.5557961e-01
  -2.2451259e-01
  -3.2417354e-01
  -4.0103477e-01
  -5.1775217e-01
  -2.9308093e-01
   1.6739073e-01
  -2.9163167e-01
  -6.4302462e-01
  -8.5906112e-01
  -6.9244009e-01
  -4.3134606e-01
  -3.0310225e-01
  -3.4871280e-01
  -3.6212981e-01
   1.9586304e-01
   6.4055286e-02
  -2.2203518e-01
  -7.6835244e-01
  -7.5845179e-01
  -6.1265585e-01
  -4.0023875e-01
  -2.8445691e-01
  -2.5823517e-01
  -2.9549699e-01
  -2.9184294e-01
  -2.3386428e-01
  -9.5848223e-02
   2.7900976e-01
  -3.3954351e-01
  -4.9082458e-01
  -2.4648605e-01
  -3.0253764e-01
  -2.7628638e-01
  -3.1905911e-01
  -5.5441204e-01
  -3.8537305e-01
  -3.7103735e-01
  -4.6281004e-01
  -4.2867389e-01
  -3.5963400e-01
  -2.8439491e-01
  -1.1012421e-01
  -4.9222398e-01
  -7.1017901e-01
  -7.9717152e-01
  -6.2632836e-01
  -2.3602213e-01
   2.8236959e-02
  -3.2951901e-01
  -1.4214384e-01
   1.9015251e-01
  -4.4402640e-01
  -7.0521681e-01
  -6.4127511e-01
  -5.6218165e-01
  -3.9269176e-01
  -1.8005136e-01
  -6.6416398e-02
  -3.6501482e-02
  -1.1956386e-01
  -1.1208135e-01
  -6.9963604e-02
   7.9535306e-02
   3.6892334e-01
   2.7491122e-01
  -3.3641320e-01
  -1.3237979e-01
  -2.5397170e-01
  -3.0298164e-01
  -6.5720332e-01
  -7.4380666e-01
  -5.4459363e-01
  -5.3643459e-01
  -5.4785007e-01
  -3.7823448e-01
  -3.1750268e-01
  -9.9628277e-02
  -2.8650588e-01
  -4.4998479e-01
  -6.3606131e-01
  -6.3724631e-01
  -4.0114483e-01
  -7.2830379e-02
   5.5154574e-01
   4.7932640e-02
   9.4811842e-02
   1.6509607e-02
  -6.2652099e-01
  -6.9073164e-01
  -2.2023484e-01
  -2.2338580e-01
  -1.0949446e-01
   6.5084748e-02
   2.0615487e-01
   2.4622579e-01
   2.2332124e-01
   2.3746784e-01
   2.5101602e-01
   2.9985791e-01
   5.1250362e-01
   9.1802043e-01
  -8.7860130e-02
  -8.9716550e-02
  -1.9243437e-01
  -5.1305902e-01
  -6.5049444e-01
  -6.1875242e-01
  -4.0956792e-01
  -5.2201992e-01
  -3.3262929e-01
  -2.0588222e-01
  -1.5142983e-01
   2.6122040e-01
  -4.9082141e-02
  -3.1436598e-01
  -5.0477314e-01
  -3.7857127e-01
  -9.9265623e-02
   2.3040104e-01
   9.0043384e-01
   1.0367850e+00
   7.2471035e-01
   1.1267965e-01
  -1.6486760e-01
  -1.8922438e-01
   7.2800539e-02
   3.7944302e-02
   1.2971428e-01
   3.2305014e-01
   5.1377815e-01
   6.0722572e-01
   6.1975163e-01
   5.8484018e-01
   4.7343308e-01
   4.0649924e-01
   5.7501602e-01
   1.1010909e+00
   4.4784746e-01
   2.9983509e-01
   1.4684147e-01
  -9.8283552e-02
  -3.2280277e-02
  -5.5358775e-02
  -1.0801891e-01
  -3.7520966e-01
  -1.2460820e-01
  -8.1203863e-02
   4.3327767e-01
   4.3810034e-01
   1.2808777e-03
  -3.4511313e-01
  -2.9951131e-01
  -4.5414053e-02
   2.2366565e-01
   5.6779903e-01
   1.1261432e+00
   1.2613760e+00
   8.0375493e-01
   4.1071662e-01
   3.5026652e-01
   2.1179694e-01
   3.8486958e-01
   3.9444298e-01
   5.3947604e-01
   7.8807133e-01
   1.0041025e+00
   1.1003913e+00
   1.0139985e+00
   7.8784180e-01
   4.8158047e-01
   3.6115292e-01
   5.4864311e-01
   1.3031974e+00
   9.6968633e-01
   6.3112992e-01
   8.1517553e-01
   1.0459822e+00
   9.4791108e-01
   4.9923337e-01
   1.9353819e-01
   2.0854307e-02
   6.1605889e-01
   1.2278795e+00
   1.0377306e+00
   2.7808428e-01
   7.2195865e-02
   6.2383410e-02
   2.8051949e-01
   5.5424321e-01
   7.7082330e-01
   1.0999153e+00
   1.5136490e+00
   1.5180146e+00
   1.2728436e+00
   1.0763563e+00
   8.4705168e-01
   5.8079028e-01
   6.2836665e-01
   7.1425843e-01
   9.1007078e-01
   1.1388780e+00
   1.2947628e+00
   1.3066354e+00
   1.0430259e+00
   6.2955064e-01
   2.5306371e-01
   1.8568163e-01
   5.1507467e-01
   1.5539191e+00
   1.4025869e+00
   1.6485301e+00
   2.0656004e+00
   1.8199892e+00
   1.4980855e+00
   8.3640945e-01
   5.2007222e-01
   5.5599993e-01
   1.5338843e+00
   1.7997669e+00
   1.0655324e+00
   6.0882610e-01
   6.1425924e-01
   7.2894436e-01
   9.2194277e-01
   1.1210210e+00
   1.2741681e+00
   1.5441127e+00
   1.7865702e+00
   1.8468387e+00
   1.6878875e+00
   1.4157808e+00
   1.0972798e+00
   7.9789925e-01
   8.5591334e-01
   9.6817595e-01
   1.1530451e+00
   1.2883792e+00
   1.3053271e+00
   1.1415948e+00
   6.3168627e-01
   9.1209054e-02
  -2.1289450e-01
  -7.9981774e-02
   5.5363357e-01
   1.8648778e+00
   2.4611700e+00
   2.5782175e+00
   2.5025434e+00
   2.0580840e+00
   1.6039089e+00
   1.0812550e+00
   9.4637990e-01
   8.9813608e-01
   1.6025021e+00
   1.7060560e+00
   1.3847548e+00
   1.2630544e+00
   1.3220452e+00
   1.4456077e+00
   1.5868845e+00
   1.6803417e+00
   1.7386539e+00
   1.9063263e+00
   2.0599782e+00
   2.1337657e+00
   1.8931203e+00
   1.5392680e+00
   1.2245498e+00
   9.4441110e-01
   9.1869563e-01
   9.9433094e-01
   1.1048195e+00
   1.0793747e+00
   9.0274227e-01
   5.0209665e-01
  -1.6755041e-01
  -6.2994361e-01
  -6.6316921e-01
  -2.2416072e-01
   7.2727692e-01
   2.2523873e+00
   3.5273824e+00
   2.1644175e+00
   1.9978087e+00
   1.6865369e+00
   1.3577720e+00
   9.2505181e-01
   1.0079608e+00
   1.0136478e+00
   1.3465109e+00
   1.6141920e+00
   1.7260360e+00
   1.7530067e+00
   1.8220675e+00
   1.9420311e+00
   2.0359852e+00
   2.0113294e+00
   2.0180302e+00
   2.0981300e+00
   2.2380278e+00
   2.1830842e+00
   1.8295808e+00
   1.4533209e+00
   1.1604909e+00
   9.3506628e-01
   6.1704648e-01
   6.3080978e-01
   6.0378736e-01
   4.0841717e-01
   7.8038417e-02
  -4.0832943e-01
  -9.4227380e-01
  -1.1298056e+00
  -8.3089280e-01
  -9.2506558e-02
   1.0499877e+00
   2.5808721e+00
   3.5547762e+00
   1.0274832e+00
   9.6670294e-01
   7.0350844e-01
   7.6463711e-01
   4.0438637e-01
   5.5696517e-01
   6.6141778e-01
   1.0930653e+00
   1.4846488e+00
   1.8376000e+00
   1.9983233e+00
   2.0372190e+00
   2.1439893e+00
   2.3335743e+00
   1.9786154e+00
   1.9163280e+00
   2.1230509e+00
   2.1828692e+00
   1.8928341e+00
   1.4563855e+00
   1.0739477e+00
   7.9481900e-01
   6.3406688e-01
  -4.4494283e-01
  -5.4615951e-01
  -7.2595239e-01
  -9.8283762e-01
  -1.2580040e+00
  -1.5185416e+00
  -1.6305820e+00
  -1.3915086e+00
  -7.8139621e-01
   8.6840063e-02
   1.1542073e+00
   2.3795769e+00
   2.5118997e+00
   4.8782900e-02
   2.4370401e-01
   2.3332489e-01
   2.0873116e-01
   1.1990931e-01
   2.2338313e-01
   4.9090505e-01
   6.6001296e-01
   1.1089946e+00
   1.7030849e+00
   1.9746872e+00
   1.9720422e+00
   2.0868049e+00
   2.2955635e+00
   1.3436356e+00
   1.9145977e+00
   1.8942335e+00
   1.4367418e+00
   9.0387011e-01
   4.5891190e-01
   7.8700155e-02
  -1.9802144e-01
  -3.5176620e-01
  -1.9450811e+00
  -2.1144111e+00
  -2.3119569e+00
  -2.4984918e+00
  -2.6273749e+00
  -2.6358140e+00
  -2.3572471e+00
  -1.6833545e+00
  -8.9179569e-01
  -1.7585070e-01
   4.9408743e-01
   1.0923378e+00
   9.2958057e-01
  -3.9228022e-01
  -1.5592411e-01
  -6.9426991e-02
   3.2025453e-01
   3.6401629e-01
   4.3175465e-01
   4.5170039e-01
   3.1259111e-01
   4.6667165e-01
   1.2702078e+00
   1.6623075e+00
   1.6265240e+00
   1.6988469e+00
   1.6453134e+00
   1.4352989e+00
   1.0363355e+00
   6.5079123e-01
  -2.7487941e-02
  -5.6455314e-01
  -9.6553552e-01
  -1.3293054e+00
  -1.5986868e+00
  -1.7856458e+00
  -2.3511353e+00
  -2.4398358e+00
  -2.5313416e+00
  -2.6098456e+00
  -2.6845167e+00
  -2.6914155e+00
  -2.4468966e+00
  -1.8999717e+00
  -1.3173366e+00
  -8.5644388e-01
  -5.6479043e-01
  -5.5101317e-01
  -1.0596981e+00
  -8.2704103e-01
  -1.8060774e-01
  -1.2857094e-01
   1.3472247e-01
   3.5001919e-01
   5.4807663e-01
   4.4838989e-01
   3.1833062e-01
  -1.0093471e-01
   6.1596346e-01
   1.1457103e+00
   1.0408328e+00
   1.0307286e+00
   9.7635996e-01
   1.3681973e+00
   2.5883538e-01
  -4.5732573e-01
  -1.0823662e+00
  -1.4547946e+00
  -1.7454336e+00
  -1.9864895e+00
  -2.1544504e+00
  -2.2662182e+00
  -1.1549245e+00
  -1.1537882e+00
  -1.1601512e+00
  -1.1652537e+00
  -1.1726059e+00
  -1.1887411e+00
  -1.1334016e+00
  -9.8970854e-01
  -8.3581050e-01
  -7.8297820e-01
  -9.4759638e-01
  -1.5411386e+00
  -2.6834890e+00
  -1.6544295e+00
   2.2377140e-02
   1.5497557e-01
   1.0155178e-01
   2.0474569e-01
   1.9105516e-01
   3.4723215e-01
   2.7875214e-01
  -3.2672640e-01
  -5.5694264e-02
   5.6308102e-01
   4.0990056e-01
   3.7842183e-01
   4.0789605e-01
   6.9893799e-01
   9.3399603e-02
  -5.0333470e-01
  -8.0488934e-01
  -9.3351204e-01
  -1.0351951e+00
  -1.0938666e+00
  -1.1300946e+00
  -1.1490372e+00
   1.1112833e+00
   1.0986341e+00
   1.0990819e+00
   1.0924152e+00
   1.0966010e+00
   1.0948418e+00
   1.0988619e+00
   1.1215280e+00
   1.0650865e+00
   7.4542400e-01
   1.7638242e-02
  -1.2313169e+00
  -2.7965909e+00
  -2.2732491e+00
  -3.7914540e-01
   8.3141913e-02
  -8.6038877e-02
   7.9130009e-03
   1.5683314e-02
  -1.7568367e-01
  -1.8386001e-01
  -1.6760233e-01
  -7.6832655e-01
  -4.4406670e-02
  -4.4307350e-02
  -4.5683952e-02
  -9.9420826e-02
  -2.3119533e-01
   3.3150594e-01
   6.6109614e-01
   9.4504774e-01
   1.0555373e+00
   1.1048747e+00
   1.1325111e+00
   1.1403935e+00
   1.1355502e+00
   2.2396853e+00
   2.2858500e+00
   2.3427091e+00
   2.3873785e+00
   2.4225357e+00
   2.4372773e+00
   2.3509808e+00
   2.1000745e+00
   1.5615276e+00
   6.5144485e-01
  -5.3578001e-01
  -1.9411082e+00
  -3.1804740e+00
  -3.3681602e+00
  -1.5370190e+00
  -3.7591025e-01
  -3.3331811e-01
  -2.6893300e-01
   2.5709147e-02
  -5.0196576e-01
  -7.2593236e-01
  -7.1353561e-01
  -1.0685258e+00
  -4.9797726e-01
  -3.0997944e-01
  -3.0773652e-01
  -6.0530061e-01
  -9.6577382e-01
  -1.7607191e-01
   4.0460408e-01
   1.0233160e+00
   1.3780799e+00
   1.6616025e+00
   1.9089400e+00
   2.0861154e+00
   2.1915717e+00
   1.9471682e+00
   2.0598900e+00
   2.1614110e+00
   2.2217302e+00
   2.2271473e+00
   2.1540701e+00
   1.9263902e+00
   1.4746472e+00
   7.6524961e-01
  -1.7241710e-01
  -1.1634401e+00
  -2.2525823e+00
  -3.4429853e+00
  -4.0354109e+00
  -3.2216673e+00
  -6.6288662e-01
  -7.0385236e-01
  -5.1399726e-01
   5.6743853e-02
  -4.8267213e-01
  -1.9132903e+00
  -1.7554444e+00
  -1.8886505e+00
  -1.0940814e+00
  -7.3393250e-01
  -5.6581289e-01
  -9.6310109e-01
  -1.6067423e+00
  -1.2245854e+00
  -7.0796663e-01
  -1.2782586e-01
   2.8656352e-01
   6.4757973e-01
   1.0538903e+00
   1.4423119e+00
   1.7464851e+00
   5.8613211e-01
   7.2338194e-01
   8.4686625e-01
   9.5425415e-01
   1.0283278e+00
   1.0024621e+00
   8.4010035e-01
   5.4937947e-01
   1.0375708e-01
  -4.8996204e-01
  -1.1933482e+00
  -2.0836182e+00
  -3.2907162e+00
  -4.5578980e+00
  -4.6600428e+00
  -1.4164033e+00
  -1.7818415e+00
  -1.3446685e+00
  -6.6181250e-02
  -2.6773888e-01
  -2.9145877e+00
  -3.7205305e+00
  -2.6584072e+00
  -1.5629376e+00
  -1.4358761e+00
  -7.7307785e-01
  -8.2199365e-01
  -1.6673405e+00
  -2.0808284e+00
  -1.7510202e+00
  -1.3937383e+00
  -1.0853533e+00
  -8.6870962e-01
  -5.7483286e-01
  -1.6351385e-01
   2.4327472e-01
  -7.2197300e-01
  -5.5965722e-01
  -4.5962185e-01
  -2.9635096e-01
  -5.8316551e-02
   1.8412475e-01
   3.1945258e-01
   3.4816465e-01
   2.0998228e-01
  -1.3800490e-01
  -6.6643697e-01
  -1.4447465e+00
  -2.5853698e+00
  -4.2183766e+00
  -5.2353625e+00
  -1.6157441e+00
  -2.4836123e+00
  -3.1638379e+00
  -6.4638561e-01
   2.8438678e-01
  -2.6291993e+00
  -4.9680858e+00
  -2.3832703e+00
  -1.0024022e+00
  -2.2950795e+00
  -6.3125241e-01
  -4.7950548e-01
  -9.2546052e-01
  -1.8451223e+00
  -2.1551881e+00
  -1.9947151e+00
  -1.8115832e+00
  -1.7644930e+00
  -1.7217233e+00
  -1.4875323e+00
  -1.1357641e+00
  -1.5086750e+00
  -1.2862611e+00
  -1.2431612e+00
  -1.1620249e+00
  -9.2798561e-01
  -5.2123070e-01
  -1.1197772e-01
   1.8546110e-01
   3.3370119e-01
   2.1816437e-01
  -1.4003313e-01
  -7.4206710e-01
  -1.7671479e+00
  -3.3198588e+00
  -5.2857904e+00
  -1.8766073e+00
  -2.0227726e+00
  -4.4072218e+00
  -1.8624599e+00
   2.3837373e-01
  -1.3784670e+00
  -5.0641022e+00
  -2.4672375e+00
  -1.0464990e-01
  -2.3916612e+00
  -2.8566837e-01
  -5.0238484e-01
  -1.2155337e+00
  -1.7781115e+00
  -2.0792003e+00
  -1.9954035e+00
  -1.8794519e+00
  -1.9099711e+00
  -2.0746250e+00
  -2.0805824e+00
  -1.8793597e+00
  -1.8954381e+00
  -1.5929881e+00
  -1.5416468e+00
  -1.5608158e+00
  -1.5033966e+00
  -1.2184145e+00
  -7.6302183e-01
  -3.5456488e-01
  -2.2782639e-02
   1.4122023e-01
   3.3973105e-02
  -2.6702476e-01
  -9.6769327e-01
  -2.1600924e+00
  -4.1850686e+00
  -2.2631075e+00
  -1.2565837e+00
  -4.1371007e+00
  -3.2262876e+00
  -6.9044298e-01
  -1.0503149e+00
  -4.8044477e+00
  -1.9758694e+00
  -2.2981644e-01
  -1.8247257e+00
  -1.1696830e+00
  -7.2938448e-01
  -3.2027215e-01
  -1.2872019e+00
  -1.6833254e+00
  -1.6587912e+00
  -1.5983380e+00
  -1.6713138e+00
  -1.9718124e+00
  -2.1933246e+00
  -2.1561286e+00
  -1.8506892e+00
  -1.5485511e+00
  -1.4053953e+00
  -1.4004148e+00
  -1.4727401e+00
  -1.4213496e+00
  -1.1604607e+00
  -8.0886441e-01
  -4.9395019e-01
  -1.9733872e-01
  -9.6092120e-02
  -1.5396936e-01
  -4.9044052e-01
  -1.2124600e+00
  -2.7203825e+00
  -2.5560954e+00
  -9.5822942e-01
  -2.9158106e+00
  -2.7770648e+00
  -1.5387505e+00
  -1.4460118e+00
  -3.7792022e+00
  -1.3669804e+00
  -7.8252417e-01
  -1.2485223e+00
  -1.0992200e+00
  -1.0401635e-01
   3.7168062e-01
  -4.8306382e-01
  -9.8354739e-01
  -1.0454183e+00
  -1.0446603e+00
  -1.1432930e+00
  -1.4902123e+00
  -1.8557298e+00
  -1.9811654e+00
  -1.5049206e+00
  -1.2815714e+00
  -1.0768762e+00
  -1.0059773e+00
  -1.0711662e+00
  -1.1306329e+00
  -1.0589522e+00
  -8.3899999e-01
  -6.0689366e-01
  -3.6234042e-01
  -1.9399399e-01
  -1.4857067e-01
  -3.0091488e-01
  -6.6013300e-01
  -1.4647688e+00
  -2.2016299e+00
  -7.1929657e-01
  -1.6236553e+00
  -1.8634303e+00
  -1.1410967e+00
  -1.5328525e+00
  -2.4157410e+00
  -1.0478603e+00
  -1.1840899e+00
  -7.7563173e-01
  -4.7335041e-01
   2.6041716e-01
   7.8451610e-01
   3.4016570e-01
  -1.5641272e-01
  -3.2725269e-01
  -4.2565611e-01
  -5.7796466e-01
  -9.0085685e-01
  -1.2767621e+00
  -1.5123832e+00
  -7.7393013e-01
  -6.7188942e-01
  -5.1158631e-01
  -4.4488403e-01
  -4.6814704e-01
  -5.4167014e-01
  -5.5067968e-01
  -4.7340348e-01
  -3.4316796e-01
  -2.1842752e-01
  -7.9637371e-02
  -6.3223308e-03
  -6.5988682e-02
  -1.8432026e-01
  -4.0948632e-01
  -1.0780846e+00
  -7.1784133e-01
  -3.9811313e-01
  -7.4089736e-01
  -7.3861527e-01
  -1.0005857e+00
  -7.5933629e-01
  -6.6536695e-01
  -8.7163901e-01
  -9.7173661e-01
  -1.5900455e-01
   3.1025499e-01
   9.6305203e-01
   9.0711421e-01
   9.0713614e-01
   7.3206067e-01
   4.7238016e-01
   1.5909715e-01
  -1.7277378e-01
  -5.0205851e-01
  -7.0748252e-01
  -1.0401116e-01
  -8.4838615e-03
   9.7701505e-02
   1.3128744e-01
   7.4149592e-02
  -1.1741586e-02
  -4.2400960e-02
  -1.4191481e-02
   5.2072417e-02
   1.1171149e-01
   2.0030752e-01
   2.8578106e-01
   2.7632436e-01
   2.2123531e-01
   2.0617402e-01
  -8.4556095e-02
  -3.6677165e-01
  -7.7617258e-02
  -2.1898960e-01
  -5.4363995e-01
  -4.0694973e-01
  -5.6982934e-01
  -2.2719921e-01
  -1.3269822e-02
  -1.0754255e+00
  -5.5160528e-01
   7.1727559e-02
   7.4686843e-01
   6.1715661e-01
   9.8200399e-01
   1.2866772e+00
   1.0689227e+00
   7.1691084e-01
   3.6207956e-01
   4.4660265e-02
  -7.5117983e-02
   5.1583064e-01
   6.8615252e-01
   8.1007051e-01
   8.4779620e-01
   7.6083386e-01
   6.6116571e-01
   5.9060478e-01
   5.7970691e-01
   5.8256972e-01
   5.8986402e-01
   6.1228174e-01
   6.8760562e-01
   7.7405894e-01
   7.7340364e-01
   8.1177217e-01
   7.7709770e-01
   5.2705467e-01
   3.4349436e-01
   3.1034026e-01
   7.7810772e-02
  -2.2116616e-01
  -1.8780032e-01
   1.2483139e-01
   5.3122753e-01
  -8.2272542e-01
  -8.4963793e-01
  -5.6118667e-03
   5.3707373e-01
   6.3288879e-01
   5.7827932e-01
   1.1535475e+00
   1.2305137e+00
   9.9571311e-01
   6.9404006e-01
   4.5860803e-01
   4.2275557e-01
   6.8812728e-01
   9.5032381e-01
   1.1583588e+00
   1.2372541e+00
   1.1843567e+00
   1.0948460e+00
   1.0084928e+00
   9.7220808e-01
   9.5714694e-01
   9.3687320e-01
   8.9132481e-01
   8.9938885e-01
   1.0416411e+00
   1.1654927e+00
   1.2434921e+00
   1.3099842e+00
   1.2125445e+00
   9.9161607e-01
   8.6798543e-01
   7.1943661e-01
   1.5983401e-01
   1.5458348e-01
   2.5050676e-01
   3.2123050e-01
  -8.6830693e-01
  -1.2836286e+00
  -3.7053210e-01
   2.7484155e-01
   3.1033469e-01
   3.0956712e-01
   6.3196743e-01
   8.9795177e-01
   8.5128671e-01
   6.2221509e-01
   4.7778657e-01
   5.0183910e-01
   4.0890427e-01
   7.1850288e-01
   1.0176384e+00
   1.1834984e+00
   1.1978248e+00
   1.1422205e+00
   1.0678794e+00
   1.0267975e+00
   1.0049390e+00
   1.0040245e+00
   9.3699306e-01
   8.9234014e-01
   9.9414688e-01
   1.2260010e+00
   1.4221905e+00
   1.5766272e+00
   1.5858296e+00
   1.4498053e+00
   1.3236301e+00
   9.1493273e-01
   4.7094912e-01
   1.2116185e-01
   5.7800061e-01
   1.1061746e-01
  -7.6261362e-01
  -1.2913419e+00
  -1.3199033e+00
  -4.1545407e-01
  -8.4121130e-02
   1.4501770e-01
   3.1172850e-01
   4.4550389e-01
   4.1714759e-01
   2.3484390e-01
   1.2704392e-01
   1.8650936e-01
  -2.5001296e-01
   2.1372379e-02
   3.1035057e-01
   5.5213201e-01
   6.9481174e-01
   7.0640224e-01
   6.6741550e-01
   6.3794247e-01
   6.2448853e-01
   6.6236198e-01
   6.3238499e-01
   6.1048365e-01
   6.8712938e-01
   9.2688953e-01
   1.2358869e+00
   1.4670874e+00
   1.5500518e+00
   1.6001680e+00
   1.5134341e+00
   1.0305768e+00
   8.0854809e-01
   5.8902812e-01
   3.5338624e-01
   5.2861758e-02
  -7.5280076e-01
  -1.2583954e+00
  -1.3730634e+00
  -8.2333422e-01
  -3.4309064e-01
  -1.1247878e-01
  -4.6986286e-02
  -6.2391136e-02
  -1.7966236e-01
  -3.3490637e-01
  -4.3710774e-01
  -4.2313942e-01
  -7.4071550e-01
  -5.8815944e-01
  -3.9606395e-01
  -2.0708659e-01
  -6.2078375e-02
  -1.0188240e-02
   1.9276021e-02
   2.6147483e-02
   1.7904004e-02
   5.2072525e-02
   7.8303285e-02
   9.1018572e-02
   1.8605234e-01
   4.0705803e-01
   7.2255164e-01
   9.6346456e-01
   1.0446945e+00
   1.2777014e+00
   1.3480002e+00
   8.8791138e-01
   8.0215007e-01
   1.2074072e+00
   7.5344849e-01
   6.0003802e-02
  -4.6184438e-01
  -1.1158595e+00
  -1.1410722e+00
  -7.7273911e-01
  -4.2309830e-01
  -3.2055503e-01
  -3.4861800e-01
  -4.5355707e-01
  -5.7723141e-01
  -7.0175642e-01
  -7.8380358e-01
  -8.0802244e-01
  -8.6953408e-01
  -8.5150381e-01
  -7.6447570e-01
  -6.5637988e-01
  -5.5994117e-01
  -4.8522335e-01
  -4.2059153e-01
  -3.7400408e-01
  -3.5526928e-01
  -3.4464109e-01
  -3.2402193e-01
  -3.0339587e-01
  -2.1486010e-01
  -1.0364416e-01
   7.2758220e-02
   2.1766579e-01
   2.7379545e-01
   3.4737208e-01
   4.0221381e-01
   2.7290234e-01
   1.9900264e-01
   5.5381888e-01
   4.1100381e-01
   1.5372932e-01
  -3.2989889e-01
  -6.9519857e-01
  -7.2557038e-01
  -5.5179071e-01
  -3.7118606e-01
  -2.8881356e-01
  -3.3171478e-01
  -4.5432717e-01
  -5.6895596e-01
  -7.0757580e-01
  -8.1124076e-01
  -8.5566932e-01
  -5.3555983e-01
  -5.5433232e-01
  -5.5891615e-01
  -5.3542292e-01
  -4.9121886e-01
  -4.4153234e-01
  -3.8756898e-01
  -3.3433944e-01
  -2.9090607e-01
  -2.5964445e-01
  -2.4294947e-01
  -2.2370642e-01
  -1.8998636e-01
  -1.4042111e-01
  -6.9572784e-02
  -1.4701887e-03
   4.8693828e-02
   6.4607047e-02
   2.2633057e-02
  -2.1818617e-02
  -2.3524102e-02
   7.9867505e-03
   7.7524888e-03
  -5.5969112e-02
  -1.5593727e-01
  -2.3213951e-01
  -2.6243320e-01
  -2.4370177e-01
  -2.1099369e-01
  -1.9045128e-01
  -2.0875198e-01
  -2.6531979e-01
  -3.4194964e-01
  -4.1895053e-01
  -4.7305107e-01
  -5.0878710e-01
