-START-OF-DATA-
1759.5 0.00210211
1769.5 0.00210211
1779.5 0.00210211
1789.5 0.00210211
1799.5 0.00210211
1809.5 0.00210211
1819.5 0.00210211
1829.5 0.00210211
1839.5 0.00210211
1849.5 0.00210211
1859.5 0.00210211
1869.5 0.00210211
1879.5 0.00210211
1889.5 0.00210211
1899.5 0.00210211
1909.5 0.00210211
1919.5 0.00210211
1929.5 0.00210211
1939.5 0.00210211
1949.5 0.002238
2049.5 0.002284
2149.5 0.002359
2249.5 0.002465
2349.5 0.002594
2449.5 0.002737
2549.5 0.002919
2649.5 0.003161
2749.5 0.003471
2849.5 0.003864
2949.5 0.004355
3049.5 0.004953
3149.5 0.005664
3249.5 0.006488
3349.5 0.007425
3449.5 0.008469
3549.5 0.009452
3649.5 0.010511
3749.5 0.011569
3849.5 0.012477
3949.5 0.013308
4049.5 0.013989
4149.5 0.014594
4249.5 0.015047
4349.5 0.01535
4449.5 0.015652
4549.5 0.015804
4649.5 0.015955
4749.5 0.01603
4849.5 0.016106
4949.5 0.016106
5049.5 0.016106
5149.5 0.01603
5249.5 0.01603
5349.5 0.015955
5449.5 0.015879
5549.5 0.015879
5649.5 0.015804
5749.5 0.015728
5849.5 0.015652
5949.5 0.015577
6049.5 0.015501
6149.5 0.015426
6249.5 0.01535
6349.5 0.015274
6449.5 0.015199
6549.5 0.015199
6649.5 0.015123
6749.5 0.015047
6849.5 0.014972
6949.5 0.014896
7049.5 0.014821
7149.5 0.014821
7249.5 0.014745
7349.5 0.014669
7449.5 0.014594
7549.5 0.014518
7649.5 0.014518
7749.5 0.014443
7849.5 0.014367
7949.5 0.014367
8049.5 0.014291
8149.5 0.014216
8249.5 0.01414
8349.5 0.01414
8449.5 0.014064
8549.5 0.013989
8649.5 0.013989
8749.5 0.013913
8849.5 0.013838
8949.5 0.013838
9049.5 0.013762
9149.5 0.013686
9249.5 0.013686
9349.5 0.013611
9449.5 0.013535
9549.5 0.013535
9649.5 0.01346
9749.5 0.01346
9849.5 0.013384
9949.5 0.013308
10049.5 0.013308
10149.5 0.013233
10249.5 0.013233
10349.5 0.013157
10449.5 0.013081
10549.5 0.013081
10649.5 0.013006
10749.5 0.013006
10849.5 0.01293
10949.5 0.01293
11049.5 0.012855
11149.5 0.012779
11249.5 0.012779
11349.5 0.012703
11449.5 0.012703
11549.5 0.012628
11649.5 0.012628
11749.5 0.012552
11849.5 0.012552
11949.5 0.012477
12049.5 0.012477
12149.5 0.012401
12249.5 0.012401
12349.5 0.012325
12449.5 0.012325
12549.5 0.01225
12649.5 0.01225
12749.5 0.012174
12849.5 0.012174
12949.5 0.012098
13049.5 0.012098
13149.5 0.012023
13249.5 0.012023
13349.5 0.011947
13449.5 0.011947
13549.5 0.011872
13649.5 0.011872
13749.5 0.011872
13849.5 0.011796
13949.5 0.011796
14049.5 0.01172
14149.5 0.01172
14249.5 0.011645
14349.5 0.011645
14449.5 0.011569
14549.5 0.011569
14649.5 0.011569
14749.5 0.011494
14849.5 0.011494
14949.5 0.011418
15049.5 0.011418
15149.5 0.011342
15249.5 0.011342
15349.5 0.011342
15449.5 0.011267
15549.5 0.011267
15649.5 0.011191
15749.5 0.011191
15849.5 0.011191
15949.5 0.011115
16049.5 0.011115
16149.5 0.01104
16249.5 0.01104
16349.5 0.01104
16449.5 0.010964
16549.5 0.010964
16649.5 0.010964
16749.5 0.010889
16849.5 0.010889
16949.5 0.010813
17049.5 0.010813
17149.5 0.010813
17249.5 0.010737
17349.5 0.010737
17449.5 0.010737
17549.5 0.010662
17649.5 0.010662
17749.5 0.010586
17849.5 0.010586
17949.5 0.010586
18049.5 0.010511
18149.5 0.010511
18249.5 0.010511
18349.5 0.010435
18449.5 0.010435
18549.5 0.010435
18649.5 0.010359
18749.5 0.010359
18849.5 0.010359
18949.5 0.010284
19049.5 0.010284
19149.5 0.010284
19249.5 0.010208
19349.5 0.010208
19449.5 0.010208
19549.5 0.010132
19649.5 0.010132
19749.5 0.010132
19849.5 0.010057
19949.5 0.010057
20049.5 0.010057
20149.5 0.010057
20249.5 0.009981
20349.5 0.009981
20449.5 0.009981
20549.5 0.009906
20649.5 0.009906
20749.5 0.009906
20849.5 0.00983
20949.5 0.00983
21049.5 0.00983
21149.5 0.00983
21249.5 0.009754
21349.5 0.009754
21449.5 0.009754
21549.5 0.009679
21649.5 0.009679
21749.5 0.009679
21849.5 0.009679
21949.5 0.009603
22049.5 0.009603
22149.5 0.009603
22249.5 0.009603
22349.5 0.009528
22449.5 0.009528
22549.5 0.009528
22649.5 0.009452
22749.5 0.009452
22849.5 0.009452
22949.5 0.009452
23049.5 0.009376
23149.5 0.009376
23249.5 0.009376
23349.5 0.009376
23449.5 0.009301
23549.5 0.009301
23649.5 0.009301
23749.5 0.009301
23849.5 0.009225
23949.5 0.009225
24049.5 0.009225
24149.5 0.009225
24249.5 0.009225
24349.5 0.009149
24449.5 0.009149
24549.5 0.009149
24649.5 0.009149
24749.5 0.009074
24849.5 0.009074
24949.5 0.009074
25049.5 0.009074
25149.5 0.008998
25249.5 0.008998
25349.5 0.008998
25449.5 0.008998
25549.5 0.008998
25649.5 0.008923
25749.5 0.008923
25849.5 0.008923
25949.5 0.008923
26049.5 0.008923
26149.5 0.008847
26249.5 0.008847
26349.5 0.008847
26449.5 0.008847
26549.5 0.008847
26649.5 0.008771
26749.5 0.008771
26849.5 0.008771
26949.5 0.008771
27049.5 0.008771
27149.5 0.008696
27249.5 0.008696
27349.5 0.008696
27449.5 0.008696
27549.5 0.008696
27649.5 0.00862
27749.5 0.00862
27849.5 0.00862
27949.5 0.00862
28049.5 0.00862
28149.5 0.00862
28249.5 0.008545
28349.5 0.008545
28449.5 0.008545
28549.5 0.008545
28649.5 0.008545
28749.5 0.008469
28849.5 0.008469
28949.5 0.008469
29049.5 0.008469
29149.5 0.008469
29249.5 0.008469
29349.5 0.008393
29449.5 0.008393
29549.5 0.008393
29649.5 0.008393
29749.5 0.008393
29849.5 0.008393
29949.5 0.008393
30049.5 0.008318
30149.5 0.008318
30249.5 0.008318
30349.5 0.008318
30449.5 0.008318
30549.5 0.008318
30649.5 0.008242
30749.5 0.008242
30849.5 0.008242
30949.5 0.008242
31049.5 0.008242
31149.5 0.008242
31249.5 0.008242
31349.5 0.008166
31449.5 0.008166
31549.5 0.008166
31649.5 0.008166
31749.5 0.008166
31849.5 0.008166
31949.5 0.008166
32049.5 0.008091
32149.5 0.008091
32249.5 0.008091
32349.5 0.008091
32449.5 0.008091
32549.5 0.008091
32649.5 0.008091
32749.5 0.008091
32849.5 0.008015
32949.5 0.008015
33049.5 0.008015
33149.5 0.008015
33249.5 0.008015
33349.5 0.008015
33449.5 0.008015
33549.5 0.008015
33649.5 0.00794
33749.5 0.00794
33849.5 0.00794
33949.5 0.00794
34049.5 0.00794
34149.5 0.00794
34249.5 0.00794
34349.5 0.00794
34449.5 0.007864
34549.5 0.007864
34649.5 0.007864
34749.5 0.007864
34849.5 0.007864
34949.5 0.007864
35049.5 0.007864
35149.5 0.007864
35249.5 0.007864
35349.5 0.007788
35449.5 0.007788
35549.5 0.007788
35649.5 0.007788
35749.5 0.007788
35849.5 0.007788
35949.5 0.007788
36049.5 0.007788
36149.5 0.007788
36249.5 0.007713
36349.5 0.007713
36449.5 0.007713
36549.5 0.007713
36649.5 0.007713
36749.5 0.007713
36849.5 0.007713
36949.5 0.007713
37049.5 0.007713
37149.5 0.007713
37249.5 0.007637
37349.5 0.007637
37449.5 0.007637
37549.5 0.007637
37649.5 0.007637
37749.5 0.007637
37849.5 0.007637
37949.5 0.007637
38049.5 0.007637
38149.5 0.007637
38249.5 0.007562
38349.5 0.007562
38449.5 0.007562
38549.5 0.007562
38649.5 0.007562
38749.5 0.007562
38849.5 0.007554
38949.5 0.007546
39049.5 0.007539
39149.5 0.007531
39249.5 0.007531
39349.5 0.007524
39449.5 0.007516
39549.5 0.007509
39649.5 0.007501
39749.5 0.007493
39849.5 0.007486
39949.5 0.007478
40049.5 0.007478
40149.5 0.007471
40249.5 0.007463
40349.5 0.007456
40449.5 0.007448
40549.5 0.007441
40649.5 0.007441
40749.5 0.007433
40849.5 0.007425
40949.5 0.007418
41049.5 0.00741
41149.5 0.00741
41249.5 0.007403
41349.5 0.007395
41449.5 0.007388
41549.5 0.007388
41649.5 0.00738
41749.5 0.007373
41849.5 0.007365
41949.5 0.007357
42049.5 0.007357
42149.5 0.00735
42249.5 0.007342
42349.5 0.007335
42449.5 0.007335
42549.5 0.007327
42649.5 0.00732
42749.5 0.00732
42849.5 0.007312
42949.5 0.007304
43049.5 0.007297
43149.5 0.007297
43249.5 0.007289
43349.5 0.007282
43449.5 0.007282
43549.5 0.007274
43649.5 0.007267
43749.5 0.007267
43849.5 0.007259
43949.5 0.007252
44049.5 0.007252
44149.5 0.007244
44249.5 0.007236
44349.5 0.007236
44449.5 0.007229
44549.5 0.007221
44649.5 0.007221
44749.5 0.007214
44849.5 0.007206
44949.5 0.007206
45049.5 0.007199
45149.5 0.007191
45249.5 0.007191
45349.5 0.007183
45449.5 0.007183
45549.5 0.007176
45649.5 0.007168
45749.5 0.007168
45849.5 0.007161
45949.5 0.007153
46049.5 0.007153
46149.5 0.007146
46249.5 0.007146
46349.5 0.007138
46449.5 0.007138
46549.5 0.007131
46649.5 0.007123
46749.5 0.007123
46849.5 0.007115
46949.5 0.007115
47049.5 0.007108
47149.5 0.0071
47249.5 0.0071
47349.5 0.007093
47449.5 0.007093
47549.5 0.007085
47649.5 0.007085
47749.5 0.007078
47849.5 0.00707
47949.5 0.00707
48049.5 0.007062
48149.5 0.007062
48249.5 0.007055
48349.5 0.007055
48449.5 0.007047
48549.5 0.007047
48649.5 0.00704
48749.5 0.00704
48849.5 0.007032
48949.5 0.007025
49049.5 0.007025
49149.5 0.007017
49249.5 0.007017
49349.5 0.00701
49449.5 0.00701
49549.5 0.007002
49649.5 0.007002
49749.5 0.006994
49849.5 0.006994
49949.5 0.006987
50049.5 0.006987
50149.5 0.006979
50249.5 0.006979
50349.5 0.006972
50449.5 0.006972
50549.5 0.006964
50649.5 0.006957
50749.5 0.006957
50849.5 0.006949
50949.5 0.006949
51049.5 0.006941
51149.5 0.006941
51249.5 0.006934
51349.5 0.006934
51449.5 0.006926
51549.5 0.006926
51649.5 0.006919
51749.5 0.006919
51849.5 0.006911
51949.5 0.006911
52049.5 0.006904
52149.5 0.006904
52249.5 0.006896
52349.5 0.006896
52449.5 0.006889
52549.5 0.006889
52649.5 0.006881
52749.5 0.006881
52849.5 0.006873
52949.5 0.006873
53049.5 0.006866
53149.5 0.006866
53249.5 0.006858
53349.5 0.006858
53449.5 0.006851
53549.5 0.006851
53649.5 0.006843
53749.5 0.006843
53849.5 0.006836
53949.5 0.006836
54049.5 0.006828
54149.5 0.006828
54249.5 0.006821
54349.5 0.006821
54449.5 0.006813
54549.5 0.006813
54649.5 0.006805
54749.5 0.006805
54849.5 0.006805
54949.5 0.006798
55049.5 0.006798
55149.5 0.00679
55249.5 0.00679
55349.5 0.006783
55449.5 0.006783
55549.5 0.006775
55649.5 0.006775
55749.5 0.006768
55849.5 0.006768
55949.5 0.00676
56049.5 0.00676
56149.5 0.006752
56249.5 0.006752
56349.5 0.006745
56449.5 0.006745
56549.5 0.006737
56649.5 0.006737
56749.5 0.00673
56849.5 0.00673
56949.5 0.00673
57049.5 0.006722
57149.5 0.006722
57249.5 0.006715
57349.5 0.006715
57449.5 0.006707
57549.5 0.006707
57649.5 0.0067
57749.5 0.0067
57849.5 0.006692
57949.5 0.006692
58049.5 0.006684
58149.5 0.006684
58249.5 0.006677
58349.5 0.006677
58449.5 0.006677
58549.5 0.006669
58649.5 0.006669
58749.5 0.006662
58849.5 0.006662
58949.5 0.006654
59049.5 0.006654
59149.5 0.006647
59249.5 0.006647
59349.5 0.006639
59449.5 0.006639
59549.5 0.006639
59649.5 0.006631
59749.5 0.006631
59849.5 0.006624
59949.5 0.006624
60049.5 0.006616
60149.5 0.006616
60249.5 0.006609
60349.5 0.006609
60449.5 0.006601
60549.5 0.006601
60649.5 0.006601
60749.5 0.006594
60849.5 0.006594
60949.5 0.006586
61049.5 0.006586
61149.5 0.006579
61249.5 0.006579
61349.5 0.006571
61449.5 0.006571
61549.5 0.006571
61649.5 0.006563
61749.5 0.006563
61849.5 0.006556
61949.5 0.006556
62049.5 0.006548
62149.5 0.006548
62249.5 0.006541
62349.5 0.006541
62449.5 0.006541
62549.5 0.006533
62649.5 0.006533
62749.5 0.006526
62849.5 0.006526
62949.5 0.006518
63049.5 0.006518
63149.5 0.006518
63249.5 0.00651
63349.5 0.00651
63449.5 0.006503
63549.5 0.006503
63649.5 0.006495
63749.5 0.006495
63849.5 0.006495
63949.5 0.006488
64049.5 0.006488
64149.5 0.00648
64249.5 0.00648
64349.5 0.006473
64449.5 0.006473
64549.5 0.006473
64649.5 0.006465
64749.5 0.006465
64849.5 0.006458
64949.5 0.006458
65049.5 0.00645
65149.5 0.00645
65249.5 0.00645
65349.5 0.006442
65449.5 0.006442
65549.5 0.006435
65649.5 0.006435
65749.5 0.006427
65849.5 0.006427
65949.5 0.006427
66049.5 0.00642
66149.5 0.00642
66249.5 0.006412
66349.5 0.006412
66449.5 0.006405
66549.5 0.006405
66649.5 0.006405
66749.5 0.006397
66849.5 0.006397
66949.5 0.00639
67049.5 0.00639
67149.5 0.00639
67249.5 0.006382
67349.5 0.006382
67449.5 0.006374
67549.5 0.006374
67649.5 0.006374
67749.5 0.006367
67849.5 0.006367
67949.5 0.006359
68049.5 0.006359
68149.5 0.006352
68249.5 0.006352
68349.5 0.006352
68449.5 0.006344
68549.5 0.006344
68649.5 0.006337
68749.5 0.006337
68849.5 0.006337
68949.5 0.006329
69049.5 0.006329
69149.5 0.006321
69249.5 0.006321
69349.5 0.006321
69449.5 0.006314
69549.5 0.006314
69649.5 0.006306
69749.5 0.006306
69849.5 0.006306
69949.5 0.006299
70049.5 0.006299
70149.5 0.006291
70249.5 0.006291
70349.5 0.006291
70449.5 0.006284
70549.5 0.006284
70649.5 0.006284
70749.5 0.006276
70849.5 0.006276
70949.5 0.006269
71049.5 0.006269
71149.5 0.006269
71249.5 0.006261
71349.5 0.006261
71449.5 0.006253
71549.5 0.006253
71649.5 0.006253
71749.5 0.006246
71849.5 0.006246
71949.5 0.006238
72049.5 0.006238
72149.5 0.006238
72249.5 0.006231
72349.5 0.006231
72449.5 0.006231
72549.5 0.006223
72649.5 0.006223
72749.5 0.006216
72849.5 0.006216
72949.5 0.006216
73049.5 0.006208
73149.5 0.006208
73249.5 0.0062
73349.5 0.0062
73449.5 0.0062
73549.5 0.006193
73649.5 0.006193
73749.5 0.006193
73849.5 0.006185
73949.5 0.006185
74049.5 0.006178
74149.5 0.006178
74249.5 0.006178
74349.5 0.00617
74449.5 0.00617
74549.5 0.00617
74649.5 0.006163
74749.5 0.006163
74849.5 0.006155
74949.5 0.006155
75049.5 0.006155
75149.5 0.006148
75249.5 0.006148
75349.5 0.006148
75449.5 0.00614
75549.5 0.00614
75649.5 0.00614
75749.5 0.006132
75849.5 0.006132
75949.5 0.006125
76049.5 0.006125
76149.5 0.006125
76249.5 0.006117
76349.5 0.006117
76449.5 0.006117
76549.5 0.00611
76649.5 0.00611
76749.5 0.006102
76849.5 0.006102
76949.5 0.006102
77049.5 0.006095
77149.5 0.006095
77249.5 0.006095
77349.5 0.006087
77449.5 0.006087
77549.5 0.006087
77649.5 0.006079
77749.5 0.006079
77849.5 0.006072
77949.5 0.006072
78049.5 0.006072
78149.5 0.006064
78249.5 0.006064
78349.5 0.006064
78449.5 0.006057
78549.5 0.006057
78649.5 0.006049
78749.5 0.006049
78849.5 0.006049
78949.5 0.006042
79049.5 0.006042
79149.5 0.006034
79249.5 0.006034
79349.5 0.006034
79449.5 0.006027
79549.5 0.006027
79649.5 0.006019
79749.5 0.006019
79849.5 0.006019
79949.5 0.006011
80049.5 0.006011
80149.5 0.006011
80249.5 0.006004
80349.5 0.006004
80449.5 0.005996
80549.5 0.005996
80649.5 0.005996
80749.5 0.005989
80849.5 0.005989
80949.5 0.005989
81049.5 0.005981
81149.5 0.005981
81249.5 0.005974
81349.5 0.005974
81449.5 0.005974
81549.5 0.005966
81649.5 0.005966
81749.5 0.005966
81849.5 0.005958
81949.5 0.005958
82049.5 0.005958
82149.5 0.005951
82249.5 0.005951
82349.5 0.005943
82449.5 0.005943
82549.5 0.005943
82649.5 0.005936
82749.5 0.005936
82849.5 0.005936
82949.5 0.005928
83049.5 0.005928
83149.5 0.005928
83249.5 0.005921
83349.5 0.005921
83449.5 0.005921
83549.5 0.005913
83649.5 0.005913
83749.5 0.005913
83849.5 0.005906
83949.5 0.005906
84049.5 0.005906
84149.5 0.005898
84249.5 0.005898
84349.5 0.005898
84449.5 0.00589
84549.5 0.00589
84649.5 0.00589
84749.5 0.005883
84849.5 0.005883
84949.5 0.005883
85049.5 0.005875
85149.5 0.005875
85249.5 0.005875
85349.5 0.005868
85449.5 0.005868
85549.5 0.005868
85649.5 0.00586
85749.5 0.00586
85849.5 0.00586
85949.5 0.005853
86049.5 0.005853
86149.5 0.005853
86249.5 0.005845
86349.5 0.005845
86449.5 0.005845
86549.5 0.005845
86649.5 0.005838
86749.5 0.005838
86849.5 0.005838
86949.5 0.00583
87049.5 0.00583
87149.5 0.00583
87249.5 0.005822
87349.5 0.005822
87449.5 0.005822
87549.5 0.005815
87649.5 0.005815
87749.5 0.005815
87849.5 0.005807
87949.5 0.005807
88049.5 0.005807
88149.5 0.005807
88249.5 0.0058
88349.5 0.0058
88449.5 0.0058
88549.5 0.005792
88649.5 0.005792
88749.5 0.005792
88849.5 0.005792
88949.5 0.005785
89049.5 0.005785
89149.5 0.005785
89249.5 0.005777
89349.5 0.005777
89449.5 0.005777
89549.5 0.005769
89649.5 0.005769
89749.5 0.005769
89849.5 0.005769
89949.5 0.005762
90049.5 0.005762
90149.5 0.005762
90249.5 0.005754
90349.5 0.005754
90449.5 0.005754
90549.5 0.005754
90649.5 0.005747
90749.5 0.005747
90849.5 0.005747
90949.5 0.005739
91049.5 0.005739
91149.5 0.005739
91249.5 0.005739
91349.5 0.005732
91449.5 0.005732
91549.5 0.005732
91649.5 0.005724
91749.5 0.005724
91849.5 0.005724
91949.5 0.005717
92049.5 0.005717
92149.5 0.005717
92249.5 0.005717
92349.5 0.005709
92449.5 0.005709
92549.5 0.005709
92649.5 0.005701
92749.5 0.005701
92849.5 0.005701
92949.5 0.005701
93049.5 0.005694
93149.5 0.005694
93249.5 0.005694
93349.5 0.005686
93449.5 0.005686
93549.5 0.005686
93649.5 0.005686
93749.5 0.005679
93849.5 0.005679
93949.5 0.005679
94049.5 0.005671
94149.5 0.005671
94249.5 0.005671
94349.5 0.005671
94449.5 0.005664
94549.5 0.005664
94649.5 0.005664
94749.5 0.005656
94849.5 0.005656
94949.5 0.005656
95049.5 0.005648
95149.5 0.005648
95249.5 0.005648
95349.5 0.005648
95449.5 0.005641
95549.5 0.005641
95649.5 0.005641
95749.5 0.005633
95849.5 0.005633
95949.5 0.005633
96049.5 0.005626
96149.5 0.005626
96249.5 0.005626
96349.5 0.005626
96449.5 0.005618
96549.5 0.005618
96649.5 0.005618
96749.5 0.005611
96849.5 0.005611
96949.5 0.005611
97049.5 0.005611
97149.5 0.005603
97249.5 0.005603
97349.5 0.005603
97449.5 0.005596
97549.5 0.005596
97649.5 0.005596
97749.5 0.005596
97849.5 0.005588
97949.5 0.005588
98049.5 0.005588
98149.5 0.00558
98249.5 0.00558
98349.5 0.00558
98449.5 0.00558
98549.5 0.005573
98649.5 0.005573
98749.5 0.005573
98849.5 0.005565
98949.5 0.005565
99049.5 0.005565
99149.5 0.005565
99249.5 0.005558
99349.5 0.005558
99449.5 0.005558
99549.5 0.00555
99649.5 0.00555
99749.5 0.00555
99849.5 0.00555
99949.5 0.005543
100049.5 0.005543
100149.5 0.005543
100249.5 0.005543
100349.5 0.005535
100449.5 0.005535
100549.5 0.005535
100649.5 0.005527
100749.5 0.005527
100849.5 0.005527
100949.5 0.005527
101049.5 0.00552
101149.5 0.00552
101249.5 0.00552
101349.5 0.00552
101449.5 0.005512
101549.5 0.005512
101649.5 0.005512
101749.5 0.005512
101849.5 0.005505
101949.5 0.005505
102049.5 0.005505
102149.5 0.005497
102249.5 0.005497
102349.5 0.005497
102449.5 0.005497
102549.5 0.00549
9999982445 0.002102
-END-OF-DATA-
