  0.4781  0.4778  0.4774  0.4770  0.4765  0.4761  0.4757  0.4756  0.4757  0.4761  0.4762  0.4762  0.4762  0.4759  0.4761  0.4761  0.4764  0.4767  0.4764  0.4759  0.4753  0.4753  0.4755  0.4754  0.4758  0.4763  0.4766  0.4770  0.4775  0.4776  0.4775  0.4775  0.4779  0.4780  0.4779  0.4782
  0.4339  0.4320  0.4294  0.4265  0.4241  0.4230  0.4223  0.4223  0.4224  0.4219  0.4217  0.4230  0.4238  0.4244  0.4251  0.4247  0.4243  0.4249  0.4250  0.4256  0.4256  0.4250  0.4258  0.4263  0.4271  0.4304  0.4326  0.4342  0.4351  0.4360  0.4369  0.4370  0.4374  0.4381  0.4378  0.4364
  0.4080  0.4048  0.4004  0.3966  0.3946  0.3929  0.3929  0.3945  0.3955  0.3972  0.3996  0.4035  0.4071  0.4097  0.4119  0.4130  0.4122  0.4126  0.4122  0.4128  0.4127  0.4125  0.4134  0.4151  0.4150  0.4164  0.4175  0.4181  0.4181  0.4167  0.4163  0.4173  0.4166  0.4164  0.4159  0.4128
  0.4210  0.4151  0.4095  0.4041  0.4007  0.3989  0.3972  0.3981  0.3998  0.4020  0.4052  0.4070  0.4100  0.4131  0.4158  0.4190  0.4201  0.4192  0.4192  0.4196  0.4199  0.4194  0.4197  0.4217  0.4227  0.4235  0.4253  0.4258  0.4269  0.4263  0.4253  0.4261  0.4262  0.4253  0.4254  0.4245
  0.4116  0.4101  0.4078  0.4052  0.4008  0.3986  0.3956  0.3941  0.3937  0.3948  0.3968  0.3978  0.3993  0.4027  0.4051  0.4075  0.4088  0.4103  0.4110  0.4098  0.4077  0.4079  0.4091  0.4103  0.4108  0.4107  0.4113  0.4118  0.4117  0.4110  0.4094  0.4091  0.4108  0.4116  0.4112  0.4118
  0.3830  0.3852  0.3845  0.3841  0.3816  0.3797  0.3773  0.3730  0.3720  0.3725  0.3736  0.3751  0.3756  0.3789  0.3808  0.3820  0.3835  0.3851  0.3862  0.3855  0.3841  0.3841  0.3843  0.3849  0.3835  0.3821  0.3801  0.3781  0.3772  0.3767  0.3769  0.3768  0.3780  0.3790  0.3791  0.3811
  0.3505  0.3527  0.3495  0.3421  0.3334  0.3367  0.3321  0.3272  0.3303  0.3344  0.3371  0.3396  0.3420  0.3453  0.3469  0.3469  0.3469  0.3476  0.3496  0.3501  0.3497  0.3491  0.3468  0.3455  0.3427  0.3376  0.3309  0.3253  0.3259  0.3306  0.3367  0.3409  0.3429  0.3441  0.3466  0.3492
  0.3153  0.3115  0.2999  0.2795  0.2658  0.2745  0.2790  0.2889  0.2960  0.2993  0.3013  0.3031  0.3061  0.3073  0.3082  0.3078  0.3081  0.3086  0.3097  0.3102  0.3086  0.3064  0.3025  0.2996  0.2948  0.2846  0.2725  0.2687  0.2804  0.2983  0.3098  0.3150  0.3172  0.3208  0.3213  0.3185
  0.2703  0.2602  0.2450  0.2437  0.2209  0.2260  0.2725  0.2858  0.2737  0.2661  0.2646  0.2651  0.2663  0.2686  0.2700  0.2709  0.2710  0.2701  0.2693  0.2674  0.2646  0.2618  0.2592  0.2574  0.2504  0.2369  0.2215  0.2321  0.2624  0.3030  0.3015  0.2979  0.2985  0.2995  0.2919  0.2813
  0.2447  0.2417  0.2210  0.1971  0.2078  0.2021  0.2425  0.2315  0.2226  0.2237  0.2279  0.2329  0.2393  0.2452  0.2478  0.2489  0.2486  0.2476  0.2457  0.2438  0.2415  0.2407  0.2422  0.2425  0.2374  0.2229  0.2197  0.2602  0.2764  0.2963  0.2810  0.2823  0.2841  0.2789  0.2669  0.2537
  0.2285  0.2372  0.2262  0.1815  0.1714  0.1919  0.2150  0.1962  0.1986  0.2046  0.2109  0.2187  0.2263  0.2318  0.2326  0.2325  0.2309  0.2294  0.2276  0.2256  0.2256  0.2282  0.2362  0.2441  0.2482  0.2481  0.2613  0.3150  0.3227  0.2805  0.2581  0.2634  0.2602  0.2479  0.2348  0.2271
  0.2240  0.2380  0.2381  0.1985  0.1599  0.1979  0.2046  0.1877  0.1961  0.2001  0.2058  0.2119  0.2180  0.2203  0.2188  0.2166  0.2156  0.2144  0.2138  0.2145  0.2192  0.2282  0.2405  0.2557  0.2602  0.2419  0.2896  0.3228  0.3261  0.2480  0.2383  0.2419  0.2326  0.2196  0.2124  0.2139
  0.2158  0.2267  0.2296  0.1995  0.1607  0.1921  0.1778  0.1870  0.1948  0.1989  0.2042  0.2078  0.2115  0.2098  0.2056  0.2025  0.2015  0.2014  0.2023  0.2057  0.2163  0.2322  0.2465  0.2629  0.2582  0.1886  0.2488  0.2327  0.2669  0.2242  0.2235  0.2171  0.2030  0.1944  0.1974  0.2055
  0.1928  0.1967  0.2196  0.2049  0.1641  0.1800  0.1791  0.1951  0.2051  0.2071  0.2078  0.2089  0.2093  0.2035  0.1974  0.1942  0.1926  0.1929  0.1951  0.2015  0.2187  0.2467  0.2565  0.2605  0.2531  0.2074  0.2116  0.2083  0.2035  0.2154  0.2059  0.1892  0.1754  0.1721  0.1808  0.1900
  0.1694  0.1629  0.2177  0.2053  0.1775  0.1887  0.2144  0.2068  0.2318  0.2188  0.2159  0.2147  0.2124  0.2058  0.2005  0.1978  0.1980  0.1987  0.2012  0.2073  0.2178  0.2566  0.2647  0.2590  0.2483  0.2255  0.2184  0.2197  0.2246  0.2117  0.1929  0.1770  0.1671  0.1658  0.1725  0.1761
  0.1722  0.1705  0.2424  0.2102  0.2022  0.2247  0.2725  0.2250  0.2277  0.2305  0.2264  0.2228  0.2184  0.2126  0.2102  0.2110  0.2148  0.2158  0.2124  0.1972  0.1934  0.2430  0.2617  0.2519  0.2382  0.2268  0.2258  0.2295  0.2199  0.1982  0.1857  0.1798  0.1779  0.1796  0.1832  0.1852
  0.2131  0.2263  0.2789  0.2296  0.2316  0.2973  0.3000  0.2484  0.2245  0.2305  0.2221  0.2160  0.2110  0.2063  0.2048  0.2074  0.2128  0.2170  0.2170  0.2078  0.2344  0.2403  0.2285  0.2148  0.2007  0.1948  0.1934  0.1879  0.1755  0.1671  0.1704  0.1773  0.1860  0.1969  0.2045  0.2095
  0.2367  0.2620  0.2655  0.2440  0.2613  0.3238  0.3231  0.2689  0.2211  0.2140  0.2024  0.1941  0.1876  0.1823  0.1813  0.1857  0.1957  0.2090  0.2231  0.2257  0.2723  0.2567  0.1985  0.1820  0.1691  0.1634  0.1598  0.1547  0.1488  0.1460  0.1502  0.1570  0.1697  0.1897  0.2124  0.2291
  0.2481  0.2551  0.2517  0.2462  0.2524  0.3306  0.3304  0.2844  0.2274  0.2121  0.2003  0.1944  0.1903  0.1863  0.1871  0.1940  0.2070  0.2243  0.2419  0.2371  0.2794  0.2508  0.1931  0.1784  0.1655  0.1586  0.1543  0.1501  0.1472  0.1467  0.1530  0.1634  0.1824  0.2102  0.2399  0.2555
  0.2389  0.2162  0.2373  0.2398  0.2342  0.3119  0.3177  0.2903  0.2328  0.2190  0.2126  0.2084  0.2062  0.2047  0.2089  0.2194  0.2340  0.2499  0.2615  0.2482  0.2997  0.2453  0.2062  0.1996  0.1915  0.1853  0.1804  0.1758  0.1727  0.1739  0.1827  0.1987  0.2212  0.2492  0.2737  0.2738
  0.2048  0.1844  0.2211  0.2386  0.2015  0.2554  0.2868  0.2882  0.2523  0.2182  0.2134  0.2115  0.2067  0.2059  0.2114  0.2207  0.2337  0.2493  0.2582  0.2379  0.2640  0.2361  0.2175  0.2260  0.2249  0.2195  0.2183  0.2228  0.2200  0.2136  0.2126  0.2157  0.2263  0.2437  0.2628  0.2512
  0.1740  0.1554  0.2094  0.2314  0.1834  0.2057  0.2433  0.2677  0.2473  0.2187  0.2099  0.2109  0.2042  0.2014  0.2051  0.2099  0.2176  0.2312  0.2391  0.2240  0.2161  0.2150  0.2145  0.2345  0.2301  0.2159  0.2127  0.2281  0.2358  0.2329  0.2280  0.2079  0.2048  0.2141  0.2310  0.2158
  0.1502  0.1286  0.1840  0.2351  0.1821  0.1834  0.2036  0.2332  0.2374  0.2152  0.2216  0.2059  0.2033  0.1988  0.1992  0.1990  0.2013  0.2088  0.2139  0.2069  0.1956  0.1910  0.2191  0.2330  0.2204  0.2007  0.2276  0.2166  0.2324  0.2362  0.2240  0.2053  0.1906  0.1901  0.2017  0.1926
  0.1411  0.1247  0.1797  0.2198  0.1641  0.1706  0.1760  0.2052  0.2121  0.2030  0.2059  0.2122  0.2034  0.1962  0.1934  0.1889  0.1884  0.1914  0.1940  0.1941  0.1861  0.1844  0.2262  0.2202  0.2030  0.1942  0.2367  0.2224  0.2226  0.2323  0.2334  0.2198  0.2007  0.1870  0.1850  0.1802
  0.1544  0.1457  0.2009  0.1929  0.1418  0.1630  0.1700  0.1830  0.1960  0.1939  0.2036  0.1993  0.2078  0.1953  0.1904  0.1853  0.1843  0.1867  0.1873  0.1861  0.1755  0.1800  0.2085  0.2134  0.1957  0.1959  0.2252  0.2312  0.2204  0.2314  0.2410  0.2376  0.2226  0.2036  0.1901  0.1799
  0.1819  0.1673  0.2065  0.1909  0.1460  0.1579  0.1694  0.1786  0.1900  0.1868  0.2033  0.1978  0.2053  0.2042  0.1943  0.1889  0.1863  0.1878  0.1890  0.1816  0.1649  0.1685  0.2079  0.2101  0.2001  0.1890  0.2120  0.2356  0.2231  0.2343  0.2458  0.2497  0.2415  0.2259  0.2081  0.1942
  0.2055  0.2036  0.2114  0.2026  0.1686  0.1618  0.1720  0.1769  0.1857  0.1907  0.1953  0.2201  0.1925  0.2219  0.2155  0.2057  0.1990  0.1971  0.1998  0.1865  0.1697  0.2031  0.2050  0.2165  0.2092  0.1906  0.1860  0.2244  0.2266  0.2391  0.2460  0.2532  0.2526  0.2465  0.2324  0.2166
  0.2293  0.2250  0.2251  0.2035  0.1876  0.1799  0.1817  0.1830  0.1894  0.2068  0.2036  0.2210  0.1969  0.2402  0.2501  0.2348  0.2233  0.2180  0.2196  0.2182  0.2144  0.2188  0.2208  0.2260  0.2166  0.1900  0.1930  0.2193  0.2315  0.2436  0.2479  0.2534  0.2562  0.2572  0.2517  0.2406
  0.2717  0.2694  0.2664  0.2353  0.2262  0.2343  0.2230  0.2176  0.2185  0.2250  0.2254  0.2348  0.2282  0.2565  0.2986  0.2922  0.2781  0.2704  0.2678  0.2686  0.2603  0.2526  0.2538  0.2490  0.2343  0.2165  0.2240  0.2286  0.2464  0.2551  0.2582  0.2627  0.2669  0.2722  0.2759  0.2760
  0.3135  0.3170  0.3191  0.2804  0.2605  0.2507  0.2580  0.2609  0.2613  0.2500  0.2550  0.2550  0.2705  0.2648  0.3250  0.3383  0.3273  0.3220  0.3213  0.3170  0.3093  0.2972  0.2868  0.2790  0.2504  0.2332  0.2402  0.2431  0.2651  0.2715  0.2762  0.2826  0.2903  0.2983  0.3056  0.3114
  0.3557  0.3595  0.3599  0.3261  0.2778  0.2674  0.2721  0.2800  0.2811  0.2767  0.2770  0.2858  0.2873  0.2938  0.3280  0.3421  0.3435  0.3576  0.3658  0.3608  0.3514  0.3384  0.3099  0.3118  0.3088  0.2682  0.2543  0.2760  0.2906  0.2994  0.3074  0.3149  0.3246  0.3367  0.3463  0.3529
  0.3974  0.3872  0.4430  0.4852  0.4589  0.4548  0.4604  0.4673  0.4694  0.4673  0.4652  0.4627  0.4698  0.4824  0.4955  0.5050  0.4526  0.3356  0.3850  0.3900  0.3763  0.4012  0.3312  0.3205  0.3447  0.3144  0.3121  0.3255  0.3313  0.3384  0.3433  0.3514  0.3653  0.3836  0.3937  0.3997
  0.4043  0.4379  0.6424  0.6575  0.6598  0.6619  0.6622  0.6619  0.6609  0.6498  0.6431  0.6363  0.6378  0.6495  0.6553  0.6612  0.6569  0.4279  0.3982  0.4105  0.3938  0.3777  0.3592  0.3499  0.3526  0.3485  0.3565  0.3621  0.3629  0.3668  0.3725  0.3853  0.4067  0.4262  0.3849  0.3906
  0.4066  0.5537  0.6546  0.6563  0.6600  0.6622  0.6624  0.6618  0.6614  0.6608  0.6602  0.6594  0.6596  0.6594  0.6584  0.6559  0.6238  0.4178  0.4235  0.4197  0.4048  0.3919  0.3832  0.3807  0.3811  0.3811  0.3838  0.3852  0.3865  0.3921  0.4022  0.4137  0.4216  0.5038  0.6273  0.5055
  0.6541  0.6553  0.6564  0.6587  0.6608  0.6620  0.6617  0.6609  0.6601  0.6591  0.6587  0.6587  0.6583  0.6575  0.6549  0.6141  0.4787  0.4235  0.4324  0.4268  0.4227  0.4195  0.4164  0.4174  0.4187  0.4203  0.4215  0.4201  0.4178  0.4165  0.4210  0.4240  0.4084  0.5747  0.6515  0.6534
  0.6549  0.6566  0.6577  0.6584  0.6589  0.6591  0.6591  0.6587  0.6586  0.6584  0.6581  0.6576  0.6576  0.6554  0.6358  0.4752  0.4662  0.4659  0.4682  0.4791  0.4801  0.4821  0.4862  0.4875  0.4871  0.4897  0.4910  0.4830  0.4785  0.4694  0.4620  0.4395  0.4984  0.6465  0.6532  0.6533
