  0.4096  0.4094  0.4101  0.4105  0.4102  0.4102  0.4100  0.4098  0.4098  0.4103  0.4091  0.4083  0.4072  0.4057  0.4046  0.4046  0.4055  0.4058  0.4055  0.4061  0.4076  0.4094  0.4106  0.4114  0.4121  0.4112  0.4100  0.4093  0.4089  0.4092  0.4093  0.4086  0.4087  0.4086  0.4093  0.4095
  0.3668  0.3666  0.3671  0.3670  0.3655  0.3642  0.3628  0.3626  0.3642  0.3623  0.3598  0.3588  0.3585  0.3590  0.3588  0.3589  0.3598  0.3598  0.3591  0.3591  0.3622  0.3668  0.3698  0.3695  0.3700  0.3685  0.3665  0.3647  0.3644  0.3667  0.3681  0.3679  0.3672  0.3670  0.3678  0.3667
  0.3435  0.3445  0.3435  0.3429  0.3407  0.3389  0.3380  0.3372  0.3382  0.3363  0.3336  0.3308  0.3309  0.3323  0.3347  0.3379  0.3380  0.3283  0.3231  0.3240  0.3266  0.3321  0.3407  0.3435  0.3458  0.3461  0.3453  0.3460  0.3448  0.3442  0.3451  0.3454  0.3453  0.3442  0.3449  0.3448
  0.3302  0.3297  0.3285  0.3260  0.3260  0.3265  0.3266  0.3264  0.3262  0.3257  0.3241  0.3217  0.3211  0.3224  0.3240  0.3235  0.3174  0.3294  0.3024  0.2831  0.2844  0.2952  0.3102  0.3194  0.3267  0.3306  0.3317  0.3327  0.3332  0.3319  0.3307  0.3312  0.3312  0.3305  0.3314  0.3316
  0.3165  0.3155  0.3151  0.3138  0.3144  0.3145  0.3158  0.3164  0.3163  0.3176  0.3184  0.3186  0.3184  0.3200  0.3208  0.3185  0.3093  0.3552  0.3846  0.3185  0.3013  0.2820  0.2856  0.3015  0.3124  0.3181  0.3203  0.3206  0.3223  0.3213  0.3199  0.3200  0.3205  0.3201  0.3192  0.3181
  0.2964  0.2963  0.2966  0.2959  0.2955  0.2961  0.2984  0.2996  0.3001  0.3019  0.3040  0.3055  0.3071  0.3083  0.3100  0.3130  0.3042  0.3069  0.3638  0.3160  0.3482  0.2946  0.2799  0.3002  0.3077  0.3049  0.3051  0.3042  0.3043  0.3040  0.3017  0.3012  0.3004  0.3004  0.2992  0.2973
  0.2744  0.2740  0.2746  0.2753  0.2758  0.2769  0.2785  0.2800  0.2811  0.2826  0.2838  0.2853  0.2862  0.2873  0.2913  0.2948  0.2850  0.2804  0.2908  0.2357  0.2895  0.2718  0.2675  0.2948  0.3009  0.2758  0.2842  0.2831  0.2804  0.2786  0.2771  0.2766  0.2754  0.2751  0.2747  0.2740
  0.2572  0.2578  0.2584  0.2599  0.2612  0.2629  0.2647  0.2669  0.2677  0.2683  0.2674  0.2653  0.2637  0.2634  0.2646  0.2643  0.2586  0.2393  0.2323  0.2570  0.2235  0.2290  0.2355  0.2552  0.2667  0.2462  0.2618  0.2626  0.2599  0.2568  0.2549  0.2548  0.2549  0.2546  0.2561  0.2562
  0.2445  0.2454  0.2478  0.2497  0.2521  0.2554  0.2580  0.2590  0.2578  0.2539  0.2483  0.2421  0.2370  0.2319  0.2272  0.2245  0.2233  0.2013  0.2092  0.1826  0.2029  0.1678  0.2065  0.2143  0.2217  0.2355  0.2399  0.2413  0.2387  0.2362  0.2354  0.2364  0.2375  0.2392  0.2427  0.2432
  0.2377  0.2392  0.2419  0.2444  0.2479  0.2514  0.2534  0.2523  0.2474  0.2402  0.2314  0.2230  0.2161  0.2099  0.2053  0.2026  0.2003  0.1957  0.1629  0.1602  0.1758  0.1732  0.1983  0.2036  0.2145  0.2212  0.2252  0.2245  0.2221  0.2221  0.2236  0.2257  0.2282  0.2325  0.2359  0.2369
  0.2334  0.2353  0.2379  0.2432  0.2470  0.2478  0.2468  0.2419  0.2333  0.2235  0.2125  0.2033  0.1976  0.1957  0.1939  0.1910  0.1878  0.1926  0.1882  0.1848  0.1792  0.1962  0.2090  0.1951  0.2046  0.2086  0.2104  0.2088  0.2082  0.2110  0.2152  0.2197  0.2247  0.2294  0.2323  0.2330
  0.2334  0.2348  0.2379  0.2443  0.2468  0.2445  0.2396  0.2306  0.2215  0.2115  0.2008  0.1949  0.1936  0.1951  0.1961  0.1907  0.1837  0.1880  0.1948  0.1965  0.1940  0.2135  0.2233  0.1873  0.1990  0.2009  0.2028  0.2026  0.2035  0.2094  0.2167  0.2228  0.2281  0.2318  0.2328  0.2327
  0.2372  0.2391  0.2422  0.2467  0.2458  0.2397  0.2313  0.2206  0.2130  0.2055  0.1974  0.1928  0.1904  0.1876  0.1878  0.1838  0.1905  0.1923  0.1971  0.2144  0.2003  0.2234  0.2547  0.2211  0.2014  0.1985  0.2011  0.2022  0.2053  0.2138  0.2232  0.2305  0.2350  0.2362  0.2355  0.2358
  0.2498  0.2504  0.2512  0.2512  0.2486  0.2397  0.2281  0.2164  0.2106  0.2049  0.1966  0.1892  0.1869  0.1961  0.2080  0.2326  0.2601  0.2163  0.1992  0.2377  0.2102  0.2425  0.2612  0.2393  0.2103  0.2054  0.2078  0.2109  0.2164  0.2263  0.2361  0.2445  0.2475  0.2463  0.2456  0.2476
  0.2612  0.2600  0.2589  0.2575  0.2551  0.2462  0.2340  0.2217  0.2145  0.2085  0.2004  0.1966  0.2000  0.2165  0.2336  0.2687  0.3074  0.2861  0.2580  0.2546  0.2247  0.2498  0.2792  0.2394  0.2264  0.2199  0.2189  0.2234  0.2365  0.2453  0.2512  0.2562  0.2558  0.2539  0.2555  0.2596
  0.2537  0.2508  0.2492  0.2494  0.2488  0.2425  0.2346  0.2263  0.2215  0.2191  0.2169  0.2200  0.2261  0.2316  0.2389  0.2523  0.2993  0.3186  0.2849  0.2619  0.2387  0.2380  0.2443  0.2417  0.2404  0.2358  0.2313  0.2360  0.2548  0.2578  0.2572  0.2568  0.2525  0.2504  0.2512  0.2534
  0.1937  0.1894  0.1872  0.1864  0.1868  0.1846  0.1857  0.1905  0.2008  0.2116  0.2199  0.2308  0.2393  0.2367  0.2365  0.2311  0.2972  0.3451  0.2694  0.2462  0.2332  0.2259  0.2395  0.2522  0.2512  0.2473  0.2439  0.2548  0.2550  0.2442  0.2352  0.2251  0.2122  0.2039  0.1985  0.1965
  0.1497  0.1480  0.1489  0.1501  0.1512  0.1467  0.1438  0.1461  0.1570  0.1726  0.1868  0.2033  0.2226  0.2402  0.2525  0.2380  0.3117  0.3452  0.2418  0.2364  0.2325  0.2332  0.2421  0.2467  0.2467  0.2440  0.2719  0.2873  0.2403  0.2125  0.1932  0.1758  0.1599  0.1520  0.1484  0.1494
  0.1518  0.1493  0.1499  0.1514  0.1531  0.1493  0.1472  0.1494  0.1607  0.1772  0.1924  0.2078  0.2235  0.2424  0.2580  0.2518  0.3376  0.3552  0.2405  0.2315  0.2549  0.2422  0.2450  0.2373  0.2337  0.2406  0.3055  0.3010  0.2263  0.2057  0.1888  0.1742  0.1608  0.1541  0.1510  0.1520
  0.1970  0.1923  0.1902  0.1898  0.1913  0.1911  0.1935  0.1992  0.2118  0.2269  0.2379  0.2428  0.2423  0.2442  0.2468  0.2476  0.3422  0.3597  0.2494  0.2230  0.2618  0.2357  0.2321  0.2246  0.2260  0.2441  0.3172  0.2930  0.2397  0.2269  0.2215  0.2183  0.2091  0.2025  0.1983  0.1985
  0.2531  0.2524  0.2525  0.2523  0.2513  0.2454  0.2370  0.2284  0.2275  0.2309  0.2319  0.2305  0.2316  0.2371  0.2442  0.2260  0.3060  0.3413  0.2619  0.2213  0.2291  0.2231  0.2188  0.2341  0.2463  0.2675  0.2984  0.2721  0.2354  0.2273  0.2307  0.2469  0.2499  0.2486  0.2478  0.2508
  0.2630  0.2654  0.2663  0.2625  0.2551  0.2406  0.2247  0.2107  0.2052  0.2058  0.2078  0.2120  0.2202  0.2212  0.2241  0.2073  0.2600  0.2982  0.2487  0.2074  0.2260  0.2291  0.2234  0.2602  0.2698  0.2761  0.2728  0.2422  0.2252  0.2081  0.2263  0.2339  0.2443  0.2497  0.2524  0.2580
  0.2523  0.2584  0.2639  0.2625  0.2542  0.2357  0.2166  0.2015  0.1945  0.1955  0.1995  0.2089  0.2213  0.2069  0.1837  0.1867  0.2376  0.2516  0.2207  0.1948  0.2197  0.2275  0.2190  0.2712  0.2683  0.2581  0.2373  0.2284  0.2170  0.1988  0.2379  0.2336  0.2311  0.2361  0.2400  0.2458
  0.2399  0.2442  0.2522  0.2569  0.2550  0.2423  0.2244  0.2083  0.1990  0.1971  0.1974  0.2067  0.2184  0.1952  0.1833  0.1927  0.2240  0.2299  0.1951  0.1999  0.2109  0.2186  0.2058  0.2487  0.2457  0.2284  0.2132  0.2203  0.2053  0.1901  0.2285  0.2375  0.2352  0.2304  0.2329  0.2362
  0.2334  0.2347  0.2393  0.2442  0.2482  0.2446  0.2335  0.2208  0.2109  0.2040  0.1998  0.2040  0.2094  0.2020  0.1967  0.2023  0.2092  0.2172  0.1896  0.1888  0.2036  0.2112  0.2079  0.2226  0.2221  0.2080  0.2224  0.2210  0.1906  0.1799  0.2230  0.2414  0.2401  0.2325  0.2325  0.2338
  0.2306  0.2291  0.2309  0.2346  0.2407  0.2423  0.2377  0.2312  0.2232  0.2146  0.2061  0.2046  0.2035  0.2025  0.1936  0.1838  0.2289  0.2054  0.2085  0.1834  0.2018  0.2111  0.2119  0.2128  0.2126  0.2168  0.2306  0.2194  0.1898  0.1928  0.2196  0.2523  0.2499  0.2388  0.2345  0.2335
  0.2352  0.2317  0.2312  0.2329  0.2377  0.2409  0.2409  0.2391  0.2343  0.2271  0.2175  0.2107  0.1938  0.1764  0.1777  0.2496  0.3106  0.2285  0.1950  0.2103  0.2193  0.2221  0.2158  0.2050  0.2107  0.2220  0.2348  0.2230  0.2343  0.2080  0.2181  0.2513  0.2570  0.2529  0.2436  0.2389
  0.2454  0.2416  0.2394  0.2395  0.2422  0.2434  0.2448  0.2449  0.2419  0.2376  0.2289  0.2185  0.1883  0.1791  0.2107  0.2389  0.3208  0.2613  0.2262  0.2345  0.2467  0.2391  0.2223  0.2017  0.2143  0.2282  0.2413  0.2372  0.2389  0.2138  0.2209  0.2543  0.2662  0.2677  0.2572  0.2497
  0.2642  0.2616  0.2589  0.2571  0.2565  0.2552  0.2546  0.2544  0.2527  0.2507  0.2447  0.2301  0.2254  0.2394  0.2383  0.2407  0.3190  0.2504  0.2474  0.2311  0.2690  0.2651  0.2494  0.2415  0.2691  0.2379  0.2652  0.2655  0.2629  0.2296  0.2342  0.2485  0.2745  0.2900  0.2787  0.2695
  0.2835  0.2812  0.2795  0.2769  0.2754  0.2730  0.2707  0.2680  0.2656  0.2623  0.2566  0.2440  0.2557  0.2703  0.2581  0.2426  0.2631  0.2392  0.2630  0.2320  0.2619  0.2747  0.2673  0.2584  0.2776  0.2414  0.2784  0.2812  0.2836  0.2549  0.2519  0.2485  0.2827  0.3079  0.2985  0.2890
  0.3057  0.3028  0.3009  0.2989  0.2987  0.2962  0.2939  0.2897  0.2853  0.2782  0.2675  0.2507  0.2762  0.2762  0.2625  0.2542  0.2506  0.2485  0.2777  0.2521  0.2496  0.2652  0.2728  0.2998  0.2604  0.2622  0.2676  0.2659  0.2812  0.2733  0.2640  0.2665  0.2996  0.3203  0.3166  0.3108
  0.3331  0.3295  0.3261  0.3245  0.3242  0.3225  0.3197  0.3138  0.3074  0.2982  0.2822  0.2666  0.2844  0.2820  0.2755  0.2684  0.2628  0.2632  0.2693  0.2758  0.2648  0.2701  0.2680  0.2923  0.2699  0.2737  0.2806  0.2783  0.2806  0.2842  0.2856  0.2870  0.3251  0.3394  0.3380  0.3372
  0.3565  0.3536  0.3507  0.3489  0.3469  0.3448  0.3420  0.3356  0.3270  0.3116  0.3078  0.2806  0.2696  0.2764  0.2727  0.2784  0.2734  0.2751  0.2832  0.2742  0.2703  0.2718  0.2712  0.2733  0.2774  0.2823  0.2856  0.2841  0.2838  0.2934  0.3027  0.3141  0.3369  0.3499  0.3548  0.3596
  0.3717  0.3688  0.3661  0.3649  0.3639  0.3626  0.3585  0.3509  0.3378  0.3129  0.3404  0.3005  0.2613  0.2612  0.2575  0.2659  0.2492  0.2786  0.2961  0.2772  0.2753  0.2754  0.2789  0.2854  0.2889  0.2909  0.2907  0.2890  0.2967  0.3056  0.3196  0.3683  0.3686  0.3471  0.3571  0.3704
  0.3588  0.3625  0.3646  0.3642  0.3595  0.3593  0.3572  0.3446  0.3264  0.3265  0.3451  0.2954  0.2770  0.2964  0.2976  0.3017  0.3224  0.3000  0.3376  0.2944  0.2828  0.2818  0.2872  0.2962  0.3026  0.3043  0.3060  0.3163  0.3390  0.3415  0.3997  0.4158  0.3950  0.3646  0.3550  0.3571
  0.3965  0.3914  0.3882  0.3913  0.3945  0.3922  0.4018  0.3918  0.3866  0.3807  0.3850  0.3798  0.3875  0.3909  0.3903  0.3793  0.3526  0.3720  0.3908  0.3613  0.3461  0.3414  0.3437  0.3470  0.3499  0.3532  0.3597  0.3629  0.3744  0.4356  0.4263  0.4575  0.4436  0.4160  0.3959  0.3926
