-START-OF-DATA-
0 0.000278
10 0.000278
20 0.000278
30 0.000278
40 0.000278
50 0.000278
60 0.000278
70 0.000278
80 0.000278
90 0.000278
100 0.000278
110 0.000278
120 0.000278
130 0.000278
140 0.000278
150 0.000278
160 0.000278
170 0.000278
180 0.000278
190 0.000278
200 0.000278
210 0.000278
220 0.000278
230 0.000278
240 0.000278
250 0.000278
260 0.000278
270 0.000278
280 0.000278
290 0.000278
300 0.000278
310 0.000278
320 0.000278
330 0.000278
340 0.000278
350 0.000278
360 0.000278
370 0.000278
380 0.000278
390 0.000278
400 0.000278
410 0.000278
420 0.000278
430 0.000278
440 0.000278
450 0.000278
460 0.000278
470 0.000278
480 0.000278
490 0.000278
500 0.000278
510 0.000278
520 0.000278
530 0.000278
540 0.000278
550 0.000278
560 0.000278
570 0.000278
580 0.000278
590 0.000278
600 0.000278
610 0.000278
620 0.000278
630 0.000278
640 0.000278
650 0.000278
660 0.000278
670 0.000278
680 0.000278
690 0.000278
700 0.000278
710 0.000278
720 0.000278
730 0.000278
740 0.000278
750 0.000278
760 0.000278
770 0.000278
780 0.000278
790 0.000278
800 0.000278
810 0.000278
820 0.000278
830 0.000278
840 0.000278
850 0.000278
860 0.000278
870 0.000278
880 0.000278
890 0.000278
900 0.000278
910 0.000278
920 0.000278
930 0.000278
940 0.000278
950 0.000278
960 0.000278
970 0.000278
980 0.000278
990 0.000278
1000 0.000278
1010 0.000278
1020 0.000278
1030 0.000278
1040 0.000278
1050 0.000278
1060 0.000278
1070 0.000278
1080 0.000278
1090 0.000278
1100 0.000278
1110 0.000278
1120 0.000278
1130 0.000278
1140 0.000278
1150 0.000278
1160 0.000278
1170 0.000278
1180 0.000278
1190 0.000278
1200 0.000278
1210 0.000278
1220 0.000278
1230 0.000278
1240 0.000278
1250 0.000278
1260 0.000278
1270 0.000278
1280 0.000278
1290 0.000278
1300 0.000278
1310 0.000278
1320 0.000278
1330 0.000278
1340 0.000278
1350 0.000278
1360 0.000278
1370 0.000278
1380 0.000278
1390 0.000278
1400 0.000278
1410 0.000278
1420 0.000278
1430 0.000278
1440 0.000278
1450 0.000278
1460 0.000278
1470 0.000278
1480 0.000278
1490 0.000278
1500 0.000278
1510 0.000278
1520 0.000278
1530 0.000278
1540 0.000278
1550 0.000278
1560 0.000278
1570 0.000278
1580 0.000278
1590 0.000278
1600 0.000278
1610 0.000278
1620 0.000278
1630 0.000278
1640 0.000278
1650 0.000278
1660 0.000278
1670 0.000278
1680 0.000278
1690 0.000278
1700 0.000278
1710 0.000278
1720 0.000278
1730 0.000278
1740 0.000278
1750 0.000278
1760 0.000278
1770 0.000278
1780 0.000278
1790 0.000278
1800 0.000278
1810 0.000278
1820 0.000278
1830 0.000278
1840 0.000278
1850 0.000278
1860 0.000278
1870 0.000278
1880 0.000278
1890 0.000278
1900 0.000278
1910 0.000278
1920 0.000278
1930 0.000278
1940 0.000278
1950 0.000278
1960 0.000278
1970 0.000278
1980 0.000278
1990 0.000278
2000 0.000278
2010 0.000278262990033223
2020 0.000278525980066445
2030 0.000278788970099668
2040 0.00027905196013289
2050 0.000279314950166113
2060 0.000279577940199336
2070 0.000279840930232558
2080 0.000280103920265781
2090 0.000280366910299003
2100 0.000280629900332226
2110 0.000280892890365449
2120 0.000281155880398671
2130 0.000281418870431894
2140 0.000281681860465116
2150 0.000281944850498339
2160 0.000282207840531561
2170 0.000282470830564784
2180 0.000282733820598007
2190 0.000282996810631229
2200 0.000283259800664452
2210 0.000283522790697674
2220 0.000283785780730897
2230 0.00028404877076412
2240 0.000284311760797342
2250 0.000284574750830565
2260 0.000284837740863787
2270 0.00028510073089701
2280 0.000285363720930233
2290 0.000285626710963455
2300 0.000285889700996678
2310 0.0002861526910299
2320 0.000286415681063123
2330 0.000286678671096345
2340 0.000286941661129568
2350 0.000287204651162791
2360 0.000287467641196013
2370 0.000287730631229236
2380 0.000287993621262458
2390 0.000288256611295681
2400 0.000288519601328904
2410 0.000288782591362126
2420 0.000289045581395349
2430 0.000289308571428571
2440 0.000289571561461794
2450 0.000289834551495017
2460 0.000290097541528239
2470 0.000290360531561462
2480 0.000290623521594684
2490 0.000290886511627907
2500 0.00029114950166113
2510 0.000291412491694352
2520 0.000291675481727575
2530 0.000291938471760797
2540 0.00029220146179402
2550 0.000292464451827242
2560 0.000292727441860465
2570 0.000292990431893688
2580 0.00029325342192691
2590 0.000293516411960133
2600 0.000293779401993355
2610 0.000294042392026578
2620 0.000294305382059801
2630 0.000294568372093023
2640 0.000294831362126246
2650 0.000295094352159468
2660 0.000295357342192691
2670 0.000295620332225914
2680 0.000295883322259136
2690 0.000296146312292359
2700 0.000296409302325581
2710 0.000296672292358804
2720 0.000296935282392027
2730 0.000297198272425249
2740 0.000297461262458472
2750 0.000297724252491694
2760 0.000297987242524917
2770 0.00029825023255814
2780 0.000298513222591362
2790 0.000298776212624585
2800 0.000299039202657807
2810 0.00029930219269103
2820 0.000299565182724253
2830 0.000299828172757475
2840 0.000300091162790698
2850 0.00030035415282392
2860 0.000300617142857143
2870 0.000300880132890365
2880 0.000301143122923588
2890 0.000301406112956811
2900 0.000301669102990033
2910 0.000301932093023256
2920 0.000302195083056478
2930 0.000302458073089701
2940 0.000302721063122924
2950 0.000302984053156146
2960 0.000303247043189369
2970 0.000303510033222591
2980 0.000303773023255814
2990 0.000304036013289037
3000 0.000304299003322259
3010 0.000304561993355482
3020 0.000304824983388704
3030 0.000305087973421927
3040 0.00030535096345515
3050 0.000305613953488372
3060 0.000305876943521595
3070 0.000306139933554817
3080 0.00030640292358804
3090 0.000306665913621262
3100 0.000306928903654485
3110 0.000307191893687708
3120 0.00030745488372093
3130 0.000307717873754153
3140 0.000307980863787375
3150 0.000308243853820598
3160 0.000308506843853821
3170 0.000308769833887043
3180 0.000309032823920266
3190 0.000309295813953488
3200 0.000309558803986711
3210 0.000309821794019934
3220 0.000310084784053156
3230 0.000310347774086379
3240 0.000310610764119601
3250 0.000310873754152824
3260 0.000311136744186046
3270 0.000311399734219269
3280 0.000311662724252492
3290 0.000311925714285714
3300 0.000312188704318937
3310 0.00031245169435216
3320 0.000312714684385382
3330 0.000312977674418605
3340 0.000313240664451827
3350 0.00031350365448505
3360 0.000313766644518272
3370 0.000314029634551495
3380 0.000314292624584718
3390 0.00031455561461794
3400 0.000314818604651163
3410 0.000315081594684385
3420 0.000315344584717608
3430 0.000315607574750831
3440 0.000315870564784053
3450 0.000316133554817276
3460 0.000316396544850498
3470 0.000316659534883721
3480 0.000316922524916944
3490 0.000317185514950166
3500 0.000317448504983389
3510 0.000317711495016611
3520 0.000317974485049834
3530 0.000318237475083056
3540 0.000318500465116279
3550 0.000318763455149502
3560 0.000319026445182724
3570 0.000319289435215947
3580 0.000319552425249169
3590 0.000319815415282392
3600 0.000320078405315615
3610 0.000320341395348837
3620 0.00032060438538206
3630 0.000320867375415282
3640 0.000321130365448505
3650 0.000321393355481728
3660 0.00032165634551495
3670 0.000321919335548173
3680 0.000322182325581395
3690 0.000322445315614618
3700 0.000322708305647841
3710 0.000322971295681063
3720 0.000323234285714286
3730 0.000323497275747508
3740 0.000323760265780731
3750 0.000324023255813954
3760 0.000324286245847176
3770 0.000324549235880399
3780 0.000324812225913621
3790 0.000325075215946844
3800 0.000325338205980066
3810 0.000325601196013289
3820 0.000325864186046512
3830 0.000326127176079734
3840 0.000326390166112957
3850 0.000326653156146179
3860 0.000326916146179402
3870 0.000327179136212625
3880 0.000327442126245847
3890 0.00032770511627907
3900 0.000327968106312292
3910 0.000328231096345515
3920 0.000328494086378738
3930 0.00032875707641196
3940 0.000329020066445183
3950 0.000329283056478405
3960 0.000329546046511628
3970 0.00032980903654485
3980 0.000330072026578073
3990 0.000330335016611296
4000 0.000330598006644518
4010 0.000330860996677741
4020 0.000331123986710963
4030 0.000331386976744186
4040 0.000331649966777409
4050 0.000331912956810631
4060 0.000332175946843854
4070 0.000332438936877076
4080 0.000332701926910299
4090 0.000332964916943522
4100 0.000333227906976744
4110 0.000333490897009967
4120 0.000333753887043189
4130 0.000334016877076412
4140 0.000334279867109635
4150 0.000334542857142857
4160 0.00033480584717608
4170 0.000335068837209302
4180 0.000335331827242525
4190 0.000335594817275748
4200 0.00033585780730897
4210 0.000336120797342193
4220 0.000336383787375415
4230 0.000336646777408638
4240 0.00033690976744186
4250 0.000337172757475083
4260 0.000337435747508306
4270 0.000337698737541528
4280 0.000337961727574751
4290 0.000338224717607973
4300 0.000338487707641196
4310 0.000338750697674419
4320 0.000339013687707641
4330 0.000339276677740864
4340 0.000339539667774086
4350 0.000339802657807309
4360 0.000340065647840532
4370 0.000340328637873754
4380 0.000340591627906977
4390 0.000340854617940199
4400 0.000341117607973422
4410 0.000341380598006645
4420 0.000341643588039867
4430 0.00034190657807309
4440 0.000342169568106312
4450 0.000342432558139535
4460 0.000342695548172757
4470 0.00034295853820598
4480 0.000343221528239203
4490 0.000343484518272425
4500 0.000343747508305648
4510 0.00034401049833887
4520 0.000344273488372093
4530 0.000344536478405316
4540 0.000344799468438538
4550 0.000345062458471761
4560 0.000345325448504983
4570 0.000345588438538206
4580 0.000345851428571429
4590 0.000346114418604651
4600 0.000346377408637874
4610 0.000346640398671096
4620 0.000346903388704319
4630 0.000347166378737542
4640 0.000347429368770764
4650 0.000347692358803987
4660 0.000347955348837209
4670 0.000348218338870432
4680 0.000348481328903655
4690 0.000348744318936877
4700 0.0003490073089701
4710 0.000349270299003322
4720 0.000349533289036545
4730 0.000349796279069767
4740 0.00035005926910299
4750 0.000350322259136213
4760 0.000350585249169435
4770 0.000350848239202658
4780 0.00035111122923588
4790 0.000351374219269103
4800 0.000351637209302326
4810 0.000351900199335548
4820 0.000352163189368771
4830 0.000352426179401993
4840 0.000352689169435216
4850 0.000352952159468439
4860 0.000353215149501661
4870 0.000353478139534884
4880 0.000353741129568106
4890 0.000354004119601329
4900 0.000354267109634552
4910 0.000354530099667774
4920 0.000354793089700997
4930 0.000355056079734219
4940 0.000355319069767442
4950 0.000355582059800664
4960 0.000355845049833887
4970 0.00035610803986711
4980 0.000356371029900332
4990 0.000356634019933555
5000 0.000356897009966777
5010 0.00035716
5020 0.00035716
5030 0.00035716
5040 0.00035716
5050 0.00035716
5060 0.00035716
5070 0.00035716
5080 0.00035716
5090 0.00035716
5100 0.00035716
5110 0.00035716
5120 0.00035716
5130 0.00035716
5140 0.00035716
5150 0.00035716
5160 0.00035716
5170 0.00035716
5180 0.00035716
5190 0.00035716
5200 0.00035716
5210 0.00035716
5220 0.00035716
5230 0.00035716
5240 0.00035716
5250 0.00035716
5260 0.00035716
5270 0.00035716
5280 0.00035716
5290 0.00035716
5300 0.00035716
5310 0.00035716
5320 0.00035716
5330 0.00035716
5340 0.00035716
5350 0.00035716
5360 0.00035716
5370 0.00035716
5380 0.00035716
5390 0.00035716
5400 0.00035716
5410 0.00035716
5420 0.00035716
5430 0.00035716
5440 0.00035716
5450 0.00035716
5460 0.00035716
5470 0.00035716
5480 0.00035716
5490 0.00035716
5500 0.00035716
5510 0.00035716
5520 0.00035716
5530 0.00035716
5540 0.00035716
5550 0.00035716
5560 0.00035716
5570 0.00035716
5580 0.00035716
5590 0.00035716
5600 0.00035716
5610 0.00035716
5620 0.00035716
5630 0.00035716
5640 0.00035716
5650 0.00035716
5660 0.00035716
5670 0.00035716
5680 0.00035716
5690 0.00035716
5700 0.00035716
5710 0.00035716
5720 0.00035716
5730 0.00035716
5740 0.00035716
5750 0.00035716
5760 0.00035716
5770 0.00035716
5780 0.00035716
5790 0.00035716
5800 0.00035716
5810 0.00035716
5820 0.00035716
5830 0.00035716
5840 0.00035716
5850 0.00035716
5860 0.00035716
5870 0.00035716
5880 0.00035716
5890 0.00035716
5900 0.00035716
5910 0.00035716
5920 0.00035716
5930 0.00035716
5940 0.00035716
5950 0.00035716
5960 0.00035716
5970 0.00035716
5980 0.00035716
5990 0.00035716
6000 0.00035716
6010 0.00035716
6020 0.00035716
6030 0.00035716
6040 0.00035716
6050 0.00035716
6060 0.00035716
6070 0.00035716
6080 0.00035716
6090 0.00035716
6100 0.00035716
6110 0.00035716
6120 0.00035716
6130 0.00035716
6140 0.00035716
6150 0.00035716
6160 0.00035716
6170 0.00035716
6180 0.00035716
6190 0.00035716
6200 0.00035716
6210 0.00035716
6220 0.00035716
6230 0.00035716
6240 0.00035716
6250 0.00035716
6260 0.00035716
6270 0.00035716
6280 0.00035716
6290 0.00035716
6300 0.00035716
6310 0.00035716
6320 0.00035716
6330 0.00035716
6340 0.00035716
6350 0.00035716
6360 0.00035716
6370 0.00035716
6380 0.00035716
6390 0.00035716
6400 0.00035716
6410 0.00035716
6420 0.00035716
6430 0.00035716
6440 0.00035716
6450 0.00035716
6460 0.00035716
6470 0.00035716
6480 0.00035716
6490 0.00035716
6500 0.00035716
6510 0.00035716
6520 0.00035716
6530 0.00035716
6540 0.00035716
6550 0.00035716
6560 0.00035716
6570 0.00035716
6580 0.00035716
6590 0.00035716
6600 0.00035716
6610 0.00035716
6620 0.00035716
6630 0.00035716
6640 0.00035716
6650 0.00035716
6660 0.00035716
6670 0.00035716
6680 0.00035716
6690 0.00035716
6700 0.00035716
6710 0.00035716
6720 0.00035716
6730 0.00035716
6740 0.00035716
6750 0.00035716
6760 0.00035716
6770 0.00035716
6780 0.00035716
6790 0.00035716
6800 0.00035716
6810 0.00035716
6820 0.00035716
6830 0.00035716
6840 0.00035716
6850 0.00035716
6860 0.00035716
6870 0.00035716
6880 0.00035716
6890 0.00035716
6900 0.00035716
6910 0.00035716
6920 0.00035716
6930 0.00035716
6940 0.00035716
6950 0.00035716
6960 0.00035716
6970 0.00035716
6980 0.00035716
6990 0.00035716
7000 0.00035716
7010 0.00035716
7020 0.00035716
7030 0.00035716
7040 0.00035716
7050 0.00035716
7060 0.00035716
7070 0.00035716
7080 0.00035716
7090 0.00035716
7100 0.00035716
7110 0.00035716
7120 0.00035716
7130 0.00035716
7140 0.00035716
7150 0.00035716
7160 0.00035716
7170 0.00035716
7180 0.00035716
7190 0.00035716
7200 0.00035716
7210 0.00035716
7220 0.00035716
7230 0.00035716
7240 0.00035716
7250 0.00035716
7260 0.00035716
7270 0.00035716
7280 0.00035716
7290 0.00035716
7300 0.00035716
7310 0.00035716
7320 0.00035716
7330 0.00035716
7340 0.00035716
7350 0.00035716
7360 0.00035716
7370 0.00035716
7380 0.00035716
7390 0.00035716
7400 0.00035716
7410 0.00035716
7420 0.00035716
7430 0.00035716
7440 0.00035716
7450 0.00035716
7460 0.00035716
7470 0.00035716
7480 0.00035716
7490 0.00035716
7500 0.00035716
7510 0.00035716
7520 0.00035716
7530 0.00035716
7540 0.00035716
7550 0.00035716
7560 0.00035716
7570 0.00035716
7580 0.00035716
7590 0.00035716
7600 0.00035716
7610 0.00035716
7620 0.00035716
7630 0.00035716
7640 0.00035716
7650 0.00035716
7660 0.00035716
7670 0.00035716
7680 0.00035716
7690 0.00035716
7700 0.00035716
7710 0.00035716
7720 0.00035716
7730 0.00035716
7740 0.00035716
7750 0.00035716
7760 0.00035716
7770 0.00035716
7780 0.00035716
7790 0.00035716
7800 0.00035716
7810 0.00035716
7820 0.00035716
7830 0.00035716
7840 0.00035716
7850 0.00035716
7860 0.00035716
7870 0.00035716
7880 0.00035716
7890 0.00035716
7900 0.00035716
7910 0.00035716
7920 0.00035716
7930 0.00035716
7940 0.00035716
7950 0.00035716
7960 0.00035716
7970 0.00035716
7980 0.00035716
7990 0.00035716
8000 0.00035716
8010 0.00035716
8020 0.00035716
8030 0.00035716
8040 0.00035716
8050 0.00035716
8060 0.00035716
8070 0.00035716
8080 0.00035716
8090 0.00035716
8100 0.00035716
8110 0.00035716
8120 0.00035716
8130 0.00035716
8140 0.00035716
8150 0.00035716
8160 0.00035716
8170 0.00035716
8180 0.00035716
8190 0.00035716
8200 0.00035716
8210 0.00035716
8220 0.00035716
8230 0.00035716
8240 0.00035716
8250 0.00035716
8260 0.00035716
8270 0.00035716
8280 0.00035716
8290 0.00035716
8300 0.00035716
8310 0.00035716
8320 0.00035716
8330 0.00035716
8340 0.00035716
8350 0.00035716
8360 0.00035716
8370 0.00035716
8380 0.00035716
8390 0.00035716
8400 0.00035716
8410 0.00035716
8420 0.00035716
8430 0.00035716
8440 0.00035716
8450 0.00035716
8460 0.00035716
8470 0.00035716
8480 0.00035716
8490 0.00035716
8500 0.00035716
8510 0.00035716
8520 0.00035716
8530 0.00035716
8540 0.00035716
8550 0.00035716
8560 0.00035716
8570 0.00035716
8580 0.00035716
8590 0.00035716
8600 0.00035716
8610 0.00035716
8620 0.00035716
8630 0.00035716
8640 0.00035716
8650 0.00035716
8660 0.00035716
8670 0.00035716
8680 0.00035716
8690 0.00035716
8700 0.00035716
8710 0.00035716
8720 0.00035716
8730 0.00035716
8740 0.00035716
8750 0.00035716
8760 0.00035716
8770 0.00035716
8780 0.00035716
8790 0.00035716
8800 0.00035716
8810 0.00035716
8820 0.00035716
8830 0.00035716
8840 0.00035716
8850 0.00035716
8860 0.00035716
8870 0.00035716
8880 0.00035716
8890 0.00035716
8900 0.00035716
8910 0.00035716
8920 0.00035716
8930 0.00035716
8940 0.00035716
8950 0.00035716
8960 0.00035716
8970 0.00035716
8980 0.00035716
8990 0.00035716
9000 0.00035716
9010 0.00035716
9020 0.00035716
9030 0.00035716
9040 0.00035716
9050 0.00035716
9060 0.00035716
9070 0.00035716
9080 0.00035716
9090 0.00035716
9100 0.00035716
9110 0.00035716
9120 0.00035716
9130 0.00035716
9140 0.00035716
9150 0.00035716
9160 0.00035716
9170 0.00035716
9180 0.00035716
9190 0.00035716
9200 0.00035716
9210 0.00035716
9220 0.00035716
9230 0.00035716
9240 0.00035716
9250 0.00035716
9260 0.00035716
9270 0.00035716
9280 0.00035716
9290 0.00035716
9300 0.00035716
9310 0.00035716
9320 0.00035716
9330 0.00035716
9340 0.00035716
9350 0.00035716
9360 0.00035716
9370 0.00035716
9380 0.00035716
9390 0.00035716
9400 0.00035716
9410 0.00035716
9420 0.00035716
9430 0.00035716
9440 0.00035716
9450 0.00035716
9460 0.00035716
9470 0.00035716
9480 0.00035716
9490 0.00035716
9500 0.00035716
9510 0.00035716
9520 0.00035716
9530 0.00035716
9540 0.00035716
9550 0.00035716
9560 0.00035716
9570 0.00035716
9580 0.00035716
9590 0.00035716
9600 0.00035716
9610 0.00035716
9620 0.00035716
9630 0.00035716
9640 0.00035716
9650 0.00035716
9660 0.00035716
9670 0.00035716
9680 0.00035716
9690 0.00035716
9700 0.00035716
9710 0.00035716
9720 0.00035716
9730 0.00035716
9740 0.00035716
9750 0.00035716
9760 0.00035716
9770 0.00035716
9780 0.00035716
9790 0.00035716
9800 0.00035716
9810 0.00035716
9820 0.00035716
9830 0.00035716
9840 0.00035716
9850 0.00035716
9860 0.00035716
9870 0.00035716
9880 0.00035716
9890 0.00035716
9900 0.00035716
9910 0.00035716
9920 0.00035716
9930 0.00035716
9940 0.00035716
9950 0.00035716
9960 0.00035716
9970 0.00035716
9980 0.00035716
9990 0.00035716
10000 0.00035716
10010 0.00035716
10020 0.00035716
10030 0.00035716
10040 0.00035716
10050 0.00035716
10060 0.00035716
10070 0.00035716
10080 0.00035716
10090 0.00035716
10100 0.00035716
10110 0.00035716
10120 0.00035716
10130 0.00035716
10140 0.00035716
10150 0.00035716
10160 0.00035716
10170 0.00035716
10180 0.00035716
10190 0.00035716
10200 0.00035716
10210 0.00035716
10220 0.00035716
10230 0.00035716
10240 0.00035716
10250 0.00035716
10260 0.00035716
10270 0.00035716
10280 0.00035716
10290 0.00035716
10300 0.00035716
10310 0.00035716
10320 0.00035716
10330 0.00035716
10340 0.00035716
10350 0.00035716
10360 0.00035716
10370 0.00035716
10380 0.00035716
10390 0.00035716
10400 0.00035716
10410 0.00035716
10420 0.00035716
10430 0.00035716
10440 0.00035716
10450 0.00035716
10460 0.00035716
10470 0.00035716
10480 0.00035716
10490 0.00035716
10500 0.00035716
10510 0.00035716
10520 0.00035716
10530 0.00035716
10540 0.00035716
10550 0.00035716
10560 0.00035716
10570 0.00035716
10580 0.00035716
10590 0.00035716
10600 0.00035716
10610 0.00035716
10620 0.00035716
10630 0.00035716
10640 0.00035716
10650 0.00035716
10660 0.00035716
10670 0.00035716
10680 0.00035716
10690 0.00035716
10700 0.00035716
10710 0.00035716
10720 0.00035716
10730 0.00035716
10740 0.00035716
10750 0.00035716
10760 0.00035716
10770 0.00035716
10780 0.00035716
10790 0.00035716
10800 0.00035716
10810 0.00035716
10820 0.00035716
10830 0.00035716
10840 0.00035716
10850 0.00035716
10860 0.00035716
10870 0.00035716
10880 0.00035716
10890 0.00035716
10900 0.00035716
10910 0.00035716
10920 0.00035716
10930 0.00035716
10940 0.00035716
10950 0.00035716
10960 0.00035716
10970 0.00035716
10980 0.00035716
10990 0.00035716
11000 0.00035716
11010 0.00035716
11020 0.00035716
11030 0.00035716
11040 0.00035716
11050 0.00035716
11060 0.00035716
11070 0.00035716
11080 0.00035716
11090 0.00035716
11100 0.00035716
11110 0.00035716
11120 0.00035716
11130 0.00035716
11140 0.00035716
11150 0.00035716
11160 0.00035716
11170 0.00035716
11180 0.00035716
11190 0.00035716
11200 0.00035716
11210 0.00035716
11220 0.00035716
11230 0.00035716
11240 0.00035716
11250 0.00035716
11260 0.00035716
11270 0.00035716
11280 0.00035716
11290 0.00035716
11300 0.00035716
11310 0.00035716
11320 0.00035716
11330 0.00035716
11340 0.00035716
11350 0.00035716
11360 0.00035716
11370 0.00035716
11380 0.00035716
11390 0.00035716
11400 0.00035716
11410 0.00035716
11420 0.00035716
11430 0.00035716
11440 0.00035716
11450 0.00035716
11460 0.00035716
11470 0.00035716
11480 0.00035716
11490 0.00035716
11500 0.00035716
11510 0.00035716
11520 0.00035716
11530 0.00035716
11540 0.00035716
11550 0.00035716
11560 0.00035716
11570 0.00035716
11580 0.00035716
11590 0.00035716
11600 0.00035716
11610 0.00035716
11620 0.00035716
11630 0.00035716
11640 0.00035716
11650 0.00035716
11660 0.00035716
11670 0.00035716
11680 0.00035716
11690 0.00035716
11700 0.00035716
11710 0.00035716
11720 0.00035716
11730 0.00035716
11740 0.00035716
11750 0.00035716
11760 0.00035716
11770 0.00035716
11780 0.00035716
11790 0.00035716
11800 0.00035716
11810 0.00035716
11820 0.00035716
11830 0.00035716
11840 0.00035716
11850 0.00035716
11860 0.00035716
11870 0.00035716
11880 0.00035716
11890 0.00035716
11900 0.00035716
11910 0.00035716
11920 0.00035716
11930 0.00035716
11940 0.00035716
11950 0.00035716
11960 0.00035716
11970 0.00035716
11980 0.00035716
11990 0.00035716
12000 0.00035716
12010 0.00035716
12020 0.00035716
12030 0.00035716
12040 0.00035716
12050 0.00035716
12060 0.00035716
12070 0.00035716
12080 0.00035716
12090 0.00035716
12100 0.00035716
12110 0.00035716
12120 0.00035716
12130 0.00035716
12140 0.00035716
12150 0.00035716
12160 0.00035716
12170 0.00035716
12180 0.00035716
12190 0.00035716
12200 0.00035716
12210 0.00035716
12220 0.00035716
12230 0.00035716
12240 0.00035716
12250 0.00035716
12260 0.00035716
12270 0.00035716
12280 0.00035716
12290 0.00035716
12300 0.00035716
12310 0.00035716
12320 0.00035716
12330 0.00035716
12340 0.00035716
12350 0.00035716
12360 0.00035716
12370 0.00035716
12380 0.00035716
12390 0.00035716
12400 0.00035716
12410 0.00035716
12420 0.00035716
12430 0.00035716
12440 0.00035716
12450 0.00035716
12460 0.00035716
12470 0.00035716
12480 0.00035716
12490 0.00035716
12500 0.00035716
12510 0.00035716
12520 0.00035716
12530 0.00035716
12540 0.00035716
12550 0.00035716
12560 0.00035716
12570 0.00035716
12580 0.00035716
12590 0.00035716
12600 0.00035716
12610 0.00035716
12620 0.00035716
12630 0.00035716
12640 0.00035716
12650 0.00035716
12660 0.00035716
12670 0.00035716
12680 0.00035716
12690 0.00035716
12700 0.00035716
12710 0.00035716
12720 0.00035716
12730 0.00035716
12740 0.00035716
12750 0.00035716
12760 0.00035716
12770 0.00035716
12780 0.00035716
12790 0.00035716
12800 0.00035716
12810 0.00035716
12820 0.00035716
12830 0.00035716
12840 0.00035716
12850 0.00035716
12860 0.00035716
12870 0.00035716
12880 0.00035716
12890 0.00035716
12900 0.00035716
12910 0.00035716
12920 0.00035716
12930 0.00035716
12940 0.00035716
12950 0.00035716
12960 0.00035716
12970 0.00035716
12980 0.00035716
12990 0.00035716
13000 0.00035716
13010 0.00035716
13020 0.00035716
13030 0.00035716
13040 0.00035716
13050 0.00035716
13060 0.00035716
13070 0.00035716
13080 0.00035716
13090 0.00035716
13100 0.00035716
13110 0.00035716
13120 0.00035716
13130 0.00035716
13140 0.00035716
13150 0.00035716
13160 0.00035716
13170 0.00035716
13180 0.00035716
13190 0.00035716
13200 0.00035716
13210 0.00035716
13220 0.00035716
13230 0.00035716
13240 0.00035716
13250 0.00035716
13260 0.00035716
13270 0.00035716
13280 0.00035716
13290 0.00035716
13300 0.00035716
13310 0.00035716
13320 0.00035716
13330 0.00035716
13340 0.00035716
13350 0.00035716
13360 0.00035716
13370 0.00035716
13380 0.00035716
13390 0.00035716
13400 0.00035716
13410 0.00035716
13420 0.00035716
13430 0.00035716
13440 0.00035716
13450 0.00035716
13460 0.00035716
13470 0.00035716
13480 0.00035716
13490 0.00035716
13500 0.00035716
13510 0.00035716
13520 0.00035716
13530 0.00035716
13540 0.00035716
13550 0.00035716
13560 0.00035716
13570 0.00035716
13580 0.00035716
13590 0.00035716
13600 0.00035716
13610 0.00035716
13620 0.00035716
13630 0.00035716
13640 0.00035716
13650 0.00035716
13660 0.00035716
13670 0.00035716
13680 0.00035716
13690 0.00035716
13700 0.00035716
13710 0.00035716
13720 0.00035716
13730 0.00035716
13740 0.00035716
13750 0.00035716
13760 0.00035716
13770 0.00035716
13780 0.00035716
13790 0.00035716
13800 0.00035716
13810 0.00035716
13820 0.00035716
13830 0.00035716
13840 0.00035716
13850 0.00035716
13860 0.00035716
13870 0.00035716
13880 0.00035716
13890 0.00035716
13900 0.00035716
13910 0.00035716
13920 0.00035716
13930 0.00035716
13940 0.00035716
13950 0.00035716
13960 0.00035716
13970 0.00035716
13980 0.00035716
13990 0.00035716
14000 0.00035716
14010 0.00035716
14020 0.00035716
14030 0.00035716
14040 0.00035716
14050 0.00035716
14060 0.00035716
14070 0.00035716
14080 0.00035716
14090 0.00035716
14100 0.00035716
14110 0.00035716
14120 0.00035716
14130 0.00035716
14140 0.00035716
14150 0.00035716
14160 0.00035716
14170 0.00035716
14180 0.00035716
14190 0.00035716
14200 0.00035716
14210 0.00035716
14220 0.00035716
14230 0.00035716
14240 0.00035716
14250 0.00035716
14260 0.00035716
14270 0.00035716
14280 0.00035716
14290 0.00035716
14300 0.00035716
14310 0.00035716
14320 0.00035716
14330 0.00035716
14340 0.00035716
14350 0.00035716
14360 0.00035716
14370 0.00035716
14380 0.00035716
14390 0.00035716
14400 0.00035716
14410 0.00035716
14420 0.00035716
14430 0.00035716
14440 0.00035716
14450 0.00035716
14460 0.00035716
14470 0.00035716
14480 0.00035716
14490 0.00035716
14500 0.00035716
14510 0.00035716
14520 0.00035716
14530 0.00035716
14540 0.00035716
14550 0.00035716
14560 0.00035716
14570 0.00035716
14580 0.00035716
14590 0.00035716
14600 0.00035716
14610 0.00035716
14620 0.00035716
14630 0.00035716
14640 0.00035716
14650 0.00035716
14660 0.00035716
14670 0.00035716
14680 0.00035716
14690 0.00035716
14700 0.00035716
14710 0.00035716
14720 0.00035716
14730 0.00035716
14740 0.00035716
14750 0.00035716
14760 0.00035716
14770 0.00035716
14780 0.00035716
14790 0.00035716
14800 0.00035716
14810 0.00035716
14820 0.00035716
14830 0.00035716
14840 0.00035716
14850 0.00035716
14860 0.00035716
14870 0.00035716
14880 0.00035716
14890 0.00035716
14900 0.00035716
14910 0.00035716
14920 0.00035716
14930 0.00035716
14940 0.00035716
14950 0.00035716
14960 0.00035716
14970 0.00035716
14980 0.00035716
14990 0.00035716
15000 0.00035716
15010 0.00035716
15020 0.00035716
15030 0.00035716
15040 0.00035716
15050 0.00035716
15060 0.00035716
15070 0.00035716
15080 0.00035716
15090 0.00035716
15100 0.00035716
15110 0.00035716
15120 0.00035716
15130 0.00035716
15140 0.00035716
15150 0.00035716
15160 0.00035716
15170 0.00035716
15180 0.00035716
15190 0.00035716
15200 0.00035716
15210 0.00035716
15220 0.00035716
15230 0.00035716
15240 0.00035716
15250 0.00035716
15260 0.00035716
15270 0.00035716
15280 0.00035716
15290 0.00035716
15300 0.00035716
15310 0.00035716
15320 0.00035716
15330 0.00035716
15340 0.00035716
15350 0.00035716
15360 0.00035716
15370 0.00035716
15380 0.00035716
15390 0.00035716
15400 0.00035716
15410 0.00035716
15420 0.00035716
15430 0.00035716
15440 0.00035716
15450 0.00035716
15460 0.00035716
15470 0.00035716
15480 0.00035716
15490 0.00035716
15500 0.00035716
15510 0.00035716
15520 0.00035716
15530 0.00035716
15540 0.00035716
15550 0.00035716
15560 0.00035716
15570 0.00035716
15580 0.00035716
15590 0.00035716
15600 0.00035716
15610 0.00035716
15620 0.00035716
15630 0.00035716
15640 0.00035716
15650 0.00035716
15660 0.00035716
15670 0.00035716
15680 0.00035716
15690 0.00035716
15700 0.00035716
15710 0.00035716
15720 0.00035716
15730 0.00035716
15740 0.00035716
15750 0.00035716
15760 0.00035716
15770 0.00035716
15780 0.00035716
15790 0.00035716
15800 0.00035716
15810 0.00035716
15820 0.00035716
15830 0.00035716
15840 0.00035716
15850 0.00035716
15860 0.00035716
15870 0.00035716
15880 0.00035716
15890 0.00035716
15900 0.00035716
15910 0.00035716
15920 0.00035716
15930 0.00035716
15940 0.00035716
15950 0.00035716
15960 0.00035716
15970 0.00035716
15980 0.00035716
15990 0.00035716
16000 0.00035716
16010 0.00035716
16020 0.00035716
16030 0.00035716
16040 0.00035716
16050 0.00035716
16060 0.00035716
16070 0.00035716
16080 0.00035716
16090 0.00035716
16100 0.00035716
16110 0.00035716
16120 0.00035716
16130 0.00035716
16140 0.00035716
16150 0.00035716
16160 0.00035716
16170 0.00035716
16180 0.00035716
16190 0.00035716
16200 0.00035716
16210 0.00035716
16220 0.00035716
16230 0.00035716
16240 0.00035716
16250 0.00035716
16260 0.00035716
16270 0.00035716
16280 0.00035716
16290 0.00035716
16300 0.00035716
16310 0.00035716
16320 0.00035716
16330 0.00035716
16340 0.00035716
16350 0.00035716
16360 0.00035716
16370 0.00035716
16380 0.00035716
16390 0.00035716
16400 0.00035716
16410 0.00035716
16420 0.00035716
16430 0.00035716
16440 0.00035716
16450 0.00035716
16460 0.00035716
16470 0.00035716
16480 0.00035716
16490 0.00035716
16500 0.00035716
16510 0.00035716
16520 0.00035716
16530 0.00035716
16540 0.00035716
16550 0.00035716
16560 0.00035716
16570 0.00035716
16580 0.00035716
16590 0.00035716
16600 0.00035716
16610 0.00035716
16620 0.00035716
16630 0.00035716
16640 0.00035716
16650 0.00035716
16660 0.00035716
16670 0.00035716
16680 0.00035716
16690 0.00035716
16700 0.00035716
16710 0.00035716
16720 0.00035716
16730 0.00035716
16740 0.00035716
16750 0.00035716
16760 0.00035716
16770 0.00035716
16780 0.00035716
16790 0.00035716
16800 0.00035716
16810 0.00035716
16820 0.00035716
16830 0.00035716
16840 0.00035716
16850 0.00035716
16860 0.00035716
16870 0.00035716
16880 0.00035716
16890 0.00035716
16900 0.00035716
16910 0.00035716
16920 0.00035716
16930 0.00035716
16940 0.00035716
16950 0.00035716
16960 0.00035716
16970 0.00035716
16980 0.00035716
16990 0.00035716
17000 0.00035716
17010 0.00035716
17020 0.00035716
17030 0.00035716
17040 0.00035716
17050 0.00035716
17060 0.00035716
17070 0.00035716
17080 0.00035716
17090 0.00035716
17100 0.00035716
17110 0.00035716
17120 0.00035716
17130 0.00035716
17140 0.00035716
17150 0.00035716
17160 0.00035716
17170 0.00035716
17180 0.00035716
17190 0.00035716
17200 0.00035716
17210 0.00035716
17220 0.00035716
17230 0.00035716
17240 0.00035716
17250 0.00035716
17260 0.00035716
17270 0.00035716
17280 0.00035716
17290 0.00035716
17300 0.00035716
17310 0.00035716
17320 0.00035716
17330 0.00035716
17340 0.00035716
17350 0.00035716
17360 0.00035716
17370 0.00035716
17380 0.00035716
17390 0.00035716
17400 0.00035716
17410 0.00035716
17420 0.00035716
17430 0.00035716
17440 0.00035716
17450 0.00035716
17460 0.00035716
17470 0.00035716
17480 0.00035716
17490 0.00035716
17500 0.00035716
17510 0.00035716
17520 0.00035716
17530 0.00035716
17540 0.00035716
17550 0.00035716
17560 0.00035716
17570 0.00035716
17580 0.00035716
17590 0.00035716
17600 0.00035716
17610 0.00035716
17620 0.00035716
17630 0.00035716
17640 0.00035716
17650 0.00035716
17660 0.00035716
17670 0.00035716
17680 0.00035716
17690 0.00035716
17700 0.00035716
17710 0.00035716
17720 0.00035716
17730 0.00035716
17740 0.00035716
17750 0.00035716
17760 0.00035716
17770 0.00035716
17780 0.00035716
17790 0.00035716
17800 0.00035716
17810 0.00035716
17820 0.00035716
17830 0.00035716
17840 0.00035716
17850 0.00035716
17860 0.00035716
17870 0.00035716
17880 0.00035716
17890 0.00035716
17900 0.00035716
17910 0.00035716
17920 0.00035716
17930 0.00035716
17940 0.00035716
17950 0.00035716
17960 0.00035716
17970 0.00035716
17980 0.00035716
17990 0.00035716
18000 0.00035716
18010 0.00035716
18020 0.00035716
18030 0.00035716
18040 0.00035716
18050 0.00035716
18060 0.00035716
18070 0.00035716
18080 0.00035716
18090 0.00035716
18100 0.00035716
18110 0.00035716
18120 0.00035716
18130 0.00035716
18140 0.00035716
18150 0.00035716
18160 0.00035716
18170 0.00035716
18180 0.00035716
18190 0.00035716
18200 0.00035716
18210 0.00035716
18220 0.00035716
18230 0.00035716
18240 0.00035716
18250 0.00035716
18260 0.00035716
18270 0.00035716
18280 0.00035716
18290 0.00035716
18300 0.00035716
18310 0.00035716
18320 0.00035716
18330 0.00035716
18340 0.00035716
18350 0.00035716
18360 0.00035716
18370 0.00035716
18380 0.00035716
18390 0.00035716
18400 0.00035716
18410 0.00035716
18420 0.00035716
18430 0.00035716
18440 0.00035716
18450 0.00035716
18460 0.00035716
18470 0.00035716
18480 0.00035716
18490 0.00035716
18500 0.00035716
18510 0.00035716
18520 0.00035716
18530 0.00035716
18540 0.00035716
18550 0.00035716
18560 0.00035716
18570 0.00035716
18580 0.00035716
18590 0.00035716
18600 0.00035716
18610 0.00035716
18620 0.00035716
18630 0.00035716
18640 0.00035716
18650 0.00035716
18660 0.00035716
18670 0.00035716
18680 0.00035716
18690 0.00035716
18700 0.00035716
18710 0.00035716
18720 0.00035716
18730 0.00035716
18740 0.00035716
18750 0.00035716
18760 0.00035716
18770 0.00035716
18780 0.00035716
18790 0.00035716
18800 0.00035716
18810 0.00035716
18820 0.00035716
18830 0.00035716
18840 0.00035716
18850 0.00035716
18860 0.00035716
18870 0.00035716
18880 0.00035716
18890 0.00035716
18900 0.00035716
18910 0.00035716
18920 0.00035716
18930 0.00035716
18940 0.00035716
18950 0.00035716
18960 0.00035716
18970 0.00035716
18980 0.00035716
18990 0.00035716
19000 0.00035716
19010 0.00035716
19020 0.00035716
19030 0.00035716
19040 0.00035716
19050 0.00035716
19060 0.00035716
19070 0.00035716
19080 0.00035716
19090 0.00035716
19100 0.00035716
19110 0.00035716
19120 0.00035716
19130 0.00035716
19140 0.00035716
19150 0.00035716
19160 0.00035716
19170 0.00035716
19180 0.00035716
19190 0.00035716
19200 0.00035716
19210 0.00035716
19220 0.00035716
19230 0.00035716
19240 0.00035716
19250 0.00035716
19260 0.00035716
19270 0.00035716
19280 0.00035716
19290 0.00035716
19300 0.00035716
19310 0.00035716
19320 0.00035716
19330 0.00035716
19340 0.00035716
19350 0.00035716
19360 0.00035716
19370 0.00035716
19380 0.00035716
19390 0.00035716
19400 0.00035716
19410 0.00035716
19420 0.00035716
19430 0.00035716
19440 0.00035716
19450 0.00035716
19460 0.00035716
19470 0.00035716
19480 0.00035716
19490 0.00035716
19500 0.00035716
19510 0.00035716
19520 0.00035716
19530 0.00035716
19540 0.00035716
19550 0.00035716
19560 0.00035716
19570 0.00035716
19580 0.00035716
19590 0.00035716
19600 0.00035716
19610 0.00035716
19620 0.00035716
19630 0.00035716
19640 0.00035716
19650 0.00035716
19660 0.00035716
19670 0.00035716
19680 0.00035716
19690 0.00035716
19700 0.00035716
19710 0.00035716
19720 0.00035716
19730 0.00035716
19740 0.00035716
19750 0.00035716
19760 0.00035716
19770 0.00035716
19780 0.00035716
19790 0.00035716
19800 0.00035716
19810 0.00035716
19820 0.00035716
19830 0.00035716
19840 0.00035716
19850 0.00035716
19860 0.00035716
19870 0.00035716
19880 0.00035716
19890 0.00035716
19900 0.00035716
19910 0.00035716
19920 0.00035716
19930 0.00035716
19940 0.00035716
19950 0.00035716
19960 0.00035716
19970 0.00035716
19980 0.00035716
19990 0.00035716
20000 0.00035716
-END-OF-DATA-
