   1.5378855e-01
  -2.3605886e-01
  -5.3836930e-01
  -6.0570735e-01
  -1.1021250e+00
  -1.1215961e+00
  -1.3140130e-01
  -2.2169790e-01
  -7.6626933e-01
  -7.7107656e-01
  -8.3062023e-01
  -1.0571740e+00
  -1.2514567e+00
  -1.1020466e+00
  -1.0456321e+00
  -1.2130253e+00
  -1.2179817e+00
  -1.0508587e+00
  -9.4718033e-01
  -5.4384053e-01
  -5.8388978e-01
  -7.9003757e-01
  -7.9259968e-01
  -8.0093884e-01
  -9.2270499e-01
  -1.0145756e+00
  -1.0211358e+00
  -1.0353640e+00
  -9.0150428e-01
  -3.5267171e-01
  -1.2796055e-01
  -3.6394772e-01
  -7.4505270e-01
  -1.0829681e+00
  -5.7359213e-01
   1.2949505e-01
  -1.6234976e+00
  -1.3028699e+00
  -9.9346370e-01
  -6.4540040e-01
  -2.8125891e-01
  -1.7012106e-01
   5.4936793e-02
   2.7556148e-01
   3.1432468e-01
   2.6324126e-01
   1.3999313e-01
   6.9709010e-02
  -2.3070358e-02
  -7.3970504e-02
  -7.4542694e-02
   2.6929528e-03
  -1.5776552e-02
   3.5954982e-02
  -4.4889873e-01
  -4.7934857e-01
  -1.4815515e-01
  -7.3712260e-02
  -1.4749491e-01
  -2.8024089e-01
  -4.9147230e-01
  -8.3284152e-01
  -1.2620645e+00
  -1.5796438e+00
  -1.9468311e+00
  -2.0555148e+00
  -2.1595023e+00
  -1.9188502e+00
  -1.4667029e+00
  -1.7951162e+00
  -2.3821449e+00
  -2.1714015e+00
  -1.9608089e-01
  -5.0686300e-04
   3.6845937e-01
   7.7556413e-01
   1.0935166e+00
   1.3039105e+00
   1.4266967e+00
   1.6373345e+00
   1.7993993e+00
   1.7034562e+00
   1.4778876e+00
   1.4324046e+00
   1.4590969e+00
   1.4568028e+00
   1.5105977e+00
   1.5938833e+00
   1.6862642e+00
   1.7044368e+00
   1.6582634e+00
   1.4621334e+00
   1.4903070e+00
   1.6547884e+00
   1.5948923e+00
   1.3651412e+00
   1.1670310e+00
   9.9001276e-01
   8.0718058e-01
   7.0489484e-01
   6.7683560e-01
   6.9467396e-01
   6.5272361e-01
   5.0773299e-01
   3.5468894e-01
   2.5539669e-01
   6.5436609e-02
  -1.8488020e-01
   2.3380620e+00
   2.4191000e+00
   2.4956288e+00
   2.6037290e+00
   2.7045770e+00
   2.7966619e+00
   2.7916648e+00
   2.8821595e+00
   3.2984686e+00
   3.1771481e+00
   2.9967773e+00
   2.9686098e+00
   3.1030841e+00
   3.2014143e+00
   3.3286562e+00
   3.4270682e+00
   3.5198741e+00
   3.6273158e+00
   3.3377476e+00
   3.4741704e+00
   3.3025761e+00
   3.5064244e+00
   3.5864260e+00
   3.4591031e+00
   3.2622230e+00
   3.1956832e+00
   3.1571929e+00
   3.1948023e+00
   3.2866030e+00
   3.3737833e+00
   3.4584699e+00
   3.3895903e+00
   3.0079958e+00
   2.7420952e+00
   2.5424867e+00
   2.3750143e+00
   4.7875042e+00
   4.6693158e+00
   4.4824400e+00
   4.2761869e+00
   4.1722798e+00
   3.9164031e+00
   3.6756673e+00
   3.5226305e+00
   4.1590433e+00
   4.1262312e+00
   4.1921782e+00
   4.3044200e+00
   4.4232545e+00
   4.5304418e+00
   4.6476827e+00
   4.7259321e+00
   4.7971835e+00
   4.8629541e+00
   3.6546185e+00
   3.6282551e+00
   4.0405431e+00
   4.7662792e+00
   5.0443263e+00
   5.2323799e+00
   5.1669612e+00
   5.1544080e+00
   5.1678820e+00
   5.2206717e+00
   5.2811279e+00
   5.2171335e+00
   5.3378854e+00
   5.4584651e+00
   5.2726178e+00
   5.1379223e+00
   4.9967723e+00
   4.9192429e+00
   6.1802938e+00
   5.7549056e+00
   5.2186702e+00
   4.8280159e+00
   3.4187309e+00
   4.0056584e+00
   3.3584584e+00
   3.4667260e+00
   4.2721651e+00
   4.3506113e+00
   4.6119278e+00
   4.8075798e+00
   4.8981825e+00
   4.9329684e+00
   5.0207279e+00
   5.0873309e+00
   5.1371406e+00
   5.0977424e+00
   3.5824267e+00
   3.2662935e+00
   3.7190399e+00
   4.7626010e+00
   5.3240465e+00
   5.8183855e+00
   5.9825208e+00
   6.1396169e+00
   6.1378282e+00
   6.0716693e+00
   5.8447574e+00
   5.3527587e+00
   5.4112374e+00
   5.8266934e+00
   6.1604675e+00
   6.4236997e+00
   6.4825400e+00
   6.4172305e+00
   6.1309443e+00
   5.2465754e+00
   4.4336181e+00
   3.9593265e+00
   2.5146725e+00
   3.1815164e+00
   3.5764863e+00
   2.4970217e+00
   3.9857810e+00
   4.1666059e+00
   4.3519211e+00
   4.4314671e+00
   4.4714384e+00
   4.4643908e+00
   4.5175600e+00
   4.6482415e+00
   4.7116365e+00
   4.5439830e+00
   2.8930876e+00
   2.4529562e+00
   2.4654715e+00
   3.5958600e+00
   4.4290633e+00
   5.2745390e+00
   5.7091298e+00
   5.9912853e+00
   5.9358644e+00
   5.4525132e+00
   4.7650838e+00
   4.1070747e+00
   4.0730062e+00
   4.8114586e+00
   5.6044984e+00
   6.2425632e+00
   6.5979452e+00
   6.5741062e+00
   4.3440647e+00
   2.9123797e+00
   2.1463397e+00
   1.8895099e+00
   1.1784142e+00
   1.4321082e+00
   1.9682943e+00
   2.1510186e+00
   3.1692648e+00
   3.1196004e+00
   3.0739069e+00
   3.0551007e+00
   3.0710219e+00
   3.0923791e+00
   3.2097349e+00
   3.4097598e+00
   3.5535338e+00
   3.2858350e+00
   1.8058046e+00
   1.4158431e+00
   5.3856164e-01
   1.5029933e+00
   2.5670896e+00
   3.7066290e+00
   4.3346734e+00
   4.6188264e+00
   4.2550445e+00
   2.9263040e+00
   2.5965691e+00
   2.4692490e+00
   2.3985548e+00
   2.9575906e+00
   3.9339354e+00
   4.6852330e+00
   5.1594062e+00
   5.1164060e+00
   1.9705839e+00
   7.5855607e-01
   1.6931194e-01
   4.3056181e-01
   4.5507956e-01
   4.2133677e-01
   5.1622361e-01
   1.2374779e+00
   1.6462008e+00
   1.5454761e+00
   1.4350847e+00
   1.3920506e+00
   1.4147841e+00
   1.5162729e+00
   1.6889073e+00
   1.8862718e+00
   2.0054653e+00
   1.6906395e+00
   1.0085744e+00
   6.2339312e-01
  -5.3714257e-01
  -3.9994597e-01
   8.1093878e-01
   1.9484540e+00
   2.5307775e+00
   2.6642911e+00
   1.8451935e+00
   3.6504892e-01
   5.4982275e-01
   3.6418593e-01
   4.4908038e-01
   9.5863646e-01
   1.7755098e+00
   2.4846077e+00
   2.9531736e+00
   2.8443921e+00
  -8.7663978e-01
  -7.8133237e-01
  -1.0781424e+00
  -8.4293687e-01
  -4.8891658e-01
  -8.1130987e-01
  -1.1740612e+00
  -9.8429668e-01
  -8.3313191e-01
  -8.3880538e-01
  -7.8993803e-01
  -7.3390675e-01
  -6.3042015e-01
  -5.1219010e-01
  -4.1085199e-01
  -3.6079329e-01
  -4.3557003e-01
  -6.6537100e-01
   3.4896275e-01
   3.1268865e-02
  -7.5378609e-01
  -1.5101864e+00
  -9.9024493e-01
  -2.6522350e-01
  -5.6504507e-02
  -3.1079733e-01
  -1.2956399e+00
  -9.7253877e-01
  -8.9819223e-02
  -1.2770516e+00
  -1.8393056e+00
  -1.3782012e+00
  -1.0474331e+00
  -6.3481057e-01
  -3.6304253e-01
  -5.3343773e-01
  -2.6401000e+00
  -1.3616378e+00
  -1.7967274e+00
  -1.4631677e+00
  -1.0848519e+00
  -2.2087653e+00
  -2.8091335e+00
  -2.8747475e+00
  -2.7268651e+00
  -2.5348477e+00
  -2.3087759e+00
  -2.0750742e+00
  -1.9302034e+00
  -1.9367900e+00
  -2.0381649e+00
  -2.2007217e+00
  -2.4326415e+00
  -2.4638088e+00
  -1.1575959e+00
  -1.4160815e-01
  -9.5092362e-01
  -1.5660770e+00
  -2.1079407e+00
  -1.9157861e+00
  -2.1288881e+00
  -2.6625659e+00
  -3.2371440e+00
  -1.2703779e+00
  -5.0275445e-01
  -1.4007586e+00
  -2.1428990e+00
  -3.0767238e+00
  -3.0464478e+00
  -3.0184429e+00
  -3.0056686e+00
  -3.0693462e+00
  -3.7711449e+00
  -1.4354587e+00
  -1.8454278e+00
  -1.9438884e+00
  -2.0315940e+00
  -4.1023383e+00
  -4.1653013e+00
  -4.2054234e+00
  -3.9994559e+00
  -3.6672137e+00
  -3.3368452e+00
  -3.0584915e+00
  -3.0265951e+00
  -3.2612224e+00
  -3.6385701e+00
  -3.9968719e+00
  -4.2726407e+00
  -4.1597900e+00
  -1.9632275e+00
  -1.2634242e-01
  -8.8736928e-01
  -1.0399733e+00
  -2.7496645e+00
  -3.5681820e+00
  -4.1209855e+00
  -4.6292682e+00
  -4.1037045e+00
  -8.9241421e-01
  -9.9074256e-01
  -1.5116541e+00
  -1.7242669e+00
  -3.8068309e+00
  -4.6082516e+00
  -5.0205145e+00
  -5.2031064e+00
  -4.9925852e+00
  -4.1018324e+00
  -1.5478601e+00
  -1.0970395e+00
  -2.0666206e+00
  -3.2789688e+00
  -4.5312023e+00
  -4.3509040e+00
  -4.2924085e+00
  -4.1054273e+00
  -3.8720140e+00
  -3.6954095e+00
  -3.6642141e+00
  -3.9081912e+00
  -4.3794236e+00
  -4.9498734e+00
  -5.3287339e+00
  -5.4556289e+00
  -5.1529307e+00
  -1.6053464e+00
   7.7711895e-02
  -5.3433597e-01
  -1.2628958e+00
  -3.5807118e+00
  -4.9102840e+00
  -5.4734941e+00
  -5.5338340e+00
  -3.5796559e+00
  -1.6601548e-02
  -1.0041018e+00
  -9.7808337e-01
  -9.1879869e-01
  -3.6821625e+00
  -5.2471137e+00
  -5.8957295e+00
  -6.1490541e+00
  -5.7125635e+00
  -3.9313543e+00
  -1.9644023e+00
  -9.4449711e-01
  -2.1051037e+00
  -3.7471018e+00
  -3.9019816e+00
  -3.5390635e+00
  -3.4566426e+00
  -3.4705696e+00
  -3.5183394e+00
  -3.6926556e+00
  -4.0947008e+00
  -4.6527147e+00
  -5.2919412e+00
  -5.8520336e+00
  -6.0835071e+00
  -5.9583855e+00
  -4.9389353e+00
  -5.5299199e-01
  -3.5791807e-02
  -6.2153137e-01
  -1.7760571e+00
  -4.5359426e+00
  -5.7462792e+00
  -6.0455046e+00
  -5.4570551e+00
  -2.7821336e+00
   1.6121075e-01
  -7.6922143e-01
  -9.9889296e-01
  -8.9053059e-01
  -3.4381804e+00
  -5.0115528e+00
  -5.7803841e+00
  -6.0672984e+00
  -5.5240517e+00
  -3.2620449e+00
  -2.1907222e+00
  -2.2472274e+00
  -3.0113223e+00
  -4.0968451e+00
  -2.6777022e+00
  -2.3488135e+00
  -2.4219005e+00
  -2.7196045e+00
  -3.0769348e+00
  -3.6249938e+00
  -4.4552274e+00
  -5.2568879e+00
  -5.9062982e+00
  -6.2953739e+00
  -6.2688189e+00
  -5.6815462e+00
  -3.4517834e+00
   5.2286059e-02
  -5.5230117e-01
  -1.0118083e+00
  -2.1879797e+00
  -4.8079848e+00
  -5.9836626e+00
  -5.8406496e+00
  -4.6001668e+00
  -1.7700599e+00
   3.4959623e-01
  -4.7269243e-01
  -1.4004538e+00
  -2.5084460e+00
  -3.1853368e+00
  -4.0320020e+00
  -4.7729540e+00
  -5.0396399e+00
  -4.5534430e+00
  -2.0453000e+00
  -1.7674532e+00
  -2.4068439e+00
  -2.0228381e+00
  -8.8688254e-01
  -2.1443980e+00
  -2.2207592e+00
  -2.5180664e+00
  -2.8211272e+00
  -3.1520102e+00
  -3.6966083e+00
  -4.5575609e+00
  -5.3324938e+00
  -5.8221254e+00
  -5.9714952e+00
  -5.6398625e+00
  -4.5607629e+00
  -1.9603841e+00
  -1.5481886e-01
  -1.2784114e+00
  -1.6895719e+00
  -1.9334096e+00
  -4.1832929e+00
  -5.4137278e+00
  -4.9058518e+00
  -3.2846203e+00
  -5.6445420e-01
   9.6382308e-01
  -1.8106890e-01
  -1.8425246e+00
  -2.7640948e+00
  -2.2792237e+00
  -2.6088564e+00
  -3.1496196e+00
  -3.2863483e+00
  -2.8995454e+00
  -7.1714801e-01
  -7.4678975e-01
  -1.3872235e+00
  -5.8125710e-01
  -1.3024970e+00
  -2.8326142e+00
  -3.5101547e+00
  -3.9587274e+00
  -4.2067080e+00
  -4.3653231e+00
  -4.5596304e+00
  -4.8859878e+00
  -5.2019811e+00
  -5.3537431e+00
  -5.1632199e+00
  -4.4654698e+00
  -2.9571896e+00
  -1.6005048e-01
  -3.5021845e-01
  -1.7600149e+00
  -2.9681761e+00
  -2.1016121e+00
  -3.9134033e+00
  -4.2409868e+00
  -3.5303965e+00
  -1.7785625e+00
   5.6023502e-01
   1.1785917e+00
   7.1665101e-02
  -2.3309536e+00
  -2.5258980e+00
  -1.4201885e+00
  -1.2193190e+00
  -1.4204561e+00
  -1.3992311e+00
  -1.0994380e+00
   3.2106378e-01
   7.9176893e-02
  -7.7277890e-01
  -9.7287208e-01
  -3.3882833e+00
  -4.2965331e+00
  -5.1573833e+00
  -5.6171458e+00
  -5.8418920e+00
  -5.8637326e+00
  -5.7245024e+00
  -5.4828075e+00
  -5.2161568e+00
  -4.8883041e+00
  -4.2838707e+00
  -3.2342695e+00
  -1.3737788e+00
   1.1062112e+00
  -1.4079325e-01
  -1.9817262e+00
  -5.0934943e+00
  -4.3401169e+00
  -4.2961640e+00
  -2.7325179e+00
  -1.8733103e+00
  -1.4095019e-01
   1.4803329e+00
   9.8242414e-01
   3.2129618e-01
  -2.2420265e+00
  -2.3409357e+00
  -9.4982762e-01
  -1.8519486e-01
   1.2505849e-01
   3.4380825e-01
   4.9314547e-01
   9.1601164e-01
   1.2467012e-01
  -1.7876740e+00
  -3.2968863e+00
  -4.3840417e+00
  -4.7961134e+00
  -5.3563236e+00
  -5.7088058e+00
  -5.9494431e+00
  -6.0296719e+00
  -5.9173524e+00
  -5.5865019e+00
  -5.0866812e+00
  -4.4244165e+00
  -3.3739792e+00
  -1.9393827e+00
  -1.8317273e-01
   1.0676656e+00
   1.9390709e-01
  -1.5467182e+00
  -4.7692718e+00
  -5.7079671e+00
  -3.5713106e+00
  -1.1796661e+00
   3.5560896e-01
   1.8180503e+00
   2.4949788e+00
   9.1047902e-01
   4.2374695e-01
  -1.9001646e+00
  -2.1243253e+00
  -6.5217946e-01
   3.8654621e-01
   1.2908071e+00
   1.7006262e+00
   1.4705445e+00
   5.8794779e-01
   3.5621248e-02
  -1.9236060e+00
  -3.6012859e+00
  -4.3354225e+00
  -4.8209605e+00
  -5.2561331e+00
  -5.5259638e+00
  -5.6601830e+00
  -5.6404028e+00
  -5.4134841e+00
  -4.9280796e+00
  -4.2090216e+00
  -3.2991972e+00
  -2.0997176e+00
  -9.1033745e-01
  -1.6729346e-01
   3.6548880e-01
   3.3118817e-01
  -1.3695931e+00
  -3.8121660e+00
  -5.2280741e+00
  -3.0745742e+00
  -2.7015197e-01
   1.7232220e+00
   1.7767664e+00
   1.8679781e+00
   5.1055884e-01
   2.4123996e-01
  -1.0926170e+00
  -1.2778442e+00
  -1.8580741e-01
   6.3090414e-01
   1.9015512e+00
   2.1831045e+00
   1.4534012e+00
   3.3405715e-01
  -4.5494199e-01
  -1.6740448e+00
  -3.6979945e+00
  -4.6047459e+00
  -5.4189606e+00
  -6.0439467e+00
  -6.4176769e+00
  -6.5253644e+00
  -6.3716140e+00
  -5.9577827e+00
  -5.1630664e+00
  -4.0498557e+00
  -2.7989902e+00
  -1.5974377e+00
  -9.2692357e-01
  -7.9836130e-01
  -7.5472903e-01
  -1.1861928e-01
  -1.8770242e+00
  -4.7696300e+00
  -4.7067842e+00
  -2.7369566e+00
  -7.9236180e-03
   1.9951575e+00
   8.3655924e-01
   4.9124625e-01
   1.5361568e-01
   1.0812445e-01
  -3.7108040e-01
  -3.0217433e-01
   2.0514974e-01
   7.9281640e-01
   2.2999094e+00
   2.2120621e+00
   1.2471533e+00
   3.4939671e-01
  -8.7343413e-01
  -2.5535607e+00
  -3.6658473e+00
  -4.8191490e+00
  -5.9530535e+00
  -6.8045816e+00
  -7.3234882e+00
  -7.5586128e+00
  -7.5555248e+00
  -7.3229575e+00
  -6.6309285e+00
  -5.3532987e+00
  -3.6417644e+00
  -1.8966359e+00
  -1.2633116e+00
  -1.0809302e+00
  -1.5735743e+00
  -2.4655948e+00
  -3.2491312e+00
  -5.3637996e+00
  -4.3255038e+00
  -2.8694115e+00
  -4.4070634e-01
   1.4435722e+00
   4.6162939e-01
   5.8969151e-02
  -6.2245179e-02
  -1.3251127e-01
  -4.1547209e-01
  -7.7275240e-01
  -1.8133800e-03
   9.6319091e-01
   2.4917123e+00
   1.9273715e+00
   1.3916689e+00
   1.7388813e-01
  -1.3018373e+00
  -2.4001527e+00
  -3.3794620e+00
  -4.6011281e+00
  -5.9354401e+00
  -6.9105010e+00
  -7.4342966e+00
  -7.6398416e+00
  -7.6705942e+00
  -7.5405211e+00
  -7.0074239e+00
  -5.8469691e+00
  -4.0401015e+00
  -1.8093461e+00
  -9.4160181e-01
  -7.8682464e-01
  -2.3774853e+00
  -5.6848412e+00
  -6.0731897e+00
  -5.1488762e+00
  -4.6626501e+00
  -3.7470894e+00
  -1.6091624e+00
   4.5280161e-01
  -5.0172107e-03
  -2.1567458e-01
  -3.5341662e-01
  -6.4970934e-01
  -6.8479711e-01
  -4.1085362e-01
   3.8421622e-01
   1.3241138e+00
   1.7582711e+00
   1.9057254e+00
   1.6272820e+00
  -1.6420648e-01
  -2.1312819e+00
  -2.3016901e+00
  -2.9648778e+00
  -3.9855945e+00
  -5.3575125e+00
  -6.4263625e+00
  -6.9813123e+00
  -7.1445789e+00
  -7.1281748e+00
  -7.0198498e+00
  -6.5907135e+00
  -5.5146394e+00
  -3.7144408e+00
  -1.3931761e+00
   1.4733225e-01
  -8.4745061e-01
  -4.0502353e+00
  -5.1315646e+00
  -5.2048912e+00
  -4.9730258e+00
  -4.9869351e+00
  -4.6375089e+00
  -3.0204692e+00
  -3.4060210e-01
  -3.8883317e-01
  -4.4239461e-01
  -8.4778219e-01
  -1.5416142e+00
  -1.0360216e+00
  -9.3996339e-02
   5.4598027e-01
   1.9900101e+00
   1.4252021e+00
   1.5283269e+00
   1.1755062e+00
  -3.4178704e-02
  -2.0166852e+00
  -2.3381588e+00
  -2.5585265e+00
  -3.0921524e+00
  -4.1425071e+00
  -5.2120929e+00
  -5.8457484e+00
  -6.0581775e+00
  -6.0504684e+00
  -5.9843574e+00
  -5.6837168e+00
  -4.6943736e+00
  -2.7868505e+00
  -4.6178254e-01
   3.1984428e-01
  -2.2287281e+00
  -4.6495357e+00
  -4.3334785e+00
  -4.3296785e+00
  -4.3622727e+00
  -4.7334552e+00
  -4.9627972e+00
  -4.3039293e+00
  -1.2978801e+00
  -7.1816015e-01
  -6.9293004e-01
  -1.2283978e+00
  -1.9720101e+00
  -1.5214623e+00
  -8.8033557e-01
   1.0689804e-01
   2.5958729e+00
   1.6807189e+00
   1.0657554e+00
   5.9883261e-01
  -1.1043273e-02
  -1.0764955e+00
  -2.3087487e+00
  -2.1737428e+00
  -2.2264471e+00
  -2.7305725e+00
  -3.4259591e+00
  -3.9511366e+00
  -4.1734242e+00
  -4.2221794e+00
  -4.2859807e+00
  -4.2012682e+00
  -3.3758173e+00
  -1.2439263e+00
   8.4391922e-01
   2.8535607e-01
  -2.2791283e+00
  -3.1478796e+00
  -2.9340050e+00
  -3.0866287e+00
  -3.2713330e+00
  -3.7410922e+00
  -4.3155723e+00
  -4.4476027e+00
  -2.2980618e+00
  -1.0508344e+00
  -8.7578011e-01
  -1.2631379e+00
  -1.2755809e+00
  -8.9468497e-01
  -1.4222805e-01
   4.4690913e-01
   2.5498068e+00
   2.3753610e+00
   7.3029500e-01
   4.3378919e-01
  -4.2995194e-01
  -7.4016452e-01
  -1.9130105e+00
  -1.7673558e+00
  -1.3071299e+00
  -1.5071973e+00
  -1.7875276e+00
  -1.9967688e+00
  -2.0815856e+00
  -2.1449800e+00
  -2.3161376e+00
  -2.4573982e+00
  -1.8790280e+00
   3.7141502e-01
   1.8250940e+00
  -3.1843081e-02
  -1.4449224e+00
  -1.1137384e+00
  -1.2857070e+00
  -1.6242838e+00
  -1.9781655e+00
  -2.3690095e+00
  -2.9502611e+00
  -3.4030352e+00
  -2.4436255e+00
  -7.6804364e-01
  -8.1275547e-01
  -9.3100673e-01
  -7.1542728e-01
  -2.7614623e-01
   8.5275441e-01
   2.9518491e-01
   1.5190949e+00
   1.8178341e+00
   1.0219092e+00
   1.0160245e+00
  -9.1824841e-01
  -7.7491373e-01
  -1.4258761e+00
  -1.0262244e+00
  -1.1344521e-01
  -4.8458688e-03
   5.3923480e-02
   2.1249217e-01
   3.7990606e-01
   4.1746995e-01
   2.4594203e-01
  -8.2831763e-02
   1.0365036e-01
   1.7164254e+00
   1.1021366e+00
   2.9765710e-01
  -2.3782361e-01
   2.2274168e-01
   6.0392070e-01
   2.2036943e-01
  -2.3389870e-01
  -4.2278084e-01
  -7.0756793e-01
  -1.1734142e+00
  -9.6879709e-01
   9.7431034e-02
  -2.2852053e-01
  -1.1897530e-01
   8.1605029e-01
   1.6553537e+00
   7.4412715e-01
  -4.0430099e-02
   8.7345457e-01
  -5.8207918e-02
   2.4512906e+00
   1.7134552e+00
  -4.0113522e-01
  -3.8867590e-01
  -5.5145818e-01
   2.2135184e-02
   9.5766175e-01
   1.1033412e+00
   1.3153879e+00
   1.6396509e+00
   1.9493414e+00
   2.0920336e+00
   2.0271618e+00
   1.6822346e+00
   1.4669393e+00
   1.7752984e+00
   5.6713349e-01
   5.6776231e-01
   1.5162334e-01
   4.4226757e-01
   1.1181383e+00
   1.4434329e+00
   1.0261598e+00
   9.7983152e-01
   1.0252120e+00
   7.7460837e-01
   7.7721056e-01
   6.3258076e-01
   5.6557822e-01
   8.4099330e-01
   1.3064967e+00
   1.0172205e+00
   1.3584122e-02
  -2.0539086e-01
   3.9540258e-01
   4.2301003e-01
   1.1730485e+00
   4.4156846e-01
   9.9581182e-01
   5.6577766e-01
   2.4474122e-01
   1.1393863e+00
   1.9966531e+00
   1.8232957e+00
   2.3117683e+00
   2.7924442e+00
   3.1684031e+00
   3.4189587e+00
   3.4514668e+00
   3.1510248e+00
   2.4711437e+00
   1.0849245e+00
   8.3273351e-01
   6.4630634e-01
  -8.8837549e-02
   4.0438086e-01
   1.0166277e+00
   2.0213578e+00
   2.0032248e+00
   2.1053760e+00
   2.4000208e+00
   2.4829888e+00
   1.9749663e+00
   4.9944082e-01
   1.1952616e+00
   1.3369001e+00
   6.9932327e-02
   1.0926627e-02
  -1.2215744e-01
  -1.4160641e+00
  -3.5556692e-01
   5.6927043e-01
  -2.6223481e-01
   6.5131998e-01
   1.2695091e+00
   1.1163075e+00
   7.3168778e-01
   1.0437671e+00
   1.8360215e+00
   1.9825679e+00
   2.4889083e+00
   3.0189881e+00
   3.4704647e+00
   3.7867670e+00
   3.8720293e+00
   3.6224346e+00
   2.8649522e+00
   1.0134408e+00
   7.9223335e-01
   5.3301871e-01
  -5.7255227e-02
   3.5498828e-01
   7.1296796e-01
   1.2586886e+00
   2.0961742e+00
   2.4947079e+00
   2.8992987e+00
   3.1640806e+00
   2.5265310e+00
   1.2274222e+00
   4.4235379e-01
   1.5101557e-01
  -2.9655159e-01
  -2.4999888e-01
  -6.7889150e-01
  -1.4206729e+00
  -5.8910102e-01
   1.2511443e-01
   1.3433951e-01
   4.8631734e-01
   1.0847129e+00
   8.7071218e-01
   6.6640053e-01
   5.4526705e-01
   8.8955189e-01
   1.0693487e+00
   1.4793588e+00
   2.0084717e+00
   2.5933966e+00
   3.0468016e+00
   3.2739960e+00
   3.1288875e+00
   2.5600762e+00
   7.2440353e-01
   8.3621546e-01
   3.5033828e-01
   6.4749315e-02
   3.9120407e-01
   6.2508899e-01
   6.8106727e-01
   9.5400507e-01
   2.1622088e+00
   2.8065218e+00
   3.1533755e+00
   2.7649662e+00
   1.5471809e+00
   2.3860258e-01
   1.1459049e-01
  -2.3615153e-01
  -4.3661542e-01
  -6.1700314e-01
  -1.0395565e-01
  -1.3344465e-02
   3.0288449e-01
   2.8924196e-01
   1.2857293e+00
   8.6888950e-01
   5.6602776e-01
   2.3447375e-01
   3.8630667e-01
   3.2902661e-01
  -2.8560814e-01
  -2.0299132e-01
   1.0346176e-01
   6.9524646e-01
   1.2259264e+00
   1.6860284e+00
   1.7571672e+00
   8.1013100e-01
   7.4208274e-02
   7.7057838e-01
   1.2439246e-01
   1.3241899e-01
   5.7105589e-01
   3.5998323e-01
   3.3900362e-01
   6.2582475e-01
   1.5654566e+00
   2.2146313e+00
   2.3897636e+00
   1.8826913e+00
   2.6426888e-01
   5.6821048e-02
  -1.7001311e-01
  -1.5653250e-01
  -3.1730693e-02
   1.8565321e-01
   4.4538555e-01
   8.6889321e-01
   1.1319453e+00
   8.7304968e-01
   1.1607324e+00
   7.4362803e-01
   1.0477916e+00
   8.6011952e-01
   2.8439370e-01
  -8.3333981e-01
  -6.0669947e-01
  -1.0921831e+00
  -1.3276031e+00
  -9.6115023e-01
  -4.6791714e-01
  -4.1881073e-01
  -4.7975793e-01
  -6.6041166e-01
   3.5362095e-01
   3.2627457e-03
  -3.9732594e-02
   1.6083440e-01
   2.6648647e-01
   6.5054618e-02
   2.4845774e-01
   1.1302891e-01
   8.3338153e-03
   9.3817309e-02
   1.7273843e-02
  -1.2335465e-03
  -1.4078964e-01
  -2.9803225e-01
  -1.2195944e-01
  -5.7718083e-02
   1.3386078e-01
   3.5306665e-01
   5.1569325e-01
   6.0836047e-01
   4.9517602e-01
   5.4514629e-01
   7.4353391e-01
   5.0247502e-01
   4.4888020e-01
  -1.6420682e-01
   7.2998493e-02
   6.0055441e-01
   7.4849397e-02
  -2.3998767e-01
  -2.5399873e-01
  -6.0945982e-01
  -7.9830065e-01
  -7.7521145e-01
  -6.4295512e-01
  -3.0155673e-01
  -1.7390409e-01
  -4.6277657e-01
  -7.0039575e-03
   1.3087136e-01
   1.4651580e-01
  -1.6748917e-01
   2.7283892e-01
  -5.7893872e-01
  -9.6211666e-01
  -9.4562650e-01
  -1.5511005e+00
  -1.3155706e+00
  -9.7123313e-01
  -3.7611187e-01
  -2.0267235e-01
  -9.9160606e-03
   1.2387833e-01
   2.2640018e-01
   2.8213534e-01
   4.6165171e-01
   2.4431862e-01
  -3.4183163e-02
   3.2029098e-01
  -4.2316961e-01
  -4.4372791e-01
  -4.3003392e-01
  -3.9539871e-01
  -4.5084199e-01
  -4.4274184e-01
  -4.9825084e-01
  -5.5913168e-01
  -7.5224334e-01
  -9.6331608e-01
  -9.0981197e-01
  -8.1514364e-01
  -7.1043199e-01
  -3.8621747e-01
   7.6561579e-03
   1.5976226e-01
   7.0299365e-02
  -2.0832989e-02
  -5.3121732e-04
  -6.1682111e-01
  -1.5339715e+00
   2.7664131e-01
   3.6204920e+00
   2.4705863e+00
   2.3398879e-01
  -5.0326341e-01
  -8.8278836e-01
  -9.8980260e-01
  -6.9513333e-01
  -5.3496212e-01
  -4.3750650e-01
  -4.6588695e-01
  -5.1041698e-01
  -5.3353482e-01
  -5.8894819e-01
  -5.0388384e-01
