  -3.9997599e+00
  -1.0886748e+00
   4.5639297e-01
   1.9355803e+00
   4.2269812e+00
   6.3943257e+00
   6.6114478e+00
   5.1382380e+00
   2.6482012e+00
   1.7604785e+00
   1.2330990e+00
   9.7690535e-01
   1.0022445e+00
   8.5371065e-01
   5.4917103e-01
   4.3271425e-01
   8.7990426e-02
  -1.0338998e+00
  -1.0854696e+00
   1.2312391e+00
   3.2677376e+00
   3.4111176e+00
   2.6538546e+00
   1.1724913e+00
   8.8567294e-02
  -3.8017946e-01
  -1.5622467e+00
  -2.2832484e+00
  -2.4225266e+00
  -1.4686210e+00
   2.0724453e-01
   1.8244715e+00
   1.8819704e+00
  -1.4046971e+00
  -4.9845386e+00
  -6.1635232e+00
   9.7313434e-01
   2.6802540e+00
   2.8973603e+00
   2.9183033e+00
   3.9114857e+00
   2.2617040e+00
   3.7171557e+00
   3.0407379e+00
   1.5071443e+00
   9.4439226e-01
   3.5825446e-01
  -1.2927761e-02
  -2.8710818e-01
  -3.5138458e-01
  -2.7102581e-01
  -1.9816911e-01
   5.0440148e-02
   8.9713633e-02
  -8.4704839e-02
  -6.5621513e-01
   2.3333338e-01
   3.1280848e-01
   2.8970340e-01
  -1.4566224e+00
  -1.7700064e+00
  -4.7911012e-01
  -7.9773700e-01
   1.1931738e-01
   1.1485836e-01
   1.0929003e+00
   2.1759536e+00
   8.3196630e+00
   4.7207260e+00
  -2.0956829e+00
  -4.3296461e+00
  -2.2649388e+00
   2.3063352e+00
   2.1333926e+00
   1.4760755e+00
   2.1339824e+00
   1.6677239e+00
   7.0415133e-01
   1.5579507e+00
   1.0373201e+00
   8.4735292e-01
   5.7496339e-01
   2.2847611e-01
  -1.1057185e-01
  -3.3053258e-01
  -4.1234970e-01
  -3.4915048e-01
  -2.7214468e-01
  -1.5760565e-01
  -6.6684090e-02
   2.9093252e-02
  -6.3840806e-01
  -2.2904205e-01
  -1.7161123e-01
   1.8935627e-01
   2.8391212e-01
   8.8162291e-01
   1.0746605e+00
   6.3561547e-01
   1.4998734e+00
   1.7929986e+00
   1.8566141e+00
   2.0786080e+00
   3.7628262e+00
   1.5462438e+00
  -5.8676326e-01
  -7.5648016e-01
   5.4786044e-01
   1.3468816e+00
   4.2643824e-01
   1.7586677e-01
  -8.3125150e-03
   1.0745856e-01
  -2.8623402e-01
  -3.8221616e-01
  -1.9281638e-01
   1.0216150e-01
   1.3731135e-01
  -4.0703132e-03
  -2.1511827e-01
  -3.9373302e-01
  -4.8123169e-01
  -4.1873661e-01
  -3.5177651e-01
  -2.9533696e-01
  -2.8291151e-01
  -2.1559286e-01
  -4.6569762e-01
  -3.0024821e-01
  -3.7085554e-01
   1.0436700e-01
   1.2191981e-01
   3.0614474e-01
   2.0050149e-01
  -1.5422702e-01
   8.1016526e-02
   4.0772694e-01
   3.0278575e-02
  -4.7318667e-02
   3.3832103e-01
   6.3914180e-01
  -9.1175228e-02
  -5.1275128e-01
   1.4443119e-01
   5.8563828e-01
   1.7924909e-01
  -3.9673784e-01
  -6.1449713e-01
  -6.2811029e-01
  -1.0989640e+00
  -9.9778682e-01
  -7.8514063e-01
  -3.7962878e-01
  -1.8560988e-01
  -1.9431061e-01
  -3.2249579e-01
  -4.7207057e-01
  -5.2925563e-01
  -4.7616452e-01
  -4.3121722e-01
  -4.3269712e-01
  -3.9025769e-01
  -2.9354623e-01
  -7.1489178e-02
  -3.9488092e-01
  -5.6196630e-01
   7.2048157e-03
  -1.0697361e-02
   4.0110666e-02
   1.8614253e-01
   8.5041232e-02
  -2.4176650e-02
  -1.8443987e-01
  -3.4955668e-01
  -4.4385627e-01
   9.5693275e-02
   7.5309509e-01
   7.6045506e-02
  -4.2732514e-02
   1.1024668e-01
   2.9885200e-01
   3.2287096e-01
  -1.3862734e-01
  -6.7674019e-01
  -9.8745382e-01
  -1.1504425e+00
  -1.1424506e+00
  -9.3548625e-01
  -5.6170336e-01
  -3.1821082e-01
  -2.6233210e-01
  -3.7163272e-01
  -4.7597810e-01
  -4.8713931e-01
  -4.4943839e-01
  -4.1719600e-01
  -4.0463048e-01
  -3.6575066e-01
  -2.6416701e-01
   1.4186985e-01
  -3.2206040e-01
  -6.2441726e-01
  -1.1370066e-01
  -2.3455085e-01
  -2.4529977e-01
   7.0751202e-02
  -1.0574800e-01
  -3.4215505e-01
  -5.0695375e-01
  -5.7153723e-01
  -8.5978477e-01
  -1.6859737e-02
   4.7626170e-01
  -8.5417974e-02
  -1.7103962e-01
  -1.8197429e-01
   3.1175962e-01
   1.8779318e-01
   4.1418821e-01
  -2.9736188e-01
  -5.9141165e-01
  -9.8710614e-01
  -9.7261000e-01
  -7.0601743e-01
  -4.1997528e-01
  -2.4435572e-01
  -2.0529447e-01
  -2.9652220e-01
  -3.2899883e-01
  -3.1594640e-01
  -2.7322379e-01
  -2.5632340e-01
  -2.3001906e-01
  -2.5059572e-01
  -2.0449087e-01
   1.4762001e-01
   1.7190853e-01
  -2.3215203e-01
   2.9938712e-03
  -3.8018766e-01
  -3.4347308e-01
  -3.6052004e-01
  -6.3769764e-01
  -6.8608189e-01
  -6.6773093e-01
  -7.1400565e-01
  -9.3285173e-01
  -3.1258023e-01
   1.4310910e-01
  -3.4221706e-01
  -6.4732254e-01
  -5.5147499e-01
   4.5923573e-01
   2.7841592e-01
   6.7699814e-01
  -2.5655103e-01
  -4.4875976e-01
  -6.3607705e-01
  -4.9385002e-01
  -2.3961125e-01
  -1.1804501e-01
  -1.0669713e-02
   1.5403530e-02
  -3.2848857e-02
  -1.8495882e-02
   1.9909583e-02
   2.7490743e-02
  -1.0073197e-02
  -4.5837205e-02
  -1.4870825e-01
  -1.3078834e-01
   2.0856310e-01
   1.1140611e+00
   2.1856022e-01
   1.8600765e-01
  -8.8494457e-04
  -2.9725560e-01
  -8.1553167e-01
  -7.8625673e-01
  -5.6287270e-01
  -2.6448289e-01
  -3.8511786e-01
  -5.0441664e-01
  -8.8923499e-02
  -3.9659065e-01
  -7.1624199e-01
  -5.4847902e-01
  -1.2758943e-01
   6.7963803e-01
   4.7132680e-01
   9.1099799e-01
   9.1200531e-02
  -7.5492509e-02
  -1.5499403e-01
  -2.6459996e-02
   1.3575727e-01
   1.7375660e-01
   2.5030282e-01
   2.4932443e-01
   2.2809270e-01
   2.6560193e-01
   2.8477654e-01
   2.1185696e-01
   1.0712875e-01
   1.3736448e-02
  -1.0879703e-01
  -8.1077881e-02
   4.0177098e-01
   1.7666191e+00
   5.9758639e-01
   2.5903749e-01
   1.8794475e-01
  -2.9330614e-01
  -6.8533921e-01
  -4.1719931e-01
  -2.2679114e-01
   2.3694055e-01
  -6.2962323e-02
   5.1064491e-03
   4.0109691e-01
  -2.9573444e-01
  -3.3987755e-01
   8.0320146e-03
   4.7685608e-01
   1.1184086e+00
   1.4543509e+00
   1.1782047e+00
   6.4779752e-01
   4.3775448e-01
   3.9224285e-01
   4.8839641e-01
   5.3626227e-01
   5.4830790e-01
   5.7020420e-01
   5.1886237e-01
   5.2769029e-01
   5.5584484e-01
   4.6076441e-01
   2.6124978e-01
   1.1450257e-01
  -3.5241372e-03
  -1.1946387e-01
   8.3315298e-03
   8.2909769e-01
   2.5071530e+00
   8.0122584e-01
   5.9598845e-01
   4.1864648e-01
  -3.3455676e-01
   7.5909197e-02
   3.2883711e-02
   1.5312412e-01
   2.9437715e-01
   1.0622206e-01
   2.5408506e-01
   4.4037628e-01
   1.9690299e-01
   4.8647651e-01
   8.7114084e-01
   1.0413582e+00
   1.3701360e+00
   1.8206673e+00
   1.3128356e+00
   9.6101719e-01
   7.6597536e-01
   7.4434566e-01
   8.0567712e-01
   7.9773641e-01
   8.0518925e-01
   7.6293659e-01
   7.0106834e-01
   6.9469512e-01
   6.5959096e-01
   4.2444775e-01
   1.6982581e-01
   2.0215107e-02
  -1.0554153e-01
  -1.7012644e-01
   1.4512032e-01
   1.2993516e+00
   3.0955122e+00
   1.8988932e+00
   1.0771520e+00
   1.3430901e-01
   5.2232718e-01
   9.2012185e-01
   2.2868735e-01
   1.2253405e-01
  -4.3516601e-03
  -2.1266105e-02
   4.0762502e-01
   5.1372486e-01
   6.9696152e-01
   1.0698076e+00
   1.3747741e+00
   1.2057470e+00
   1.6989239e+00
   1.9558610e+00
   1.4320189e+00
   1.1494242e+00
   1.0009035e+00
   1.0005865e+00
   1.0095292e+00
   9.6850312e-01
   9.3022704e-01
   8.2973832e-01
   7.3872066e-01
   6.4564359e-01
   4.7806919e-01
   1.3920541e-01
  -9.3943126e-02
  -2.0416509e-01
  -2.6927021e-01
  -1.5844974e-01
   4.3394843e-01
   1.9115244e+00
   3.5578086e+00
   2.1921067e+00
   1.8150003e+00
   1.2741046e+00
   1.9121428e+00
   7.8749019e-01
   1.0267719e-02
  -1.9816983e-01
  -4.2632684e-01
   2.6726639e-01
   6.6397101e-01
   7.8981137e-01
   1.1903596e+00
   1.4696774e+00
   1.5766416e+00
   1.4175892e+00
   1.7212412e+00
   1.9443184e+00
   1.3989130e+00
   1.1819301e+00
   1.0887659e+00
   1.0918508e+00
   1.0473486e+00
   9.5760083e-01
   8.1928635e-01
   6.4545166e-01
   4.5664734e-01
   2.4270216e-01
  -4.6958894e-02
  -3.6071461e-01
  -4.7001240e-01
  -4.3811131e-01
  -3.4188372e-01
  -1.3909996e-02
   8.0101824e-01
   2.3845081e+00
   3.3701305e+00
   2.0789030e+00
   2.3262789e+00
   1.2268095e+00
   8.3307922e-01
   9.0797983e-02
  -3.5006022e-01
  -5.4492211e-01
  -7.0723391e-01
   5.6051821e-01
   6.3601035e-01
   1.0864066e+00
   1.3936310e+00
   1.5561382e+00
   1.5728457e+00
   1.6052886e+00
   1.2811009e+00
   1.7067651e+00
   1.1533084e+00
   1.0102450e+00
   9.6247238e-01
   9.3797147e-01
   8.0816263e-01
   6.1397243e-01
   3.5261890e-01
   8.0471493e-02
  -1.9659004e-01
  -4.7032368e-01
  -7.4523902e-01
  -9.0102005e-01
  -8.3325344e-01
  -6.2020272e-01
  -3.2835668e-01
   1.9480418e-01
   1.1017390e+00
   2.4710577e+00
   2.5233018e+00
   1.5060397e+00
   1.1314521e+00
   4.8122931e-01
   3.0261874e-01
  -9.2016630e-02
  -2.4997237e-01
  -1.0980092e+00
  -8.0802798e-01
   4.8252267e-01
   7.9091132e-01
   1.2403606e+00
   1.3635931e+00
   1.4384679e+00
   1.3981584e+00
   1.4948864e+00
   8.0327421e-01
   1.1150986e+00
   6.3952130e-01
   4.7870842e-01
   4.0235355e-01
   2.6618916e-01
   3.2166298e-04
  -3.2717490e-01
  -6.7636740e-01
  -9.8227870e-01
  -1.2617869e+00
  -1.4635248e+00
  -1.5622689e+00
  -1.5292828e+00
  -1.3392830e+00
  -1.0450962e+00
  -6.4610785e-01
   1.4008457e-02
   9.2560840e-01
   1.8530955e+00
   1.7763768e+00
   1.2172335e+00
   4.4652057e-01
   3.2725033e-01
   1.7892054e-01
   8.5740663e-02
   3.8821992e-01
  -5.5138755e-01
  -1.0188212e+00
  -5.5524841e-02
   6.8860191e-01
   1.1888433e+00
   1.2098391e+00
   1.1877142e+00
   1.0178814e+00
   9.7506511e-01
   2.8287527e-01
   4.0595910e-01
   3.5632849e-02
  -1.9933130e-01
  -3.8901693e-01
  -7.2565311e-01
  -1.1347034e+00
  -1.5266415e+00
  -1.8805741e+00
  -2.1592560e+00
  -2.3834016e+00
  -2.4918408e+00
  -2.4796865e+00
  -2.3927908e+00
  -2.2051549e+00
  -1.9501603e+00
  -1.5983346e+00
  -1.0249496e+00
  -2.5820768e-01
   4.7252506e-01
   9.3986315e-01
   2.2829984e-01
   1.0245166e-01
   2.0850404e-01
   1.2947170e-01
   5.5921304e-01
   1.0271050e+00
  -1.0375397e-01
  -1.5682174e+00
  -5.5173248e-01
   6.4612055e-01
   9.3259281e-01
   9.0987712e-01
   8.0624390e-01
   4.9556249e-01
   2.4681152e-01
  -2.0386630e-01
  -1.3702421e-01
  -3.9169088e-01
  -7.0042109e-01
  -1.0338012e+00
  -1.4742476e+00
  -1.8100151e+00
  -2.0409696e+00
  -2.2170858e+00
  -2.3476405e+00
  -2.4409404e+00
  -2.5031991e+00
  -2.5819254e+00
  -2.6686752e+00
  -2.7090762e+00
  -2.6794035e+00
  -2.5399451e+00
  -2.2090709e+00
  -1.7407701e+00
  -1.2040271e+00
  -4.6881074e-01
  -5.2945679e-01
  -1.4548171e-01
  -5.2493013e-02
   9.6786119e-02
   5.2310282e-01
   1.2009869e+00
   3.4371716e-01
  -1.7524744e+00
  -1.2410754e+00
  -1.8406284e-01
   2.8255379e-01
   4.0375075e-01
   3.8594690e-01
   8.3167888e-02
  -3.2368776e-01
  -6.3640855e-01
  -6.0713069e-01
  -5.2783733e-01
  -7.1709332e-01
  -8.8341029e-01
  -1.0575992e+00
  -1.0954972e+00
  -1.0702225e+00
  -1.0195231e+00
  -9.8318863e-01
  -9.7012329e-01
  -9.8783022e-01
  -1.0619252e+00
  -1.1884870e+00
  -1.3927642e+00
  -1.6489387e+00
  -1.8971726e+00
  -2.0835819e+00
  -2.1839757e+00
  -2.2173717e+00
  -2.0644591e+00
  -1.3696229e+00
  -5.8872693e-01
  -1.6716279e-01
   4.5261583e-02
   2.0407957e-01
   4.3616483e-01
   5.4174882e-01
  -1.0762707e+00
  -1.7587524e+00
  -1.3483612e+00
  -6.1868690e-01
  -2.8626000e-01
  -2.9760525e-02
  -5.1280749e-02
  -4.6949524e-01
  -8.0015376e-01
  -1.0829681e+00
  -2.8008619e-01
  -1.9574478e-02
   2.7414316e-01
   4.5920197e-01
   6.0380356e-01
   7.3400924e-01
   9.2955441e-01
   1.1362486e+00
   1.2723909e+00
   1.2930338e+00
   1.1999687e+00
   9.9777067e-01
   6.6060267e-01
   2.3111217e-01
  -2.3184419e-01
  -7.2705296e-01
  -1.2497368e+00
  -1.9600174e+00
  -2.8663548e+00
  -2.2327604e+00
  -4.8375355e-02
  -1.6635921e-01
  -3.2218649e-01
   1.5162918e-01
   2.6346528e-01
   3.4590824e-01
  -6.8122224e-01
  -1.4392032e+00
  -1.9873246e+00
  -1.2620283e+00
  -1.0159756e+00
  -5.8602076e-01
   8.0816155e-02
   1.5226867e-02
  -5.1482791e-01
  -1.7351383e+00
  -6.5762198e-01
  -2.1778682e-01
   2.2393608e-01
   4.5753884e-01
   5.9707451e-01
   7.3108315e-01
   9.9621004e-01
   1.3889163e+00
   1.7725832e+00
   1.9574448e+00
   1.8523266e+00
   1.5214276e+00
   9.8360586e-01
   3.4200820e-01
  -3.4418997e-01
  -1.0988067e+00
  -1.8939590e+00
  -2.7636757e+00
  -3.4957018e+00
  -3.1308310e+00
   2.6172242e-01
  -2.3989320e-01
  -7.7654481e-01
  -4.4538704e-01
  -1.8623830e-01
   9.1042243e-02
   1.2145519e-01
  -1.3405080e+00
  -2.6736157e+00
  -1.9011875e+00
  -1.7326717e+00
  -1.4567099e+00
  -2.3945843e-01
   5.9920287e-01
   6.0702574e-01
  -1.1696321e+00
  -1.1209085e+00
  -8.9783871e-01
  -4.3379354e-01
  -2.4288598e-01
  -2.4596967e-01
  -2.5778940e-01
  -1.5125132e-01
   1.4972658e-01
   5.6165010e-01
   8.4553784e-01
   7.7609509e-01
   4.5876697e-01
  -1.4413930e-02
  -4.9874023e-01
  -9.9129140e-01
  -1.5734735e+00
  -2.2555184e+00
  -3.0786886e+00
  -3.9533758e+00
  -4.4426689e+00
  -9.9776441e-01
  -4.7864544e-01
  -9.7327602e-01
  -5.4401231e-01
  -5.4147512e-02
   1.2350176e-03
   4.1810000e-01
  -2.9595956e-01
  -2.0669267e+00
  -2.2455292e+00
  -2.3322127e+00
  -2.4882660e+00
  -1.2818806e+00
   9.1295636e-01
   2.2432879e-01
  -1.0642235e+00
  -1.4663873e+00
  -1.5314924e+00
  -1.0402598e+00
  -7.3461592e-01
  -8.3334094e-01
  -1.0391433e+00
  -1.1880445e+00
  -1.0786785e+00
  -7.1359372e-01
  -2.5830525e-01
  -9.8156564e-02
  -2.6073182e-01
  -5.7084888e-01
  -8.3557063e-01
  -1.0426694e+00
  -1.3497124e+00
  -1.9166667e+00
  -2.7852883e+00
  -3.9135287e+00
  -5.2641702e+00
  -3.6641440e+00
  -7.8790092e-01
  -2.0631211e+00
  -1.7993745e+00
  -6.5802205e-01
  -5.2577537e-01
  -5.0723737e-01
  -1.0933269e+00
  -1.6621158e+00
  -1.7987288e+00
  -2.3510389e+00
  -3.1852105e+00
  -2.7105780e+00
   5.2253234e-01
   2.4733394e-03
  -8.1698841e-01
  -1.5178725e+00
  -1.8345451e+00
  -1.3867545e+00
  -8.5833335e-01
  -8.6739212e-01
  -1.1967311e+00
  -1.5952809e+00
  -1.6949936e+00
  -1.4301757e+00
  -8.1072325e-01
  -3.1770489e-01
  -2.5664455e-01
  -4.6931434e-01
  -6.4956713e-01
  -7.4260408e-01
  -8.8470203e-01
  -1.3224061e+00
  -2.1854608e+00
  -3.4992011e+00
  -5.1069651e+00
  -5.3191590e+00
  -6.5697128e-01
  -2.9214368e+00
  -2.9880340e+00
  -1.6557989e+00
  -3.6543268e-01
  -1.1500416e-02
  -1.3287414e+00
  -3.4302168e+00
  -1.3481470e+00
  -1.5530018e+00
  -3.3594646e+00
  -4.0963912e+00
   2.9734436e-01
   8.8047937e-02
   3.6660627e-02
  -1.2735760e+00
  -1.7782058e+00
  -1.5440532e+00
  -8.7352782e-01
  -6.6568285e-01
  -1.0009252e+00
  -1.6077681e+00
  -1.9374317e+00
  -1.8405994e+00
  -1.2312130e+00
  -4.8862407e-01
  -1.5734263e-01
  -3.1577376e-01
  -5.2441502e-01
  -6.2760717e-01
  -7.0140773e-01
  -9.3361974e-01
  -1.5929668e+00
  -2.8504760e+00
  -4.5770493e+00
  -5.8046608e+00
  -3.0919832e-01
  -2.2080839e+00
  -3.6614220e+00
  -2.3104362e+00
  -7.0339596e-01
   9.4756663e-01
  -9.5059073e-01
  -4.0367818e+00
  -1.0880797e+00
  -7.6948667e-01
  -3.0474050e+00
  -4.8950424e+00
   1.8831828e-01
   6.1665196e-02
   3.6203420e-01
  -9.0943342e-01
  -1.4038124e+00
  -1.4155129e+00
  -7.8634620e-01
  -3.8469407e-01
  -5.8498353e-01
  -1.2864453e+00
  -1.8345380e+00
  -1.9450271e+00
  -1.5137329e+00
  -7.2762239e-01
  -1.1034768e-01
  -1.2812148e-01
  -3.9707789e-01
  -5.9031218e-01
  -6.7490262e-01
  -7.3834860e-01
  -1.0762306e+00
  -2.0111248e+00
  -3.4653525e+00
  -5.1592698e+00
  -4.8539138e-01
  -8.7023258e-01
  -3.1625178e+00
  -2.8062115e+00
  -1.1407331e+00
   1.7784430e+00
  -2.4694088e-01
  -4.1163473e+00
  -8.1661248e-01
   5.4858118e-01
  -1.4373379e+00
  -4.8365130e+00
  -3.3537203e-01
  -2.9347098e-01
   3.3484823e-01
  -4.4665200e-01
  -1.0338206e+00
  -8.6684120e-01
  -3.6581054e-01
  -1.7097166e-02
  -6.2475584e-02
  -6.6999364e-01
  -1.3174112e+00
  -1.5869560e+00
  -1.3719805e+00
  -7.9731095e-01
  -1.3118967e-01
   4.6375711e-02
  -2.1553011e-01
  -4.9509355e-01
  -6.3194013e-01
  -6.1489451e-01
  -7.3495066e-01
  -1.3171811e+00
  -2.2151380e+00
  -3.9619374e+00
  -1.0558572e+00
  -6.0072649e-02
  -2.0966585e+00
  -2.6780953e+00
  -1.1202531e+00
   4.2166072e-01
  -3.2498392e-01
  -3.5501306e+00
  -5.4724109e-01
   1.0508400e-01
  -1.0455051e-01
  -3.9415073e+00
  -8.1635642e-01
  -6.8583381e-01
  -8.4723691e-03
  -8.7342404e-02
  -9.0028954e-01
  -2.9477519e-01
   3.8743693e-01
   5.1771218e-01
   4.0597561e-01
  -4.4423651e-02
  -6.2150174e-01
  -9.2931360e-01
  -8.1746769e-01
  -4.7740752e-01
  -2.8816240e-02
   1.9183797e-01
  -2.7893554e-02
  -3.4260145e-01
  -5.2553016e-01
  -4.7533932e-01
  -4.7688192e-01
  -8.6558366e-01
  -1.2053026e+00
  -2.6284113e+00
  -1.6700342e+00
   1.7334574e-01
  -1.4684212e+00
  -2.1751318e+00
  -9.2501533e-01
  -4.4380593e-01
  -9.7635406e-01
  -2.0970602e+00
  -3.0556913e-02
  -5.4132068e-01
   9.4211245e-01
  -2.6827338e+00
  -7.5246567e-01
  -4.0761957e-01
  -1.3284187e-01
  -2.6209864e-01
  -1.4153485e+00
  -2.1119373e-01
   8.9310110e-01
   1.1860602e+00
   9.4918072e-01
   5.4558694e-01
   1.3568538e-01
  -3.4634307e-02
   1.6056223e-01
   4.1390812e-01
   5.4324210e-01
   5.6018525e-01
   3.0277616e-01
  -5.7179987e-02
  -2.7598405e-01
  -1.9384448e-01
  -6.7290276e-02
  -3.0101049e-01
  -4.0144347e-02
  -9.6074063e-01
  -1.4191259e+00
   1.9405842e-01
  -8.7481666e-01
  -1.3382145e+00
  -4.2518640e-01
  -7.6136291e-01
  -1.4891328e+00
  -5.9751755e-01
  -4.2749414e-01
  -3.7699994e-01
   9.1742563e-01
  -3.0117139e-01
  -6.6690636e-01
  -2.0770968e-01
  -3.7020028e-01
  -6.8968189e-01
  -1.6212799e+00
  -5.3374636e-01
   4.9843356e-01
   1.0601584e+00
   1.0245841e+00
   7.2076494e-01
   4.5524049e-01
   4.4179341e-01
   8.2199478e-01
   1.2022942e+00
   1.2866427e+00
   1.0908947e+00
   7.0321206e-01
   2.8588340e-01
   4.0474936e-02
   1.4489275e-01
   3.6980784e-01
   2.6780048e-01
   4.9076972e-01
  -4.0895622e-02
  -7.5223154e-01
   2.5516260e-01
  -4.0064836e-01
  -7.5921792e-01
  -1.5723096e-02
  -6.6113871e-01
  -1.1728120e+00
  -3.5354878e-02
  -5.0935769e-01
  -5.9347737e-01
   3.8391878e-01
   5.8425403e-01
  -3.7386291e-02
   4.3398913e-02
  -9.7259291e-02
  -5.1075214e-01
  -1.1259841e+00
  -4.8942560e-01
   2.3713361e-01
   7.2221899e-01
   7.9767078e-01
   6.4397877e-01
   5.2448159e-01
   6.5397406e-01
   1.2100298e+00
   1.7742168e+00
   1.9802333e+00
   1.7220314e+00
   1.2220889e+00
   7.0303482e-01
   4.3388814e-01
   5.3817534e-01
   8.6198252e-01
   1.0359610e+00
   1.2859293e+00
   9.1198158e-01
   3.9880127e-02
   1.9221281e-01
   7.1883887e-02
   6.3741684e-02
   2.5803506e-01
  -2.3560119e-01
   1.9920640e-02
   2.4814233e-02
  -1.4501113e-01
  -4.0439576e-01
  -3.1340307e-01
   4.3012807e-01
   4.0007821e-01
  -2.4917239e-01
  -2.2606739e-01
  -3.4821427e-01
  -4.6752572e-01
  -2.3551475e-01
   1.5288869e-01
   4.1822263e-01
   4.4242504e-01
   3.4050202e-01
   3.0612252e-01
   5.0168276e-01
   1.1031959e+00
   1.7714188e+00
   2.0957484e+00
   1.9245927e+00
   1.4283306e+00
   8.9361763e-01
   6.0586059e-01
   7.0381650e-01
   1.0515883e+00
   1.4646055e+00
   1.6598732e+00
   1.5455177e+00
   9.1048241e-01
   4.4593325e-01
   3.0675536e-01
   2.1076329e-01
   2.0663405e-01
   8.6748198e-02
   2.3988095e-01
   2.3930086e-01
   1.7126516e-02
   1.1258443e-01
  -6.9864371e-01
  -2.6935312e-01
  -3.0867577e-01
  -9.1135031e-01
  -6.0487233e-01
  -4.3701646e-01
  -3.5045570e-01
  -2.6429650e-01
  -1.5657191e-01
  -7.2196350e-02
  -9.3593296e-02
  -1.7828453e-01
  -1.5025719e-01
   8.1147132e-02
   6.4540784e-01
   1.2758082e+00
   1.6537801e+00
   1.6002512e+00
   1.1774179e+00
   7.2361890e-01
   4.6959854e-01
   5.6707746e-01
   9.2271812e-01
   1.4358575e+00
   1.7858897e+00
   1.8666622e+00
   1.4972727e+00
   9.0934825e-01
   5.3132271e-01
   4.0239562e-01
   2.6765436e-01
   5.2188968e-01
   1.4139351e-01
   2.6479235e-01
   1.0801823e-01
   2.8807443e-01
  -5.7760632e-01
  -7.2035268e-01
  -1.1844966e+00
  -1.4280463e+00
  -1.0304945e+00
  -6.9671327e-01
  -5.6986723e-01
  -5.0688899e-01
  -5.6946623e-01
  -6.1715368e-01
  -6.8593431e-01
  -7.5202537e-01
  -7.0536755e-01
  -4.8632941e-01
  -4.4734068e-02
   4.2970052e-01
   7.4451083e-01
   7.8245312e-01
   5.1215592e-01
   1.9451138e-01
   2.6306307e-02
   1.3566399e-01
   4.9371549e-01
   1.0080454e+00
   1.4432250e+00
   1.6686506e+00
   1.5615134e+00
   1.1733129e+00
   7.6708663e-01
   5.2539694e-01
   5.3403083e-01
   5.1995039e-01
   2.2337171e-01
   2.4726951e-01
   4.2224530e-02
   2.7602482e-01
  -8.6753016e-02
  -7.2472626e-01
  -1.7545723e+00
  -1.4862198e+00
  -1.1791116e+00
  -8.9609122e-01
  -8.0074435e-01
  -7.7276832e-01
  -8.6518979e-01
  -1.0189484e+00
  -1.1320077e+00
  -1.1905160e+00
  -1.1494722e+00
  -1.0015942e+00
  -6.9521636e-01
  -3.9913225e-01
  -1.9180647e-01
  -1.5515161e-01
  -2.7301022e-01
  -3.7877429e-01
  -4.4863707e-01
  -3.8397929e-01
  -8.2274824e-02
   3.5330904e-01
   7.8389448e-01
   1.0431736e+00
   1.1254256e+00
   9.7520119e-01
   7.5846696e-01
   6.1419684e-01
   6.0720670e-01
   5.4370582e-01
   4.7313705e-01
   5.2051407e-01
   8.5303807e-01
   1.7958748e-01
   3.4264532e-01
  -6.8403214e-01
  -1.6692994e+00
  -8.8057281e-01
  -8.0362028e-01
  -7.2738922e-01
  -7.4982604e-01
  -7.8539819e-01
  -8.9572620e-01
  -1.0320455e+00
  -1.1802669e+00
  -1.3248202e+00
  -1.3285431e+00
  -1.2328277e+00
  -1.0934449e+00
  -9.0905477e-01
  -7.9680109e-01
  -7.8697562e-01
  -8.4055193e-01
  -8.2622236e-01
  -7.3594588e-01
  -6.2789194e-01
  -4.2190278e-01
  -2.0337476e-01
   4.1574779e-02
   2.2516379e-01
   3.3569404e-01
   3.6139296e-01
   3.2802847e-01
   3.0486414e-01
   2.8455340e-01
   2.6685703e-01
   2.7392119e-01
   4.3943638e-01
   8.4239388e-01
   8.0423844e-01
   6.5876416e-01
  -2.7006617e-01
  -7.7744871e-01
   2.5343370e-01
   1.5806332e-01
   5.7396263e-02
  -6.7373693e-02
  -2.0191044e-01
  -3.4024695e-01
  -4.8659402e-01
  -6.2060654e-01
  -7.2720563e-01
  -7.8832340e-01
  -8.1519359e-01
  -8.2026398e-01
  -8.0415899e-01
  -7.8697824e-01
  -7.7604830e-01
  -7.6373994e-01
  -7.5881493e-01
  -7.1689743e-01
  -6.3919693e-01
  -5.4953021e-01
  -4.5774937e-01
  -3.9694127e-01
  -3.5940507e-01
  -3.1369606e-01
  -2.7095246e-01
  -2.5877500e-01
  -2.3380955e-01
  -1.7013456e-01
  -9.9760167e-02
  -2.5098663e-02
   1.6490091e-01
   4.9473751e-01
   7.6732320e-01
   7.5214684e-01
   5.9135640e-01
   4.0621212e-01
