  0.3798  0.3799  0.3797  0.3791  0.3791  0.3798  0.3802  0.3805  0.3812  0.3820  0.3824  0.3828  0.3832  0.3838  0.3836  0.3833  0.3837  0.3851  0.3849  0.3841  0.3829  0.3809  0.3783  0.3765  0.3740  0.3717  0.3700  0.3689  0.3682  0.3661  0.3660  0.3694  0.3714  0.3746  0.3781  0.3796
  0.3625  0.3639  0.3642  0.3645  0.3647  0.3650  0.3650  0.3649  0.3658  0.3676  0.3677  0.3674  0.3686  0.3690  0.3684  0.3686  0.3679  0.3671  0.3651  0.3622  0.3598  0.3579  0.3545  0.3510  0.3466  0.3453  0.3437  0.3423  0.3374  0.3230  0.3237  0.3461  0.3487  0.3296  0.3456  0.3570
  0.3490  0.3530  0.3548  0.3548  0.3541  0.3547  0.3560  0.3570  0.3579  0.3586  0.3599  0.3593  0.3588  0.3597  0.3595  0.3583  0.3568  0.3551  0.3527  0.3491  0.3458  0.3421  0.3391  0.3356  0.3311  0.3282  0.3270  0.3245  0.3123  0.3135  0.3206  0.3620  0.3789  0.3134  0.3175  0.3399
  0.3360  0.3420  0.3429  0.3432  0.3429  0.3447  0.3473  0.3487  0.3495  0.3512  0.3532  0.3539  0.3533  0.3537  0.3535  0.3511  0.3494  0.3479  0.3450  0.3422  0.3375  0.3316  0.3266  0.3206  0.3111  0.3011  0.2979  0.2998  0.3015  0.2936  0.2868  0.2976  0.3479  0.3213  0.3068  0.3232
  0.3263  0.3306  0.3307  0.3285  0.3283  0.3307  0.3354  0.3378  0.3412  0.3430  0.3451  0.3465  0.3467  0.3470  0.3457  0.3430  0.3403  0.3377  0.3358  0.3338  0.3291  0.3211  0.3156  0.3015  0.2827  0.2761  0.2804  0.2745  0.3162  0.2737  0.2605  0.2540  0.2995  0.3176  0.3039  0.3163
  0.3060  0.3093  0.3091  0.3094  0.3126  0.3184  0.3230  0.3273  0.3313  0.3336  0.3353  0.3364  0.3354  0.3345  0.3334  0.3288  0.3244  0.3219  0.3209  0.3194  0.3167  0.3006  0.2937  0.2741  0.2616  0.2707  0.2555  0.2436  0.2421  0.2405  0.2710  0.2921  0.2669  0.2763  0.2908  0.3031
  0.2730  0.2771  0.2814  0.3000  0.3075  0.3134  0.3164  0.3198  0.3216  0.3222  0.3215  0.3200  0.3173  0.3139  0.3105  0.3033  0.2978  0.2946  0.2943  0.2927  0.2910  0.2681  0.2578  0.2433  0.2615  0.2806  0.2237  0.2125  0.2071  0.2331  0.3095  0.2879  0.2631  0.2399  0.2581  0.2705
  0.2533  0.2619  0.2735  0.3138  0.3211  0.3183  0.3147  0.3123  0.3091  0.3040  0.2992  0.2959  0.2920  0.2867  0.2814  0.2733  0.2679  0.2654  0.2643  0.2614  0.2525  0.2425  0.2187  0.2335  0.2978  0.3238  0.2835  0.2370  0.1859  0.1987  0.2878  0.3111  0.2924  0.2171  0.2262  0.2374
  0.2512  0.2876  0.2979  0.3012  0.3094  0.2972  0.2871  0.2811  0.2746  0.2665  0.2626  0.2623  0.2619  0.2607  0.2568  0.2494  0.2447  0.2414  0.2364  0.2301  0.2192  0.2119  0.1835  0.2320  0.3273  0.3221  0.3164  0.2707  0.3059  0.2051  0.2431  0.3145  0.3240  0.2500  0.2083  0.2262
  0.2537  0.2874  0.2938  0.2711  0.2674  0.2591  0.2555  0.2518  0.2444  0.2394  0.2400  0.2446  0.2497  0.2527  0.2466  0.2388  0.2345  0.2293  0.2217  0.2133  0.2039  0.1881  0.1624  0.2622  0.3231  0.3172  0.3142  0.3232  0.2681  0.2273  0.2227  0.3167  0.3192  0.2165  0.1953  0.2532
  0.2595  0.2352  0.2377  0.2358  0.2293  0.2337  0.2348  0.2304  0.2268  0.2283  0.2320  0.2390  0.2463  0.2473  0.2367  0.2285  0.2248  0.2180  0.2087  0.1996  0.1930  0.1799  0.1387  0.2804  0.3184  0.3132  0.3151  0.3220  0.2583  0.2605  0.1568  0.3109  0.3009  0.1818  0.1829  0.2362
  0.2609  0.2178  0.2176  0.2214  0.2230  0.2277  0.2249  0.2220  0.2243  0.2296  0.2342  0.2411  0.2447  0.2390  0.2259  0.2189  0.2168  0.2104  0.2000  0.1913  0.1861  0.1678  0.1257  0.2790  0.3146  0.3130  0.3165  0.3206  0.3007  0.3083  0.1840  0.2625  0.2505  0.2089  0.1894  0.2339
  0.2535  0.2120  0.2165  0.2200  0.2261  0.2251  0.2201  0.2215  0.2281  0.2348  0.2404  0.2434  0.2387  0.2254  0.2132  0.2086  0.2087  0.2024  0.1915  0.1878  0.1857  0.1598  0.1250  0.2780  0.3129  0.3128  0.3159  0.3151  0.3146  0.2998  0.1799  0.2594  0.2043  0.2173  0.2050  0.2466
  0.2683  0.2379  0.2290  0.2330  0.2326  0.2265  0.2246  0.2310  0.2400  0.2469  0.2510  0.2489  0.2355  0.2161  0.2020  0.1974  0.1987  0.1939  0.1899  0.2014  0.2089  0.1688  0.1751  0.3108  0.3116  0.3109  0.3109  0.3059  0.3061  0.3115  0.3114  0.1897  0.2297  0.2367  0.2142  0.2265
  0.2910  0.2602  0.2451  0.2450  0.2387  0.2332  0.2357  0.2443  0.2538  0.2603  0.2637  0.2592  0.2447  0.2237  0.2063  0.1985  0.1987  0.1985  0.2026  0.2180  0.2300  0.1847  0.2159  0.2941  0.2717  0.2804  0.2560  0.2577  0.2616  0.2863  0.2624  0.2066  0.2370  0.2431  0.2219  0.2312
  0.2392  0.2548  0.2593  0.2523  0.2431  0.2402  0.2450  0.2529  0.2604  0.2645  0.2659  0.2629  0.2545  0.2383  0.2228  0.2147  0.2138  0.2171  0.2237  0.2332  0.2432  0.1936  0.2305  0.2255  0.2177  0.2289  0.2275  0.2610  0.2453  0.2007  0.1973  0.2324  0.2486  0.2487  0.2342  0.2305
  0.2262  0.2682  0.2541  0.2403  0.2266  0.2214  0.2223  0.2250  0.2252  0.2207  0.2138  0.2078  0.2053  0.2009  0.1986  0.2028  0.2150  0.2288  0.2366  0.2451  0.2482  0.2006  0.2356  0.2483  0.2208  0.2398  0.2426  0.2952  0.2185  0.1854  0.2228  0.2428  0.2482  0.2434  0.2270  0.2140
  0.2434  0.2568  0.2375  0.2160  0.1933  0.1799  0.1741  0.1725  0.1676  0.1601  0.1543  0.1514  0.1514  0.1486  0.1485  0.1565  0.1725  0.1914  0.2099  0.2340  0.2408  0.2084  0.2094  0.2266  0.2221  0.2312  0.2373  0.2507  0.2132  0.1988  0.2331  0.2439  0.2469  0.2391  0.2273  0.2272
  0.2539  0.2529  0.2353  0.2132  0.1866  0.1681  0.1579  0.1546  0.1508  0.1472  0.1463  0.1471  0.1484  0.1457  0.1469  0.1561  0.1742  0.1934  0.2111  0.2334  0.2482  0.2514  0.2552  0.2515  0.2284  0.2263  0.2381  0.2428  0.1897  0.2099  0.2422  0.2475  0.2491  0.2430  0.2385  0.2435
  0.2610  0.2565  0.2479  0.2376  0.2216  0.2077  0.1964  0.1907  0.1861  0.1819  0.1801  0.1811  0.1846  0.1879  0.1970  0.2127  0.2317  0.2451  0.2521  0.2549  0.2496  0.2853  0.2871  0.2549  0.2368  0.2613  0.3025  0.2908  0.1952  0.2193  0.2402  0.2445  0.2474  0.2482  0.2520  0.2574
  0.2767  0.2665  0.2587  0.2549  0.2516  0.2497  0.2475  0.2467  0.2460  0.2466  0.2481  0.2509  0.2558  0.2575  0.2577  0.2587  0.2614  0.2615  0.2580  0.2514  0.2302  0.2561  0.2606  0.2360  0.2266  0.2484  0.3157  0.3178  0.2066  0.2187  0.2328  0.2431  0.2503  0.2558  0.2610  0.2616
  0.2684  0.2724  0.2643  0.2589  0.2550  0.2544  0.2568  0.2609  0.2630  0.2659  0.2699  0.2725  0.2735  0.2678  0.2597  0.2511  0.2442  0.2375  0.2331  0.2283  0.2092  0.2174  0.2402  0.2310  0.2222  0.2563  0.3158  0.2970  0.2123  0.2259  0.2418  0.2483  0.2542  0.2604  0.2657  0.2628
  0.2538  0.2601  0.2581  0.2512  0.2456  0.2443  0.2470  0.2524  0.2561  0.2596  0.2631  0.2658  0.2671  0.2604  0.2487  0.2355  0.2233  0.2122  0.2088  0.2061  0.1865  0.1958  0.2147  0.2208  0.2181  0.2242  0.2757  0.2890  0.2152  0.2370  0.2457  0.2471  0.2503  0.2541  0.2599  0.2572
  0.2317  0.2339  0.2356  0.2310  0.2271  0.2268  0.2305  0.2357  0.2401  0.2446  0.2482  0.2531  0.2564  0.2537  0.2421  0.2283  0.2159  0.2034  0.1970  0.1925  0.1718  0.2401  0.1942  0.2084  0.2254  0.2186  0.2214  0.2285  0.2210  0.2465  0.2553  0.2364  0.2332  0.2331  0.2369  0.2394
  0.2154  0.2154  0.2176  0.2160  0.2146  0.2153  0.2203  0.2256  0.2303  0.2338  0.2378  0.2432  0.2481  0.2496  0.2414  0.2313  0.2220  0.2101  0.2004  0.1919  0.1688  0.2156  0.1566  0.1924  0.2292  0.2480  0.2445  0.2190  0.2251  0.2178  0.2446  0.2235  0.2141  0.2131  0.2164  0.2162
  0.2052  0.2070  0.2122  0.2095  0.2101  0.2112  0.2159  0.2219  0.2273  0.2310  0.2342  0.2392  0.2447  0.2492  0.2457  0.2403  0.2333  0.2235  0.2120  0.2002  0.1770  0.1686  0.2589  0.2571  0.1513  0.2885  0.2696  0.2199  0.2236  0.2230  0.2230  0.2208  0.2085  0.2051  0.2059  0.2080
  0.2112  0.2028  0.2178  0.2118  0.2141  0.2154  0.2185  0.2243  0.2296  0.2345  0.2384  0.2423  0.2465  0.2525  0.2545  0.2536  0.2503  0.2426  0.2311  0.2157  0.1858  0.1841  0.2879  0.2989  0.2296  0.2688  0.3172  0.2957  0.2354  0.2248  0.2187  0.2311  0.2197  0.2094  0.2076  0.2089
  0.2227  0.2187  0.2305  0.2222  0.2237  0.2238  0.2248  0.2292  0.2343  0.2398  0.2442  0.2475  0.2504  0.2552  0.2591  0.2617  0.2604  0.2559  0.2480  0.2332  0.2193  0.2435  0.2613  0.2670  0.2663  0.3120  0.3192  0.3209  0.2861  0.2222  0.2135  0.2401  0.2370  0.2246  0.2202  0.2248
  0.2574  0.2502  0.2637  0.2481  0.2444  0.2387  0.2357  0.2380  0.2444  0.2495  0.2532  0.2558  0.2577  0.2598  0.2632  0.2663  0.2672  0.2665  0.2629  0.2536  0.2345  0.2462  0.2448  0.2437  0.2540  0.3156  0.3267  0.3269  0.3226  0.2465  0.2054  0.2387  0.2670  0.2613  0.2501  0.2410
  0.2816  0.2764  0.2788  0.2537  0.2551  0.2562  0.2502  0.2505  0.2562  0.2622  0.2666  0.2696  0.2707  0.2727  0.2754  0.2766  0.2767  0.2764  0.2731  0.2660  0.2570  0.2574  0.2633  0.2538  0.2607  0.2657  0.2996  0.3133  0.3112  0.2517  0.2275  0.2470  0.2829  0.2890  0.2828  0.2713
  0.3002  0.2948  0.2772  0.2800  0.2489  0.2674  0.2684  0.2708  0.2765  0.2831  0.2870  0.2903  0.2918  0.2934  0.2961  0.2962  0.2937  0.2912  0.2870  0.2785  0.2724  0.2733  0.2749  0.2562  0.2692  0.2548  0.2542  0.2531  0.2609  0.2481  0.2523  0.2532  0.3006  0.3109  0.3104  0.3030
  0.3156  0.2899  0.2885  0.3099  0.2721  0.2835  0.3014  0.3049  0.3114  0.3161  0.3165  0.3166  0.3162  0.3159  0.3170  0.3170  0.3138  0.3093  0.3015  0.2903  0.3062  0.2849  0.2621  0.2634  0.2529  0.2531  0.2576  0.2606  0.2619  0.2617  0.2574  0.2848  0.3230  0.3383  0.3298  0.3186
  0.2956  0.3028  0.2973  0.3011  0.3073  0.3253  0.3485  0.3505  0.3516  0.3495  0.3458  0.3424  0.3398  0.3372  0.3360  0.3350  0.3311  0.3260  0.3107  0.3024  0.3158  0.2823  0.2511  0.2475  0.2484  0.2633  0.2723  0.2873  0.2762  0.2742  0.2821  0.3341  0.3416  0.3484  0.3367  0.3226
  0.3722  0.3625  0.3714  0.3848  0.3284  0.3642  0.3714  0.3638  0.3703  0.3728  0.3685  0.3639  0.3616  0.3584  0.3562  0.3536  0.3496  0.3422  0.3148  0.3136  0.3078  0.2845  0.3005  0.2918  0.3462  0.3585  0.3948  0.3964  0.3870  0.3752  0.3800  0.3862  0.3448  0.3252  0.3744  0.3937
  0.6319  0.6326  0.6334  0.6325  0.5935  0.5301  0.4090  0.3665  0.3794  0.3847  0.3855  0.3815  0.3812  0.3789  0.3767  0.3753  0.3704  0.3594  0.3287  0.3340  0.3345  0.3894  0.4227  0.4704  0.6204  0.6234  0.6353  0.6393  0.6284  0.6241  0.6194  0.5898  0.4774  0.4872  0.5934  0.6289
  0.6468  0.6478  0.6480  0.6486  0.6474  0.6320  0.4622  0.4242  0.4322  0.4405  0.4407  0.4436  0.4435  0.4427  0.4418  0.4426  0.4428  0.4363  0.4725  0.5114  0.5313  0.5452  0.5420  0.5186  0.5233  0.5420  0.5740  0.5938  0.6078  0.6290  0.6127  0.6226  0.6096  0.5969  0.5991  0.6347
