  0.3667  0.3671  0.3756  0.3583  0.3903  0.3985  0.4077  0.4114  0.4226  0.4292  0.4173  0.4354  0.4390  0.4328  0.3922  0.3635  0.3584  0.3501  0.3550  0.3752  0.3823  0.3629  0.3531  0.3733  0.3680  0.4317  0.4257  0.4054  0.4438  0.4423  0.4253  0.4176  0.4024  0.3795  0.3656  0.3532
  0.3040  0.3002  0.3095  0.3280  0.3277  0.3180  0.3371  0.3385  0.3279  0.3205  0.3322  0.3339  0.3323  0.3173  0.3004  0.3038  0.3100  0.3132  0.3138  0.3216  0.3488  0.3359  0.3412  0.3422  0.3519  0.3403  0.3455  0.3362  0.3291  0.3375  0.3285  0.3259  0.3124  0.3043  0.3029  0.3113
  0.2831  0.3040  0.3090  0.3327  0.3375  0.3302  0.3372  0.3402  0.3470  0.3385  0.3352  0.3234  0.3295  0.3381  0.2983  0.2857  0.2938  0.2970  0.3025  0.3103  0.3332  0.3187  0.3407  0.3323  0.3223  0.3049  0.3075  0.2935  0.2901  0.2925  0.2926  0.2954  0.2848  0.2821  0.2774  0.2782
  0.2764  0.2897  0.2998  0.3163  0.3175  0.3358  0.3460  0.3521  0.3573  0.3541  0.3430  0.3311  0.3154  0.3208  0.3214  0.2745  0.2686  0.2820  0.2933  0.3126  0.3244  0.3257  0.3422  0.3437  0.3159  0.3006  0.2756  0.2748  0.2729  0.2702  0.2675  0.2731  0.2671  0.2771  0.2783  0.2959
  0.2776  0.2790  0.2849  0.3123  0.3276  0.3479  0.3543  0.3562  0.3548  0.3506  0.3425  0.3307  0.3154  0.2887  0.3088  0.2768  0.2575  0.2641  0.2787  0.2986  0.3054  0.3091  0.3375  0.3336  0.2960  0.2825  0.2852  0.2747  0.2693  0.2590  0.2629  0.2799  0.2840  0.2902  0.2855  0.2788
  0.2591  0.2818  0.2911  0.3026  0.3270  0.3465  0.3503  0.3462  0.3412  0.3351  0.3278  0.3177  0.3027  0.2782  0.3095  0.2744  0.2550  0.2524  0.2677  0.2799  0.2950  0.3198  0.3213  0.3110  0.2787  0.2850  0.2577  0.2631  0.2569  0.2520  0.2834  0.3264  0.3129  0.2805  0.3098  0.3113
  0.2515  0.2590  0.2782  0.2968  0.3256  0.3354  0.3343  0.3284  0.3237  0.3174  0.3102  0.3019  0.2872  0.2571  0.2563  0.2561  0.2433  0.2463  0.2621  0.2471  0.2897  0.3034  0.2970  0.2839  0.2525  0.2593  0.2028  0.2408  0.2457  0.2529  0.3086  0.3233  0.3050  0.3031  0.3244  0.3278
  0.2376  0.2408  0.2738  0.3055  0.3296  0.3269  0.3205  0.3146  0.3084  0.2995  0.2916  0.2826  0.2667  0.2396  0.2489  0.2515  0.2468  0.2451  0.2492  0.2426  0.2732  0.2722  0.2652  0.2523  0.2210  0.2299  0.2349  0.1964  0.2047  0.2505  0.3280  0.3178  0.3225  0.3265  0.3257  0.3226
  0.2351  0.2464  0.2705  0.3178  0.3144  0.3031  0.2945  0.2868  0.2776  0.2684  0.2606  0.2525  0.2404  0.2203  0.1997  0.2556  0.2484  0.2234  0.2143  0.2361  0.2386  0.2348  0.2307  0.2193  0.2264  0.2566  0.2962  0.2095  0.1864  0.2951  0.3208  0.3196  0.3230  0.3227  0.3213  0.3200
  0.2476  0.2720  0.2855  0.2981  0.2858  0.2740  0.2639  0.2546  0.2463  0.2410  0.2369  0.2332  0.2272  0.2148  0.1913  0.2436  0.2418  0.1987  0.2043  0.2176  0.2151  0.2145  0.2132  0.1979  0.2154  0.2691  0.3139  0.2879  0.2705  0.3082  0.3180  0.3205  0.3133  0.2916  0.3081  0.3131
  0.2713  0.2838  0.2877  0.2700  0.2566  0.2425  0.2321  0.2251  0.2205  0.2197  0.2200  0.2214  0.2234  0.2200  0.2004  0.1942  0.2387  0.1796  0.2034  0.1982  0.1973  0.2006  0.2011  0.1802  0.2505  0.2760  0.2921  0.3135  0.3129  0.3141  0.2954  0.2747  0.2475  0.2653  0.2816  0.2664
  0.2675  0.2602  0.2711  0.2558  0.2387  0.2241  0.2162  0.2119  0.2092  0.2095  0.2116  0.2176  0.2268  0.2289  0.2110  0.1911  0.2403  0.2003  0.1890  0.1873  0.1907  0.1965  0.1960  0.1790  0.2396  0.2353  0.2284  0.2736  0.3054  0.2804  0.2785  0.2340  0.2533  0.3168  0.3181  0.2918
  0.2463  0.2504  0.2581  0.2450  0.2260  0.2143  0.2081  0.2035  0.2003  0.2007  0.2061  0.2175  0.2313  0.2345  0.2186  0.1925  0.2266  0.2511  0.1805  0.1825  0.1906  0.1995  0.2003  0.1757  0.2144  0.2358  0.2455  0.2287  0.2524  0.2315  0.2515  0.2278  0.2840  0.3225  0.3692  0.2720
  0.2628  0.2480  0.2501  0.2355  0.2209  0.2139  0.2105  0.2068  0.2043  0.2062  0.2148  0.2272  0.2405  0.2428  0.2278  0.2069  0.2019  0.2443  0.1777  0.1819  0.1976  0.2167  0.2222  0.1972  0.2374  0.2561  0.2588  0.2383  0.2287  0.2317  0.2480  0.2124  0.2574  0.3111  0.3374  0.2770
  0.2593  0.2486  0.2460  0.2365  0.2272  0.2249  0.2264  0.2294  0.2324  0.2376  0.2479  0.2587  0.2672  0.2628  0.2426  0.2164  0.1970  0.2156  0.1735  0.1785  0.1948  0.2281  0.2385  0.2164  0.2464  0.2627  0.2580  0.2433  0.2292  0.2402  0.2461  0.1918  0.2305  0.3040  0.3162  0.2837
  0.2711  0.2562  0.2555  0.2437  0.2401  0.2415  0.2457  0.2521  0.2577  0.2652  0.2776  0.2898  0.2974  0.2910  0.2679  0.2403  0.2225  0.2240  0.2098  0.2401  0.2423  0.2212  0.2330  0.2242  0.2763  0.2707  0.2628  0.2394  0.2378  0.2489  0.2411  0.1950  0.2230  0.2944  0.2576  0.2432
  0.2769  0.3093  0.2523  0.2293  0.2261  0.2280  0.2301  0.2321  0.2327  0.2368  0.2484  0.2629  0.2757  0.2775  0.2712  0.2686  0.2732  0.2822  0.2956  0.2672  0.2569  0.2173  0.2289  0.2469  0.2742  0.2653  0.2607  0.2439  0.2457  0.2705  0.2532  0.2024  0.2218  0.2599  0.2201  0.2180
  0.3036  0.3074  0.2281  0.1926  0.1795  0.1752  0.1731  0.1732  0.1738  0.1766  0.1851  0.1963  0.2071  0.2108  0.2200  0.2432  0.2791  0.3070  0.3184  0.2802  0.2531  0.2248  0.2210  0.2480  0.2417  0.2225  0.2433  0.2467  0.2497  0.3085  0.2196  0.2009  0.2131  0.2154  0.2122  0.2251
  0.2792  0.3073  0.2273  0.1928  0.1730  0.1645  0.1619  0.1637  0.1653  0.1668  0.1724  0.1801  0.1890  0.1961  0.2108  0.2321  0.2638  0.2817  0.3181  0.2727  0.2526  0.2307  0.2056  0.2359  0.2307  0.2194  0.2511  0.2488  0.2532  0.3009  0.1910  0.2017  0.2112  0.2071  0.2317  0.2374
  0.2607  0.3039  0.2513  0.2333  0.2218  0.2152  0.2134  0.2143  0.2127  0.2093  0.2090  0.2113  0.2171  0.2269  0.2443  0.2573  0.2636  0.2524  0.2902  0.2536  0.2491  0.2385  0.2247  0.2349  0.2378  0.2276  0.2375  0.2447  0.2522  0.2666  0.1902  0.2236  0.2297  0.2359  0.2579  0.2487
  0.2320  0.2470  0.2548  0.2617  0.2588  0.2569  0.2558  0.2544  0.2474  0.2340  0.2211  0.2134  0.2134  0.2211  0.2364  0.2498  0.2575  0.2417  0.2403  0.2481  0.2474  0.2435  0.2428  0.2302  0.2391  0.2233  0.2218  0.2372  0.2469  0.2626  0.2087  0.2368  0.2438  0.2524  0.2642  0.2531
  0.2315  0.2334  0.2584  0.2661  0.2664  0.2624  0.2565  0.2495  0.2389  0.2233  0.2108  0.2030  0.2000  0.2012  0.2092  0.2233  0.2394  0.2318  0.2228  0.2734  0.2573  0.2445  0.2596  0.2202  0.2300  0.2098  0.2019  0.2550  0.2371  0.2387  0.2175  0.2337  0.2382  0.2423  0.2499  0.2467
  0.2290  0.2327  0.2460  0.2513  0.2595  0.2583  0.2517  0.2435  0.2318  0.2172  0.2081  0.2030  0.1979  0.1928  0.1933  0.2017  0.2159  0.2131  0.2119  0.2801  0.2730  0.2584  0.2551  0.2128  0.2132  0.1938  0.1840  0.2361  0.2451  0.2381  0.2164  0.2259  0.2285  0.2288  0.2344  0.2348
  0.2223  0.2203  0.2239  0.2625  0.2540  0.2533  0.2516  0.2478  0.2396  0.2252  0.2149  0.2106  0.2056  0.1977  0.1926  0.1938  0.2006  0.2009  0.1925  0.2824  0.2699  0.2807  0.2533  0.2118  0.2057  0.1858  0.1779  0.2254  0.2418  0.2280  0.2354  0.2180  0.2179  0.2173  0.2238  0.2272
  0.2132  0.2064  0.2087  0.2569  0.2466  0.2487  0.2502  0.2510  0.2488  0.2372  0.2251  0.2190  0.2134  0.2059  0.1993  0.1977  0.2015  0.2023  0.1921  0.2458  0.2521  0.2837  0.2604  0.2223  0.2106  0.1901  0.1701  0.2325  0.2447  0.2176  0.2474  0.2107  0.2118  0.2104  0.2157  0.2198
  0.1974  0.1891  0.2004  0.2288  0.2436  0.2457  0.2471  0.2507  0.2531  0.2466  0.2372  0.2305  0.2227  0.2151  0.2078  0.2039  0.2060  0.2070  0.1978  0.2471  0.2435  0.2752  0.2528  0.2359  0.2175  0.1977  0.1665  0.2542  0.2465  0.2111  0.2205  0.2136  0.2107  0.2081  0.2105  0.2102
  0.1809  0.1816  0.2142  0.2284  0.2336  0.2476  0.2468  0.2506  0.2553  0.2542  0.2496  0.2449  0.2382  0.2305  0.2229  0.2167  0.2139  0.2140  0.1974  0.2357  0.2310  0.2558  0.2553  0.2520  0.2304  0.2103  0.1718  0.2687  0.2554  0.2220  0.2215  0.2270  0.2214  0.2163  0.2149  0.2063
  0.1781  0.1989  0.2258  0.2297  0.2294  0.2540  0.2553  0.2553  0.2575  0.2583  0.2573  0.2555  0.2530  0.2472  0.2406  0.2342  0.2279  0.2244  0.2006  0.2275  0.2305  0.2384  0.2601  0.2623  0.2462  0.2261  0.1853  0.2416  0.2558  0.2367  0.2402  0.2419  0.2394  0.2333  0.2285  0.2128
  0.2140  0.2310  0.2383  0.2370  0.2383  0.2499  0.2748  0.2767  0.2723  0.2671  0.2669  0.2662  0.2661  0.2660  0.2642  0.2608  0.2549  0.2477  0.2210  0.2353  0.2313  0.2300  0.2642  0.2738  0.2692  0.2548  0.2271  0.2493  0.2392  0.2538  0.2540  0.2601  0.2638  0.2606  0.2552  0.2364
  0.2642  0.2563  0.2568  0.2468  0.2589  0.2454  0.2797  0.2895  0.2888  0.2837  0.2821  0.2812  0.2808  0.2822  0.2843  0.2843  0.2808  0.2735  0.2507  0.2774  0.2400  0.2363  0.2742  0.2885  0.2910  0.2855  0.2678  0.2509  0.2508  0.2712  0.2736  0.2770  0.2819  0.2839  0.2802  0.2666
  0.3068  0.2837  0.2699  0.2674  0.2839  0.2547  0.2926  0.3033  0.2966  0.3048  0.3059  0.3069  0.3039  0.3043  0.3065  0.3099  0.3087  0.3040  0.2888  0.3327  0.2333  0.2588  0.3012  0.3144  0.3169  0.3178  0.3093  0.2929  0.2843  0.2845  0.2928  0.2966  0.3014  0.3074  0.3052  0.2973
  0.3332  0.3040  0.2929  0.3073  0.3160  0.2773  0.3105  0.3334  0.3174  0.3200  0.3311  0.3324  0.3272  0.3254  0.3294  0.3331  0.3328  0.3317  0.3309  0.3795  0.2555  0.2949  0.3382  0.3444  0.3437  0.3442  0.3407  0.3343  0.3271  0.3234  0.3251  0.3262  0.3297  0.3363  0.3324  0.3270
  0.3454  0.3358  0.3301  0.3312  0.3372  0.3167  0.3372  0.3447  0.3414  0.3428  0.3497  0.3494  0.3416  0.3401  0.3447  0.3487  0.3488  0.3486  0.3485  0.3803  0.3091  0.3340  0.3632  0.3657  0.3648  0.3640  0.3609  0.3566  0.3518  0.3477  0.3468  0.3483  0.3527  0.3600  0.3569  0.3526
  0.3717  0.3726  0.3710  0.3678  0.3671  0.3568  0.3596  0.3560  0.3543  0.3596  0.3585  0.3544  0.3485  0.3501  0.3547  0.3582  0.3604  0.3620  0.3654  0.3702  0.3631  0.3739  0.3819  0.3809  0.3790  0.3766  0.3733  0.3680  0.3633  0.3618  0.3603  0.3640  0.3653  0.3684  0.3702  0.3710
  0.5102  0.5050  0.4982  0.4386  0.3821  0.4028  0.3783  0.3754  0.3723  0.3711  0.3715  0.3734  0.3766  0.3810  0.3810  0.3819  0.3817  0.3836  0.3829  0.4655  0.3869  0.3910  0.3914  0.3828  0.3730  0.3607  0.3821  0.4172  0.4081  0.4004  0.4544  0.4996  0.4504  0.4232  0.4866  0.5126
  0.6569  0.6546  0.6449  0.5224  0.5287  0.6050  0.4691  0.4443  0.4465  0.4520  0.4493  0.4720  0.4783  0.5162  0.4857  0.4547  0.4573  0.4731  0.4726  0.5128  0.4331  0.4279  0.4036  0.4975  0.5705  0.6269  0.6355  0.6473  0.6494  0.6514  0.6528  0.6536  0.6535  0.6538  0.6558  0.6569
