  -2.0826142e+00
  -8.0476874e-01
   5.2200794e-01
  -4.7004023e-01
  -3.2814949e+00
  -3.1626017e+00
  -2.9030681e+00
  -3.8717477e+00
  -4.3609953e+00
  -4.4450321e+00
  -4.5250802e+00
  -4.6009684e+00
  -4.4721174e+00
  -4.3448133e+00
  -4.4420848e+00
  -4.7026701e+00
  -4.9609551e+00
  -4.9281511e+00
  -4.5449076e+00
  -4.3391051e+00
  -4.3299098e+00
  -4.5786352e+00
  -5.2765179e+00
  -6.8444471e+00
  -8.0515404e+00
  -7.8386464e+00
  -6.7906013e+00
  -6.2835121e+00
  -5.8537617e+00
  -5.4907508e+00
  -5.0168276e+00
  -4.4023438e+00
  -4.2734561e+00
  -4.7472234e+00
  -4.3793221e+00
  -3.2376862e+00
  -6.6810737e+00
  -5.6742096e+00
  -3.6235032e+00
  -9.4746453e-01
  -4.9056962e-02
   3.2310104e-01
   4.9226296e-01
   5.4716241e-01
   5.8282948e-01
   6.3541293e-01
   5.4948509e-01
   3.7803996e-01
   2.3213598e-01
   1.7818928e-01
   7.5044319e-02
  -2.1208726e-02
  -9.9131949e-02
  -1.4372370e-01
  -9.8404534e-02
  -8.8037588e-02
   1.6054916e-01
   1.7995569e-01
  -4.9472414e-02
  -5.5237824e-01
  -1.3848011e+00
  -2.5503242e+00
  -3.7645125e+00
  -4.5463820e+00
  -4.6312399e+00
  -5.2316270e+00
  -5.2979789e+00
  -5.4282169e+00
  -4.6560721e+00
  -5.7792306e+00
  -6.6138415e+00
  -7.0598249e+00
   6.3267279e-01
   8.6406332e-01
   1.3255943e+00
   1.9152706e+00
   2.1846774e+00
   2.7463942e+00
   3.1038547e+00
   3.0767164e+00
   3.1441817e+00
   3.4963715e+00
   3.7193050e+00
   3.6008630e+00
   3.2827127e+00
   3.1539109e+00
   3.1209233e+00
   3.1320932e+00
   3.1540546e+00
   3.1905320e+00
   3.2959175e+00
   3.3439374e+00
   3.2918246e+00
   2.9932344e+00
   2.8785353e+00
   2.4327893e+00
   1.9864656e+00
   1.6911021e+00
   1.5482265e+00
   1.5266469e+00
   1.6211536e+00
   1.5847144e+00
   1.3255346e+00
   1.1424779e+00
   1.0451111e+00
   9.8251015e-01
   7.5934511e-01
   5.7403386e-01
   4.2423396e+00
   4.3251748e+00
   4.2720141e+00
   4.2485619e+00
   3.2135112e+00
   3.9628310e+00
   4.2162213e+00
   4.3406963e+00
   3.9449501e+00
   4.4346085e+00
   4.9358768e+00
   5.3470073e+00
   5.2589355e+00
   5.1886740e+00
   5.2464981e+00
   5.3151722e+00
   5.3825407e+00
   5.3777766e+00
   5.2843390e+00
   3.4213045e+00
   4.7680554e+00
   4.6183300e+00
   4.7318459e+00
   4.4398355e+00
   4.1552367e+00
   4.0704851e+00
   4.1273651e+00
   4.2455292e+00
   4.4170604e+00
   4.4693027e+00
   4.4043369e+00
   4.2876654e+00
   4.0599566e+00
   4.0622702e+00
   4.0469995e+00
   4.0558214e+00
   4.4367762e+00
   3.0300016e+00
   2.6126297e+00
   2.2097087e+00
   1.8205379e+00
   3.2927213e+00
   4.0564957e+00
   3.9536078e+00
   3.1934044e+00
   4.4443774e+00
   4.9089928e+00
   5.4985328e+00
   5.7230358e+00
   5.8541574e+00
   6.0207963e+00
   6.1472087e+00
   6.1831570e+00
   6.0773382e+00
   5.5240130e+00
   2.3476651e+00
   4.0212407e+00
   4.7969666e+00
   5.4055686e+00
   5.4560404e+00
   5.3783398e+00
   5.4372721e+00
   5.5703912e+00
   5.6253996e+00
   5.5589695e+00
   5.3833899e+00
   5.3470526e+00
   5.3497801e+00
   5.3687549e+00
   5.5441227e+00
   5.5467601e+00
   5.4715085e+00
   2.7406000e+00
   1.4000787e+00
   1.2053673e+00
   9.7510010e-01
   1.1704909e+00
   2.4817862e+00
   3.3704752e+00
   3.6221070e+00
   4.0040076e+00
   4.1245556e+00
   4.3551386e+00
   4.8076766e+00
   5.0779787e+00
   5.3044065e+00
   5.5214303e+00
   5.6997759e+00
   5.7670916e+00
   5.6368235e+00
   5.0319082e+00
   2.7925877e+00
   3.0942070e+00
   3.8738844e+00
   4.8141487e+00
   5.3534296e+00
   5.6380970e+00
   5.8547643e+00
   5.7961987e+00
   5.3814351e+00
   4.8759225e+00
   4.4619892e+00
   4.6194783e+00
   4.9159024e+00
   5.2620996e+00
   5.5946910e+00
   5.6613158e+00
   5.3954566e+00
   1.5594472e+00
   7.5122535e-01
   7.7773184e-01
   7.5537288e-01
   8.4260511e-01
   1.8582863e+00
   2.4451766e+00
   2.7159076e+00
   3.0310781e+00
   3.1496971e+00
   3.2560821e+00
   3.5183468e+00
   3.7475672e+00
   3.9884624e+00
   4.2426805e+00
   4.4379063e+00
   4.5241261e+00
   4.3611174e+00
   3.5037336e+00
   1.6334909e+00
   6.3063484e-01
   1.9527535e+00
   3.2332659e+00
   4.3361049e+00
   4.9479651e+00
   5.2036886e+00
   4.7203169e+00
   3.6964691e+00
   3.2792859e+00
   3.0078862e+00
   3.1389220e+00
   3.5661354e+00
   4.1452513e+00
   4.6048546e+00
   4.7444816e+00
   4.3133831e+00
   1.6180999e+00
   3.6634305e-01
   1.5180285e-01
   2.5280759e-01
   5.1995778e-01
   1.4901944e+00
   1.4924893e+00
   1.6873986e+00
   1.7155182e+00
   1.5756530e+00
   1.5213790e+00
   1.5997094e+00
   1.8044811e+00
   2.0340776e+00
   2.2921977e+00
   2.4956829e+00
   2.5497692e+00
   2.2714939e+00
   1.4936532e+00
   6.8224120e-01
  -3.6953747e-01
  -1.5925116e-01
   1.1865222e+00
   2.5240631e+00
   3.2731551e+00
   3.3294542e+00
   2.2322273e+00
   7.8077551e-01
   6.6173649e-01
   1.2822649e+00
   1.2671724e+00
   1.6904734e+00
   2.2904565e+00
   2.6800484e+00
   2.7773557e+00
   2.4728708e+00
   1.4763511e+00
   6.9239080e-01
  -1.7467654e-01
  -2.5185850e-01
   8.6898632e-02
   5.4616392e-01
   4.8964590e-01
   3.9745146e-01
   2.0779948e-01
   2.1263160e-02
  -9.7336352e-02
  -5.0976537e-02
   8.1739306e-02
   2.5691012e-01
   4.6870470e-01
   6.1922777e-01
   5.7996118e-01
   2.6017109e-01
  -1.7424864e-01
   1.5566115e-01
  -8.1371546e-01
  -1.0421898e+00
  -3.3600992e-01
   9.3639421e-01
   1.4686756e+00
   1.2216600e+00
   2.5495857e-02
  -1.7251676e-01
   1.7702989e-03
  -6.8385184e-01
  -5.0683343e-01
  -3.8457505e-02
   4.5948553e-01
   7.1319854e-01
   7.0500141e-01
   6.5638566e-01
  -4.5592231e-01
   4.2600513e-01
  -2.1025604e-01
  -8.2426804e-01
  -1.2244666e+00
  -1.1550208e+00
  -1.2770938e+00
  -1.4088187e+00
  -1.5452887e+00
  -1.6611011e+00
  -1.7606019e+00
  -1.7774521e+00
  -1.7144340e+00
  -1.6293660e+00
  -1.5472279e+00
  -1.5907182e+00
  -1.8036660e+00
  -2.1542540e+00
  -1.7079198e+00
   3.5690197e-01
  -7.7300757e-01
  -1.1439967e+00
  -1.8928323e+00
  -8.5998619e-01
  -8.6092055e-01
  -1.4200016e+00
  -1.9513522e+00
  -4.6910715e-01
  -5.5827051e-01
  -2.0609434e+00
  -2.1461003e+00
  -1.8108363e+00
  -1.7634237e+00
  -1.7932647e+00
  -1.9377985e+00
  -1.7031118e+00
  -2.0352528e+00
  -6.1754143e-01
  -3.1299955e-01
  -1.2664112e+00
  -2.5355728e+00
  -2.3913293e+00
  -2.4486642e+00
  -2.4938962e+00
  -2.5451810e+00
  -2.6165698e+00
  -2.7245467e+00
  -2.8034182e+00
  -2.7901683e+00
  -2.7987247e+00
  -2.8898311e+00
  -3.1172354e+00
  -3.4731097e+00
  -3.7714152e+00
  -2.6164982e+00
   4.9344325e-01
  -6.5696305e-01
  -1.1012977e+00
  -2.1083124e+00
  -2.2401421e+00
  -2.6509616e+00
  -3.2086873e+00
  -2.5555801e+00
  -5.0412744e-01
  -9.6467811e-01
  -2.1291270e+00
  -2.0426471e+00
  -2.9349988e+00
  -3.3817282e+00
  -3.6768160e+00
  -3.8725381e+00
  -3.4303958e+00
  -3.2571700e+00
  -1.8078496e+00
  -9.0504932e-01
  -6.3614023e-01
  -2.6133001e+00
  -2.9972124e+00
  -3.0161445e+00
  -3.0274503e+00
  -3.1068385e+00
  -3.2840612e+00
  -3.4515541e+00
  -3.5610809e+00
  -3.6071906e+00
  -3.7454493e+00
  -4.0639596e+00
  -4.4802103e+00
  -4.9029517e+00
  -4.9800720e+00
  -3.8606396e+00
  -2.3186855e-01
  -3.9263970e-01
  -8.6285669e-01
  -2.2535489e+00
  -3.7067213e+00
  -4.2666149e+00
  -4.3673968e+00
  -2.1480100e+00
  -4.5753941e-01
  -1.1686883e+00
  -1.3161521e+00
  -1.3714799e+00
  -3.8731146e+00
  -4.6963077e+00
  -5.1508169e+00
  -5.3045502e+00
  -4.6767330e+00
  -3.7560380e+00
  -2.4128797e+00
  -1.0960813e+00
  -8.9841485e-01
  -2.5513844e+00
  -2.8217669e+00
  -2.8684399e+00
  -3.0081699e+00
  -3.3252277e+00
  -3.6757011e+00
  -3.8801372e+00
  -3.9796565e+00
  -4.1228738e+00
  -4.4105835e+00
  -4.8955545e+00
  -5.3839049e+00
  -5.7098374e+00
  -5.4945512e+00
  -3.7738280e+00
   2.8253309e-03
  -2.1343617e-01
  -8.4999108e-01
  -2.2371571e+00
  -4.8299360e+00
  -5.2162299e+00
  -4.5717115e+00
  -1.3541633e+00
  -2.4592358e-01
  -1.0590957e+00
  -9.5186603e-01
  -1.6323452e+00
  -4.3264871e+00
  -5.1959901e+00
  -5.6648917e+00
  -5.7327070e+00
  -5.0551457e+00
  -3.6137393e+00
  -2.4073954e+00
  -1.4910593e+00
  -1.8392218e+00
  -2.3324583e+00
  -2.3556790e+00
  -2.5151920e+00
  -2.8792865e+00
  -3.4765310e+00
  -3.9406121e+00
  -4.1784577e+00
  -4.3256292e+00
  -4.5464368e+00
  -4.8828106e+00
  -5.3530579e+00
  -5.7273159e+00
  -5.8052731e+00
  -5.1805291e+00
  -2.5118823e+00
   1.0207035e-02
  -3.9458254e-01
  -9.8046750e-01
  -2.9540234e+00
  -5.4464035e+00
  -5.5025120e+00
  -4.1392713e+00
  -4.7267944e-01
   9.2012964e-02
  -8.9088523e-01
  -1.3541923e+00
  -2.9526360e+00
  -4.2536588e+00
  -5.0631094e+00
  -5.4277782e+00
  -5.4023972e+00
  -4.7410083e+00
  -2.8953450e+00
  -1.9011780e+00
  -1.4714833e+00
  -1.7066969e+00
  -1.7661372e+00
  -1.9947674e+00
  -2.3370903e+00
  -2.8532839e+00
  -3.5482678e+00
  -4.1134520e+00
  -4.4831033e+00
  -4.7515187e+00
  -4.9841108e+00
  -5.2090564e+00
  -5.4043708e+00
  -5.4430461e+00
  -5.1089282e+00
  -3.9271615e+00
  -1.0150479e+00
  -2.7030385e-01
  -7.0515800e-01
  -1.1769997e+00
  -3.7071509e+00
  -5.5446601e+00
  -5.1700406e+00
  -3.2797952e+00
   6.6166127e-01
   7.0624787e-01
  -9.2898566e-01
  -2.7422349e+00
  -3.6738272e+00
  -3.8262205e+00
  -4.4023561e+00
  -4.5375466e+00
  -4.3568549e+00
  -3.7681766e+00
  -1.8608744e+00
  -8.4885871e-01
  -1.1995133e+00
  -1.3303494e+00
  -1.8130186e+00
  -2.3146582e+00
  -2.7529438e+00
  -3.2136209e+00
  -3.7657671e+00
  -4.2817993e+00
  -4.7020874e+00
  -5.0144229e+00
  -5.1840315e+00
  -5.2181940e+00
  -5.0405097e+00
  -4.6278186e+00
  -3.8503206e+00
  -2.1838255e+00
   3.6435425e-01
  -3.2392016e-01
  -1.0118282e+00
  -1.2635140e+00
  -2.3407900e+00
  -4.4655552e+00
  -4.3635292e+00
  -2.3164854e+00
   1.1003513e+00
   7.6586306e-01
  -1.3870118e+00
  -3.5765166e+00
  -3.2645488e+00
  -3.0241013e+00
  -3.3803391e+00
  -3.2287962e+00
  -2.9095559e+00
  -2.4845498e+00
  -4.5129862e-01
  -3.1774440e-01
  -1.2850876e+00
  -1.9657277e+00
  -2.8516805e+00
  -3.5365624e+00
  -4.0000501e+00
  -4.3714604e+00
  -4.7402830e+00
  -5.0555334e+00
  -5.2722578e+00
  -5.3787823e+00
  -5.3676691e+00
  -5.2294650e+00
  -4.7959595e+00
  -4.0120625e+00
  -2.7948523e+00
  -7.7533507e-01
   7.4091649e-01
  -2.6482555e-01
  -1.2391280e+00
  -1.4336931e+00
  -2.1111243e+00
  -3.7945368e+00
  -3.2190850e+00
  -1.3111260e+00
   1.1727915e+00
   7.8179097e-01
  -1.5241972e+00
  -3.6836247e+00
  -2.7253511e+00
  -2.1640556e+00
  -2.4067729e+00
  -2.1017885e+00
  -1.7267753e+00
  -1.3281322e+00
   3.1220340e-01
  -2.2274801e-01
  -2.0340979e+00
  -3.3139001e+00
  -4.3814420e+00
  -5.0983447e+00
  -5.5461839e+00
  -5.8663337e+00
  -6.0974915e+00
  -6.1773779e+00
  -6.0893123e+00
  -5.8548439e+00
  -5.5457399e+00
  -5.2055481e+00
  -4.6538414e+00
  -3.7625056e+00
  -2.2876222e+00
   9.6311811e-02
   7.9085442e-01
  -3.7990539e-01
  -1.4363648e+00
  -1.9790409e+00
  -3.5648017e+00
  -2.4553153e+00
  -1.5829092e+00
   3.2404814e-02
   1.7177185e+00
   9.8295796e-01
  -1.2461425e+00
  -3.8157864e+00
  -2.2888198e+00
  -1.2795059e+00
  -1.3685071e+00
  -1.2298596e+00
  -1.1030987e+00
  -5.9321271e-01
   1.0994735e-01
  -1.6939449e-01
  -2.5565333e+00
  -4.1428881e+00
  -4.9383215e+00
  -5.4505575e+00
  -5.7937787e+00
  -6.0764034e+00
  -6.3206122e+00
  -6.4082825e+00
  -6.2807386e+00
  -5.9034035e+00
  -5.3582471e+00
  -4.7840160e+00
  -4.1602354e+00
  -3.3377477e+00
  -2.0057890e+00
   8.2811033e-02
   9.1244609e-01
  -5.7916265e-01
  -1.8438684e+00
  -3.2691244e+00
  -3.2942088e+00
  -3.0119457e-01
   9.9354398e-01
   2.0019953e+00
   2.2490923e+00
   7.7391532e-01
  -6.1751531e-01
  -3.0045863e+00
  -1.2742140e+00
  -5.4028143e-02
   2.5425145e-01
  -1.8945769e-01
  -4.3694530e-01
  -3.8108195e-01
  -1.1605195e-01
  -3.7495464e-01
  -2.5290146e+00
  -4.0805812e+00
  -4.6921897e+00
  -5.0927382e+00
  -5.3235555e+00
  -5.4829617e+00
  -5.6484032e+00
  -5.7311182e+00
  -5.6127391e+00
  -5.2139320e+00
  -4.5242186e+00
  -3.6821177e+00
  -3.0277820e+00
  -2.7035487e+00
  -2.3063543e+00
  -1.5849620e+00
  -4.5215642e-01
  -1.2178717e+00
  -3.1570890e+00
  -4.7139320e+00
  -2.8350904e+00
   7.5462902e-01
   1.8151041e+00
   1.1078687e+00
   1.0936542e+00
   3.8171631e-01
  -1.0049878e-01
  -9.3898654e-01
   7.2404243e-02
   8.3265239e-01
   1.0294309e+00
   1.7831859e-01
   3.6017776e-01
  -7.9904199e-02
  -3.6435747e-01
  -1.5649288e+00
  -2.9800358e+00
  -4.2149906e+00
  -4.9222460e+00
  -5.4445028e+00
  -5.7097507e+00
  -5.7915001e+00
  -5.7783775e+00
  -5.7144437e+00
  -5.5043430e+00
  -5.0391130e+00
  -4.2805481e+00
  -3.2967582e+00
  -2.5495598e+00
  -2.6997709e+00
  -3.4288628e+00
  -3.8659105e+00
  -3.1850815e+00
  -3.4225185e+00
  -5.8764219e+00
  -5.1573591e+00
  -2.8313599e+00
   9.0794027e-01
   1.4763013e+00
   5.4913419e-01
   3.8811216e-01
   1.5076715e-01
   1.3687198e-01
  -1.0427965e-01
   7.2139406e-01
   1.5274589e+00
   1.6008233e+00
   4.8407367e-01
   7.2644013e-01
   1.4321247e-01
  -5.4851788e-01
  -2.9990597e+00
  -4.1413007e+00
  -4.4786563e+00
  -5.3617549e+00
  -6.0872054e+00
  -6.5063653e+00
  -6.7149110e+00
  -6.8108234e+00
  -6.8661790e+00
  -6.8478365e+00
  -6.5461898e+00
  -5.8032889e+00
  -4.6432137e+00
  -3.3981473e+00
  -2.9928820e+00
  -3.7083049e+00
  -5.0876555e+00
  -6.1735969e+00
  -6.4905882e+00
  -5.9528971e+00
  -4.8565640e+00
  -3.0922444e+00
   1.2168474e-01
   1.0373070e+00
   2.6098326e-01
   1.3215515e-01
  -9.5520630e-02
   2.0851529e-01
   8.1804894e-02
   6.1553204e-01
   2.2445285e+00
   2.7036366e+00
   8.0694598e-01
   3.3568805e-01
  -4.4582717e-02
  -5.8238894e-01
  -2.9878783e+00
  -4.1164622e+00
  -4.6291409e+00
  -5.5583963e+00
  -6.3377218e+00
  -6.7906060e+00
  -7.0080771e+00
  -7.1156402e+00
  -7.2590637e+00
  -7.4391203e+00
  -7.4137383e+00
  -6.9027586e+00
  -5.7612481e+00
  -3.9577324e+00
  -2.3700297e+00
  -9.7120684e-01
  -3.8494451e+00
  -5.6475625e+00
  -5.7796664e+00
  -5.5060954e+00
  -4.8721967e+00
  -3.8124852e+00
  -1.3424057e+00
   3.0318955e-01
  -5.5113442e-02
  -9.8043591e-02
  -3.9710861e-01
   9.5944643e-02
   4.0123865e-02
   4.4690388e-01
   1.9856797e+00
   3.0352912e+00
   7.6931936e-01
  -7.5875975e-02
  -1.3178453e-01
  -6.3899380e-01
  -2.9706309e+00
  -3.9375710e+00
  -4.5258875e+00
  -5.3080130e+00
  -5.9935818e+00
  -6.3565440e+00
  -6.4514384e+00
  -6.4194112e+00
  -6.5095062e+00
  -6.7766857e+00
  -6.9807873e+00
  -6.7409725e+00
  -5.7655001e+00
  -3.6723032e+00
  -1.0226458e+00
  -3.6105314e-01
  -4.0190525e+00
  -4.8273516e+00
  -5.0458446e+00
  -5.0213094e+00
  -4.9021354e+00
  -4.5281444e+00
  -2.5837102e+00
  -1.8493110e-01
  -3.2494682e-01
  -3.5237685e-01
  -7.7865094e-01
  -3.4705800e-01
  -2.8803679e-01
   1.3767657e-01
   1.0255663e+00
   2.1302028e+00
   4.3289295e-01
   7.3240566e-01
  -6.2207514e-01
  -2.3197497e-01
  -1.9924040e+00
  -3.2914898e+00
  -3.8676653e+00
  -4.3397560e+00
  -4.8388715e+00
  -5.1272130e+00
  -5.1694202e+00
  -5.0717192e+00
  -5.1187158e+00
  -5.4353676e+00
  -5.8463020e+00
  -5.8764997e+00
  -5.0477438e+00
  -2.7295151e+00
   2.4611786e-01
  -7.4154097e-01
  -4.1560035e+00
  -3.6320779e+00
  -3.8570502e+00
  -4.0833101e+00
  -4.3118477e+00
  -4.4976044e+00
  -3.7496893e+00
  -1.0509362e+00
  -7.6060945e-01
  -8.8968384e-01
  -1.7860552e+00
  -1.2933002e+00
  -1.0884094e+00
  -1.0303374e-01
  -7.5052686e-02
   5.9764487e-01
   1.9717231e-01
   1.0682634e+00
  -9.2947978e-01
  -4.6994358e-02
  -7.3966002e-01
  -1.8548667e+00
  -2.2835007e+00
  -2.5580034e+00
  -2.9006891e+00
  -3.1373465e+00
  -3.1771412e+00
  -3.1501937e+00
  -3.2457905e+00
  -3.5823140e+00
  -4.0619226e+00
  -4.2857718e+00
  -3.6257825e+00
  -1.1436850e+00
   6.4461738e-01
  -1.2174398e+00
  -2.1493094e+00
  -1.5673515e+00
  -2.0790055e+00
  -2.5484459e+00
  -2.9603014e+00
  -3.4768229e+00
  -3.7339683e+00
  -1.8427062e+00
  -1.5976995e+00
  -2.0695877e+00
  -2.8095436e+00
  -1.9739907e+00
  -1.2607098e+00
  -4.2825305e-01
  -7.5505871e-01
   8.8735908e-02
   5.5745983e-01
   6.1799761e-02
  -4.0993699e-01
   1.3174053e-01
  -1.0391539e-01
  -2.6947519e-01
  -2.6716238e-01
  -5.1904732e-01
  -8.6474770e-01
  -1.0496452e+00
  -1.0695590e+00
  -1.1039371e+00
  -1.2986923e+00
  -1.6629243e+00
  -2.1214771e+00
  -2.4109478e+00
  -1.9041386e+00
   4.8642081e-01
   1.1320529e+00
  -4.2895854e-01
   2.1815789e-01
   6.9171065e-01
  -3.1919196e-02
  -8.3603621e-01
  -1.3149191e+00
  -1.9512516e+00
  -2.7455974e+00
  -1.9784752e+00
  -1.3691779e+00
  -2.3055251e+00
  -2.0801461e+00
  -1.7364239e+00
   2.4486855e-03
  -5.4527754e-01
  -1.2625399e+00
  -5.8004469e-01
   5.4084085e-02
  -2.3515554e-01
  -1.0104613e+00
   3.6429942e-01
   2.0506929e-01
   1.3642970e+00
   1.8350486e+00
   1.6738220e+00
   1.4099438e+00
   1.3349603e+00
   1.3796747e+00
   1.3391279e+00
   1.1079825e+00
   7.5803697e-01
   3.5852775e-01
   8.2409382e-02
   3.9181459e-01
   2.0779271e+00
   1.0982225e+00
   7.4694407e-01
   8.5044026e-01
   1.8984541e+00
   2.3000088e+00
   1.3405228e+00
   7.8983009e-01
   2.1407199e-01
  -7.2165042e-01
  -1.0597322e+00
   6.5320730e-02
  -6.7505729e-01
  -4.5338817e-02
   8.5690427e-01
   1.0346079e+00
  -5.5491328e-01
  -4.0608522e-01
  -1.1781970e-01
  -2.3431101e-01
  -9.6406740e-01
  -6.5296078e-01
   7.7971223e-01
   1.8649004e-01
   1.2600425e+00
   2.4293804e+00
   2.5272496e+00
   2.6041157e+00
   2.7601806e+00
   2.8740242e+00
   2.8763635e+00
   2.6988691e+00
   2.4257879e+00
   2.1241236e+00
   1.8766499e+00
   1.9797879e+00
   1.9906633e+00
   1.1215429e+00
   1.0298303e+00
   8.5745513e-01
   1.4296456e+00
   3.0010903e+00
   2.7808166e+00
   2.2179761e+00
   1.7045645e+00
   9.8048526e-01
   5.9937851e-01
   7.3472363e-01
   4.4024846e-01
   1.6700670e+00
   1.9225696e+00
   7.8477246e-01
   5.1019221e-01
  -2.4684964e-02
   5.1786256e-01
   1.1752674e+00
   3.5145873e-01
   6.2627447e-01
   1.0759579e+00
   3.2213959e-01
   6.8440950e-01
   1.8000666e+00
   2.8905497e+00
   3.3920541e+00
   3.7516055e+00
   3.9189119e+00
   3.9558420e+00
   3.8581002e+00
   3.6877458e+00
   3.5352390e+00
   3.3445582e+00
   3.0425463e+00
   1.4043398e+00
   1.0171697e+00
   7.4977612e-01
   7.2149515e-01
   1.1544603e+00
   2.2409241e+00
   3.6564417e+00
   3.1016648e+00
   2.7490075e+00
   2.3953607e+00
   1.5622061e+00
   4.2297056e-01
   1.5888416e+00
   1.2775238e+00
   6.8290210e-01
   5.0241029e-01
   1.1794305e-01
  -8.0195963e-01
  -1.2581003e-01
   9.6731412e-01
   9.6497816e-01
   1.7585604e+00
   8.1523607e-01
   6.5589774e-01
   5.6277019e-01
   1.2920754e+00
   2.5502262e+00
   3.1442986e+00
   3.5287969e+00
   3.7677078e+00
   3.9032118e+00
   3.9315820e+00
   3.9249694e+00
   3.8907368e+00
   3.7619858e+00
   3.3622034e+00
   1.3787363e+00
   1.0021433e+00
   6.2896842e-01
   5.1976573e-01
   8.4390406e-01
   1.0754750e+00
   2.1016548e+00
   2.7342497e+00
   2.8234262e+00
   2.8745065e+00
   2.4915965e+00
   1.2082453e+00
   9.5883024e-01
   7.1905127e-01
   4.2483205e-01
   2.1085367e-01
   2.1848757e-01
   1.4705113e-01
   1.3297494e-01
   4.7270351e-01
   7.5397420e-01
   1.1285827e+00
   4.6880227e-01
   4.5336280e-01
   3.8680284e-01
   6.8604678e-01
   1.4236117e+00
   1.7554814e+00
   2.0810032e+00
   2.4614214e+00
   2.7391166e+00
   2.9435222e+00
   3.1304067e+00
   3.2520607e+00
   3.2046485e+00
   2.9581043e+00
   1.2357983e+00
   8.9643961e-01
   5.0438607e-01
   4.6718866e-01
   5.8586264e-01
   5.9174179e-01
   5.4920357e-01
   1.3221091e+00
   2.1789443e+00
   2.6047930e+00
   2.6930273e+00
   1.1115364e+00
   6.2203287e-01
   4.1731232e-01
   2.7513396e-01
   8.4020351e-02
   7.5886257e-02
   1.2969921e-01
  -3.4044426e-02
   1.9770698e-01
   5.1746213e-01
   6.6063098e-01
   4.0759855e-01
   3.1226328e-01
   1.9317783e-01
   4.5083660e-01
   2.0623244e-01
  -7.7354565e-02
   2.3422062e-01
   4.8079413e-01
   8.5074401e-01
   1.1006534e+00
   1.4505186e+00
   1.8063469e+00
   1.9028294e+00
   9.8356974e-01
   4.0085462e-01
   5.5440787e-01
   3.4082177e-01
   3.5605308e-01
   2.9277359e-01
   1.8075292e-01
   3.2029331e-01
   6.2448344e-01
   1.2531825e+00
   1.6902200e+00
   1.3040357e+00
   3.5357118e-01
   3.7647745e-01
   2.3920137e-01
   1.4990510e-01
   1.0189436e-01
   1.2423871e-01
   2.0031342e-01
   3.1013706e-01
   4.4293371e-01
   5.1107079e-01
   7.0721769e-01
   3.5338619e-01
   6.9722641e-01
   5.3766704e-01
   3.0932471e-01
  -7.2530037e-01
  -6.7577499e-01
  -5.5254811e-01
  -1.1038206e+00
  -1.1303551e+00
  -7.4258143e-01
  -1.3643365e-01
   8.0024779e-02
  -2.1476884e-01
  -2.9456666e-01
   2.4851304e-01
   1.2666534e-01
   1.2569806e-01
   2.0951216e-01
   9.8392263e-02
  -6.2005701e-03
   2.8686023e-01
   2.5246562e-02
   1.4836878e-01
  -3.0077970e-02
  -2.8408301e-01
   6.6067167e-02
  -1.2510005e-01
   5.6876823e-02
   6.2484693e-02
   1.1233754e-01
   1.4478402e-01
   2.2961751e-01
   1.9316694e-01
   1.6091363e-01
   2.0989011e-01
   2.7824619e-01
   2.8132668e-01
   3.3991757e-01
  -5.9101738e-02
  -2.1022229e-01
   2.7487493e-01
   1.0902503e-01
  -2.9252952e-01
  -2.3570019e-01
  -7.0649362e-01
  -3.6137892e-01
  -4.8258382e-01
  -5.2309120e-01
  -3.9976288e-01
  -1.8376671e-02
  -8.0118954e-02
  -7.6487756e-02
   1.3163514e-01
   9.3149461e-02
  -2.8862305e-02
  -9.5735312e-02
   2.4185531e-01
  -2.7041137e-01
  -1.1563439e-01
  -5.5495322e-01
  -3.9980484e-01
  -6.7663127e-01
  -3.2445350e-01
  -5.9115883e-02
  -4.4493906e-02
   3.0351300e-02
   5.9283578e-03
   6.6951104e-02
   4.4501275e-02
   8.2525899e-02
  -1.4058246e-01
   1.3594155e-01
  -6.3586414e-02
  -9.1977082e-02
  -1.5245293e-01
  -1.2626787e-01
  -1.4797196e-01
  -2.2880588e-01
  -3.5396764e-01
  -3.5529208e-01
  -5.2490783e-01
  -7.3212767e-01
  -7.6991445e-01
  -8.9359623e-01
  -7.5362748e-01
  -5.8771688e-01
  -2.9788998e-01
  -3.2465383e-02
   4.7044747e-02
  -1.2180284e-02
  -3.9703287e-02
   1.4744159e-02
  -2.7819619e-01
  -2.4634312e-01
  -2.2685073e-01
  -3.2459382e-02
   2.1338291e-01
  -3.1798568e-01
  -5.9838736e-01
  -4.1936368e-01
  -3.4290570e-01
  -3.9669421e-01
  -3.8722908e-01
  -3.2436046e-01
  -2.9025823e-01
  -3.0306405e-01
  -2.7037743e-01
  -1.5806636e-01
