   0.0000000e+00
   0.0000000e+00
   0.0000000e+00
   0.0000000e+00
   0.0000000e+00
   0.0000000e+00
   0.0000000e+00
   0.0000000e+00
   2.3988613e-02
   1.6935499e-02
   1.2616976e-02
   1.2356449e-02
   1.2008036e-02
   8.8895886e-03
   7.8872234e-03
   0.0000000e+00
   1.9322420e-03
   6.9601438e-04
  -3.8125836e-03
  -8.5644194e-03
  -0.0000000e+00
  -0.0000000e+00
  -0.0000000e+00
  -0.0000000e+00
  -0.0000000e+00
  -0.0000000e+00
  -0.0000000e+00
  -0.0000000e+00
  -0.0000000e+00
   0.0000000e+00
   0.0000000e+00
   0.0000000e+00
   0.0000000e+00
   0.0000000e+00
   0.0000000e+00
   0.0000000e+00
   0.0000000e+00
   0.0000000e+00
   0.0000000e+00
   0.0000000e+00
   0.0000000e+00
   0.0000000e+00
   0.0000000e+00
   2.1686389e-02
   1.3645181e-02
   1.1159930e-02
   1.0708379e-02
   1.1658020e-02
   1.1897239e-02
   9.9320796e-03
   2.6480633e-03
  -5.9913690e-03
  -2.5425303e-02
   0.0000000e+00
   3.3119639e-03
  -3.8790544e-03
  -1.3972621e-02
   0.0000000e+00
   0.0000000e+00
   0.0000000e+00
   0.0000000e+00
   0.0000000e+00
   0.0000000e+00
   0.0000000e+00
   0.0000000e+00
   0.0000000e+00
   0.0000000e+00
   0.0000000e+00
   0.0000000e+00
   0.0000000e+00
   0.0000000e+00
   0.0000000e+00
   0.0000000e+00
   0.0000000e+00
   0.0000000e+00
   0.0000000e+00
   0.0000000e+00
   0.0000000e+00
   0.0000000e+00
   1.3782100e-02
   2.0872327e-03
  -1.4329282e-03
  -1.6641504e-03
  -6.0010905e-04
   3.5898104e-04
   1.2553071e-03
  -1.3146403e-03
  -8.0392901e-03
  -2.0091380e-02
  -2.4058532e-02
   0.0000000e+00
   2.7055344e-03
  -2.6605752e-03
  -0.0000000e+00
   0.0000000e+00
   0.0000000e+00
   0.0000000e+00
   0.0000000e+00
   0.0000000e+00
   0.0000000e+00
   0.0000000e+00
   0.0000000e+00
   0.0000000e+00
   0.0000000e+00
   0.0000000e+00
   0.0000000e+00
   0.0000000e+00
   0.0000000e+00
   0.0000000e+00
   0.0000000e+00
   0.0000000e+00
   0.0000000e+00
   0.0000000e+00
   0.0000000e+00
   1.3626048e-02
  -1.2527448e-03
  -1.0574847e-02
  -1.1839689e-02
  -1.1084345e-02
  -9.9687288e-03
  -8.6034005e-03
  -8.7609477e-03
  -1.0725597e-02
  -1.3117596e-02
  -1.5285826e-02
  -1.7607391e-02
   0.0000000e+00
   0.0000000e+00
  -0.0000000e+00
  -0.0000000e+00
  -0.0000000e+00
   0.0000000e+00
   0.0000000e+00
   0.0000000e+00
   0.0000000e+00
   0.0000000e+00
   0.0000000e+00
   0.0000000e+00
   0.0000000e+00
   0.0000000e+00
   0.0000000e+00
  -3.6161143e-03
  -1.5787447e-02
  -2.9234606e-02
  -2.9465431e-02
  -2.5607083e-02
   0.0000000e+00
   0.0000000e+00
   0.0000000e+00
   0.0000000e+00
   1.1098746e-02
   7.2156821e-05
  -8.5446686e-03
  -8.9872349e-03
  -8.5250633e-03
  -7.7643385e-03
  -7.8989994e-03
  -9.2788367e-03
  -1.1218576e-02
  -1.2575528e-02
  -1.4523145e-02
  -1.4485853e-02
  -8.7783757e-03
   0.0000000e+00
   0.0000000e+00
  -0.0000000e+00
  -0.0000000e+00
   0.0000000e+00
   0.0000000e+00
   0.0000000e+00
   0.0000000e+00
   0.0000000e+00
   0.0000000e+00
   0.0000000e+00
   0.0000000e+00
   0.0000000e+00
   1.5244818e-02
  -1.0319273e-03
  -2.0648737e-02
  -3.0834760e-02
  -2.1985089e-02
  -1.8669894e-02
  -7.1109539e-03
   0.0000000e+00
   0.0000000e+00
   1.1877718e-02
   5.8168500e-03
  -8.3997128e-03
  -1.1586519e-02
  -1.0021580e-02
  -7.6689613e-03
  -5.9325730e-03
  -5.7538382e-03
  -7.0395326e-03
  -8.8044860e-03
  -1.0652827e-02
  -1.3075314e-02
  -1.2251825e-02
  -4.6836574e-03
  -0.0000000e+00
   0.0000000e+00
   0.0000000e+00
   0.0000000e+00
   0.0000000e+00
   0.0000000e+00
   0.0000000e+00
   0.0000000e+00
   0.0000000e+00
   0.0000000e+00
   0.0000000e+00
   0.0000000e+00
   0.0000000e+00
   1.2446050e-02
  -4.3398202e-03
  -1.8562900e-02
  -2.2144991e-02
  -1.5024562e-02
  -8.6264247e-03
  -1.5022046e-03
   0.0000000e+00
   1.0384757e-02
   1.3772211e-02
  -1.2300340e-03
  -1.3143633e-02
  -1.3920955e-02
  -1.0730979e-02
  -7.1244813e-03
  -4.0972400e-03
  -2.9930896e-03
  -3.0831378e-03
  -4.0681073e-03
  -6.0344855e-03
  -8.6932285e-03
  -8.3039934e-03
  -2.6536342e-03
   2.6830776e-03
  -0.0000000e+00
  -0.0000000e+00
   0.0000000e+00
  -0.0000000e+00
  -0.0000000e+00
   0.0000000e+00
   0.0000000e+00
   0.0000000e+00
   0.0000000e+00
   0.0000000e+00
   0.0000000e+00
   1.3806301e-02
   5.1598237e-03
  -1.1207673e-02
  -1.4278953e-02
  -1.6200241e-02
  -5.3496424e-03
   7.6860271e-04
   1.1499382e-02
   2.0489218e-02
   2.0421976e-02
   1.3750036e-02
  -4.6904842e-04
  -5.0837314e-03
  -4.6602278e-03
  -2.2234118e-03
   8.1051455e-04
   4.0885922e-03
   4.9733681e-03
   4.2005796e-03
   2.3486835e-03
  -7.6971275e-04
  -4.1369079e-03
  -4.0431563e-03
   9.5861545e-04
   1.2716349e-02
   2.1210003e-03
   0.0000000e+00
   0.0000000e+00
  -0.0000000e+00
  -0.0000000e+00
   0.0000000e+00
   0.0000000e+00
   0.0000000e+00
   0.0000000e+00
   0.0000000e+00
   0.0000000e+00
   1.3060452e-02
  -1.9961516e-03
  -8.8256336e-03
  -8.8447332e-03
  -8.6208656e-03
   5.5228965e-03
   1.0293636e-02
   2.2766147e-02
   3.1613529e-02
   2.9975995e-02
   1.5948173e-02
   8.7517807e-03
   5.3791367e-03
   4.9161040e-03
   6.3735419e-03
   9.3629519e-03
   1.2130751e-02
   1.1074593e-02
   8.9483643e-03
   5.9060445e-03
   1.4123414e-03
  -2.3790519e-03
  -1.4617174e-03
   5.2089938e-03
   2.0371791e-02
   8.6075878e-03
   1.3276185e-02
   1.5787238e-02
   0.0000000e+00
  -0.0000000e+00
   0.0000000e+00
   0.0000000e+00
  -0.0000000e+00
   0.0000000e+00
   0.0000000e+00
   1.7867871e-02
   1.0755289e-02
   6.8115385e-04
  -1.5949302e-03
  -7.0060260e-04
   1.9977295e-03
   1.5497324e-02
   1.9455520e-02
   3.2872591e-02
   3.9257862e-02
   3.1075472e-02
   2.1704379e-02
   1.6212799e-02
   1.2351576e-02
   1.1773858e-02
   1.3460145e-02
   1.6412601e-02
   1.7044209e-02
   1.4001807e-02
   1.1405874e-02
   6.9246590e-03
   1.0062550e-03
  -2.3828214e-03
   3.1672587e-04
   1.0760038e-02
   3.1789660e-02
   1.3225337e-02
   1.8929422e-02
   2.0851310e-02
   0.0000000e+00
   0.0000000e+00
   0.0000000e+00
   0.0000000e+00
  -8.2585240e-03
   2.0372668e-02
   2.7217011e-02
   2.2149216e-02
   1.2117977e-02
   8.9253709e-03
   7.6638688e-03
   9.2780208e-03
   1.2606184e-02
   2.2786190e-02
   2.8640788e-02
   4.0340722e-02
   3.9534873e-02
   3.2906041e-02
   2.6570670e-02
   1.9604157e-02
   1.6341642e-02
   1.6593602e-02
   1.8824951e-02
   2.0889025e-02
   1.8965434e-02
   1.4820739e-02
   1.0341333e-02
   3.5506198e-03
  -1.9111269e-03
  -2.5620959e-03
   3.8009139e-03
   1.9116930e-02
   4.5057021e-02
   2.3393880e-02
   2.8396901e-02
   0.0000000e+00
   0.0000000e+00
   0.0000000e+00
   0.0000000e+00
   0.0000000e+00
   9.0674920e-03
   3.0013221e-02
   3.7146592e-02
   2.6410544e-02
   1.9270331e-02
   1.7244648e-02
   1.5153025e-02
   1.6330406e-02
   1.9647932e-02
   2.9678620e-02
   3.7243053e-02
   4.1977413e-02
   3.9797086e-02
   3.5300888e-02
   2.7333543e-02
   2.0649882e-02
   1.8809317e-02
   1.9816607e-02
   2.1901568e-02
   2.1595053e-02
   1.6919754e-02
   1.0757031e-02
   3.5407564e-03
  -3.0357866e-03
  -4.3747178e-03
  -6.0625299e-04
   9.8376488e-03
   2.9319461e-02
   5.2145708e-02
   0.0000000e+00
   0.0000000e+00
   0.0000000e+00
   0.0000000e+00
   0.0000000e+00
   0.0000000e+00
   0.0000000e+00
   2.0725303e-02
   3.6850061e-02
   3.8023025e-02
   2.8778173e-02
   2.5464704e-02
   2.1087410e-02
   1.9265566e-02
   2.0899303e-02
   2.4894273e-02
   3.2108549e-02
   3.8558833e-02
   4.1552305e-02
   4.0388238e-02
   3.4049965e-02
   2.5099702e-02
   1.9904336e-02
   1.8957436e-02
   1.9856026e-02
   2.0199452e-02
   1.6673097e-02
   1.0098580e-02
   3.0577770e-03
  -3.2471190e-03
  -5.7544056e-03
  -2.8160042e-03
   3.9724740e-03
   1.6604424e-02
   3.6494710e-02
   5.4396067e-02
   5.5618751e-02
   0.0000000e+00
   0.0000000e+00
   0.0000000e+00
   0.0000000e+00
   0.0000000e+00
   0.0000000e+00
   2.5664576e-02
   3.5289630e-02
   3.4316573e-02
   2.9878519e-02
   2.6021775e-02
   2.1622298e-02
   2.1183247e-02
   2.3866476e-02
   2.7486257e-02
   3.3989016e-02
   3.7963160e-02
   3.9929282e-02
   3.6366291e-02
   2.6666423e-02
   1.8073168e-02
   1.4275787e-02
   1.3484414e-02
   1.2730544e-02
   1.0080017e-02
   4.9612881e-03
  -1.8219855e-04
  -3.5523844e-03
  -4.6040979e-03
  -2.1337657e-03
   3.2681839e-03
   1.1450896e-02
   2.4217982e-02
   4.1204989e-02
   5.6636140e-02
   5.7711216e-02
   0.0000000e+00
   0.0000000e+00
   0.0000000e+00
   0.0000000e+00
   0.0000000e+00
   0.0000000e+00
   0.0000000e+00
   2.8458375e-02
   2.9000454e-02
   2.6833789e-02
   2.3230920e-02
   2.0310838e-02
   2.0857189e-02
   2.4209680e-02
   2.7382879e-02
   2.7350224e-02
   3.2961617e-02
   3.0839343e-02
   2.1666115e-02
   1.0755562e-02
   3.9653368e-03
   1.5636713e-03
   4.8028142e-04
  -1.5130024e-03
  -4.3891896e-03
  -7.2142547e-03
  -8.1034852e-03
  -6.6028005e-03
  -2.9447691e-03
   2.7876352e-03
   9.2189759e-03
   1.6998099e-02
   2.7747871e-02
   3.9802514e-02
   4.7404446e-02
   3.7702938e-02
   0.0000000e+00
   0.0000000e+00
   0.0000000e+00
   0.0000000e+00
   0.0000000e+00
   0.0000000e+00
   0.0000000e+00
   1.9905144e-02
   2.0597780e-02
   2.1174682e-02
   1.9494273e-02
   1.7290695e-02
   1.8003877e-02
   2.2320604e-02
   2.8008150e-02
   2.4191653e-02
   2.1105221e-02
   1.2471015e-02
   1.8318408e-03
  -5.8840262e-03
  -1.0091084e-02
  -1.1929952e-02
  -1.3506643e-02
  -1.5374812e-02
  -1.6989661e-02
  -1.7818779e-02
  -1.6905058e-02
  -1.3723651e-02
  -8.2492335e-03
  -4.5729699e-04
   7.4650561e-03
   1.5337899e-02
   2.3614265e-02
   2.9191548e-02
   2.8003003e-02
   1.0943701e-02
  -5.0250228e-03
   0.0000000e+00
   0.0000000e+00
   0.0000000e+00
   0.0000000e+00
   0.0000000e+00
   0.0000000e+00
   1.0735493e-02
   9.5185339e-03
   1.4464814e-02
   1.4636924e-02
   1.2478335e-02
   1.3146509e-02
   1.5878862e-02
   2.0197407e-02
   0.0000000e+00
   5.6782309e-03
  -3.8392821e-03
  -1.1069534e-02
  -1.5428589e-02
  -1.7991083e-02
  -1.9671079e-02
  -2.1303119e-02
  -2.2940606e-02
  -2.4427375e-02
  -2.5782758e-02
  -2.6616223e-02
  -2.5529467e-02
  -2.1565232e-02
  -1.4264017e-02
  -5.9464569e-03
   1.3829711e-03
   6.6785468e-03
   7.2665415e-03
   1.8342815e-03
  -7.2129378e-03
  -7.5167315e-03
   0.0000000e+00
   0.0000000e+00
   0.0000000e+00
   0.0000000e+00
   0.0000000e+00
   0.0000000e+00
   9.3259023e-03
  -5.3687766e-04
   5.5834404e-03
   7.3560262e-03
   5.1217261e-03
   5.0946111e-03
   8.2170814e-03
   1.6332382e-02
   9.6865864e-04
  -1.6074223e-03
  -7.1556633e-03
  -9.7588903e-03
  -1.1106799e-02
  -1.1655612e-02
  -1.2096963e-02
  -1.2648701e-02
  -1.3450437e-02
  -1.4448778e-02
  -1.5579007e-02
  -1.6759835e-02
  -1.7268361e-02
  -1.6586013e-02
  -1.4377482e-02
  -1.1155935e-02
  -8.6553264e-03
  -8.6786142e-03
  -1.2240811e-02
  -1.9477773e-02
  -2.5267445e-02
  -1.6430816e-02
   0.0000000e+00
   0.0000000e+00
   0.0000000e+00
   0.0000000e+00
   0.0000000e+00
   0.0000000e+00
   0.0000000e+00
  -3.0937952e-03
  -1.4431685e-03
   1.0418589e-03
  -1.7193758e-03
  -3.4704883e-03
  -1.2847290e-03
   3.0173929e-03
  -1.3411718e-03
  -5.5709353e-04
  -3.6357471e-04
   5.4860057e-04
   7.8542053e-04
   8.9161115e-04
   8.5234700e-04
   7.6623744e-04
   7.3476922e-04
   7.3964306e-04
   9.0659404e-04
   1.1351513e-03
   1.3147055e-03
   1.7061782e-03
   1.8731131e-03
   7.1522698e-04
  -2.4261761e-03
  -7.9948287e-03
  -1.5230074e-02
  -2.3403255e-02
  -2.9840328e-02
  -2.9579597e-02
   0.0000000e+00
   0.0000000e+00
   0.0000000e+00
   0.0000000e+00
   0.0000000e+00
   0.0000000e+00
   0.0000000e+00
  -3.5853828e-03
  -2.7765150e-03
  -3.3489702e-04
  -4.0952507e-03
  -7.9433620e-03
  -9.0465583e-03
  -5.8890699e-03
  -5.8135772e-03
  -8.1527860e-04
   4.8917780e-03
   9.4261026e-03
   1.1625569e-02
   1.2561143e-02
   1.3063786e-02
   1.3406690e-02
   1.3941314e-02
   1.4825243e-02
   1.6073022e-02
   1.7646540e-02
   1.8757167e-02
   1.8765400e-02
   1.6289733e-02
   1.0491415e-02
   1.9463375e-03
  -8.6694733e-03
  -1.8598437e-02
  -2.6321481e-02
  -3.0701298e-02
  -3.0670582e-02
   0.0000000e+00
   0.0000000e+00
   0.0000000e+00
   0.0000000e+00
   0.0000000e+00
   0.0000000e+00
   0.0000000e+00
  -0.0000000e+00
  -1.5109573e-03
  -7.5966164e-04
  -3.8561788e-03
  -9.2388267e-03
  -1.5910376e-02
  -1.5356384e-02
  -1.8076862e-02
  -1.1457943e-02
  -2.4848932e-03
   5.8168587e-03
   1.1885877e-02
   1.5889270e-02
   1.8387929e-02
   2.0381330e-02
   2.2303047e-02
   2.4203477e-02
   2.6173249e-02
   2.7751610e-02
   2.7621426e-02
   2.4349019e-02
   1.7140325e-02
   7.7754580e-03
  -2.8636833e-03
  -1.4596045e-02
  -2.5176249e-02
  -3.4198672e-02
  -3.9183658e-02
  -3.4529875e-02
  -2.9171084e-02
   0.0000000e+00
   0.0000000e+00
   0.0000000e+00
   0.0000000e+00
   0.0000000e+00
   0.0000000e+00
   0.0000000e+00
  -6.4396448e-03
  -3.6567110e-03
  -2.1395506e-03
  -5.2447859e-03
  -1.8267959e-02
  -2.5613805e-02
  -3.0527067e-02
  -2.7041981e-02
  -1.9102044e-02
  -1.0405591e-02
  -2.5369343e-03
   3.5297670e-03
   7.1044224e-03
   1.0304763e-02
   1.3885612e-02
   1.6610757e-02
   1.8174462e-02
   1.8038521e-02
   1.6323831e-02
   1.2871347e-02
   6.9206925e-03
  -2.1207640e-04
  -8.1720166e-03
  -1.7400583e-02
  -2.7473360e-02
  -3.8565278e-02
  -4.9035672e-02
  -5.0262552e-02
  -3.4012031e-02
   0.0000000e+00
   0.0000000e+00
   0.0000000e+00
   0.0000000e+00
   0.0000000e+00
   0.0000000e+00
  -3.5577646e-02
  -8.9878675e-03
  -6.6623557e-03
  -2.0586289e-03
   7.1503330e-04
  -1.2384375e-02
  -3.0388068e-02
  -3.6795003e-02
  -3.6209010e-02
  -3.1716622e-02
  -2.5745643e-02
  -1.8947627e-02
  -1.2885289e-02
  -9.7724125e-03
  -7.1045808e-03
  -2.6109689e-03
   2.5014228e-03
   7.0843874e-03
   9.0332134e-03
   8.2401121e-03
   6.5543470e-03
   3.3458495e-03
  -7.4420898e-04
  -5.4963166e-03
  -1.2139375e-02
  -2.1733256e-02
  -3.4614619e-02
  -5.0990492e-02
  -6.5273941e-02
  -5.3426050e-02
   0.0000000e+00
   0.0000000e+00
   0.0000000e+00
   0.0000000e+00
   0.0000000e+00
   0.0000000e+00
  -4.3810791e-02
  -0.0000000e+00
  -6.5694476e-03
  -9.5218624e-03
   6.6537294e-04
   0.0000000e+00
   0.0000000e+00
  -3.5287540e-02
  -3.6699679e-02
  -3.5310473e-02
  -3.2648943e-02
  -2.8677965e-02
  -2.4274860e-02
  -2.2731516e-02
  -2.2526523e-02
  -2.0831857e-02
  -1.6194852e-02
  -8.3723152e-03
  -4.7372270e-04
   3.3857462e-03
   5.2283709e-03
   4.7474070e-03
   2.3759766e-03
  -8.1909477e-04
  -5.5038328e-03
  -1.3102363e-02
  -2.5105530e-02
  -4.3833118e-02
  -6.8680755e-02
  -7.7683035e-02
   0.0000000e+00
   0.0000000e+00
   0.0000000e+00
   0.0000000e+00
   0.0000000e+00
  -6.0170178e-02
  -5.1625770e-02
  -0.0000000e+00
  -0.0000000e+00
  -0.0000000e+00
  -0.0000000e+00
   0.0000000e+00
  -2.7531231e-02
  -2.8602814e-02
  -3.1490084e-02
  -3.2174002e-02
  -3.1635888e-02
  -2.9655389e-02
  -2.6789375e-02
  -2.6152944e-02
  -2.7520668e-02
  -2.9434875e-02
  -2.9759146e-02
  -2.5698489e-02
  -1.6080737e-02
  -7.1915840e-03
  -2.6247988e-05
   3.9391387e-03
   3.8647898e-03
   1.8034723e-03
  -1.5588566e-03
  -6.5026605e-03
  -1.5034210e-02
  -3.0895416e-02
  -5.7880457e-02
  -8.9495303e-02
   0.0000000e+00
   0.0000000e+00
   0.0000000e+00
   0.0000000e+00
   0.0000000e+00
  -6.1458915e-02
  -5.6911066e-02
  -0.0000000e+00
   0.0000000e+00
   0.0000000e+00
  -5.9086975e-03
  -1.0195458e-03
  -1.8643461e-02
  -2.0754870e-02
  -2.4727356e-02
  -2.6708951e-02
  -2.7380964e-02
  -2.6454277e-02
  -2.4690604e-02
  -2.4460409e-02
  -2.5812984e-02
  -2.8251573e-02
  -3.0393202e-02
  -3.0282393e-02
  -2.5249546e-02
  -1.7708175e-02
  -8.9311674e-03
  -1.0588201e-03
   2.2428536e-03
   2.3593057e-03
   6.4617765e-05
  -3.4957381e-03
  -9.0227220e-03
  -2.0271301e-02
  -4.2450938e-02
  -7.8882694e-02
   0.0000000e+00
   0.0000000e+00
   0.0000000e+00
   0.0000000e+00
   0.0000000e+00
  -4.9833478e-02
  -6.2497596e-02
   0.0000000e+00
   0.0000000e+00
  -0.0000000e+00
  -1.1537704e-03
   7.7293837e-05
  -1.1812062e-02
  -1.0092722e-02
  -1.4960963e-02
  -1.8239896e-02
  -1.9866734e-02
  -1.9702544e-02
  -1.9279679e-02
  -2.0028283e-02
  -2.1385472e-02
  -2.3324396e-02
  -2.5220481e-02
  -2.5788094e-02
  -2.4209936e-02
  -2.0770961e-02
  -1.5074185e-02
  -7.2797645e-03
  -1.9071957e-03
   8.5469296e-04
   6.8053496e-04
  -1.7744932e-03
  -5.3488238e-03
  -1.1868870e-02
  -2.5404694e-02
  -5.2646832e-02
   0.0000000e+00
   0.0000000e+00
  -3.2032256e-02
  -3.0690145e-02
  -1.2238023e-02
  -3.5674911e-02
  -0.0000000e+00
   0.0000000e+00
   0.0000000e+00
  -0.0000000e+00
   1.1128613e-03
   3.4979149e-03
  -2.4684094e-03
   3.4707580e-03
  -1.0768112e-03
  -5.7156435e-03
  -9.0392949e-03
  -1.0168830e-02
  -1.0832042e-02
  -1.3097329e-02
  -1.5415842e-02
  -1.7128970e-02
  -1.8548509e-02
  -1.8630344e-02
  -1.7593997e-02
  -1.6245209e-02
  -1.3616766e-02
  -8.5649500e-03
  -3.3329471e-03
  -1.5407144e-04
   1.2158577e-03
  -1.8851817e-05
  -2.5372070e-03
  -6.2613245e-03
  -1.3792729e-02
  -2.8189655e-02
  -2.9728157e-02
   0.0000000e+00
  -2.3065865e-02
  -1.4193554e-02
  -7.1421832e-03
  -2.4900726e-02
   0.0000000e+00
   0.0000000e+00
   0.0000000e+00
   0.0000000e+00
   4.3275817e-03
   6.7032808e-03
   7.7641192e-03
   1.1637877e-02
   1.3364104e-02
   1.1828280e-02
   8.1044082e-03
   5.0946684e-03
   2.8803684e-03
  -8.5023517e-04
  -5.1338789e-03
  -8.5110329e-03
  -1.0244179e-02
  -1.0338324e-02
  -9.2174662e-03
  -8.0494788e-03
  -6.4765373e-03
  -3.7634273e-03
   1.7270977e-06
   2.5841992e-03
   3.6059194e-03
   3.3151505e-03
   1.8919744e-03
   1.9658338e-04
  -3.2093024e-03
  -1.0007836e-02
  -1.5627275e-02
  -9.5784992e-03
  -6.3587214e-03
  -3.6499719e-03
  -5.7876352e-03
  -1.3640002e-02
   0.0000000e+00
   0.0000000e+00
   0.0000000e+00
   0.0000000e+00
   2.8987858e-03
   7.9586515e-03
   1.2856824e-02
   1.0522042e-02
   1.3488599e-02
   2.0536395e-02
   2.1609322e-02
   1.9734157e-02
   1.8159576e-02
   1.4200211e-02
   8.9959139e-03
   3.8014548e-03
   7.9446742e-04
   1.8437827e-04
   1.2442935e-03
   2.7476567e-03
   4.3314872e-03
   6.0082613e-03
   7.5581773e-03
   8.8576600e-03
   8.6417887e-03
   8.5724778e-03
   8.3864974e-03
   8.7613966e-03
   9.1617693e-03
   7.2161937e-03
   2.7881670e-03
   3.5432562e-04
   2.6424490e-03
   3.8531113e-03
  -3.2844688e-03
  -9.3491249e-03
   0.0000000e+00
   0.0000000e+00
   0.0000000e+00
  -8.2285646e-03
  -6.7403739e-03
   7.7166744e-03
   1.3736577e-02
   9.0992632e-03
   3.1906096e-03
   1.1895153e-02
   1.9902181e-02
   2.1487676e-02
   2.3645140e-02
   2.2957241e-02
   1.9652950e-02
   1.5314767e-02
   1.2565344e-02
   1.1269310e-02
   1.2427662e-02
   1.5226720e-02
   1.7772952e-02
   1.9814378e-02
   2.0055184e-02
   1.9130038e-02
   1.7085182e-02
   1.5643012e-02
   1.5742967e-02
   1.7964806e-02
   2.1988584e-02
   2.5125541e-02
   2.3721889e-02
   1.9553483e-02
   1.6881054e-02
   1.4695787e-02
   1.2831243e-02
  -0.0000000e+00
   0.0000000e+00
   0.0000000e+00
   0.0000000e+00
  -1.4389084e-02
  -1.3984448e-02
  -7.7954434e-03
   0.0000000e+00
  -5.2376057e-03
  -2.4840089e-03
   1.6461810e-03
   1.2160508e-02
   1.7581966e-02
   2.1557605e-02
   2.3769445e-02
   2.2755416e-02
   1.9892661e-02
   1.7447427e-02
   1.5880652e-02
   1.6261309e-02
   1.9394779e-02
   2.3341099e-02
   2.6660156e-02
   2.7513460e-02
   2.6417887e-02
   2.3413327e-02
   2.0475130e-02
   1.9660389e-02
   2.2623688e-02
   2.8835994e-02
   3.5538729e-02
   3.8367536e-02
   3.5528630e-02
   3.0299360e-02
   2.4404764e-02
   2.0542708e-02
   0.0000000e+00
   0.0000000e+00
   0.0000000e+00
   0.0000000e+00
  -1.6987868e-02
  -1.7916349e-02
  -1.5019615e-02
  -6.9979341e-03
  -7.5888904e-03
  -2.1988672e-03
   1.3681086e-03
   7.3147803e-03
   1.2016487e-02
   1.4882378e-02
   1.6792778e-02
   1.7206050e-02
   1.6002499e-02
   1.4538120e-02
   1.2815840e-02
   1.2679383e-02
   1.5057898e-02
   1.8871335e-02
   2.2512470e-02
   2.4112301e-02
   2.3991232e-02
   2.2004844e-02
   1.9035408e-02
   1.8058981e-02
   2.2013760e-02
   2.9363018e-02
   3.7311129e-02
   4.3202600e-02
   4.3451812e-02
   3.8078069e-02
   3.0166732e-02
   2.3666605e-02
   0.0000000e+00
   0.0000000e+00
   0.0000000e+00
   0.0000000e+00
  -1.5425884e-02
  -2.2208173e-02
  -1.9881172e-02
  -1.0374066e-02
  -9.4881698e-03
  -6.3661649e-03
  -3.7772835e-03
  -9.3599281e-04
   1.9326238e-03
   3.8077971e-03
   4.4152256e-03
   5.2116257e-03
   5.6822440e-03
   5.2395350e-03
   4.2050015e-03
   3.8677843e-03
   5.9799447e-03
   8.5192686e-03
   1.0912780e-02
   1.2692352e-02
   1.3359661e-02
   1.3197957e-02
   1.2165707e-02
   1.2227883e-02
   1.6810687e-02
   2.4132543e-02
   3.1530567e-02
   3.7618730e-02
   3.9658732e-02
   3.6872905e-02
   3.0573854e-02
   2.3033915e-02
   0.0000000e+00
   0.0000000e+00
   0.0000000e+00
  -9.8399849e-03
  -1.6610732e-02
  -2.6961787e-02
  -2.4223424e-02
  -1.4929723e-02
  -9.8710467e-03
  -8.8646132e-03
  -9.1357324e-03
  -9.1105493e-03
  -7.1838493e-03
  -6.5912134e-03
  -6.8604789e-03
  -6.6833836e-03
  -6.3135265e-03
  -5.9803484e-03
  -6.2821298e-03
  -6.0079959e-03
  -4.3478957e-03
  -3.0488814e-03
  -1.9541483e-03
   3.6058434e-05
   7.5453438e-04
   1.6619087e-03
   2.6405700e-03
   3.6488716e-03
   8.0123087e-03
   1.3935920e-02
   1.9275378e-02
   2.3789866e-02
   2.6291645e-02
   2.6474468e-02
   2.2917662e-02
   1.5962106e-02
   1.0899500e-02
   1.2108145e-02
   4.8660349e-03
  -2.8578468e-03
  -1.6128119e-02
  -2.3008729e-02
  -2.0980680e-02
  -1.4098312e-02
  -8.8461181e-03
  -8.9705568e-03
  -1.0556885e-02
  -1.2650636e-02
  -1.3350108e-02
  -1.3203433e-02
  -1.3455892e-02
  -1.4321733e-02
  -1.4977551e-02
  -1.5153337e-02
  -1.5077023e-02
  -1.4511596e-02
  -1.2700622e-02
  -1.0886480e-02
  -9.3072150e-03
  -7.4956245e-03
  -6.0524582e-03
  -4.7077020e-03
  -3.3017911e-03
  -1.6783756e-03
   1.3119893e-03
   5.3422428e-03
   8.6711021e-03
   1.1794823e-02
   1.4308050e-02
   1.4688427e-02
   1.3511486e-02
   1.0014748e-02
   8.6141173e-03
   1.1177125e-02
   9.0700528e-03
   1.1908632e-03
  -7.4616121e-03
  -1.1685443e-02
  -1.1901732e-02
  -1.0015773e-02
