   0.0000000e+00   0.0000000e+00   0.0000000e+00   0.0000000e+00   0.0000000e+00   0.0000000e+00   0.0000000e+00   0.0000000e+00   0.0000000e+00   0.0000000e+00   1.6936301e+00   1.5695372e+00   1.3117730e+00   1.1672675e+00   9.8555718e-01   1.0191075e+00   7.9948913e-01   7.5228050e-01   9.2818048e-01   1.0569981e+00   1.1874750e+00   1.2743152e+00   1.5163638e+00   1.6608324e+00   1.6160291e+00   1.5876876e+00   1.5282098e+00   1.9178932e+00   0.0000000e+00   0.0000000e+00   0.0000000e+00   0.0000000e+00   0.0000000e+00   0.0000000e+00   0.0000000e+00   0.0000000e+00
   0.0000000e+00   0.0000000e+00   0.0000000e+00   0.0000000e+00   0.0000000e+00   1.8921552e+00   2.1939855e+00   2.1801395e+00   1.9857943e+00   1.9119225e+00   1.8980048e+00   1.9662800e+00   1.9343305e+00   2.0496895e+00   2.2021785e+00   2.8301009e+00   2.8853065e+00   2.2437928e+00   2.8590952e+00   3.0458426e+00   3.0577662e+00   2.9580597e+00   2.7944143e+00   0.0000000e+00   0.0000000e+00   0.0000000e+00   1.3744079e+00   1.1189576e+00   0.0000000e+00   0.0000000e+00   0.0000000e+00   0.0000000e+00   0.0000000e+00   0.0000000e+00   0.0000000e+00   0.0000000e+00
   0.0000000e+00   0.0000000e+00   0.0000000e+00   0.0000000e+00   0.0000000e+00   2.1746761e+00   2.4140462e+00   2.7796757e+00   3.2862771e+00   3.8173771e+00   4.2572656e+00   4.6324501e+00   4.9399719e+00   5.1808252e+00   5.3314047e+00   5.3663878e+00   5.2769017e+00   5.2583334e+00   4.7286818e+00   4.4479308e+00   4.1432893e+00   0.0000000e+00   0.0000000e+00   0.0000000e+00   0.0000000e+00   0.0000000e+00   0.0000000e+00   0.0000000e+00   0.0000000e+00   0.0000000e+00   0.0000000e+00   0.0000000e+00   0.0000000e+00   0.0000000e+00   0.0000000e+00   0.0000000e+00
   0.0000000e+00   0.0000000e+00   0.0000000e+00   0.0000000e+00   0.0000000e+00   0.0000000e+00   2.3529881e+00   3.3813844e+00   4.3874588e+00   5.0035222e+00   5.4597979e+00   5.7819624e+00   5.9705266e+00   6.1054015e+00   6.1549120e+00   6.0756320e+00   5.8859968e+00   5.6356997e+00   4.9309505e+00   4.4462909e+00   0.0000000e+00   0.0000000e+00   0.0000000e+00   0.0000000e+00   0.0000000e+00   0.0000000e+00   0.0000000e+00   0.0000000e+00   0.0000000e+00   0.0000000e+00   0.0000000e+00   0.0000000e+00   0.0000000e+00   0.0000000e+00   0.0000000e+00   0.0000000e+00
   0.0000000e+00   0.0000000e+00   0.0000000e+00   0.0000000e+00   0.0000000e+00   0.0000000e+00   2.8699896e+00   3.4732202e+00   4.2499189e+00   4.7762775e+00   5.1443990e+00   5.3959649e+00   5.5031681e+00   5.5300520e+00   5.4523161e+00   5.2663188e+00   4.9913033e+00   4.2726798e+00   4.0917487e+00   4.0189331e+00   0.0000000e+00   0.0000000e+00   0.0000000e+00   0.0000000e+00   0.0000000e+00   0.0000000e+00   0.0000000e+00   0.0000000e+00   0.0000000e+00   0.0000000e+00   0.0000000e+00   0.0000000e+00   0.0000000e+00   0.0000000e+00   0.0000000e+00   0.0000000e+00
   0.0000000e+00   0.0000000e+00   0.0000000e+00   0.0000000e+00   0.0000000e+00   3.8907640e+00   3.8890774e+00   3.7910888e+00   3.7088990e+00   3.7730293e+00   3.8310270e+00   3.9277763e+00   3.9597235e+00   3.9367235e+00   3.8139932e+00   3.5843448e+00   3.2717619e+00   3.1991289e+00   2.9022654e+00   3.3706467e+00   0.0000000e+00   0.0000000e+00   0.0000000e+00   0.0000000e+00   0.0000000e+00   0.0000000e+00   0.0000000e+00   0.0000000e+00   0.0000000e+00   0.0000000e+00   0.0000000e+00   0.0000000e+00   0.0000000e+00   0.0000000e+00   0.0000000e+00   0.0000000e+00
   0.0000000e+00   0.0000000e+00   0.0000000e+00   0.0000000e+00   3.6687764e+00   3.6923602e+00   3.6446707e+00   3.2487094e+00   2.7121210e+00   2.3471012e+00   2.1040208e+00   1.9715865e+00   1.9539542e+00   1.9078608e+00   1.8026575e+00   1.5476950e+00   1.4230021e+00   1.8006881e+00   1.2758721e+00   2.5641806e+00   3.5901537e+00   0.0000000e+00   0.0000000e+00   0.0000000e+00   0.0000000e+00   0.0000000e+00   0.0000000e+00   0.0000000e+00   0.0000000e+00   0.0000000e+00   0.0000000e+00   0.0000000e+00   0.0000000e+00   0.0000000e+00   0.0000000e+00   0.0000000e+00
   0.0000000e+00   0.0000000e+00   0.0000000e+00   2.6166791e+00   2.6850431e+00   2.5674596e+00   2.3183033e+00   1.8288342e+00   1.3707242e+00   1.0861078e+00   8.6041266e-01   7.0578921e-01   6.4720140e-01   6.3837159e-01   6.6116488e-01   8.5058548e-01   1.5125647e+00   2.6673938e+00   2.1675892e+00   2.8274450e+00   3.7108843e+00   0.0000000e+00   0.0000000e+00   0.0000000e+00   0.0000000e+00   0.0000000e+00   0.0000000e+00   1.1377947e+00   2.0515074e+00   2.3985145e+00   2.3909829e+00   1.9468782e+00   0.0000000e+00   0.0000000e+00   0.0000000e+00   0.0000000e+00
   0.0000000e+00   0.0000000e+00   0.0000000e+00   1.9787061e+00   1.7259823e+00   1.4931417e+00   1.5162284e+00   1.5822823e+00   1.7038867e+00   1.8549685e+00   1.9327513e+00   1.9245282e+00   1.9081402e+00   1.9544195e+00   2.1623566e+00   2.5233459e+00   3.1099217e+00   4.1721230e+00   3.9294144e+00   4.2260917e+00   3.8092699e+00   0.0000000e+00   0.0000000e+00   0.0000000e+00   0.0000000e+00   0.0000000e+00   0.0000000e+00   5.7133979e-01   1.3791211e+00   1.8998845e+00   2.0404005e+00   1.1814746e+00   0.0000000e+00   0.0000000e+00   0.0000000e+00   0.0000000e+00
   0.0000000e+00   0.0000000e+00   0.0000000e+00   2.6691408e+00   2.5287571e+00   2.6283414e+00   2.8828621e+00   3.1512005e+00   3.3808203e+00   3.5206881e+00   3.5550053e+00   3.5380325e+00   3.5606613e+00   3.7367353e+00   4.0675616e+00   4.4561086e+00   4.9118118e+00   4.9785123e+00   3.7135845e+00   7.0523424e+00   0.0000000e+00   0.0000000e+00   0.0000000e+00   0.0000000e+00   0.0000000e+00   0.0000000e+00   4.0226152e+00   2.3757624e+00   2.6109412e+00   2.5740416e+00   2.3777234e+00   1.7322006e+00   1.2111655e+00   7.4212253e-01   1.1957490e+00   0.0000000e+00
   0.0000000e+00   0.0000000e+00   4.6861208e+00   3.8997371e+00   3.9254973e+00   4.1307912e+00   4.3707199e+00   4.5973349e+00   4.7452178e+00   4.8109250e+00   4.8026042e+00   4.7945399e+00   4.8908005e+00   5.1214843e+00   5.4486532e+00   5.7830281e+00   6.0543065e+00   5.8688302e+00   5.8316504e+00   6.2225016e+00   0.0000000e+00   0.0000000e+00   0.0000000e+00   0.0000000e+00   0.0000000e+00   0.0000000e+00   4.8251257e+00   3.9971863e+00   3.8135581e+00   3.4613185e+00   3.0087032e+00   2.4388232e+00   2.1245161e+00   1.5829342e+00   1.7638055e+00   2.0502617e+00
   0.0000000e+00   0.0000000e+00   4.9974433e+00   4.7910690e+00   5.0073881e+00   5.3641806e+00   5.6865177e+00   5.9474635e+00   6.1286564e+00   6.2343726e+00   6.3020310e+00   6.3931704e+00   6.5307975e+00   6.6996121e+00   6.9000864e+00   7.0321116e+00   6.9789953e+00   6.6124182e+00   6.3737664e+00   4.8112479e+00   0.0000000e+00   0.0000000e+00   0.0000000e+00   0.0000000e+00   0.0000000e+00   0.0000000e+00   0.0000000e+00   5.0866187e+00   4.6355972e+00   4.0894198e+00   3.3505180e+00   2.6551559e+00   2.0331207e+00   2.2047473e+00   2.3563080e+00   2.3674040e+00
   0.0000000e+00   0.0000000e+00   0.0000000e+00   5.1191181e+00   5.4576993e+00   6.0034866e+00   6.4537659e+00   6.8250051e+00   7.1391101e+00   7.3887968e+00   7.6046591e+00   7.7878981e+00   7.8886862e+00   7.9152908e+00   7.8435445e+00   7.5835690e+00   7.0840049e+00   6.4061379e+00   5.5219817e+00   3.2436466e+00   0.0000000e+00   0.0000000e+00   0.0000000e+00   0.0000000e+00   0.0000000e+00   0.0000000e+00   0.0000000e+00   5.7776630e+00   4.9520333e+00   4.0578961e+00   3.0696700e+00   2.3110857e+00   1.4923010e+00   1.3527519e+00   1.7204788e+00   2.0840038e+00
   2.1689908e+00   0.0000000e+00   0.0000000e+00   4.8826785e+00   5.4366455e+00   6.0628004e+00   6.5392179e+00   6.9307003e+00   7.2878981e+00   7.6149182e+00   7.9119921e+00   8.1397572e+00   8.2010088e+00   8.0833130e+00   7.7340283e+00   7.1685438e+00   6.4137378e+00   5.4284077e+00   4.1367741e+00   2.6508961e+00   0.0000000e+00   0.0000000e+00   0.0000000e+00   0.0000000e+00   0.0000000e+00   0.0000000e+00   0.0000000e+00   0.0000000e+00   4.9367207e+00   3.4826319e+00   2.4393353e+00   1.8986831e+00   1.6249299e+00   1.5029906e+00   1.4480835e+00   1.4653880e+00
   1.3284112e+00   0.0000000e+00   0.0000000e+00   4.3722658e+00   5.0515881e+00   5.6364012e+00   6.0107732e+00   6.2845216e+00   6.5066023e+00   6.7031384e+00   6.8987069e+00   7.0620208e+00   7.0966887e+00   6.9553909e+00   6.5695486e+00   5.9763460e+00   5.1534081e+00   3.9440644e+00   2.5910907e+00   2.3077030e+00   3.1286130e+00   0.0000000e+00   0.0000000e+00   0.0000000e+00   0.0000000e+00   0.0000000e+00   0.0000000e+00   0.0000000e+00   0.0000000e+00   2.7762975e+00   1.7197826e+00   1.4443080e+00   1.4938709e+00   1.4482285e+00   1.0992095e+00   5.7597411e-01
   1.6828789e+00   3.2243313e+00   4.0803618e+00   4.0626597e+00   4.8127060e+00   5.3482118e+00   5.6460652e+00   5.8291955e+00   5.9336200e+00   5.9683938e+00   5.9661474e+00   5.9288230e+00   5.8440952e+00   5.6774230e+00   5.3028355e+00   4.6846704e+00   3.7342451e+00   2.3160276e+00   1.3458884e+00   2.3662891e+00   2.8608109e+00   0.0000000e+00   0.0000000e+00   0.0000000e+00   0.0000000e+00   0.0000000e+00   0.0000000e+00   0.0000000e+00   0.0000000e+00   2.5770091e+00   1.3497856e+00   1.0474288e+00   1.1290028e+00   1.1182609e+00   9.4651538e-01   9.7058570e-01
   2.3515816e+00   3.3290164e+00   4.1303344e+00   4.5484762e+00   5.4469719e+00   6.0777879e+00   6.4490480e+00   6.6781130e+00   6.8137612e+00   6.8463807e+00   6.8021646e+00   6.6600237e+00   6.4147177e+00   6.0554681e+00   5.4639478e+00   4.6455646e+00   3.4906378e+00   1.8626028e+00   1.1000377e+00   2.4695625e+00   2.3764758e+00   0.0000000e+00   0.0000000e+00   0.0000000e+00   0.0000000e+00   0.0000000e+00   0.0000000e+00   0.0000000e+00   0.0000000e+00   2.4673345e+00   1.5121535e+00   9.7242630e-01   9.0836328e-01   9.1746688e-01   1.0442220e+00   1.5262946e+00
   2.6492426e+00   3.5574604e+00   4.3732409e+00   5.1802662e+00   6.1384599e+00   6.8677198e+00   7.3365894e+00   7.6348691e+00   7.8186245e+00   7.8720632e+00   7.8116627e+00   7.6062756e+00   7.2579132e+00   6.7579214e+00   6.0386355e+00   5.2054761e+00   4.1892791e+00   2.9090000e+00   2.1875214e+00   2.8092081e+00   2.7360990e+00   0.0000000e+00   0.0000000e+00   0.0000000e+00   0.0000000e+00   0.0000000e+00   0.0000000e+00   0.0000000e+00   0.0000000e+00   0.0000000e+00   1.6308350e+00   1.1601332e+00   9.3581391e-01   9.0429093e-01   1.1408299e+00   1.7639230e+00
   2.6182901e+00   3.4492856e+00   4.2681718e+00   5.1195859e+00   5.9858935e+00   6.7019822e+00   7.2106610e+00   7.5634585e+00   7.8047881e+00   7.9115810e+00   7.8956719e+00   7.7238751e+00   7.3889685e+00   6.9079567e+00   6.2568872e+00   5.5529392e+00   4.7725257e+00   3.9128714e+00   3.4799810e+00   3.6960376e+00   3.7058592e+00   0.0000000e+00   0.0000000e+00   0.0000000e+00   0.0000000e+00   0.0000000e+00   0.0000000e+00   0.0000000e+00   0.0000000e+00   0.0000000e+00   1.7159344e+00   1.3175621e+00   1.0147332e+00   9.0733535e-01   1.1536368e+00   1.7994757e+00
   2.3621500e+00   3.0507360e+00   3.7565904e+00   4.4554906e+00   5.1339064e+00   5.7109771e+00   6.1505113e+00   6.5140257e+00   6.8308458e+00   7.0739431e+00   7.2459564e+00   7.3381128e+00   7.3046556e+00   7.1510906e+00   6.8405714e+00   6.4193974e+00   5.9069724e+00   5.3645096e+00   4.9184790e+00   4.4203997e+00   3.8249128e+00   0.0000000e+00   0.0000000e+00   0.0000000e+00   0.0000000e+00   0.0000000e+00   0.0000000e+00   0.0000000e+00   0.0000000e+00   0.0000000e+00   1.8022588e+00   1.4108051e+00   1.1205455e+00   9.2815638e-01   1.0959009e+00   1.6719182e+00
   2.3639412e+00   2.9201875e+00   3.5271454e+00   4.1398382e+00   4.7126489e+00   5.2317677e+00   5.6839318e+00   6.1329174e+00   6.5812564e+00   6.9572849e+00   7.2733884e+00   7.5462117e+00   7.7210302e+00   7.7639480e+00   7.6349230e+00   7.3761525e+00   7.0019302e+00   6.4835968e+00   5.8671317e+00   5.0000048e+00   3.7884952e+00   0.0000000e+00   0.0000000e+00   0.0000000e+00   0.0000000e+00   0.0000000e+00   0.0000000e+00   0.0000000e+00   0.0000000e+00   0.0000000e+00   2.1070523e+00   1.7107160e+00   1.5438610e+00   1.3759429e+00   1.4312421e+00   1.8357763e+00
   3.0374095e+00   3.4333663e+00   3.9562187e+00   4.5201840e+00   5.0387917e+00   5.5085454e+00   5.9449744e+00   6.3912773e+00   6.8505111e+00   7.2338271e+00   7.5382371e+00   7.7783399e+00   7.9237714e+00   7.9509149e+00   7.8576236e+00   7.6716394e+00   7.3988056e+00   7.0102510e+00   6.5212297e+00   5.8000498e+00   4.7664089e+00   0.0000000e+00   0.0000000e+00   0.0000000e+00   0.0000000e+00   0.0000000e+00   0.0000000e+00   0.0000000e+00   0.0000000e+00   0.0000000e+00   2.2412898e+00   2.2073691e+00   2.3278649e+00   2.3763506e+00   2.4733598e+00   2.7068603e+00
   4.1550660e+00   4.4023728e+00   4.7680864e+00   5.1750374e+00   5.5132260e+00   5.7778668e+00   5.9952712e+00   6.2267652e+00   6.4953070e+00   6.7429733e+00   6.9171686e+00   7.0322809e+00   7.1257257e+00   7.2049813e+00   7.2602062e+00   7.2740479e+00   7.2377253e+00   7.1375790e+00   6.9502258e+00   6.6151552e+00   6.2045956e+00   4.9563685e+00   0.0000000e+00   0.0000000e+00   0.0000000e+00   0.0000000e+00   0.0000000e+00   0.0000000e+00   0.0000000e+00   0.0000000e+00   0.0000000e+00   2.6687529e+00   3.1501734e+00   3.5010562e+00   3.7696047e+00   3.9570901e+00
   5.1381078e+00   5.2788730e+00   5.4768267e+00   5.6777978e+00   5.8270335e+00   5.8849120e+00   5.8484092e+00   5.8281727e+00   5.8619728e+00   5.9125948e+00   5.9394093e+00   5.9315610e+00   5.9572887e+00   6.0552497e+00   6.2344995e+00   6.4324408e+00   6.6220856e+00   6.7733321e+00   6.8601227e+00   6.8939190e+00   6.8677511e+00   6.1590428e+00   0.0000000e+00   0.0000000e+00   0.0000000e+00   0.0000000e+00   0.0000000e+00   0.0000000e+00   0.0000000e+00   0.0000000e+00   0.0000000e+00   3.0798039e+00   3.7707531e+00   4.3173423e+00   4.7694340e+00   5.0158267e+00
   5.6307893e+00   5.6866274e+00   5.7222180e+00   5.7290025e+00   5.7239799e+00   5.6598878e+00   5.5096579e+00   5.3477550e+00   5.2169380e+00   5.1149893e+00   5.0428710e+00   4.9654112e+00   4.9090595e+00   4.9259987e+00   5.0769191e+00   5.3065791e+00   5.6048036e+00   5.9349089e+00   6.2346516e+00   6.5593624e+00   6.8487434e+00   6.4486558e+00   0.0000000e+00   0.0000000e+00   0.0000000e+00   0.0000000e+00   0.0000000e+00   0.0000000e+00   0.0000000e+00   0.0000000e+00   0.0000000e+00   3.4104086e+00   4.1180553e+00   4.7111130e+00   5.1953640e+00   5.5104117e+00
   5.0076413e+00   5.1341429e+00   5.0772624e+00   4.9840412e+00   4.9135838e+00   4.8460188e+00   4.7732420e+00   4.6548138e+00   4.4995570e+00   4.3529253e+00   4.2231026e+00   4.1412024e+00   4.0782633e+00   4.0459785e+00   4.1037121e+00   4.2450595e+00   4.4789190e+00   4.8208342e+00   5.1893992e+00   5.6667871e+00   6.3322043e+00   6.5308427e+00   0.0000000e+00   0.0000000e+00   0.0000000e+00   0.0000000e+00   0.0000000e+00   0.0000000e+00   0.0000000e+00   0.0000000e+00   0.0000000e+00   0.0000000e+00   3.8489690e+00   4.2592376e+00   4.6107650e+00   4.8698611e+00
   3.4264438e+00   3.6873183e+00   3.6868207e+00   3.6229470e+00   3.6149595e+00   3.6405692e+00   3.6890562e+00   3.7049751e+00   3.6393561e+00   3.5241208e+00   3.4022491e+00   3.3253546e+00   3.2914400e+00   3.2599835e+00   3.2275329e+00   3.2792716e+00   3.4213841e+00   3.6752217e+00   4.0178123e+00   4.5100007e+00   5.3686085e+00   6.3862071e+00   0.0000000e+00   0.0000000e+00   0.0000000e+00   0.0000000e+00   0.0000000e+00   0.0000000e+00   0.0000000e+00   0.0000000e+00   0.0000000e+00   0.0000000e+00   0.0000000e+00   3.6918051e+00   3.1896826e+00   3.3393333e+00
   1.0991486e+00   1.2068460e+00   1.2742161e+00   1.3741646e+00   1.5156190e+00   1.6843663e+00   1.8631544e+00   1.9934524e+00   2.0486948e+00   2.0266140e+00   1.9597468e+00   1.9067885e+00   1.8792645e+00   1.8369795e+00   1.7558575e+00   1.6993259e+00   1.7166158e+00   1.8320559e+00   2.1324842e+00   2.6776049e+00   3.7139199e+00   5.4802756e+00   0.0000000e+00   0.0000000e+00   0.0000000e+00   0.0000000e+00   0.0000000e+00   0.0000000e+00   0.0000000e+00   0.0000000e+00   0.0000000e+00   0.0000000e+00   0.0000000e+00   0.0000000e+00   0.0000000e+00   7.3436699e-01
   1.7509703e+00   1.6875670e+00   1.5859195e+00   1.3836027e+00   1.1426396e+00   9.4062901e-01   8.0167022e-01   7.1788740e-01   6.8010682e-01   6.6111330e-01   6.4339852e-01   6.5102530e-01   6.3159721e-01   5.8511531e-01   5.4559076e-01   5.5212908e-01   5.8399135e-01   6.7700869e-01   9.0976817e-01   1.3799042e+00   2.3827925e+00   4.0703964e+00   4.9727627e+00   0.0000000e+00   0.0000000e+00   0.0000000e+00   0.0000000e+00   0.0000000e+00   0.0000000e+00   0.0000000e+00   0.0000000e+00   0.0000000e+00   0.0000000e+00   0.0000000e+00   0.0000000e+00   0.0000000e+00
   0.0000000e+00   3.8699303e+00   3.6703482e+00   3.2578158e+00   2.8234940e+00   2.4183426e+00   2.0954394e+00   1.8418478e+00   1.6874293e+00   1.6393337e+00   1.6277174e+00   1.6638148e+00   1.7011855e+00   1.7437981e+00   1.8442233e+00   1.9513271e+00   2.0500739e+00   2.1237559e+00   2.1234174e+00   2.0274212e+00   2.0329993e+00   2.8633010e+00   3.5937347e+00   0.0000000e+00   0.0000000e+00   0.0000000e+00   0.0000000e+00   0.0000000e+00   0.0000000e+00   0.0000000e+00   0.0000000e+00   0.0000000e+00   0.0000000e+00   0.0000000e+00   0.0000000e+00   0.0000000e+00
   3.7513143e+00   4.2176511e+00   3.8637311e+00   3.6583972e+00   3.6080653e+00   3.5017979e+00   3.3824157e+00   3.2681119e+00   3.2099478e+00   3.2285534e+00   3.2886052e+00   3.3720154e+00   3.4533352e+00   3.5403754e+00   3.6282220e+00   3.7035412e+00   3.7866723e+00   3.8094628e+00   3.7382865e+00   3.4966178e+00   3.0502271e+00   2.7422605e+00   2.6977338e+00   0.0000000e+00   0.0000000e+00   0.0000000e+00   0.0000000e+00   0.0000000e+00   0.0000000e+00   0.0000000e+00   0.0000000e+00   0.0000000e+00   0.0000000e+00   0.0000000e+00   0.0000000e+00   0.0000000e+00
   2.8208618e+00   2.8211970e+00   2.6986229e+00   3.1801052e+00   3.4973149e+00   3.7457159e+00   3.9163179e+00   4.0759177e+00   4.1994681e+00   4.3235474e+00   4.4796276e+00   4.6412868e+00   4.7620163e+00   4.8899279e+00   4.9910283e+00   5.0333705e+00   5.0485096e+00   5.0014811e+00   4.8353105e+00   4.5428944e+00   4.0125113e+00   3.2145929e+00   2.5192198e+00   0.0000000e+00   0.0000000e+00   0.0000000e+00   0.0000000e+00   0.0000000e+00   0.0000000e+00   0.0000000e+00   0.0000000e+00   0.0000000e+00   0.0000000e+00   0.0000000e+00   0.0000000e+00   0.0000000e+00
   2.1724107e+00   2.1889255e+00   2.4230912e+00   2.8104932e+00   3.2088640e+00   3.5644429e+00   3.8397644e+00   4.1082864e+00   4.3514400e+00   4.5587378e+00   4.7661524e+00   4.9947739e+00   5.1630235e+00   5.2742925e+00   5.3532500e+00   5.3842106e+00   5.3730531e+00   5.3052654e+00   5.1513243e+00   4.8947477e+00   4.4611511e+00   3.7755353e+00   2.8108289e+00   0.0000000e+00   0.0000000e+00   0.0000000e+00   0.0000000e+00   0.0000000e+00   0.0000000e+00   0.0000000e+00   0.0000000e+00   0.0000000e+00   0.0000000e+00   0.0000000e+00   0.0000000e+00   0.0000000e+00
   1.9701717e+00   1.8646095e+00   1.9620899e+00   2.1752379e+00   2.5007284e+00   2.8579593e+00   3.1866193e+00   3.4496300e+00   3.6857023e+00   3.9062977e+00   4.0921679e+00   4.2766995e+00   4.4300175e+00   4.5290523e+00   4.5759282e+00   4.5999236e+00   4.5887170e+00   4.5128350e+00   4.4262567e+00   4.3085585e+00   4.1311293e+00   3.8672857e+00   3.5644245e+00   3.2306446e+00   2.8982755e+00   2.6503215e+00   0.0000000e+00   0.0000000e+00   0.0000000e+00   0.0000000e+00   0.0000000e+00   0.0000000e+00   0.0000000e+00   0.0000000e+00   0.0000000e+00   0.0000000e+00
   1.8293630e+00   1.6046004e+00   1.5930364e+00   1.5806537e+00   1.6548666e+00   1.8597641e+00   2.0604682e+00   2.2417994e+00   2.4180207e+00   2.5395176e+00   2.6661835e+00   2.7659562e+00   2.8603082e+00   2.9394624e+00   2.9762332e+00   2.9967511e+00   2.9615934e+00   2.9585590e+00   2.9572899e+00   3.0066466e+00   3.1139414e+00   3.2723131e+00   3.4673412e+00   3.6549459e+00   3.7985869e+00   3.6542007e+00   3.6117642e+00   0.0000000e+00   0.0000000e+00   0.0000000e+00   0.0000000e+00   0.0000000e+00   0.0000000e+00   0.0000000e+00   2.4876022e+00   2.0550962e+00
   1.7844859e+00   1.6945448e+00   1.5954101e+00   1.4601140e+00   1.3737647e+00   1.2926679e+00   1.2349547e+00   1.1933202e+00   1.1513221e+00   1.1148756e+00   1.0687027e+00   1.0272499e+00   9.9800992e-01   9.8040830e-01   9.6663281e-01   9.7294084e-01   1.0160896e+00   1.1174891e+00   1.2784170e+00   1.5088382e+00   1.8049191e+00   2.0930940e+00   2.3687127e+00   2.6019368e+00   2.7870389e+00   2.9002646e+00   3.0276358e+00   3.1037442e+00   3.1347236e+00   2.9417306e+00   2.9655023e+00   2.9172128e+00   2.8147062e+00   2.6790164e+00   2.4051319e+00   2.0197798e+00
