-START-OF-DATA-
1759.5 0.00032082
1769.5 0.00032082
1779.5 0.00032082
1789.5 0.00032082
1799.5 0.00032082
1809.5 0.00032082
1819.5 0.00032082
1829.5 0.00032082
1839.5 0.00032082
1849.5 0.00032082
1859.5 0.00032082
1869.5 0.00032082
1879.5 0.00032082
1889.5 0.00032082
1899.5 0.00032082
1909.5 0.00032082
1919.5 0.00032082
1929.5 0.00032082
1939.5 0.00032082
1949.5 0.000342
1959.5 0.000349
1969.5 0.00036
1979.5 0.000376
1989.5 0.000396
1999.5 0.000418
2009.5 0.000445
2019.5 0.000482
2029.5 0.00053
2039.5 0.00059
2049.5 0.000665
2059.5 0.000756
2069.5 0.000864
2079.5 0.00099
2089.5 0.001133
2099.5 0.001293
2109.5 0.001443
2119.5 0.001604
2129.5 0.001766
2139.5 0.001904
2149.5 0.002031
2159.5 0.002135
2169.5 0.002227
2179.5 0.002297
2189.5 0.002343
2199.5 0.002389
2209.5 0.002412
2219.5 0.002435
2229.5 0.002447
2239.5 0.002458
2249.5 0.002458
2259.5 0.002458
2269.5 0.002447
2279.5 0.002447
2289.5 0.002435
2299.5 0.002423
2309.5 0.002423
2319.5 0.002412
2329.5 0.0024
2339.5 0.002389
2349.5 0.002377
2359.5 0.002366
2369.5 0.002354
2379.5 0.002343
2389.5 0.002331
2399.5 0.00232
2409.5 0.00232
2419.5 0.002308
2429.5 0.002297
2439.5 0.002285
2449.5 0.002273
2459.5 0.002262
2469.5 0.002262
2479.5 0.00225
2489.5 0.002239
2499.5 0.002227
2509.5 0.002216
2519.5 0.002216
2529.5 0.002204
2539.5 0.002193
2549.5 0.002193
2559.5 0.002181
2569.5 0.00217
2579.5 0.002158
2589.5 0.002158
2599.5 0.002146
2609.5 0.002135
2619.5 0.002135
2629.5 0.002123
2639.5 0.002112
2649.5 0.002112
2659.5 0.0021
2669.5 0.002089
2679.5 0.002089
2689.5 0.002077
2699.5 0.002066
2709.5 0.002066
2719.5 0.002054
2729.5 0.002054
2739.5 0.002043
2749.5 0.002031
2759.5 0.002031
2769.5 0.00202
2779.5 0.00202
2789.5 0.002008
2799.5 0.001996
2809.5 0.001996
2819.5 0.001985
2829.5 0.001985
2839.5 0.001973
2849.5 0.001973
2859.5 0.001962
2869.5 0.00195
2879.5 0.00195
2889.5 0.001939
2899.5 0.001939
2909.5 0.001927
2919.5 0.001927
2929.5 0.001916
2939.5 0.001916
2949.5 0.001904
2959.5 0.001904
2969.5 0.001893
2979.5 0.001893
2989.5 0.001881
2999.5 0.001881
3009.5 0.00187
3019.5 0.00187
3029.5 0.001858
3039.5 0.001858
3049.5 0.001846
3059.5 0.001846
3069.5 0.001835
3079.5 0.001835
3089.5 0.001823
3099.5 0.001823
3109.5 0.001812
3119.5 0.001812
3129.5 0.001812
3139.5 0.0018
3149.5 0.0018
3159.5 0.001789
3169.5 0.001789
3179.5 0.001777
3189.5 0.001777
3199.5 0.001766
3209.5 0.001766
3219.5 0.001766
3229.5 0.001754
3239.5 0.001754
3249.5 0.001743
3259.5 0.001743
3269.5 0.001731
3279.5 0.001731
3289.5 0.001731
3299.5 0.00172
3309.5 0.00172
3319.5 0.001708
3329.5 0.001708
3339.5 0.001708
3349.5 0.001696
3359.5 0.001696
3369.5 0.001685
3379.5 0.001685
3389.5 0.001685
3399.5 0.001673
3409.5 0.001673
3419.5 0.001673
3429.5 0.001662
3439.5 0.001662
3449.5 0.00165
3459.5 0.00165
3469.5 0.00165
3479.5 0.001639
3489.5 0.001639
3499.5 0.001639
3509.5 0.001627
3519.5 0.001627
3529.5 0.001616
3539.5 0.001616
3549.5 0.001616
3559.5 0.001604
3569.5 0.001604
3579.5 0.001604
3589.5 0.001593
3599.5 0.001593
3609.5 0.001593
3619.5 0.001581
3629.5 0.001581
3639.5 0.001581
3649.5 0.001569
3659.5 0.001569
3669.5 0.001569
3679.5 0.001558
3689.5 0.001558
3699.5 0.001558
3709.5 0.001546
3719.5 0.001546
3729.5 0.001546
3739.5 0.001535
3749.5 0.001535
3759.5 0.001535
3769.5 0.001535
3779.5 0.001523
3789.5 0.001523
3799.5 0.001523
3809.5 0.001512
3819.5 0.001512
3829.5 0.001512
3839.5 0.0015
3849.5 0.0015
3859.5 0.0015
3869.5 0.0015
3879.5 0.001489
3889.5 0.001489
3899.5 0.001489
3909.5 0.001477
3919.5 0.001477
3929.5 0.001477
3939.5 0.001477
3949.5 0.001466
3959.5 0.001466
3969.5 0.001466
3979.5 0.001466
3989.5 0.001454
3999.5 0.001454
4009.5 0.001454
4019.5 0.001443
4029.5 0.001443
4039.5 0.001443
4049.5 0.001443
4059.5 0.001431
4069.5 0.001431
4079.5 0.001431
4089.5 0.001431
4099.5 0.001419
4109.5 0.001419
4119.5 0.001419
4129.5 0.001419
4139.5 0.001408
4149.5 0.001408
4159.5 0.001408
4169.5 0.001408
4179.5 0.001408
4189.5 0.001396
4199.5 0.001396
4209.5 0.001396
4219.5 0.001396
4229.5 0.001385
4239.5 0.001385
4249.5 0.001385
4259.5 0.001385
4269.5 0.001373
4279.5 0.001373
4289.5 0.001373
4299.5 0.001373
4309.5 0.001373
4319.5 0.001362
4329.5 0.001362
4339.5 0.001362
4349.5 0.001362
4359.5 0.001362
4369.5 0.00135
4379.5 0.00135
4389.5 0.00135
4399.5 0.00135
4409.5 0.00135
4419.5 0.001339
4429.5 0.001339
4439.5 0.001339
4449.5 0.001339
4459.5 0.001339
4469.5 0.001327
4479.5 0.001327
4489.5 0.001327
4499.5 0.001327
4509.5 0.001327
4519.5 0.001316
4529.5 0.001316
4539.5 0.001316
4549.5 0.001316
4559.5 0.001316
4569.5 0.001316
4579.5 0.001304
4589.5 0.001304
4599.5 0.001304
4609.5 0.001304
4619.5 0.001304
4629.5 0.001293
4639.5 0.001293
4649.5 0.001293
4659.5 0.001293
4669.5 0.001293
4679.5 0.001293
4689.5 0.001281
4699.5 0.001281
4709.5 0.001281
4719.5 0.001281
4729.5 0.001281
4739.5 0.001281
4749.5 0.001281
4759.5 0.001269
4769.5 0.001269
4779.5 0.001269
4789.5 0.001269
4799.5 0.001269
4809.5 0.001269
4819.5 0.001258
4829.5 0.001258
4839.5 0.001258
4849.5 0.001258
4859.5 0.001258
4869.5 0.001258
4879.5 0.001258
4889.5 0.001246
4899.5 0.001246
4909.5 0.001246
4919.5 0.001246
4929.5 0.001246
4939.5 0.001246
4949.5 0.001246
4959.5 0.001235
4969.5 0.001235
4979.5 0.001235
4989.5 0.001235
4999.5 0.001235
5009.5 0.001235
5019.5 0.001235
5029.5 0.001235
5039.5 0.001223
5049.5 0.001223
5059.5 0.001223
5069.5 0.001223
5079.5 0.001223
5089.5 0.001223
5099.5 0.001223
5109.5 0.001223
5119.5 0.001212
5129.5 0.001212
5139.5 0.001212
5149.5 0.001212
5159.5 0.001212
5169.5 0.001212
5179.5 0.001212
5189.5 0.001212
5199.5 0.0012
5209.5 0.0012
5219.5 0.0012
5229.5 0.0012
5239.5 0.0012
5249.5 0.0012
5259.5 0.0012
5269.5 0.0012
5279.5 0.0012
5289.5 0.001189
5299.5 0.001189
5309.5 0.001189
5319.5 0.001189
5329.5 0.001189
5339.5 0.001189
5349.5 0.001189
5359.5 0.001189
5369.5 0.001189
5379.5 0.001177
5389.5 0.001177
5399.5 0.001177
5409.5 0.001177
5419.5 0.001177
5429.5 0.001177
5439.5 0.001177
5449.5 0.001177
5459.5 0.001177
5469.5 0.001177
5479.5 0.001166
5489.5 0.001166
5499.5 0.001166
5509.5 0.001166
5519.5 0.001166
5529.5 0.001166
5539.5 0.001166
5549.5 0.001166
5559.5 0.001166
5569.5 0.001166
5579.5 0.001154
5589.5 0.001154
5599.5 0.001154
5609.5 0.001154
5619.5 0.001154
5629.5 0.001154
5639.5 0.001153
5649.5 0.001152
5659.5 0.001151
5669.5 0.001149
5679.5 0.001149
5689.5 0.001148
5699.5 0.001147
5709.5 0.001146
5719.5 0.001145
5729.5 0.001144
5739.5 0.001142
5749.5 0.001141
5759.5 0.001141
5769.5 0.00114
5779.5 0.001139
5789.5 0.001138
5799.5 0.001137
5809.5 0.001136
5819.5 0.001136
5829.5 0.001134
5839.5 0.001133
5849.5 0.001132
5859.5 0.001131
5869.5 0.001131
5879.5 0.00113
5889.5 0.001129
5899.5 0.001127
5909.5 0.001127
5919.5 0.001126
5929.5 0.001125
5939.5 0.001124
5949.5 0.001123
5959.5 0.001123
5969.5 0.001122
5979.5 0.001121
5989.5 0.001119
5999.5 0.001119
6009.5 0.001118
6019.5 0.001117
6029.5 0.001117
6039.5 0.001116
6049.5 0.001115
6059.5 0.001114
6069.5 0.001114
6079.5 0.001112
6089.5 0.001111
6099.5 0.001111
6109.5 0.00111
6119.5 0.001109
6129.5 0.001109
6139.5 0.001108
6149.5 0.001107
6159.5 0.001107
6169.5 0.001106
6179.5 0.001104
6189.5 0.001104
6199.5 0.001103
6209.5 0.001102
6219.5 0.001102
6229.5 0.001101
6239.5 0.0011
6249.5 0.0011
6259.5 0.001099
6269.5 0.001097
6279.5 0.001097
6289.5 0.001096
6299.5 0.001096
6309.5 0.001095
6319.5 0.001094
6329.5 0.001094
6339.5 0.001093
6349.5 0.001092
6359.5 0.001092
6369.5 0.001091
6379.5 0.001091
6389.5 0.001089
6399.5 0.001089
6409.5 0.001088
6419.5 0.001087
6429.5 0.001087
6439.5 0.001086
6449.5 0.001086
6459.5 0.001085
6469.5 0.001084
6479.5 0.001084
6489.5 0.001082
6499.5 0.001082
6509.5 0.001081
6519.5 0.001081
6529.5 0.00108
6539.5 0.001079
6549.5 0.001079
6559.5 0.001078
6569.5 0.001078
6579.5 0.001077
6589.5 0.001077
6599.5 0.001076
6609.5 0.001076
6619.5 0.001074
6629.5 0.001074
6639.5 0.001073
6649.5 0.001072
6659.5 0.001072
6669.5 0.001071
6679.5 0.001071
6689.5 0.00107
6699.5 0.00107
6709.5 0.001069
6719.5 0.001069
6729.5 0.001067
6739.5 0.001067
6749.5 0.001066
6759.5 0.001066
6769.5 0.001065
6779.5 0.001065
6789.5 0.001064
6799.5 0.001064
6809.5 0.001063
6819.5 0.001062
6829.5 0.001062
6839.5 0.001061
6849.5 0.001061
6859.5 0.001059
6869.5 0.001059
6879.5 0.001058
6889.5 0.001058
6899.5 0.001057
6909.5 0.001057
6919.5 0.001056
6929.5 0.001056
6939.5 0.001055
6949.5 0.001055
6959.5 0.001054
6969.5 0.001054
6979.5 0.001052
6989.5 0.001052
6999.5 0.001051
7009.5 0.001051
7019.5 0.00105
7029.5 0.00105
7039.5 0.001049
7049.5 0.001049
7059.5 0.001048
7069.5 0.001048
7079.5 0.001047
7089.5 0.001047
7099.5 0.001046
7109.5 0.001046
7119.5 0.001044
7129.5 0.001044
7139.5 0.001043
7149.5 0.001043
7159.5 0.001042
7169.5 0.001042
7179.5 0.001041
7189.5 0.001041
7199.5 0.00104
7209.5 0.00104
7219.5 0.001039
7229.5 0.001039
7239.5 0.001039
7249.5 0.001037
7259.5 0.001037
7269.5 0.001036
7279.5 0.001036
7289.5 0.001035
7299.5 0.001035
7309.5 0.001034
7319.5 0.001034
7329.5 0.001033
7339.5 0.001033
7349.5 0.001032
7359.5 0.001032
7369.5 0.001031
7379.5 0.001031
7389.5 0.001029
7399.5 0.001029
7409.5 0.001028
7419.5 0.001028
7429.5 0.001027
7439.5 0.001027
7449.5 0.001027
7459.5 0.001026
7469.5 0.001026
7479.5 0.001025
7489.5 0.001025
7499.5 0.001024
7509.5 0.001024
7519.5 0.001022
7529.5 0.001022
7539.5 0.001021
7549.5 0.001021
7559.5 0.00102
7569.5 0.00102
7579.5 0.001019
7589.5 0.001019
7599.5 0.001019
7609.5 0.001018
7619.5 0.001018
7629.5 0.001017
7639.5 0.001017
7649.5 0.001016
7659.5 0.001016
7669.5 0.001014
7679.5 0.001014
7689.5 0.001013
7699.5 0.001013
7709.5 0.001013
7719.5 0.001012
7729.5 0.001012
7739.5 0.001011
7749.5 0.001011
7759.5 0.00101
7769.5 0.00101
7779.5 0.001009
7789.5 0.001009
7799.5 0.001007
7809.5 0.001007
7819.5 0.001007
7829.5 0.001006
7839.5 0.001006
7849.5 0.001005
7859.5 0.001005
7869.5 0.001004
7879.5 0.001004
7889.5 0.001003
7899.5 0.001003
7909.5 0.001003
7919.5 0.001002
7929.5 0.001002
7939.5 0.001001
7949.5 0.001001
7959.5 0.000999
7969.5 0.000999
7979.5 0.000998
7989.5 0.000998
7999.5 0.000998
8009.5 0.000997
8019.5 0.000997
8029.5 0.000996
8039.5 0.000996
8049.5 0.000995
8059.5 0.000995
8069.5 0.000995
8079.5 0.000994
8089.5 0.000994
8099.5 0.000992
8109.5 0.000992
8119.5 0.000991
8129.5 0.000991
8139.5 0.000991
8149.5 0.00099
8159.5 0.00099
8169.5 0.000989
8179.5 0.000989
8189.5 0.000988
8199.5 0.000988
8209.5 0.000988
8219.5 0.000987
8229.5 0.000987
8239.5 0.000986
8249.5 0.000986
8259.5 0.000984
8269.5 0.000984
8279.5 0.000984
8289.5 0.000983
8299.5 0.000983
8309.5 0.000982
8319.5 0.000982
8329.5 0.000981
8339.5 0.000981
8349.5 0.000981
8359.5 0.00098
8369.5 0.00098
8379.5 0.000979
8389.5 0.000979
8399.5 0.000977
8409.5 0.000977
8419.5 0.000977
8429.5 0.000976
8439.5 0.000976
8449.5 0.000975
8459.5 0.000975
8469.5 0.000975
8479.5 0.000974
8489.5 0.000974
8499.5 0.000973
8509.5 0.000973
8519.5 0.000973
8529.5 0.000972
8539.5 0.000972
8549.5 0.000971
8559.5 0.000971
8569.5 0.000969
8579.5 0.000969
8589.5 0.000969
8599.5 0.000968
8609.5 0.000968
8619.5 0.000967
8629.5 0.000967
8639.5 0.000967
8649.5 0.000966
8659.5 0.000966
8669.5 0.000965
8679.5 0.000965
8689.5 0.000965
8699.5 0.000964
8709.5 0.000964
8719.5 0.000962
8729.5 0.000962
8739.5 0.000962
8749.5 0.000961
8759.5 0.000961
8769.5 0.00096
8779.5 0.00096
8789.5 0.00096
8799.5 0.000959
8809.5 0.000959
8819.5 0.000959
8829.5 0.000958
8839.5 0.000958
8849.5 0.000957
8859.5 0.000957
8869.5 0.000957
8879.5 0.000956
8889.5 0.000956
8899.5 0.000954
8909.5 0.000954
8919.5 0.000954
8929.5 0.000953
8939.5 0.000953
8949.5 0.000952
8959.5 0.000952
8969.5 0.000952
8979.5 0.000951
8989.5 0.000951
8999.5 0.000951
9009.5 0.00095
9019.5 0.00095
9029.5 0.000949
9039.5 0.000949
9049.5 0.000949
9059.5 0.000947
9069.5 0.000947
9079.5 0.000946
9089.5 0.000946
9099.5 0.000946
9109.5 0.000945
9119.5 0.000945
9129.5 0.000945
9139.5 0.000944
9149.5 0.000944
9159.5 0.000943
9169.5 0.000943
9179.5 0.000943
9189.5 0.000942
9199.5 0.000942
9209.5 0.000942
9219.5 0.000941
9229.5 0.000941
9239.5 0.000939
9249.5 0.000939
9259.5 0.000939
9269.5 0.000938
9279.5 0.000938
9289.5 0.000938
9299.5 0.000937
9309.5 0.000937
9319.5 0.000937
9329.5 0.000936
9339.5 0.000936
9349.5 0.000935
9359.5 0.000935
9369.5 0.000935
9379.5 0.000934
9389.5 0.000934
9399.5 0.000934
9409.5 0.000932
9419.5 0.000932
9429.5 0.000931
9439.5 0.000931
9449.5 0.000931
9459.5 0.00093
9469.5 0.00093
9479.5 0.00093
9489.5 0.000929
9499.5 0.000929
9509.5 0.000929
9519.5 0.000928
9529.5 0.000928
9539.5 0.000927
9549.5 0.000927
9559.5 0.000927
9569.5 0.000926
9579.5 0.000926
9589.5 0.000926
9599.5 0.000924
9609.5 0.000924
9619.5 0.000923
9629.5 0.000923
9639.5 0.000923
9649.5 0.000922
9659.5 0.000922
9669.5 0.000921
9679.5 0.000921
9689.5 0.000921
9699.5 0.00092
9709.5 0.00092
9719.5 0.000919
9729.5 0.000919
9739.5 0.000919
9749.5 0.000917
9759.5 0.000917
9769.5 0.000917
9779.5 0.000916
9789.5 0.000916
9799.5 0.000915
9809.5 0.000915
9819.5 0.000915
9829.5 0.000914
9839.5 0.000914
9849.5 0.000914
9859.5 0.000913
9869.5 0.000913
9879.5 0.000912
9889.5 0.000912
9899.5 0.000912
9909.5 0.000911
9919.5 0.000911
9929.5 0.000911
9939.5 0.000909
9949.5 0.000909
9959.5 0.000909
9969.5 0.000908
9979.5 0.000908
9989.5 0.000907
9999.5 0.000907
10009.5 0.000907
10019.5 0.000906
10029.5 0.000906
10039.5 0.000906
10049.5 0.000905
10059.5 0.000905
10069.5 0.000905
10079.5 0.000904
10089.5 0.000904
10099.5 0.000904
10109.5 0.000902
10119.5 0.000902
10129.5 0.000902
10139.5 0.000901
10149.5 0.000901
10159.5 0.000901
10169.5 9e-04
10179.5 9e-04
10189.5 9e-04
10199.5 0.000899
10209.5 0.000899
10219.5 0.000899
10229.5 0.000898
10239.5 0.000898
10249.5 0.000898
10259.5 0.000897
10269.5 0.000897
10279.5 0.000897
10289.5 0.000896
10299.5 0.000896
10309.5 0.000896
10319.5 0.000894
10329.5 0.000894
10339.5 0.000894
10349.5 0.000893
10359.5 0.000893
10369.5 0.000893
10379.5 0.000892
10389.5 0.000892
10399.5 0.000892
10409.5 0.000892
10419.5 0.000891
10429.5 0.000891
10439.5 0.000891
10449.5 0.00089
10459.5 0.00089
10469.5 0.00089
10479.5 0.000889
10489.5 0.000889
10499.5 0.000889
10509.5 0.000887
10519.5 0.000887
10529.5 0.000887
10539.5 0.000886
10549.5 0.000886
10559.5 0.000886
10569.5 0.000886
10579.5 0.000885
10589.5 0.000885
10599.5 0.000885
10609.5 0.000884
10619.5 0.000884
10629.5 0.000884
10639.5 0.000884
10649.5 0.000883
10659.5 0.000883
10669.5 0.000883
10679.5 0.000882
10689.5 0.000882
10699.5 0.000882
10709.5 0.000881
10719.5 0.000881
10729.5 0.000881
10739.5 0.000881
10749.5 0.000879
10759.5 0.000879
10769.5 0.000879
10779.5 0.000878
10789.5 0.000878
10799.5 0.000878
10809.5 0.000878
10819.5 0.000877
10829.5 0.000877
10839.5 0.000877
10849.5 0.000876
10859.5 0.000876
10869.5 0.000876
10879.5 0.000876
10889.5 0.000875
10899.5 0.000875
10909.5 0.000875
10919.5 0.000874
10929.5 0.000874
10939.5 0.000874
10949.5 0.000872
10959.5 0.000872
10969.5 0.000872
10979.5 0.000872
10989.5 0.000871
10999.5 0.000871
11009.5 0.000871
11019.5 0.00087
11029.5 0.00087
11039.5 0.00087
11049.5 0.00087
11059.5 0.000869
11069.5 0.000869
11079.5 0.000869
11089.5 0.000868
11099.5 0.000868
11109.5 0.000868
11119.5 0.000868
11129.5 0.000867
11139.5 0.000867
11149.5 0.000867
11159.5 0.000866
11169.5 0.000866
11179.5 0.000866
11189.5 0.000866
11199.5 0.000864
11209.5 0.000864
11219.5 0.000864
11229.5 0.000863
11239.5 0.000863
11249.5 0.000863
11259.5 0.000862
11269.5 0.000862
11279.5 0.000862
11289.5 0.000862
11299.5 0.000861
11309.5 0.000861
11319.5 0.000861
11329.5 0.00086
11339.5 0.00086
11349.5 0.00086
11359.5 0.000859
11369.5 0.000859
11379.5 0.000859
11389.5 0.000859
11399.5 0.000857
11409.5 0.000857
11419.5 0.000857
11429.5 0.000856
11439.5 0.000856
11449.5 0.000856
11459.5 0.000856
11469.5 0.000855
11479.5 0.000855
11489.5 0.000855
11499.5 0.000854
11509.5 0.000854
11519.5 0.000854
11529.5 0.000854
11539.5 0.000853
11549.5 0.000853
11559.5 0.000853
11569.5 0.000852
11579.5 0.000852
11589.5 0.000852
11599.5 0.000852
11609.5 0.000851
11619.5 0.000851
11629.5 0.000851
11639.5 0.000849
11649.5 0.000849
11659.5 0.000849
11669.5 0.000849
11679.5 0.000848
11689.5 0.000848
11699.5 0.000848
11709.5 0.000847
11719.5 0.000847
11729.5 0.000847
11739.5 0.000847
11749.5 0.000846
11759.5 0.000846
11769.5 0.000846
11779.5 0.000846
11789.5 0.000845
11799.5 0.000845
11809.5 0.000845
11819.5 0.000844
11829.5 0.000844
11839.5 0.000844
11849.5 0.000844
11859.5 0.000842
11869.5 0.000842
11879.5 0.000842
11889.5 0.000842
11899.5 0.000841
11909.5 0.000841
11919.5 0.000841
11929.5 0.000841
11939.5 0.00084
11949.5 0.00084
11959.5 0.00084
11969.5 0.000839
11979.5 0.000839
11989.5 0.000839
11999.5 0.000839
12009.5 0.000838
999999999 0.000321
-END-OF-DATA-
