   0.0000000e+00
   0.0000000e+00
   0.0000000e+00
   0.0000000e+00
   0.0000000e+00
   0.0000000e+00
   0.0000000e+00
   0.0000000e+00
   0.0000000e+00
   0.0000000e+00
   0.0000000e+00
   0.0000000e+00
   0.0000000e+00
   0.0000000e+00
   0.0000000e+00
   0.0000000e+00
   1.7144426e-02
   1.6150318e-02
   1.0680087e-02
   0.0000000e+00
   0.0000000e+00
   0.0000000e+00
   1.2141652e-02
   9.6367114e-03
   8.6164034e-03
   9.3818950e-03
   1.1037493e-02
   1.1187876e-03
  -6.9304755e-03
   0.0000000e+00
   0.0000000e+00
   0.0000000e+00
   0.0000000e+00
   0.0000000e+00
   0.0000000e+00
  -0.0000000e+00
   0.0000000e+00
   0.0000000e+00
   0.0000000e+00
   0.0000000e+00
   0.0000000e+00
   0.0000000e+00
   0.0000000e+00
   0.0000000e+00
   0.0000000e+00
   0.0000000e+00
   0.0000000e+00
   0.0000000e+00
   0.0000000e+00
   0.0000000e+00
   0.0000000e+00
   0.0000000e+00
   2.2162199e-02
   1.8744344e-02
   1.2484335e-02
   0.0000000e+00
   0.0000000e+00
   0.0000000e+00
   0.0000000e+00
   0.0000000e+00
   9.9776560e-03
   1.2759390e-02
   1.4806080e-02
   7.0585243e-03
   2.8848266e-03
   2.5642420e-03
  -2.9367573e-03
   7.3555373e-04
   4.9914272e-03
   6.7405261e-03
   0.0000000e+00
   0.0000000e+00
   0.0000000e+00
   0.0000000e+00
   0.0000000e+00
   0.0000000e+00
   0.0000000e+00
   0.0000000e+00
   0.0000000e+00
   0.0000000e+00
   0.0000000e+00
   0.0000000e+00
   0.0000000e+00
   0.0000000e+00
   0.0000000e+00
   0.0000000e+00
   1.1958104e-02
   1.2840466e-02
   1.2643534e-02
   1.3100703e-02
   6.5444704e-03
   0.0000000e+00
   0.0000000e+00
   8.6857684e-03
  -1.5148029e-03
  -4.2266748e-03
   1.0994190e-03
   4.0694224e-03
   5.9964969e-03
   6.0843971e-03
   4.4038245e-03
   2.4216452e-03
   1.2643856e-03
   2.1508469e-03
   5.8635268e-03
   3.3387251e-03
   0.0000000e+00
   0.0000000e+00
   0.0000000e+00
   0.0000000e+00
   0.0000000e+00
   0.0000000e+00
   0.0000000e+00
   0.0000000e+00
   0.0000000e+00
   0.0000000e+00
   0.0000000e+00
   0.0000000e+00
  -4.1776467e-03
  -8.4981993e-03
   8.5548406e-03
   3.4893290e-03
  -3.0944125e-03
  -1.9281807e-03
   1.8638999e-03
   4.0318957e-03
   4.2779536e-03
   2.9812707e-03
   5.4254050e-03
  -1.3394904e-03
  -8.9550726e-03
  -1.1595540e-02
  -8.5663954e-03
  -4.0063439e-03
   6.3863426e-04
   4.0941662e-03
   5.1599414e-03
   1.7035723e-03
   5.8288244e-04
   1.4698976e-03
   4.3135704e-03
  -4.4666610e-03
  -6.8341894e-03
  -5.3280641e-03
   0.0000000e+00
   0.0000000e+00
   0.0000000e+00
   0.0000000e+00
   0.0000000e+00
   0.0000000e+00
   0.0000000e+00
   0.0000000e+00
   0.0000000e+00
   6.7494345e-03
  -4.9742484e-03
  -9.4228728e-03
   0.0000000e+00
  -2.5850637e-03
  -8.5659316e-03
  -1.0341598e-02
  -7.6897023e-03
  -3.0201504e-03
   4.5896106e-04
   1.8132098e-03
  -1.4942747e-03
  -7.2804266e-03
  -1.1554040e-02
  -1.3583764e-02
  -1.1032678e-02
  -7.6663303e-03
  -3.4566741e-03
   5.5049418e-04
   8.0962334e-04
  -2.0984291e-03
  -3.8123352e-03
  -2.6731989e-03
  -4.6654586e-03
  -7.6188929e-03
  -8.6684553e-03
  -8.0800889e-03
  -2.3901060e-03
  -6.8417619e-03
   0.0000000e+00
   0.0000000e+00
   0.0000000e+00
   0.0000000e+00
   0.0000000e+00
   0.0000000e+00
  -0.0000000e+00
  -1.4374163e-03
  -5.7742639e-03
  -4.4938258e-03
  -6.4964694e-03
  -1.3656853e-02
  -1.5267442e-02
  -1.5220447e-02
  -1.2338224e-02
  -7.3150727e-03
  -3.4851215e-03
  -1.0025583e-03
  -4.4799796e-03
  -7.0625588e-03
  -6.4313076e-03
  -7.9619265e-03
  -7.9806405e-03
  -8.5179425e-03
  -6.4994501e-03
  -3.3437623e-03
  -3.4568607e-03
  -6.0463076e-03
  -8.7795654e-03
  -1.2089760e-02
  -1.2588875e-02
  -1.1475052e-02
  -1.0475245e-02
  -5.8676326e-03
   1.1868546e-03
   9.0453989e-04
   0.0000000e+00
   0.0000000e+00
   0.0000000e+00
   0.0000000e+00
   0.0000000e+00
   0.0000000e+00
  -1.2060188e-02
  -4.5926969e-03
  -4.8597515e-03
   4.3096922e-03
  -2.4252515e-03
  -1.5181024e-02
  -1.7120833e-02
  -1.5880004e-02
  -1.2583782e-02
  -8.4823584e-03
  -5.4315827e-03
  -3.1510945e-03
  -2.7908707e-03
   0.0000000e+00
  -0.0000000e+00
  -9.0822238e-04
  -4.2281365e-03
  -8.2324734e-03
  -7.5854026e-03
  -5.2618668e-03
  -5.8371909e-03
  -8.5494351e-03
  -1.1218717e-02
  -1.3470045e-02
  -1.3641345e-02
  -1.1353081e-02
  -9.6003069e-03
  -6.9469728e-03
   0.0000000e+00
   5.0169501e-03
  -1.6266172e-03
  -6.7468120e-03
  -7.6714842e-04
   0.0000000e+00
   0.0000000e+00
  -0.0000000e+00
  -1.4264758e-02
  -2.1507588e-04
  -1.7463501e-03
  -3.3239679e-03
  -3.9268071e-03
  -1.2114889e-02
  -1.3058829e-02
  -1.1983116e-02
  -9.2746744e-03
  -6.0020047e-03
  -4.1039730e-03
  -1.6054231e-03
   3.5488144e-03
   8.1399371e-03
   1.2900799e-02
  -0.0000000e+00
  -7.0585883e-03
  -9.5338801e-03
  -7.0128944e-03
  -4.4683102e-03
  -5.1830111e-03
  -7.2931629e-03
  -8.4787393e-03
  -9.1564998e-03
  -8.5832169e-03
  -6.4752093e-03
  -2.7035727e-03
  -7.4611918e-03
   1.7583109e-03
   2.8718549e-03
  -1.2006268e-03
  -1.1408161e-03
   4.0324703e-03
   0.0000000e+00
   0.0000000e+00
  -0.0000000e+00
  -1.5720131e-02
   2.1981560e-03
  -4.9688329e-04
  -3.0185713e-03
  -4.9962983e-03
  -7.8870319e-03
  -7.4821413e-03
  -6.7688129e-03
  -4.6278872e-03
  -2.4968912e-03
  -1.0563661e-03
   1.9611702e-03
   7.2056367e-03
   1.5669258e-02
   1.8600924e-02
   0.0000000e+00
  -1.2438407e-02
  -1.2277736e-02
  -6.0838247e-03
  -2.6622063e-03
  -2.2499580e-03
  -2.9194001e-03
  -2.9265117e-03
  -3.1966460e-03
  -2.7144453e-03
  -6.4129592e-04
   5.9757230e-03
   9.4900831e-03
   0.0000000e+00
  -1.7548446e-03
  -3.0679122e-04
   7.3580542e-03
   1.5408975e-02
   0.0000000e+00
   0.0000000e+00
  -0.0000000e+00
   0.0000000e+00
   4.9659348e-04
  -1.8844849e-03
  -1.5257775e-03
  -1.0765749e-03
  -8.7442902e-05
  -1.9900515e-05
  -6.0163293e-06
   9.1379369e-04
   2.0409136e-03
   3.9223032e-03
   6.6756145e-03
   1.2503754e-02
   2.6151512e-02
   3.2815315e-02
   0.0000000e+00
  -0.0000000e+00
  -1.2394848e-02
  -5.6784684e-03
   8.4139890e-04
   3.7116669e-03
   4.5649447e-03
   4.5429352e-03
   3.5678037e-03
   3.2389869e-03
   6.0163871e-03
   1.5710227e-02
   2.6862800e-02
   0.0000000e+00
  -0.0000000e+00
   5.8042351e-04
   1.6235597e-02
   2.8022356e-02
   0.0000000e+00
   0.0000000e+00
  -1.6437216e-02
   4.0985683e-03
   1.9245426e-03
   1.9240705e-03
   3.6706002e-03
   4.8385151e-03
   5.2241790e-03
   4.5427224e-03
   3.9303387e-03
   4.2102421e-03
   5.2176807e-03
   7.3524080e-03
   1.1132747e-02
   1.8880763e-02
   3.8047701e-02
   4.9205225e-02
   0.0000000e+00
   0.0000000e+00
  -5.9094174e-03
  -6.8785930e-03
   4.5195380e-03
   9.1538029e-03
   1.0200513e-02
   9.1794468e-03
   7.1361819e-03
   6.6824108e-03
   1.0839501e-02
   2.2806210e-02
   3.7181845e-02
   0.0000000e+00
  -0.0000000e+00
   6.4000990e-03
   3.1836383e-02
   4.0712158e-02
   0.0000000e+00
   0.0000000e+00
  -9.8968414e-03
   4.9636299e-03
   5.6472262e-03
   8.2204165e-03
   9.2375251e-03
   9.4502717e-03
   8.8590877e-03
   7.5236564e-03
   6.3097510e-03
   6.5064486e-03
   7.8013474e-03
   1.0572675e-02
   1.5253359e-02
   2.8858365e-02
   5.1781207e-02
   6.3571140e-02
   0.0000000e+00
   0.0000000e+00
  -0.0000000e+00
  -5.1440022e-03
   8.7492997e-03
   1.4108468e-02
   1.4322978e-02
   1.1920837e-02
   9.7357212e-03
   1.0625142e-02
   1.6490640e-02
   2.8761316e-02
   3.7043097e-02
   1.7984009e-02
   0.0000000e+00
   1.5224187e-02
   4.6368510e-02
   0.0000000e+00
   0.0000000e+00
  -0.0000000e+00
  -3.0213289e-03
   8.7341471e-03
   1.1642965e-02
   1.2622162e-02
   1.2597295e-02
   1.1741444e-02
   1.0385698e-02
   8.3992863e-03
   7.1985400e-03
   7.7968803e-03
   9.6675605e-03
   1.3153042e-02
   1.9201484e-02
   3.2145754e-02
   5.7622764e-02
   6.6268675e-02
   0.0000000e+00
   0.0000000e+00
   0.0000000e+00
   0.0000000e+00
   1.1189410e-02
   1.6208978e-02
   1.5410858e-02
   1.2877779e-02
   1.2432245e-02
   1.5230435e-02
   2.2213543e-02
   3.2308575e-02
   3.4862220e-02
   1.8017547e-02
   0.0000000e+00
   2.2913916e-02
   5.2175298e-02
   0.0000000e+00
   0.0000000e+00
  -0.0000000e+00
   2.8577084e-03
   1.3751903e-02
   1.4807049e-02
   1.4623227e-02
   1.4014766e-02
   1.2364393e-02
   1.0363906e-02
   8.1491899e-03
   7.5075249e-03
   8.7725734e-03
   1.1358004e-02
   1.6136689e-02
   2.4463566e-02
   3.8640607e-02
   5.2013338e-02
   5.4409444e-02
   0.0000000e+00
   0.0000000e+00
   0.0000000e+00
   0.0000000e+00
   1.2806903e-02
   1.6454447e-02
   1.5181478e-02
   1.3841755e-02
   1.5407213e-02
   1.9637061e-02
   2.6487406e-02
   3.2979764e-02
   3.0704226e-02
   1.4057445e-02
   0.0000000e+00
   2.6048400e-02
   4.0298695e-02
   0.0000000e+00
   0.0000000e+00
   0.0000000e+00
   8.5144714e-03
   1.4253337e-02
   1.4153410e-02
   1.3997152e-02
   1.2981492e-02
   1.0939253e-02
   8.9517701e-03
   7.6761516e-03
   8.3198817e-03
   1.0611617e-02
   1.4110949e-02
   2.0244462e-02
   2.8584572e-02
   4.1166302e-02
   4.8856932e-02
   2.2369030e-02
   0.0000000e+00
   0.0000000e+00
   0.0000000e+00
   0.0000000e+00
   0.0000000e+00
   1.6105566e-02
   1.5206786e-02
   1.5792800e-02
   1.8945623e-02
   2.3633305e-02
   2.8411822e-02
   2.9802013e-02
   2.4290551e-02
   1.1178476e-02
   0.0000000e+00
   2.3061981e-02
   1.9316119e-02
  -5.7219313e-03
   0.0000000e+00
   0.0000000e+00
   6.5131919e-03
   7.8363391e-03
   7.8193704e-03
   7.3593273e-03
   6.0745119e-03
   4.3898211e-03
   3.6528034e-03
   4.5681722e-03
   7.5961957e-03
   1.1597232e-02
   1.6413972e-02
   2.2624217e-02
   2.8579762e-02
   3.4937009e-02
   0.0000000e+00
  -0.0000000e+00
   0.0000000e+00
   0.0000000e+00
   0.0000000e+00
   0.0000000e+00
   0.0000000e+00
   1.3413108e-02
   1.3446785e-02
   1.5849192e-02
   1.9618038e-02
   2.3446457e-02
   2.5644198e-02
   2.3759820e-02
   1.7613735e-02
   3.6265542e-03
   1.3795898e-02
   1.7614873e-02
   5.9097875e-03
  -4.6735025e-03
   0.0000000e+00
   0.0000000e+00
   6.6447543e-04
   1.7757248e-04
  -6.6580821e-04
  -2.1840131e-03
  -3.9683105e-03
  -5.4212641e-03
  -5.1700305e-03
  -2.7857588e-03
   1.8862421e-03
   7.3380182e-03
   1.3163635e-02
   1.8862948e-02
   2.3109391e-02
   2.3997264e-02
   4.3189495e-03
  -1.6658301e-02
  -1.5401409e-02
   0.0000000e+00
   0.0000000e+00
   0.0000000e+00
   0.0000000e+00
   7.2254748e-03
   6.8437699e-03
   1.0033903e-02
   1.3345498e-02
   1.5954224e-02
   1.6787864e-02
   1.4535443e-02
   9.8651769e-03
  -2.2208995e-03
   9.7801152e-03
   1.2583089e-02
  -2.1287280e-04
  -3.0146594e-03
   0.0000000e+00
   0.0000000e+00
  -4.9375958e-04
  -1.1893552e-03
  -2.3899150e-03
  -3.9498787e-03
  -5.4761835e-03
  -6.4650077e-03
  -6.1267644e-03
  -4.3395184e-03
  -9.8258746e-04
   2.9478719e-03
   6.9927914e-03
   1.0982977e-02
   1.4404794e-02
   1.3704156e-02
  -1.5101403e-03
  -1.1878325e-02
  -1.2379066e-02
   0.0000000e+00
   0.0000000e+00
   0.0000000e+00
   0.0000000e+00
   3.8767115e-03
   9.8695920e-04
   3.5042328e-03
   5.6136411e-03
   7.0307102e-03
   7.2966517e-03
   5.5924619e-03
   1.9171565e-03
  -6.8926151e-03
   8.3117429e-03
   1.7058119e-02
  -6.9104017e-03
  -6.2647268e-03
   0.0000000e+00
   5.9874907e-03
   4.9980919e-03
   5.9055954e-03
   5.9819862e-03
   5.7609475e-03
   5.4456869e-03
   5.4073299e-03
   5.9125468e-03
   6.9468046e-03
   8.6432340e-03
   1.0550701e-02
   1.2196112e-02
   1.2882263e-02
   1.1329002e-02
   4.3086060e-03
  -5.5924997e-03
  -8.9394409e-03
   0.0000000e+00
  -1.0701313e-02
  -1.1161086e-02
   0.0000000e+00
   1.0024693e-02
   8.2725571e-03
   3.8837202e-03
   5.3225740e-03
   6.6724686e-03
   6.7409688e-03
   5.7121676e-03
   3.4178328e-03
  -9.5950777e-04
  -1.1486495e-02
  -5.5860356e-03
   9.8268362e-03
  -0.0000000e+00
  -1.6252315e-02
   0.0000000e+00
   1.5902006e-03
   3.4331144e-03
   6.2473253e-03
   7.5356443e-03
   8.3018383e-03
   8.5295029e-03
   8.5501149e-03
   8.6896233e-03
   8.8707041e-03
   8.9571197e-03
   8.8263471e-03
   7.7987215e-03
   5.0229123e-03
   2.5341520e-04
  -5.5070319e-03
  -1.0994383e-02
  -1.4215637e-02
  -0.0000000e+00
  -1.1538328e-02
  -1.8830253e-02
  -7.1032719e-03
   4.4270889e-03
   4.7480464e-03
   1.9734191e-03
   7.5793103e-04
   1.5884660e-03
   8.4310560e-04
  -6.4060930e-04
  -3.1098551e-03
  -6.7184516e-03
  -1.4159052e-02
  -1.0798732e-02
  -6.2025860e-03
  -1.9149034e-02
  -2.6930992e-02
  -0.0000000e+00
  -8.5627204e-03
  -5.0031324e-03
  -1.1811835e-03
   7.8527245e-04
   2.0090349e-03
   2.2342047e-03
   1.8559846e-03
   1.2683664e-03
   5.3155515e-04
  -5.1858893e-04
  -1.8678564e-03
  -4.0233303e-03
  -7.1798814e-03
  -1.0548500e-02
  -1.3360028e-02
  -1.5391235e-02
  -1.7209920e-02
  -1.0984798e-02
  -1.3826367e-02
  -1.6385660e-02
  -9.6646952e-03
  -4.0783384e-03
  -9.3944336e-04
   0.0000000e+00
  -4.9154684e-03
  -5.4041711e-03
  -6.7466060e-03
  -8.1847869e-03
  -1.0268833e-02
  -1.2600753e-02
  -1.6647369e-02
  -1.5558338e-02
  -1.6367684e-02
  -1.4610363e-02
  -1.9653885e-02
  -2.1466087e-02
  -2.0270767e-02
  -1.6636793e-02
  -1.2289396e-02
  -8.8264225e-03
  -6.0913931e-03
  -4.7074361e-03
  -4.4509745e-03
  -5.0752875e-03
  -6.2936409e-03
  -8.0286888e-03
  -1.0225559e-02
  -1.2954729e-02
  -1.6052581e-02
  -1.8886935e-02
  -2.1648664e-02
  -2.3294665e-02
  -2.1738196e-02
  -1.9434037e-02
  -1.9191969e-02
  -1.7649503e-02
  -1.3736612e-02
  -1.1807761e-02
  -1.1839570e-02
  -1.6449635e-02
  -7.8096629e-03
  -9.1910511e-03
  -1.1294409e-02
  -1.3249276e-02
  -1.5128920e-02
  -1.6627019e-02
  -1.8725950e-02
  -1.6604709e-02
  -1.3976584e-02
  -1.7276959e-02
  -2.3584219e-02
  -2.7597640e-02
  -2.8101906e-02
  -2.6921440e-02
  -2.3923405e-02
  -1.9930102e-02
  -1.5982449e-02
  -1.2800737e-02
  -1.0838292e-02
  -1.0243632e-02
  -1.0701880e-02
  -1.1993922e-02
  -1.4320649e-02
  -1.7652905e-02
  -2.1497607e-02
  -2.4745643e-02
  -2.7921753e-02
  -2.9527644e-02
  -2.7949678e-02
  -2.6334921e-02
  -2.4092436e-02
  -2.0143906e-02
  -1.5106577e-02
  -1.3711926e-02
  -1.2952885e-02
  -1.1740697e-02
  -1.0428552e-02
  -1.1144930e-02
  -1.3416302e-02
  -1.5995586e-02
  -1.8253293e-02
  -1.9533552e-02
  -2.1329107e-02
  -1.9631529e-02
  -1.5985411e-02
  -1.5950099e-02
  -2.2580765e-02
  -2.7453318e-02
  -3.0454690e-02
  -3.0872870e-02
  -2.9807249e-02
  -2.6743997e-02
  -2.3262341e-02
  -1.9872002e-02
  -1.7094538e-02
  -1.5498085e-02
  -1.4964461e-02
  -1.5410221e-02
  -1.7009147e-02
  -1.9875029e-02
  -2.3578472e-02
  -2.6485719e-02
  -2.9043648e-02
  -3.0299844e-02
  -2.8987788e-02
  -2.7666293e-02
  -2.5238566e-02
  -2.0762803e-02
  -1.5281565e-02
  -1.2398114e-02
  -8.4122857e-03
  -8.5740909e-03
  -1.1323690e-02
  -1.2540577e-02
  -1.4412356e-02
  -1.7184414e-02
  -1.9792492e-02
  -2.1715552e-02
  -2.4085680e-02
  -2.3954675e-02
  -2.1049466e-02
  -1.6103370e-02
  -1.9798776e-02
  -2.4729814e-02
  -2.8242638e-02
  -2.9349053e-02
  -2.9517703e-02
  -2.7593587e-02
  -2.5189433e-02
  -2.2656649e-02
  -2.0340050e-02
  -1.8663315e-02
  -1.7711611e-02
  -1.7299710e-02
  -1.8055288e-02
  -2.0016551e-02
  -2.2804495e-02
  -2.5162518e-02
  -2.6609994e-02
  -2.6808523e-02
  -2.6131976e-02
  -2.5073271e-02
  -2.2034876e-02
  -1.9623462e-02
  -1.4219728e-02
  -9.9128261e-03
  -7.1589136e-03
  -7.9732817e-03
  -1.1068238e-02
  -1.2571226e-02
  -1.4016396e-02
  -1.6449371e-02
  -1.8971859e-02
  -2.2135224e-02
  -2.2552395e-02
  -2.4966476e-02
  -2.3003049e-02
  -1.5274320e-02
  -1.5463521e-02
  -1.9176781e-02
  -2.2267595e-02
  -2.3634240e-02
  -2.4405831e-02
  -2.3199648e-02
  -2.1459104e-02
  -1.9755775e-02
  -1.8160932e-02
  -1.6969964e-02
  -1.6031168e-02
  -1.5157736e-02
  -1.5236583e-02
  -1.6523145e-02
  -1.8374089e-02
  -2.0098887e-02
  -2.1521267e-02
  -2.1992706e-02
  -2.1630330e-02
  -2.0921791e-02
  -1.4858970e-02
  -1.3796018e-02
  -1.1653846e-02
  -4.1059726e-03
  -2.8309594e-03
  -4.0545030e-03
  -7.3890761e-03
  -9.5660677e-03
  -1.0911746e-02
  -1.3177909e-02
  -1.5312076e-02
  -1.8553896e-02
  -1.5911136e-02
  -1.9195179e-02
  -1.7974462e-02
  -1.0739194e-02
  -9.3931714e-03
  -1.1874958e-02
  -1.4765019e-02
  -1.6155872e-02
  -1.7191319e-02
  -1.6577700e-02
  -1.5214517e-02
  -1.4071757e-02
  -1.2808581e-02
  -1.1998239e-02
  -1.1178893e-02
  -1.0206081e-02
  -9.8193679e-03
  -1.0584919e-02
  -1.1813704e-02
  -1.2909053e-02
  -1.4616182e-02
  -1.7049372e-02
  -1.9080259e-02
  -1.9803993e-02
  -9.2432126e-03
  -4.8190681e-03
  -8.2205667e-03
   2.6757708e-03
   4.0658056e-03
   2.7623281e-03
  -7.4646878e-04
  -3.5455823e-03
  -5.2427566e-03
  -7.6864706e-03
  -9.8460224e-03
  -1.2477805e-02
  -5.5817435e-03
  -7.8400765e-03
  -9.0231560e-03
  -4.7278381e-03
  -1.8382750e-03
  -3.2143269e-03
  -3.3688631e-03
  -5.5531748e-03
  -6.5344782e-03
  -6.5448750e-03
  -5.5726515e-03
  -4.9856384e-03
  -4.2903936e-03
  -3.7342242e-03
  -3.6614179e-03
  -2.7945694e-03
  -2.2590444e-03
  -2.3216535e-03
  -2.9519286e-03
  -3.4417864e-03
  -4.9106609e-03
  -8.8495314e-03
  -1.6118459e-02
  -2.0896346e-02
  -4.8388860e-03
   6.7004394e-03
   3.9875792e-03
   6.1932062e-03
   8.2276026e-03
   1.0827523e-02
   1.0339823e-02
   7.7184592e-03
   5.2501578e-03
   2.2997800e-03
  -4.4272386e-04
  -3.2301191e-03
   3.6011718e-03
   2.4822554e-03
   2.1756012e-03
   3.3117118e-03
   4.9053713e-03
   1.2257220e-03
   5.0638122e-03
   5.4313716e-03
   4.3523740e-03
   3.8065459e-03
   4.1900538e-03
   4.3788268e-03
   4.1934690e-03
   4.0113805e-03
   3.4867369e-03
   3.6648784e-03
   4.1518481e-03
   4.6317461e-03
   4.6416107e-03
   4.6807233e-03
   3.8568699e-03
  -5.8012069e-05
  -9.6218826e-03
  -1.7813655e-02
   0.0000000e+00
   0.0000000e+00
   0.0000000e+00
   4.3114182e-03
   1.6405683e-03
   5.6222780e-03
   1.3303584e-02
   1.4688107e-02
   1.4028896e-02
   1.1620915e-02
   8.7299718e-03
   5.8773980e-03
   1.5615463e-02
   1.5296644e-02
   1.6231013e-02
   1.7526288e-02
   1.8343426e-02
   1.1129317e-02
   8.4256679e-03
   1.8647853e-02
   1.9038329e-02
   1.8873613e-02
   1.8694486e-02
   1.8318698e-02
   1.6838800e-02
   1.4924656e-02
   1.3278103e-02
   1.2193982e-02
   1.1958259e-02
   1.2646234e-02
   1.3832605e-02
   1.4305234e-02
   1.4656190e-02
   1.2008840e-02
   2.1760438e-03
   4.2255568e-03
   0.0000000e+00
   0.0000000e+00
   0.0000000e+00
   0.0000000e+00
   5.6692184e-04
  -1.5866010e-04
   1.0711468e-02
   1.8327734e-02
   2.2128811e-02
   2.2220764e-02
   1.9775355e-02
   1.7158201e-02
   2.2845339e-02
   2.3692167e-02
   2.5316074e-02
   2.7198425e-02
   2.9064473e-02
   2.4585158e-02
   7.1986499e-03
   2.3466974e-02
   2.7981743e-02
   3.0076696e-02
   3.0554058e-02
   3.0061163e-02
   2.7319765e-02
   2.4045928e-02
   2.1071307e-02
   1.8278558e-02
   1.6780151e-02
   1.6862400e-02
   1.8630309e-02
   2.0038568e-02
   2.1233357e-02
   2.1179751e-02
   1.4541263e-02
   1.2062271e-02
   2.0492553e-02
   1.4509798e-02
  -0.0000000e+00
  -4.1497299e-03
  -2.8461249e-03
  -2.2497706e-03
   6.4626904e-03
   1.7026140e-02
   2.4354545e-02
   2.7418517e-02
   2.6490826e-02
   2.3812275e-02
   2.0906228e-02
   2.1972472e-02
   2.4100569e-02
   2.6404646e-02
   2.8893234e-02
   2.8086359e-02
   1.0052167e-02
   2.0392410e-02
   2.6745748e-02
   3.0076003e-02
   3.2103904e-02
   3.2581612e-02
   2.9741261e-02
   2.5938287e-02
   2.2493775e-02
   1.8131913e-02
   1.4992082e-02
   1.4275805e-02
   1.5804319e-02
   1.8194338e-02
   2.0699838e-02
   2.3160719e-02
   2.3279285e-02
   2.2138803e-02
   2.3430447e-02
   1.7184075e-02
   4.7867509e-03
  -4.8041571e-03
  -8.2464730e-03
  -7.7524446e-03
  -7.0267698e-04
   8.8141607e-03
   1.7173054e-02
   2.2046290e-02
   2.2779299e-02
   2.1622627e-02
   1.1119331e-02
   1.1758647e-02
   1.2986387e-02
   1.4997195e-02
   1.7428036e-02
   1.5307982e-02
   4.5040580e-03
   9.3759015e-03
   1.5277096e-02
   1.8686458e-02
   2.1205089e-02
   2.2569584e-02
   2.1266399e-02
   1.8678705e-02
   1.5462387e-02
   1.1106773e-02
   7.2791674e-03
   5.5368990e-03
   6.6287620e-03
   9.5563360e-03
   1.3917075e-02
   1.7883642e-02
   2.1866356e-02
   2.4913674e-02
   2.5757298e-02
   2.0732235e-02
   1.0861522e-02
  -1.2010352e-03
  -9.8227948e-03
  -1.3476846e-02
  -1.0223337e-02
  -3.8152735e-03
   3.2008234e-03
   8.1970263e-03
   9.9868212e-03
   1.0470820e-02
  -1.8455132e-04
   8.2446652e-04
   1.7060388e-03
   2.3712288e-03
   3.6976973e-03
   1.2528471e-03
  -3.1746572e-03
  -1.4070753e-03
   2.7078013e-03
   5.7002930e-03
   7.5666774e-03
   9.2258984e-03
   9.4874389e-03
   8.3334511e-03
   6.3991859e-03
   2.8704184e-03
   3.7551564e-04
  -1.4190684e-03
  -1.3077429e-03
   1.3260354e-03
   6.2002880e-03
   1.1409393e-02
   1.6114458e-02
   1.9589206e-02
   2.0847166e-02
   1.6924143e-02
   8.8752359e-03
  -1.6620407e-03
  -1.0131347e-02
  -1.5447917e-02
  -1.6017167e-02
  -1.3306810e-02
  -9.6608996e-03
  -5.8044847e-03
  -2.8705378e-03
  -1.4326058e-03
  -6.3343765e-03
  -5.2763692e-03
  -4.4768667e-03
  -4.4493284e-03
  -5.1461867e-03
  -6.2988182e-03
  -5.6012906e-03
  -4.5234826e-03
  -3.1544021e-03
  -1.9853043e-03
  -1.1336282e-03
   7.2868867e-04
   2.3652273e-03
   2.4709969e-03
   1.4776643e-03
  -5.4284680e-04
  -1.0635175e-03
  -1.9757464e-03
  -2.1279452e-03
  -3.4573071e-04
   2.7508088e-03
   6.8160063e-03
   1.0332737e-02
   1.2282307e-02
   1.2876756e-02
   9.6410297e-03
   3.9554201e-03
  -2.3268755e-03
  -7.4506053e-03
  -1.1776382e-02
  -1.3498974e-02
  -1.3326752e-02
  -1.2725614e-02
  -1.1237146e-02
  -8.7095330e-03
  -7.1540209e-03
  -3.5117863e-03
  -3.2510667e-03
  -3.1291393e-03
  -3.2872638e-03
  -4.4722806e-03
  -5.8161717e-03
  -5.9981578e-03
  -5.2478485e-03
  -4.4736001e-03
  -3.8570690e-03
  -3.2012956e-03
  -2.0179798e-03
  -4.6102581e-04
   7.4213456e-04
   1.6312091e-03
   1.9060565e-03
   2.0241464e-03
   2.1856893e-03
   2.6000205e-03
   3.7366086e-03
   5.0200712e-03
   6.3992687e-03
   7.4817078e-03
   7.9407081e-03
   7.6088210e-03
   6.1424692e-03
   3.7855915e-03
   1.2766276e-03
  -1.0416201e-03
  -3.1076878e-03
  -4.4144531e-03
  -4.7996043e-03
  -4.8533056e-03
  -4.5421363e-03
  -4.1321952e-03
  -3.8817609e-03
