   4.5329511e-01
   5.1641452e-01
   5.7393402e-01
   7.5191766e-01
   5.9478563e-01
   1.3205048e-01
   3.1160501e-01
   5.2242261e-01
   4.3107599e-01
   3.3084106e-01
   2.5184709e-01
   1.6086620e-01
   1.1505926e-01
   8.7427400e-02
  -3.8229655e-02
  -1.0984016e-01
  -1.4214619e-01
  -2.0970088e-01
  -1.5960898e-01
   1.4706887e-01
   4.0307328e-01
   4.9450806e-01
   5.8450542e-02
  -4.8924312e-01
  -4.2397150e-01
   1.0955159e-01
   3.3678669e-01
   3.3436304e-01
   4.3109319e-01
   4.3415949e-01
   8.0099866e-02
  -9.2310190e-02
  -1.4192678e-01
  -3.8790303e-01
  -3.1584986e-02
   3.9792049e-01
   2.2490194e-01
   1.9688728e-01
   1.7806692e-01
   1.8436325e-01
   1.0062053e-01
   5.9289128e-01
   1.1918634e+00
   1.3412999e+00
   6.5705705e-01
   3.1832922e-01
   1.3105136e-02
   2.6365966e-02
   2.5151306e-01
   2.9811236e-01
  -2.3544015e-01
   1.7820366e-01
   2.3589586e-01
  -6.5303087e-02
  -3.7460834e-01
  -2.4421978e-01
   2.7908254e-01
   4.7841346e-01
   3.1456402e-01
  -3.9138797e-01
  -4.2580450e-01
   5.7756986e-02
   3.6848804e-01
   3.1577817e-01
   2.2009520e-01
   8.5509166e-02
   1.1028833e-01
   3.8530168e-01
   9.6988708e-02
  -4.8772672e-01
  -1.2284851e-01
   2.8546527e-01
   1.6939124e-01
  -2.4678316e-02
  -2.1006604e-01
   1.7741956e-01
   2.6067668e-01
  -1.9961048e-02
   5.3678662e-01
   3.3363393e-01
  -8.8230446e-02
  -2.4158359e-01
  -2.3399282e-01
  -2.1050310e-01
  -1.5838164e-01
  -2.3337001e-01
  -4.6048176e-01
  -5.5007535e-01
  -4.8255214e-01
  -4.3117806e-01
  -9.4721550e-01
   6.0469173e-03
   1.7623931e-01
   1.0883460e-01
   3.8726309e-01
   4.1717649e-01
  -1.5530191e-01
   5.8425792e-02
   1.7341336e-02
   8.4270440e-02
   1.9306223e-01
   3.3175668e-01
   1.4366867e-01
  -8.6494192e-02
  -2.3076287e-01
  -7.2967537e-02
  -2.9149297e-01
   1.2965621e-01
  -2.8498229e-01
  -3.6988154e-01
  -1.5335904e-01
   1.0252669e-01
  -2.7422917e-01
  -2.6665574e-01
   3.8531789e-01
  -4.7433618e-03
  -4.8273247e-01
  -6.4185649e-01
  -5.7683468e-01
  -3.7687689e-01
  -2.3524746e-01
  -3.6023521e-01
  -6.7699271e-01
  -9.3634170e-01
  -9.7129840e-01
  -7.5399798e-01
  -1.0120336e+00
  -1.9974586e-01
   4.7723316e-02
  -2.7292563e-02
  -3.9787468e-02
  -9.3231723e-02
   4.1942089e-03
  -3.6331335e-01
   2.7642809e-03
   9.4900928e-02
   1.1053867e-01
   7.8280561e-02
  -1.5857154e-01
  -2.3287052e-01
  -1.9762678e-01
  -3.2739291e-01
  -4.0449819e-01
  -4.9435839e-02
  -4.9966416e-01
  -3.7864286e-01
  -1.9527519e-01
  -2.0888700e-01
  -4.9455979e-01
  -3.2065362e-01
   9.0018086e-02
  -7.7851295e-01
  -1.2176476e+00
  -1.1624751e+00
  -8.5160065e-01
  -4.5357117e-01
  -2.7124289e-01
  -4.6020353e-01
  -8.4200817e-01
  -1.0920515e+00
  -1.1071751e+00
  -6.9912660e-01
  -4.1751319e-01
  -2.2541556e-01
  -3.1740826e-01
  -2.3796731e-01
  -1.5083620e-01
  -1.8783416e-01
  -1.9602871e-02
  -4.2594460e-01
  -2.6118553e-01
  -1.4379981e-01
  -2.1023346e-01
  -1.9392505e-01
  -4.4812441e-01
  -2.6907867e-01
  -4.0878031e-01
  -5.7124460e-01
  -5.5762577e-01
  -4.0755230e-01
  -2.5428528e-01
  -2.4753430e-01
  -2.1500946e-01
  -4.3088745e-01
  -7.1267609e-01
  -7.7910124e-01
  -8.9581560e-01
  -1.5653130e+00
  -1.6284290e+00
  -1.2954378e+00
  -8.1172507e-01
  -3.8242578e-01
  -2.3977436e-01
  -4.6075502e-01
  -7.9445772e-01
  -9.5228600e-01
  -8.8568740e-01
  -4.0439426e-01
   4.7213891e-01
   9.2610737e-02
  -4.9322292e-01
  -3.7062781e-01
  -2.9055177e-01
  -1.1532211e-01
  -1.0082143e-02
  -4.7454288e-01
  -3.8092785e-01
  -4.3236964e-01
  -6.2713585e-01
  -2.9713078e-01
  -3.7005256e-01
  -6.5378241e-01
  -6.3575391e-01
  -1.0328524e+00
  -9.9743545e-01
  -2.9369258e-01
   1.9980422e-01
   5.4076359e-02
  -7.6411702e-02
  -3.6314553e-01
  -5.5697989e-01
  -1.1434509e+00
  -1.2593751e+00
  -1.5405384e+00
  -1.2968088e+00
  -9.0563726e-01
  -4.6652108e-01
  -1.2479499e-01
  -4.3014858e-02
  -2.3927197e-01
  -4.8606128e-01
  -5.7721078e-01
  -4.7019792e-01
  -7.6753944e-03
   1.0138708e+00
   8.3445543e-01
  -2.6598576e-01
  -2.6916078e-01
  -2.9118210e-01
  -4.3096304e-02
   1.7382419e-02
  -5.6371933e-01
  -4.5984316e-01
  -9.4831467e-01
  -8.3495843e-01
  -2.6517749e-01
  -5.3861868e-01
  -7.5657821e-01
  -8.4606725e-01
  -1.7305187e+00
  -1.1751988e+00
  -2.6510529e-02
   9.8400974e-01
   3.4395692e-01
   1.7412987e-01
  -2.8523516e-01
  -6.4522475e-01
  -1.2469451e+00
  -1.1850909e+00
  -9.2787677e-01
  -6.2047184e-01
  -2.7668518e-01
   4.8055865e-02
   3.0678305e-01
   3.5670774e-01
   1.9566455e-01
   1.3273617e-02
  -9.9674660e-02
  -5.0074149e-02
   3.7231830e-01
   1.3020047e+00
   2.1522100e+00
   5.3856134e-01
  -8.6170261e-02
  -1.6475126e-02
   3.1366095e-01
   4.1973783e-01
  -2.1490528e-01
  -4.5397583e-01
  -1.1005610e+00
  -8.0892861e-01
  -1.7984949e-01
  -5.0240838e-01
  -9.0165997e-01
  -1.4523851e+00
  -1.4019162e+00
  -7.7048576e-01
   1.9743180e-01
   1.7625180e+00
   5.9949386e-01
   6.0754037e-01
  -2.6876497e-01
  -4.9119744e-01
  -9.4468474e-01
  -5.8114356e-01
  -2.6059377e-01
  -1.4409836e-02
   2.6869890e-01
   5.1873910e-01
   7.2924626e-01
   7.4648559e-01
   5.8107042e-01
   3.7836960e-01
   1.7334422e-01
   1.6002403e-01
   6.1498970e-01
   1.6054484e+00
   2.9978166e+00
   1.4587072e+00
   2.9072583e-01
   2.6836181e-01
   5.3471899e-01
   6.9952595e-01
   6.9243670e-02
  -5.2147746e-01
  -1.2019744e+00
  -7.5556087e-01
   5.6109786e-02
  -3.8321030e-01
  -1.0284925e+00
  -9.2936391e-01
  -8.0057925e-01
  -3.8330564e-01
   5.6794208e-01
   2.6197522e+00
   2.1446731e+00
   8.2968247e-01
  -5.1730320e-02
  -4.1747689e-02
  -1.4160737e-01
   2.6278874e-01
   4.2316252e-01
   6.5844727e-01
   8.9749956e-01
   1.0978892e+00
   1.2361813e+00
   1.1682839e+00
   9.5439619e-01
   6.2851882e-01
   2.8778383e-01
   2.9827258e-01
   8.4951204e-01
   1.9637066e+00
   3.7133441e+00
   2.0451856e+00
  -9.3186751e-02
   1.6190231e-01
   3.9564398e-01
   7.1937788e-01
   4.9249533e-01
  -4.4333571e-01
  -1.2500944e+00
  -3.1874880e-01
   3.3420309e-01
  -1.5475851e-01
  -1.5895921e-01
  -1.7528445e-01
  -1.8681771e-01
   1.3074069e-01
   1.3163091e+00
   2.9210045e+00
   3.0797598e+00
   8.4533352e-01
   8.6965978e-02
   4.4126832e-01
   5.7395452e-01
   7.1034598e-01
   8.5294628e-01
   1.1185750e+00
   1.3379577e+00
   1.4887123e+00
   1.5407979e+00
   1.3967717e+00
   1.0787756e+00
   6.1780626e-01
   2.7161226e-01
   3.9273134e-01
   1.0241916e+00
   2.1449740e+00
   3.6757290e+00
   1.8044833e+00
  -1.5254146e-01
   4.5890957e-01
   3.0137372e-01
   1.8803306e-01
   1.2824184e-01
  -2.9101655e-01
  -9.8583889e-01
   8.0585375e-02
   7.3976374e-01
   6.7978001e-01
   5.2804774e-01
   2.3676491e-01
   1.6999643e-01
   6.1648053e-01
   1.8481022e+00
   3.1818845e+00
   3.4023082e+00
   7.7248478e-01
   3.8134462e-01
   8.7755072e-01
   1.0176044e+00
   9.8719156e-01
   1.1872666e+00
   1.4515520e+00
   1.6146609e+00
   1.6751314e+00
   1.6125623e+00
   1.3676308e+00
   9.4194037e-01
   4.7751862e-01
   3.1855032e-01
   5.8427703e-01
   1.2450294e+00
   2.1984179e+00
   3.1686997e+00
   1.9538102e+00
   9.7340447e-01
   1.5001439e+00
   7.4715036e-01
  -1.7521673e-01
   9.4786271e-02
  -1.5107816e-01
  -6.1529869e-01
   3.8435146e-01
   1.2328068e+00
   1.1428899e+00
   1.0682656e+00
   6.2196046e-01
   4.6726876e-01
   1.1778896e+00
   2.3467185e+00
   3.3571665e+00
   3.0945926e+00
   9.6614528e-01
   9.7614557e-01
   1.1213014e+00
   1.1140074e+00
   1.0755985e+00
   1.2957239e+00
   1.4682953e+00
   1.5172132e+00
   1.4548320e+00
   1.2550861e+00
   9.2506003e-01
   5.5792570e-01
   3.5281840e-01
   4.7874165e-01
   8.8841206e-01
   1.5162463e+00
   2.2172697e+00
   2.6447332e+00
   1.8724722e+00
   1.5068700e+00
   1.5616100e+00
   1.2034217e+00
  -3.1018871e-01
  -3.3823330e-02
  -2.1996742e-01
   9.1652954e-03
   6.5033245e-01
   1.5575204e+00
   1.3022966e+00
   1.3862257e+00
   1.4731268e+00
   8.2352102e-01
   1.6501161e+00
   2.7225533e+00
   3.3685923e+00
   2.6981335e+00
   1.5984492e+00
   1.1434259e+00
   1.0543983e+00
   9.2104709e-01
   9.1824985e-01
   1.0779513e+00
   1.1108578e+00
   1.0108259e+00
   8.1537330e-01
   5.0371999e-01
   1.9591193e-01
   2.4714911e-02
   1.0702098e-01
   4.3752000e-01
   9.3974006e-01
   1.4990288e+00
   1.9573522e+00
   2.0311928e+00
   1.6380229e+00
   1.6356494e+00
   1.5686373e+00
   1.2229606e+00
  -3.8224050e-01
  -2.1602634e-02
  -2.1000141e-01
  -5.2543934e-02
   8.5497350e-01
   1.6425682e+00
   1.6466869e+00
   1.6155913e+00
   1.7091998e+00
   1.1595588e+00
   1.8756731e+00
   2.8495996e+00
   2.9449246e+00
   1.9179311e+00
   1.0545777e+00
   6.4904040e-01
   4.5104003e-01
   2.3768200e-01
   2.0205086e-01
   2.2264640e-01
   1.0702804e-01
  -1.1092202e-01
  -3.5771617e-01
  -6.1203176e-01
  -7.4404985e-01
  -7.1169108e-01
  -5.0057328e-01
  -1.3972168e-01
   3.0522701e-01
   7.4946517e-01
   1.0773553e+00
   1.2063794e+00
   1.3410282e+00
   1.7664317e+00
   1.2692591e+00
   3.2492003e-01
  -3.3777440e-01
  -7.7004336e-02
  -4.0650436e-01
  -2.4181657e-01
   1.0024152e+00
   1.7115622e+00
   1.4713439e+00
   7.5354475e-01
   5.3767836e-01
   1.0303800e+00
   1.9504203e+00
   2.6656110e+00
   1.9393194e+00
   5.9664160e-01
   1.8936768e-04
  -3.2551625e-01
  -6.4149463e-01
  -9.2264599e-01
  -1.0847285e+00
  -1.2170627e+00
  -1.4085662e+00
  -1.6068940e+00
  -1.7692918e+00
  -1.8759274e+00
  -1.8782119e+00
  -1.7975456e+00
  -1.6080335e+00
  -1.3026083e+00
  -9.3390620e-01
  -5.7769293e-01
  -2.3814385e-01
   2.0961675e-01
   8.3203024e-01
   1.4866521e+00
   6.4678454e-01
  -5.2574581e-01
  -3.3128497e-01
   7.3732436e-02
  -4.4669175e-01
  -3.7149638e-01
   1.0732262e+00
   1.4454659e+00
   8.3745098e-01
   1.0072018e-01
   1.1064771e-01
   5.9988177e-01
   8.5665381e-01
   1.6586983e+00
   1.0823293e+00
  -3.9011800e-01
  -7.5322354e-01
  -1.1049209e+00
  -1.4581351e+00
  -1.7182158e+00
  -1.8642601e+00
  -1.9762787e+00
  -2.0986793e+00
  -2.1902499e+00
  -2.2515476e+00
  -2.2842317e+00
  -2.2915590e+00
  -2.2891297e+00
  -2.2636495e+00
  -2.1954730e+00
  -2.0833673e+00
  -1.9384688e+00
  -1.7032074e+00
  -1.2386570e+00
  -4.0970382e-01
   4.7327369e-01
   2.9817301e-01
  -9.0709972e-01
  -4.1799510e-01
   5.0124619e-02
  -3.6848611e-01
  -5.5759823e-01
   7.4622840e-01
   6.5386629e-01
   2.2785646e-01
  -3.1590918e-01
  -6.5416619e-02
   3.8600984e-01
   2.9157192e-01
   1.0234034e+00
   2.2726199e-01
  -5.2277320e-01
  -6.0249178e-01
  -7.5903895e-01
  -9.0245260e-01
  -9.5648695e-01
  -9.7300071e-01
  -9.9426258e-01
  -1.0213847e+00
  -1.0500551e+00
  -1.0738219e+00
  -1.0965757e+00
  -1.1382718e+00
  -1.1969932e+00
  -1.2898949e+00
  -1.4247016e+00
  -1.6075138e+00
  -1.8252647e+00
  -1.9892151e+00
  -1.9945393e+00
  -1.6993506e+00
  -1.1504108e+00
  -5.7887583e-01
  -5.8825921e-01
  -2.4358253e-01
  -2.5205622e-02
  -3.9721612e-01
  -8.3907451e-01
  -1.2357217e-01
  -3.0158358e-01
  -4.9615741e-01
  -2.7616551e-01
  -9.6902333e-03
   3.0834969e-01
  -4.7389978e-01
   5.0612324e-02
  -4.0140344e-01
  -1.3144009e-02
   5.1546079e-01
   7.9114684e-01
   9.8049593e-01
   1.1170524e+00
   1.1779368e+00
   1.1947118e+00
   1.2072086e+00
   1.2020017e+00
   1.1845598e+00
   1.1584681e+00
   1.0917746e+00
   9.8540771e-01
   8.2125565e-01
   5.9523391e-01
   3.0040067e-01
  -5.1093632e-02
  -4.1031552e-01
  -8.5932990e-01
  -1.6015726e+00
  -2.3100667e+00
  -1.8897927e+00
  -2.3461905e-01
   1.0622797e-01
   3.5131003e-02
  -5.5643725e-01
  -1.2086804e+00
  -6.6393177e-01
  -4.8482093e-01
  -8.6609675e-01
  -3.6541732e-01
  -8.1635540e-02
  -7.7088010e-03
  -8.2176205e-01
  -7.0155386e-01
  -7.5907034e-01
  -4.5327482e-01
   1.9197774e-01
   6.1153239e-01
   1.0153980e+00
   1.3428767e+00
   1.5441232e+00
   1.6894841e+00
   1.8217990e+00
   1.9167376e+00
   1.9680759e+00
   1.9943060e+00
   1.9564214e+00
   1.8290365e+00
   1.5509918e+00
   1.1306363e+00
   5.8097488e-01
  -6.8240374e-02
  -7.4094337e-01
  -1.5116351e+00
  -2.4194086e+00
  -2.9929569e+00
  -2.5058298e+00
  -3.2813191e-01
   3.1802586e-01
   4.4009965e-02
  -6.2315190e-01
  -1.7361150e+00
  -1.0519297e+00
  -2.6898950e-01
  -8.8072199e-01
  -7.5155520e-01
  -6.0695124e-01
  -7.6153290e-01
  -1.0728692e+00
  -7.0859236e-01
  -1.2841682e+00
  -1.1419303e+00
  -6.7714107e-01
  -4.0167624e-01
  -4.9506411e-02
   2.9801646e-01
   5.3114706e-01
   7.4056214e-01
   9.5442486e-01
   1.1475447e+00
   1.2853023e+00
   1.3795997e+00
   1.3635371e+00
   1.2109958e+00
   8.6215705e-01
   3.7837467e-01
  -1.7928176e-01
  -7.7745914e-01
  -1.3704028e+00
  -2.0558152e+00
  -2.9000111e+00
  -3.5703688e+00
  -3.2522099e+00
  -7.7926064e-01
   2.2484228e-01
  -1.7249580e-01
  -7.9714859e-01
  -2.4241793e+00
  -2.0979514e+00
  -4.1917056e-02
  -3.7321573e-01
  -1.1942738e+00
  -1.1461655e+00
  -1.4332817e+00
  -1.4134989e+00
  -1.1524384e+00
  -1.7621340e+00
  -1.6849710e+00
  -1.4161016e+00
  -1.2842478e+00
  -1.0421503e+00
  -7.8279823e-01
  -6.5901047e-01
  -5.4757595e-01
  -3.8016120e-01
  -1.6305506e-01
   3.1127527e-02
   2.3887944e-01
   3.6774257e-01
   3.7628481e-01
   1.9655533e-01
  -1.2158592e-01
  -5.0539130e-01
  -9.4076669e-01
  -1.3997362e+00
  -1.9790859e+00
  -2.8457315e+00
  -3.8689418e+00
  -4.2209821e+00
  -1.4508640e+00
  -1.7374092e-01
  -4.2706951e-01
  -1.0179827e+00
  -2.9498246e+00
  -3.5080552e+00
  -2.7482066e-01
   4.7017083e-01
  -9.5700103e-01
  -1.3016676e+00
  -1.8005151e+00
  -1.7351842e+00
  -1.5869082e+00
  -1.9895997e+00
  -1.9501088e+00
  -1.8426994e+00
  -1.8135457e+00
  -1.6455606e+00
  -1.4376264e+00
  -1.3686016e+00
  -1.3555651e+00
  -1.2836950e+00
  -1.1124406e+00
  -9.3132985e-01
  -6.6722238e-01
  -3.3332297e-01
  -2.8494122e-02
   7.6302111e-02
  -5.3364564e-02
  -3.2876062e-01
  -7.1373761e-01
  -1.1681150e+00
  -1.7470607e+00
  -2.6066265e+00
  -3.8539722e+00
  -5.3200660e+00
  -1.7622924e+00
  -5.5716550e-01
  -1.0315038e+00
  -1.2606771e+00
  -3.5788794e+00
  -4.6725526e+00
  -1.0018947e+00
   8.1788771e-02
  -2.9093391e-01
  -1.1610551e+00
  -1.8376251e+00
  -1.8692631e+00
  -1.8037962e+00
  -1.9107194e+00
  -1.9463394e+00
  -1.9527833e+00
  -1.9994516e+00
  -1.8868586e+00
  -1.7045697e+00
  -1.6351606e+00
  -1.6702601e+00
  -1.6845324e+00
  -1.5864624e+00
  -1.4703304e+00
  -1.3030092e+00
  -9.4290096e-01
  -4.5965439e-01
  -7.4952312e-02
   6.7612128e-03
  -1.3167147e-01
  -4.4130209e-01
  -8.8341188e-01
  -1.4950547e+00
  -2.3347864e+00
  -3.4730392e+00
  -5.4311728e+00
  -2.7802141e+00
  -7.9225242e-01
  -1.6507543e+00
  -1.3577098e+00
  -3.6340003e+00
  -5.3394432e+00
  -1.6282971e+00
  -5.7244396e-01
   9.6304879e-02
  -8.2890272e-01
  -1.5378780e+00
  -1.6846894e+00
  -1.7107741e+00
  -1.5078371e+00
  -1.6475381e+00
  -1.7810657e+00
  -1.8865341e+00
  -1.8305893e+00
  -1.6875057e+00
  -1.6074542e+00
  -1.6496317e+00
  -1.7210230e+00
  -1.6832969e+00
  -1.6267170e+00
  -1.5987257e+00
  -1.4102839e+00
  -9.8748606e-01
  -4.6936914e-01
  -1.5441954e-01
  -6.3566782e-02
  -1.8102926e-01
  -5.1773822e-01
  -1.0836368e+00
  -1.9270685e+00
  -2.9218082e+00
  -4.1120582e+00
  -4.3496351e+00
  -8.4872556e-01
  -1.2578821e+00
  -1.2771962e+00
  -3.0240405e+00
  -4.8326316e+00
  -2.6342564e+00
  -1.6567322e+00
   3.6495855e-01
  -1.3931890e-01
  -9.3307942e-01
  -1.1512635e+00
  -1.2865238e+00
  -8.3313864e-01
  -1.0698524e+00
  -1.3271719e+00
  -1.4870490e+00
  -1.4875668e+00
  -1.3928149e+00
  -1.3234253e+00
  -1.3391238e+00
  -1.4233346e+00
  -1.4053686e+00
  -1.3652437e+00
  -1.3989592e+00
  -1.3941370e+00
  -1.1614681e+00
  -7.4677783e-01
  -3.8299200e-01
  -1.4964665e-01
  -5.6307692e-02
  -2.1404088e-01
  -6.2558532e-01
  -1.3442361e+00
  -2.3406413e+00
  -3.2615924e+00
  -2.9089253e+00
  -7.3693925e-01
  -1.0084850e+00
  -1.5076015e+00
  -2.4018326e+00
  -3.3051279e+00
  -2.3623409e+00
  -1.8404813e+00
  -3.6921108e-01
   4.1072524e-01
  -1.4605939e-01
  -3.5759628e-01
  -5.6122118e-01
  -1.3074939e-01
  -4.1649497e-01
  -7.5186217e-01
  -9.6880257e-01
  -1.0009947e+00
  -9.5177311e-01
  -9.0910327e-01
  -9.0093189e-01
  -9.6656632e-01
  -9.5808840e-01
  -9.2452717e-01
  -9.4317740e-01
  -1.0180135e+00
  -9.4200706e-01
  -6.6146612e-01
  -3.9070162e-01
  -1.6597892e-01
  -1.5982892e-02
  -3.0067353e-02
  -2.9208004e-01
  -7.6933026e-01
  -1.4694657e+00
  -2.2449682e+00
  -2.1804647e+00
  -9.1346514e-01
  -9.0268284e-01
  -1.6621104e+00
  -1.9377121e+00
  -2.2820783e+00
  -1.5672328e+00
  -2.9010266e-01
   2.1562491e-01
   8.0977553e-01
   6.2434238e-01
   4.3926498e-01
   1.7499650e-01
   6.5396434e-01
   3.3939242e-01
   1.3308397e-02
  -2.2785196e-01
  -2.7700096e-01
  -2.4469285e-01
  -2.3575746e-01
  -2.3862140e-01
  -2.7601430e-01
  -2.8538305e-01
  -2.6072997e-01
  -2.6864836e-01
  -3.4147626e-01
  -3.9165494e-01
  -2.5351083e-01
  -8.2031332e-02
   7.0349336e-02
   1.8695371e-01
   2.2604868e-01
   9.5531121e-02
  -1.7071676e-01
  -4.3016243e-01
  -6.7395294e-01
  -7.2674149e-01
  -3.0249891e-01
  -4.0193105e-01
  -1.4048594e+00
  -1.1147187e+00
  -6.3901353e-01
  -8.9062192e-02
   1.1084749e+00
   1.1182355e+00
   1.1229582e+00
   1.2793673e+00
   1.3449254e+00
   1.0272386e+00
   1.1046769e+00
   7.8091848e-01
   5.1249075e-01
   3.1916770e-01
   2.8702608e-01
   3.4306842e-01
   3.5747318e-01
   3.5326639e-01
   3.3719316e-01
   3.2409330e-01
   3.2232189e-01
   3.0231500e-01
   2.4067357e-01
   1.7147732e-01
   2.3727697e-01
   3.5048010e-01
   4.3258989e-01
   5.0728315e-01
   5.3998351e-01
   4.9285281e-01
   3.2819426e-01
   2.6463055e-01
   2.8818157e-01
   3.0929965e-01
   3.8534434e-01
   2.8810188e-01
  -3.6466160e-01
  -1.2735963e-01
   3.5752001e-01
  -1.3820167e-01
   6.4777134e-01
   1.2387624e+00
   1.2982324e+00
   1.4657919e+00
   1.5342581e+00
   1.4689367e+00
   1.3371947e+00
   1.0595721e+00
   8.6077440e-01
   7.4769932e-01
   7.8041828e-01
   8.7365991e-01
   9.3495476e-01
   9.5072567e-01
   9.7385103e-01
   1.0016453e+00
   9.8485148e-01
   9.4624180e-01
   8.6583233e-01
   7.7411503e-01
   7.9768878e-01
   8.7606317e-01
   9.0462667e-01
   9.1372275e-01
   9.2511308e-01
   9.3119568e-01
   8.7969434e-01
   9.1396886e-01
   1.0556272e+00
   1.1263014e+00
   1.0950220e+00
   1.1297762e+00
   6.5394598e-01
   3.1831346e-02
   4.5384255e-01
   4.1536689e-01
  -8.3327502e-01
  -2.4164641e-01
   6.9230527e-01
   1.3273573e+00
   1.3838850e+00
   1.5444115e+00
   1.2367689e+00
   1.0072730e+00
   8.4189242e-01
   8.1276409e-01
   9.2586207e-01
   1.0542817e+00
   1.1508186e+00
   1.1967709e+00
   1.2612962e+00
   1.3328199e+00
   1.3370264e+00
   1.3044324e+00
   1.2170818e+00
   1.0890343e+00
   1.0528741e+00
   1.0879029e+00
   1.0882714e+00
   1.0713328e+00
   1.0427685e+00
   1.0457741e+00
   1.0754787e+00
   1.1602321e+00
   1.3116378e+00
   1.3703778e+00
   1.4435589e+00
   1.6816807e+00
   1.2635437e+00
   1.0630284e-01
   4.8427707e-01
   2.3733819e-01
  -1.5694335e+00
  -1.7184346e+00
  -6.0886866e-01
   5.4562170e-01
   1.0774356e+00
   1.3326414e+00
   8.9602959e-01
   6.7912326e-01
   4.8449356e-01
   4.8702395e-01
   6.4987652e-01
   8.1088068e-01
   9.3144238e-01
   1.0156848e+00
   1.1230323e+00
   1.2352573e+00
   1.2651391e+00
   1.2265368e+00
   1.1517308e+00
   1.0411845e+00
   9.3390394e-01
   8.7802523e-01
   8.4245606e-01
   8.1332424e-01
   7.4193919e-01
   7.4585292e-01
   8.3267810e-01
   9.5934606e-01
   1.1284089e+00
   1.2093503e+00
   1.4206802e+00
   1.6994895e+00
   1.6504928e+00
   9.0898621e-01
   5.2747702e-01
  -2.0070036e-01
  -1.4625249e+00
  -2.0560408e+00
  -1.2341325e+00
  -9.8170713e-02
   6.4856182e-01
   9.4299240e-01
   3.3842834e-01
   1.8578486e-01
  -3.6247469e-02
  -6.5893125e-02
   3.6303885e-02
   2.1355112e-01
   3.4119349e-01
   4.6101683e-01
   5.9133357e-01
   7.0370726e-01
   7.4817830e-01
   7.6359648e-01
   6.7758981e-01
   5.7388502e-01
   4.3879655e-01
   3.2066505e-01
   2.3413715e-01
   1.9078270e-01
   1.1790674e-01
   1.2380069e-01
   2.3800793e-01
   3.8368871e-01
   5.8251888e-01
   7.8134871e-01
   1.0299432e+00
   1.4540688e+00
   1.8984196e+00
   1.1386941e+00
   3.1213963e-01
  -4.0927243e-01
  -1.6149230e+00
  -2.0398228e+00
  -1.5191684e+00
  -6.2435774e-01
   6.4398780e-02
   3.6620066e-01
  -2.5372294e-01
  -3.4508896e-01
  -5.2532715e-01
  -5.9152621e-01
  -5.4882175e-01
  -4.1682860e-01
  -3.1764415e-01
  -1.9620481e-01
  -4.9081136e-02
   1.9104555e-02
   8.2195871e-02
   1.0466620e-01
   5.5311553e-02
  -5.4248910e-02
  -1.5168320e-01
  -2.4031965e-01
  -3.4718153e-01
  -3.9950466e-01
  -4.3873623e-01
  -4.0404201e-01
  -2.8712088e-01
  -1.4465329e-01
   7.7480911e-03
   2.6005161e-01
   5.3197855e-01
   7.5342834e-01
   1.5021887e+00
   1.1273290e+00
   1.5269426e-01
  -8.0882758e-01
  -1.6112119e+00
  -1.8616422e+00
  -1.5492744e+00
  -9.5858228e-01
  -4.8207930e-01
  -2.5379962e-01
  -6.3130860e-01
  -7.0862007e-01
  -7.9185510e-01
  -8.2672324e-01
  -8.1933135e-01
  -7.6795006e-01
  -6.9704495e-01
  -5.9502375e-01
  -4.5560354e-01
  -4.0607108e-01
  -3.6147550e-01
  -3.2372344e-01
  -3.3067550e-01
  -3.8381323e-01
  -4.7059986e-01
  -5.0712424e-01
  -5.3515369e-01
  -5.6151789e-01
  -5.5765318e-01
  -4.9012959e-01
  -3.6505231e-01
  -2.3364632e-01
  -1.4432797e-01
   4.0031582e-02
   3.2020410e-01
   5.2217430e-01
   7.1911329e-01
   4.8028553e-01
  -2.1320295e-01
  -8.8593358e-01
  -1.3194033e+00
  -1.4456888e+00
  -1.2996101e+00
  -1.0438673e+00
  -7.9617405e-01
  -6.3139105e-01
  -6.4400417e-01
  -6.5073806e-01
  -6.5320235e-01
  -6.3358706e-01
  -5.8988756e-01
  -5.4403681e-01
  -4.8818797e-01
  -4.0742055e-01
  -3.2919699e-01
  -2.7267683e-01
  -2.2619098e-01
  -1.7928185e-01
  -1.3387705e-01
  -1.0046162e-01
  -9.0263054e-02
  -9.2741437e-02
  -7.6723844e-02
  -4.9353544e-02
  -1.2902778e-02
   3.9156906e-02
   8.6476550e-02
   1.2773399e-01
   1.6694340e-01
   1.9876222e-01
   1.8853523e-01
   8.6699933e-02
  -5.3445380e-02
  -1.8624447e-01
  -3.6112699e-01
  -5.6459606e-01
  -7.3190361e-01
  -8.1820124e-01
  -8.1371671e-01
  -7.5167572e-01
  -6.8794799e-01
  -6.5162170e-01
