-START-OF-DATA-
0 0.000278
10 0.000278
20 0.000278
30 0.000278
40 0.000278
50 0.000278
60 0.000278
70 0.000278
80 0.000278
90 0.000278
100 0.000278
110 0.000278
120 0.000278
130 0.000278
140 0.000278
150 0.000278
160 0.000278
170 0.000278
180 0.000278
190 0.000278
200 0.000278
210 0.000278
220 0.000278
230 0.000278
240 0.000278
250 0.000278
260 0.000278
270 0.000278
280 0.000278
290 0.000278
300 0.000278
310 0.000278
320 0.000278
330 0.000278
340 0.000278
350 0.000278
360 0.000278
370 0.000278
380 0.000278
390 0.000278
400 0.000278
410 0.000278
420 0.000278
430 0.000278
440 0.000278
450 0.000278
460 0.000278
470 0.000278
480 0.000278
490 0.000278
500 0.000278
510 0.000278
520 0.000278
530 0.000278
540 0.000278
550 0.000278
560 0.000278
570 0.000278
580 0.000278
590 0.000278
600 0.000278
610 0.000278
620 0.000278
630 0.000278
640 0.000278
650 0.000278
660 0.000278
670 0.000278
680 0.000278
690 0.000278
700 0.000278
710 0.000278
720 0.000278
730 0.000278
740 0.000278
750 0.000278
760 0.000278
770 0.000278
780 0.000278
790 0.000278
800 0.000278
810 0.000278
820 0.000278
830 0.000278
840 0.000278
850 0.000278
860 0.000278
870 0.000278
880 0.000278
890 0.000278
900 0.000278
910 0.000278
920 0.000278
930 0.000278
940 0.000278
950 0.000278
960 0.000278
970 0.000278
980 0.000278
990 0.000278
1000 0.000278
1010 0.000278
1020 0.000278
1030 0.000278
1040 0.000278
1050 0.000278
1060 0.000278
1070 0.000278
1080 0.000278
1090 0.000278
1100 0.000278
1110 0.000278
1120 0.000278
1130 0.000278
1140 0.000278
1150 0.000278
1160 0.000278
1170 0.000278
1180 0.000278
1190 0.000278
1200 0.000278
1210 0.000278
1220 0.000278
1230 0.000278
1240 0.000278
1250 0.000278
1260 0.000278
1270 0.000278
1280 0.000278
1290 0.000278
1300 0.000278
1310 0.000278
1320 0.000278
1330 0.000278
1340 0.000278
1350 0.000278
1360 0.000278
1370 0.000278
1380 0.000278
1390 0.000278
1400 0.000278
1410 0.000278
1420 0.000278
1430 0.000278
1440 0.000278
1450 0.000278
1460 0.000278
1470 0.000278
1480 0.000278
1490 0.000278
1500 0.000278
1510 0.000278
1520 0.000278
1530 0.000278
1540 0.000278
1550 0.000278
1560 0.000278
1570 0.000278
1580 0.000278
1590 0.000278
1600 0.000278
1610 0.000278
1620 0.000278
1630 0.000278
1640 0.000278
1650 0.000278
1660 0.000278
1670 0.000278
1680 0.000278
1690 0.000278
1700 0.000278
1710 0.000278
1720 0.000278
1730 0.000278
1740 0.000278
1750 0.000278
1760 0.000278
1770 0.000278
1780 0.000278
1790 0.000278
1800 0.000278
1810 0.000278
1820 0.000278
1830 0.000278
1840 0.000278
1850 0.000278
1860 0.000278
1870 0.000278
1880 0.000278
1890 0.000278
1900 0.000278
1910 0.000278
1920 0.000278
1930 0.000278
1940 0.000278
1950 0.000278
1960 0.000278
1970 0.000278
1980 0.000278
1990 0.000278
2000 0.000278
2010 0.00028391707641196
2020 0.00028983415282392
2030 0.00029575122923588
2040 0.000301668305647841
2050 0.000307585382059801
2060 0.000313502458471761
2070 0.000319419534883721
2080 0.000325336611295681
2090 0.000331253687707641
2100 0.000337170764119601
2110 0.000343087840531561
2120 0.000349004916943522
2130 0.000354921993355482
2140 0.000360839069767442
2150 0.000366756146179402
2160 0.000372673222591362
2170 0.000378590299003322
2180 0.000384507375415282
2190 0.000390424451827243
2200 0.000396341528239203
2210 0.000402258604651163
2220 0.000408175681063123
2230 0.000414092757475083
2240 0.000420009833887043
2250 0.000425926910299003
2260 0.000431843986710963
2270 0.000437761063122924
2280 0.000443678139534884
2290 0.000449595215946844
2300 0.000455512292358804
2310 0.000461429368770764
2320 0.000467346445182724
2330 0.000473263521594684
2340 0.000479180598006644
2350 0.000485097674418605
2360 0.000491014750830565
2370 0.000496931827242525
2380 0.000502848903654485
2390 0.000508765980066445
2400 0.000514683056478405
2410 0.000520600132890365
2420 0.000526517209302325
2430 0.000532434285714286
2440 0.000538351362126246
2450 0.000544268438538206
2460 0.000550185514950166
2470 0.000556102591362126
2480 0.000562019667774086
2490 0.000567936744186047
2500 0.000573853820598007
2510 0.000579770897009967
2520 0.000585687973421927
2530 0.000591605049833887
2540 0.000597522126245847
2550 0.000603439202657807
2560 0.000609356279069767
2570 0.000615273355481728
2580 0.000621190431893688
2590 0.000627107508305648
2600 0.000633024584717608
2610 0.000638941661129568
2620 0.000644858737541528
2630 0.000650775813953488
2640 0.000656692890365448
2650 0.000662609966777409
2660 0.000668527043189369
2670 0.000674444119601329
2680 0.000680361196013289
2690 0.000686278272425249
2700 0.000692195348837209
2710 0.000698112425249169
2720 0.00070402950166113
2730 0.00070994657807309
2740 0.00071586365448505
2750 0.00072178073089701
2760 0.00072769780730897
2770 0.00073361488372093
2780 0.00073953196013289
2790 0.00074544903654485
2800 0.000751366112956811
2810 0.000757283189368771
2820 0.000763200265780731
2830 0.000769117342192691
2840 0.000775034418604651
2850 0.000780951495016611
2860 0.000786868571428571
2870 0.000792785647840531
2880 0.000798702724252492
2890 0.000804619800664452
2900 0.000810536877076412
2910 0.000816453953488372
2920 0.000822371029900332
2930 0.000828288106312292
2940 0.000834205182724252
2950 0.000840122259136212
2960 0.000846039335548173
2970 0.000851956411960133
2980 0.000857873488372093
2990 0.000863790564784053
3000 0.000869707641196013
3010 0.000875624717607973
3020 0.000881541794019933
3030 0.000887458870431894
3040 0.000893375946843854
3050 0.000899293023255814
3060 0.000905210099667774
3070 0.000911127176079734
3080 0.000917044252491694
3090 0.000922961328903654
3100 0.000928878405315615
3110 0.000934795481727575
3120 0.000940712558139535
3130 0.000946629634551495
3140 0.000952546710963455
3150 0.000958463787375415
3160 0.000964380863787375
3170 0.000970297940199335
3180 0.000976215016611296
3190 0.000982132093023256
3200 0.000988049169435216
3210 0.000993966245847176
3220 0.000999883322259136
3230 0.0010058003986711
3240 0.00101171747508306
3250 0.00101763455149502
3260 0.00102355162790698
3270 0.00102946870431894
3280 0.0010353857807309
3290 0.00104130285714286
3300 0.00104721993355482
3310 0.00105313700996678
3320 0.00105905408637874
3330 0.0010649711627907
3340 0.00107088823920266
3350 0.00107680531561462
3360 0.00108272239202658
3370 0.00108863946843854
3380 0.0010945565448505
3390 0.00110047362126246
3400 0.00110639069767442
3410 0.00111230777408638
3420 0.00111822485049834
3430 0.0011241419269103
3440 0.00113005900332226
3450 0.00113597607973422
3460 0.00114189315614618
3470 0.00114781023255814
3480 0.0011537273089701
3490 0.00115964438538206
3500 0.00116556146179402
3510 0.00117147853820598
3520 0.00117739561461794
3530 0.0011833126910299
3540 0.00118922976744186
3550 0.00119514684385382
3560 0.00120106392026578
3570 0.00120698099667774
3580 0.0012128980730897
3590 0.00121881514950166
3600 0.00122473222591362
3610 0.00123064930232558
3620 0.00123656637873754
3630 0.0012424834551495
3640 0.00124840053156146
3650 0.00125431760797342
3660 0.00126023468438538
3670 0.00126615176079734
3680 0.0012720688372093
3690 0.00127798591362126
3700 0.00128390299003322
3710 0.00128982006644518
3720 0.00129573714285714
3730 0.0013016542192691
3740 0.00130757129568106
3750 0.00131348837209302
3760 0.00131940544850498
3770 0.00132532252491694
3780 0.0013312396013289
3790 0.00133715667774086
3800 0.00134307375415282
3810 0.00134899083056478
3820 0.00135490790697674
3830 0.0013608249833887
3840 0.00136674205980066
3850 0.00137265913621262
3860 0.00137857621262458
3870 0.00138449328903654
3880 0.0013904103654485
3890 0.00139632744186047
3900 0.00140224451827243
3910 0.00140816159468439
3920 0.00141407867109635
3930 0.00141999574750831
3940 0.00142591282392027
3950 0.00143182990033223
3960 0.00143774697674419
3970 0.00144366405315615
3980 0.00144958112956811
3990 0.00145549820598007
4000 0.00146141528239203
4010 0.00146733235880399
4020 0.00147324943521595
4030 0.00147916651162791
4040 0.00148508358803987
4050 0.00149100066445183
4060 0.00149691774086379
4070 0.00150283481727575
4080 0.00150875189368771
4090 0.00151466897009967
4100 0.00152058604651163
4110 0.00152650312292359
4120 0.00153242019933555
4130 0.00153833727574751
4140 0.00154425435215947
4150 0.00155017142857143
4160 0.00155608850498339
4170 0.00156200558139535
4180 0.00156792265780731
4190 0.00157383973421927
4200 0.00157975681063123
4210 0.00158567388704319
4220 0.00159159096345515
4230 0.00159750803986711
4240 0.00160342511627907
4250 0.00160934219269103
4260 0.00161525926910299
4270 0.00162117634551495
4280 0.00162709342192691
4290 0.00163301049833887
4300 0.00163892757475083
4310 0.00164484465116279
4320 0.00165076172757475
4330 0.00165667880398671
4340 0.00166259588039867
4350 0.00166851295681063
4360 0.00167443003322259
4370 0.00168034710963455
4380 0.00168626418604651
4390 0.00169218126245847
4400 0.00169809833887043
4410 0.00170401541528239
4420 0.00170993249169435
4430 0.00171584956810631
4440 0.00172176664451827
4450 0.00172768372093023
4460 0.00173360079734219
4470 0.00173951787375415
4480 0.00174543495016611
4490 0.00175135202657807
4500 0.00175726910299003
4510 0.00176318617940199
4520 0.00176910325581395
4530 0.00177502033222591
4540 0.00178093740863787
4550 0.00178685448504983
4560 0.00179277156146179
4570 0.00179868863787375
4580 0.00180460571428571
4590 0.00181052279069767
4600 0.00181643986710963
4610 0.00182235694352159
4620 0.00182827401993355
4630 0.00183419109634551
4640 0.00184010817275747
4650 0.00184602524916944
4660 0.0018519423255814
4670 0.00185785940199336
4680 0.00186377647840532
4690 0.00186969355481728
4700 0.00187561063122924
4710 0.0018815277076412
4720 0.00188744478405316
4730 0.00189336186046512
4740 0.00189927893687708
4750 0.00190519601328904
4760 0.001911113089701
4770 0.00191703016611296
4780 0.00192294724252492
4790 0.00192886431893688
4800 0.00193478139534884
4810 0.0019406984717608
4820 0.00194661554817276
4830 0.00195253262458472
4840 0.00195844970099668
4850 0.00196436677740864
4860 0.0019702838538206
4870 0.00197620093023256
4880 0.00198211800664452
4890 0.00198803508305648
4900 0.00199395215946844
4910 0.0019998692358804
4920 0.00200578631229236
4930 0.00201170338870432
4940 0.00201762046511628
4950 0.00202353754152824
4960 0.0020294546179402
4970 0.00203537169435216
4980 0.00204128877076412
4990 0.00204720584717608
5000 0.00205312292358804
5010 0.00205904
5020 0.00205904
5030 0.00205904
5040 0.00205904
5050 0.00205904
5060 0.00205904
5070 0.00205904
5080 0.00205904
5090 0.00205904
5100 0.00205904
5110 0.00205904
5120 0.00205904
5130 0.00205904
5140 0.00205904
5150 0.00205904
5160 0.00205904
5170 0.00205904
5180 0.00205904
5190 0.00205904
5200 0.00205904
5210 0.00205904
5220 0.00205904
5230 0.00205904
5240 0.00205904
5250 0.00205904
5260 0.00205904
5270 0.00205904
5280 0.00205904
5290 0.00205904
5300 0.00205904
5310 0.00205904
5320 0.00205904
5330 0.00205904
5340 0.00205904
5350 0.00205904
5360 0.00205904
5370 0.00205904
5380 0.00205904
5390 0.00205904
5400 0.00205904
5410 0.00205904
5420 0.00205904
5430 0.00205904
5440 0.00205904
5450 0.00205904
5460 0.00205904
5470 0.00205904
5480 0.00205904
5490 0.00205904
5500 0.00205904
5510 0.00205904
5520 0.00205904
5530 0.00205904
5540 0.00205904
5550 0.00205904
5560 0.00205904
5570 0.00205904
5580 0.00205904
5590 0.00205904
5600 0.00205904
5610 0.00205904
5620 0.00205904
5630 0.00205904
5640 0.00205904
5650 0.00205904
5660 0.00205904
5670 0.00205904
5680 0.00205904
5690 0.00205904
5700 0.00205904
5710 0.00205904
5720 0.00205904
5730 0.00205904
5740 0.00205904
5750 0.00205904
5760 0.00205904
5770 0.00205904
5780 0.00205904
5790 0.00205904
5800 0.00205904
5810 0.00205904
5820 0.00205904
5830 0.00205904
5840 0.00205904
5850 0.00205904
5860 0.00205904
5870 0.00205904
5880 0.00205904
5890 0.00205904
5900 0.00205904
5910 0.00205904
5920 0.00205904
5930 0.00205904
5940 0.00205904
5950 0.00205904
5960 0.00205904
5970 0.00205904
5980 0.00205904
5990 0.00205904
6000 0.00205904
6010 0.00205904
6020 0.00205904
6030 0.00205904
6040 0.00205904
6050 0.00205904
6060 0.00205904
6070 0.00205904
6080 0.00205904
6090 0.00205904
6100 0.00205904
6110 0.00205904
6120 0.00205904
6130 0.00205904
6140 0.00205904
6150 0.00205904
6160 0.00205904
6170 0.00205904
6180 0.00205904
6190 0.00205904
6200 0.00205904
6210 0.00205904
6220 0.00205904
6230 0.00205904
6240 0.00205904
6250 0.00205904
6260 0.00205904
6270 0.00205904
6280 0.00205904
6290 0.00205904
6300 0.00205904
6310 0.00205904
6320 0.00205904
6330 0.00205904
6340 0.00205904
6350 0.00205904
6360 0.00205904
6370 0.00205904
6380 0.00205904
6390 0.00205904
6400 0.00205904
6410 0.00205904
6420 0.00205904
6430 0.00205904
6440 0.00205904
6450 0.00205904
6460 0.00205904
6470 0.00205904
6480 0.00205904
6490 0.00205904
6500 0.00205904
6510 0.00205904
6520 0.00205904
6530 0.00205904
6540 0.00205904
6550 0.00205904
6560 0.00205904
6570 0.00205904
6580 0.00205904
6590 0.00205904
6600 0.00205904
6610 0.00205904
6620 0.00205904
6630 0.00205904
6640 0.00205904
6650 0.00205904
6660 0.00205904
6670 0.00205904
6680 0.00205904
6690 0.00205904
6700 0.00205904
6710 0.00205904
6720 0.00205904
6730 0.00205904
6740 0.00205904
6750 0.00205904
6760 0.00205904
6770 0.00205904
6780 0.00205904
6790 0.00205904
6800 0.00205904
6810 0.00205904
6820 0.00205904
6830 0.00205904
6840 0.00205904
6850 0.00205904
6860 0.00205904
6870 0.00205904
6880 0.00205904
6890 0.00205904
6900 0.00205904
6910 0.00205904
6920 0.00205904
6930 0.00205904
6940 0.00205904
6950 0.00205904
6960 0.00205904
6970 0.00205904
6980 0.00205904
6990 0.00205904
7000 0.00205904
7010 0.00205904
7020 0.00205904
7030 0.00205904
7040 0.00205904
7050 0.00205904
7060 0.00205904
7070 0.00205904
7080 0.00205904
7090 0.00205904
7100 0.00205904
7110 0.00205904
7120 0.00205904
7130 0.00205904
7140 0.00205904
7150 0.00205904
7160 0.00205904
7170 0.00205904
7180 0.00205904
7190 0.00205904
7200 0.00205904
7210 0.00205904
7220 0.00205904
7230 0.00205904
7240 0.00205904
7250 0.00205904
7260 0.00205904
7270 0.00205904
7280 0.00205904
7290 0.00205904
7300 0.00205904
7310 0.00205904
7320 0.00205904
7330 0.00205904
7340 0.00205904
7350 0.00205904
7360 0.00205904
7370 0.00205904
7380 0.00205904
7390 0.00205904
7400 0.00205904
7410 0.00205904
7420 0.00205904
7430 0.00205904
7440 0.00205904
7450 0.00205904
7460 0.00205904
7470 0.00205904
7480 0.00205904
7490 0.00205904
7500 0.00205904
7510 0.00205904
7520 0.00205904
7530 0.00205904
7540 0.00205904
7550 0.00205904
7560 0.00205904
7570 0.00205904
7580 0.00205904
7590 0.00205904
7600 0.00205904
7610 0.00205904
7620 0.00205904
7630 0.00205904
7640 0.00205904
7650 0.00205904
7660 0.00205904
7670 0.00205904
7680 0.00205904
7690 0.00205904
7700 0.00205904
7710 0.00205904
7720 0.00205904
7730 0.00205904
7740 0.00205904
7750 0.00205904
7760 0.00205904
7770 0.00205904
7780 0.00205904
7790 0.00205904
7800 0.00205904
7810 0.00205904
7820 0.00205904
7830 0.00205904
7840 0.00205904
7850 0.00205904
7860 0.00205904
7870 0.00205904
7880 0.00205904
7890 0.00205904
7900 0.00205904
7910 0.00205904
7920 0.00205904
7930 0.00205904
7940 0.00205904
7950 0.00205904
7960 0.00205904
7970 0.00205904
7980 0.00205904
7990 0.00205904
8000 0.00205904
8010 0.00205904
8020 0.00205904
8030 0.00205904
8040 0.00205904
8050 0.00205904
8060 0.00205904
8070 0.00205904
8080 0.00205904
8090 0.00205904
8100 0.00205904
8110 0.00205904
8120 0.00205904
8130 0.00205904
8140 0.00205904
8150 0.00205904
8160 0.00205904
8170 0.00205904
8180 0.00205904
8190 0.00205904
8200 0.00205904
8210 0.00205904
8220 0.00205904
8230 0.00205904
8240 0.00205904
8250 0.00205904
8260 0.00205904
8270 0.00205904
8280 0.00205904
8290 0.00205904
8300 0.00205904
8310 0.00205904
8320 0.00205904
8330 0.00205904
8340 0.00205904
8350 0.00205904
8360 0.00205904
8370 0.00205904
8380 0.00205904
8390 0.00205904
8400 0.00205904
8410 0.00205904
8420 0.00205904
8430 0.00205904
8440 0.00205904
8450 0.00205904
8460 0.00205904
8470 0.00205904
8480 0.00205904
8490 0.00205904
8500 0.00205904
8510 0.00205904
8520 0.00205904
8530 0.00205904
8540 0.00205904
8550 0.00205904
8560 0.00205904
8570 0.00205904
8580 0.00205904
8590 0.00205904
8600 0.00205904
8610 0.00205904
8620 0.00205904
8630 0.00205904
8640 0.00205904
8650 0.00205904
8660 0.00205904
8670 0.00205904
8680 0.00205904
8690 0.00205904
8700 0.00205904
8710 0.00205904
8720 0.00205904
8730 0.00205904
8740 0.00205904
8750 0.00205904
8760 0.00205904
8770 0.00205904
8780 0.00205904
8790 0.00205904
8800 0.00205904
8810 0.00205904
8820 0.00205904
8830 0.00205904
8840 0.00205904
8850 0.00205904
8860 0.00205904
8870 0.00205904
8880 0.00205904
8890 0.00205904
8900 0.00205904
8910 0.00205904
8920 0.00205904
8930 0.00205904
8940 0.00205904
8950 0.00205904
8960 0.00205904
8970 0.00205904
8980 0.00205904
8990 0.00205904
9000 0.00205904
9010 0.00205904
9020 0.00205904
9030 0.00205904
9040 0.00205904
9050 0.00205904
9060 0.00205904
9070 0.00205904
9080 0.00205904
9090 0.00205904
9100 0.00205904
9110 0.00205904
9120 0.00205904
9130 0.00205904
9140 0.00205904
9150 0.00205904
9160 0.00205904
9170 0.00205904
9180 0.00205904
9190 0.00205904
9200 0.00205904
9210 0.00205904
9220 0.00205904
9230 0.00205904
9240 0.00205904
9250 0.00205904
9260 0.00205904
9270 0.00205904
9280 0.00205904
9290 0.00205904
9300 0.00205904
9310 0.00205904
9320 0.00205904
9330 0.00205904
9340 0.00205904
9350 0.00205904
9360 0.00205904
9370 0.00205904
9380 0.00205904
9390 0.00205904
9400 0.00205904
9410 0.00205904
9420 0.00205904
9430 0.00205904
9440 0.00205904
9450 0.00205904
9460 0.00205904
9470 0.00205904
9480 0.00205904
9490 0.00205904
9500 0.00205904
9510 0.00205904
9520 0.00205904
9530 0.00205904
9540 0.00205904
9550 0.00205904
9560 0.00205904
9570 0.00205904
9580 0.00205904
9590 0.00205904
9600 0.00205904
9610 0.00205904
9620 0.00205904
9630 0.00205904
9640 0.00205904
9650 0.00205904
9660 0.00205904
9670 0.00205904
9680 0.00205904
9690 0.00205904
9700 0.00205904
9710 0.00205904
9720 0.00205904
9730 0.00205904
9740 0.00205904
9750 0.00205904
9760 0.00205904
9770 0.00205904
9780 0.00205904
9790 0.00205904
9800 0.00205904
9810 0.00205904
9820 0.00205904
9830 0.00205904
9840 0.00205904
9850 0.00205904
9860 0.00205904
9870 0.00205904
9880 0.00205904
9890 0.00205904
9900 0.00205904
9910 0.00205904
9920 0.00205904
9930 0.00205904
9940 0.00205904
9950 0.00205904
9960 0.00205904
9970 0.00205904
9980 0.00205904
9990 0.00205904
10000 0.00205904
10010 0.00205904
10020 0.00205904
10030 0.00205904
10040 0.00205904
10050 0.00205904
10060 0.00205904
10070 0.00205904
10080 0.00205904
10090 0.00205904
10100 0.00205904
10110 0.00205904
10120 0.00205904
10130 0.00205904
10140 0.00205904
10150 0.00205904
10160 0.00205904
10170 0.00205904
10180 0.00205904
10190 0.00205904
10200 0.00205904
10210 0.00205904
10220 0.00205904
10230 0.00205904
10240 0.00205904
10250 0.00205904
10260 0.00205904
10270 0.00205904
10280 0.00205904
10290 0.00205904
10300 0.00205904
10310 0.00205904
10320 0.00205904
10330 0.00205904
10340 0.00205904
10350 0.00205904
10360 0.00205904
10370 0.00205904
10380 0.00205904
10390 0.00205904
10400 0.00205904
10410 0.00205904
10420 0.00205904
10430 0.00205904
10440 0.00205904
10450 0.00205904
10460 0.00205904
10470 0.00205904
10480 0.00205904
10490 0.00205904
10500 0.00205904
10510 0.00205904
10520 0.00205904
10530 0.00205904
10540 0.00205904
10550 0.00205904
10560 0.00205904
10570 0.00205904
10580 0.00205904
10590 0.00205904
10600 0.00205904
10610 0.00205904
10620 0.00205904
10630 0.00205904
10640 0.00205904
10650 0.00205904
10660 0.00205904
10670 0.00205904
10680 0.00205904
10690 0.00205904
10700 0.00205904
10710 0.00205904
10720 0.00205904
10730 0.00205904
10740 0.00205904
10750 0.00205904
10760 0.00205904
10770 0.00205904
10780 0.00205904
10790 0.00205904
10800 0.00205904
10810 0.00205904
10820 0.00205904
10830 0.00205904
10840 0.00205904
10850 0.00205904
10860 0.00205904
10870 0.00205904
10880 0.00205904
10890 0.00205904
10900 0.00205904
10910 0.00205904
10920 0.00205904
10930 0.00205904
10940 0.00205904
10950 0.00205904
10960 0.00205904
10970 0.00205904
10980 0.00205904
10990 0.00205904
11000 0.00205904
11010 0.00205904
11020 0.00205904
11030 0.00205904
11040 0.00205904
11050 0.00205904
11060 0.00205904
11070 0.00205904
11080 0.00205904
11090 0.00205904
11100 0.00205904
11110 0.00205904
11120 0.00205904
11130 0.00205904
11140 0.00205904
11150 0.00205904
11160 0.00205904
11170 0.00205904
11180 0.00205904
11190 0.00205904
11200 0.00205904
11210 0.00205904
11220 0.00205904
11230 0.00205904
11240 0.00205904
11250 0.00205904
11260 0.00205904
11270 0.00205904
11280 0.00205904
11290 0.00205904
11300 0.00205904
11310 0.00205904
11320 0.00205904
11330 0.00205904
11340 0.00205904
11350 0.00205904
11360 0.00205904
11370 0.00205904
11380 0.00205904
11390 0.00205904
11400 0.00205904
11410 0.00205904
11420 0.00205904
11430 0.00205904
11440 0.00205904
11450 0.00205904
11460 0.00205904
11470 0.00205904
11480 0.00205904
11490 0.00205904
11500 0.00205904
11510 0.00205904
11520 0.00205904
11530 0.00205904
11540 0.00205904
11550 0.00205904
11560 0.00205904
11570 0.00205904
11580 0.00205904
11590 0.00205904
11600 0.00205904
11610 0.00205904
11620 0.00205904
11630 0.00205904
11640 0.00205904
11650 0.00205904
11660 0.00205904
11670 0.00205904
11680 0.00205904
11690 0.00205904
11700 0.00205904
11710 0.00205904
11720 0.00205904
11730 0.00205904
11740 0.00205904
11750 0.00205904
11760 0.00205904
11770 0.00205904
11780 0.00205904
11790 0.00205904
11800 0.00205904
11810 0.00205904
11820 0.00205904
11830 0.00205904
11840 0.00205904
11850 0.00205904
11860 0.00205904
11870 0.00205904
11880 0.00205904
11890 0.00205904
11900 0.00205904
11910 0.00205904
11920 0.00205904
11930 0.00205904
11940 0.00205904
11950 0.00205904
11960 0.00205904
11970 0.00205904
11980 0.00205904
11990 0.00205904
12000 0.00205904
12010 0.00205904
12020 0.00205904
12030 0.00205904
12040 0.00205904
12050 0.00205904
12060 0.00205904
12070 0.00205904
12080 0.00205904
12090 0.00205904
12100 0.00205904
12110 0.00205904
12120 0.00205904
12130 0.00205904
12140 0.00205904
12150 0.00205904
12160 0.00205904
12170 0.00205904
12180 0.00205904
12190 0.00205904
12200 0.00205904
12210 0.00205904
12220 0.00205904
12230 0.00205904
12240 0.00205904
12250 0.00205904
12260 0.00205904
12270 0.00205904
12280 0.00205904
12290 0.00205904
12300 0.00205904
12310 0.00205904
12320 0.00205904
12330 0.00205904
12340 0.00205904
12350 0.00205904
12360 0.00205904
12370 0.00205904
12380 0.00205904
12390 0.00205904
12400 0.00205904
12410 0.00205904
12420 0.00205904
12430 0.00205904
12440 0.00205904
12450 0.00205904
12460 0.00205904
12470 0.00205904
12480 0.00205904
12490 0.00205904
12500 0.00205904
12510 0.00205904
12520 0.00205904
12530 0.00205904
12540 0.00205904
12550 0.00205904
12560 0.00205904
12570 0.00205904
12580 0.00205904
12590 0.00205904
12600 0.00205904
12610 0.00205904
12620 0.00205904
12630 0.00205904
12640 0.00205904
12650 0.00205904
12660 0.00205904
12670 0.00205904
12680 0.00205904
12690 0.00205904
12700 0.00205904
12710 0.00205904
12720 0.00205904
12730 0.00205904
12740 0.00205904
12750 0.00205904
12760 0.00205904
12770 0.00205904
12780 0.00205904
12790 0.00205904
12800 0.00205904
12810 0.00205904
12820 0.00205904
12830 0.00205904
12840 0.00205904
12850 0.00205904
12860 0.00205904
12870 0.00205904
12880 0.00205904
12890 0.00205904
12900 0.00205904
12910 0.00205904
12920 0.00205904
12930 0.00205904
12940 0.00205904
12950 0.00205904
12960 0.00205904
12970 0.00205904
12980 0.00205904
12990 0.00205904
13000 0.00205904
13010 0.00205904
13020 0.00205904
13030 0.00205904
13040 0.00205904
13050 0.00205904
13060 0.00205904
13070 0.00205904
13080 0.00205904
13090 0.00205904
13100 0.00205904
13110 0.00205904
13120 0.00205904
13130 0.00205904
13140 0.00205904
13150 0.00205904
13160 0.00205904
13170 0.00205904
13180 0.00205904
13190 0.00205904
13200 0.00205904
13210 0.00205904
13220 0.00205904
13230 0.00205904
13240 0.00205904
13250 0.00205904
13260 0.00205904
13270 0.00205904
13280 0.00205904
13290 0.00205904
13300 0.00205904
13310 0.00205904
13320 0.00205904
13330 0.00205904
13340 0.00205904
13350 0.00205904
13360 0.00205904
13370 0.00205904
13380 0.00205904
13390 0.00205904
13400 0.00205904
13410 0.00205904
13420 0.00205904
13430 0.00205904
13440 0.00205904
13450 0.00205904
13460 0.00205904
13470 0.00205904
13480 0.00205904
13490 0.00205904
13500 0.00205904
13510 0.00205904
13520 0.00205904
13530 0.00205904
13540 0.00205904
13550 0.00205904
13560 0.00205904
13570 0.00205904
13580 0.00205904
13590 0.00205904
13600 0.00205904
13610 0.00205904
13620 0.00205904
13630 0.00205904
13640 0.00205904
13650 0.00205904
13660 0.00205904
13670 0.00205904
13680 0.00205904
13690 0.00205904
13700 0.00205904
13710 0.00205904
13720 0.00205904
13730 0.00205904
13740 0.00205904
13750 0.00205904
13760 0.00205904
13770 0.00205904
13780 0.00205904
13790 0.00205904
13800 0.00205904
13810 0.00205904
13820 0.00205904
13830 0.00205904
13840 0.00205904
13850 0.00205904
13860 0.00205904
13870 0.00205904
13880 0.00205904
13890 0.00205904
13900 0.00205904
13910 0.00205904
13920 0.00205904
13930 0.00205904
13940 0.00205904
13950 0.00205904
13960 0.00205904
13970 0.00205904
13980 0.00205904
13990 0.00205904
14000 0.00205904
14010 0.00205904
14020 0.00205904
14030 0.00205904
14040 0.00205904
14050 0.00205904
14060 0.00205904
14070 0.00205904
14080 0.00205904
14090 0.00205904
14100 0.00205904
14110 0.00205904
14120 0.00205904
14130 0.00205904
14140 0.00205904
14150 0.00205904
14160 0.00205904
14170 0.00205904
14180 0.00205904
14190 0.00205904
14200 0.00205904
14210 0.00205904
14220 0.00205904
14230 0.00205904
14240 0.00205904
14250 0.00205904
14260 0.00205904
14270 0.00205904
14280 0.00205904
14290 0.00205904
14300 0.00205904
14310 0.00205904
14320 0.00205904
14330 0.00205904
14340 0.00205904
14350 0.00205904
14360 0.00205904
14370 0.00205904
14380 0.00205904
14390 0.00205904
14400 0.00205904
14410 0.00205904
14420 0.00205904
14430 0.00205904
14440 0.00205904
14450 0.00205904
14460 0.00205904
14470 0.00205904
14480 0.00205904
14490 0.00205904
14500 0.00205904
14510 0.00205904
14520 0.00205904
14530 0.00205904
14540 0.00205904
14550 0.00205904
14560 0.00205904
14570 0.00205904
14580 0.00205904
14590 0.00205904
14600 0.00205904
14610 0.00205904
14620 0.00205904
14630 0.00205904
14640 0.00205904
14650 0.00205904
14660 0.00205904
14670 0.00205904
14680 0.00205904
14690 0.00205904
14700 0.00205904
14710 0.00205904
14720 0.00205904
14730 0.00205904
14740 0.00205904
14750 0.00205904
14760 0.00205904
14770 0.00205904
14780 0.00205904
14790 0.00205904
14800 0.00205904
14810 0.00205904
14820 0.00205904
14830 0.00205904
14840 0.00205904
14850 0.00205904
14860 0.00205904
14870 0.00205904
14880 0.00205904
14890 0.00205904
14900 0.00205904
14910 0.00205904
14920 0.00205904
14930 0.00205904
14940 0.00205904
14950 0.00205904
14960 0.00205904
14970 0.00205904
14980 0.00205904
14990 0.00205904
15000 0.00205904
15010 0.00205904
15020 0.00205904
15030 0.00205904
15040 0.00205904
15050 0.00205904
15060 0.00205904
15070 0.00205904
15080 0.00205904
15090 0.00205904
15100 0.00205904
15110 0.00205904
15120 0.00205904
15130 0.00205904
15140 0.00205904
15150 0.00205904
15160 0.00205904
15170 0.00205904
15180 0.00205904
15190 0.00205904
15200 0.00205904
15210 0.00205904
15220 0.00205904
15230 0.00205904
15240 0.00205904
15250 0.00205904
15260 0.00205904
15270 0.00205904
15280 0.00205904
15290 0.00205904
15300 0.00205904
15310 0.00205904
15320 0.00205904
15330 0.00205904
15340 0.00205904
15350 0.00205904
15360 0.00205904
15370 0.00205904
15380 0.00205904
15390 0.00205904
15400 0.00205904
15410 0.00205904
15420 0.00205904
15430 0.00205904
15440 0.00205904
15450 0.00205904
15460 0.00205904
15470 0.00205904
15480 0.00205904
15490 0.00205904
15500 0.00205904
15510 0.00205904
15520 0.00205904
15530 0.00205904
15540 0.00205904
15550 0.00205904
15560 0.00205904
15570 0.00205904
15580 0.00205904
15590 0.00205904
15600 0.00205904
15610 0.00205904
15620 0.00205904
15630 0.00205904
15640 0.00205904
15650 0.00205904
15660 0.00205904
15670 0.00205904
15680 0.00205904
15690 0.00205904
15700 0.00205904
15710 0.00205904
15720 0.00205904
15730 0.00205904
15740 0.00205904
15750 0.00205904
15760 0.00205904
15770 0.00205904
15780 0.00205904
15790 0.00205904
15800 0.00205904
15810 0.00205904
15820 0.00205904
15830 0.00205904
15840 0.00205904
15850 0.00205904
15860 0.00205904
15870 0.00205904
15880 0.00205904
15890 0.00205904
15900 0.00205904
15910 0.00205904
15920 0.00205904
15930 0.00205904
15940 0.00205904
15950 0.00205904
15960 0.00205904
15970 0.00205904
15980 0.00205904
15990 0.00205904
16000 0.00205904
16010 0.00205904
16020 0.00205904
16030 0.00205904
16040 0.00205904
16050 0.00205904
16060 0.00205904
16070 0.00205904
16080 0.00205904
16090 0.00205904
16100 0.00205904
16110 0.00205904
16120 0.00205904
16130 0.00205904
16140 0.00205904
16150 0.00205904
16160 0.00205904
16170 0.00205904
16180 0.00205904
16190 0.00205904
16200 0.00205904
16210 0.00205904
16220 0.00205904
16230 0.00205904
16240 0.00205904
16250 0.00205904
16260 0.00205904
16270 0.00205904
16280 0.00205904
16290 0.00205904
16300 0.00205904
16310 0.00205904
16320 0.00205904
16330 0.00205904
16340 0.00205904
16350 0.00205904
16360 0.00205904
16370 0.00205904
16380 0.00205904
16390 0.00205904
16400 0.00205904
16410 0.00205904
16420 0.00205904
16430 0.00205904
16440 0.00205904
16450 0.00205904
16460 0.00205904
16470 0.00205904
16480 0.00205904
16490 0.00205904
16500 0.00205904
16510 0.00205904
16520 0.00205904
16530 0.00205904
16540 0.00205904
16550 0.00205904
16560 0.00205904
16570 0.00205904
16580 0.00205904
16590 0.00205904
16600 0.00205904
16610 0.00205904
16620 0.00205904
16630 0.00205904
16640 0.00205904
16650 0.00205904
16660 0.00205904
16670 0.00205904
16680 0.00205904
16690 0.00205904
16700 0.00205904
16710 0.00205904
16720 0.00205904
16730 0.00205904
16740 0.00205904
16750 0.00205904
16760 0.00205904
16770 0.00205904
16780 0.00205904
16790 0.00205904
16800 0.00205904
16810 0.00205904
16820 0.00205904
16830 0.00205904
16840 0.00205904
16850 0.00205904
16860 0.00205904
16870 0.00205904
16880 0.00205904
16890 0.00205904
16900 0.00205904
16910 0.00205904
16920 0.00205904
16930 0.00205904
16940 0.00205904
16950 0.00205904
16960 0.00205904
16970 0.00205904
16980 0.00205904
16990 0.00205904
17000 0.00205904
17010 0.00205904
17020 0.00205904
17030 0.00205904
17040 0.00205904
17050 0.00205904
17060 0.00205904
17070 0.00205904
17080 0.00205904
17090 0.00205904
17100 0.00205904
17110 0.00205904
17120 0.00205904
17130 0.00205904
17140 0.00205904
17150 0.00205904
17160 0.00205904
17170 0.00205904
17180 0.00205904
17190 0.00205904
17200 0.00205904
17210 0.00205904
17220 0.00205904
17230 0.00205904
17240 0.00205904
17250 0.00205904
17260 0.00205904
17270 0.00205904
17280 0.00205904
17290 0.00205904
17300 0.00205904
17310 0.00205904
17320 0.00205904
17330 0.00205904
17340 0.00205904
17350 0.00205904
17360 0.00205904
17370 0.00205904
17380 0.00205904
17390 0.00205904
17400 0.00205904
17410 0.00205904
17420 0.00205904
17430 0.00205904
17440 0.00205904
17450 0.00205904
17460 0.00205904
17470 0.00205904
17480 0.00205904
17490 0.00205904
17500 0.00205904
17510 0.00205904
17520 0.00205904
17530 0.00205904
17540 0.00205904
17550 0.00205904
17560 0.00205904
17570 0.00205904
17580 0.00205904
17590 0.00205904
17600 0.00205904
17610 0.00205904
17620 0.00205904
17630 0.00205904
17640 0.00205904
17650 0.00205904
17660 0.00205904
17670 0.00205904
17680 0.00205904
17690 0.00205904
17700 0.00205904
17710 0.00205904
17720 0.00205904
17730 0.00205904
17740 0.00205904
17750 0.00205904
17760 0.00205904
17770 0.00205904
17780 0.00205904
17790 0.00205904
17800 0.00205904
17810 0.00205904
17820 0.00205904
17830 0.00205904
17840 0.00205904
17850 0.00205904
17860 0.00205904
17870 0.00205904
17880 0.00205904
17890 0.00205904
17900 0.00205904
17910 0.00205904
17920 0.00205904
17930 0.00205904
17940 0.00205904
17950 0.00205904
17960 0.00205904
17970 0.00205904
17980 0.00205904
17990 0.00205904
18000 0.00205904
18010 0.00205904
18020 0.00205904
18030 0.00205904
18040 0.00205904
18050 0.00205904
18060 0.00205904
18070 0.00205904
18080 0.00205904
18090 0.00205904
18100 0.00205904
18110 0.00205904
18120 0.00205904
18130 0.00205904
18140 0.00205904
18150 0.00205904
18160 0.00205904
18170 0.00205904
18180 0.00205904
18190 0.00205904
18200 0.00205904
18210 0.00205904
18220 0.00205904
18230 0.00205904
18240 0.00205904
18250 0.00205904
18260 0.00205904
18270 0.00205904
18280 0.00205904
18290 0.00205904
18300 0.00205904
18310 0.00205904
18320 0.00205904
18330 0.00205904
18340 0.00205904
18350 0.00205904
18360 0.00205904
18370 0.00205904
18380 0.00205904
18390 0.00205904
18400 0.00205904
18410 0.00205904
18420 0.00205904
18430 0.00205904
18440 0.00205904
18450 0.00205904
18460 0.00205904
18470 0.00205904
18480 0.00205904
18490 0.00205904
18500 0.00205904
18510 0.00205904
18520 0.00205904
18530 0.00205904
18540 0.00205904
18550 0.00205904
18560 0.00205904
18570 0.00205904
18580 0.00205904
18590 0.00205904
18600 0.00205904
18610 0.00205904
18620 0.00205904
18630 0.00205904
18640 0.00205904
18650 0.00205904
18660 0.00205904
18670 0.00205904
18680 0.00205904
18690 0.00205904
18700 0.00205904
18710 0.00205904
18720 0.00205904
18730 0.00205904
18740 0.00205904
18750 0.00205904
18760 0.00205904
18770 0.00205904
18780 0.00205904
18790 0.00205904
18800 0.00205904
18810 0.00205904
18820 0.00205904
18830 0.00205904
18840 0.00205904
18850 0.00205904
18860 0.00205904
18870 0.00205904
18880 0.00205904
18890 0.00205904
18900 0.00205904
18910 0.00205904
18920 0.00205904
18930 0.00205904
18940 0.00205904
18950 0.00205904
18960 0.00205904
18970 0.00205904
18980 0.00205904
18990 0.00205904
19000 0.00205904
19010 0.00205904
19020 0.00205904
19030 0.00205904
19040 0.00205904
19050 0.00205904
19060 0.00205904
19070 0.00205904
19080 0.00205904
19090 0.00205904
19100 0.00205904
19110 0.00205904
19120 0.00205904
19130 0.00205904
19140 0.00205904
19150 0.00205904
19160 0.00205904
19170 0.00205904
19180 0.00205904
19190 0.00205904
19200 0.00205904
19210 0.00205904
19220 0.00205904
19230 0.00205904
19240 0.00205904
19250 0.00205904
19260 0.00205904
19270 0.00205904
19280 0.00205904
19290 0.00205904
19300 0.00205904
19310 0.00205904
19320 0.00205904
19330 0.00205904
19340 0.00205904
19350 0.00205904
19360 0.00205904
19370 0.00205904
19380 0.00205904
19390 0.00205904
19400 0.00205904
19410 0.00205904
19420 0.00205904
19430 0.00205904
19440 0.00205904
19450 0.00205904
19460 0.00205904
19470 0.00205904
19480 0.00205904
19490 0.00205904
19500 0.00205904
19510 0.00205904
19520 0.00205904
19530 0.00205904
19540 0.00205904
19550 0.00205904
19560 0.00205904
19570 0.00205904
19580 0.00205904
19590 0.00205904
19600 0.00205904
19610 0.00205904
19620 0.00205904
19630 0.00205904
19640 0.00205904
19650 0.00205904
19660 0.00205904
19670 0.00205904
19680 0.00205904
19690 0.00205904
19700 0.00205904
19710 0.00205904
19720 0.00205904
19730 0.00205904
19740 0.00205904
19750 0.00205904
19760 0.00205904
19770 0.00205904
19780 0.00205904
19790 0.00205904
19800 0.00205904
19810 0.00205904
19820 0.00205904
19830 0.00205904
19840 0.00205904
19850 0.00205904
19860 0.00205904
19870 0.00205904
19880 0.00205904
19890 0.00205904
19900 0.00205904
19910 0.00205904
19920 0.00205904
19930 0.00205904
19940 0.00205904
19950 0.00205904
19960 0.00205904
19970 0.00205904
19980 0.00205904
19990 0.00205904
20000 0.00205904
-END-OF-DATA-
