-START-OF-DATA-
1759.5 0.00090142
1769.5 0.00090142
1779.5 0.00090142
1789.5 0.00090142
1799.5 0.00090142
1809.5 0.00090142
1819.5 0.00090142
1829.5 0.00090142
1839.5 0.00090142
1849.5 0.00090142
1859.5 0.00090142
1869.5 0.00090142
1879.5 0.00090142
1889.5 0.00090142
1899.5 0.00090142
1909.5 0.00090142
1919.5 0.00090142
1929.5 0.00090142
1939.5 0.00090142
1949.5 0.00096
2049.5 0.000979
2149.5 0.001012
2249.5 0.001057
2349.5 0.001112
2449.5 0.001174
2549.5 0.001252
2649.5 0.001349
2749.5 0.001443
2849.5 0.00153
2949.5 0.001605
3049.5 0.00166
3149.5 0.001696
3249.5 0.001715
3349.5 0.001725
3449.5 0.001725
3549.5 0.001719
3649.5 0.001709
3749.5 0.001696
3849.5 0.001683
3949.5 0.00167
4049.5 0.001654
4149.5 0.001641
4249.5 0.001628
4349.5 0.001615
4449.5 0.001602
4549.5 0.001592
4649.5 0.001579
4749.5 0.001569
4849.5 0.00156
4949.5 0.00155
5049.5 0.00154
5149.5 0.00153
5249.5 0.001521
5349.5 0.001514
5449.5 0.001505
5549.5 0.001498
5649.5 0.001492
5749.5 0.001482
5849.5 0.001475
5949.5 0.001469
6049.5 0.001462
6149.5 0.001456
6249.5 0.001453
6349.5 0.001446
6449.5 0.00144
6549.5 0.001436
6649.5 0.00143
6749.5 0.001423
6849.5 0.00142
6949.5 0.001414
7049.5 0.00141
7149.5 0.001407
7249.5 0.001401
7349.5 0.001398
7449.5 0.001394
7549.5 0.001388
7649.5 0.001385
7749.5 0.001381
7849.5 0.001378
7949.5 0.001375
8049.5 0.001372
8149.5 0.001365
8249.5 0.001362
8349.5 0.001359
8449.5 0.001355
8549.5 0.001352
8649.5 0.001349
8749.5 0.001349
8849.5 0.001346
8949.5 0.001342
9049.5 0.001339
9149.5 0.001336
9249.5 0.001333
9349.5 0.001329
9449.5 0.001329
9549.5 0.001326
9649.5 0.001323
9749.5 0.00132
9849.5 0.00132
9949.5 0.001316
10049.5 0.001313
10149.5 0.00131
10249.5 0.00131
10349.5 0.001307
10449.5 0.001303
10549.5 0.001303
10649.5 0.0013
10749.5 0.0013
10849.5 0.001297
10949.5 0.001294
11049.5 0.001294
11149.5 0.001291
11249.5 0.001291
11349.5 0.001287
11449.5 0.001284
11549.5 0.001284
11649.5 0.001281
11749.5 0.001281
11849.5 0.001278
11949.5 0.001278
12049.5 0.001274
12149.5 0.001274
12249.5 0.001271
12349.5 0.001271
12449.5 0.001268
12549.5 0.001268
12649.5 0.001268
12749.5 0.001265
12849.5 0.001265
12949.5 0.001261
13049.5 0.001261
13149.5 0.001258
13249.5 0.001258
13349.5 0.001255
13449.5 0.001255
13549.5 0.001255
13649.5 0.001252
13749.5 0.001252
13849.5 0.001252
13949.5 0.001248
14049.5 0.001248
14149.5 0.001245
14249.5 0.001245
14349.5 0.001245
14449.5 0.001242
14549.5 0.001242
14649.5 0.001242
14749.5 0.001239
14849.5 0.001239
14949.5 0.001239
15049.5 0.001235
15149.5 0.001235
15249.5 0.001235
15349.5 0.001232
15449.5 0.001232
15549.5 0.001232
15649.5 0.001229
15749.5 0.001229
15849.5 0.001229
15949.5 0.001229
16049.5 0.001226
16149.5 0.001226
16249.5 0.001226
16349.5 0.001222
16449.5 0.001222
16549.5 0.001222
16649.5 0.001222
16749.5 0.001219
16849.5 0.001219
16949.5 0.001219
17049.5 0.001216
17149.5 0.001216
17249.5 0.001216
17349.5 0.001216
17449.5 0.001213
17549.5 0.001213
17649.5 0.001213
17749.5 0.001209
17849.5 0.001209
17949.5 0.001209
18049.5 0.001209
18149.5 0.001206
18249.5 0.001206
18349.5 0.001206
18449.5 0.001206
18549.5 0.001203
18649.5 0.001203
18749.5 0.001203
18849.5 0.001203
18949.5 0.0012
19049.5 0.0012
19149.5 0.0012
19249.5 0.0012
19349.5 0.001196
19449.5 0.001196
19549.5 0.001196
19649.5 0.001193
19749.5 0.001193
19849.5 0.001193
19949.5 0.001193
20049.5 0.00119
20149.5 0.00119
20249.5 0.00119
20349.5 0.00119
20449.5 0.001187
20549.5 0.001187
20649.5 0.001187
20749.5 0.001187
20849.5 0.001184
20949.5 0.001184
21049.5 0.001184
21149.5 0.001184
21249.5 0.00118
21349.5 0.00118
21449.5 0.00118
21549.5 0.00118
21649.5 0.001177
21749.5 0.001177
21849.5 0.001177
21949.5 0.001177
22049.5 0.001174
22149.5 0.001174
22249.5 0.001174
22349.5 0.001174
22449.5 0.001174
22549.5 0.001171
22649.5 0.001171
22749.5 0.001171
22849.5 0.001171
22949.5 0.001167
23049.5 0.001167
23149.5 0.001167
23249.5 0.001167
23349.5 0.001167
23449.5 0.001164
23549.5 0.001164
23649.5 0.001164
23749.5 0.001164
23849.5 0.001164
23949.5 0.001161
24049.5 0.001161
24149.5 0.001161
24249.5 0.001161
24349.5 0.001158
24449.5 0.001158
24549.5 0.001158
24649.5 0.001158
24749.5 0.001158
24849.5 0.001158
24949.5 0.001154
25049.5 0.001154
25149.5 0.001154
25249.5 0.001154
25349.5 0.001154
25449.5 0.001151
25549.5 0.001151
25649.5 0.001151
25749.5 0.001151
25849.5 0.001151
25949.5 0.001151
26049.5 0.001148
26149.5 0.001148
26249.5 0.001148
26349.5 0.001148
26449.5 0.001148
26549.5 0.001145
26649.5 0.001145
26749.5 0.001145
26849.5 0.001145
26949.5 0.001145
27049.5 0.001145
27149.5 0.001145
27249.5 0.001141
27349.5 0.001141
27449.5 0.001141
27549.5 0.001141
27649.5 0.001141
27749.5 0.001141
27849.5 0.001138
27949.5 0.001138
28049.5 0.001138
28149.5 0.001138
28249.5 0.001138
28349.5 0.001138
28449.5 0.001138
28549.5 0.001135
28649.5 0.001135
28749.5 0.001135
28849.5 0.001135
28949.5 0.001135
29049.5 0.001135
29149.5 0.001135
29249.5 0.001135
29349.5 0.001132
29449.5 0.001132
29549.5 0.001132
29649.5 0.001132
29749.5 0.001132
29849.5 0.001132
29949.5 0.001132
30049.5 0.001132
30149.5 0.001128
30249.5 0.001128
30349.5 0.001128
30449.5 0.001128
30549.5 0.001128
30649.5 0.001128
30749.5 0.001128
30849.5 0.001128
30949.5 0.001125
31049.5 0.001125
31149.5 0.001125
31249.5 0.001125
31349.5 0.001125
31449.5 0.001125
31549.5 0.001125
31649.5 0.001125
31749.5 0.001125
31849.5 0.001125
31949.5 0.001122
32049.5 0.001122
32149.5 0.001122
32249.5 0.001122
32349.5 0.001122
32449.5 0.001122
32549.5 0.001122
32649.5 0.001122
32749.5 0.001122
32849.5 0.001122
32949.5 0.001119
33049.5 0.001119
33149.5 0.001119
33249.5 0.001119
33349.5 0.001119
33449.5 0.001119
33549.5 0.001119
33649.5 0.001119
33749.5 0.001119
33849.5 0.001119
33949.5 0.001119
34049.5 0.001119
34149.5 0.001115
34249.5 0.001115
34349.5 0.001115
34449.5 0.001115
34549.5 0.001115
34649.5 0.001115
34749.5 0.001115
34849.5 0.001115
34949.5 0.001115
35049.5 0.001115
35149.5 0.001115
35249.5 0.001115
35349.5 0.001115
35449.5 0.001112
35549.5 0.001112
35649.5 0.001112
35749.5 0.001112
35849.5 0.001112
35949.5 0.001112
36049.5 0.001112
36149.5 0.001112
36249.5 0.001112
36349.5 0.001112
36449.5 0.001112
36549.5 0.001112
36649.5 0.001112
36749.5 0.001112
36849.5 0.001112
36949.5 0.001109
37049.5 0.001109
37149.5 0.001109
37249.5 0.001109
37349.5 0.001109
37449.5 0.001109
37549.5 0.001109
37649.5 0.001109
37749.5 0.001109
37849.5 0.001109
37949.5 0.001109
38049.5 0.001109
38149.5 0.001109
38249.5 0.001109
38349.5 0.001109
38449.5 0.001109
38549.5 0.001106
38649.5 0.001106
38749.5 0.001106
38849.5 0.001106
38949.5 0.001106
39049.5 0.001106
39149.5 0.001106
39249.5 0.001106
39349.5 0.001106
39449.5 0.001106
39549.5 0.001106
39649.5 0.001106
39749.5 0.001106
39849.5 0.001106
39949.5 0.001106
40049.5 0.001106
40149.5 0.001102
40249.5 0.001102
40349.5 0.001102
40449.5 0.001102
40549.5 0.001102
40649.5 0.001102
40749.5 0.001102
40849.5 0.001102
40949.5 0.001102
41049.5 0.001102
41149.5 0.001102
41249.5 0.001102
41349.5 0.001102
41449.5 0.001102
41549.5 0.001102
41649.5 0.001102
41749.5 0.001102
41849.5 0.001102
41949.5 0.001099
42049.5 0.001099
42149.5 0.001099
42249.5 0.001099
42349.5 0.001099
42449.5 0.001099
42549.5 0.001099
42649.5 0.001099
42749.5 0.001099
42849.5 0.001099
42949.5 0.001099
43049.5 0.001099
43149.5 0.001099
43249.5 0.001099
43349.5 0.001099
43449.5 0.001099
43549.5 0.001099
43649.5 0.001099
43749.5 0.001096
43849.5 0.001096
43949.5 0.001096
44049.5 0.001096
44149.5 0.001096
44249.5 0.001096
44349.5 0.001096
44449.5 0.001096
44549.5 0.001096
44649.5 0.001096
44749.5 0.001096
44849.5 0.001096
44949.5 0.001096
45049.5 0.001096
45149.5 0.001096
45249.5 0.001096
45349.5 0.001096
45449.5 0.001096
45549.5 0.001096
45649.5 0.001093
45749.5 0.001093
45849.5 0.001093
45949.5 0.001093
46049.5 0.001093
46149.5 0.001093
46249.5 0.001093
46349.5 0.001093
46449.5 0.001093
46549.5 0.001093
46649.5 0.001093
46749.5 0.001093
46849.5 0.001093
46949.5 0.001093
47049.5 0.001093
47149.5 0.001093
47249.5 0.001093
47349.5 0.001093
47449.5 0.001093
47549.5 0.001093
47649.5 0.001093
47749.5 0.001089
47849.5 0.001089
47949.5 0.001089
48049.5 0.001089
48149.5 0.001089
48249.5 0.001089
48349.5 0.001089
48449.5 0.001089
48549.5 0.001089
48649.5 0.001089
48749.5 0.001089
48849.5 0.001089
48949.5 0.001089
49049.5 0.001089
49149.5 0.001089
49249.5 0.001089
49349.5 0.001089
49449.5 0.001089
49549.5 0.001089
49649.5 0.001089
49749.5 0.001089
49849.5 0.001089
49949.5 0.001089
50049.5 0.001086
50149.5 0.001086
50249.5 0.001086
50349.5 0.001086
50449.5 0.001086
50549.5 0.001086
50649.5 0.001086
50749.5 0.001086
50849.5 0.001086
50949.5 0.001086
51049.5 0.001086
51149.5 0.001086
51249.5 0.001086
51349.5 0.001086
51449.5 0.001086
51549.5 0.001086
51649.5 0.001086
51749.5 0.001086
51849.5 0.001086
51949.5 0.001086
52049.5 0.001086
52149.5 0.001086
52249.5 0.001086
52349.5 0.001086
52449.5 0.001083
52549.5 0.001083
52649.5 0.001083
52749.5 0.001083
52849.5 0.001083
52949.5 0.001083
53049.5 0.001083
53149.5 0.001083
53249.5 0.001083
53349.5 0.001083
53449.5 0.001083
53549.5 0.001083
53649.5 0.001083
53749.5 0.001083
53849.5 0.001083
53949.5 0.001083
54049.5 0.001083
54149.5 0.001083
54249.5 0.001083
54349.5 0.001083
54449.5 0.001083
54549.5 0.001083
54649.5 0.001083
54749.5 0.001083
54849.5 0.001083
54949.5 0.00108
55049.5 0.00108
55149.5 0.00108
55249.5 0.00108
55349.5 0.00108
55449.5 0.00108
55549.5 0.00108
55649.5 0.00108
55749.5 0.00108
55849.5 0.00108
55949.5 0.00108
56049.5 0.00108
56149.5 0.00108
56249.5 0.00108
56349.5 0.00108
56449.5 0.00108
56549.5 0.00108
56649.5 0.00108
56749.5 0.00108
56849.5 0.00108
56949.5 0.00108
57049.5 0.00108
57149.5 0.00108
57249.5 0.00108
57349.5 0.001077
57449.5 0.001077
57549.5 0.001077
57649.5 0.001077
57749.5 0.001077
57849.5 0.001077
57949.5 0.001077
58049.5 0.001077
58149.5 0.001077
58249.5 0.001077
58349.5 0.001077
58449.5 0.001077
58549.5 0.001077
58649.5 0.001077
58749.5 0.001077
58849.5 0.001077
58949.5 0.001077
59049.5 0.001077
59149.5 0.001077
59249.5 0.001077
59349.5 0.001077
59449.5 0.001077
59549.5 0.001077
59649.5 0.001077
59749.5 0.001073
59849.5 0.001073
59949.5 0.001073
60049.5 0.001073
60149.5 0.001073
60249.5 0.001073
60349.5 0.001073
60449.5 0.001073
60549.5 0.001073
60649.5 0.001073
60749.5 0.001073
60849.5 0.001073
60949.5 0.001073
61049.5 0.001073
61149.5 0.001073
61249.5 0.001073
61349.5 0.001073
61449.5 0.001073
61549.5 0.001073
61649.5 0.001073
61749.5 0.001073
61849.5 0.001073
61949.5 0.001073
62049.5 0.001073
62149.5 0.001073
62249.5 0.001073
62349.5 0.001073
62449.5 0.00107
62549.5 0.00107
62649.5 0.00107
62749.5 0.00107
62849.5 0.00107
62949.5 0.00107
63049.5 0.00107
63149.5 0.00107
63249.5 0.00107
63349.5 0.00107
63449.5 0.00107
63549.5 0.00107
63649.5 0.00107
63749.5 0.00107
63849.5 0.00107
63949.5 0.00107
64049.5 0.00107
64149.5 0.00107
64249.5 0.00107
64349.5 0.00107
64449.5 0.00107
64549.5 0.00107
64649.5 0.00107
64749.5 0.00107
64849.5 0.00107
64949.5 0.00107
65049.5 0.00107
65149.5 0.00107
65249.5 0.00107
65349.5 0.00107
65449.5 0.00107
65549.5 0.001067
65649.5 0.001067
65749.5 0.001067
65849.5 0.001067
65949.5 0.001067
66049.5 0.001067
66149.5 0.001067
66249.5 0.001067
66349.5 0.001067
66449.5 0.001067
66549.5 0.001067
66649.5 0.001067
66749.5 0.001067
66849.5 0.001067
66949.5 0.001067
67049.5 0.001067
67149.5 0.001067
67249.5 0.001067
67349.5 0.001067
67449.5 0.001067
67549.5 0.001067
67649.5 0.001067
67749.5 0.001067
67849.5 0.001067
67949.5 0.001067
68049.5 0.001067
68149.5 0.001067
68249.5 0.001067
68349.5 0.001067
68449.5 0.001067
68549.5 0.001067
68649.5 0.001067
68749.5 0.001064
68849.5 0.001064
68949.5 0.001064
69049.5 0.001064
69149.5 0.001064
69249.5 0.001064
69349.5 0.001064
69449.5 0.001064
69549.5 0.001064
69649.5 0.001064
69749.5 0.001064
69849.5 0.001064
69949.5 0.001064
70049.5 0.001064
70149.5 0.001064
70249.5 0.001064
70349.5 0.001064
70449.5 0.001064
70549.5 0.001064
70649.5 0.001064
70749.5 0.001064
70849.5 0.001064
70949.5 0.001064
71049.5 0.001064
71149.5 0.001064
71249.5 0.001064
71349.5 0.001064
71449.5 0.001064
71549.5 0.001064
71649.5 0.001064
71749.5 0.001064
71849.5 0.001064
71949.5 0.001064
72049.5 0.00106
72149.5 0.00106
72249.5 0.00106
72349.5 0.00106
72449.5 0.00106
72549.5 0.00106
72649.5 0.00106
72749.5 0.00106
72849.5 0.00106
72949.5 0.00106
73049.5 0.00106
73149.5 0.00106
73249.5 0.00106
73349.5 0.00106
73449.5 0.00106
73549.5 0.00106
73649.5 0.00106
73749.5 0.00106
73849.5 0.00106
73949.5 0.00106
74049.5 0.00106
74149.5 0.00106
74249.5 0.00106
74349.5 0.00106
74449.5 0.00106
74549.5 0.00106
74649.5 0.00106
74749.5 0.00106
74849.5 0.00106
74949.5 0.00106
75049.5 0.00106
75149.5 0.001057
75249.5 0.001057
75349.5 0.001057
75449.5 0.001057
75549.5 0.001057
75649.5 0.001057
75749.5 0.001057
75849.5 0.001057
75949.5 0.001057
76049.5 0.001057
76149.5 0.001057
76249.5 0.001057
76349.5 0.001057
76449.5 0.001057
76549.5 0.001057
76649.5 0.001057
76749.5 0.001057
76849.5 0.001057
76949.5 0.001057
77049.5 0.001057
77149.5 0.001057
77249.5 0.001057
77349.5 0.001057
77449.5 0.001057
77549.5 0.001057
77649.5 0.001057
77749.5 0.001057
77849.5 0.001057
77949.5 0.001057
78049.5 0.001057
78149.5 0.001057
78249.5 0.001057
78349.5 0.001057
78449.5 0.001057
78549.5 0.001054
78649.5 0.001054
78749.5 0.001054
78849.5 0.001054
78949.5 0.001054
79049.5 0.001054
79149.5 0.001054
79249.5 0.001054
79349.5 0.001054
79449.5 0.001054
79549.5 0.001054
79649.5 0.001054
79749.5 0.001054
79849.5 0.001054
79949.5 0.001054
80049.5 0.001054
80149.5 0.001054
80249.5 0.001054
80349.5 0.001054
80449.5 0.001054
80549.5 0.001054
80649.5 0.001054
80749.5 0.001054
80849.5 0.001054
80949.5 0.001054
81049.5 0.001054
81149.5 0.001054
81249.5 0.001054
81349.5 0.001054
81449.5 0.001054
81549.5 0.001054
81649.5 0.001054
81749.5 0.001054
81849.5 0.001054
81949.5 0.001054
82049.5 0.001054
82149.5 0.001054
82249.5 0.001054
82349.5 0.001051
82449.5 0.001051
82549.5 0.001051
82649.5 0.001051
82749.5 0.001051
82849.5 0.001051
82949.5 0.001051
83049.5 0.001051
83149.5 0.001051
83249.5 0.001051
83349.5 0.001051
83449.5 0.001051
83549.5 0.001051
83649.5 0.001051
83749.5 0.001051
83849.5 0.001051
83949.5 0.001051
84049.5 0.001051
84149.5 0.001051
84249.5 0.001051
84349.5 0.001051
84449.5 0.001051
84549.5 0.001051
84649.5 0.001051
84749.5 0.001051
84849.5 0.001051
84949.5 0.001051
85049.5 0.001051
85149.5 0.001051
85249.5 0.001051
85349.5 0.001051
85449.5 0.001051
85549.5 0.001051
85649.5 0.001051
85749.5 0.001051
85849.5 0.001051
85949.5 0.001051
86049.5 0.001051
86149.5 0.001051
86249.5 0.001047
86349.5 0.001047
86449.5 0.001047
86549.5 0.001047
86649.5 0.001047
86749.5 0.001047
86849.5 0.001047
86949.5 0.001047
87049.5 0.001047
87149.5 0.001047
87249.5 0.001047
87349.5 0.001047
87449.5 0.001047
87549.5 0.001047
87649.5 0.001047
87749.5 0.001047
87849.5 0.001047
87949.5 0.001047
88049.5 0.001047
88149.5 0.001047
88249.5 0.001047
88349.5 0.001047
88449.5 0.001047
88549.5 0.001047
88649.5 0.001047
88749.5 0.001047
88849.5 0.001047
88949.5 0.001047
89049.5 0.001047
89149.5 0.001047
89249.5 0.001047
89349.5 0.001047
89449.5 0.001047
89549.5 0.001047
89649.5 0.001047
89749.5 0.001047
89849.5 0.001047
89949.5 0.001047
90049.5 0.001047
90149.5 0.001047
90249.5 0.001047
90349.5 0.001047
90449.5 0.001047
90549.5 0.001047
90649.5 0.001047
90749.5 0.001047
90849.5 0.001047
90949.5 0.001047
91049.5 0.001044
91149.5 0.001044
91249.5 0.001044
91349.5 0.001044
91449.5 0.001044
91549.5 0.001044
91649.5 0.001044
91749.5 0.001044
91849.5 0.001044
91949.5 0.001044
92049.5 0.001044
92149.5 0.001044
92249.5 0.001044
92349.5 0.001044
92449.5 0.001044
92549.5 0.001044
92649.5 0.001044
92749.5 0.001044
92849.5 0.001044
92949.5 0.001044
93049.5 0.001044
93149.5 0.001044
93249.5 0.001044
93349.5 0.001044
93449.5 0.001044
93549.5 0.001044
93649.5 0.001044
93749.5 0.001044
93849.5 0.001044
93949.5 0.001044
94049.5 0.001044
94149.5 0.001044
94249.5 0.001044
94349.5 0.001044
94449.5 0.001044
94549.5 0.001044
94649.5 0.001044
94749.5 0.001044
94849.5 0.001044
94949.5 0.001044
95049.5 0.001044
95149.5 0.001044
95249.5 0.001044
95349.5 0.001044
95449.5 0.001044
95549.5 0.001044
95649.5 0.001044
95749.5 0.001044
95849.5 0.001044
95949.5 0.001044
96049.5 0.001044
96149.5 0.001044
96249.5 0.001044
96349.5 0.001044
96449.5 0.001041
96549.5 0.001041
96649.5 0.001041
96749.5 0.001041
96849.5 0.001041
96949.5 0.001041
97049.5 0.001041
97149.5 0.001041
97249.5 0.001041
97349.5 0.001041
97449.5 0.001041
97549.5 0.001041
97649.5 0.001041
97749.5 0.001041
97849.5 0.001041
97949.5 0.001041
98049.5 0.001041
98149.5 0.001041
98249.5 0.001041
98349.5 0.001041
98449.5 0.001041
98549.5 0.001041
98649.5 0.001041
98749.5 0.001041
98849.5 0.001041
98949.5 0.001041
99049.5 0.001041
99149.5 0.001041
99249.5 0.001041
99349.5 0.001041
99449.5 0.001041
99549.5 0.001041
99649.5 0.001041
99749.5 0.001041
99849.5 0.001041
99949.5 0.001041
100049.5 0.001041
100149.5 0.001041
100249.5 0.001041
100349.5 0.001041
100449.5 0.001041
100549.5 0.001041
100649.5 0.001041
100749.5 0.001041
100849.5 0.001041
100949.5 0.001041
101049.5 0.001041
101149.5 0.001041
101249.5 0.001041
101349.5 0.001041
101449.5 0.001041
101549.5 0.001041
101649.5 0.001041
101749.5 0.001041
101849.5 0.001041
101949.5 0.001041
102049.5 0.001041
102149.5 0.001041
102249.5 0.001041
102349.5 0.001038
102449.5 0.001038
102549.5 0.001038
9999982445 0.000901
-END-OF-DATA-
