  -3.3996899e-03
   0.0000000e+00
   0.0000000e+00
   0.0000000e+00
   0.0000000e+00
   0.0000000e+00
   0.0000000e+00
   0.0000000e+00
   0.0000000e+00
   0.0000000e+00
   0.0000000e+00
   0.0000000e+00
   0.0000000e+00
   0.0000000e+00
   0.0000000e+00
   0.0000000e+00
   0.0000000e+00
   0.0000000e+00
   4.5815846e-03
   4.2379965e-04
  -2.4982850e-03
  -7.1178951e-03
  -9.7491614e-03
  -1.0141537e-02
  -8.8111105e-03
  -6.1953599e-03
  -2.0327821e-03
   2.5239544e-03
   7.2689010e-03
   1.0760038e-02
   1.3259412e-02
   1.3778441e-02
   1.1734394e-02
   8.5300278e-03
   4.9566686e-03
  -1.0993515e-03
   2.5787222e-02
   2.9063153e-02
   0.0000000e+00
   0.0000000e+00
   0.0000000e+00
   0.0000000e+00
   0.0000000e+00
   0.0000000e+00
   0.0000000e+00
   0.0000000e+00
   0.0000000e+00
   0.0000000e+00
   0.0000000e+00
   0.0000000e+00
   0.0000000e+00
   0.0000000e+00
   0.0000000e+00
   3.6406663e-02
   3.7497245e-02
   3.5746299e-02
   3.1753324e-02
   2.5900871e-02
   1.3777281e-02
   1.0769152e-02
   9.7820412e-03
   9.1392016e-03
   1.0647964e-02
   1.6215624e-02
   2.1314740e-02
   2.7248189e-02
   3.2376114e-02
   3.5534069e-02
   3.7452582e-02
   3.5978928e-02
   3.3607475e-02
   2.9230425e-02
   6.2925465e-02
   5.5116645e-02
   0.0000000e+00
   0.0000000e+00
   0.0000000e+00
   0.0000000e+00
   0.0000000e+00
   0.0000000e+00
   0.0000000e+00
   0.0000000e+00
   0.0000000e+00
   0.0000000e+00
   0.0000000e+00
   2.7833610e-02
   3.3496122e-02
   3.4091244e-02
   4.2376992e-02
   5.4946074e-02
   6.7240208e-02
   7.0064329e-02
   6.4499079e-02
   4.2844244e-02
   0.0000000e+00
   0.0000000e+00
   0.0000000e+00
   2.3145958e-02
   2.4638545e-02
   3.0694798e-02
   3.8304310e-02
   4.4672001e-02
   5.1513657e-02
   5.7862706e-02
   6.2548928e-02
   6.5906823e-02
   6.8122476e-02
   6.7852460e-02
   8.5387014e-02
   7.6300092e-02
   0.0000000e+00
   0.0000000e+00
   0.0000000e+00
   0.0000000e+00
   0.0000000e+00
   0.0000000e+00
   0.0000000e+00
   0.0000000e+00
   0.0000000e+00
   0.0000000e+00
   0.0000000e+00
   3.4687020e-02
   4.0028285e-02
   5.0818540e-02
   6.1494231e-02
   7.1249343e-02
   7.8171320e-02
   8.1328869e-02
   7.9498929e-02
   0.0000000e+00
   0.0000000e+00
   0.0000000e+00
   0.0000000e+00
   0.0000000e+00
   3.4953348e-02
   3.8654752e-02
   4.3073680e-02
   4.7914527e-02
   5.4011777e-02
   6.1626501e-02
   6.9912188e-02
   7.7561483e-02
   8.3385020e-02
   8.6631164e-02
   8.8418961e-02
   8.4325716e-02
   0.0000000e+00
   0.0000000e+00
   0.0000000e+00
   0.0000000e+00
   0.0000000e+00
   0.0000000e+00
   0.0000000e+00
   0.0000000e+00
   0.0000000e+00
   0.0000000e+00
   0.0000000e+00
   5.4520227e-02
   5.7426840e-02
   6.3897923e-02
   6.7086980e-02
   6.7747951e-02
   6.7885570e-02
   7.0748277e-02
   7.3554792e-02
   7.0901613e-02
   6.3726299e-02
   5.9478041e-02
   0.0000000e+00
   4.8379784e-02
   4.4789955e-02
   4.0774994e-02
   3.8354367e-02
   3.9314251e-02
   4.3545268e-02
   4.9833212e-02
   5.8409046e-02
   6.8457693e-02
   7.7430017e-02
   8.4433965e-02
   7.2616775e-02
   7.4434292e-02
   7.9080269e-02
   0.0000000e+00
   0.0000000e+00
   0.0000000e+00
   0.0000000e+00
   0.0000000e+00
   0.0000000e+00
   0.0000000e+00
   0.0000000e+00
   0.0000000e+00
   5.9931683e-02
   6.6658281e-02
   6.1396815e-02
   5.4607994e-02
   4.5554014e-02
   3.6512440e-02
   3.6039556e-02
   4.4042749e-02
   5.2493493e-02
   6.0612004e-02
   5.7482602e-02
   5.4953434e-02
   5.7638746e-02
   5.3632661e-02
   4.5086729e-02
   3.6194580e-02
   2.9744010e-02
   2.6948711e-02
   2.7579641e-02
   3.1703066e-02
   3.8738886e-02
   4.7880954e-02
   5.7387549e-02
   6.6010554e-02
   4.7833279e-02
   5.4265037e-02
   6.7317177e-02
   6.2246293e-02
   0.0000000e+00
   0.0000000e+00
   0.0000000e+00
   0.0000000e+00
   0.0000000e+00
   0.0000000e+00
   0.0000000e+00
   0.0000000e+00
   5.5743799e-02
   5.5266596e-02
   4.1562647e-02
   2.5133813e-02
   7.9351272e-03
   3.7828440e-03
   1.0355471e-02
   1.4439547e-02
   2.2373876e-02
   3.0822417e-02
   3.8517859e-02
   4.6397772e-02
   4.8985343e-02
   4.4370569e-02
   3.5434667e-02
   2.5827296e-02
   1.8331986e-02
   1.3294316e-02
   1.1716102e-02
   1.4428651e-02
   1.9634519e-02
   2.6622331e-02
   3.4014650e-02
   4.1239545e-02
   1.8186074e-02
   2.1866328e-02
   3.1053368e-02
   3.3684221e-02
   0.0000000e+00
   0.0000000e+00
   0.0000000e+00
   0.0000000e+00
   0.0000000e+00
   0.0000000e+00
   0.0000000e+00
   0.0000000e+00
   3.4342334e-02
   2.2855797e-02
   6.4743240e-03
  -1.1267249e-02
  -2.5165936e-02
  -1.0248769e-02
   0.0000000e+00
  -0.0000000e+00
  -6.5299416e-03
  -2.5407826e-03
   6.3487647e-03
   1.6709330e-02
   2.1682255e-02
   1.9729368e-02
   1.4552220e-02
   8.5177952e-03
   2.6207137e-03
  -2.4790114e-03
  -4.6226000e-03
  -3.0727299e-03
   6.3306512e-04
   6.1189770e-03
   1.0785455e-02
   1.4619913e-02
  -5.3399680e-03
  -4.9853190e-03
  -6.6755846e-04
   4.7930488e-03
   0.0000000e+00
   0.0000000e+00
   0.0000000e+00
   0.0000000e+00
   0.0000000e+00
   0.0000000e+00
   0.0000000e+00
   0.0000000e+00
   8.0809519e-03
  -5.3933286e-03
  -1.9890506e-02
  -3.5953749e-02
  -4.1195928e-02
   0.0000000e+00
   0.0000000e+00
   0.0000000e+00
  -0.0000000e+00
  -2.6376834e-02
  -1.9462898e-02
  -1.0506610e-02
  -4.9361326e-03
  -3.5054036e-03
  -5.2597062e-03
  -7.8364369e-03
  -1.1514951e-02
  -1.5031960e-02
  -1.6412444e-02
  -1.5276777e-02
  -1.2068961e-02
  -8.0233328e-03
  -5.5281091e-03
  -4.9631381e-03
  -3.1213148e-02
  -3.4778848e-02
  -3.1595472e-02
  -1.0108608e-02
   0.0000000e+00
   0.0000000e+00
   0.0000000e+00
   0.0000000e+00
   0.0000000e+00
   0.0000000e+00
   0.0000000e+00
  -0.0000000e+00
  -1.6483705e-02
  -2.8708600e-02
  -4.1975118e-02
  -5.3862553e-02
  -4.7062572e-02
   0.0000000e+00
   0.0000000e+00
   0.0000000e+00
  -0.0000000e+00
  -5.1975422e-02
  -4.7978662e-02
  -4.1265991e-02
  -3.4115281e-02
  -2.9781090e-02
  -2.7239129e-02
  -2.6436094e-02
  -2.6565596e-02
  -2.6575137e-02
  -2.6163563e-02
  -2.4513718e-02
  -2.2251323e-02
  -2.0637238e-02
  -2.1436542e-02
  -2.5378024e-02
  -5.0269585e-02
  -5.5140566e-02
  -4.8149310e-02
  -9.7207657e-03
   0.0000000e+00
   0.0000000e+00
   0.0000000e+00
   0.0000000e+00
   0.0000000e+00
   0.0000000e+00
  -0.0000000e+00
  -1.3867495e-02
  -2.3150176e-02
  -3.6555760e-02
  -5.0262634e-02
  -5.8469610e-02
   0.0000000e+00
   0.0000000e+00
   0.0000000e+00
   0.0000000e+00
  -6.4125051e-02
  -6.5913081e-02
  -6.3607976e-02
  -5.9265800e-02
  -5.2911688e-02
  -4.7053207e-02
  -4.2054255e-02
  -3.9154474e-02
  -3.6287390e-02
  -3.3467401e-02
  -3.1715415e-02
  -3.0245319e-02
  -2.9212244e-02
  -3.0013304e-02
  -3.3852305e-02
  -4.1003067e-02
  -6.6236734e-02
  -6.8005875e-02
  -5.4377068e-02
  -5.4682406e-03
   2.9394171e-02
   2.9608731e-02
   0.0000000e+00
   0.0000000e+00
   0.0000000e+00
   0.0000000e+00
  -1.9436708e-02
  -1.5243517e-02
  -2.2291685e-02
  -3.4145530e-02
  -4.5393164e-02
  -5.8830900e-02
   0.0000000e+00
   0.0000000e+00
   0.0000000e+00
  -5.8475448e-02
  -6.6927309e-02
  -6.7896985e-02
  -6.7042083e-02
  -6.7133032e-02
  -6.3986436e-02
  -6.0007554e-02
  -5.4190341e-02
  -4.9636308e-02
  -4.5464493e-02
  -4.2195909e-02
  -4.0743008e-02
  -4.0391192e-02
  -4.1144475e-02
  -4.4566941e-02
  -5.0444126e-02
  -5.8363885e-02
  -7.3528327e-02
  -6.8688400e-02
  -4.9860764e-02
  -7.3875361e-03
   2.3979854e-02
   2.7055924e-02
   0.0000000e+00
   0.0000000e+00
   0.0000000e+00
   0.0000000e+00
  -1.6243036e-02
  -1.3049962e-02
  -1.9810226e-02
  -2.4967644e-02
  -2.6227137e-02
   0.0000000e+00
   0.0000000e+00
   0.0000000e+00
   0.0000000e+00
  -5.2545364e-02
  -5.6753084e-02
  -5.5184297e-02
  -5.5735990e-02
  -6.0739372e-02
  -6.4334452e-02
  -6.4238109e-02
  -5.9450999e-02
  -5.5476695e-02
  -5.4302774e-02
  -5.4906677e-02
  -5.7234552e-02
  -5.9994705e-02
  -6.2845752e-02
  -6.6294447e-02
  -6.9611803e-02
  -7.2528102e-02
  -7.7665761e-02
  -6.5652028e-02
  -4.3175429e-02
  -9.8403199e-03
   1.5904313e-02
   2.6299477e-02
   3.1014704e-02
   0.0000000e+00
   0.0000000e+00
   0.0000000e+00
  -1.6744399e-02
  -2.0630555e-02
  -2.2954462e-02
  -1.8954914e-02
  -1.5128311e-02
   0.0000000e+00
   0.0000000e+00
   0.0000000e+00
   0.0000000e+00
  -3.6663771e-02
  -3.9672770e-02
  -3.6671545e-02
  -3.7934203e-02
  -4.7915585e-02
  -6.1753392e-02
  -6.3891657e-02
  -6.1981410e-02
  -5.4993939e-02
  -6.0959879e-02
  -6.8311922e-02
  -7.6366477e-02
  -8.2905896e-02
  -8.6899951e-02
  -8.8173442e-02
  -8.6938724e-02
  -8.3887212e-02
  -7.4758545e-02
  -5.7468388e-02
  -3.5071094e-02
  -1.1953805e-02
   8.0200667e-03
   2.5781820e-02
   3.5709994e-02
   0.0000000e+00
   0.0000000e+00
   0.0000000e+00
  -2.4615017e-02
  -3.0490089e-02
  -2.8122649e-02
  -1.4886479e-02
   4.1310408e-04
   0.0000000e+00
   0.0000000e+00
   0.0000000e+00
  -0.0000000e+00
  -1.8524410e-02
  -1.9823397e-02
  -1.6348746e-02
  -1.6719736e-02
  -2.4728381e-02
  -6.1065792e-02
  -6.4271747e-02
  -6.7598161e-02
  -4.5267988e-02
  -5.6665197e-02
  -6.8382606e-02
  -8.0182053e-02
  -8.9724056e-02
  -9.5811412e-02
  -9.7505666e-02
  -9.4544724e-02
  -8.7347142e-02
  -5.7142101e-02
  -4.1559000e-02
  -2.4504319e-02
  -9.8089026e-03
   7.8613963e-03
   2.7200170e-02
   3.9733439e-02
   3.9223406e-02
   0.0000000e+00
   0.0000000e+00
  -2.7344197e-02
  -3.0715592e-02
  -2.5653725e-02
  -8.0492115e-03
   1.1617184e-02
   1.6159377e-02
   1.9600029e-02
   1.1648086e-02
  -0.0000000e+00
  -5.4658926e-03
  -3.4971277e-03
  -1.3839965e-03
  -2.3672418e-03
  -2.3488933e-03
   0.0000000e+00
  -0.0000000e+00
  -7.2473281e-02
  -3.7949215e-02
  -4.6741720e-02
  -5.5935487e-02
  -6.5191627e-02
  -7.3062263e-02
  -7.8130819e-02
  -7.9631731e-02
  -7.7030964e-02
  -6.9803603e-02
  -3.7878156e-02
  -2.4610080e-02
  -1.2217659e-02
  -4.6967464e-03
   8.7412829e-03
   2.8095128e-02
   3.6585577e-02
   3.4995008e-02
   0.0000000e+00
   0.0000000e+00
  -2.3690156e-02
  -2.4676431e-02
  -1.8594598e-02
  -5.6353272e-03
   4.7687067e-03
   3.0403785e-03
   3.0110856e-03
   2.2032887e-03
  -3.5350596e-03
   4.1696266e-03
   5.9502055e-03
   4.1623912e-03
  -1.0738585e-03
  -3.6741527e-03
   0.0000000e+00
   0.0000000e+00
   0.0000000e+00
  -0.0000000e+00
  -5.7375792e-02
  -6.4589813e-02
  -7.0245914e-02
  -7.3670365e-02
  -7.3447444e-02
  -6.8849161e-02
  -6.1571069e-02
  -5.1272955e-02
  -3.0180004e-02
  -1.7246164e-02
  -5.0037609e-03
   2.3704070e-03
   8.9610955e-03
   2.7072929e-02
   3.2617975e-02
   2.8310102e-02
   0.0000000e+00
   0.0000000e+00
  -1.8930619e-02
  -1.9179612e-02
  -1.4960948e-02
  -9.5675893e-03
  -7.0070113e-03
  -7.0671440e-03
  -7.6872390e-03
  -7.8276657e-03
  -3.4010176e-03
   9.5657807e-03
   1.0170911e-02
   3.8832109e-03
  -7.1255598e-03
  -1.7461210e-02
  -2.7312212e-02
   0.0000000e+00
  -0.0000000e+00
  -6.5551272e-02
  -7.3366305e-02
  -8.1390103e-02
  -8.6596575e-02
  -8.7355872e-02
  -8.2610754e-02
  -7.1839801e-02
  -5.8778141e-02
  -4.4821246e-02
  -3.3068694e-02
  -1.9378725e-02
  -5.9636321e-03
   7.5781768e-03
   1.8328759e-03
   2.1520564e-02
   2.8413948e-02
   2.5451966e-02
   0.0000000e+00
  -0.0000000e+00
  -1.7945240e-02
  -1.8183589e-02
  -1.6973201e-02
  -1.6125893e-02
  -1.5952187e-02
  -1.5688321e-02
  -1.5516238e-02
  -1.2872110e-02
  -2.1960335e-03
   1.0383887e-02
   1.0663508e-02
   2.0575232e-03
  -1.1876801e-02
  -2.9625684e-02
  -5.0079492e-02
  -7.3017693e-02
  -6.7559406e-02
  -6.2859684e-02
  -7.3689437e-02
  -8.2381708e-02
  -8.8463251e-02
  -8.9683120e-02
  -8.5141403e-02
  -7.4620134e-02
  -6.1938398e-02
  -4.8142010e-02
  -4.3952242e-02
  -3.0392740e-02
  -1.5370328e-02
  -1.3930849e-03
  -0.0000000e+00
   9.4709583e-03
   2.3613591e-02
   2.3775719e-02
   0.0000000e+00
  -0.0000000e+00
  -2.2817461e-02
  -2.2743635e-02
  -2.3282977e-02
  -2.4304898e-02
  -2.5221698e-02
  -2.5804106e-02
  -2.5077144e-02
  -2.0358011e-02
  -8.9478772e-03
   1.3075452e-03
   3.7647595e-03
  -1.8515748e-03
  -1.3191508e-02
  -2.9038034e-02
  -4.6732437e-02
  -5.6730635e-02
  -5.0418008e-02
  -5.1921271e-02
  -6.1962906e-02
  -6.9928952e-02
  -7.5844601e-02
  -7.8099832e-02
  -7.7469744e-02
  -7.3010452e-02
  -6.6238150e-02
  -5.6837093e-02
  -6.2578686e-02
  -5.0842099e-02
  -3.1800821e-02
  -1.2912873e-02
  -3.1424098e-02
  -7.2360309e-03
   1.8135706e-02
   2.2584347e-02
   0.0000000e+00
  -0.0000000e+00
  -3.0588303e-02
  -3.1307578e-02
  -3.3042483e-02
  -3.5795875e-02
  -3.8589161e-02
  -4.0780783e-02
  -4.0651634e-02
  -3.6418855e-02
  -2.7606346e-02
  -1.9804878e-02
  -1.5166624e-02
  -1.4352893e-02
  -1.7002009e-02
  -2.3158658e-02
  -3.0580696e-02
  -3.1773236e-02
  -2.4297984e-02
  -2.6693027e-02
  -3.4006476e-02
  -4.1037519e-02
  -4.8957441e-02
  -5.6565717e-02
  -6.3885368e-02
  -6.9078535e-02
  -7.0995964e-02
  -6.9359615e-02
  -7.6146647e-02
  -6.6521510e-02
  -4.5595989e-02
  -1.5871596e-02
  -5.5315282e-02
  -2.6853565e-02
   1.0201156e-02
   2.2504200e-02
   0.0000000e+00
  -0.0000000e+00
  -4.2689476e-02
  -4.3544073e-02
  -4.5244437e-02
  -4.8760206e-02
  -5.2850813e-02
  -5.6405023e-02
  -5.7827432e-02
  -5.6025531e-02
  -5.1873852e-02
  -4.8905913e-02
  -4.6468131e-02
  -4.3128241e-02
  -3.8666345e-02
  -3.3641636e-02
  -2.8926777e-02
  -2.1604769e-02
  -1.3518464e-02
  -1.2425013e-02
  -1.6578108e-02
  -2.4003316e-02
  -3.4245022e-02
  -4.6216477e-02
  -5.8259062e-02
  -6.8504661e-02
  -7.5159691e-02
  -7.8482665e-02
  -7.3107868e-02
  -6.8909451e-02
  -5.2678000e-02
  -1.6948289e-02
  -4.4231735e-02
  -4.6098538e-02
  -1.9102028e-02
   0.0000000e+00
   0.0000000e+00
  -0.0000000e+00
  -5.6165472e-02
  -5.6841712e-02
  -5.7445791e-02
  -5.9939168e-02
  -6.3367374e-02
  -6.6857956e-02
  -6.8652064e-02
  -6.9048949e-02
  -6.9326296e-02
  -7.1323723e-02
  -7.3445842e-02
  -7.3088564e-02
  -6.9404639e-02
  -6.2662177e-02
  -5.4017451e-02
  -4.4570100e-02
  -3.5187256e-02
  -2.7808452e-02
  -2.5071770e-02
  -2.6178338e-02
  -3.0424822e-02
  -3.8166657e-02
  -4.8112471e-02
  -5.8143180e-02
  -6.5985203e-02
  -7.1663342e-02
  -6.2187225e-02
  -6.4133309e-02
  -5.5487894e-02
  -2.0907231e-02
  -0.0000000e+00
  -5.9752978e-02
  -4.6582619e-02
   0.0000000e+00
   0.0000000e+00
  -0.0000000e+00
  -6.3795231e-02
  -6.4892508e-02
  -6.4842202e-02
  -6.5891519e-02
  -6.7757435e-02
  -7.0054278e-02
  -7.1495332e-02
  -7.2788700e-02
  -7.5233623e-02
  -7.9668626e-02
  -8.4157534e-02
  -8.5108444e-02
  -8.2343236e-02
  -7.6459832e-02
  -6.8346873e-02
  -6.2074505e-02
  -5.7892665e-02
  -5.4330274e-02
  -5.0093211e-02
  -4.4172488e-02
  -3.7667304e-02
  -3.4777101e-02
  -3.6608424e-02
  -4.2453803e-02
  -4.9546234e-02
  -5.6650992e-02
  -4.6585619e-02
  -5.2782603e-02
  -5.4049138e-02
  -3.1331601e-02
  -0.0000000e+00
  -6.3864127e-02
  -6.7442189e-02
   0.0000000e+00
   0.0000000e+00
  -5.7095527e-02
  -6.1285973e-02
  -6.3041665e-02
  -6.3787423e-02
  -6.4575285e-02
  -6.5393753e-02
  -6.6486575e-02
  -6.7520112e-02
  -6.8520971e-02
  -7.1184248e-02
  -7.5925484e-02
  -8.0638111e-02
  -8.1620052e-02
  -7.8731790e-02
  -7.3166817e-02
  -6.6768557e-02
  -6.3564047e-02
  -6.3665211e-02
  -6.6199899e-02
  -6.6940576e-02
  -6.2699653e-02
  -5.3075232e-02
  -4.2160317e-02
  -3.3596214e-02
  -3.0603200e-02
  -3.3348177e-02
  -3.9238669e-02
  -2.8717693e-02
  -3.5001382e-02
  -4.3006491e-02
  -4.1737174e-02
  -0.0000000e+00
  -5.2696276e-02
  -6.6991101e-02
   0.0000000e+00
   0.0000000e+00
  -3.8933170e-02
  -4.3962117e-02
  -4.6356961e-02
  -4.9279310e-02
  -5.1290765e-02
  -5.2164134e-02
  -5.3008918e-02
  -5.3900849e-02
  -5.4571882e-02
  -5.6356728e-02
  -5.9651971e-02
  -6.3151605e-02
  -6.3776463e-02
  -6.1116770e-02
  -5.6614388e-02
  -5.2102070e-02
  -5.0749980e-02
  -5.2689169e-02
  -5.6928776e-02
  -5.9969615e-02
  -5.9903182e-02
  -5.4783802e-02
  -4.5580130e-02
  -3.4727979e-02
  -2.5458533e-02
  -2.2032762e-02
  -2.3574313e-02
  -1.0300170e-02
  -1.3770180e-02
  -2.1430999e-02
  -3.4817417e-02
  -2.7441520e-02
  -2.9137133e-02
  -3.8812114e-02
   0.0000000e+00
   0.0000000e+00
  -1.0647613e-02
  -1.5601526e-02
  -1.7196581e-02
  -2.1302998e-02
  -2.4866391e-02
  -2.7321195e-02
  -2.9454403e-02
  -3.0758819e-02
  -3.1757433e-02
  -3.3433110e-02
  -3.5636220e-02
  -3.7885271e-02
  -3.8280830e-02
  -3.6303833e-02
  -3.3326399e-02
  -3.0676739e-02
  -3.0760165e-02
  -3.3994067e-02
  -3.8307115e-02
  -4.1110367e-02
  -4.1927498e-02
  -3.9429989e-02
  -3.3994384e-02
  -2.5954485e-02
  -1.6855802e-02
  -1.0656422e-02
  -8.6863264e-03
   2.1371420e-02
   2.1161688e-02
   1.7417369e-02
   6.5124952e-03
   5.3455066e-03
   1.3894320e-02
   5.4230541e-03
   8.1522369e-03
   2.1095313e-02
   4.1667484e-02
   3.8044494e-02
   4.0974386e-02
   3.6301933e-02
   2.9400818e-02
   2.2801243e-02
   1.7355531e-02
   1.3739647e-02
   1.1038251e-02
   8.2116704e-03
   5.7617878e-03
   4.2187818e-03
   3.4742393e-03
   3.6024966e-03
   3.8943847e-03
   3.1177721e-03
   4.6103174e-04
  -3.6057935e-03
  -7.3602623e-03
  -9.0690423e-03
  -8.8503603e-03
  -6.4912452e-03
  -2.4343666e-03
   3.3374298e-03
   1.0048915e-02
   1.5652182e-02
   1.9588569e-02
   5.8100171e-02
   6.0756862e-02
   6.0162030e-02
   5.5640668e-02
   6.5862424e-02
   6.4220987e-02
   5.7666682e-02
   4.3255600e-02
   7.6370560e-02
   1.0618583e-01
   1.0150568e-01
   1.0458602e-01
   9.8842211e-02
   9.0029609e-02
   7.9743244e-02
   7.0131116e-02
   6.2743962e-02
   5.6989707e-02
   5.1790293e-02
   4.8086585e-02
   4.5441315e-02
   4.3372765e-02
   4.1651847e-02
   3.9461199e-02
   3.5439085e-02
   3.0319806e-02
   2.5625184e-02
   2.2237189e-02
   2.1789295e-02
   2.4710042e-02
   2.9447870e-02
   3.4490697e-02
   3.9784532e-02
   4.4895004e-02
   4.9637133e-02
   5.4059412e-02
   1.1185709e-01
   1.1896940e-01
   1.2320028e-01
   1.1917770e-01
   1.3676241e-01
   1.3262150e-01
   1.2660398e-01
   1.1894167e-01
   1.5073307e-01
   1.7540893e-01
   1.5666907e-01
   1.5570678e-01
   1.5599060e-01
   1.5147547e-01
   1.4429238e-01
   1.3433565e-01
   1.2412589e-01
   1.1639941e-01
   1.0939480e-01
   1.0307373e-01
   9.7625628e-02
   9.2893153e-02
   8.8497758e-02
   8.3000921e-02
   7.5495571e-02
   6.8182863e-02
   6.2999763e-02
   6.0770784e-02
   6.2168617e-02
   6.7345463e-02
   7.5225100e-02
   8.2915895e-02
   8.9449286e-02
   9.4859771e-02
   9.9455990e-02
   1.0491786e-01
   1.5304890e-01
   1.6167041e-01
   1.6868126e-01
   1.7406068e-01
   1.8076306e-01
   1.7020290e-01
   1.7178011e-01
   1.6891020e-01
   1.7572173e-01
   1.7725007e-01
   1.4909295e-01
   1.5178138e-01
   1.5970200e-01
   1.6538145e-01
   1.6793486e-01
   1.6622654e-01
   1.6166968e-01
   1.5568610e-01
   1.4864983e-01
   1.4143563e-01
   1.3514118e-01
   1.2832436e-01
   1.2044044e-01
   1.1205841e-01
   1.0257201e-01
   9.5283542e-02
   9.1074884e-02
   9.0333425e-02
   9.4067287e-02
   1.0020307e-01
   1.0799231e-01
   1.1653674e-01
   1.2386291e-01
   1.3037615e-01
   1.3675931e-01
   1.4407806e-01
   1.5142990e-01
   1.5824452e-01
   1.6379158e-01
   1.7045862e-01
   1.7610039e-01
   1.7043878e-01
   1.6153010e-01
   1.5323885e-01
   1.5669320e-01
   1.5500390e-01
   1.4263061e-01
   1.4189288e-01
   1.4644390e-01
   1.5373681e-01
   1.5996797e-01
   1.6242276e-01
   1.6116033e-01
   1.5645673e-01
   1.4938818e-01
   1.4241539e-01
   1.3601820e-01
   1.2831651e-01
   1.1912760e-01
   1.0984636e-01
   1.0226605e-01
   9.7432688e-02
   9.5506552e-02
   9.7611416e-02
   1.0205252e-01
   1.0794498e-01
   1.1417811e-01
   1.1954740e-01
   1.2415227e-01
   1.2930047e-01
   1.3536812e-01
   1.4284922e-01
   9.8089196e-02
   1.0147787e-01
   1.0370401e-01
   1.0507365e-01
   1.0363251e-01
   9.7154878e-02
   8.8046573e-02
   8.8788246e-02
   9.7527832e-02
   1.0028747e-01
   9.7020587e-02
   9.4535165e-02
   9.5418602e-02
   9.9316558e-02
   1.0400907e-01
   1.0686905e-01
   1.0748204e-01
   1.0589280e-01
   1.0199308e-01
   9.6841892e-02
   9.1580942e-02
   8.5611418e-02
   7.9620925e-02
   7.3996812e-02
   7.0316680e-02
   6.8703596e-02
   6.9859758e-02
   7.3377177e-02
   7.7051905e-02
   8.1201904e-02
   8.4501952e-02
   8.5603078e-02
   8.5849807e-02
   8.7855771e-02
   9.0566469e-02
   9.4151855e-02
   3.2475870e-02
   3.2676373e-02
   3.2736935e-02
   3.2130852e-02
   3.0356869e-02
   2.8065540e-02
   2.6981104e-02
   2.8427141e-02
   2.8738201e-02
   2.7355568e-02
   2.5731627e-02
   2.4446430e-02
   2.3707902e-02
   2.4675878e-02
   2.6833465e-02
   2.8470216e-02
   2.9593837e-02
   3.0733217e-02
   3.1021832e-02
   3.0505626e-02
   2.9324148e-02
   2.7287666e-02
   2.5975440e-02
   2.5112720e-02
   2.5424723e-02
   2.7308093e-02
   3.0018007e-02
   3.3343434e-02
   3.6298256e-02
   3.7823755e-02
   3.7649848e-02
   3.6292128e-02
   3.4637973e-02
   3.2649577e-02
   3.1540129e-02
   3.1920973e-02
  -8.6325901e-03
  -8.6701688e-03
  -9.4967661e-03
  -1.1165351e-02
  -1.3203210e-02
  -1.5925391e-02
  -1.9048519e-02
  -2.1454604e-02
  -2.2613853e-02
  -2.3084117e-02
  -2.3710632e-02
  -2.4958983e-02
  -2.6538070e-02
  -2.7864397e-02
  -2.8642032e-02
  -2.7671311e-02
  -2.5400159e-02
  -2.2624964e-02
  -1.9272646e-02
  -1.6434465e-02
  -1.3914701e-02
  -1.1629623e-02
  -9.7882578e-03
  -7.6057869e-03
  -4.5233280e-03
  -1.2451976e-03
   1.7196817e-03
   3.9301929e-03
   4.9176415e-03
   4.3641767e-03
   2.1132075e-03
  -6.4605851e-04
  -3.7217899e-03
  -6.7250174e-03
  -8.2761496e-03
  -8.8239247e-03
  -1.4146433e-02
  -1.4823767e-02
  -1.5828000e-02
  -1.7140430e-02
  -1.8557839e-02
  -2.0088058e-02
  -2.1814723e-02
  -2.3361608e-02
  -2.4691249e-02
  -2.6181728e-02
  -2.7784132e-02
  -2.9539821e-02
  -3.1602119e-02
  -3.3242676e-02
  -3.4225530e-02
  -3.4527016e-02
  -3.3557310e-02
  -3.1561791e-02
  -2.8506433e-02
  -2.5190537e-02
  -2.1785383e-02
  -1.8277190e-02
  -1.5054228e-02
  -1.1973752e-02
  -8.8796261e-03
  -6.2011703e-03
  -4.1051192e-03
  -2.8667800e-03
  -2.6696080e-03
  -3.4873346e-03
  -5.1215454e-03
  -7.1617224e-03
  -9.3587037e-03
  -1.1206827e-02
  -1.2592508e-02
  -1.3563022e-02
