   0.0000000e+00
   0.0000000e+00
   0.0000000e+00
   0.0000000e+00
   0.0000000e+00
   0.0000000e+00
   1.5006898e-03
   1.6004395e-03
  -1.0698382e-03
  -2.6522704e-03
  -3.4951226e-03
  -5.0780497e-03
  -5.1300133e-03
  -4.5339131e-03
  -6.0051624e-03
  -6.9806746e-03
  -6.3151494e-03
  -9.3182573e-03
  -1.3154067e-02
  -1.2577062e-02
   0.0000000e+00
   0.0000000e+00
   0.0000000e+00
   0.0000000e+00
   0.0000000e+00
   0.0000000e+00
   0.0000000e+00
   0.0000000e+00
   0.0000000e+00
   0.0000000e+00
   0.0000000e+00
   0.0000000e+00
   0.0000000e+00
   0.0000000e+00
   0.0000000e+00
   0.0000000e+00
   0.0000000e+00
   0.0000000e+00
   0.0000000e+00
   0.0000000e+00
   0.0000000e+00
   1.4502753e-02
   1.9657384e-02
   2.4056040e-02
   3.0622736e-02
   3.3514313e-02
   3.5755970e-02
   3.7907034e-02
   3.8087297e-02
   3.8051881e-02
   3.6545642e-02
   3.4994941e-02
   3.3303391e-02
   3.1547025e-02
   2.8779931e-02
   2.9249537e-02
   0.0000000e+00
   0.0000000e+00
   0.0000000e+00
   0.0000000e+00
   0.0000000e+00
   0.0000000e+00
   0.0000000e+00
   0.0000000e+00
   0.0000000e+00
   0.0000000e+00
   0.0000000e+00
   0.0000000e+00
   0.0000000e+00
   0.0000000e+00
   0.0000000e+00
   0.0000000e+00
   0.0000000e+00
   0.0000000e+00
   0.0000000e+00
   0.0000000e+00
   0.0000000e+00
   3.2701310e-02
   4.3573125e-02
   5.4978490e-02
   6.3417085e-02
   7.0797711e-02
   7.7277213e-02
   8.2711473e-02
   8.4456605e-02
   8.4112108e-02
   8.2728080e-02
   8.0990707e-02
   8.0407456e-02
   7.8853257e-02
   7.7221824e-02
   7.1023419e-02
   5.9100882e-02
   0.0000000e+00
   0.0000000e+00
   0.0000000e+00
   0.0000000e+00
   0.0000000e+00
   0.0000000e+00
   0.0000000e+00
   0.0000000e+00
   0.0000000e+00
   0.0000000e+00
   0.0000000e+00
   0.0000000e+00
   0.0000000e+00
   0.0000000e+00
   0.0000000e+00
   0.0000000e+00
   0.0000000e+00
   0.0000000e+00
   0.0000000e+00
   4.2612902e-02
   4.5430362e-02
   5.8193960e-02
   6.7506209e-02
   7.5782172e-02
   8.3484602e-02
   9.1236472e-02
   9.7508952e-02
   1.0105332e-01
   1.0261259e-01
   1.0283653e-01
   1.0310091e-01
   1.0337342e-01
   1.0303976e-01
   1.0073634e-01
   9.4984315e-02
   7.6151752e-02
   0.0000000e+00
   0.0000000e+00
   0.0000000e+00
   0.0000000e+00
   0.0000000e+00
   0.0000000e+00
   0.0000000e+00
   0.0000000e+00
   0.0000000e+00
   0.0000000e+00
   0.0000000e+00
   0.0000000e+00
   0.0000000e+00
   0.0000000e+00
   0.0000000e+00
   0.0000000e+00
   0.0000000e+00
   0.0000000e+00
   0.0000000e+00
   6.5971059e-02
   5.7091348e-02
   5.8122307e-02
   6.4357370e-02
   7.0007257e-02
   7.3805355e-02
   7.7739224e-02
   8.3171740e-02
   8.8666275e-02
   9.3321070e-02
   9.7378157e-02
   9.9722475e-02
   1.0071770e-01
   1.0016444e-01
   9.7845443e-02
   9.2242062e-02
   7.7484484e-02
   0.0000000e+00
   0.0000000e+00
   0.0000000e+00
   0.0000000e+00
   0.0000000e+00
   0.0000000e+00
   0.0000000e+00
   0.0000000e+00
   0.0000000e+00
   0.0000000e+00
   0.0000000e+00
   5.0883707e-02
   4.9048904e-02
   0.0000000e+00
   0.0000000e+00
   0.0000000e+00
   0.0000000e+00
   0.0000000e+00
   7.5379847e-02
   8.1866329e-02
   7.0588357e-02
   6.2413171e-02
   5.7725631e-02
   5.3737541e-02
   5.0042441e-02
   4.9355371e-02
   5.2857005e-02
   5.8850348e-02
   6.5542370e-02
   7.1572869e-02
   7.5583270e-02
   7.8016786e-02
   7.8926338e-02
   7.7748513e-02
   7.3875016e-02
   6.4371710e-02
   0.0000000e+00
   0.0000000e+00
   0.0000000e+00
   0.0000000e+00
   0.0000000e+00
   0.0000000e+00
   0.0000000e+00
   0.0000000e+00
   0.0000000e+00
   0.0000000e+00
   0.0000000e+00
   5.5127070e-02
   5.8468082e-02
   6.0909479e-02
   6.5857599e-02
   4.2462326e-02
   3.7294017e-02
   0.0000000e+00
   6.5514408e-02
   6.7527778e-02
   5.6390554e-02
   4.4898074e-02
   3.4192979e-02
   2.4402209e-02
   1.7777747e-02
   1.5690371e-02
   1.8196072e-02
   2.4373572e-02
   3.1551223e-02
   3.8905744e-02
   4.4222888e-02
   4.8320871e-02
   5.0712030e-02
   5.1213346e-02
   4.9099784e-02
   4.5110840e-02
   3.9476234e-02
   0.0000000e+00
   0.0000000e+00
   0.0000000e+00
   0.0000000e+00
   0.0000000e+00
   0.0000000e+00
   0.0000000e+00
   0.0000000e+00
   0.0000000e+00
   0.0000000e+00
   5.9769627e-02
   5.6336865e-02
   5.6843854e-02
   5.5646184e-02
   2.3048331e-02
   2.5328849e-02
   1.2316944e-02
   3.1828537e-02
   3.1610891e-02
   2.2451788e-02
   1.2443734e-02
   2.9689744e-03
  -5.2658906e-03
  -1.0861724e-02
  -1.3316011e-02
  -1.1230609e-02
  -5.5780735e-03
   9.5751067e-04
   8.3750794e-03
   1.4561875e-02
   1.9269139e-02
   2.2130210e-02
   2.2734915e-02
   2.1465650e-02
   1.9546609e-02
   1.5528667e-02
   0.0000000e+00
   0.0000000e+00
   0.0000000e+00
   0.0000000e+00
   0.0000000e+00
   0.0000000e+00
   0.0000000e+00
   0.0000000e+00
   0.0000000e+00
   3.3364791e-02
   4.9778372e-02
   4.2628995e-02
   3.3204671e-02
   2.4089929e-02
  -1.4730521e-02
  -1.4011408e-02
  -1.2893234e-02
  -3.5233675e-03
  -5.4510175e-03
  -1.1115702e-02
  -1.6962301e-02
  -2.2608366e-02
  -2.7158050e-02
  -3.0137293e-02
  -3.1657539e-02
  -3.0162446e-02
  -2.5115067e-02
  -1.9192807e-02
  -1.2441502e-02
  -6.5920572e-03
  -2.7224342e-03
  -1.3717797e-03
  -2.4083429e-03
  -4.1966001e-03
  -6.4401571e-03
  -1.4894361e-03
   0.0000000e+00
   0.0000000e+00
   0.0000000e+00
   0.0000000e+00
   0.0000000e+00
   0.0000000e+00
   0.0000000e+00
   0.0000000e+00
   0.0000000e+00
   2.3279154e-02
   2.4781834e-02
   1.4069607e-02
   7.5910956e-04
  -1.0412388e-02
  -4.2384170e-02
  -4.6004858e-02
  -4.2977400e-02
  -3.7802223e-02
  -3.8458727e-02
  -4.0308274e-02
  -4.2211704e-02
  -4.4039223e-02
  -4.5147598e-02
  -4.5603428e-02
  -4.5378126e-02
  -4.3520939e-02
  -3.9574806e-02
  -3.4417089e-02
  -2.8567756e-02
  -2.4368759e-02
  -2.2583695e-02
  -2.3704624e-02
  -2.6281215e-02
  -2.8569782e-02
  -3.2091223e-02
  -0.0000000e+00
   0.0000000e+00
   0.0000000e+00
   0.0000000e+00
   0.0000000e+00
   0.0000000e+00
   0.0000000e+00
   0.0000000e+00
   0.0000000e+00
  -7.4512735e-03
   3.5382528e-04
  -1.5811280e-03
  -1.2672553e-02
  -2.4341032e-02
  -3.4763735e-02
  -5.4244683e-02
  -6.3145109e-02
  -6.5383799e-02
  -6.4127937e-02
  -6.2993065e-02
  -6.1934646e-02
  -6.1432421e-02
  -6.0519069e-02
  -5.8705814e-02
  -5.6885392e-02
  -5.4360244e-02
  -5.1358499e-02
  -4.8245540e-02
  -4.4196244e-02
  -4.0357575e-02
  -3.8798145e-02
  -3.9914515e-02
  -4.3349959e-02
  -4.6930304e-02
  -4.9395937e-02
  -4.1563261e-02
  -0.0000000e+00
   0.0000000e+00
   0.0000000e+00
   0.0000000e+00
   0.0000000e+00
   0.0000000e+00
   0.0000000e+00
   0.0000000e+00
   0.0000000e+00
  -1.2031731e-02
  -1.3679360e-02
  -1.7499752e-02
  -2.6668326e-02
  -3.6121942e-02
  -4.6018746e-02
  -5.8666401e-02
  -6.7203440e-02
  -7.4912943e-02
  -7.7555008e-02
  -7.6939620e-02
  -7.5193621e-02
  -7.3147327e-02
  -6.9963954e-02
  -6.5959617e-02
  -6.2350161e-02
  -5.8625292e-02
  -5.5477072e-02
  -5.2993409e-02
  -5.0500933e-02
  -4.9550988e-02
  -5.1374089e-02
  -5.5511624e-02
  -6.0604531e-02
  -6.4668924e-02
  -6.4408250e-02
  -3.4902979e-02
  -0.0000000e+00
   0.0000000e+00
   0.0000000e+00
   0.0000000e+00
   0.0000000e+00
   0.0000000e+00
   0.0000000e+00
   0.0000000e+00
   0.0000000e+00
  -1.8462079e-02
  -1.9742750e-02
  -2.4415052e-02
  -3.0798890e-02
  -3.9970983e-02
  -5.1162185e-02
  -0.0000000e+00
  -6.4292837e-02
  -6.8001151e-02
  -7.3430464e-02
  -7.4872129e-02
  -7.4476220e-02
  -7.2145730e-02
  -6.8406425e-02
  -6.4552046e-02
  -6.1636124e-02
  -6.0643867e-02
  -6.0747899e-02
  -6.0190089e-02
  -6.0077295e-02
  -6.2157094e-02
  -6.6060781e-02
  -7.0562020e-02
  -7.4685887e-02
  -7.7022791e-02
  -7.1083017e-02
  -3.2410949e-02
  -5.9790392e-03
   0.0000000e+00
   0.0000000e+00
   0.0000000e+00
   0.0000000e+00
   0.0000000e+00
   0.0000000e+00
   0.0000000e+00
   0.0000000e+00
  -2.1229818e-02
  -2.2738334e-02
  -2.4079887e-02
  -2.8707707e-02
  -3.7271450e-02
  -0.0000000e+00
   0.0000000e+00
  -4.4700970e-02
  -4.9516175e-02
  -5.5097591e-02
  -5.8050409e-02
  -5.8865268e-02
  -5.7755537e-02
  -5.6085881e-02
  -5.5438165e-02
  -5.7813257e-02
  -6.4912289e-02
  -7.3647276e-02
  -7.9372428e-02
  -8.3040550e-02
  -8.5469715e-02
  -8.6373635e-02
  -8.6451977e-02
  -8.5540898e-02
  -8.1562281e-02
  -6.6044353e-02
  -2.9375682e-02
  -2.5731586e-03
   0.0000000e+00
   0.0000000e+00
   0.0000000e+00
   0.0000000e+00
   0.0000000e+00
   0.0000000e+00
   0.0000000e+00
   0.0000000e+00
  -3.0129623e-02
  -2.7621813e-02
  -2.4806639e-02
  -2.5912790e-02
  -0.0000000e+00
   0.0000000e+00
   0.0000000e+00
  -2.8980619e-02
  -2.9242942e-02
  -3.2549813e-02
  -3.4768775e-02
  -3.5879780e-02
  -3.6738049e-02
  -3.8607553e-02
  -4.2751901e-02
  -5.1338926e-02
  -6.4456180e-02
  -7.9431370e-02
  -9.1419369e-02
  -9.9783503e-02
  -1.0318500e-01
  -1.0089225e-01
  -9.4917506e-02
  -8.5239463e-02
  -7.1476147e-02
  -5.0015278e-02
  -1.8914461e-02
  -1.4677236e-03
   0.0000000e+00
   0.0000000e+00
   0.0000000e+00
   0.0000000e+00
   0.0000000e+00
   0.0000000e+00
  -3.7670591e-02
  -4.7214492e-02
  -4.0048683e-02
  -3.4583233e-02
  -2.9081581e-02
  -2.3458089e-02
   0.0000000e+00
   0.0000000e+00
   0.0000000e+00
  -1.2039850e-02
  -1.1878838e-02
  -1.3106882e-02
  -1.4811730e-02
  -1.7948080e-02
  -2.1958264e-02
  -2.6945993e-02
  -3.3881143e-02
  -4.3461494e-02
  -5.5250712e-02
  -6.8273351e-02
  -7.9944134e-02
  -9.0084024e-02
  -9.6475489e-02
  -9.6078955e-02
  -8.9002736e-02
  -7.5047962e-02
  -5.5817824e-02
  -3.1987656e-02
  -2.2627274e-03
   1.2611970e-02
   0.0000000e+00
   0.0000000e+00
   0.0000000e+00
   0.0000000e+00
   0.0000000e+00
   0.0000000e+00
  -4.6793173e-02
  -5.1608950e-02
  -4.2397492e-02
  -3.4883637e-02
  -2.9223828e-02
  -2.1611215e-02
   9.0290836e-03
   1.3059338e-02
   0.0000000e+00
  -7.6388381e-04
   2.0194496e-03
   1.1543799e-03
  -2.8526285e-03
  -1.1636551e-02
  -2.1770401e-02
  -3.1336263e-02
  -4.0643450e-02
  -4.9069226e-02
  -5.6464080e-02
  -6.2291183e-02
  -6.6228449e-02
  -7.0187658e-02
  -7.2916433e-02
  -7.2224118e-02
  -6.6062070e-02
  -5.2677073e-02
  -3.3520274e-02
  -1.0551986e-02
   1.4857909e-02
   3.1799468e-02
   0.0000000e+00
   0.0000000e+00
   0.0000000e+00
   0.0000000e+00
   0.0000000e+00
  -0.0000000e+00
  -5.5512645e-02
  -5.1075913e-02
  -3.8511503e-02
  -2.9220019e-02
  -2.3029157e-02
  -0.0000000e+00
   1.0173894e-02
   1.7821590e-02
   0.0000000e+00
   1.6455122e-03
   1.0313004e-02
   8.6529372e-03
   4.9200695e-04
  -1.5773274e-02
  -3.3758441e-02
  -4.9345303e-02
  -6.2974952e-02
  -7.3716451e-02
  -8.1178077e-02
  -8.4140040e-02
  -8.2279225e-02
  -7.7705480e-02
  -7.0178427e-02
  -6.1150506e-02
  -4.9909487e-02
  -3.4762178e-02
  -1.7226423e-02
   3.5573116e-03
   2.6374275e-02
   4.5468569e-02
   0.0000000e+00
   0.0000000e+00
   0.0000000e+00
   0.0000000e+00
   0.0000000e+00
  -0.0000000e+00
  -5.8002170e-02
  -4.5924962e-02
  -3.3036886e-02
  -2.0406788e-02
  -2.9406266e-03
   7.8198249e-03
   1.0726964e-02
   0.0000000e+00
   0.0000000e+00
  -9.8752292e-04
   1.2845295e-02
   1.1123862e-02
   6.8382273e-04
  -1.8810738e-02
  -3.8980771e-02
  -5.5619184e-02
  -7.0043899e-02
  -8.1425704e-02
  -8.9591861e-02
  -9.3432732e-02
  -9.1549233e-02
  -8.4760383e-02
  -7.3470764e-02
  -6.0615093e-02
  -4.7234695e-02
  -3.2733116e-02
  -1.7132306e-02
   2.2735349e-03
   2.6342401e-02
   3.7460539e-02
   0.0000000e+00
   0.0000000e+00
   0.0000000e+00
   0.0000000e+00
   0.0000000e+00
  -0.0000000e+00
  -4.9776241e-02
  -3.9001092e-02
  -2.6075950e-02
  -1.2958171e-02
   1.5454639e-03
   5.5640885e-03
   1.0274766e-02
   0.0000000e+00
   0.0000000e+00
   1.2955156e-03
   1.1584363e-02
   1.0485165e-02
  -1.8525289e-05
  -1.8199029e-02
  -3.5466289e-02
  -4.9847396e-02
  -6.3092195e-02
  -7.3737186e-02
  -8.1549691e-02
  -8.5850137e-02
  -8.5710546e-02
  -8.1664080e-02
  -7.3754483e-02
  -6.3908283e-02
  -5.2674069e-02
  -3.9091968e-02
  -2.4298798e-02
  -7.6235123e-03
   1.4258046e-02
   3.2330588e-02
   0.0000000e+00
   0.0000000e+00
   0.0000000e+00
   0.0000000e+00
   0.0000000e+00
  -0.0000000e+00
  -3.9474860e-02
  -3.2215372e-02
  -2.1205443e-02
  -1.1408468e-02
  -3.6607515e-03
  -3.6506730e-04
   8.4892503e-03
   0.0000000e+00
   0.0000000e+00
   3.0256199e-04
   4.5713130e-03
   3.2063725e-03
  -6.5656076e-03
  -2.0968499e-02
  -3.3375468e-02
  -4.3915685e-02
  -5.4209765e-02
  -6.3157357e-02
  -7.1233630e-02
  -7.8588992e-02
  -8.3963878e-02
  -8.6584099e-02
  -8.5965060e-02
  -8.2298793e-02
  -7.5407773e-02
  -6.4518869e-02
  -5.0515939e-02
  -3.3642735e-02
  -1.3969332e-02
   0.0000000e+00
   0.0000000e+00
   0.0000000e+00
   0.0000000e+00
   0.0000000e+00
   0.0000000e+00
   0.0000000e+00
  -3.5425765e-02
  -3.2219913e-02
  -2.2856800e-02
  -1.6895596e-02
  -1.3113355e-02
  -8.8928929e-03
   2.5475868e-03
   0.0000000e+00
   0.0000000e+00
  -6.6694543e-03
  -6.8635526e-03
  -1.1267770e-02
  -2.0399874e-02
  -3.0653156e-02
  -4.0469062e-02
  -5.0480690e-02
  -6.0967129e-02
  -7.0703402e-02
  -8.0166116e-02
  -8.9470558e-02
  -9.7179636e-02
  -1.0266694e-01
  -1.0513635e-01
  -1.0345401e-01
  -9.7962119e-02
  -8.8273115e-02
  -7.5009927e-02
  -6.0133487e-02
  -4.7321070e-02
  -3.7586980e-02
   0.0000000e+00
   0.0000000e+00
   0.0000000e+00
   0.0000000e+00
   0.0000000e+00
   0.0000000e+00
  -3.5813930e-02
  -3.6230057e-02
  -2.5620319e-02
  -2.1610836e-02
  -2.1393061e-02
  -1.8175343e-02
  -8.4306821e-03
   0.0000000e+00
   0.0000000e+00
  -1.8869671e-02
  -2.1629542e-02
  -2.9908212e-02
  -3.7563592e-02
  -4.2576093e-02
  -4.8901178e-02
  -5.7160735e-02
  -6.5980710e-02
  -7.3812723e-02
  -8.1243880e-02
  -8.8508889e-02
  -9.4444975e-02
  -9.8823279e-02
  -1.0111719e-01
  -1.0050298e-01
  -9.7835995e-02
  -9.4076365e-02
  -8.8999398e-02
  -8.3222926e-02
  -7.1746781e-02
  -4.2546121e-02
  -1.0621979e-02
   0.0000000e+00
   0.0000000e+00
   0.0000000e+00
   0.0000000e+00
   0.0000000e+00
  -0.0000000e+00
  -2.8593473e-02
  -2.2914113e-02
  -2.2444407e-02
  -2.6101779e-02
  -2.4127392e-02
  -1.9697953e-02
   0.0000000e+00
  -0.0000000e+00
  -3.1989142e-02
  -3.8537025e-02
  -4.8921352e-02
  -5.4299995e-02
  -5.4332867e-02
  -5.5107766e-02
  -5.8058608e-02
  -6.1649002e-02
  -6.3918516e-02
  -6.5557986e-02
  -6.7614049e-02
  -7.0340819e-02
  -7.3604234e-02
  -7.7318579e-02
  -8.0838432e-02
  -8.4564969e-02
  -8.9335047e-02
  -9.4445009e-02
  -9.9059328e-02
  -9.3225494e-02
  -6.3050806e-02
  -3.1073645e-02
   0.0000000e+00
   0.0000000e+00
   0.0000000e+00
   0.0000000e+00
   0.0000000e+00
   0.0000000e+00
  -0.0000000e+00
  -1.8011164e-02
  -2.2593377e-02
  -2.9060250e-02
  -2.7120863e-02
  -2.4912216e-02
  -2.0565145e-02
  -9.9013113e-03
  -3.9969298e-02
  -4.9439747e-02
  -5.9193768e-02
  -6.2303193e-02
  -5.9556093e-02
  -5.6327019e-02
  -5.4443065e-02
  -5.3677216e-02
  -5.2259874e-02
  -4.9766116e-02
  -4.7200903e-02
  -4.6180028e-02
  -4.7654487e-02
  -5.1536381e-02
  -5.7039473e-02
  -6.4488016e-02
  -7.4728109e-02
  -8.5896604e-02
  -9.6455045e-02
  -9.9029124e-02
  -7.9692796e-02
  -4.4379073e-02
   0.0000000e+00
   0.0000000e+00
   0.0000000e+00
   0.0000000e+00
   0.0000000e+00
   0.0000000e+00
   0.0000000e+00
  -1.9312696e-02
  -2.0752580e-02
  -2.7888063e-02
  -2.5924882e-02
  -2.2906238e-02
  -1.6621895e-02
  -0.0000000e+00
  -3.9558962e-02
  -4.8982009e-02
  -5.4742776e-02
  -5.5655360e-02
  -5.3024441e-02
  -5.0497603e-02
  -4.7891982e-02
  -4.6314608e-02
  -4.5101877e-02
  -4.2825248e-02
  -3.9552186e-02
  -3.6699332e-02
  -3.6172550e-02
  -3.8525488e-02
  -4.2241499e-02
  -4.7845434e-02
  -5.7100933e-02
  -6.9152184e-02
  -8.1570923e-02
  -8.9606769e-02
  -8.1052206e-02
  -4.7970618e-02
   0.0000000e+00
   0.0000000e+00
   0.0000000e+00
   0.0000000e+00
   0.0000000e+00
   0.0000000e+00
   0.0000000e+00
  -0.0000000e+00
  -0.0000000e+00
  -2.0310364e-02
  -1.6875843e-02
  -1.4204827e-02
  -1.0395313e-02
  -0.0000000e+00
  -0.0000000e+00
  -3.1971824e-02
  -3.1561386e-02
  -2.9515894e-02
  -3.0385567e-02
  -3.3696133e-02
  -3.5488124e-02
  -3.6192372e-02
  -3.7058304e-02
  -3.7237908e-02
  -3.6179970e-02
  -3.3784851e-02
  -3.1756442e-02
  -3.1625144e-02
  -3.2455169e-02
  -3.4205787e-02
  -3.8591183e-02
  -4.5755690e-02
  -5.4800657e-02
  -6.4366378e-02
  -6.8762540e-02
  -5.9211962e-02
   0.0000000e+00
   0.0000000e+00
   0.0000000e+00
   0.0000000e+00
   0.0000000e+00
   0.0000000e+00
   0.0000000e+00
   0.0000000e+00
   0.0000000e+00
  -0.0000000e+00
   2.9460124e-03
   2.4690473e-03
   0.0000000e+00
   0.0000000e+00
   0.0000000e+00
  -2.7898646e-03
   7.4299648e-03
   1.0566909e-02
   3.9202068e-03
  -7.0961341e-03
  -1.6118275e-02
  -2.1512747e-02
  -2.4932832e-02
  -2.7188933e-02
  -2.8273448e-02
  -2.7977096e-02
  -2.6719205e-02
  -2.5116116e-02
  -2.3018276e-02
  -2.0860031e-02
  -2.0540066e-02
  -2.2253726e-02
  -2.6157895e-02
  -3.3721231e-02
  -4.2540327e-02
  -4.1612980e-02
   0.0000000e+00
   0.0000000e+00
   0.0000000e+00
   0.0000000e+00
   0.0000000e+00
   0.0000000e+00
   0.0000000e+00
   0.0000000e+00
   0.0000000e+00
   0.0000000e+00
   0.0000000e+00
   0.0000000e+00
   0.0000000e+00
   0.0000000e+00
   0.0000000e+00
   0.0000000e+00
   5.2695580e-02
   5.5196360e-02
   4.2129505e-02
   2.6573803e-02
   1.1993215e-02
   1.4812272e-03
  -4.1461689e-03
  -7.5840387e-03
  -9.5743071e-03
  -1.0768885e-02
  -1.0607124e-02
  -8.3048623e-03
  -4.6345675e-03
  -1.2140232e-04
   4.0669632e-03
   6.2993816e-03
   6.0369712e-03
   1.5480566e-03
  -7.1185520e-03
  -1.2241489e-02
   0.0000000e+00
   0.0000000e+00
   0.0000000e+00
   0.0000000e+00
   0.0000000e+00
   0.0000000e+00
   0.0000000e+00
   0.0000000e+00
   0.0000000e+00
   0.0000000e+00
   0.0000000e+00
   0.0000000e+00
   0.0000000e+00
   0.0000000e+00
   0.0000000e+00
   0.0000000e+00
   7.8394878e-02
   7.9057574e-02
   6.2993392e-02
   5.0526985e-02
   3.8172204e-02
   2.7564548e-02
   2.1844971e-02
   1.8638417e-02
   1.7189866e-02
   1.7562520e-02
   1.8851869e-02
   2.1860147e-02
   2.6711777e-02
   3.2404933e-02
   3.8734183e-02
   4.3549838e-02
   4.5380205e-02
   4.2868547e-02
   3.5149764e-02
   2.6124179e-02
   0.0000000e+00
   0.0000000e+00
   0.0000000e+00
   0.0000000e+00
   0.0000000e+00
   0.0000000e+00
   0.0000000e+00
   0.0000000e+00
   0.0000000e+00
   0.0000000e+00
   0.0000000e+00
   0.0000000e+00
   0.0000000e+00
   0.0000000e+00
   0.0000000e+00
   4.7550949e-02
   7.8982229e-02
   6.3637137e-02
   5.8811486e-02
   5.8118705e-02
   5.4936819e-02
   5.1382799e-02
   4.8478242e-02
   4.8854433e-02
   5.0373543e-02
   5.4154485e-02
   5.9205569e-02
   6.5084435e-02
   7.1704581e-02
   7.8878351e-02
   8.6011320e-02
   9.1783598e-02
   9.5085040e-02
   9.4108894e-02
   8.7830320e-02
   7.8103735e-02
   8.7305341e-02
   0.0000000e+00
   3.3244990e-02
   3.4152724e-02
   3.0406717e-02
   0.0000000e+00
   0.0000000e+00
   0.0000000e+00
   0.0000000e+00
   0.0000000e+00
   0.0000000e+00
   0.0000000e+00
   0.0000000e+00
   3.1687562e-02
   4.0159991e-02
   4.6113387e-02
   4.9344664e-02
   3.4485795e-02
   4.7007456e-02
   5.5441019e-02
   6.0986944e-02
   6.4662948e-02
   6.7078679e-02
   7.1302332e-02
   7.6478191e-02
   8.4224981e-02
   9.2820033e-02
   1.0226150e-01
   1.1122789e-01
   1.1951128e-01
   1.2678386e-01
   1.3219079e-01
   1.3514791e-01
   1.3379705e-01
   1.2639450e-01
   1.1595420e-01
   1.0539156e-01
   1.0533622e-01
   3.3244988e-02
   4.8082015e-02
   5.1399243e-02
   0.0000000e+00
   0.0000000e+00
   0.0000000e+00
   0.0000000e+00
   0.0000000e+00
   0.0000000e+00
   1.1545436e-02
   2.3082699e-02
   3.1727415e-02
   3.9909302e-02
   4.4339909e-02
   4.0567838e-02
   3.6775607e-02
   4.5758868e-02
   5.4177385e-02
   6.3651308e-02
   7.0902041e-02
   7.7887774e-02
   8.5007128e-02
   9.3117517e-02
   1.0204412e-01
   1.1118400e-01
   1.2149131e-01
   1.3078637e-01
   1.3860120e-01
   1.4443941e-01
   1.4749983e-01
   1.4789678e-01
   1.4357015e-01
   1.3418567e-01
   1.2381655e-01
   1.1136092e-01
   9.8533445e-02
   8.3059931e-02
   6.3571410e-02
   0.0000000e+00
   0.0000000e+00
   0.0000000e+00
   0.0000000e+00
   0.0000000e+00
   0.0000000e+00
   0.0000000e+00
   8.6217317e-03
   2.1025348e-02
   2.9308567e-02
   3.4473900e-02
   3.6345746e-02
   3.4802403e-02
   3.3682890e-02
   3.7274674e-02
   4.4281194e-02
   5.4166865e-02
   6.4052790e-02
   7.3146111e-02
   8.1318796e-02
   8.9888424e-02
   9.6733335e-02
   1.0310276e-01
   1.0929723e-01
   1.1437238e-01
   1.1806423e-01
   1.1991213e-01
   1.1969127e-01
   1.1695051e-01
   1.1162763e-01
   1.0520210e-01
   9.9111222e-02
   9.1929041e-02
   8.3645982e-02
   7.4103847e-02
   5.9791952e-02
   0.0000000e+00
   0.0000000e+00
   0.0000000e+00
   0.0000000e+00
   0.0000000e+00
   0.0000000e+00
   0.0000000e+00
   1.1682441e-02
   2.0645803e-02
   1.7663499e-02
   1.5920902e-02
   1.2030642e-02
   9.2253609e-03
   7.5147464e-03
   9.3298061e-03
   1.5394335e-02
   2.3797279e-02
   3.3169366e-02
   4.2029372e-02
   4.9900208e-02
   5.5694908e-02
   5.9926402e-02
   6.3019387e-02
   6.4230822e-02
   6.4079523e-02
   6.2592477e-02
   6.0473882e-02
   5.8214438e-02
   5.6038648e-02
   5.4744203e-02
   5.4080931e-02
   5.4363336e-02
   5.4300874e-02
   5.2615126e-02
   4.9609318e-02
   4.3556467e-02
   3.4729012e-02
   0.0000000e+00
   0.0000000e+00
   0.0000000e+00
   0.0000000e+00
   0.0000000e+00
   1.4392113e-02
   1.3504757e-02
   1.5573489e-02
   9.5359376e-03
   4.4960571e-03
   1.6609093e-04
  -3.3433770e-03
  -5.2340939e-03
  -5.5578887e-03
  -3.7541019e-03
  -7.2571309e-04
   3.3921702e-03
   7.3646982e-03
   1.0489094e-02
   1.2515540e-02
   1.3518039e-02
   1.3559856e-02
   1.2310317e-02
   1.0233602e-02
   7.6026297e-03
   4.8853895e-03
   2.6422886e-03
   1.7318967e-03
   2.2891862e-03
   4.3351422e-03
   7.3399586e-03
   1.1351695e-02
   1.4948095e-02
   1.7530445e-02
   2.0482775e-02
   2.2938682e-02
   2.5120123e-02
   2.4067079e-02
   0.0000000e+00
   0.0000000e+00
   0.0000000e+00
   1.6141798e-02
   1.6012389e-02
   1.1538134e-02
