-START-OF-DATA-
0 0.000278
10 0.000278
20 0.000278
30 0.000278
40 0.000278
50 0.000278
60 0.000278
70 0.000278
80 0.000278
90 0.000278
100 0.000278
110 0.000278
120 0.000278
130 0.000278
140 0.000278
150 0.000278
160 0.000278
170 0.000278
180 0.000278
190 0.000278
200 0.000278
210 0.000278
220 0.000278
230 0.000278
240 0.000278
250 0.000278
260 0.000278
270 0.000278
280 0.000278
290 0.000278
300 0.000278
310 0.000278
320 0.000278
330 0.000278
340 0.000278
350 0.000278
360 0.000278
370 0.000278
380 0.000278
390 0.000278
400 0.000278
410 0.000278
420 0.000278
430 0.000278
440 0.000278
450 0.000278
460 0.000278
470 0.000278
480 0.000278
490 0.000278
500 0.000278
510 0.000278
520 0.000278
530 0.000278
540 0.000278
550 0.000278
560 0.000278
570 0.000278
580 0.000278
590 0.000278
600 0.000278
610 0.000278
620 0.000278
630 0.000278
640 0.000278
650 0.000278
660 0.000278
670 0.000278
680 0.000278
690 0.000278
700 0.000278
710 0.000278
720 0.000278
730 0.000278
740 0.000278
750 0.000278
760 0.000278
770 0.000278
780 0.000278
790 0.000278
800 0.000278
810 0.000278
820 0.000278
830 0.000278
840 0.000278
850 0.000278
860 0.000278
870 0.000278
880 0.000278
890 0.000278
900 0.000278
910 0.000278
920 0.000278
930 0.000278
940 0.000278
950 0.000278
960 0.000278
970 0.000278
980 0.000278
990 0.000278
1000 0.000278
1010 0.000278
1020 0.000278
1030 0.000278
1040 0.000278
1050 0.000278
1060 0.000278
1070 0.000278
1080 0.000278
1090 0.000278
1100 0.000278
1110 0.000278
1120 0.000278
1130 0.000278
1140 0.000278
1150 0.000278
1160 0.000278
1170 0.000278
1180 0.000278
1190 0.000278
1200 0.000278
1210 0.000278
1220 0.000278
1230 0.000278
1240 0.000278
1250 0.000278
1260 0.000278
1270 0.000278
1280 0.000278
1290 0.000278
1300 0.000278
1310 0.000278
1320 0.000278
1330 0.000278
1340 0.000278
1350 0.000278
1360 0.000278
1370 0.000278
1380 0.000278
1390 0.000278
1400 0.000278
1410 0.000278
1420 0.000278
1430 0.000278
1440 0.000278
1450 0.000278
1460 0.000278
1470 0.000278
1480 0.000278
1490 0.000278
1500 0.000278
1510 0.000278
1520 0.000278
1530 0.000278
1540 0.000278
1550 0.000278
1560 0.000278
1570 0.000278
1580 0.000278
1590 0.000278
1600 0.000278
1610 0.000278
1620 0.000278
1630 0.000278
1640 0.000278
1650 0.000278
1660 0.000278
1670 0.000278
1680 0.000278
1690 0.000278
1700 0.000278
1710 0.000278
1720 0.000278
1730 0.000278
1740 0.000278
1750 0.000278
1760 0.000278
1770 0.000278
1780 0.000278
1790 0.000278
1800 0.000278
1810 0.000278
1820 0.000278
1830 0.000278
1840 0.000278
1850 0.000278
1860 0.000278
1870 0.000278
1880 0.000278
1890 0.000278
1900 0.000278
1910 0.000278
1920 0.000278
1930 0.000278
1940 0.000278
1950 0.000278
1960 0.000278
1970 0.000278
1980 0.000278
1990 0.000278
2000 0.000278
2010 0.000287774086378738
2020 0.000297548172757475
2030 0.000307322259136213
2040 0.00031709634551495
2050 0.000326870431893688
2060 0.000336644518272425
2070 0.000346418604651163
2080 0.0003561926910299
2090 0.000365966777408638
2100 0.000375740863787375
2110 0.000385514950166113
2120 0.00039528903654485
2130 0.000405063122923588
2140 0.000414837209302326
2150 0.000424611295681063
2160 0.000434385382059801
2170 0.000444159468438538
2180 0.000453933554817276
2190 0.000463707641196013
2200 0.000473481727574751
2210 0.000483255813953488
2220 0.000493029900332226
2230 0.000502803986710963
2240 0.000512578073089701
2250 0.000522352159468438
2260 0.000532126245847176
2270 0.000541900332225914
2280 0.000551674418604651
2290 0.000561448504983389
2300 0.000571222591362126
2310 0.000580996677740864
2320 0.000590770764119601
2330 0.000600544850498339
2340 0.000610318936877076
2350 0.000620093023255814
2360 0.000629867109634552
2370 0.000639641196013289
2380 0.000649415282392027
2390 0.000659189368770764
2400 0.000668963455149502
2410 0.000678737541528239
2420 0.000688511627906977
2430 0.000698285714285714
2440 0.000708059800664452
2450 0.000717833887043189
2460 0.000727607973421927
2470 0.000737382059800664
2480 0.000747156146179402
2490 0.00075693023255814
2500 0.000766704318936877
2510 0.000776478405315615
2520 0.000786252491694352
2530 0.00079602657807309
2540 0.000805800664451827
2550 0.000815574750830565
2560 0.000825348837209302
2570 0.00083512292358804
2580 0.000844897009966777
2590 0.000854671096345515
2600 0.000864445182724253
2610 0.00087421926910299
2620 0.000883993355481728
2630 0.000893767441860465
2640 0.000903541528239203
2650 0.00091331561461794
2660 0.000923089700996678
2670 0.000932863787375415
2680 0.000942637873754153
2690 0.00095241196013289
2700 0.000962186046511628
2710 0.000971960132890365
2720 0.000981734219269103
2730 0.00099150830564784
2740 0.00100128239202658
2750 0.00101105647840532
2760 0.00102083056478405
2770 0.00103060465116279
2780 0.00104037873754153
2790 0.00105015282392027
2800 0.001059926910299
2810 0.00106970099667774
2820 0.00107947508305648
2830 0.00108924916943522
2840 0.00109902325581395
2850 0.00110879734219269
2860 0.00111857142857143
2870 0.00112834551495017
2880 0.0011381196013289
2890 0.00114789368770764
2900 0.00115766777408638
2910 0.00116744186046512
2920 0.00117721594684385
2930 0.00118699003322259
2940 0.00119676411960133
2950 0.00120653820598007
2960 0.0012163122923588
2970 0.00122608637873754
2980 0.00123586046511628
2990 0.00124563455149502
3000 0.00125540863787375
3010 0.00126518272425249
3020 0.00127495681063123
3030 0.00128473089700997
3040 0.0012945049833887
3050 0.00130427906976744
3060 0.00131405315614618
3070 0.00132382724252492
3080 0.00133360132890365
3090 0.00134337541528239
3100 0.00135314950166113
3110 0.00136292358803987
3120 0.0013726976744186
3130 0.00138247176079734
3140 0.00139224584717608
3150 0.00140201993355482
3160 0.00141179401993356
3170 0.00142156810631229
3180 0.00143134219269103
3190 0.00144111627906977
3200 0.0014508903654485
3210 0.00146066445182724
3220 0.00147043853820598
3230 0.00148021262458472
3240 0.00148998671096346
3250 0.00149976079734219
3260 0.00150953488372093
3270 0.00151930897009967
3280 0.00152908305647841
3290 0.00153885714285714
3300 0.00154863122923588
3310 0.00155840531561462
3320 0.00156817940199336
3330 0.00157795348837209
3340 0.00158772757475083
3350 0.00159750166112957
3360 0.00160727574750831
3370 0.00161704983388704
3380 0.00162682392026578
3390 0.00163659800664452
3400 0.00164637209302326
3410 0.00165614617940199
3420 0.00166592026578073
3430 0.00167569435215947
3440 0.00168546843853821
3450 0.00169524252491694
3460 0.00170501661129568
3470 0.00171479069767442
3480 0.00172456478405316
3490 0.00173433887043189
3500 0.00174411295681063
3510 0.00175388704318937
3520 0.00176366112956811
3530 0.00177343521594684
3540 0.00178320930232558
3550 0.00179298338870432
3560 0.00180275747508306
3570 0.00181253156146179
3580 0.00182230564784053
3590 0.00183207973421927
3600 0.00184185382059801
3610 0.00185162790697674
3620 0.00186140199335548
3630 0.00187117607973422
3640 0.00188095016611296
3650 0.00189072425249169
3660 0.00190049833887043
3670 0.00191027242524917
3680 0.00192004651162791
3690 0.00192982059800664
3700 0.00193959468438538
3710 0.00194936877076412
3720 0.00195914285714286
3730 0.0019689169435216
3740 0.00197869102990033
3750 0.00198846511627907
3760 0.00199823920265781
3770 0.00200801328903654
3780 0.00201778737541528
3790 0.00202756146179402
3800 0.00203733554817276
3810 0.0020471096345515
3820 0.00205688372093023
3830 0.00206665780730897
3840 0.00207643189368771
3850 0.00208620598006645
3860 0.00209598006644518
3870 0.00210575415282392
3880 0.00211552823920266
3890 0.0021253023255814
3900 0.00213507641196013
3910 0.00214485049833887
3920 0.00215462458471761
3930 0.00216439867109635
3940 0.00217417275747508
3950 0.00218394684385382
3960 0.00219372093023256
3970 0.0022034950166113
3980 0.00221326910299003
3990 0.00222304318936877
4000 0.00223281727574751
4010 0.00224259136212625
4020 0.00225236544850498
4030 0.00226213953488372
4040 0.00227191362126246
4050 0.0022816877076412
4060 0.00229146179401993
4070 0.00230123588039867
4080 0.00231100996677741
4090 0.00232078405315615
4100 0.00233055813953488
4110 0.00234033222591362
4120 0.00235010631229236
4130 0.0023598803986711
4140 0.00236965448504983
4150 0.00237942857142857
4160 0.00238920265780731
4170 0.00239897674418605
4180 0.00240875083056478
4190 0.00241852491694352
4200 0.00242829900332226
4210 0.002438073089701
4220 0.00244784717607973
4230 0.00245762126245847
4240 0.00246739534883721
4250 0.00247716943521595
4260 0.00248694352159468
4270 0.00249671760797342
4280 0.00250649169435216
4290 0.0025162657807309
4300 0.00252603986710963
4310 0.00253581395348837
4320 0.00254558803986711
4330 0.00255536212624585
4340 0.00256513621262459
4350 0.00257491029900332
4360 0.00258468438538206
4370 0.0025944584717608
4380 0.00260423255813953
4390 0.00261400664451827
4400 0.00262378073089701
4410 0.00263355481727575
4420 0.00264332890365449
4430 0.00265310299003322
4440 0.00266287707641196
4450 0.0026726511627907
4460 0.00268242524916944
4470 0.00269219933554817
4480 0.00270197342192691
4490 0.00271174750830565
4500 0.00272152159468439
4510 0.00273129568106312
4520 0.00274106976744186
4530 0.0027508438538206
4540 0.00276061794019934
4550 0.00277039202657807
4560 0.00278016611295681
4570 0.00278994019933555
4580 0.00279971428571429
4590 0.00280948837209302
4600 0.00281926245847176
4610 0.0028290365448505
4620 0.00283881063122924
4630 0.00284858471760797
4640 0.00285835880398671
4650 0.00286813289036545
4660 0.00287790697674419
4670 0.00288768106312292
4680 0.00289745514950166
4690 0.0029072292358804
4700 0.00291700332225914
4710 0.00292677740863787
4720 0.00293655149501661
4730 0.00294632558139535
4740 0.00295609966777409
4750 0.00296587375415282
4760 0.00297564784053156
4770 0.0029854219269103
4780 0.00299519601328904
4790 0.00300497009966777
4800 0.00301474418604651
4810 0.00302451827242525
4820 0.00303429235880399
4830 0.00304406644518272
4840 0.00305384053156146
4850 0.0030636146179402
4860 0.00307338870431894
4870 0.00308316279069767
4880 0.00309293687707641
4890 0.00310271096345515
4900 0.00311248504983389
4910 0.00312225913621263
4920 0.00313203322259136
4930 0.0031418073089701
4940 0.00315158139534884
4950 0.00316135548172757
4960 0.00317112956810631
4970 0.00318090365448505
4980 0.00319067774086379
4990 0.00320045182724252
5000 0.00321022591362126
5010 0.00322
5020 0.00322
5030 0.00322
5040 0.00322
5050 0.00322
5060 0.00322
5070 0.00322
5080 0.00322
5090 0.00322
5100 0.00322
5110 0.00322
5120 0.00322
5130 0.00322
5140 0.00322
5150 0.00322
5160 0.00322
5170 0.00322
5180 0.00322
5190 0.00322
5200 0.00322
5210 0.00322
5220 0.00322
5230 0.00322
5240 0.00322
5250 0.00322
5260 0.00322
5270 0.00322
5280 0.00322
5290 0.00322
5300 0.00322
5310 0.00322
5320 0.00322
5330 0.00322
5340 0.00322
5350 0.00322
5360 0.00322
5370 0.00322
5380 0.00322
5390 0.00322
5400 0.00322
5410 0.00322
5420 0.00322
5430 0.00322
5440 0.00322
5450 0.00322
5460 0.00322
5470 0.00322
5480 0.00322
5490 0.00322
5500 0.00322
5510 0.00322
5520 0.00322
5530 0.00322
5540 0.00322
5550 0.00322
5560 0.00322
5570 0.00322
5580 0.00322
5590 0.00322
5600 0.00322
5610 0.00322
5620 0.00322
5630 0.00322
5640 0.00322
5650 0.00322
5660 0.00322
5670 0.00322
5680 0.00322
5690 0.00322
5700 0.00322
5710 0.00322
5720 0.00322
5730 0.00322
5740 0.00322
5750 0.00322
5760 0.00322
5770 0.00322
5780 0.00322
5790 0.00322
5800 0.00322
5810 0.00322
5820 0.00322
5830 0.00322
5840 0.00322
5850 0.00322
5860 0.00322
5870 0.00322
5880 0.00322
5890 0.00322
5900 0.00322
5910 0.00322
5920 0.00322
5930 0.00322
5940 0.00322
5950 0.00322
5960 0.00322
5970 0.00322
5980 0.00322
5990 0.00322
6000 0.00322
6010 0.00322
6020 0.00322
6030 0.00322
6040 0.00322
6050 0.00322
6060 0.00322
6070 0.00322
6080 0.00322
6090 0.00322
6100 0.00322
6110 0.00322
6120 0.00322
6130 0.00322
6140 0.00322
6150 0.00322
6160 0.00322
6170 0.00322
6180 0.00322
6190 0.00322
6200 0.00322
6210 0.00322
6220 0.00322
6230 0.00322
6240 0.00322
6250 0.00322
6260 0.00322
6270 0.00322
6280 0.00322
6290 0.00322
6300 0.00322
6310 0.00322
6320 0.00322
6330 0.00322
6340 0.00322
6350 0.00322
6360 0.00322
6370 0.00322
6380 0.00322
6390 0.00322
6400 0.00322
6410 0.00322
6420 0.00322
6430 0.00322
6440 0.00322
6450 0.00322
6460 0.00322
6470 0.00322
6480 0.00322
6490 0.00322
6500 0.00322
6510 0.00322
6520 0.00322
6530 0.00322
6540 0.00322
6550 0.00322
6560 0.00322
6570 0.00322
6580 0.00322
6590 0.00322
6600 0.00322
6610 0.00322
6620 0.00322
6630 0.00322
6640 0.00322
6650 0.00322
6660 0.00322
6670 0.00322
6680 0.00322
6690 0.00322
6700 0.00322
6710 0.00322
6720 0.00322
6730 0.00322
6740 0.00322
6750 0.00322
6760 0.00322
6770 0.00322
6780 0.00322
6790 0.00322
6800 0.00322
6810 0.00322
6820 0.00322
6830 0.00322
6840 0.00322
6850 0.00322
6860 0.00322
6870 0.00322
6880 0.00322
6890 0.00322
6900 0.00322
6910 0.00322
6920 0.00322
6930 0.00322
6940 0.00322
6950 0.00322
6960 0.00322
6970 0.00322
6980 0.00322
6990 0.00322
7000 0.00322
7010 0.00322
7020 0.00322
7030 0.00322
7040 0.00322
7050 0.00322
7060 0.00322
7070 0.00322
7080 0.00322
7090 0.00322
7100 0.00322
7110 0.00322
7120 0.00322
7130 0.00322
7140 0.00322
7150 0.00322
7160 0.00322
7170 0.00322
7180 0.00322
7190 0.00322
7200 0.00322
7210 0.00322
7220 0.00322
7230 0.00322
7240 0.00322
7250 0.00322
7260 0.00322
7270 0.00322
7280 0.00322
7290 0.00322
7300 0.00322
7310 0.00322
7320 0.00322
7330 0.00322
7340 0.00322
7350 0.00322
7360 0.00322
7370 0.00322
7380 0.00322
7390 0.00322
7400 0.00322
7410 0.00322
7420 0.00322
7430 0.00322
7440 0.00322
7450 0.00322
7460 0.00322
7470 0.00322
7480 0.00322
7490 0.00322
7500 0.00322
7510 0.00322
7520 0.00322
7530 0.00322
7540 0.00322
7550 0.00322
7560 0.00322
7570 0.00322
7580 0.00322
7590 0.00322
7600 0.00322
7610 0.00322
7620 0.00322
7630 0.00322
7640 0.00322
7650 0.00322
7660 0.00322
7670 0.00322
7680 0.00322
7690 0.00322
7700 0.00322
7710 0.00322
7720 0.00322
7730 0.00322
7740 0.00322
7750 0.00322
7760 0.00322
7770 0.00322
7780 0.00322
7790 0.00322
7800 0.00322
7810 0.00322
7820 0.00322
7830 0.00322
7840 0.00322
7850 0.00322
7860 0.00322
7870 0.00322
7880 0.00322
7890 0.00322
7900 0.00322
7910 0.00322
7920 0.00322
7930 0.00322
7940 0.00322
7950 0.00322
7960 0.00322
7970 0.00322
7980 0.00322
7990 0.00322
8000 0.00322
8010 0.00322
8020 0.00322
8030 0.00322
8040 0.00322
8050 0.00322
8060 0.00322
8070 0.00322
8080 0.00322
8090 0.00322
8100 0.00322
8110 0.00322
8120 0.00322
8130 0.00322
8140 0.00322
8150 0.00322
8160 0.00322
8170 0.00322
8180 0.00322
8190 0.00322
8200 0.00322
8210 0.00322
8220 0.00322
8230 0.00322
8240 0.00322
8250 0.00322
8260 0.00322
8270 0.00322
8280 0.00322
8290 0.00322
8300 0.00322
8310 0.00322
8320 0.00322
8330 0.00322
8340 0.00322
8350 0.00322
8360 0.00322
8370 0.00322
8380 0.00322
8390 0.00322
8400 0.00322
8410 0.00322
8420 0.00322
8430 0.00322
8440 0.00322
8450 0.00322
8460 0.00322
8470 0.00322
8480 0.00322
8490 0.00322
8500 0.00322
8510 0.00322
8520 0.00322
8530 0.00322
8540 0.00322
8550 0.00322
8560 0.00322
8570 0.00322
8580 0.00322
8590 0.00322
8600 0.00322
8610 0.00322
8620 0.00322
8630 0.00322
8640 0.00322
8650 0.00322
8660 0.00322
8670 0.00322
8680 0.00322
8690 0.00322
8700 0.00322
8710 0.00322
8720 0.00322
8730 0.00322
8740 0.00322
8750 0.00322
8760 0.00322
8770 0.00322
8780 0.00322
8790 0.00322
8800 0.00322
8810 0.00322
8820 0.00322
8830 0.00322
8840 0.00322
8850 0.00322
8860 0.00322
8870 0.00322
8880 0.00322
8890 0.00322
8900 0.00322
8910 0.00322
8920 0.00322
8930 0.00322
8940 0.00322
8950 0.00322
8960 0.00322
8970 0.00322
8980 0.00322
8990 0.00322
9000 0.00322
9010 0.00322
9020 0.00322
9030 0.00322
9040 0.00322
9050 0.00322
9060 0.00322
9070 0.00322
9080 0.00322
9090 0.00322
9100 0.00322
9110 0.00322
9120 0.00322
9130 0.00322
9140 0.00322
9150 0.00322
9160 0.00322
9170 0.00322
9180 0.00322
9190 0.00322
9200 0.00322
9210 0.00322
9220 0.00322
9230 0.00322
9240 0.00322
9250 0.00322
9260 0.00322
9270 0.00322
9280 0.00322
9290 0.00322
9300 0.00322
9310 0.00322
9320 0.00322
9330 0.00322
9340 0.00322
9350 0.00322
9360 0.00322
9370 0.00322
9380 0.00322
9390 0.00322
9400 0.00322
9410 0.00322
9420 0.00322
9430 0.00322
9440 0.00322
9450 0.00322
9460 0.00322
9470 0.00322
9480 0.00322
9490 0.00322
9500 0.00322
9510 0.00322
9520 0.00322
9530 0.00322
9540 0.00322
9550 0.00322
9560 0.00322
9570 0.00322
9580 0.00322
9590 0.00322
9600 0.00322
9610 0.00322
9620 0.00322
9630 0.00322
9640 0.00322
9650 0.00322
9660 0.00322
9670 0.00322
9680 0.00322
9690 0.00322
9700 0.00322
9710 0.00322
9720 0.00322
9730 0.00322
9740 0.00322
9750 0.00322
9760 0.00322
9770 0.00322
9780 0.00322
9790 0.00322
9800 0.00322
9810 0.00322
9820 0.00322
9830 0.00322
9840 0.00322
9850 0.00322
9860 0.00322
9870 0.00322
9880 0.00322
9890 0.00322
9900 0.00322
9910 0.00322
9920 0.00322
9930 0.00322
9940 0.00322
9950 0.00322
9960 0.00322
9970 0.00322
9980 0.00322
9990 0.00322
10000 0.00322
10010 0.00322
10020 0.00322
10030 0.00322
10040 0.00322
10050 0.00322
10060 0.00322
10070 0.00322
10080 0.00322
10090 0.00322
10100 0.00322
10110 0.00322
10120 0.00322
10130 0.00322
10140 0.00322
10150 0.00322
10160 0.00322
10170 0.00322
10180 0.00322
10190 0.00322
10200 0.00322
10210 0.00322
10220 0.00322
10230 0.00322
10240 0.00322
10250 0.00322
10260 0.00322
10270 0.00322
10280 0.00322
10290 0.00322
10300 0.00322
10310 0.00322
10320 0.00322
10330 0.00322
10340 0.00322
10350 0.00322
10360 0.00322
10370 0.00322
10380 0.00322
10390 0.00322
10400 0.00322
10410 0.00322
10420 0.00322
10430 0.00322
10440 0.00322
10450 0.00322
10460 0.00322
10470 0.00322
10480 0.00322
10490 0.00322
10500 0.00322
10510 0.00322
10520 0.00322
10530 0.00322
10540 0.00322
10550 0.00322
10560 0.00322
10570 0.00322
10580 0.00322
10590 0.00322
10600 0.00322
10610 0.00322
10620 0.00322
10630 0.00322
10640 0.00322
10650 0.00322
10660 0.00322
10670 0.00322
10680 0.00322
10690 0.00322
10700 0.00322
10710 0.00322
10720 0.00322
10730 0.00322
10740 0.00322
10750 0.00322
10760 0.00322
10770 0.00322
10780 0.00322
10790 0.00322
10800 0.00322
10810 0.00322
10820 0.00322
10830 0.00322
10840 0.00322
10850 0.00322
10860 0.00322
10870 0.00322
10880 0.00322
10890 0.00322
10900 0.00322
10910 0.00322
10920 0.00322
10930 0.00322
10940 0.00322
10950 0.00322
10960 0.00322
10970 0.00322
10980 0.00322
10990 0.00322
11000 0.00322
11010 0.00322
11020 0.00322
11030 0.00322
11040 0.00322
11050 0.00322
11060 0.00322
11070 0.00322
11080 0.00322
11090 0.00322
11100 0.00322
11110 0.00322
11120 0.00322
11130 0.00322
11140 0.00322
11150 0.00322
11160 0.00322
11170 0.00322
11180 0.00322
11190 0.00322
11200 0.00322
11210 0.00322
11220 0.00322
11230 0.00322
11240 0.00322
11250 0.00322
11260 0.00322
11270 0.00322
11280 0.00322
11290 0.00322
11300 0.00322
11310 0.00322
11320 0.00322
11330 0.00322
11340 0.00322
11350 0.00322
11360 0.00322
11370 0.00322
11380 0.00322
11390 0.00322
11400 0.00322
11410 0.00322
11420 0.00322
11430 0.00322
11440 0.00322
11450 0.00322
11460 0.00322
11470 0.00322
11480 0.00322
11490 0.00322
11500 0.00322
11510 0.00322
11520 0.00322
11530 0.00322
11540 0.00322
11550 0.00322
11560 0.00322
11570 0.00322
11580 0.00322
11590 0.00322
11600 0.00322
11610 0.00322
11620 0.00322
11630 0.00322
11640 0.00322
11650 0.00322
11660 0.00322
11670 0.00322
11680 0.00322
11690 0.00322
11700 0.00322
11710 0.00322
11720 0.00322
11730 0.00322
11740 0.00322
11750 0.00322
11760 0.00322
11770 0.00322
11780 0.00322
11790 0.00322
11800 0.00322
11810 0.00322
11820 0.00322
11830 0.00322
11840 0.00322
11850 0.00322
11860 0.00322
11870 0.00322
11880 0.00322
11890 0.00322
11900 0.00322
11910 0.00322
11920 0.00322
11930 0.00322
11940 0.00322
11950 0.00322
11960 0.00322
11970 0.00322
11980 0.00322
11990 0.00322
12000 0.00322
12010 0.00322
12020 0.00322
12030 0.00322
12040 0.00322
12050 0.00322
12060 0.00322
12070 0.00322
12080 0.00322
12090 0.00322
12100 0.00322
12110 0.00322
12120 0.00322
12130 0.00322
12140 0.00322
12150 0.00322
12160 0.00322
12170 0.00322
12180 0.00322
12190 0.00322
12200 0.00322
12210 0.00322
12220 0.00322
12230 0.00322
12240 0.00322
12250 0.00322
12260 0.00322
12270 0.00322
12280 0.00322
12290 0.00322
12300 0.00322
12310 0.00322
12320 0.00322
12330 0.00322
12340 0.00322
12350 0.00322
12360 0.00322
12370 0.00322
12380 0.00322
12390 0.00322
12400 0.00322
12410 0.00322
12420 0.00322
12430 0.00322
12440 0.00322
12450 0.00322
12460 0.00322
12470 0.00322
12480 0.00322
12490 0.00322
12500 0.00322
12510 0.00322
12520 0.00322
12530 0.00322
12540 0.00322
12550 0.00322
12560 0.00322
12570 0.00322
12580 0.00322
12590 0.00322
12600 0.00322
12610 0.00322
12620 0.00322
12630 0.00322
12640 0.00322
12650 0.00322
12660 0.00322
12670 0.00322
12680 0.00322
12690 0.00322
12700 0.00322
12710 0.00322
12720 0.00322
12730 0.00322
12740 0.00322
12750 0.00322
12760 0.00322
12770 0.00322
12780 0.00322
12790 0.00322
12800 0.00322
12810 0.00322
12820 0.00322
12830 0.00322
12840 0.00322
12850 0.00322
12860 0.00322
12870 0.00322
12880 0.00322
12890 0.00322
12900 0.00322
12910 0.00322
12920 0.00322
12930 0.00322
12940 0.00322
12950 0.00322
12960 0.00322
12970 0.00322
12980 0.00322
12990 0.00322
13000 0.00322
13010 0.00322
13020 0.00322
13030 0.00322
13040 0.00322
13050 0.00322
13060 0.00322
13070 0.00322
13080 0.00322
13090 0.00322
13100 0.00322
13110 0.00322
13120 0.00322
13130 0.00322
13140 0.00322
13150 0.00322
13160 0.00322
13170 0.00322
13180 0.00322
13190 0.00322
13200 0.00322
13210 0.00322
13220 0.00322
13230 0.00322
13240 0.00322
13250 0.00322
13260 0.00322
13270 0.00322
13280 0.00322
13290 0.00322
13300 0.00322
13310 0.00322
13320 0.00322
13330 0.00322
13340 0.00322
13350 0.00322
13360 0.00322
13370 0.00322
13380 0.00322
13390 0.00322
13400 0.00322
13410 0.00322
13420 0.00322
13430 0.00322
13440 0.00322
13450 0.00322
13460 0.00322
13470 0.00322
13480 0.00322
13490 0.00322
13500 0.00322
13510 0.00322
13520 0.00322
13530 0.00322
13540 0.00322
13550 0.00322
13560 0.00322
13570 0.00322
13580 0.00322
13590 0.00322
13600 0.00322
13610 0.00322
13620 0.00322
13630 0.00322
13640 0.00322
13650 0.00322
13660 0.00322
13670 0.00322
13680 0.00322
13690 0.00322
13700 0.00322
13710 0.00322
13720 0.00322
13730 0.00322
13740 0.00322
13750 0.00322
13760 0.00322
13770 0.00322
13780 0.00322
13790 0.00322
13800 0.00322
13810 0.00322
13820 0.00322
13830 0.00322
13840 0.00322
13850 0.00322
13860 0.00322
13870 0.00322
13880 0.00322
13890 0.00322
13900 0.00322
13910 0.00322
13920 0.00322
13930 0.00322
13940 0.00322
13950 0.00322
13960 0.00322
13970 0.00322
13980 0.00322
13990 0.00322
14000 0.00322
14010 0.00322
14020 0.00322
14030 0.00322
14040 0.00322
14050 0.00322
14060 0.00322
14070 0.00322
14080 0.00322
14090 0.00322
14100 0.00322
14110 0.00322
14120 0.00322
14130 0.00322
14140 0.00322
14150 0.00322
14160 0.00322
14170 0.00322
14180 0.00322
14190 0.00322
14200 0.00322
14210 0.00322
14220 0.00322
14230 0.00322
14240 0.00322
14250 0.00322
14260 0.00322
14270 0.00322
14280 0.00322
14290 0.00322
14300 0.00322
14310 0.00322
14320 0.00322
14330 0.00322
14340 0.00322
14350 0.00322
14360 0.00322
14370 0.00322
14380 0.00322
14390 0.00322
14400 0.00322
14410 0.00322
14420 0.00322
14430 0.00322
14440 0.00322
14450 0.00322
14460 0.00322
14470 0.00322
14480 0.00322
14490 0.00322
14500 0.00322
14510 0.00322
14520 0.00322
14530 0.00322
14540 0.00322
14550 0.00322
14560 0.00322
14570 0.00322
14580 0.00322
14590 0.00322
14600 0.00322
14610 0.00322
14620 0.00322
14630 0.00322
14640 0.00322
14650 0.00322
14660 0.00322
14670 0.00322
14680 0.00322
14690 0.00322
14700 0.00322
14710 0.00322
14720 0.00322
14730 0.00322
14740 0.00322
14750 0.00322
14760 0.00322
14770 0.00322
14780 0.00322
14790 0.00322
14800 0.00322
14810 0.00322
14820 0.00322
14830 0.00322
14840 0.00322
14850 0.00322
14860 0.00322
14870 0.00322
14880 0.00322
14890 0.00322
14900 0.00322
14910 0.00322
14920 0.00322
14930 0.00322
14940 0.00322
14950 0.00322
14960 0.00322
14970 0.00322
14980 0.00322
14990 0.00322
15000 0.00322
15010 0.00322
15020 0.00322
15030 0.00322
15040 0.00322
15050 0.00322
15060 0.00322
15070 0.00322
15080 0.00322
15090 0.00322
15100 0.00322
15110 0.00322
15120 0.00322
15130 0.00322
15140 0.00322
15150 0.00322
15160 0.00322
15170 0.00322
15180 0.00322
15190 0.00322
15200 0.00322
15210 0.00322
15220 0.00322
15230 0.00322
15240 0.00322
15250 0.00322
15260 0.00322
15270 0.00322
15280 0.00322
15290 0.00322
15300 0.00322
15310 0.00322
15320 0.00322
15330 0.00322
15340 0.00322
15350 0.00322
15360 0.00322
15370 0.00322
15380 0.00322
15390 0.00322
15400 0.00322
15410 0.00322
15420 0.00322
15430 0.00322
15440 0.00322
15450 0.00322
15460 0.00322
15470 0.00322
15480 0.00322
15490 0.00322
15500 0.00322
15510 0.00322
15520 0.00322
15530 0.00322
15540 0.00322
15550 0.00322
15560 0.00322
15570 0.00322
15580 0.00322
15590 0.00322
15600 0.00322
15610 0.00322
15620 0.00322
15630 0.00322
15640 0.00322
15650 0.00322
15660 0.00322
15670 0.00322
15680 0.00322
15690 0.00322
15700 0.00322
15710 0.00322
15720 0.00322
15730 0.00322
15740 0.00322
15750 0.00322
15760 0.00322
15770 0.00322
15780 0.00322
15790 0.00322
15800 0.00322
15810 0.00322
15820 0.00322
15830 0.00322
15840 0.00322
15850 0.00322
15860 0.00322
15870 0.00322
15880 0.00322
15890 0.00322
15900 0.00322
15910 0.00322
15920 0.00322
15930 0.00322
15940 0.00322
15950 0.00322
15960 0.00322
15970 0.00322
15980 0.00322
15990 0.00322
16000 0.00322
16010 0.00322
16020 0.00322
16030 0.00322
16040 0.00322
16050 0.00322
16060 0.00322
16070 0.00322
16080 0.00322
16090 0.00322
16100 0.00322
16110 0.00322
16120 0.00322
16130 0.00322
16140 0.00322
16150 0.00322
16160 0.00322
16170 0.00322
16180 0.00322
16190 0.00322
16200 0.00322
16210 0.00322
16220 0.00322
16230 0.00322
16240 0.00322
16250 0.00322
16260 0.00322
16270 0.00322
16280 0.00322
16290 0.00322
16300 0.00322
16310 0.00322
16320 0.00322
16330 0.00322
16340 0.00322
16350 0.00322
16360 0.00322
16370 0.00322
16380 0.00322
16390 0.00322
16400 0.00322
16410 0.00322
16420 0.00322
16430 0.00322
16440 0.00322
16450 0.00322
16460 0.00322
16470 0.00322
16480 0.00322
16490 0.00322
16500 0.00322
16510 0.00322
16520 0.00322
16530 0.00322
16540 0.00322
16550 0.00322
16560 0.00322
16570 0.00322
16580 0.00322
16590 0.00322
16600 0.00322
16610 0.00322
16620 0.00322
16630 0.00322
16640 0.00322
16650 0.00322
16660 0.00322
16670 0.00322
16680 0.00322
16690 0.00322
16700 0.00322
16710 0.00322
16720 0.00322
16730 0.00322
16740 0.00322
16750 0.00322
16760 0.00322
16770 0.00322
16780 0.00322
16790 0.00322
16800 0.00322
16810 0.00322
16820 0.00322
16830 0.00322
16840 0.00322
16850 0.00322
16860 0.00322
16870 0.00322
16880 0.00322
16890 0.00322
16900 0.00322
16910 0.00322
16920 0.00322
16930 0.00322
16940 0.00322
16950 0.00322
16960 0.00322
16970 0.00322
16980 0.00322
16990 0.00322
17000 0.00322
17010 0.00322
17020 0.00322
17030 0.00322
17040 0.00322
17050 0.00322
17060 0.00322
17070 0.00322
17080 0.00322
17090 0.00322
17100 0.00322
17110 0.00322
17120 0.00322
17130 0.00322
17140 0.00322
17150 0.00322
17160 0.00322
17170 0.00322
17180 0.00322
17190 0.00322
17200 0.00322
17210 0.00322
17220 0.00322
17230 0.00322
17240 0.00322
17250 0.00322
17260 0.00322
17270 0.00322
17280 0.00322
17290 0.00322
17300 0.00322
17310 0.00322
17320 0.00322
17330 0.00322
17340 0.00322
17350 0.00322
17360 0.00322
17370 0.00322
17380 0.00322
17390 0.00322
17400 0.00322
17410 0.00322
17420 0.00322
17430 0.00322
17440 0.00322
17450 0.00322
17460 0.00322
17470 0.00322
17480 0.00322
17490 0.00322
17500 0.00322
17510 0.00322
17520 0.00322
17530 0.00322
17540 0.00322
17550 0.00322
17560 0.00322
17570 0.00322
17580 0.00322
17590 0.00322
17600 0.00322
17610 0.00322
17620 0.00322
17630 0.00322
17640 0.00322
17650 0.00322
17660 0.00322
17670 0.00322
17680 0.00322
17690 0.00322
17700 0.00322
17710 0.00322
17720 0.00322
17730 0.00322
17740 0.00322
17750 0.00322
17760 0.00322
17770 0.00322
17780 0.00322
17790 0.00322
17800 0.00322
17810 0.00322
17820 0.00322
17830 0.00322
17840 0.00322
17850 0.00322
17860 0.00322
17870 0.00322
17880 0.00322
17890 0.00322
17900 0.00322
17910 0.00322
17920 0.00322
17930 0.00322
17940 0.00322
17950 0.00322
17960 0.00322
17970 0.00322
17980 0.00322
17990 0.00322
18000 0.00322
18010 0.00322
18020 0.00322
18030 0.00322
18040 0.00322
18050 0.00322
18060 0.00322
18070 0.00322
18080 0.00322
18090 0.00322
18100 0.00322
18110 0.00322
18120 0.00322
18130 0.00322
18140 0.00322
18150 0.00322
18160 0.00322
18170 0.00322
18180 0.00322
18190 0.00322
18200 0.00322
18210 0.00322
18220 0.00322
18230 0.00322
18240 0.00322
18250 0.00322
18260 0.00322
18270 0.00322
18280 0.00322
18290 0.00322
18300 0.00322
18310 0.00322
18320 0.00322
18330 0.00322
18340 0.00322
18350 0.00322
18360 0.00322
18370 0.00322
18380 0.00322
18390 0.00322
18400 0.00322
18410 0.00322
18420 0.00322
18430 0.00322
18440 0.00322
18450 0.00322
18460 0.00322
18470 0.00322
18480 0.00322
18490 0.00322
18500 0.00322
18510 0.00322
18520 0.00322
18530 0.00322
18540 0.00322
18550 0.00322
18560 0.00322
18570 0.00322
18580 0.00322
18590 0.00322
18600 0.00322
18610 0.00322
18620 0.00322
18630 0.00322
18640 0.00322
18650 0.00322
18660 0.00322
18670 0.00322
18680 0.00322
18690 0.00322
18700 0.00322
18710 0.00322
18720 0.00322
18730 0.00322
18740 0.00322
18750 0.00322
18760 0.00322
18770 0.00322
18780 0.00322
18790 0.00322
18800 0.00322
18810 0.00322
18820 0.00322
18830 0.00322
18840 0.00322
18850 0.00322
18860 0.00322
18870 0.00322
18880 0.00322
18890 0.00322
18900 0.00322
18910 0.00322
18920 0.00322
18930 0.00322
18940 0.00322
18950 0.00322
18960 0.00322
18970 0.00322
18980 0.00322
18990 0.00322
19000 0.00322
19010 0.00322
19020 0.00322
19030 0.00322
19040 0.00322
19050 0.00322
19060 0.00322
19070 0.00322
19080 0.00322
19090 0.00322
19100 0.00322
19110 0.00322
19120 0.00322
19130 0.00322
19140 0.00322
19150 0.00322
19160 0.00322
19170 0.00322
19180 0.00322
19190 0.00322
19200 0.00322
19210 0.00322
19220 0.00322
19230 0.00322
19240 0.00322
19250 0.00322
19260 0.00322
19270 0.00322
19280 0.00322
19290 0.00322
19300 0.00322
19310 0.00322
19320 0.00322
19330 0.00322
19340 0.00322
19350 0.00322
19360 0.00322
19370 0.00322
19380 0.00322
19390 0.00322
19400 0.00322
19410 0.00322
19420 0.00322
19430 0.00322
19440 0.00322
19450 0.00322
19460 0.00322
19470 0.00322
19480 0.00322
19490 0.00322
19500 0.00322
19510 0.00322
19520 0.00322
19530 0.00322
19540 0.00322
19550 0.00322
19560 0.00322
19570 0.00322
19580 0.00322
19590 0.00322
19600 0.00322
19610 0.00322
19620 0.00322
19630 0.00322
19640 0.00322
19650 0.00322
19660 0.00322
19670 0.00322
19680 0.00322
19690 0.00322
19700 0.00322
19710 0.00322
19720 0.00322
19730 0.00322
19740 0.00322
19750 0.00322
19760 0.00322
19770 0.00322
19780 0.00322
19790 0.00322
19800 0.00322
19810 0.00322
19820 0.00322
19830 0.00322
19840 0.00322
19850 0.00322
19860 0.00322
19870 0.00322
19880 0.00322
19890 0.00322
19900 0.00322
19910 0.00322
19920 0.00322
19930 0.00322
19940 0.00322
19950 0.00322
19960 0.00322
19970 0.00322
19980 0.00322
19990 0.00322
20000 0.00322
-END-OF-DATA-
