  0.4349  0.4265  0.4005  0.3896  0.4062  0.4114  0.4274  0.4338  0.4265  0.4157  0.4017  0.3912  0.3851  0.3793  0.3765  0.3728  0.3893  0.3954  0.4301  0.4332  0.4144  0.3994  0.4032  0.4199  0.4220  0.4448  0.4618  0.4757  0.4835  0.4866  0.4874  0.4844  0.4772  0.4562  0.4683  0.4474
  0.3334  0.3610  0.3947  0.3878  0.4239  0.4274  0.4458  0.4439  0.4477  0.4456  0.4380  0.4308  0.4223  0.4107  0.3936  0.3992  0.3870  0.3402  0.3366  0.3502  0.3442  0.3454  0.3436  0.3464  0.3434  0.3383  0.3500  0.3947  0.4051  0.4108  0.4106  0.4097  0.3764  0.3681  0.3470  0.3297
  0.3208  0.3456  0.3867  0.4032  0.4171  0.4334  0.4477  0.4525  0.4523  0.4507  0.4517  0.4527  0.4515  0.4447  0.4313  0.4011  0.4041  0.3527  0.3095  0.3260  0.3251  0.3439  0.3421  0.3275  0.3446  0.3267  0.3425  0.3701  0.3394  0.3359  0.3509  0.3470  0.3264  0.3166  0.2995  0.2978
  0.2856  0.2980  0.3412  0.3858  0.4192  0.4386  0.4439  0.4421  0.4389  0.4360  0.4369  0.4389  0.4388  0.4370  0.4313  0.4095  0.3916  0.3634  0.3010  0.3194  0.3231  0.3172  0.3439  0.3273  0.3613  0.3549  0.3858  0.3270  0.3093  0.3093  0.3177  0.2973  0.3036  0.2879  0.2782  0.2938
  0.2690  0.2705  0.3148  0.3742  0.4138  0.4279  0.4264  0.4220  0.4173  0.4141  0.4124  0.4130  0.4134  0.4153  0.4131  0.3978  0.3900  0.3280  0.2789  0.2901  0.3048  0.3154  0.3383  0.3208  0.3552  0.3733  0.3753  0.3099  0.3049  0.2973  0.3008  0.2887  0.2925  0.3052  0.3015  0.2793
  0.2638  0.2811  0.3019  0.3656  0.3870  0.3934  0.3878  0.3852  0.3822  0.3789  0.3779  0.3770  0.3766  0.3766  0.3764  0.3692  0.3686  0.2938  0.2419  0.2641  0.2854  0.2962  0.2972  0.3133  0.3387  0.3505  0.3382  0.2958  0.2966  0.2821  0.2697  0.2857  0.2752  0.2981  0.2829  0.2569
  0.2563  0.2660  0.2863  0.3344  0.3428  0.3432  0.3403  0.3397  0.3388  0.3366  0.3370  0.3359  0.3348  0.3347  0.3351  0.3308  0.3146  0.2875  0.2380  0.2617  0.2765  0.2569  0.2797  0.2954  0.2998  0.2910  0.2739  0.2637  0.2662  0.2568  0.2248  0.2701  0.2644  0.2438  0.2259  0.2256
  0.2030  0.2140  0.2772  0.3004  0.2967  0.2936  0.2942  0.2971  0.2996  0.2999  0.3017  0.3005  0.2990  0.3002  0.3014  0.2978  0.2804  0.2657  0.2367  0.2438  0.2495  0.2359  0.2585  0.2606  0.2496  0.2504  0.2562  0.2582  0.2368  0.2479  0.2118  0.2295  0.2346  0.1937  0.1869  0.2019
  0.1871  0.2045  0.2557  0.2560  0.2510  0.2512  0.2557  0.2635  0.2700  0.2720  0.2739  0.2730  0.2720  0.2757  0.2800  0.2788  0.2544  0.2347  0.2253  0.2228  0.2112  0.2232  0.2251  0.2213  0.2074  0.2426  0.2543  0.2360  0.2170  0.2152  0.1972  0.1827  0.1541  0.1712  0.1697  0.1804
  0.1787  0.2222  0.2332  0.2333  0.2339  0.2356  0.2397  0.2481  0.2553  0.2589  0.2606  0.2612  0.2631  0.2700  0.2783  0.2794  0.2555  0.2511  0.2294  0.2094  0.2130  0.2066  0.2095  0.1982  0.1898  0.2055  0.2306  0.2105  0.2035  0.2039  0.2105  0.1614  0.1519  0.1632  0.1651  0.1702
  0.1983  0.2120  0.2160  0.2228  0.2250  0.2256  0.2293  0.2394  0.2486  0.2545  0.2569  0.2594  0.2652  0.2757  0.2871  0.2867  0.2566  0.2022  0.2470  0.1884  0.1948  0.1980  0.1949  0.1837  0.1718  0.1906  0.2131  0.2000  0.1942  0.1697  0.1881  0.1716  0.1595  0.1617  0.1640  0.1656
  0.1929  0.1959  0.2118  0.2193  0.2212  0.2219  0.2274  0.2393  0.2486  0.2542  0.2576  0.2615  0.2717  0.2868  0.2984  0.2926  0.2522  0.2009  0.2419  0.1908  0.1859  0.1915  0.1872  0.1816  0.1794  0.2280  0.2169  0.1897  0.1909  0.1645  0.1507  0.1645  0.1475  0.1614  0.1648  0.1712
  0.2064  0.1966  0.2152  0.2208  0.2212  0.2220  0.2289  0.2399  0.2473  0.2521  0.2570  0.2636  0.2767  0.2907  0.2973  0.2835  0.2422  0.2055  0.1871  0.1783  0.1801  0.1871  0.1892  0.1779  0.2002  0.2318  0.2100  0.1843  0.1747  0.1752  0.1501  0.1696  0.1307  0.1561  0.1852  0.2004
  0.2324  0.2290  0.2296  0.2308  0.2271  0.2258  0.2308  0.2379  0.2434  0.2475  0.2540  0.2625  0.2712  0.2735  0.2651  0.2423  0.2089  0.1795  0.1674  0.1674  0.1748  0.1904  0.1968  0.1793  0.2092  0.2331  0.2115  0.1819  0.1483  0.1885  0.1958  0.1950  0.1782  0.1401  0.2250  0.2377
  0.2584  0.2557  0.2540  0.2466  0.2378  0.2338  0.2356  0.2381  0.2418  0.2462  0.2538  0.2615  0.2677  0.2650  0.2517  0.2257  0.1950  0.1760  0.1721  0.1712  0.1770  0.1903  0.2039  0.1914  0.2229  0.2384  0.2253  0.1983  0.1575  0.2116  0.2203  0.1790  0.1815  0.1683  0.2123  0.2617
  0.2323  0.2715  0.2650  0.2554  0.2408  0.2334  0.2299  0.2283  0.2300  0.2335  0.2403  0.2482  0.2555  0.2568  0.2505  0.2335  0.2137  0.1990  0.1850  0.1643  0.1783  0.1826  0.2045  0.2093  0.2415  0.2578  0.2322  0.2089  0.2094  0.2206  0.2242  0.1965  0.1916  0.2127  0.2121  0.2520
  0.2255  0.2370  0.2407  0.2356  0.2138  0.1973  0.1868  0.1821  0.1822  0.1844  0.1885  0.1946  0.2026  0.2092  0.2155  0.2210  0.2252  0.2214  0.2050  0.1803  0.2758  0.2568  0.2113  0.2286  0.3098  0.2893  0.2590  0.2545  0.2458  0.2273  0.2205  0.2136  0.2129  0.2305  0.2665  0.2461
  0.2414  0.2437  0.2250  0.2110  0.1836  0.1625  0.1500  0.1462  0.1472  0.1487  0.1510  0.1553  0.1616  0.1694  0.1801  0.1938  0.2104  0.2223  0.2327  0.2570  0.3066  0.2962  0.2321  0.2478  0.3214  0.3203  0.2812  0.2759  0.2665  0.2462  0.2250  0.2297  0.2255  0.2272  0.2334  0.2338
  0.2294  0.2358  0.2224  0.2065  0.1800  0.1583  0.1447  0.1409  0.1418  0.1426  0.1439  0.1476  0.1539  0.1612  0.1714  0.1871  0.2092  0.2286  0.2475  0.2941  0.3192  0.2843  0.2473  0.2371  0.3178  0.3284  0.2944  0.2839  0.2694  0.2538  0.2241  0.2310  0.2243  0.2158  0.2084  0.2054
  0.2197  0.2304  0.2328  0.2244  0.2042  0.1850  0.1707  0.1634  0.1596  0.1554  0.1539  0.1573  0.1672  0.1816  0.2010  0.2231  0.2476  0.2616  0.2496  0.2583  0.2605  0.2750  0.2509  0.2043  0.2482  0.2242  0.2815  0.2678  0.2575  0.2297  0.2087  0.2134  0.2054  0.2001  0.1971  0.2030
  0.2209  0.2367  0.2446  0.2496  0.2425  0.2324  0.2234  0.2172  0.2092  0.1947  0.1801  0.1719  0.1737  0.1855  0.2088  0.2360  0.2619  0.2748  0.2541  0.2265  0.2114  0.2489  0.2446  0.2303  0.2063  0.1774  0.2426  0.2598  0.2515  0.2245  0.1942  0.1946  0.1902  0.1906  0.1944  0.2058
  0.2210  0.2346  0.2434  0.2527  0.2550  0.2519  0.2454  0.2384  0.2289  0.2120  0.1932  0.1772  0.1689  0.1690  0.1817  0.2088  0.2460  0.2678  0.2610  0.2374  0.2257  0.2422  0.2381  0.2097  0.1960  0.1697  0.2013  0.2467  0.2467  0.2128  0.1919  0.1873  0.1848  0.1884  0.1938  0.2050
  0.2171  0.2285  0.2345  0.2402  0.2467  0.2492  0.2476  0.2435  0.2353  0.2202  0.2040  0.1886  0.1760  0.1675  0.1693  0.1882  0.2250  0.2528  0.2528  0.2511  0.2289  0.2414  0.2337  0.2125  0.2464  0.1582  0.1852  0.2267  0.2386  0.1996  0.1923  0.1859  0.1800  0.1849  0.1920  0.2024
  0.2116  0.2237  0.2272  0.2243  0.2276  0.2327  0.2373  0.2397  0.2393  0.2322  0.2234  0.2126  0.1998  0.1876  0.1821  0.1862  0.2040  0.2255  0.2367  0.2221  0.2474  0.2364  0.2372  0.2112  0.2119  0.1555  0.1747  0.1951  0.2223  0.1967  0.1894  0.1822  0.1780  0.1803  0.1875  0.1981
  0.2115  0.2221  0.2209  0.2162  0.2140  0.2177  0.2247  0.2326  0.2405  0.2427  0.2399  0.2332  0.2228  0.2108  0.2011  0.1983  0.2043  0.2170  0.2234  0.2098  0.2178  0.2222  0.2397  0.2439  0.2159  0.1545  0.1735  0.1858  0.2116  0.1871  0.1750  0.2069  0.1828  0.1819  0.1873  0.1990
  0.2139  0.2230  0.2107  0.2000  0.2091  0.2076  0.2150  0.2251  0.2379  0.2479  0.2511  0.2479  0.2407  0.2308  0.2196  0.2122  0.2114  0.2186  0.2242  0.2094  0.2157  0.2143  0.2416  0.2660  0.2198  0.1580  0.1748  0.1907  0.2228  0.1911  0.1734  0.2069  0.1911  0.1893  0.1893  0.2013
  0.2147  0.2216  0.1970  0.1966  0.2059  0.2023  0.2098  0.2198  0.2326  0.2464  0.2545  0.2566  0.2546  0.2487  0.2406  0.2327  0.2276  0.2284  0.2302  0.2072  0.2166  0.2002  0.2442  0.2478  0.2337  0.1796  0.1812  0.2047  0.2224  0.2059  0.1895  0.2150  0.2189  0.2110  0.2003  0.2049
  0.2255  0.2263  0.2079  0.2388  0.2052  0.2118  0.2137  0.2222  0.2332  0.2454  0.2552  0.2601  0.2616  0.2581  0.2536  0.2498  0.2460  0.2459  0.2443  0.2160  0.2264  0.2037  0.2476  0.2423  0.2483  0.2242  0.2210  0.2105  0.2343  0.2219  0.2211  0.2335  0.2506  0.2292  0.2255  0.2223
  0.2640  0.2474  0.2242  0.2213  0.2307  0.2427  0.2425  0.2464  0.2533  0.2616  0.2697  0.2745  0.2780  0.2776  0.2769  0.2773  0.2767  0.2770  0.2724  0.2496  0.2417  0.2216  0.2305  0.2633  0.2751  0.2361  0.2440  0.2346  0.2302  0.2529  0.2410  0.2620  0.2423  0.2659  0.2702  0.2692
  0.3027  0.2735  0.2565  0.2396  0.2373  0.2628  0.2819  0.2853  0.2898  0.2958  0.3016  0.3045  0.3072  0.3096  0.3118  0.3147  0.3152  0.3144  0.3088  0.2872  0.2921  0.2316  0.2511  0.2962  0.3107  0.2849  0.2795  0.2624  0.2402  0.2810  0.2637  0.2787  0.2721  0.2909  0.3019  0.3097
  0.3313  0.3432  0.3096  0.2883  0.3139  0.2750  0.3259  0.3456  0.3499  0.3494  0.3486  0.3473  0.3480  0.3501  0.3531  0.3563  0.3566  0.3546  0.3491  0.3431  0.3537  0.2584  0.3126  0.3491  0.3609  0.3413  0.3605  0.3267  0.2751  0.3059  0.3173  0.3169  0.3203  0.3233  0.3314  0.3393
  0.3776  0.3758  0.3649  0.3301  0.3431  0.3208  0.3593  0.4093  0.4106  0.4046  0.3985  0.3917  0.3874  0.3855  0.3867  0.3879  0.3874  0.3840  0.3777  0.4166  0.3390  0.3287  0.3917  0.4117  0.4103  0.3947  0.3953  0.3401  0.3464  0.3709  0.3790  0.3770  0.3712  0.3656  0.3645  0.3640
  0.4435  0.3957  0.3844  0.3333  0.3419  0.3735  0.3749  0.4213  0.4294  0.4294  0.4329  0.4271  0.4197  0.4124  0.4107  0.4111  0.4095  0.4059  0.4000  0.4173  0.3754  0.4042  0.4429  0.4443  0.4381  0.4275  0.4122  0.3986  0.4063  0.4206  0.4203  0.4136  0.4040  0.3939  0.3887  0.3924
  0.4164  0.3908  0.3673  0.3667  0.3453  0.3836  0.4014  0.4243  0.4249  0.4223  0.4435  0.4480  0.4399  0.4331  0.4300  0.4283  0.4292  0.4340  0.4428  0.4492  0.4509  0.4603  0.4615  0.4559  0.4508  0.4476  0.4442  0.4412  0.4414  0.4405  0.4370  0.4293  0.4206  0.4130  0.4051  0.3880
  0.4015  0.3950  0.3812  0.3741  0.3681  0.3753  0.4206  0.4195  0.4213  0.4405  0.4433  0.4459  0.4400  0.4341  0.4326  0.4265  0.4286  0.4093  0.4414  0.4458  0.4567  0.4567  0.4502  0.4435  0.4384  0.4388  0.4397  0.4395  0.4330  0.4263  0.4189  0.4199  0.4219  0.4121  0.4111  0.4015
  0.3750  0.3781  0.3904  0.3615  0.3923  0.3823  0.3984  0.4363  0.4272  0.4295  0.4246  0.3968  0.4009  0.4146  0.4142  0.3948  0.4031  0.4006  0.4104  0.4142  0.4128  0.3822  0.3757  0.3718  0.3632  0.3609  0.3608  0.3656  0.3511  0.3403  0.3448  0.3499  0.3622  0.3586  0.3561  0.3531
