   1.4668280e+00   1.1926674e+00   9.8284239e-01   5.8454901e-01   4.6389422e-01   4.9880525e-01   5.3608811e-01   5.0826538e-01   4.7884184e-01   3.7899828e-01   3.0189449e-01   3.0192178e-01   3.3367679e-01   2.9323614e-01   2.6971608e-01   2.8125808e-01   3.0227688e-01   2.8364354e-01   3.1352451e-01   2.3162191e-01   3.0638555e-01   3.3173180e-01   3.3730659e-01   3.4121826e-01   2.8802368e-01   2.0671530e-01   2.0373443e-01   2.4142508e-01   3.5135916e-01   4.1982865e-01   4.2657611e-01   4.0585762e-01   4.2461458e-01   5.6788528e-01   9.8378891e-01   1.3326765e+00
   1.0282166e+00   6.4274160e-01   5.6655562e-01   6.6790301e-01   8.2886758e-01   9.9622518e-01   1.1516147e+00   6.9451479e-01   4.5411995e-01   2.1667567e-01   2.1225399e-01   5.3148425e-01   5.2253628e-01   3.9856140e-01   3.1608778e-01   3.1154481e-01   4.0085511e-01   5.0185233e-01   5.0466323e-01   5.7117277e-01   3.4622362e-01   3.5859144e-01   2.8220433e-01   3.0213389e-01   2.7681968e-01   5.4584115e-01   4.5858085e-01   4.2261475e-01   3.9372290e-01   6.2337035e-01   6.7904693e-01   1.2019244e+00   1.3758769e+00   9.2259377e-01   1.8751224e+00   1.4252207e+00
   8.1817544e-01   1.1371230e+00   1.4538057e+00   1.6936718e+00   1.8324078e+00   1.8930135e+00   1.8012838e+00   1.0699016e+00   6.6618162e-01   5.1479816e-01   3.8423976e-01   5.0892013e-01   4.0226710e-01   2.3624235e-01   2.9392332e-01   4.0328056e-01   8.0183852e-01   1.1119841e+00   9.2114931e-01   5.6591970e-01   2.2722858e-01   2.8512040e-01   3.3235058e-01   4.3008253e-01   2.9213542e-01   3.6173204e-01   3.4527028e-01   6.1447281e-01   9.3234688e-01   8.2375383e-01   1.6351984e+00   1.6625278e+00   1.4649291e+00   9.4848698e-01   7.8066200e-01   6.6514462e-01
   2.4455571e+00   2.5990125e+00   2.6718056e+00   2.6853523e+00   2.6685843e+00   2.5473695e+00   2.3312652e+00   1.7633405e+00   8.6856699e-01   5.8817732e-01   4.8887584e-01   4.6872285e-01   4.3479648e-01   4.6883061e-01   5.8370519e-01   7.1913755e-01   1.6933995e+00   1.9459438e+00   1.3337426e+00   6.2939034e-01   4.8616323e-01   4.2708778e-01   3.8079064e-01   4.4214079e-01   3.4322825e-01   4.2758330e-01   7.8945577e-01   5.6847095e-01   7.3775415e-01   5.6159544e-01   9.0225154e-01   1.8766823e+00   1.4067652e+00   1.4710453e+00   1.8305533e+00   2.1851830e+00
   3.4731680e+00   3.3913934e+00   3.2672864e+00   3.1649602e+00   3.0301623e+00   2.7640547e+00   2.5130264e+00   2.2070699e+00   9.2409081e-01   5.6857621e-01   5.1906264e-01   5.2284062e-01   6.1187224e-01   6.8991709e-01   7.6289049e-01   2.0520675e+00   2.7602069e+00   1.9178158e+00   2.4274394e+00   1.0572728e+00   7.3974791e-01   5.9912996e-01   4.4088477e-01   4.4139171e-01   5.6002163e-01   6.7576045e-01   9.1354180e-01   7.7952531e-01   5.5987900e-01   5.2495151e-01   8.4717889e-01   2.2266891e+00   2.1996078e+00   2.8336207e+00   3.2386851e+00   3.4519008e+00
   3.5742788e+00   3.3762593e+00   3.1753707e+00   2.9984374e+00   2.8170229e+00   2.5878479e+00   2.4829600e+00   2.8144399e+00   1.2821908e+00   9.5354110e-01   6.6586395e-01   7.1186078e-01   9.7274643e-01   1.3818121e+00   2.1664617e+00   2.8100731e+00   2.6895133e+00   2.3312125e+00   1.2262957e+00   8.4066431e-01   7.0509022e-01   6.8683141e-01   4.7293937e-01   3.3571449e-01   4.7480437e-01   6.8237223e-01   8.4048718e-01   8.8830715e-01   8.6561547e-01   7.4236399e-01   9.4649029e-01   2.7774921e+00   3.0820663e+00   3.5496540e+00   3.7283437e+00   3.7268882e+00
   2.7885749e+00   2.5622981e+00   2.3746414e+00   2.2012138e+00   2.0760581e+00   1.9722357e+00   2.0965557e+00   3.1140254e+00   1.7150792e+00   1.0299070e+00   7.8160626e-01   1.0212702e+00   1.3605905e+00   3.0783732e+00   3.4398403e+00   2.8699663e+00   1.7986661e+00   1.0766733e+00   4.9350783e-01   7.0100802e-01   1.0926754e+00   1.0744809e+00   6.2271726e-01   5.3920782e-01   5.6735432e-01   9.1051406e-01   1.1985633e+00   1.1991175e+00   8.1614763e-01   8.1015491e-01   2.0265524e+00   3.3591208e+00   3.4529436e+00   3.4267845e+00   3.2924585e+00   3.0707209e+00
   1.0424041e+00   8.8748534e-01   8.2977140e-01   7.9562944e-01   7.3412642e-01   7.7559805e-01   1.2729039e+00   2.6220526e+00   2.3016603e+00   8.1618124e-01   1.2667759e+00   1.3203162e+00   2.3341362e+00   3.0465130e+00   2.5304139e+00   1.5853661e+00   9.2330266e-01   6.5329635e-01   4.7200590e-01   5.7949512e-01   1.4148345e+00   1.5246298e+00   1.0166502e+00   8.4736711e-01   6.9768500e-01   9.4583965e-01   8.6865520e-01   9.6451193e-01   5.4861289e-01   1.1980124e+00   1.9532186e+00   2.3975908e+00   2.4477031e+00   2.1320324e+00   1.7453512e+00   1.3665634e+00
   9.4892681e-01   9.6532738e-01   9.6744448e-01   9.7405249e-01   8.9151037e-01   8.5560483e-01   1.1240382e+00   2.2836630e+00   3.0576966e+00   8.0649769e-01   2.0790241e+00   2.8894060e+00   2.9383833e+00   2.2491779e+00   1.2413254e+00   6.6635728e-01   1.7864008e+00   9.2350191e-01   7.1181130e-01   5.1944983e-01   3.7521625e-01   1.2252409e+00   1.6285092e+00   2.0280521e+00   1.8158948e+00   1.3262177e+00   9.0934479e-01   4.9249208e-01   4.4500375e-01   9.2270613e-01   1.3867290e+00   1.2809120e+00   1.0823779e+00   8.6866355e-01   8.6292636e-01   9.1813785e-01
   3.1834159e+00   3.1643505e+00   3.0864432e+00   3.0314720e+00   2.9503798e+00   2.8239765e+00   2.6943092e+00   2.9319088e+00   3.4587805e+00   8.1758720e-01   1.9642754e+00   1.5492457e+00   1.4632702e+00   8.6062294e-01   1.0373843e+00   2.6611147e+00   3.9982705e+00   3.2946289e+00   2.4565809e+00   1.5045252e+00   1.5540552e+00   1.5959519e+00   1.6680198e+00   2.1182642e+00   2.1466615e+00   1.5302682e+00   8.6164856e-01   3.2074496e-01   4.6251678e-01   1.1449071e+00   1.2721379e+00   1.4567711e+00   1.9274287e+00   2.4067976e+00   2.8054523e+00   3.0661626e+00
   4.6049838e+00   4.5721440e+00   4.5362191e+00   4.5635986e+00   4.5553474e+00   4.4626293e+00   4.3379693e+00   4.1059799e+00   3.8025455e+00   7.9880238e-01   2.2156904e+00   1.3579786e+00   1.0853318e+00   1.6486167e+00   2.8533683e+00   4.5298972e+00   5.5980172e+00   4.0650144e+00   3.1002910e+00   3.4110217e+00   3.3944156e+00   2.7853971e+00   2.1473043e+00   2.7919405e+00   2.1295781e+00   1.5054674e+00   7.8493649e-01   3.2529205e-01   7.3468703e-01   1.8786970e+00   2.2233918e+00   2.8788214e+00   3.4763465e+00   3.9698362e+00   4.3283262e+00   4.5318918e+00
   5.4375262e+00   5.5081749e+00   5.6538706e+00   5.8647780e+00   6.0272393e+00   6.0651360e+00   5.9255471e+00   5.3622165e+00   3.8903158e+00   1.1325139e+00   2.4013166e+00   3.1765044e+00   3.1414971e+00   3.5087612e+00   4.3802047e+00   6.0115652e+00   5.2847538e+00   2.6602564e+00   4.2635131e+00   4.8159256e+00   5.0023904e+00   3.8492107e+00   2.6786530e+00   3.0308421e+00   2.1237347e+00   1.2163299e+00   5.4128987e-01   5.2058095e-01   1.0903792e+00   2.6960704e+00   3.0294724e+00   3.8349571e+00   4.4185719e+00   4.8658719e+00   5.1505308e+00   5.3284588e+00
   5.3988247e+00   5.5895414e+00   5.9493866e+00   6.3974652e+00   6.7863145e+00   6.9922466e+00   6.8327031e+00   6.1237011e+00   4.2428541e+00   2.1330144e+00   3.9309831e+00   4.8467503e+00   4.7142100e+00   4.6643019e+00   5.0642500e+00   5.8231001e+00   2.4133263e+00   1.1993961e+00   1.9422247e+00   2.8898325e+00   3.2839959e+00   2.7821383e+00   3.5896726e+00   2.4130993e+00   2.6356800e+00   1.2235316e+00   6.9446099e-01   7.6819122e-01   1.2608538e+00   2.7007158e+00   3.4441743e+00   4.0341635e+00   4.5211496e+00   4.9025002e+00   5.1014509e+00   5.2583966e+00
   4.6644344e+00   4.8767228e+00   5.3115106e+00   5.9029703e+00   6.4558983e+00   6.8068466e+00   6.6811891e+00   5.9909515e+00   4.7625165e+00   4.2851548e+00   5.5667791e+00   6.0870886e+00   5.7508836e+00   5.3081074e+00   5.1138082e+00   4.9321694e+00   9.5529747e-01   5.1096237e-01   9.5491278e-01   1.6487901e+00   1.4460181e+00   1.5494463e+00   3.0170610e+00   1.8832948e+00   2.0139647e+00   1.5697801e+00   1.0777762e+00   6.9509423e-01   6.2733060e-01   1.3821852e+00   3.3919635e+00   3.7269118e+00   4.1351333e+00   4.4151287e+00   4.5024638e+00   4.5757608e+00
   3.5034742e+00   3.6747346e+00   4.0175629e+00   4.4831266e+00   4.9165878e+00   5.2301908e+00   5.3000116e+00   5.1202641e+00   5.0392060e+00   5.3855920e+00   6.1053138e+00   7.1932793e+00   6.6115494e+00   5.9398360e+00   4.8063064e+00   3.8163633e+00   7.5619161e-01   1.8191658e-01   7.7815616e-01   1.2746220e+00   1.0722036e+00   1.4505148e+00   2.7003193e+00   1.7978776e+00   1.1969515e+00   1.4213647e+00   1.4320112e+00   4.6456718e-01   3.4356999e-01   6.8709934e-01   2.4726300e+00   3.0080240e+00   3.3606107e+00   3.5183110e+00   3.5247583e+00   3.4978106e+00
   2.9380658e+00   3.1993141e+00   3.4611704e+00   3.6531110e+00   3.7238975e+00   3.7883759e+00   3.9875550e+00   4.3159552e+00   4.7745790e+00   5.3210135e+00   5.9155302e+00   5.0265207e+00   5.5549736e+00   6.3862534e+00   4.4084244e+00   2.6857207e+00   1.1821958e+00   4.6677053e-01   5.7520437e-01   9.9477732e-01   1.0978775e+00   1.7037832e+00   2.2519002e+00   1.0326834e+00   2.5438385e+00   2.7976918e+00   1.8416841e+00   6.3893366e-01   5.6586820e-01   3.9195386e-01   1.4354997e+00   2.0882185e+00   2.3771262e+00   2.5344753e+00   2.6488624e+00   2.7581668e+00
   3.6486146e+00   4.1199989e+00   4.4758968e+00   4.6814508e+00   4.7116442e+00   4.6797805e+00   4.5984230e+00   4.3766203e+00   4.1225905e+00   4.1682601e+00   4.1859632e+00   2.4140363e+00   3.4678571e+00   4.8881278e+00   4.0778222e+00   1.6439990e+00   1.3131078e+00   6.8970865e-01   4.1498858e-01   7.6178211e-01   1.4098777e+00   2.8376005e+00   2.2326770e+00   9.4626093e-01   1.7631071e+00   3.0751963e+00   2.3381133e+00   1.5003060e+00   7.4978369e-01   7.8401089e-01   9.9856305e-01   1.3698019e+00   1.7191207e+00   2.1405094e+00   2.6233990e+00   3.1142886e+00
   4.6168164e+00   5.2190379e+00   5.6688760e+00   5.9582555e+00   6.0510485e+00   6.0062320e+00   5.7112906e+00   5.0261100e+00   3.9128625e+00   2.5765392e+00   2.1066186e+00   1.4579529e+00   1.7758012e+00   3.3970834e+00   3.5969995e+00   1.9715924e+00   1.4224742e+00   8.7722535e-01   3.4898268e-01   7.3048553e-01   2.5907175e+00   4.6508297e+00   3.6290811e+00   2.2110791e+00   1.9972605e+00   2.3978171e+00   2.0569770e+00   1.5038329e+00   6.6108428e-01   7.7249482e-01   7.5531050e-01   9.3152053e-01   1.4818988e+00   2.2667517e+00   3.0922607e+00   3.8666594e+00
   4.6497726e+00   5.2635187e+00   5.7178376e+00   5.9834583e+00   6.0404427e+00   5.9671552e+00   5.6709822e+00   5.0178026e+00   3.8900509e+00   1.9664677e+00   1.2519082e+00   1.2206907e+00   8.8702716e-01   3.5210522e+00   2.7061488e+00   3.2975090e+00   2.2727146e+00   1.3278229e+00   4.9054363e-01   1.0010133e+00   3.7416938e+00   4.8403334e+00   4.0546832e+00   3.2570628e+00   2.9338969e+00   2.6662373e+00   2.5371875e+00   1.6298149e+00   1.3520037e+00   9.9239445e-01   4.2800982e-01   5.8337413e-01   1.2411271e+00   2.1400537e+00   3.0403649e+00   3.8736310e+00
   3.7404625e+00   4.3916726e+00   4.9894981e+00   5.4646869e+00   5.7330790e+00   5.8325591e+00   5.6555409e+00   5.1102085e+00   4.1791420e+00   2.8551273e+00   2.0406260e+00   1.3689847e+00   6.7532277e-01   1.9833015e+00   1.8393949e+00   3.3816009e+00   3.8362834e+00   2.8274546e+00   7.1572495e-01   1.1218494e+00   3.7474184e+00   4.6503315e+00   3.8711917e+00   3.1410112e+00   3.6493287e+00   3.3483627e+00   3.0604427e+00   2.1865523e+00   1.9844385e+00   1.5422742e+00   7.2925764e-01   6.8547630e-01   1.1078280e+00   1.7705312e+00   2.4214561e+00   3.0660117e+00
   3.0958190e+00   3.7404616e+00   4.4257112e+00   5.0360665e+00   5.4457679e+00   5.7059784e+00   5.7375641e+00   5.4947557e+00   5.0130653e+00   4.2293663e+00   3.1504252e+00   1.2164216e+00   5.8373648e-01   1.2906119e+00   1.2725146e+00   2.2642565e+00   4.7669973e+00   3.8661344e+00   8.3048487e-01   1.0133866e+00   2.5369442e+00   3.3894882e+00   2.9969344e+00   1.6857564e+00   2.9798648e+00   3.9332066e+00   3.7136495e+00   3.2070327e+00   2.8078599e+00   2.3102229e+00   1.5948620e+00   1.3387685e+00   1.4401073e+00   1.7873188e+00   2.1370196e+00   2.5538425e+00
   3.2227602e+00   3.6439955e+00   4.0974069e+00   4.5611176e+00   4.9750881e+00   5.3648911e+00   5.6910887e+00   5.8593483e+00   5.8470869e+00   5.5354338e+00   4.6950712e+00   1.3763937e+00   5.6183845e-01   9.5216072e-01   9.5583749e-01   1.8127321e+00   5.2561975e+00   4.7581372e+00   1.2255105e+00   9.3848431e-01   1.8717010e+00   3.2774293e+00   2.5998955e+00   1.0042840e+00   2.4171612e+00   4.4704633e+00   4.4188938e+00   4.3209348e+00   4.0905452e+00   3.5483196e+00   2.8169360e+00   2.4892862e+00   2.4260564e+00   2.5404892e+00   2.6715729e+00   2.8877974e+00
   3.5925956e+00   3.7135279e+00   3.8534327e+00   3.9972198e+00   4.2350321e+00   4.6250978e+00   5.1638565e+00   5.6676431e+00   6.0657063e+00   6.3028016e+00   6.1255164e+00   2.7019112e+00   4.3394953e-01   7.1957695e-01   9.2442298e-01   2.7408507e+00   5.5018988e+00   5.3637977e+00   1.5849314e+00   8.8881457e-01   1.4333661e+00   3.2206063e+00   2.5325823e+00   1.2702810e+00   1.6037214e+00   3.7989445e+00   4.8463569e+00   5.1148410e+00   5.1147995e+00   4.6722016e+00   3.9920497e+00   3.6660531e+00   3.5414424e+00   3.5078738e+00   3.5073774e+00   3.5121350e+00
   3.7220385e+00   3.7415719e+00   3.7925963e+00   3.7750056e+00   3.7562611e+00   3.9127138e+00   4.3580112e+00   4.9523754e+00   5.5643620e+00   6.1576724e+00   6.5250731e+00   4.2777929e+00   4.4309378e-01   7.0141715e-01   8.9320886e-01   2.7566338e+00   5.4208183e+00   5.7564754e+00   1.6238103e+00   8.4940624e-01   1.0747553e+00   2.6271877e+00   2.6121068e+00   1.4629564e+00   9.3779683e-01   2.3008792e+00   4.8528380e+00   5.3140593e+00   5.4803891e+00   5.2038422e+00   4.5191240e+00   4.1572785e+00   4.0485287e+00   3.9017990e+00   3.8232355e+00   3.7467241e+00
   3.2807415e+00   3.3314312e+00   3.4125774e+00   3.4073009e+00   3.3269904e+00   3.2954817e+00   3.4654305e+00   3.8669674e+00   4.4447465e+00   5.1977830e+00   5.9781308e+00   5.3681965e+00   5.3718060e-01   5.8972883e-01   7.9146975e-01   2.2352595e+00   4.6415448e+00   5.9555254e+00   1.5460361e+00   9.7368610e-01   9.0726680e-01   2.6181231e+00   2.6836152e+00   1.1979276e+00   8.4660566e-01   1.9736409e+00   4.1876984e+00   4.7933111e+00   5.0635681e+00   4.9725513e+00   4.2689676e+00   3.7034140e+00   3.6738086e+00   3.4777236e+00   3.3247764e+00   3.2636578e+00
   2.0767717e+00   2.2373278e+00   2.3676710e+00   2.4402592e+00   2.4402552e+00   2.4098768e+00   2.4238372e+00   2.5488858e+00   2.8773241e+00   3.5309873e+00   4.6657238e+00   5.8470130e+00   4.7557530e-01   7.0101547e-01   6.4466316e-01   2.6035962e+00   3.2662535e+00   5.5751896e+00   1.2114631e+00   1.1895341e+00   8.5187715e-01   1.5238839e+00   2.2341418e+00   1.2383903e+00   1.3255289e+00   2.5338447e+00   2.8647060e+00   3.3688159e+00   3.6436598e+00   3.6753407e+00   3.0756409e+00   2.0405202e+00   2.0944057e+00   2.0032592e+00   1.9031962e+00   1.9309494e+00
   5.8960259e-01   8.5359174e-01   1.0426518e+00   1.1832230e+00   1.2154013e+00   1.1950083e+00   1.1818564e+00   1.1433553e+00   1.2144922e+00   1.6387542e+00   2.9382582e+00   5.2860084e+00   4.7715878e-01   8.4175181e-01   9.7856516e-01   2.9008451e+00   1.7844411e+00   4.4304953e+00   1.0431887e+00   7.6038271e-01   5.0826699e-01   5.1325917e-01   1.4232858e+00   1.0209199e+00   2.0559247e+00   2.0403759e+00   1.4822445e+00   1.6894636e+00   1.9473406e+00   2.1785138e+00   1.8392839e+00   6.5421081e-01   9.6872324e-01   8.2760823e-01   7.0423615e-01   5.3606975e-01
   1.5465779e+00   1.1230491e+00   8.1578821e-01   6.4365357e-01   5.6822860e-01   6.4075273e-01   7.6051676e-01   9.4138449e-01   1.0770967e+00   1.0661128e+00   1.7100712e+00   3.7044458e+00   1.1389909e+00   6.2974054e-01   1.0086621e+00   1.7853184e+00   1.1976314e+00   2.7988842e+00   8.9972913e-01   5.5344009e-01   5.0513601e-01   4.0733463e-01   8.8512379e-01   7.7574348e-01   9.6772546e-01   7.7275395e-01   7.1676826e-01   9.9880892e-01   1.5640823e+00   2.2954481e+00   2.3317058e+00   1.1875570e+00   2.2802410e+00   2.6329350e+00   2.4384253e+00   2.0186779e+00
   2.8319149e+00   2.4041197e+00   2.0614028e+00   1.9090947e+00   1.8949915e+00   2.0223806e+00   2.2305801e+00   2.4773621e+00   2.7416949e+00   2.8787363e+00   2.8149177e+00   3.1546199e+00   1.7399503e+00   6.1725317e-01   1.1490431e+00   2.2046978e+00   2.5951282e+00   2.2974181e+00   1.0202643e+00   9.0503855e-01   9.0167928e-01   7.8641540e-01   1.4184000e+00   1.3591602e+00   1.9267521e+00   2.1798522e+00   2.4823539e+00   2.7357152e+00   3.0922772e+00   3.3762808e+00   2.9012158e+00   2.6244489e+00   3.4597125e+00   3.8380804e+00   3.6471134e+00   3.2827466e+00
   3.4616508e+00   3.2823343e+00   3.1225834e+00   3.0553517e+00   3.1280808e+00   3.3256814e+00   3.6070464e+00   3.9127724e+00   4.2471352e+00   4.4700251e+00   4.3319688e+00   2.7894566e+00   1.6906204e+00   1.3725746e+00   2.4997065e+00   3.4750979e+00   4.0155797e+00   3.4957263e+00   1.7966099e+00   1.0913498e+00   1.4062246e+00   2.1455698e+00   2.8945627e+00   2.9997585e+00   3.5605874e+00   3.9110866e+00   4.1765327e+00   4.3484926e+00   4.3610730e+00   2.4504654e+00   1.6896310e+00   2.5099874e+00   2.2692068e+00   3.8979189e+00   3.6806612e+00   3.5943692e+00
   3.1926341e+00   3.2981233e+00   3.4106984e+00   3.5240528e+00   3.6992318e+00   3.9321980e+00   4.2587941e+00   4.5956732e+00   4.8890012e+00   5.0983689e+00   4.9794608e+00   3.5607977e+00   1.8954209e+00   2.4007228e+00   3.2708900e+00   3.8849475e+00   4.2715092e+00   4.2463291e+00   2.9470620e+00   1.9040179e+00   2.2769338e+00   3.1773169e+00   3.6488902e+00   3.8966839e+00   4.2966688e+00   4.6032472e+00   4.7980965e+00   4.7834776e+00   4.1108575e+00   1.7392729e+00   1.3696104e+00   1.4196070e+00   1.5606168e+00   2.6106233e+00   2.9971737e+00   3.0086202e+00
   2.4624784e+00   2.8148458e+00   3.0713923e+00   3.3004060e+00   3.5301418e+00   3.7863321e+00   4.0746927e+00   4.3539882e+00   4.5662818e+00   4.6599612e+00   4.6189070e+00   2.7713115e+00   2.0779219e+00   2.6475034e+00   3.0155079e+00   3.2552903e+00   3.4043374e+00   3.5791364e+00   3.7347193e+00   3.3221292e+00   3.0398030e+00   3.2925758e+00   3.4849129e+00   3.6623685e+00   3.8216655e+00   4.0517120e+00   4.2111487e+00   3.8687451e+00   1.6813124e+00   1.2923611e+00   1.2200912e+00   1.2052702e+00   1.2085342e+00   1.4560182e+00   1.9779323e+00   2.0715032e+00
   1.2674491e+00   1.5882531e+00   1.8894062e+00   2.2047896e+00   2.4381847e+00   2.6473768e+00   2.7795577e+00   2.8992147e+00   2.9825895e+00   2.9841967e+00   3.0006962e+00   2.1916950e+00   1.9058453e+00   1.8645139e+00   1.9026823e+00   1.8518547e+00   1.8020734e+00   1.9643615e+00   2.3209519e+00   2.4953859e+00   2.4586112e+00   2.3692265e+00   2.3578596e+00   2.3418851e+00   2.2929955e+00   2.3542006e+00   2.4298131e+00   2.3266037e+00   1.1344372e+00   8.2051384e-01   8.6230344e-01   4.7275394e-01   4.9827784e-01   7.0438528e-01   8.3051229e-01   9.3967783e-01
   3.7165648e-01   3.3438641e-01   5.4885316e-01   7.5237226e-01   9.9494922e-01   1.0810618e+00   1.0567076e+00   1.0123430e+00   8.7565547e-01   7.8787613e-01   8.5410047e-01   9.4661456e-01   9.1775107e-01   5.7415962e-01   5.7370466e-01   6.2178403e-01   4.9957874e-01   4.4140425e-01   5.6009805e-01   6.8284410e-01   7.8785747e-01   8.8799387e-01   9.8936486e-01   1.0803564e+00   1.0188286e+00   9.4362974e-01   8.9434659e-01   9.8237979e-01   8.5366428e-01   4.6894997e-01   4.9231851e-01   3.9213142e-01   2.9098761e-01   4.2363858e-01   9.5568275e-01   9.0078306e-01
   1.1927843e+00   1.0327657e+00   9.2742819e-01   9.3801224e-01   1.1058645e+00   1.2460924e+00   1.2669233e+00   1.2625011e+00   1.1705701e+00   1.3379378e+00   1.0461706e+00   1.2202945e+00   1.0442544e+00   7.3529780e-01   6.1040616e-01   6.5943849e-01   7.3591077e-01   8.4931278e-01   7.7369344e-01   7.6423573e-01   7.4528939e-01   9.0350878e-01   1.0855917e+00   1.4866058e+00   1.6880111e+00   1.7676163e+00   1.9315124e+00   1.9086747e+00   1.6777664e+00   1.3196669e+00   9.9282056e-01   1.0586133e+00   1.1014724e+00   7.6618290e-01   1.1864564e+00   1.3650383e+00
   1.1241831e+00   1.1303760e+00   1.1747005e+00   1.0941404e+00   1.0870169e+00   1.3150941e+00   1.5196270e+00   1.3961138e+00   1.3091975e+00   1.3747094e+00   1.0485123e+00   9.8122334e-01   9.6851671e-01   8.7813306e-01   9.0153307e-01   7.1697319e-01   7.0225519e-01   7.0317495e-01   8.2927954e-01   9.4033259e-01   7.4593765e-01   5.8241850e-01   5.2960485e-01   8.0141312e-01   1.0965742e+00   8.4860963e-01   7.7574581e-01   7.4539262e-01   1.0503298e+00   1.0926841e+00   7.7118123e-01   5.3264219e-01   7.3562723e-01   6.3794678e-01   5.7576847e-01   1.2237754e+00
