-START-OF-DATA-
1759.5 0.00029833
1769.5 0.00029833
1779.5 0.00029833
1789.5 0.00029833
1799.5 0.00029833
1809.5 0.00029833
1819.5 0.00029833
1829.5 0.00029833
1839.5 0.00029833
1849.5 0.00029833
1859.5 0.00029833
1869.5 0.00029833
1879.5 0.00029833
1889.5 0.00029833
1899.5 0.00029833
1909.5 0.00029833
1919.5 0.00029833
1929.5 0.00029833
1939.5 0.00029833
1949.5 0.000318
2949.5 0.000324
3949.5 0.000335
4949.5 0.00035
5949.5 0.000368
6949.5 0.000388
7949.5 0.000414
8949.5 0.000446
9949.5 0.000478
10949.5 0.000507
11949.5 0.000531
12949.5 0.000549
13949.5 0.000561
14949.5 0.000568
15949.5 0.000571
16949.5 0.000571
17949.5 0.000569
18949.5 0.000566
19949.5 0.000561
20949.5 0.000557
21949.5 0.000553
22949.5 0.000547
23949.5 0.000543
24949.5 0.000539
25949.5 0.000534
26949.5 0.00053
27949.5 0.000527
28949.5 0.000523
29949.5 0.000519
30949.5 0.000516
31949.5 0.000513
32949.5 0.00051
33949.5 0.000507
34949.5 0.000503
35949.5 0.000501
36949.5 0.000498
37949.5 0.000496
38949.5 0.000494
39949.5 0.00049
40949.5 0.000488
41949.5 0.000486
42949.5 0.000484
43949.5 0.000482
44949.5 0.000481
45949.5 0.000479
46949.5 0.000476
47949.5 0.000475
48949.5 0.000473
49949.5 0.000471
50949.5 0.00047
51949.5 0.000468
52949.5 0.000467
53949.5 0.000466
54949.5 0.000464
55949.5 0.000463
56949.5 0.000461
57949.5 0.000459
58949.5 0.000458
59949.5 0.000457
60949.5 0.000456
61949.5 0.000455
62949.5 0.000454
63949.5 0.000452
64949.5 0.000451
65949.5 0.00045
66949.5 0.000449
67949.5 0.000447
68949.5 0.000446
69949.5 0.000446
70949.5 0.000445
71949.5 0.000444
72949.5 0.000443
73949.5 0.000442
74949.5 0.000441
75949.5 0.00044
76949.5 0.00044
77949.5 0.000439
78949.5 0.000438
79949.5 0.000437
80949.5 0.000437
81949.5 0.000436
82949.5 0.000435
83949.5 0.000434
84949.5 0.000434
85949.5 0.000432
86949.5 0.000431
87949.5 0.000431
88949.5 0.00043
89949.5 0.00043
90949.5 0.000429
91949.5 0.000428
92949.5 0.000428
93949.5 0.000427
94949.5 0.000427
95949.5 0.000426
96949.5 0.000425
97949.5 0.000425
98949.5 0.000424
99949.5 0.000424
100949.5 0.000423
101949.5 0.000423
102949.5 0.000422
103949.5 0.000422
104949.5 0.000421
105949.5 0.000421
106949.5 0.00042
107949.5 0.00042
108949.5 0.00042
109949.5 0.000419
110949.5 0.000419
111949.5 0.000417
112949.5 0.000417
113949.5 0.000416
114949.5 0.000416
115949.5 0.000415
116949.5 0.000415
117949.5 0.000415
118949.5 0.000414
119949.5 0.000414
120949.5 0.000414
121949.5 0.000413
122949.5 0.000413
123949.5 0.000412
124949.5 0.000412
125949.5 0.000412
126949.5 0.000411
127949.5 0.000411
128949.5 0.000411
129949.5 0.00041
130949.5 0.00041
131949.5 0.00041
132949.5 0.000409
133949.5 0.000409
134949.5 0.000409
135949.5 0.000408
136949.5 0.000408
137949.5 0.000408
138949.5 0.000407
139949.5 0.000407
140949.5 0.000407
141949.5 0.000407
142949.5 0.000406
143949.5 0.000406
144949.5 0.000406
145949.5 0.000405
146949.5 0.000405
147949.5 0.000405
148949.5 0.000405
149949.5 0.000403
150949.5 0.000403
151949.5 0.000403
152949.5 0.000402
153949.5 0.000402
154949.5 0.000402
155949.5 0.000402
156949.5 0.000401
157949.5 0.000401
158949.5 0.000401
159949.5 4e-04
160949.5 4e-04
161949.5 4e-04
162949.5 4e-04
163949.5 0.000399
164949.5 0.000399
165949.5 0.000399
166949.5 0.000399
167949.5 0.000398
168949.5 0.000398
169949.5 0.000398
170949.5 0.000398
171949.5 0.000397
172949.5 0.000397
173949.5 0.000397
174949.5 0.000397
175949.5 0.000396
176949.5 0.000396
177949.5 0.000396
178949.5 0.000395
179949.5 0.000395
180949.5 0.000395
181949.5 0.000395
182949.5 0.000394
183949.5 0.000394
184949.5 0.000394
185949.5 0.000394
186949.5 0.000393
187949.5 0.000393
188949.5 0.000393
189949.5 0.000393
190949.5 0.000392
191949.5 0.000392
192949.5 0.000392
193949.5 0.000392
194949.5 0.000391
195949.5 0.000391
196949.5 0.000391
197949.5 0.000391
198949.5 0.00039
199949.5 0.00039
200949.5 0.00039
201949.5 0.00039
202949.5 0.000388
203949.5 0.000388
204949.5 0.000388
205949.5 0.000388
206949.5 0.000388
207949.5 0.000387
208949.5 0.000387
209949.5 0.000387
210949.5 0.000387
211949.5 0.000386
212949.5 0.000386
213949.5 0.000386
214949.5 0.000386
215949.5 0.000386
216949.5 0.000385
217949.5 0.000385
218949.5 0.000385
219949.5 0.000385
220949.5 0.000385
221949.5 0.000384
222949.5 0.000384
223949.5 0.000384
224949.5 0.000384
225949.5 0.000383
226949.5 0.000383
227949.5 0.000383
228949.5 0.000383
229949.5 0.000383
230949.5 0.000383
231949.5 0.000382
232949.5 0.000382
233949.5 0.000382
234949.5 0.000382
235949.5 0.000382
236949.5 0.000381
237949.5 0.000381
238949.5 0.000381
239949.5 0.000381
240949.5 0.000381
241949.5 0.000381
242949.5 0.00038
243949.5 0.00038
244949.5 0.00038
245949.5 0.00038
246949.5 0.00038
247949.5 0.000379
248949.5 0.000379
249949.5 0.000379
250949.5 0.000379
251949.5 0.000379
252949.5 0.000379
253949.5 0.000379
254949.5 0.000378
255949.5 0.000378
256949.5 0.000378
257949.5 0.000378
258949.5 0.000378
259949.5 0.000378
260949.5 0.000377
261949.5 0.000377
262949.5 0.000377
263949.5 0.000377
264949.5 0.000377
265949.5 0.000377
266949.5 0.000377
267949.5 0.000376
268949.5 0.000376
269949.5 0.000376
270949.5 0.000376
271949.5 0.000376
272949.5 0.000376
273949.5 0.000376
274949.5 0.000376
275949.5 0.000375
276949.5 0.000375
277949.5 0.000375
278949.5 0.000375
279949.5 0.000375
280949.5 0.000375
281949.5 0.000375
282949.5 0.000375
283949.5 0.000373
284949.5 0.000373
285949.5 0.000373
286949.5 0.000373
287949.5 0.000373
288949.5 0.000373
289949.5 0.000373
290949.5 0.000373
291949.5 0.000372
292949.5 0.000372
293949.5 0.000372
294949.5 0.000372
295949.5 0.000372
296949.5 0.000372
297949.5 0.000372
298949.5 0.000372
299949.5 0.000372
300949.5 0.000372
301949.5 0.000371
302949.5 0.000371
303949.5 0.000371
304949.5 0.000371
305949.5 0.000371
306949.5 0.000371
307949.5 0.000371
308949.5 0.000371
309949.5 0.000371
310949.5 0.000371
311949.5 0.00037
312949.5 0.00037
313949.5 0.00037
314949.5 0.00037
315949.5 0.00037
316949.5 0.00037
317949.5 0.00037
318949.5 0.00037
319949.5 0.00037
320949.5 0.00037
321949.5 0.00037
322949.5 0.00037
323949.5 0.000369
324949.5 0.000369
325949.5 0.000369
326949.5 0.000369
327949.5 0.000369
328949.5 0.000369
329949.5 0.000369
330949.5 0.000369
331949.5 0.000369
332949.5 0.000369
333949.5 0.000369
334949.5 0.000369
335949.5 0.000369
336949.5 0.000368
337949.5 0.000368
338949.5 0.000368
339949.5 0.000368
340949.5 0.000368
341949.5 0.000368
342949.5 0.000368
343949.5 0.000368
344949.5 0.000368
345949.5 0.000368
346949.5 0.000368
347949.5 0.000368
348949.5 0.000368
349949.5 0.000368
350949.5 0.000368
351949.5 0.000367
352949.5 0.000367
353949.5 0.000367
354949.5 0.000367
355949.5 0.000367
356949.5 0.000367
357949.5 0.000367
358949.5 0.000367
359949.5 0.000367
360949.5 0.000367
361949.5 0.000367
362949.5 0.000367
363949.5 0.000367
364949.5 0.000367
365949.5 0.000367
366949.5 0.000367
367949.5 0.000366
368949.5 0.000366
369949.5 0.000366
370949.5 0.000366
371949.5 0.000366
372949.5 0.000366
373949.5 0.000366
374949.5 0.000366
375949.5 0.000366
376949.5 0.000366
377949.5 0.000366
378949.5 0.000366
379949.5 0.000366
380949.5 0.000366
381949.5 0.000366
382949.5 0.000366
383949.5 0.000365
384949.5 0.000365
385949.5 0.000365
386949.5 0.000365
387949.5 0.000365
388949.5 0.000365
389949.5 0.000365
390949.5 0.000365
391949.5 0.000365
392949.5 0.000365
393949.5 0.000365
394949.5 0.000365
395949.5 0.000365
396949.5 0.000365
397949.5 0.000365
398949.5 0.000365
399949.5 0.000365
400949.5 0.000365
401949.5 0.000364
402949.5 0.000364
403949.5 0.000364
404949.5 0.000364
405949.5 0.000364
406949.5 0.000364
407949.5 0.000364
408949.5 0.000364
409949.5 0.000364
410949.5 0.000364
411949.5 0.000364
412949.5 0.000364
413949.5 0.000364
414949.5 0.000364
415949.5 0.000364
416949.5 0.000364
417949.5 0.000364
418949.5 0.000364
419949.5 0.000363
420949.5 0.000363
421949.5 0.000363
422949.5 0.000363
423949.5 0.000363
424949.5 0.000363
425949.5 0.000363
426949.5 0.000363
427949.5 0.000363
428949.5 0.000363
429949.5 0.000363
430949.5 0.000363
431949.5 0.000363
432949.5 0.000363
433949.5 0.000363
434949.5 0.000363
435949.5 0.000363
436949.5 0.000363
437949.5 0.000363
438949.5 0.000362
439949.5 0.000362
440949.5 0.000362
441949.5 0.000362
442949.5 0.000362
443949.5 0.000362
444949.5 0.000362
445949.5 0.000362
446949.5 0.000362
447949.5 0.000362
448949.5 0.000362
449949.5 0.000362
450949.5 0.000362
451949.5 0.000362
452949.5 0.000362
453949.5 0.000362
454949.5 0.000362
455949.5 0.000362
456949.5 0.000362
457949.5 0.000362
458949.5 0.000362
459949.5 0.000361
460949.5 0.000361
461949.5 0.000361
462949.5 0.000361
463949.5 0.000361
464949.5 0.000361
465949.5 0.000361
466949.5 0.000361
467949.5 0.000361
468949.5 0.000361
469949.5 0.000361
470949.5 0.000361
471949.5 0.000361
472949.5 0.000361
473949.5 0.000361
474949.5 0.000361
475949.5 0.000361
476949.5 0.000361
477949.5 0.000361
478949.5 0.000361
479949.5 0.000361
480949.5 0.000361
481949.5 0.000361
482949.5 0.000359
483949.5 0.000359
484949.5 0.000359
485949.5 0.000359
486949.5 0.000359
487949.5 0.000359
488949.5 0.000359
489949.5 0.000359
490949.5 0.000359
491949.5 0.000359
492949.5 0.000359
493949.5 0.000359
494949.5 0.000359
495949.5 0.000359
496949.5 0.000359
497949.5 0.000359
498949.5 0.000359
499949.5 0.000359
500949.5 0.000359
501949.5 0.000359
502949.5 0.000359
503949.5 0.000359
504949.5 0.000359
505949.5 0.000359
506949.5 0.000358
507949.5 0.000358
508949.5 0.000358
509949.5 0.000358
510949.5 0.000358
511949.5 0.000358
512949.5 0.000358
513949.5 0.000358
514949.5 0.000358
515949.5 0.000358
516949.5 0.000358
517949.5 0.000358
518949.5 0.000358
519949.5 0.000358
520949.5 0.000358
521949.5 0.000358
522949.5 0.000358
523949.5 0.000358
524949.5 0.000358
525949.5 0.000358
526949.5 0.000358
527949.5 0.000358
528949.5 0.000358
529949.5 0.000358
530949.5 0.000358
531949.5 0.000357
532949.5 0.000357
533949.5 0.000357
534949.5 0.000357
535949.5 0.000357
536949.5 0.000357
537949.5 0.000357
538949.5 0.000357
539949.5 0.000357
540949.5 0.000357
541949.5 0.000357
542949.5 0.000357
543949.5 0.000357
544949.5 0.000357
545949.5 0.000357
546949.5 0.000357
547949.5 0.000357
548949.5 0.000357
549949.5 0.000357
550949.5 0.000357
551949.5 0.000357
552949.5 0.000357
553949.5 0.000357
554949.5 0.000357
555949.5 0.000356
556949.5 0.000356
557949.5 0.000356
558949.5 0.000356
559949.5 0.000356
560949.5 0.000356
561949.5 0.000356
562949.5 0.000356
563949.5 0.000356
564949.5 0.000356
565949.5 0.000356
566949.5 0.000356
567949.5 0.000356
568949.5 0.000356
569949.5 0.000356
570949.5 0.000356
571949.5 0.000356
572949.5 0.000356
573949.5 0.000356
574949.5 0.000356
575949.5 0.000356
576949.5 0.000356
577949.5 0.000356
578949.5 0.000356
579949.5 0.000355
580949.5 0.000355
581949.5 0.000355
582949.5 0.000355
583949.5 0.000355
584949.5 0.000355
585949.5 0.000355
586949.5 0.000355
587949.5 0.000355
588949.5 0.000355
589949.5 0.000355
590949.5 0.000355
591949.5 0.000355
592949.5 0.000355
593949.5 0.000355
594949.5 0.000355
595949.5 0.000355
596949.5 0.000355
597949.5 0.000355
598949.5 0.000355
599949.5 0.000355
600949.5 0.000355
601949.5 0.000355
602949.5 0.000355
603949.5 0.000355
604949.5 0.000355
605949.5 0.000355
606949.5 0.000354
607949.5 0.000354
608949.5 0.000354
609949.5 0.000354
610949.5 0.000354
611949.5 0.000354
612949.5 0.000354
613949.5 0.000354
614949.5 0.000354
615949.5 0.000354
616949.5 0.000354
617949.5 0.000354
618949.5 0.000354
619949.5 0.000354
620949.5 0.000354
621949.5 0.000354
622949.5 0.000354
623949.5 0.000354
624949.5 0.000354
625949.5 0.000354
626949.5 0.000354
627949.5 0.000354
628949.5 0.000354
629949.5 0.000354
630949.5 0.000354
631949.5 0.000354
632949.5 0.000354
633949.5 0.000354
634949.5 0.000354
635949.5 0.000354
636949.5 0.000354
637949.5 0.000353
638949.5 0.000353
639949.5 0.000353
640949.5 0.000353
641949.5 0.000353
642949.5 0.000353
643949.5 0.000353
644949.5 0.000353
645949.5 0.000353
646949.5 0.000353
647949.5 0.000353
648949.5 0.000353
649949.5 0.000353
650949.5 0.000353
651949.5 0.000353
652949.5 0.000353
653949.5 0.000353
654949.5 0.000353
655949.5 0.000353
656949.5 0.000353
657949.5 0.000353
658949.5 0.000353
659949.5 0.000353
660949.5 0.000353
661949.5 0.000353
662949.5 0.000353
663949.5 0.000353
664949.5 0.000353
665949.5 0.000353
666949.5 0.000353
667949.5 0.000353
668949.5 0.000353
669949.5 0.000352
670949.5 0.000352
671949.5 0.000352
672949.5 0.000352
673949.5 0.000352
674949.5 0.000352
675949.5 0.000352
676949.5 0.000352
677949.5 0.000352
678949.5 0.000352
679949.5 0.000352
680949.5 0.000352
681949.5 0.000352
682949.5 0.000352
683949.5 0.000352
684949.5 0.000352
685949.5 0.000352
686949.5 0.000352
687949.5 0.000352
688949.5 0.000352
689949.5 0.000352
690949.5 0.000352
691949.5 0.000352
692949.5 0.000352
693949.5 0.000352
694949.5 0.000352
695949.5 0.000352
696949.5 0.000352
697949.5 0.000352
698949.5 0.000352
699949.5 0.000352
700949.5 0.000352
701949.5 0.000352
702949.5 0.000351
703949.5 0.000351
704949.5 0.000351
705949.5 0.000351
706949.5 0.000351
707949.5 0.000351
708949.5 0.000351
709949.5 0.000351
710949.5 0.000351
711949.5 0.000351
712949.5 0.000351
713949.5 0.000351
714949.5 0.000351
715949.5 0.000351
716949.5 0.000351
717949.5 0.000351
718949.5 0.000351
719949.5 0.000351
720949.5 0.000351
721949.5 0.000351
722949.5 0.000351
723949.5 0.000351
724949.5 0.000351
725949.5 0.000351
726949.5 0.000351
727949.5 0.000351
728949.5 0.000351
729949.5 0.000351
730949.5 0.000351
731949.5 0.000351
732949.5 0.000351
733949.5 0.00035
734949.5 0.00035
735949.5 0.00035
736949.5 0.00035
737949.5 0.00035
738949.5 0.00035
739949.5 0.00035
740949.5 0.00035
741949.5 0.00035
742949.5 0.00035
743949.5 0.00035
744949.5 0.00035
745949.5 0.00035
746949.5 0.00035
747949.5 0.00035
748949.5 0.00035
749949.5 0.00035
750949.5 0.00035
751949.5 0.00035
752949.5 0.00035
753949.5 0.00035
754949.5 0.00035
755949.5 0.00035
756949.5 0.00035
757949.5 0.00035
758949.5 0.00035
759949.5 0.00035
760949.5 0.00035
761949.5 0.00035
762949.5 0.00035
763949.5 0.00035
764949.5 0.00035
765949.5 0.00035
766949.5 0.00035
767949.5 0.000349
768949.5 0.000349
769949.5 0.000349
770949.5 0.000349
771949.5 0.000349
772949.5 0.000349
773949.5 0.000349
774949.5 0.000349
775949.5 0.000349
776949.5 0.000349
777949.5 0.000349
778949.5 0.000349
779949.5 0.000349
780949.5 0.000349
781949.5 0.000349
782949.5 0.000349
783949.5 0.000349
784949.5 0.000349
785949.5 0.000349
786949.5 0.000349
787949.5 0.000349
788949.5 0.000349
789949.5 0.000349
790949.5 0.000349
791949.5 0.000349
792949.5 0.000349
793949.5 0.000349
794949.5 0.000349
795949.5 0.000349
796949.5 0.000349
797949.5 0.000349
798949.5 0.000349
799949.5 0.000349
800949.5 0.000349
801949.5 0.000349
802949.5 0.000349
803949.5 0.000349
804949.5 0.000349
805949.5 0.000348
806949.5 0.000348
807949.5 0.000348
808949.5 0.000348
809949.5 0.000348
810949.5 0.000348
811949.5 0.000348
812949.5 0.000348
813949.5 0.000348
814949.5 0.000348
815949.5 0.000348
816949.5 0.000348
817949.5 0.000348
818949.5 0.000348
819949.5 0.000348
820949.5 0.000348
821949.5 0.000348
822949.5 0.000348
823949.5 0.000348
824949.5 0.000348
825949.5 0.000348
826949.5 0.000348
827949.5 0.000348
828949.5 0.000348
829949.5 0.000348
830949.5 0.000348
831949.5 0.000348
832949.5 0.000348
833949.5 0.000348
834949.5 0.000348
835949.5 0.000348
836949.5 0.000348
837949.5 0.000348
838949.5 0.000348
839949.5 0.000348
840949.5 0.000348
841949.5 0.000348
842949.5 0.000348
843949.5 0.000348
844949.5 0.000347
845949.5 0.000347
846949.5 0.000347
847949.5 0.000347
848949.5 0.000347
849949.5 0.000347
850949.5 0.000347
851949.5 0.000347
852949.5 0.000347
853949.5 0.000347
854949.5 0.000347
855949.5 0.000347
856949.5 0.000347
857949.5 0.000347
858949.5 0.000347
859949.5 0.000347
860949.5 0.000347
861949.5 0.000347
862949.5 0.000347
863949.5 0.000347
864949.5 0.000347
865949.5 0.000347
866949.5 0.000347
867949.5 0.000347
868949.5 0.000347
869949.5 0.000347
870949.5 0.000347
871949.5 0.000347
872949.5 0.000347
873949.5 0.000347
874949.5 0.000347
875949.5 0.000347
876949.5 0.000347
877949.5 0.000347
878949.5 0.000347
879949.5 0.000347
880949.5 0.000347
881949.5 0.000347
882949.5 0.000347
883949.5 0.000347
884949.5 0.000347
885949.5 0.000347
886949.5 0.000347
887949.5 0.000347
888949.5 0.000347
889949.5 0.000347
890949.5 0.000347
891949.5 0.000347
892949.5 0.000346
893949.5 0.000346
894949.5 0.000346
895949.5 0.000346
896949.5 0.000346
897949.5 0.000346
898949.5 0.000346
899949.5 0.000346
900949.5 0.000346
901949.5 0.000346
902949.5 0.000346
903949.5 0.000346
904949.5 0.000346
905949.5 0.000346
906949.5 0.000346
907949.5 0.000346
908949.5 0.000346
909949.5 0.000346
910949.5 0.000346
911949.5 0.000346
912949.5 0.000346
913949.5 0.000346
914949.5 0.000346
915949.5 0.000346
916949.5 0.000346
917949.5 0.000346
918949.5 0.000346
919949.5 0.000346
920949.5 0.000346
921949.5 0.000346
922949.5 0.000346
923949.5 0.000346
924949.5 0.000346
925949.5 0.000346
926949.5 0.000346
927949.5 0.000346
928949.5 0.000346
929949.5 0.000346
930949.5 0.000346
931949.5 0.000346
932949.5 0.000346
933949.5 0.000346
934949.5 0.000346
935949.5 0.000346
936949.5 0.000346
937949.5 0.000346
938949.5 0.000346
939949.5 0.000346
940949.5 0.000346
941949.5 0.000346
942949.5 0.000346
943949.5 0.000346
944949.5 0.000346
945949.5 0.000346
946949.5 0.000344
947949.5 0.000344
948949.5 0.000344
949949.5 0.000344
950949.5 0.000344
951949.5 0.000344
952949.5 0.000344
953949.5 0.000344
954949.5 0.000344
955949.5 0.000344
956949.5 0.000344
957949.5 0.000344
958949.5 0.000344
959949.5 0.000344
960949.5 0.000344
961949.5 0.000344
962949.5 0.000344
963949.5 0.000344
964949.5 0.000344
965949.5 0.000344
966949.5 0.000344
967949.5 0.000344
968949.5 0.000344
969949.5 0.000344
970949.5 0.000344
971949.5 0.000344
972949.5 0.000344
973949.5 0.000344
974949.5 0.000344
975949.5 0.000344
976949.5 0.000344
977949.5 0.000344
978949.5 0.000344
979949.5 0.000344
980949.5 0.000344
981949.5 0.000344
982949.5 0.000344
983949.5 0.000344
984949.5 0.000344
985949.5 0.000344
986949.5 0.000344
987949.5 0.000344
988949.5 0.000344
989949.5 0.000344
990949.5 0.000344
991949.5 0.000344
992949.5 0.000344
993949.5 0.000344
994949.5 0.000344
995949.5 0.000344
996949.5 0.000344
997949.5 0.000344
998949.5 0.000344
999949.5 0.000344
1000949.5 0.000344
1001949.5 0.000344
1002949.5 0.000344
1003949.5 0.000344
1004949.5 0.000344
1005949.5 0.000343
1006949.5 0.000343
1007949.5 0.000343
99999806900 0.000298
-END-OF-DATA-
