  3.531996e-01
  3.476193e-01
  3.200186e-01
  3.061523e-01
  2.930778e-01
  2.775531e-01
  2.712267e-01
  2.607178e-01
  2.536708e-01
  2.477237e-01
  2.410022e-01
  2.432309e-01
  2.454748e-01
  2.416027e-01
  2.400821e-01
  2.400009e-01
  2.331052e-01
  2.182994e-01
  2.199673e-01
  2.377831e-01
  2.472889e-01
  2.537753e-01
  2.547229e-01
  2.501927e-01
  2.467275e-01
  2.441520e-01
  2.499390e-01
  2.585000e-01
  2.680841e-01
  2.712884e-01
  2.715204e-01
  2.867910e-01
  3.048764e-01
  3.269379e-01
  3.549901e-01
  3.971442e-01
