-START-OF-DATA-
1759.5 0.00026165
1769.5 0.00026165
1779.5 0.00026165
1789.5 0.00026165
1799.5 0.00026165
1809.5 0.00026165
1819.5 0.00026165
1829.5 0.00026165
1839.5 0.00026165
1849.5 0.00026165
1859.5 0.00026165
1869.5 0.00026165
1879.5 0.00026165
1889.5 0.00026165
1899.5 0.00026165
1909.5 0.00026165
1919.5 0.00026165
1929.5 0.00026165
1939.5 0.00026165
1949.5 0.000279
2949.5 0.000284
3949.5 0.000294
4949.5 0.000307
5949.5 0.000323
6949.5 0.000341
7949.5 0.000363
8949.5 0.000393
9949.5 0.00043
10949.5 0.000474
11949.5 0.000527
12949.5 0.000585
13949.5 0.000649
14949.5 0.000716
15949.5 0.000782
16949.5 0.000845
17949.5 0.000902
18949.5 0.000951
19949.5 0.000988
20949.5 0.001016
21949.5 0.001045
22949.5 0.001064
23949.5 0.001073
24949.5 0.001073
25949.5 0.001082
26949.5 0.001082
27949.5 0.001073
28949.5 0.001073
29949.5 0.001064
30949.5 0.001064
31949.5 0.001054
32949.5 0.001054
33949.5 0.001045
34949.5 0.001035
35949.5 0.001026
36949.5 0.001026
37949.5 0.001016
38949.5 0.001007
39949.5 0.001007
40949.5 0.000998
41949.5 0.000988
42949.5 0.000988
43949.5 0.000979
44949.5 0.000979
45949.5 0.000969
46949.5 0.00096
47949.5 0.00096
48949.5 0.000951
49949.5 0.000951
50949.5 0.000941
51949.5 0.000938
52949.5 0.000934
53949.5 0.000929
54949.5 0.000924
55949.5 0.00092
56949.5 0.000915
57949.5 0.00091
58949.5 0.000906
59949.5 0.000902
60949.5 0.000898
61949.5 0.000893
62949.5 0.000889
63949.5 0.000886
64949.5 0.000882
65949.5 0.000877
66949.5 0.000873
67949.5 0.00087
68949.5 0.000866
69949.5 0.000862
70949.5 0.000859
71949.5 0.000856
72949.5 0.000852
73949.5 0.000848
74949.5 0.000845
75949.5 0.000841
76949.5 0.000839
77949.5 0.000835
78949.5 0.000832
79949.5 0.000828
80949.5 0.000825
81949.5 0.000823
82949.5 0.000819
83949.5 0.000816
84949.5 0.000813
85949.5 0.00081
86949.5 0.000808
87949.5 0.000805
88949.5 0.000802
89949.5 0.000799
90949.5 0.000796
91949.5 0.000793
92949.5 0.000791
93949.5 0.000788
94949.5 0.000785
95949.5 0.000782
96949.5 0.000779
97949.5 0.000777
98949.5 0.000775
99949.5 0.000772
100949.5 0.00077
101949.5 0.000767
102949.5 0.000764
103949.5 0.000762
104949.5 0.00076
105949.5 0.000758
106949.5 0.000755
107949.5 0.000753
108949.5 0.00075
109949.5 0.000748
110949.5 0.000745
111949.5 0.000744
112949.5 0.000742
113949.5 0.000739
114949.5 0.000737
115949.5 0.000735
116949.5 0.000733
117949.5 0.00073
118949.5 0.000728
119949.5 0.000727
120949.5 0.000725
121949.5 0.000722
122949.5 0.00072
123949.5 0.000718
124949.5 0.000716
125949.5 0.000714
126949.5 0.000712
127949.5 0.000711
128949.5 0.000709
129949.5 0.000707
130949.5 0.000705
131949.5 0.000703
132949.5 0.000701
133949.5 0.000699
134949.5 0.000697
135949.5 0.000696
136949.5 0.000694
137949.5 0.000692
138949.5 0.00069
139949.5 0.000688
140949.5 0.000687
141949.5 0.000685
142949.5 0.000683
143949.5 0.000681
144949.5 0.00068
145949.5 0.000678
146949.5 0.000677
147949.5 0.000675
148949.5 0.000673
149949.5 0.000671
150949.5 0.000669
151949.5 0.000668
152949.5 0.000666
153949.5 0.000664
154949.5 0.000664
155949.5 0.000662
156949.5 0.00066
157949.5 0.000659
158949.5 0.000657
159949.5 0.000655
160949.5 0.000654
161949.5 0.000652
162949.5 0.000651
163949.5 0.000649
164949.5 0.000648
165949.5 0.000647
166949.5 0.000646
167949.5 0.000644
168949.5 0.000643
169949.5 0.000641
170949.5 0.00064
171949.5 0.000638
172949.5 0.000637
173949.5 0.000636
174949.5 0.000634
175949.5 0.000633
176949.5 0.000632
177949.5 0.000631
178949.5 0.00063
179949.5 0.000628
180949.5 0.000627
181949.5 0.000626
182949.5 0.000625
183949.5 0.000623
184949.5 0.000622
185949.5 0.000621
186949.5 0.00062
187949.5 0.000618
188949.5 0.000617
189949.5 0.000616
190949.5 0.000616
191949.5 0.000615
192949.5 0.000613
193949.5 0.000612
194949.5 0.000611
195949.5 0.00061
196949.5 0.000609
197949.5 0.000608
198949.5 0.000607
199949.5 0.000606
200949.5 0.000604
201949.5 0.000603
202949.5 0.000602
203949.5 0.000601
204949.5 6e-04
205949.5 6e-04
206949.5 0.000599
207949.5 0.000598
208949.5 0.000597
209949.5 0.000596
210949.5 0.000595
211949.5 0.000594
212949.5 0.000593
213949.5 0.000592
214949.5 0.000591
215949.5 0.00059
216949.5 0.000589
217949.5 0.000588
218949.5 0.000588
219949.5 0.000587
220949.5 0.000586
221949.5 0.000585
222949.5 0.000584
223949.5 0.000584
224949.5 0.000583
225949.5 0.000582
226949.5 0.000582
227949.5 0.000581
228949.5 0.00058
229949.5 0.000579
230949.5 0.000578
231949.5 0.000577
232949.5 0.000577
233949.5 0.000576
234949.5 0.000575
235949.5 0.000574
236949.5 0.000574
237949.5 0.000573
238949.5 0.000572
239949.5 0.000571
240949.5 0.000571
241949.5 0.00057
242949.5 0.000569
243949.5 0.000568
244949.5 0.000568
245949.5 0.000568
246949.5 0.000567
247949.5 0.000567
248949.5 0.000566
249949.5 0.000565
250949.5 0.000565
251949.5 0.000564
252949.5 0.000563
253949.5 0.000563
254949.5 0.000562
255949.5 0.000561
256949.5 0.000561
257949.5 0.00056
258949.5 0.000559
259949.5 0.000559
260949.5 0.000558
261949.5 0.000558
262949.5 0.000557
263949.5 0.000556
264949.5 0.000556
265949.5 0.000555
266949.5 0.000555
267949.5 0.000554
268949.5 0.000553
269949.5 0.000553
270949.5 0.000552
271949.5 0.000552
272949.5 0.000552
273949.5 0.000552
274949.5 0.000551
275949.5 0.00055
276949.5 0.00055
277949.5 0.000549
278949.5 0.000549
279949.5 0.000548
280949.5 0.000548
281949.5 0.000547
282949.5 0.000547
283949.5 0.000546
284949.5 0.000546
285949.5 0.000545
286949.5 0.000545
287949.5 0.000544
288949.5 0.000544
289949.5 0.000543
290949.5 0.000543
291949.5 0.000542
292949.5 0.000542
293949.5 0.000541
294949.5 0.000541
295949.5 0.00054
296949.5 0.00054
297949.5 0.000539
298949.5 0.000539
299949.5 0.000538
300949.5 0.000538
301949.5 0.000537
302949.5 0.000537
303949.5 0.000536
304949.5 0.000536
305949.5 0.000536
306949.5 0.000536
307949.5 0.000535
308949.5 0.000535
309949.5 0.000534
310949.5 0.000534
311949.5 0.000534
312949.5 0.000533
313949.5 0.000533
314949.5 0.000532
315949.5 0.000532
316949.5 0.000531
317949.5 0.000531
318949.5 0.00053
319949.5 0.00053
320949.5 0.000529
321949.5 0.000529
322949.5 0.000529
323949.5 0.000528
324949.5 0.000528
325949.5 0.000527
326949.5 0.000527
327949.5 0.000526
328949.5 0.000526
329949.5 0.000526
330949.5 0.000525
331949.5 0.000525
332949.5 0.000524
333949.5 0.000524
334949.5 0.000523
335949.5 0.000523
336949.5 0.000523
337949.5 0.000522
338949.5 0.000522
339949.5 0.000521
340949.5 0.000521
341949.5 0.00052
342949.5 0.00052
343949.5 0.00052
344949.5 0.00052
345949.5 0.00052
346949.5 0.000519
347949.5 0.000519
348949.5 0.000518
349949.5 0.000518
350949.5 0.000518
351949.5 0.000517
352949.5 0.000517
353949.5 0.000516
354949.5 0.000516
355949.5 0.000515
356949.5 0.000515
357949.5 0.000515
358949.5 0.000514
359949.5 0.000514
360949.5 0.000513
361949.5 0.000513
362949.5 0.000513
363949.5 0.000512
364949.5 0.000512
365949.5 0.000511
366949.5 0.000511
367949.5 0.000511
368949.5 0.00051
369949.5 0.00051
370949.5 0.000509
371949.5 0.000509
372949.5 0.000508
373949.5 0.000508
374949.5 0.000508
375949.5 0.000507
376949.5 0.000507
377949.5 0.000506
378949.5 0.000506
379949.5 0.000506
380949.5 0.000505
381949.5 0.000505
382949.5 0.000504
383949.5 0.000504
384949.5 0.000504
385949.5 0.000504
386949.5 0.000504
387949.5 0.000503
388949.5 0.000503
389949.5 0.000503
390949.5 0.000502
391949.5 0.000502
392949.5 0.000502
393949.5 0.000501
394949.5 0.000501
395949.5 5e-04
396949.5 5e-04
397949.5 5e-04
398949.5 0.000499
399949.5 0.000499
400949.5 0.000499
401949.5 0.000498
402949.5 0.000498
403949.5 0.000498
404949.5 0.000497
405949.5 0.000497
406949.5 0.000496
407949.5 0.000496
408949.5 0.000496
409949.5 0.000495
410949.5 0.000495
411949.5 0.000495
412949.5 0.000494
413949.5 0.000494
414949.5 0.000494
415949.5 0.000493
416949.5 0.000493
417949.5 0.000492
418949.5 0.000492
419949.5 0.000492
420949.5 0.000491
421949.5 0.000491
422949.5 0.000491
423949.5 0.00049
424949.5 0.00049
425949.5 0.00049
426949.5 0.000489
427949.5 0.000489
428949.5 0.000489
429949.5 0.000488
430949.5 0.000488
431949.5 0.000488
432949.5 0.000488
433949.5 0.000488
434949.5 0.000488
435949.5 0.000487
436949.5 0.000487
437949.5 0.000487
438949.5 0.000486
439949.5 0.000486
440949.5 0.000486
441949.5 0.000485
442949.5 0.000485
443949.5 0.000485
444949.5 0.000484
445949.5 0.000484
446949.5 0.000484
447949.5 0.000483
448949.5 0.000483
449949.5 0.000483
450949.5 0.000482
451949.5 0.000482
452949.5 0.000482
453949.5 0.000481
454949.5 0.000481
455949.5 0.000481
456949.5 0.00048
457949.5 0.00048
458949.5 0.00048
459949.5 0.00048
460949.5 0.000479
461949.5 0.000479
462949.5 0.000479
463949.5 0.000478
464949.5 0.000478
465949.5 0.000478
466949.5 0.000477
467949.5 0.000477
468949.5 0.000477
469949.5 0.000477
470949.5 0.000476
471949.5 0.000476
472949.5 0.000476
473949.5 0.000476
474949.5 0.000475
475949.5 0.000475
476949.5 0.000475
477949.5 0.000474
478949.5 0.000474
479949.5 0.000474
480949.5 0.000474
481949.5 0.000473
482949.5 0.000473
483949.5 0.000473
484949.5 0.000473
485949.5 0.000472
486949.5 0.000472
487949.5 0.000472
488949.5 0.000472
489949.5 0.000472
490949.5 0.000472
491949.5 0.000472
492949.5 0.000471
493949.5 0.000471
494949.5 0.000471
495949.5 0.000471
496949.5 0.00047
497949.5 0.00047
498949.5 0.00047
499949.5 0.00047
500949.5 0.000469
501949.5 0.000469
502949.5 0.000469
503949.5 0.000469
504949.5 0.000468
505949.5 0.000468
506949.5 0.000468
507949.5 0.000468
508949.5 0.000467
509949.5 0.000467
510949.5 0.000467
511949.5 0.000467
512949.5 0.000466
513949.5 0.000466
514949.5 0.000466
515949.5 0.000466
516949.5 0.000465
517949.5 0.000465
518949.5 0.000465
519949.5 0.000465
520949.5 0.000464
521949.5 0.000464
522949.5 0.000464
523949.5 0.000464
524949.5 0.000464
525949.5 0.000463
526949.5 0.000463
527949.5 0.000463
528949.5 0.000463
529949.5 0.000462
530949.5 0.000462
531949.5 0.000462
532949.5 0.000462
533949.5 0.000462
534949.5 0.000461
535949.5 0.000461
536949.5 0.000461
537949.5 0.000461
538949.5 0.00046
539949.5 0.00046
540949.5 0.00046
541949.5 0.00046
542949.5 0.00046
543949.5 0.000459
544949.5 0.000459
545949.5 0.000459
546949.5 0.000459
547949.5 0.000458
548949.5 0.000458
549949.5 0.000458
550949.5 0.000458
551949.5 0.000458
552949.5 0.000457
553949.5 0.000457
554949.5 0.000457
555949.5 0.000457
556949.5 0.000457
557949.5 0.000456
558949.5 0.000456
559949.5 0.000456
560949.5 0.000456
561949.5 0.000456
562949.5 0.000456
563949.5 0.000456
564949.5 0.000456
565949.5 0.000456
566949.5 0.000456
567949.5 0.000455
568949.5 0.000455
569949.5 0.000455
570949.5 0.000455
571949.5 0.000455
572949.5 0.000454
573949.5 0.000454
574949.5 0.000454
575949.5 0.000454
576949.5 0.000454
577949.5 0.000454
578949.5 0.000453
579949.5 0.000453
580949.5 0.000453
581949.5 0.000453
582949.5 0.000453
583949.5 0.000452
584949.5 0.000452
585949.5 0.000452
586949.5 0.000452
587949.5 0.000452
588949.5 0.000452
589949.5 0.000451
590949.5 0.000451
591949.5 0.000451
592949.5 0.000451
593949.5 0.000451
594949.5 0.000451
595949.5 0.00045
596949.5 0.00045
597949.5 0.00045
598949.5 0.00045
599949.5 0.00045
600949.5 0.00045
601949.5 0.000449
602949.5 0.000449
603949.5 0.000449
604949.5 0.000449
605949.5 0.000449
606949.5 0.000449
607949.5 0.000448
608949.5 0.000448
609949.5 0.000448
610949.5 0.000448
611949.5 0.000448
612949.5 0.000448
613949.5 0.000447
614949.5 0.000447
615949.5 0.000447
616949.5 0.000447
617949.5 0.000447
618949.5 0.000447
619949.5 0.000447
620949.5 0.000446
621949.5 0.000446
622949.5 0.000446
623949.5 0.000446
624949.5 0.000446
625949.5 0.000446
626949.5 0.000446
627949.5 0.000445
628949.5 0.000445
629949.5 0.000445
630949.5 0.000445
631949.5 0.000445
632949.5 0.000445
633949.5 0.000445
634949.5 0.000444
635949.5 0.000444
636949.5 0.000444
637949.5 0.000444
638949.5 0.000444
639949.5 0.000444
640949.5 0.000444
641949.5 0.000443
642949.5 0.000443
643949.5 0.000443
644949.5 0.000443
645949.5 0.000443
646949.5 0.000443
647949.5 0.000443
648949.5 0.000442
649949.5 0.000442
650949.5 0.000442
651949.5 0.000442
652949.5 0.000442
653949.5 0.000442
654949.5 0.000442
655949.5 0.000441
656949.5 0.000441
657949.5 0.000441
658949.5 0.000441
659949.5 0.000441
660949.5 0.000441
661949.5 0.000441
662949.5 0.00044
663949.5 0.00044
664949.5 0.00044
665949.5 0.00044
666949.5 0.00044
667949.5 0.00044
668949.5 0.00044
669949.5 0.00044
670949.5 0.00044
671949.5 0.00044
672949.5 0.00044
673949.5 0.00044
674949.5 0.00044
675949.5 0.00044
676949.5 0.000439
677949.5 0.000439
678949.5 0.000439
679949.5 0.000439
680949.5 0.000439
681949.5 0.000439
682949.5 0.000439
683949.5 0.000438
684949.5 0.000438
685949.5 0.000438
686949.5 0.000438
687949.5 0.000438
688949.5 0.000438
689949.5 0.000438
690949.5 0.000437
691949.5 0.000437
692949.5 0.000437
693949.5 0.000437
694949.5 0.000437
695949.5 0.000437
696949.5 0.000437
697949.5 0.000437
698949.5 0.000436
699949.5 0.000436
700949.5 0.000436
701949.5 0.000436
702949.5 0.000436
703949.5 0.000436
704949.5 0.000436
705949.5 0.000436
706949.5 0.000435
707949.5 0.000435
708949.5 0.000435
709949.5 0.000435
710949.5 0.000435
711949.5 0.000435
712949.5 0.000435
713949.5 0.000434
714949.5 0.000434
715949.5 0.000434
716949.5 0.000434
717949.5 0.000434
718949.5 0.000434
719949.5 0.000434
720949.5 0.000434
721949.5 0.000433
722949.5 0.000433
723949.5 0.000433
724949.5 0.000433
725949.5 0.000433
726949.5 0.000433
727949.5 0.000433
728949.5 0.000433
729949.5 0.000432
730949.5 0.000432
731949.5 0.000432
732949.5 0.000432
733949.5 0.000432
734949.5 0.000432
735949.5 0.000432
736949.5 0.000432
737949.5 0.000431
738949.5 0.000431
739949.5 0.000431
740949.5 0.000431
741949.5 0.000431
742949.5 0.000431
743949.5 0.000431
744949.5 0.000431
745949.5 0.00043
746949.5 0.00043
747949.5 0.00043
748949.5 0.00043
749949.5 0.00043
750949.5 0.00043
751949.5 0.00043
752949.5 0.00043
753949.5 0.00043
754949.5 0.000429
755949.5 0.000429
756949.5 0.000429
757949.5 0.000429
758949.5 0.000429
759949.5 0.000429
760949.5 0.000429
761949.5 0.000429
762949.5 0.000428
763949.5 0.000428
764949.5 0.000428
765949.5 0.000428
766949.5 0.000428
767949.5 0.000428
768949.5 0.000428
769949.5 0.000428
770949.5 0.000428
771949.5 0.000427
772949.5 0.000427
773949.5 0.000427
774949.5 0.000427
775949.5 0.000427
776949.5 0.000427
777949.5 0.000427
778949.5 0.000427
779949.5 0.000426
780949.5 0.000426
781949.5 0.000426
782949.5 0.000426
783949.5 0.000426
784949.5 0.000426
785949.5 0.000426
786949.5 0.000426
787949.5 0.000426
788949.5 0.000425
789949.5 0.000425
790949.5 0.000425
791949.5 0.000425
792949.5 0.000425
793949.5 0.000425
794949.5 0.000425
795949.5 0.000425
796949.5 0.000424
797949.5 0.000424
798949.5 0.000424
799949.5 0.000424
800949.5 0.000424
801949.5 0.000424
802949.5 0.000424
803949.5 0.000424
804949.5 0.000424
805949.5 0.000424
806949.5 0.000424
807949.5 0.000424
808949.5 0.000424
809949.5 0.000424
810949.5 0.000424
811949.5 0.000424
812949.5 0.000424
813949.5 0.000424
814949.5 0.000423
815949.5 0.000423
816949.5 0.000423
817949.5 0.000423
818949.5 0.000423
819949.5 0.000423
820949.5 0.000423
821949.5 0.000423
822949.5 0.000422
823949.5 0.000422
824949.5 0.000422
825949.5 0.000422
826949.5 0.000422
827949.5 0.000422
828949.5 0.000422
829949.5 0.000422
830949.5 0.000422
831949.5 0.000421
832949.5 0.000421
833949.5 0.000421
834949.5 0.000421
835949.5 0.000421
836949.5 0.000421
837949.5 0.000421
838949.5 0.000421
839949.5 0.00042
840949.5 0.00042
841949.5 0.00042
842949.5 0.00042
843949.5 0.00042
844949.5 0.00042
845949.5 0.00042
846949.5 0.00042
847949.5 0.00042
848949.5 0.000419
849949.5 0.000419
850949.5 0.000419
851949.5 0.000419
852949.5 0.000419
853949.5 0.000419
854949.5 0.000419
855949.5 0.000419
856949.5 0.000419
857949.5 0.000418
858949.5 0.000418
859949.5 0.000418
860949.5 0.000418
861949.5 0.000418
862949.5 0.000418
863949.5 0.000418
864949.5 0.000418
865949.5 0.000418
866949.5 0.000417
867949.5 0.000417
868949.5 0.000417
869949.5 0.000417
870949.5 0.000417
871949.5 0.000417
872949.5 0.000417
873949.5 0.000417
874949.5 0.000417
875949.5 0.000416
876949.5 0.000416
877949.5 0.000416
878949.5 0.000416
879949.5 0.000416
880949.5 0.000416
881949.5 0.000416
882949.5 0.000416
883949.5 0.000416
884949.5 0.000415
885949.5 0.000415
886949.5 0.000415
887949.5 0.000415
888949.5 0.000415
889949.5 0.000415
890949.5 0.000415
891949.5 0.000415
892949.5 0.000415
893949.5 0.000415
894949.5 0.000414
895949.5 0.000414
896949.5 0.000414
897949.5 0.000414
898949.5 0.000414
899949.5 0.000414
900949.5 0.000414
901949.5 0.000414
902949.5 0.000414
903949.5 0.000413
904949.5 0.000413
905949.5 0.000413
906949.5 0.000413
907949.5 0.000413
908949.5 0.000413
909949.5 0.000413
910949.5 0.000413
911949.5 0.000413
912949.5 0.000413
913949.5 0.000412
914949.5 0.000412
915949.5 0.000412
916949.5 0.000412
917949.5 0.000412
918949.5 0.000412
919949.5 0.000412
920949.5 0.000412
921949.5 0.000412
922949.5 0.000412
923949.5 0.000411
924949.5 0.000411
925949.5 0.000411
926949.5 0.000411
927949.5 0.000411
928949.5 0.000411
929949.5 0.000411
930949.5 0.000411
931949.5 0.000411
932949.5 0.000411
933949.5 0.00041
934949.5 0.00041
935949.5 0.00041
936949.5 0.00041
937949.5 0.00041
938949.5 0.00041
939949.5 0.00041
940949.5 0.00041
941949.5 0.00041
942949.5 0.00041
943949.5 0.000409
944949.5 0.000409
945949.5 0.000409
946949.5 0.000409
947949.5 0.000409
948949.5 0.000409
949949.5 0.000409
950949.5 0.000409
951949.5 0.000409
952949.5 0.000408
953949.5 0.000408
954949.5 0.000408
955949.5 0.000408
956949.5 0.000408
957949.5 0.000408
958949.5 0.000408
959949.5 0.000408
960949.5 0.000408
961949.5 0.000408
962949.5 0.000408
963949.5 0.000408
964949.5 0.000408
965949.5 0.000408
966949.5 0.000408
967949.5 0.000408
968949.5 0.000408
969949.5 0.000408
970949.5 0.000408
971949.5 0.000408
972949.5 0.000408
973949.5 0.000407
974949.5 0.000407
975949.5 0.000407
976949.5 0.000407
977949.5 0.000407
978949.5 0.000407
979949.5 0.000407
980949.5 0.000407
981949.5 0.000407
982949.5 0.000407
983949.5 0.000406
984949.5 0.000406
985949.5 0.000406
986949.5 0.000406
987949.5 0.000406
988949.5 0.000406
989949.5 0.000406
990949.5 0.000406
991949.5 0.000406
992949.5 0.000406
993949.5 0.000406
994949.5 0.000405
995949.5 0.000405
996949.5 0.000405
997949.5 0.000405
998949.5 0.000405
999949.5 0.000405
1000949.5 0.000405
1001949.5 0.000405
1002949.5 0.000405
1003949.5 0.000405
1004949.5 0.000405
1005949.5 0.000404
1006949.5 0.000404
1007949.5 0.000404
99999806900 0.000262
-END-OF-DATA-
