-START-OF-DATA-
1759.5 0.00145672
1769.5 0.00145672
1779.5 0.00145672
1789.5 0.00145672
1799.5 0.00145672
1809.5 0.00145672
1819.5 0.00145672
1829.5 0.00145672
1839.5 0.00145672
1849.5 0.00145672
1859.5 0.00145672
1869.5 0.00145672
1879.5 0.00145672
1889.5 0.00145672
1899.5 0.00145672
1909.5 0.00145672
1919.5 0.00145672
1929.5 0.00145672
1939.5 0.00145672
1949.5 0.001551
1959.5 0.001582
1969.5 0.001635
1979.5 0.001708
1989.5 0.001797
1999.5 0.001897
2009.5 0.002023
2019.5 0.00218
2029.5 0.002332
2039.5 0.002473
2049.5 0.002594
2059.5 0.002683
2069.5 0.002741
2079.5 0.002772
2089.5 0.002788
2099.5 0.002788
2109.5 0.002777
2119.5 0.002761
2129.5 0.002741
2139.5 0.00272
2149.5 0.002699
2159.5 0.002672
2169.5 0.002651
2179.5 0.00263
2189.5 0.00261
2199.5 0.002589
2209.5 0.002573
2219.5 0.002552
2229.5 0.002536
2239.5 0.00252
2249.5 0.002505
2259.5 0.002489
2269.5 0.002473
2279.5 0.002458
2289.5 0.002447
2299.5 0.002431
2309.5 0.002421
2319.5 0.00241
2329.5 0.002395
2339.5 0.002384
2349.5 0.002374
2359.5 0.002363
2369.5 0.002353
2379.5 0.002348
2389.5 0.002337
2399.5 0.002327
2409.5 0.002321
2419.5 0.002311
2429.5 0.0023
2439.5 0.002295
2449.5 0.002285
2459.5 0.002279
2469.5 0.002274
2479.5 0.002264
2489.5 0.002258
2499.5 0.002253
2509.5 0.002243
2519.5 0.002237
2529.5 0.002232
2539.5 0.002227
2549.5 0.002222
2559.5 0.002217
2569.5 0.002206
2579.5 0.002201
2589.5 0.002196
2599.5 0.00219
2609.5 0.002185
2619.5 0.00218
2629.5 0.00218
2639.5 0.002175
2649.5 0.002169
2659.5 0.002164
2669.5 0.002159
2679.5 0.002154
2689.5 0.002148
2699.5 0.002148
2709.5 0.002143
2719.5 0.002138
2729.5 0.002133
2739.5 0.002133
2749.5 0.002127
2759.5 0.002122
2769.5 0.002117
2779.5 0.002117
2789.5 0.002112
2799.5 0.002106
2809.5 0.002106
2819.5 0.002101
2829.5 0.002101
2839.5 0.002096
2849.5 0.002091
2859.5 0.002091
2869.5 0.002086
2879.5 0.002086
2889.5 0.00208
2899.5 0.002075
2909.5 0.002075
2919.5 0.00207
2929.5 0.00207
2939.5 0.002065
2949.5 0.002065
2959.5 0.002059
2969.5 0.002059
2979.5 0.002054
2989.5 0.002054
2999.5 0.002049
3009.5 0.002049
3019.5 0.002049
3029.5 0.002044
3039.5 0.002044
3049.5 0.002038
3059.5 0.002038
3069.5 0.002033
3079.5 0.002033
3089.5 0.002028
3099.5 0.002028
3109.5 0.002028
3119.5 0.002023
3129.5 0.002023
3139.5 0.002023
3149.5 0.002017
3159.5 0.002017
3169.5 0.002012
3179.5 0.002012
3189.5 0.002012
3199.5 0.002007
3209.5 0.002007
3219.5 0.002007
3229.5 0.002002
3239.5 0.002002
3249.5 0.002002
3259.5 0.001996
3269.5 0.001996
3279.5 0.001996
3289.5 0.001991
3299.5 0.001991
3309.5 0.001991
3319.5 0.001986
3329.5 0.001986
3339.5 0.001986
3349.5 0.001986
3359.5 0.001981
3369.5 0.001981
3379.5 0.001981
3389.5 0.001975
3399.5 0.001975
3409.5 0.001975
3419.5 0.001975
3429.5 0.00197
3439.5 0.00197
3449.5 0.00197
3459.5 0.001965
3469.5 0.001965
3479.5 0.001965
3489.5 0.001965
3499.5 0.00196
3509.5 0.00196
3519.5 0.00196
3529.5 0.001955
3539.5 0.001955
3549.5 0.001955
3559.5 0.001955
3569.5 0.001949
3579.5 0.001949
3589.5 0.001949
3599.5 0.001949
3609.5 0.001944
3619.5 0.001944
3629.5 0.001944
3639.5 0.001944
3649.5 0.001939
3659.5 0.001939
3669.5 0.001939
3679.5 0.001939
3689.5 0.001934
3699.5 0.001934
3709.5 0.001934
3719.5 0.001928
3729.5 0.001928
3739.5 0.001928
3749.5 0.001928
3759.5 0.001923
3769.5 0.001923
3779.5 0.001923
3789.5 0.001923
3799.5 0.001918
3809.5 0.001918
3819.5 0.001918
3829.5 0.001918
3839.5 0.001913
3849.5 0.001913
3859.5 0.001913
3869.5 0.001913
3879.5 0.001907
3889.5 0.001907
3899.5 0.001907
3909.5 0.001907
3919.5 0.001902
3929.5 0.001902
3939.5 0.001902
3949.5 0.001902
3959.5 0.001897
3969.5 0.001897
3979.5 0.001897
3989.5 0.001897
3999.5 0.001897
4009.5 0.001892
4019.5 0.001892
4029.5 0.001892
4039.5 0.001892
4049.5 0.001886
4059.5 0.001886
4069.5 0.001886
4079.5 0.001886
4089.5 0.001886
4099.5 0.001881
4109.5 0.001881
4119.5 0.001881
4129.5 0.001881
4139.5 0.001881
4149.5 0.001876
4159.5 0.001876
4169.5 0.001876
4179.5 0.001876
4189.5 0.001871
4199.5 0.001871
4209.5 0.001871
4219.5 0.001871
4229.5 0.001871
4239.5 0.001871
4249.5 0.001865
4259.5 0.001865
4269.5 0.001865
4279.5 0.001865
4289.5 0.001865
4299.5 0.00186
4309.5 0.00186
4319.5 0.00186
4329.5 0.00186
4339.5 0.00186
4349.5 0.00186
4359.5 0.001855
4369.5 0.001855
4379.5 0.001855
4389.5 0.001855
4399.5 0.001855
4409.5 0.00185
4419.5 0.00185
4429.5 0.00185
4439.5 0.00185
4449.5 0.00185
4459.5 0.00185
4469.5 0.00185
4479.5 0.001844
4489.5 0.001844
4499.5 0.001844
4509.5 0.001844
4519.5 0.001844
4529.5 0.001844
4539.5 0.001839
4549.5 0.001839
4559.5 0.001839
4569.5 0.001839
4579.5 0.001839
4589.5 0.001839
4599.5 0.001839
4609.5 0.001834
4619.5 0.001834
4629.5 0.001834
4639.5 0.001834
4649.5 0.001834
4659.5 0.001834
4669.5 0.001834
4679.5 0.001834
4689.5 0.001829
4699.5 0.001829
4709.5 0.001829
4719.5 0.001829
4729.5 0.001829
4739.5 0.001829
4749.5 0.001829
4759.5 0.001829
4769.5 0.001824
4779.5 0.001824
4789.5 0.001824
4799.5 0.001824
4809.5 0.001824
4819.5 0.001824
4829.5 0.001824
4839.5 0.001824
4849.5 0.001818
4859.5 0.001818
4869.5 0.001818
4879.5 0.001818
4889.5 0.001818
4899.5 0.001818
4909.5 0.001818
4919.5 0.001818
4929.5 0.001818
4939.5 0.001818
4949.5 0.001813
4959.5 0.001813
4969.5 0.001813
4979.5 0.001813
4989.5 0.001813
4999.5 0.001813
5009.5 0.001813
5019.5 0.001813
5029.5 0.001813
5039.5 0.001813
5049.5 0.001808
5059.5 0.001808
5069.5 0.001808
5079.5 0.001808
5089.5 0.001808
5099.5 0.001808
5109.5 0.001808
5119.5 0.001808
5129.5 0.001808
5139.5 0.001808
5149.5 0.001808
5159.5 0.001808
5169.5 0.001803
5179.5 0.001803
5189.5 0.001803
5199.5 0.001803
5209.5 0.001803
5219.5 0.001803
5229.5 0.001803
5239.5 0.001803
5249.5 0.001803
5259.5 0.001803
5269.5 0.001803
5279.5 0.001803
5289.5 0.001803
5299.5 0.001797
5309.5 0.001797
5319.5 0.001797
5329.5 0.001797
5339.5 0.001797
5349.5 0.001797
5359.5 0.001797
5369.5 0.001797
5379.5 0.001797
5389.5 0.001797
5399.5 0.001797
5409.5 0.001797
5419.5 0.001797
5429.5 0.001797
5439.5 0.001797
5449.5 0.001792
5459.5 0.001792
5469.5 0.001792
5479.5 0.001792
5489.5 0.001792
5499.5 0.001792
5509.5 0.001792
5519.5 0.001792
5529.5 0.001792
5539.5 0.001792
5549.5 0.001792
5559.5 0.001792
5569.5 0.001792
5579.5 0.001792
5589.5 0.001792
5599.5 0.001792
5609.5 0.001787
5619.5 0.001787
5629.5 0.001787
5639.5 0.001787
5649.5 0.001787
5659.5 0.001787
5669.5 0.001787
5679.5 0.001787
5689.5 0.001787
5699.5 0.001787
5709.5 0.001787
5719.5 0.001787
5729.5 0.001787
5739.5 0.001787
5749.5 0.001787
5759.5 0.001787
5769.5 0.001782
5779.5 0.001782
5789.5 0.001782
5799.5 0.001782
5809.5 0.001782
5819.5 0.001782
5829.5 0.001782
5839.5 0.001782
5849.5 0.001782
5859.5 0.001782
5869.5 0.001782
5879.5 0.001782
5889.5 0.001782
5899.5 0.001782
5909.5 0.001782
5919.5 0.001782
5929.5 0.001782
5939.5 0.001782
5949.5 0.001776
5959.5 0.001776
5969.5 0.001776
5979.5 0.001776
5989.5 0.001776
5999.5 0.001776
6009.5 0.001776
6019.5 0.001776
6029.5 0.001776
6039.5 0.001776
6049.5 0.001776
6059.5 0.001776
6069.5 0.001776
6079.5 0.001776
6089.5 0.001776
6099.5 0.001776
6109.5 0.001776
6119.5 0.001776
6129.5 0.001771
6139.5 0.001771
6149.5 0.001771
6159.5 0.001771
6169.5 0.001771
6179.5 0.001771
6189.5 0.001771
6199.5 0.001771
6209.5 0.001771
6219.5 0.001771
6229.5 0.001771
6239.5 0.001771
6249.5 0.001771
6259.5 0.001771
6269.5 0.001771
6279.5 0.001771
6289.5 0.001771
6299.5 0.001771
6309.5 0.001771
6319.5 0.001766
6329.5 0.001766
6339.5 0.001766
6349.5 0.001766
6359.5 0.001766
6369.5 0.001766
6379.5 0.001766
6389.5 0.001766
6399.5 0.001766
6409.5 0.001766
6419.5 0.001766
6429.5 0.001766
6439.5 0.001766
6449.5 0.001766
6459.5 0.001766
6469.5 0.001766
6479.5 0.001766
6489.5 0.001766
6499.5 0.001766
6509.5 0.001766
6519.5 0.001766
6529.5 0.001761
6539.5 0.001761
6549.5 0.001761
6559.5 0.001761
6569.5 0.001761
6579.5 0.001761
6589.5 0.001761
6599.5 0.001761
6609.5 0.001761
6619.5 0.001761
6629.5 0.001761
6639.5 0.001761
6649.5 0.001761
6659.5 0.001761
6669.5 0.001761
6679.5 0.001761
6689.5 0.001761
6699.5 0.001761
6709.5 0.001761
6719.5 0.001761
6729.5 0.001761
6739.5 0.001761
6749.5 0.001761
6759.5 0.001755
6769.5 0.001755
6779.5 0.001755
6789.5 0.001755
6799.5 0.001755
6809.5 0.001755
6819.5 0.001755
6829.5 0.001755
6839.5 0.001755
6849.5 0.001755
6859.5 0.001755
6869.5 0.001755
6879.5 0.001755
6889.5 0.001755
6899.5 0.001755
6909.5 0.001755
6919.5 0.001755
6929.5 0.001755
6939.5 0.001755
6949.5 0.001755
6959.5 0.001755
6969.5 0.001755
6979.5 0.001755
6989.5 0.001755
6999.5 0.00175
7009.5 0.00175
7019.5 0.00175
7029.5 0.00175
7039.5 0.00175
7049.5 0.00175
7059.5 0.00175
7069.5 0.00175
7079.5 0.00175
7089.5 0.00175
7099.5 0.00175
7109.5 0.00175
7119.5 0.00175
7129.5 0.00175
7139.5 0.00175
7149.5 0.00175
7159.5 0.00175
7169.5 0.00175
7179.5 0.00175
7189.5 0.00175
7199.5 0.00175
7209.5 0.00175
7219.5 0.00175
7229.5 0.00175
7239.5 0.00175
7249.5 0.001745
7259.5 0.001745
7269.5 0.001745
7279.5 0.001745
7289.5 0.001745
7299.5 0.001745
7309.5 0.001745
7319.5 0.001745
7329.5 0.001745
7339.5 0.001745
7349.5 0.001745
7359.5 0.001745
7369.5 0.001745
7379.5 0.001745
7389.5 0.001745
7399.5 0.001745
7409.5 0.001745
7419.5 0.001745
7429.5 0.001745
7439.5 0.001745
7449.5 0.001745
7459.5 0.001745
7469.5 0.001745
7479.5 0.001745
7489.5 0.00174
7499.5 0.00174
7509.5 0.00174
7519.5 0.00174
7529.5 0.00174
7539.5 0.00174
7549.5 0.00174
7559.5 0.00174
7569.5 0.00174
7579.5 0.00174
7589.5 0.00174
7599.5 0.00174
7609.5 0.00174
7619.5 0.00174
7629.5 0.00174
7639.5 0.00174
7649.5 0.00174
7659.5 0.00174
7669.5 0.00174
7679.5 0.00174
7689.5 0.00174
7699.5 0.00174
7709.5 0.00174
7719.5 0.00174
7729.5 0.001734
7739.5 0.001734
7749.5 0.001734
7759.5 0.001734
7769.5 0.001734
7779.5 0.001734
7789.5 0.001734
7799.5 0.001734
7809.5 0.001734
7819.5 0.001734
7829.5 0.001734
7839.5 0.001734
7849.5 0.001734
7859.5 0.001734
7869.5 0.001734
7879.5 0.001734
7889.5 0.001734
7899.5 0.001734
7909.5 0.001734
7919.5 0.001734
7929.5 0.001734
7939.5 0.001734
7949.5 0.001734
7959.5 0.001734
7969.5 0.001734
7979.5 0.001734
7989.5 0.001734
7999.5 0.001729
8009.5 0.001729
8019.5 0.001729
8029.5 0.001729
8039.5 0.001729
8049.5 0.001729
8059.5 0.001729
8069.5 0.001729
8079.5 0.001729
8089.5 0.001729
8099.5 0.001729
8109.5 0.001729
8119.5 0.001729
8129.5 0.001729
8139.5 0.001729
8149.5 0.001729
8159.5 0.001729
8169.5 0.001729
8179.5 0.001729
8189.5 0.001729
8199.5 0.001729
8209.5 0.001729
8219.5 0.001729
8229.5 0.001729
8239.5 0.001729
8249.5 0.001729
8259.5 0.001729
8269.5 0.001729
8279.5 0.001729
8289.5 0.001729
8299.5 0.001729
8309.5 0.001724
8319.5 0.001724
8329.5 0.001724
8339.5 0.001724
8349.5 0.001724
8359.5 0.001724
8369.5 0.001724
8379.5 0.001724
8389.5 0.001724
8399.5 0.001724
8409.5 0.001724
8419.5 0.001724
8429.5 0.001724
8439.5 0.001724
8449.5 0.001724
8459.5 0.001724
8469.5 0.001724
8479.5 0.001724
8489.5 0.001724
8499.5 0.001724
8509.5 0.001724
8519.5 0.001724
8529.5 0.001724
8539.5 0.001724
8549.5 0.001724
8559.5 0.001724
8569.5 0.001724
8579.5 0.001724
8589.5 0.001724
8599.5 0.001724
8609.5 0.001724
8619.5 0.001724
8629.5 0.001719
8639.5 0.001719
8649.5 0.001719
8659.5 0.001719
8669.5 0.001719
8679.5 0.001719
8689.5 0.001719
8699.5 0.001719
8709.5 0.001719
8719.5 0.001719
8729.5 0.001719
8739.5 0.001719
8749.5 0.001719
8759.5 0.001719
8769.5 0.001719
8779.5 0.001719
8789.5 0.001719
8799.5 0.001719
8809.5 0.001719
8819.5 0.001719
8829.5 0.001719
8839.5 0.001719
8849.5 0.001719
8859.5 0.001719
8869.5 0.001719
8879.5 0.001719
8889.5 0.001719
8899.5 0.001719
8909.5 0.001719
8919.5 0.001719
8929.5 0.001719
8939.5 0.001719
8949.5 0.001719
8959.5 0.001713
8969.5 0.001713
8979.5 0.001713
8989.5 0.001713
8999.5 0.001713
9009.5 0.001713
9019.5 0.001713
9029.5 0.001713
9039.5 0.001713
9049.5 0.001713
9059.5 0.001713
9069.5 0.001713
9079.5 0.001713
9089.5 0.001713
9099.5 0.001713
9109.5 0.001713
9119.5 0.001713
9129.5 0.001713
9139.5 0.001713
9149.5 0.001713
9159.5 0.001713
9169.5 0.001713
9179.5 0.001713
9189.5 0.001713
9199.5 0.001713
9209.5 0.001713
9219.5 0.001713
9229.5 0.001713
9239.5 0.001713
9249.5 0.001713
9259.5 0.001713
9269.5 0.001708
9279.5 0.001708
9289.5 0.001708
9299.5 0.001708
9309.5 0.001708
9319.5 0.001708
9329.5 0.001708
9339.5 0.001708
9349.5 0.001708
9359.5 0.001708
9369.5 0.001708
9379.5 0.001708
9389.5 0.001708
9399.5 0.001708
9409.5 0.001708
9419.5 0.001708
9429.5 0.001708
9439.5 0.001708
9449.5 0.001708
9459.5 0.001708
9469.5 0.001708
9479.5 0.001708
9489.5 0.001708
9499.5 0.001708
9509.5 0.001708
9519.5 0.001708
9529.5 0.001708
9539.5 0.001708
9549.5 0.001708
9559.5 0.001708
9569.5 0.001708
9579.5 0.001708
9589.5 0.001708
9599.5 0.001708
9609.5 0.001703
9619.5 0.001703
9629.5 0.001703
9639.5 0.001703
9649.5 0.001703
9659.5 0.001703
9669.5 0.001703
9679.5 0.001703
9689.5 0.001703
9699.5 0.001703
9709.5 0.001703
9719.5 0.001703
9729.5 0.001703
9739.5 0.001703
9749.5 0.001703
9759.5 0.001703
9769.5 0.001703
9779.5 0.001703
9789.5 0.001703
9799.5 0.001703
9809.5 0.001703
9819.5 0.001703
9829.5 0.001703
9839.5 0.001703
9849.5 0.001703
9859.5 0.001703
9869.5 0.001703
9879.5 0.001703
9889.5 0.001703
9899.5 0.001703
9909.5 0.001703
9919.5 0.001703
9929.5 0.001703
9939.5 0.001703
9949.5 0.001703
9959.5 0.001703
9969.5 0.001703
9979.5 0.001703
9989.5 0.001698
9999.5 0.001698
10009.5 0.001698
10019.5 0.001698
10029.5 0.001698
10039.5 0.001698
10049.5 0.001698
10059.5 0.001698
10069.5 0.001698
10079.5 0.001698
10089.5 0.001698
10099.5 0.001698
10109.5 0.001698
10119.5 0.001698
10129.5 0.001698
10139.5 0.001698
10149.5 0.001698
10159.5 0.001698
10169.5 0.001698
10179.5 0.001698
10189.5 0.001698
10199.5 0.001698
10209.5 0.001698
10219.5 0.001698
10229.5 0.001698
10239.5 0.001698
10249.5 0.001698
10259.5 0.001698
10269.5 0.001698
10279.5 0.001698
10289.5 0.001698
10299.5 0.001698
10309.5 0.001698
10319.5 0.001698
10329.5 0.001698
10339.5 0.001698
10349.5 0.001698
10359.5 0.001698
10369.5 0.001698
10379.5 0.001693
10389.5 0.001693
10399.5 0.001693
10409.5 0.001693
10419.5 0.001693
10429.5 0.001693
10439.5 0.001693
10449.5 0.001693
10459.5 0.001693
10469.5 0.001693
10479.5 0.001693
10489.5 0.001693
10499.5 0.001693
10509.5 0.001693
10519.5 0.001693
10529.5 0.001693
10539.5 0.001693
10549.5 0.001693
10559.5 0.001693
10569.5 0.001693
10579.5 0.001693
10589.5 0.001693
10599.5 0.001693
10609.5 0.001693
10619.5 0.001693
10629.5 0.001693
10639.5 0.001693
10649.5 0.001693
10659.5 0.001693
10669.5 0.001693
10679.5 0.001693
10689.5 0.001693
10699.5 0.001693
10709.5 0.001693
10719.5 0.001693
10729.5 0.001693
10739.5 0.001693
10749.5 0.001693
10759.5 0.001693
10769.5 0.001693
10779.5 0.001693
10789.5 0.001693
10799.5 0.001693
10809.5 0.001693
10819.5 0.001693
10829.5 0.001693
10839.5 0.001693
10849.5 0.001693
10859.5 0.001687
10869.5 0.001687
10879.5 0.001687
10889.5 0.001687
10899.5 0.001687
10909.5 0.001687
10919.5 0.001687
10929.5 0.001687
10939.5 0.001687
10949.5 0.001687
10959.5 0.001687
10969.5 0.001687
10979.5 0.001687
10989.5 0.001687
10999.5 0.001687
11009.5 0.001687
11019.5 0.001687
11029.5 0.001687
11039.5 0.001687
11049.5 0.001687
11059.5 0.001687
11069.5 0.001687
11079.5 0.001687
11089.5 0.001687
11099.5 0.001687
11109.5 0.001687
11119.5 0.001687
11129.5 0.001687
11139.5 0.001687
11149.5 0.001687
11159.5 0.001687
11169.5 0.001687
11179.5 0.001687
11189.5 0.001687
11199.5 0.001687
11209.5 0.001687
11219.5 0.001687
11229.5 0.001687
11239.5 0.001687
11249.5 0.001687
11259.5 0.001687
11269.5 0.001687
11279.5 0.001687
11289.5 0.001687
11299.5 0.001687
11309.5 0.001687
11319.5 0.001687
11329.5 0.001687
11339.5 0.001687
11349.5 0.001687
11359.5 0.001687
11369.5 0.001687
11379.5 0.001687
11389.5 0.001687
11399.5 0.001682
11409.5 0.001682
11419.5 0.001682
11429.5 0.001682
11439.5 0.001682
11449.5 0.001682
11459.5 0.001682
11469.5 0.001682
11479.5 0.001682
11489.5 0.001682
11499.5 0.001682
11509.5 0.001682
11519.5 0.001682
11529.5 0.001682
11539.5 0.001682
11549.5 0.001682
11559.5 0.001682
11569.5 0.001682
11579.5 0.001682
11589.5 0.001682
11599.5 0.001682
11609.5 0.001682
11619.5 0.001682
11629.5 0.001682
11639.5 0.001682
11649.5 0.001682
11659.5 0.001682
11669.5 0.001682
11679.5 0.001682
11689.5 0.001682
11699.5 0.001682
11709.5 0.001682
11719.5 0.001682
11729.5 0.001682
11739.5 0.001682
11749.5 0.001682
11759.5 0.001682
11769.5 0.001682
11779.5 0.001682
11789.5 0.001682
11799.5 0.001682
11809.5 0.001682
11819.5 0.001682
11829.5 0.001682
11839.5 0.001682
11849.5 0.001682
11859.5 0.001682
11869.5 0.001682
11879.5 0.001682
11889.5 0.001682
11899.5 0.001682
11909.5 0.001682
11919.5 0.001682
11929.5 0.001682
11939.5 0.001682
11949.5 0.001682
11959.5 0.001682
11969.5 0.001682
11979.5 0.001682
11989.5 0.001677
11999.5 0.001677
12009.5 0.001677
999999999 0.001457
-END-OF-DATA-
