-START-OF-DATA-
0 0.000278
10 0.000278
20 0.000278
30 0.000278
40 0.000278
50 0.000278
60 0.000278
70 0.000278
80 0.000278
90 0.000278
100 0.000278
110 0.000278
120 0.000278
130 0.000278
140 0.000278
150 0.000278
160 0.000278
170 0.000278
180 0.000278
190 0.000278
200 0.000278
210 0.000278
220 0.000278
230 0.000278
240 0.000278
250 0.000278
260 0.000278
270 0.000278
280 0.000278
290 0.000278
300 0.000278
310 0.000278
320 0.000278
330 0.000278
340 0.000278
350 0.000278
360 0.000278
370 0.000278
380 0.000278
390 0.000278
400 0.000278
410 0.000278
420 0.000278
430 0.000278
440 0.000278
450 0.000278
460 0.000278
470 0.000278
480 0.000278
490 0.000278
500 0.000278
510 0.000278
520 0.000278
530 0.000278
540 0.000278
550 0.000278
560 0.000278
570 0.000278
580 0.000278
590 0.000278
600 0.000278
610 0.000278
620 0.000278
630 0.000278
640 0.000278
650 0.000278
660 0.000278
670 0.000278
680 0.000278
690 0.000278
700 0.000278
710 0.000278
720 0.000278
730 0.000278
740 0.000278
750 0.000278
760 0.000278
770 0.000278
780 0.000278
790 0.000278
800 0.000278
810 0.000278
820 0.000278
830 0.000278
840 0.000278
850 0.000278
860 0.000278
870 0.000278
880 0.000278
890 0.000278
900 0.000278
910 0.000278
920 0.000278
930 0.000278
940 0.000278
950 0.000278
960 0.000278
970 0.000278
980 0.000278
990 0.000278
1000 0.000278
1010 0.000278
1020 0.000278
1030 0.000278
1040 0.000278
1050 0.000278
1060 0.000278
1070 0.000278
1080 0.000278
1090 0.000278
1100 0.000278
1110 0.000278
1120 0.000278
1130 0.000278
1140 0.000278
1150 0.000278
1160 0.000278
1170 0.000278
1180 0.000278
1190 0.000278
1200 0.000278
1210 0.000278
1220 0.000278
1230 0.000278
1240 0.000278
1250 0.000278
1260 0.000278
1270 0.000278
1280 0.000278
1290 0.000278
1300 0.000278
1310 0.000278
1320 0.000278
1330 0.000278
1340 0.000278
1350 0.000278
1360 0.000278
1370 0.000278
1380 0.000278
1390 0.000278
1400 0.000278
1410 0.000278
1420 0.000278
1430 0.000278
1440 0.000278
1450 0.000278
1460 0.000278
1470 0.000278
1480 0.000278
1490 0.000278
1500 0.000278
1510 0.000278
1520 0.000278
1530 0.000278
1540 0.000278
1550 0.000278
1560 0.000278
1570 0.000278
1580 0.000278
1590 0.000278
1600 0.000278
1610 0.000278
1620 0.000278
1630 0.000278
1640 0.000278
1650 0.000278
1660 0.000278
1670 0.000278
1680 0.000278
1690 0.000278
1700 0.000278
1710 0.000278
1720 0.000278
1730 0.000278
1740 0.000278
1750 0.000278
1760 0.000278
1770 0.000278
1780 0.000278
1790 0.000278
1800 0.000278
1810 0.000278
1820 0.000278
1830 0.000278
1840 0.000278
1850 0.000278
1860 0.000278
1870 0.000278
1880 0.000278
1890 0.000278
1900 0.000278
1910 0.000278
1920 0.000278
1930 0.000278
1940 0.000278
1950 0.000278
1960 0.000278
1970 0.000278
1980 0.000278
1990 0.000278
2000 0.000278
2010 0.00027869657807309
2020 0.000279393156146179
2030 0.000280089734219269
2040 0.000280786312292359
2050 0.000281482890365448
2060 0.000282179468438538
2070 0.000282876046511628
2080 0.000283572624584718
2090 0.000284269202657807
2100 0.000284965780730897
2110 0.000285662358803987
2120 0.000286358936877076
2130 0.000287055514950166
2140 0.000287752093023256
2150 0.000288448671096346
2160 0.000289145249169435
2170 0.000289841827242525
2180 0.000290538405315615
2190 0.000291234983388704
2200 0.000291931561461794
2210 0.000292628139534884
2220 0.000293324717607973
2230 0.000294021295681063
2240 0.000294717873754153
2250 0.000295414451827243
2260 0.000296111029900332
2270 0.000296807607973422
2280 0.000297504186046512
2290 0.000298200764119601
2300 0.000298897342192691
2310 0.000299593920265781
2320 0.00030029049833887
2330 0.00030098707641196
2340 0.00030168365448505
2350 0.00030238023255814
2360 0.000303076810631229
2370 0.000303773388704319
2380 0.000304469966777409
2390 0.000305166544850498
2400 0.000305863122923588
2410 0.000306559700996678
2420 0.000307256279069767
2430 0.000307952857142857
2440 0.000308649435215947
2450 0.000309346013289037
2460 0.000310042591362126
2470 0.000310739169435216
2480 0.000311435747508306
2490 0.000312132325581395
2500 0.000312828903654485
2510 0.000313525481727575
2520 0.000314222059800664
2530 0.000314918637873754
2540 0.000315615215946844
2550 0.000316311794019934
2560 0.000317008372093023
2570 0.000317704950166113
2580 0.000318401528239203
2590 0.000319098106312292
2600 0.000319794684385382
2610 0.000320491262458472
2620 0.000321187840531561
2630 0.000321884418604651
2640 0.000322580996677741
2650 0.000323277574750831
2660 0.00032397415282392
2670 0.00032467073089701
2680 0.0003253673089701
2690 0.000326063887043189
2700 0.000326760465116279
2710 0.000327457043189369
2720 0.000328153621262458
2730 0.000328850199335548
2740 0.000329546777408638
2750 0.000330243355481728
2760 0.000330939933554817
2770 0.000331636511627907
2780 0.000332333089700997
2790 0.000333029667774086
2800 0.000333726245847176
2810 0.000334422823920266
2820 0.000335119401993355
2830 0.000335815980066445
2840 0.000336512558139535
2850 0.000337209136212625
2860 0.000337905714285714
2870 0.000338602292358804
2880 0.000339298870431894
2890 0.000339995448504983
2900 0.000340692026578073
2910 0.000341388604651163
2920 0.000342085182724253
2930 0.000342781760797342
2940 0.000343478338870432
2950 0.000344174916943522
2960 0.000344871495016611
2970 0.000345568073089701
2980 0.000346264651162791
2990 0.00034696122923588
3000 0.00034765780730897
3010 0.00034835438538206
3020 0.00034905096345515
3030 0.000349747541528239
3040 0.000350444119601329
3050 0.000351140697674419
3060 0.000351837275747508
3070 0.000352533853820598
3080 0.000353230431893688
3090 0.000353927009966777
3100 0.000354623588039867
3110 0.000355320166112957
3120 0.000356016744186047
3130 0.000356713322259136
3140 0.000357409900332226
3150 0.000358106478405316
3160 0.000358803056478405
3170 0.000359499634551495
3180 0.000360196212624585
3190 0.000360892790697674
3200 0.000361589368770764
3210 0.000362285946843854
3220 0.000362982524916943
3230 0.000363679102990033
3240 0.000364375681063123
3250 0.000365072259136213
3260 0.000365768837209302
3270 0.000366465415282392
3280 0.000367161993355482
3290 0.000367858571428571
3300 0.000368555149501661
3310 0.000369251727574751
3320 0.00036994830564784
3330 0.00037064488372093
3340 0.00037134146179402
3350 0.00037203803986711
3360 0.000372734617940199
3370 0.000373431196013289
3380 0.000374127774086379
3390 0.000374824352159468
3400 0.000375520930232558
3410 0.000376217508305648
3420 0.000376914086378737
3430 0.000377610664451827
3440 0.000378307242524917
3450 0.000379003820598007
3460 0.000379700398671096
3470 0.000380396976744186
3480 0.000381093554817276
3490 0.000381790132890365
3500 0.000382486710963455
3510 0.000383183289036545
3520 0.000383879867109635
3530 0.000384576445182724
3540 0.000385273023255814
3550 0.000385969601328904
3560 0.000386666179401993
3570 0.000387362757475083
3580 0.000388059335548173
3590 0.000388755913621262
3600 0.000389452491694352
3610 0.000390149069767442
3620 0.000390845647840532
3630 0.000391542225913621
3640 0.000392238803986711
3650 0.000392935382059801
3660 0.00039363196013289
3670 0.00039432853820598
3680 0.00039502511627907
3690 0.000395721694352159
3700 0.000396418272425249
3710 0.000397114850498339
3720 0.000397811428571429
3730 0.000398508006644518
3740 0.000399204584717608
3750 0.000399901162790698
3760 0.000400597740863787
3770 0.000401294318936877
3780 0.000401990897009967
3790 0.000402687475083056
3800 0.000403384053156146
3810 0.000404080631229236
3820 0.000404777209302326
3830 0.000405473787375415
3840 0.000406170365448505
3850 0.000406866943521595
3860 0.000407563521594684
3870 0.000408260099667774
3880 0.000408956677740864
3890 0.000409653255813954
3900 0.000410349833887043
3910 0.000411046411960133
3920 0.000411742990033223
3930 0.000412439568106312
3940 0.000413136146179402
3950 0.000413832724252492
3960 0.000414529302325581
3970 0.000415225880398671
3980 0.000415922458471761
3990 0.00041661903654485
4000 0.00041731561461794
4010 0.00041801219269103
4020 0.00041870877076412
4030 0.000419405348837209
4040 0.000420101926910299
4050 0.000420798504983389
4060 0.000421495083056478
4070 0.000422191661129568
4080 0.000422888239202658
4090 0.000423584817275747
4100 0.000424281395348837
4110 0.000424977973421927
4120 0.000425674551495017
4130 0.000426371129568106
4140 0.000427067707641196
4150 0.000427764285714286
4160 0.000428460863787375
4170 0.000429157441860465
4180 0.000429854019933555
4190 0.000430550598006645
4200 0.000431247176079734
4210 0.000431943754152824
4220 0.000432640332225914
4230 0.000433336910299003
4240 0.000434033488372093
4250 0.000434730066445183
4260 0.000435426644518272
4270 0.000436123222591362
4280 0.000436819800664452
4290 0.000437516378737542
4300 0.000438212956810631
4310 0.000438909534883721
4320 0.000439606112956811
4330 0.0004403026910299
4340 0.00044099926910299
4350 0.00044169584717608
4360 0.000442392425249169
4370 0.000443089003322259
4380 0.000443785581395349
4390 0.000444482159468439
4400 0.000445178737541528
4410 0.000445875315614618
4420 0.000446571893687708
4430 0.000447268471760797
4440 0.000447965049833887
4450 0.000448661627906977
4460 0.000449358205980066
4470 0.000450054784053156
4480 0.000450751362126246
4490 0.000451447940199336
4500 0.000452144518272425
4510 0.000452841096345515
4520 0.000453537674418605
4530 0.000454234252491694
4540 0.000454930830564784
4550 0.000455627408637874
4560 0.000456323986710963
4570 0.000457020564784053
4580 0.000457717142857143
4590 0.000458413720930233
4600 0.000459110299003322
4610 0.000459806877076412
4620 0.000460503455149502
4630 0.000461200033222591
4640 0.000461896611295681
4650 0.000462593189368771
4660 0.00046328976744186
4670 0.00046398634551495
4680 0.00046468292358804
4690 0.00046537950166113
4700 0.000466076079734219
4710 0.000466772657807309
4720 0.000467469235880399
4730 0.000468165813953488
4740 0.000468862392026578
4750 0.000469558970099668
4760 0.000470255548172757
4770 0.000470952126245847
4780 0.000471648704318937
4790 0.000472345282392027
4800 0.000473041860465116
4810 0.000473738438538206
4820 0.000474435016611296
4830 0.000475131594684385
4840 0.000475828172757475
4850 0.000476524750830565
4860 0.000477221328903654
4870 0.000477917906976744
4880 0.000478614485049834
4890 0.000479311063122924
4900 0.000480007641196013
4910 0.000480704219269103
4920 0.000481400797342193
4930 0.000482097375415282
4940 0.000482793953488372
4950 0.000483490531561462
4960 0.000484187109634552
4970 0.000484883687707641
4980 0.000485580265780731
4990 0.000486276843853821
5000 0.00048697342192691
5010 0.00048767
5020 0.00048767
5030 0.00048767
5040 0.00048767
5050 0.00048767
5060 0.00048767
5070 0.00048767
5080 0.00048767
5090 0.00048767
5100 0.00048767
5110 0.00048767
5120 0.00048767
5130 0.00048767
5140 0.00048767
5150 0.00048767
5160 0.00048767
5170 0.00048767
5180 0.00048767
5190 0.00048767
5200 0.00048767
5210 0.00048767
5220 0.00048767
5230 0.00048767
5240 0.00048767
5250 0.00048767
5260 0.00048767
5270 0.00048767
5280 0.00048767
5290 0.00048767
5300 0.00048767
5310 0.00048767
5320 0.00048767
5330 0.00048767
5340 0.00048767
5350 0.00048767
5360 0.00048767
5370 0.00048767
5380 0.00048767
5390 0.00048767
5400 0.00048767
5410 0.00048767
5420 0.00048767
5430 0.00048767
5440 0.00048767
5450 0.00048767
5460 0.00048767
5470 0.00048767
5480 0.00048767
5490 0.00048767
5500 0.00048767
5510 0.00048767
5520 0.00048767
5530 0.00048767
5540 0.00048767
5550 0.00048767
5560 0.00048767
5570 0.00048767
5580 0.00048767
5590 0.00048767
5600 0.00048767
5610 0.00048767
5620 0.00048767
5630 0.00048767
5640 0.00048767
5650 0.00048767
5660 0.00048767
5670 0.00048767
5680 0.00048767
5690 0.00048767
5700 0.00048767
5710 0.00048767
5720 0.00048767
5730 0.00048767
5740 0.00048767
5750 0.00048767
5760 0.00048767
5770 0.00048767
5780 0.00048767
5790 0.00048767
5800 0.00048767
5810 0.00048767
5820 0.00048767
5830 0.00048767
5840 0.00048767
5850 0.00048767
5860 0.00048767
5870 0.00048767
5880 0.00048767
5890 0.00048767
5900 0.00048767
5910 0.00048767
5920 0.00048767
5930 0.00048767
5940 0.00048767
5950 0.00048767
5960 0.00048767
5970 0.00048767
5980 0.00048767
5990 0.00048767
6000 0.00048767
6010 0.00048767
6020 0.00048767
6030 0.00048767
6040 0.00048767
6050 0.00048767
6060 0.00048767
6070 0.00048767
6080 0.00048767
6090 0.00048767
6100 0.00048767
6110 0.00048767
6120 0.00048767
6130 0.00048767
6140 0.00048767
6150 0.00048767
6160 0.00048767
6170 0.00048767
6180 0.00048767
6190 0.00048767
6200 0.00048767
6210 0.00048767
6220 0.00048767
6230 0.00048767
6240 0.00048767
6250 0.00048767
6260 0.00048767
6270 0.00048767
6280 0.00048767
6290 0.00048767
6300 0.00048767
6310 0.00048767
6320 0.00048767
6330 0.00048767
6340 0.00048767
6350 0.00048767
6360 0.00048767
6370 0.00048767
6380 0.00048767
6390 0.00048767
6400 0.00048767
6410 0.00048767
6420 0.00048767
6430 0.00048767
6440 0.00048767
6450 0.00048767
6460 0.00048767
6470 0.00048767
6480 0.00048767
6490 0.00048767
6500 0.00048767
6510 0.00048767
6520 0.00048767
6530 0.00048767
6540 0.00048767
6550 0.00048767
6560 0.00048767
6570 0.00048767
6580 0.00048767
6590 0.00048767
6600 0.00048767
6610 0.00048767
6620 0.00048767
6630 0.00048767
6640 0.00048767
6650 0.00048767
6660 0.00048767
6670 0.00048767
6680 0.00048767
6690 0.00048767
6700 0.00048767
6710 0.00048767
6720 0.00048767
6730 0.00048767
6740 0.00048767
6750 0.00048767
6760 0.00048767
6770 0.00048767
6780 0.00048767
6790 0.00048767
6800 0.00048767
6810 0.00048767
6820 0.00048767
6830 0.00048767
6840 0.00048767
6850 0.00048767
6860 0.00048767
6870 0.00048767
6880 0.00048767
6890 0.00048767
6900 0.00048767
6910 0.00048767
6920 0.00048767
6930 0.00048767
6940 0.00048767
6950 0.00048767
6960 0.00048767
6970 0.00048767
6980 0.00048767
6990 0.00048767
7000 0.00048767
7010 0.00048767
7020 0.00048767
7030 0.00048767
7040 0.00048767
7050 0.00048767
7060 0.00048767
7070 0.00048767
7080 0.00048767
7090 0.00048767
7100 0.00048767
7110 0.00048767
7120 0.00048767
7130 0.00048767
7140 0.00048767
7150 0.00048767
7160 0.00048767
7170 0.00048767
7180 0.00048767
7190 0.00048767
7200 0.00048767
7210 0.00048767
7220 0.00048767
7230 0.00048767
7240 0.00048767
7250 0.00048767
7260 0.00048767
7270 0.00048767
7280 0.00048767
7290 0.00048767
7300 0.00048767
7310 0.00048767
7320 0.00048767
7330 0.00048767
7340 0.00048767
7350 0.00048767
7360 0.00048767
7370 0.00048767
7380 0.00048767
7390 0.00048767
7400 0.00048767
7410 0.00048767
7420 0.00048767
7430 0.00048767
7440 0.00048767
7450 0.00048767
7460 0.00048767
7470 0.00048767
7480 0.00048767
7490 0.00048767
7500 0.00048767
7510 0.00048767
7520 0.00048767
7530 0.00048767
7540 0.00048767
7550 0.00048767
7560 0.00048767
7570 0.00048767
7580 0.00048767
7590 0.00048767
7600 0.00048767
7610 0.00048767
7620 0.00048767
7630 0.00048767
7640 0.00048767
7650 0.00048767
7660 0.00048767
7670 0.00048767
7680 0.00048767
7690 0.00048767
7700 0.00048767
7710 0.00048767
7720 0.00048767
7730 0.00048767
7740 0.00048767
7750 0.00048767
7760 0.00048767
7770 0.00048767
7780 0.00048767
7790 0.00048767
7800 0.00048767
7810 0.00048767
7820 0.00048767
7830 0.00048767
7840 0.00048767
7850 0.00048767
7860 0.00048767
7870 0.00048767
7880 0.00048767
7890 0.00048767
7900 0.00048767
7910 0.00048767
7920 0.00048767
7930 0.00048767
7940 0.00048767
7950 0.00048767
7960 0.00048767
7970 0.00048767
7980 0.00048767
7990 0.00048767
8000 0.00048767
8010 0.00048767
8020 0.00048767
8030 0.00048767
8040 0.00048767
8050 0.00048767
8060 0.00048767
8070 0.00048767
8080 0.00048767
8090 0.00048767
8100 0.00048767
8110 0.00048767
8120 0.00048767
8130 0.00048767
8140 0.00048767
8150 0.00048767
8160 0.00048767
8170 0.00048767
8180 0.00048767
8190 0.00048767
8200 0.00048767
8210 0.00048767
8220 0.00048767
8230 0.00048767
8240 0.00048767
8250 0.00048767
8260 0.00048767
8270 0.00048767
8280 0.00048767
8290 0.00048767
8300 0.00048767
8310 0.00048767
8320 0.00048767
8330 0.00048767
8340 0.00048767
8350 0.00048767
8360 0.00048767
8370 0.00048767
8380 0.00048767
8390 0.00048767
8400 0.00048767
8410 0.00048767
8420 0.00048767
8430 0.00048767
8440 0.00048767
8450 0.00048767
8460 0.00048767
8470 0.00048767
8480 0.00048767
8490 0.00048767
8500 0.00048767
8510 0.00048767
8520 0.00048767
8530 0.00048767
8540 0.00048767
8550 0.00048767
8560 0.00048767
8570 0.00048767
8580 0.00048767
8590 0.00048767
8600 0.00048767
8610 0.00048767
8620 0.00048767
8630 0.00048767
8640 0.00048767
8650 0.00048767
8660 0.00048767
8670 0.00048767
8680 0.00048767
8690 0.00048767
8700 0.00048767
8710 0.00048767
8720 0.00048767
8730 0.00048767
8740 0.00048767
8750 0.00048767
8760 0.00048767
8770 0.00048767
8780 0.00048767
8790 0.00048767
8800 0.00048767
8810 0.00048767
8820 0.00048767
8830 0.00048767
8840 0.00048767
8850 0.00048767
8860 0.00048767
8870 0.00048767
8880 0.00048767
8890 0.00048767
8900 0.00048767
8910 0.00048767
8920 0.00048767
8930 0.00048767
8940 0.00048767
8950 0.00048767
8960 0.00048767
8970 0.00048767
8980 0.00048767
8990 0.00048767
9000 0.00048767
9010 0.00048767
9020 0.00048767
9030 0.00048767
9040 0.00048767
9050 0.00048767
9060 0.00048767
9070 0.00048767
9080 0.00048767
9090 0.00048767
9100 0.00048767
9110 0.00048767
9120 0.00048767
9130 0.00048767
9140 0.00048767
9150 0.00048767
9160 0.00048767
9170 0.00048767
9180 0.00048767
9190 0.00048767
9200 0.00048767
9210 0.00048767
9220 0.00048767
9230 0.00048767
9240 0.00048767
9250 0.00048767
9260 0.00048767
9270 0.00048767
9280 0.00048767
9290 0.00048767
9300 0.00048767
9310 0.00048767
9320 0.00048767
9330 0.00048767
9340 0.00048767
9350 0.00048767
9360 0.00048767
9370 0.00048767
9380 0.00048767
9390 0.00048767
9400 0.00048767
9410 0.00048767
9420 0.00048767
9430 0.00048767
9440 0.00048767
9450 0.00048767
9460 0.00048767
9470 0.00048767
9480 0.00048767
9490 0.00048767
9500 0.00048767
9510 0.00048767
9520 0.00048767
9530 0.00048767
9540 0.00048767
9550 0.00048767
9560 0.00048767
9570 0.00048767
9580 0.00048767
9590 0.00048767
9600 0.00048767
9610 0.00048767
9620 0.00048767
9630 0.00048767
9640 0.00048767
9650 0.00048767
9660 0.00048767
9670 0.00048767
9680 0.00048767
9690 0.00048767
9700 0.00048767
9710 0.00048767
9720 0.00048767
9730 0.00048767
9740 0.00048767
9750 0.00048767
9760 0.00048767
9770 0.00048767
9780 0.00048767
9790 0.00048767
9800 0.00048767
9810 0.00048767
9820 0.00048767
9830 0.00048767
9840 0.00048767
9850 0.00048767
9860 0.00048767
9870 0.00048767
9880 0.00048767
9890 0.00048767
9900 0.00048767
9910 0.00048767
9920 0.00048767
9930 0.00048767
9940 0.00048767
9950 0.00048767
9960 0.00048767
9970 0.00048767
9980 0.00048767
9990 0.00048767
10000 0.00048767
10010 0.00048767
10020 0.00048767
10030 0.00048767
10040 0.00048767
10050 0.00048767
10060 0.00048767
10070 0.00048767
10080 0.00048767
10090 0.00048767
10100 0.00048767
10110 0.00048767
10120 0.00048767
10130 0.00048767
10140 0.00048767
10150 0.00048767
10160 0.00048767
10170 0.00048767
10180 0.00048767
10190 0.00048767
10200 0.00048767
10210 0.00048767
10220 0.00048767
10230 0.00048767
10240 0.00048767
10250 0.00048767
10260 0.00048767
10270 0.00048767
10280 0.00048767
10290 0.00048767
10300 0.00048767
10310 0.00048767
10320 0.00048767
10330 0.00048767
10340 0.00048767
10350 0.00048767
10360 0.00048767
10370 0.00048767
10380 0.00048767
10390 0.00048767
10400 0.00048767
10410 0.00048767
10420 0.00048767
10430 0.00048767
10440 0.00048767
10450 0.00048767
10460 0.00048767
10470 0.00048767
10480 0.00048767
10490 0.00048767
10500 0.00048767
10510 0.00048767
10520 0.00048767
10530 0.00048767
10540 0.00048767
10550 0.00048767
10560 0.00048767
10570 0.00048767
10580 0.00048767
10590 0.00048767
10600 0.00048767
10610 0.00048767
10620 0.00048767
10630 0.00048767
10640 0.00048767
10650 0.00048767
10660 0.00048767
10670 0.00048767
10680 0.00048767
10690 0.00048767
10700 0.00048767
10710 0.00048767
10720 0.00048767
10730 0.00048767
10740 0.00048767
10750 0.00048767
10760 0.00048767
10770 0.00048767
10780 0.00048767
10790 0.00048767
10800 0.00048767
10810 0.00048767
10820 0.00048767
10830 0.00048767
10840 0.00048767
10850 0.00048767
10860 0.00048767
10870 0.00048767
10880 0.00048767
10890 0.00048767
10900 0.00048767
10910 0.00048767
10920 0.00048767
10930 0.00048767
10940 0.00048767
10950 0.00048767
10960 0.00048767
10970 0.00048767
10980 0.00048767
10990 0.00048767
11000 0.00048767
11010 0.00048767
11020 0.00048767
11030 0.00048767
11040 0.00048767
11050 0.00048767
11060 0.00048767
11070 0.00048767
11080 0.00048767
11090 0.00048767
11100 0.00048767
11110 0.00048767
11120 0.00048767
11130 0.00048767
11140 0.00048767
11150 0.00048767
11160 0.00048767
11170 0.00048767
11180 0.00048767
11190 0.00048767
11200 0.00048767
11210 0.00048767
11220 0.00048767
11230 0.00048767
11240 0.00048767
11250 0.00048767
11260 0.00048767
11270 0.00048767
11280 0.00048767
11290 0.00048767
11300 0.00048767
11310 0.00048767
11320 0.00048767
11330 0.00048767
11340 0.00048767
11350 0.00048767
11360 0.00048767
11370 0.00048767
11380 0.00048767
11390 0.00048767
11400 0.00048767
11410 0.00048767
11420 0.00048767
11430 0.00048767
11440 0.00048767
11450 0.00048767
11460 0.00048767
11470 0.00048767
11480 0.00048767
11490 0.00048767
11500 0.00048767
11510 0.00048767
11520 0.00048767
11530 0.00048767
11540 0.00048767
11550 0.00048767
11560 0.00048767
11570 0.00048767
11580 0.00048767
11590 0.00048767
11600 0.00048767
11610 0.00048767
11620 0.00048767
11630 0.00048767
11640 0.00048767
11650 0.00048767
11660 0.00048767
11670 0.00048767
11680 0.00048767
11690 0.00048767
11700 0.00048767
11710 0.00048767
11720 0.00048767
11730 0.00048767
11740 0.00048767
11750 0.00048767
11760 0.00048767
11770 0.00048767
11780 0.00048767
11790 0.00048767
11800 0.00048767
11810 0.00048767
11820 0.00048767
11830 0.00048767
11840 0.00048767
11850 0.00048767
11860 0.00048767
11870 0.00048767
11880 0.00048767
11890 0.00048767
11900 0.00048767
11910 0.00048767
11920 0.00048767
11930 0.00048767
11940 0.00048767
11950 0.00048767
11960 0.00048767
11970 0.00048767
11980 0.00048767
11990 0.00048767
12000 0.00048767
12010 0.00048767
12020 0.00048767
12030 0.00048767
12040 0.00048767
12050 0.00048767
12060 0.00048767
12070 0.00048767
12080 0.00048767
12090 0.00048767
12100 0.00048767
12110 0.00048767
12120 0.00048767
12130 0.00048767
12140 0.00048767
12150 0.00048767
12160 0.00048767
12170 0.00048767
12180 0.00048767
12190 0.00048767
12200 0.00048767
12210 0.00048767
12220 0.00048767
12230 0.00048767
12240 0.00048767
12250 0.00048767
12260 0.00048767
12270 0.00048767
12280 0.00048767
12290 0.00048767
12300 0.00048767
12310 0.00048767
12320 0.00048767
12330 0.00048767
12340 0.00048767
12350 0.00048767
12360 0.00048767
12370 0.00048767
12380 0.00048767
12390 0.00048767
12400 0.00048767
12410 0.00048767
12420 0.00048767
12430 0.00048767
12440 0.00048767
12450 0.00048767
12460 0.00048767
12470 0.00048767
12480 0.00048767
12490 0.00048767
12500 0.00048767
12510 0.00048767
12520 0.00048767
12530 0.00048767
12540 0.00048767
12550 0.00048767
12560 0.00048767
12570 0.00048767
12580 0.00048767
12590 0.00048767
12600 0.00048767
12610 0.00048767
12620 0.00048767
12630 0.00048767
12640 0.00048767
12650 0.00048767
12660 0.00048767
12670 0.00048767
12680 0.00048767
12690 0.00048767
12700 0.00048767
12710 0.00048767
12720 0.00048767
12730 0.00048767
12740 0.00048767
12750 0.00048767
12760 0.00048767
12770 0.00048767
12780 0.00048767
12790 0.00048767
12800 0.00048767
12810 0.00048767
12820 0.00048767
12830 0.00048767
12840 0.00048767
12850 0.00048767
12860 0.00048767
12870 0.00048767
12880 0.00048767
12890 0.00048767
12900 0.00048767
12910 0.00048767
12920 0.00048767
12930 0.00048767
12940 0.00048767
12950 0.00048767
12960 0.00048767
12970 0.00048767
12980 0.00048767
12990 0.00048767
13000 0.00048767
13010 0.00048767
13020 0.00048767
13030 0.00048767
13040 0.00048767
13050 0.00048767
13060 0.00048767
13070 0.00048767
13080 0.00048767
13090 0.00048767
13100 0.00048767
13110 0.00048767
13120 0.00048767
13130 0.00048767
13140 0.00048767
13150 0.00048767
13160 0.00048767
13170 0.00048767
13180 0.00048767
13190 0.00048767
13200 0.00048767
13210 0.00048767
13220 0.00048767
13230 0.00048767
13240 0.00048767
13250 0.00048767
13260 0.00048767
13270 0.00048767
13280 0.00048767
13290 0.00048767
13300 0.00048767
13310 0.00048767
13320 0.00048767
13330 0.00048767
13340 0.00048767
13350 0.00048767
13360 0.00048767
13370 0.00048767
13380 0.00048767
13390 0.00048767
13400 0.00048767
13410 0.00048767
13420 0.00048767
13430 0.00048767
13440 0.00048767
13450 0.00048767
13460 0.00048767
13470 0.00048767
13480 0.00048767
13490 0.00048767
13500 0.00048767
13510 0.00048767
13520 0.00048767
13530 0.00048767
13540 0.00048767
13550 0.00048767
13560 0.00048767
13570 0.00048767
13580 0.00048767
13590 0.00048767
13600 0.00048767
13610 0.00048767
13620 0.00048767
13630 0.00048767
13640 0.00048767
13650 0.00048767
13660 0.00048767
13670 0.00048767
13680 0.00048767
13690 0.00048767
13700 0.00048767
13710 0.00048767
13720 0.00048767
13730 0.00048767
13740 0.00048767
13750 0.00048767
13760 0.00048767
13770 0.00048767
13780 0.00048767
13790 0.00048767
13800 0.00048767
13810 0.00048767
13820 0.00048767
13830 0.00048767
13840 0.00048767
13850 0.00048767
13860 0.00048767
13870 0.00048767
13880 0.00048767
13890 0.00048767
13900 0.00048767
13910 0.00048767
13920 0.00048767
13930 0.00048767
13940 0.00048767
13950 0.00048767
13960 0.00048767
13970 0.00048767
13980 0.00048767
13990 0.00048767
14000 0.00048767
14010 0.00048767
14020 0.00048767
14030 0.00048767
14040 0.00048767
14050 0.00048767
14060 0.00048767
14070 0.00048767
14080 0.00048767
14090 0.00048767
14100 0.00048767
14110 0.00048767
14120 0.00048767
14130 0.00048767
14140 0.00048767
14150 0.00048767
14160 0.00048767
14170 0.00048767
14180 0.00048767
14190 0.00048767
14200 0.00048767
14210 0.00048767
14220 0.00048767
14230 0.00048767
14240 0.00048767
14250 0.00048767
14260 0.00048767
14270 0.00048767
14280 0.00048767
14290 0.00048767
14300 0.00048767
14310 0.00048767
14320 0.00048767
14330 0.00048767
14340 0.00048767
14350 0.00048767
14360 0.00048767
14370 0.00048767
14380 0.00048767
14390 0.00048767
14400 0.00048767
14410 0.00048767
14420 0.00048767
14430 0.00048767
14440 0.00048767
14450 0.00048767
14460 0.00048767
14470 0.00048767
14480 0.00048767
14490 0.00048767
14500 0.00048767
14510 0.00048767
14520 0.00048767
14530 0.00048767
14540 0.00048767
14550 0.00048767
14560 0.00048767
14570 0.00048767
14580 0.00048767
14590 0.00048767
14600 0.00048767
14610 0.00048767
14620 0.00048767
14630 0.00048767
14640 0.00048767
14650 0.00048767
14660 0.00048767
14670 0.00048767
14680 0.00048767
14690 0.00048767
14700 0.00048767
14710 0.00048767
14720 0.00048767
14730 0.00048767
14740 0.00048767
14750 0.00048767
14760 0.00048767
14770 0.00048767
14780 0.00048767
14790 0.00048767
14800 0.00048767
14810 0.00048767
14820 0.00048767
14830 0.00048767
14840 0.00048767
14850 0.00048767
14860 0.00048767
14870 0.00048767
14880 0.00048767
14890 0.00048767
14900 0.00048767
14910 0.00048767
14920 0.00048767
14930 0.00048767
14940 0.00048767
14950 0.00048767
14960 0.00048767
14970 0.00048767
14980 0.00048767
14990 0.00048767
15000 0.00048767
15010 0.00048767
15020 0.00048767
15030 0.00048767
15040 0.00048767
15050 0.00048767
15060 0.00048767
15070 0.00048767
15080 0.00048767
15090 0.00048767
15100 0.00048767
15110 0.00048767
15120 0.00048767
15130 0.00048767
15140 0.00048767
15150 0.00048767
15160 0.00048767
15170 0.00048767
15180 0.00048767
15190 0.00048767
15200 0.00048767
15210 0.00048767
15220 0.00048767
15230 0.00048767
15240 0.00048767
15250 0.00048767
15260 0.00048767
15270 0.00048767
15280 0.00048767
15290 0.00048767
15300 0.00048767
15310 0.00048767
15320 0.00048767
15330 0.00048767
15340 0.00048767
15350 0.00048767
15360 0.00048767
15370 0.00048767
15380 0.00048767
15390 0.00048767
15400 0.00048767
15410 0.00048767
15420 0.00048767
15430 0.00048767
15440 0.00048767
15450 0.00048767
15460 0.00048767
15470 0.00048767
15480 0.00048767
15490 0.00048767
15500 0.00048767
15510 0.00048767
15520 0.00048767
15530 0.00048767
15540 0.00048767
15550 0.00048767
15560 0.00048767
15570 0.00048767
15580 0.00048767
15590 0.00048767
15600 0.00048767
15610 0.00048767
15620 0.00048767
15630 0.00048767
15640 0.00048767
15650 0.00048767
15660 0.00048767
15670 0.00048767
15680 0.00048767
15690 0.00048767
15700 0.00048767
15710 0.00048767
15720 0.00048767
15730 0.00048767
15740 0.00048767
15750 0.00048767
15760 0.00048767
15770 0.00048767
15780 0.00048767
15790 0.00048767
15800 0.00048767
15810 0.00048767
15820 0.00048767
15830 0.00048767
15840 0.00048767
15850 0.00048767
15860 0.00048767
15870 0.00048767
15880 0.00048767
15890 0.00048767
15900 0.00048767
15910 0.00048767
15920 0.00048767
15930 0.00048767
15940 0.00048767
15950 0.00048767
15960 0.00048767
15970 0.00048767
15980 0.00048767
15990 0.00048767
16000 0.00048767
16010 0.00048767
16020 0.00048767
16030 0.00048767
16040 0.00048767
16050 0.00048767
16060 0.00048767
16070 0.00048767
16080 0.00048767
16090 0.00048767
16100 0.00048767
16110 0.00048767
16120 0.00048767
16130 0.00048767
16140 0.00048767
16150 0.00048767
16160 0.00048767
16170 0.00048767
16180 0.00048767
16190 0.00048767
16200 0.00048767
16210 0.00048767
16220 0.00048767
16230 0.00048767
16240 0.00048767
16250 0.00048767
16260 0.00048767
16270 0.00048767
16280 0.00048767
16290 0.00048767
16300 0.00048767
16310 0.00048767
16320 0.00048767
16330 0.00048767
16340 0.00048767
16350 0.00048767
16360 0.00048767
16370 0.00048767
16380 0.00048767
16390 0.00048767
16400 0.00048767
16410 0.00048767
16420 0.00048767
16430 0.00048767
16440 0.00048767
16450 0.00048767
16460 0.00048767
16470 0.00048767
16480 0.00048767
16490 0.00048767
16500 0.00048767
16510 0.00048767
16520 0.00048767
16530 0.00048767
16540 0.00048767
16550 0.00048767
16560 0.00048767
16570 0.00048767
16580 0.00048767
16590 0.00048767
16600 0.00048767
16610 0.00048767
16620 0.00048767
16630 0.00048767
16640 0.00048767
16650 0.00048767
16660 0.00048767
16670 0.00048767
16680 0.00048767
16690 0.00048767
16700 0.00048767
16710 0.00048767
16720 0.00048767
16730 0.00048767
16740 0.00048767
16750 0.00048767
16760 0.00048767
16770 0.00048767
16780 0.00048767
16790 0.00048767
16800 0.00048767
16810 0.00048767
16820 0.00048767
16830 0.00048767
16840 0.00048767
16850 0.00048767
16860 0.00048767
16870 0.00048767
16880 0.00048767
16890 0.00048767
16900 0.00048767
16910 0.00048767
16920 0.00048767
16930 0.00048767
16940 0.00048767
16950 0.00048767
16960 0.00048767
16970 0.00048767
16980 0.00048767
16990 0.00048767
17000 0.00048767
17010 0.00048767
17020 0.00048767
17030 0.00048767
17040 0.00048767
17050 0.00048767
17060 0.00048767
17070 0.00048767
17080 0.00048767
17090 0.00048767
17100 0.00048767
17110 0.00048767
17120 0.00048767
17130 0.00048767
17140 0.00048767
17150 0.00048767
17160 0.00048767
17170 0.00048767
17180 0.00048767
17190 0.00048767
17200 0.00048767
17210 0.00048767
17220 0.00048767
17230 0.00048767
17240 0.00048767
17250 0.00048767
17260 0.00048767
17270 0.00048767
17280 0.00048767
17290 0.00048767
17300 0.00048767
17310 0.00048767
17320 0.00048767
17330 0.00048767
17340 0.00048767
17350 0.00048767
17360 0.00048767
17370 0.00048767
17380 0.00048767
17390 0.00048767
17400 0.00048767
17410 0.00048767
17420 0.00048767
17430 0.00048767
17440 0.00048767
17450 0.00048767
17460 0.00048767
17470 0.00048767
17480 0.00048767
17490 0.00048767
17500 0.00048767
17510 0.00048767
17520 0.00048767
17530 0.00048767
17540 0.00048767
17550 0.00048767
17560 0.00048767
17570 0.00048767
17580 0.00048767
17590 0.00048767
17600 0.00048767
17610 0.00048767
17620 0.00048767
17630 0.00048767
17640 0.00048767
17650 0.00048767
17660 0.00048767
17670 0.00048767
17680 0.00048767
17690 0.00048767
17700 0.00048767
17710 0.00048767
17720 0.00048767
17730 0.00048767
17740 0.00048767
17750 0.00048767
17760 0.00048767
17770 0.00048767
17780 0.00048767
17790 0.00048767
17800 0.00048767
17810 0.00048767
17820 0.00048767
17830 0.00048767
17840 0.00048767
17850 0.00048767
17860 0.00048767
17870 0.00048767
17880 0.00048767
17890 0.00048767
17900 0.00048767
17910 0.00048767
17920 0.00048767
17930 0.00048767
17940 0.00048767
17950 0.00048767
17960 0.00048767
17970 0.00048767
17980 0.00048767
17990 0.00048767
18000 0.00048767
18010 0.00048767
18020 0.00048767
18030 0.00048767
18040 0.00048767
18050 0.00048767
18060 0.00048767
18070 0.00048767
18080 0.00048767
18090 0.00048767
18100 0.00048767
18110 0.00048767
18120 0.00048767
18130 0.00048767
18140 0.00048767
18150 0.00048767
18160 0.00048767
18170 0.00048767
18180 0.00048767
18190 0.00048767
18200 0.00048767
18210 0.00048767
18220 0.00048767
18230 0.00048767
18240 0.00048767
18250 0.00048767
18260 0.00048767
18270 0.00048767
18280 0.00048767
18290 0.00048767
18300 0.00048767
18310 0.00048767
18320 0.00048767
18330 0.00048767
18340 0.00048767
18350 0.00048767
18360 0.00048767
18370 0.00048767
18380 0.00048767
18390 0.00048767
18400 0.00048767
18410 0.00048767
18420 0.00048767
18430 0.00048767
18440 0.00048767
18450 0.00048767
18460 0.00048767
18470 0.00048767
18480 0.00048767
18490 0.00048767
18500 0.00048767
18510 0.00048767
18520 0.00048767
18530 0.00048767
18540 0.00048767
18550 0.00048767
18560 0.00048767
18570 0.00048767
18580 0.00048767
18590 0.00048767
18600 0.00048767
18610 0.00048767
18620 0.00048767
18630 0.00048767
18640 0.00048767
18650 0.00048767
18660 0.00048767
18670 0.00048767
18680 0.00048767
18690 0.00048767
18700 0.00048767
18710 0.00048767
18720 0.00048767
18730 0.00048767
18740 0.00048767
18750 0.00048767
18760 0.00048767
18770 0.00048767
18780 0.00048767
18790 0.00048767
18800 0.00048767
18810 0.00048767
18820 0.00048767
18830 0.00048767
18840 0.00048767
18850 0.00048767
18860 0.00048767
18870 0.00048767
18880 0.00048767
18890 0.00048767
18900 0.00048767
18910 0.00048767
18920 0.00048767
18930 0.00048767
18940 0.00048767
18950 0.00048767
18960 0.00048767
18970 0.00048767
18980 0.00048767
18990 0.00048767
19000 0.00048767
19010 0.00048767
19020 0.00048767
19030 0.00048767
19040 0.00048767
19050 0.00048767
19060 0.00048767
19070 0.00048767
19080 0.00048767
19090 0.00048767
19100 0.00048767
19110 0.00048767
19120 0.00048767
19130 0.00048767
19140 0.00048767
19150 0.00048767
19160 0.00048767
19170 0.00048767
19180 0.00048767
19190 0.00048767
19200 0.00048767
19210 0.00048767
19220 0.00048767
19230 0.00048767
19240 0.00048767
19250 0.00048767
19260 0.00048767
19270 0.00048767
19280 0.00048767
19290 0.00048767
19300 0.00048767
19310 0.00048767
19320 0.00048767
19330 0.00048767
19340 0.00048767
19350 0.00048767
19360 0.00048767
19370 0.00048767
19380 0.00048767
19390 0.00048767
19400 0.00048767
19410 0.00048767
19420 0.00048767
19430 0.00048767
19440 0.00048767
19450 0.00048767
19460 0.00048767
19470 0.00048767
19480 0.00048767
19490 0.00048767
19500 0.00048767
19510 0.00048767
19520 0.00048767
19530 0.00048767
19540 0.00048767
19550 0.00048767
19560 0.00048767
19570 0.00048767
19580 0.00048767
19590 0.00048767
19600 0.00048767
19610 0.00048767
19620 0.00048767
19630 0.00048767
19640 0.00048767
19650 0.00048767
19660 0.00048767
19670 0.00048767
19680 0.00048767
19690 0.00048767
19700 0.00048767
19710 0.00048767
19720 0.00048767
19730 0.00048767
19740 0.00048767
19750 0.00048767
19760 0.00048767
19770 0.00048767
19780 0.00048767
19790 0.00048767
19800 0.00048767
19810 0.00048767
19820 0.00048767
19830 0.00048767
19840 0.00048767
19850 0.00048767
19860 0.00048767
19870 0.00048767
19880 0.00048767
19890 0.00048767
19900 0.00048767
19910 0.00048767
19920 0.00048767
19930 0.00048767
19940 0.00048767
19950 0.00048767
19960 0.00048767
19970 0.00048767
19980 0.00048767
19990 0.00048767
20000 0.00048767
-END-OF-DATA-
