-START-OF-DATA-
1759.5 0.00263869
1769.5 0.00263869
1779.5 0.00263869
1789.5 0.00263869
1799.5 0.00263869
1809.5 0.00263869
1819.5 0.00263869
1829.5 0.00263869
1839.5 0.00263869
1849.5 0.00263869
1859.5 0.00263869
1869.5 0.00263869
1879.5 0.00263869
1889.5 0.00263869
1899.5 0.00263869
1909.5 0.00263869
1919.5 0.00263869
1929.5 0.00263869
1939.5 0.00263869
1949.5 0.00281
2049.5 0.002866
2149.5 0.002961
2249.5 0.003094
2349.5 0.003256
2449.5 0.003436
2549.5 0.003664
2649.5 0.003968
2749.5 0.004338
2849.5 0.004784
2949.5 0.005315
3049.5 0.005904
3149.5 0.006549
3249.5 0.007223
3349.5 0.007888
3449.5 0.008524
3549.5 0.009093
3649.5 0.009587
3749.5 0.009966
3849.5 0.010251
3949.5 0.010536
4049.5 0.010726
4149.5 0.010821
4249.5 0.010821
4349.5 0.010915
4449.5 0.010915
4549.5 0.010821
4649.5 0.010821
4749.5 0.010726
4849.5 0.010726
4949.5 0.010631
5049.5 0.010631
5149.5 0.010536
5249.5 0.010441
5349.5 0.010346
5449.5 0.010346
5549.5 0.010251
5649.5 0.010156
5749.5 0.010156
5849.5 0.010061
5949.5 0.009966
6049.5 0.009966
6149.5 0.009871
6249.5 0.009871
6349.5 0.009776
6449.5 0.009682
6549.5 0.009682
6649.5 0.009587
6749.5 0.009587
6849.5 0.009492
6949.5 0.009463
7049.5 0.009416
7149.5 0.009368
7249.5 0.009321
7349.5 0.009273
7449.5 0.009226
7549.5 0.009178
7649.5 0.00914
7749.5 0.009093
7849.5 0.009055
7949.5 0.009008
8049.5 0.00897
8149.5 0.008932
8249.5 0.008894
8349.5 0.008846
8449.5 0.008808
8549.5 0.00877
8649.5 0.008732
8749.5 0.008694
8849.5 0.008666
8949.5 0.008628
9049.5 0.00859
9149.5 0.008552
9249.5 0.008524
9349.5 0.008486
9449.5 0.008457
9549.5 0.008419
9649.5 0.008391
9749.5 0.008353
9849.5 0.008324
9949.5 0.008296
10049.5 0.008258
10149.5 0.008229
10249.5 0.008201
10349.5 0.008172
10449.5 0.008144
10549.5 0.008115
10649.5 0.008087
10749.5 0.008058
10849.5 0.00803
10949.5 0.008001
11049.5 0.007973
11149.5 0.007945
11249.5 0.007916
11349.5 0.007888
11449.5 0.007859
11549.5 0.00784
11649.5 0.007812
11749.5 0.007783
11849.5 0.007764
11949.5 0.007736
12049.5 0.007707
12149.5 0.007688
12249.5 0.00766
12349.5 0.007641
12449.5 0.007612
12549.5 0.007593
12649.5 0.007565
12749.5 0.007546
12849.5 0.007517
12949.5 0.007498
13049.5 0.007479
13149.5 0.007451
13249.5 0.007432
13349.5 0.007413
13449.5 0.007394
13549.5 0.007366
13649.5 0.007347
13749.5 0.007328
13849.5 0.007309
13949.5 0.00728
14049.5 0.007261
14149.5 0.007242
14249.5 0.007223
14349.5 0.007204
14449.5 0.007185
14549.5 0.007166
14649.5 0.007147
14749.5 0.007128
14849.5 0.007109
14949.5 0.00709
15049.5 0.007071
15149.5 0.007052
15249.5 0.007033
15349.5 0.007014
15449.5 0.006995
15549.5 0.006976
15649.5 0.006957
15749.5 0.006938
15849.5 0.006929
15949.5 0.00691
16049.5 0.006891
16149.5 0.006872
16249.5 0.006853
16349.5 0.006834
16449.5 0.006825
16549.5 0.006806
16649.5 0.006787
16749.5 0.006768
16849.5 0.006749
16949.5 0.006739
17049.5 0.00672
17149.5 0.006701
17249.5 0.006692
17349.5 0.006673
17449.5 0.006654
17549.5 0.006644
17649.5 0.006625
17749.5 0.006606
17849.5 0.006597
17949.5 0.006578
18049.5 0.006568
18149.5 0.006549
18249.5 0.00654
18349.5 0.006521
18449.5 0.006511
18549.5 0.006492
18649.5 0.006483
18749.5 0.006464
18849.5 0.006454
18949.5 0.006435
19049.5 0.006426
19149.5 0.006416
19249.5 0.006397
19349.5 0.006388
19449.5 0.006369
19549.5 0.006359
19649.5 0.00635
19749.5 0.006331
19849.5 0.006321
19949.5 0.006312
20049.5 0.006302
20149.5 0.006283
20249.5 0.006274
20349.5 0.006265
20449.5 0.006255
20549.5 0.006236
20649.5 0.006227
20749.5 0.006217
20849.5 0.006208
20949.5 0.006198
21049.5 0.006179
21149.5 0.00617
21249.5 0.00616
21349.5 0.006151
21449.5 0.006141
21549.5 0.006132
21649.5 0.006122
21749.5 0.006113
21849.5 0.006094
21949.5 0.006084
22049.5 0.006075
22149.5 0.006065
22249.5 0.006056
22349.5 0.006046
22449.5 0.006037
22549.5 0.006027
22649.5 0.006018
22749.5 0.006008
22849.5 0.005999
22949.5 0.005989
23049.5 0.00598
23149.5 0.00597
23249.5 0.005961
23349.5 0.005951
23449.5 0.005942
23549.5 0.005932
23649.5 0.005932
23749.5 0.005923
23849.5 0.005913
23949.5 0.005904
24049.5 0.005894
24149.5 0.005885
24249.5 0.005875
24349.5 0.005866
24449.5 0.005866
24549.5 0.005856
24649.5 0.005847
24749.5 0.005837
24849.5 0.005828
24949.5 0.005818
25049.5 0.005818
25149.5 0.005809
25249.5 0.005799
25349.5 0.00579
25449.5 0.00579
25549.5 0.00578
25649.5 0.005771
25749.5 0.005761
25849.5 0.005761
25949.5 0.005752
26049.5 0.005742
26149.5 0.005733
26249.5 0.005733
26349.5 0.005723
26449.5 0.005714
26549.5 0.005714
26649.5 0.005705
26749.5 0.005695
26849.5 0.005695
26949.5 0.005686
27049.5 0.005676
27149.5 0.005676
27249.5 0.005667
27349.5 0.005657
27449.5 0.005657
27549.5 0.005648
27649.5 0.005638
27749.5 0.005638
27849.5 0.005629
27949.5 0.005629
28049.5 0.005619
28149.5 0.00561
28249.5 0.00561
28349.5 0.0056
28449.5 0.0056
28549.5 0.005591
28649.5 0.005581
28749.5 0.005581
28849.5 0.005572
28949.5 0.005572
29049.5 0.005562
29149.5 0.005562
29249.5 0.005553
29349.5 0.005543
29449.5 0.005543
29549.5 0.005534
29649.5 0.005534
29749.5 0.005524
29849.5 0.005524
29949.5 0.005515
30049.5 0.005515
30149.5 0.005505
30249.5 0.005505
30349.5 0.005496
30449.5 0.005496
30549.5 0.005486
30649.5 0.005486
30749.5 0.005477
30849.5 0.005477
30949.5 0.005467
31049.5 0.005467
31149.5 0.005458
31249.5 0.005458
31349.5 0.005448
31449.5 0.005448
31549.5 0.005439
31649.5 0.005439
31749.5 0.005429
31849.5 0.005429
31949.5 0.00542
32049.5 0.00542
32149.5 0.00541
32249.5 0.00541
32349.5 0.005401
32449.5 0.005401
32549.5 0.005391
32649.5 0.005391
32749.5 0.005382
32849.5 0.005382
32949.5 0.005382
33049.5 0.005372
33149.5 0.005372
33249.5 0.005363
33349.5 0.005363
33449.5 0.005353
33549.5 0.005353
33649.5 0.005344
33749.5 0.005344
33849.5 0.005334
33949.5 0.005334
34049.5 0.005334
34149.5 0.005325
34249.5 0.005325
34349.5 0.005315
34449.5 0.005315
34549.5 0.005306
34649.5 0.005306
34749.5 0.005306
34849.5 0.005296
34949.5 0.005296
35049.5 0.005287
35149.5 0.005287
35249.5 0.005277
35349.5 0.005277
35449.5 0.005277
35549.5 0.005268
35649.5 0.005268
35749.5 0.005258
35849.5 0.005258
35949.5 0.005249
36049.5 0.005249
36149.5 0.005249
36249.5 0.005239
36349.5 0.005239
36449.5 0.00523
36549.5 0.00523
36649.5 0.00522
36749.5 0.00522
36849.5 0.00522
36949.5 0.005211
37049.5 0.005211
37149.5 0.005201
37249.5 0.005201
37349.5 0.005192
37449.5 0.005192
37549.5 0.005192
37649.5 0.005182
37749.5 0.005182
37849.5 0.005173
37949.5 0.005173
38049.5 0.005173
38149.5 0.005163
38249.5 0.005163
38349.5 0.005154
38449.5 0.005154
38549.5 0.005154
38649.5 0.005144
38749.5 0.005144
38849.5 0.005135
38949.5 0.005135
39049.5 0.005126
39149.5 0.005126
39249.5 0.005126
39349.5 0.005116
39449.5 0.005116
39549.5 0.005107
39649.5 0.005107
39749.5 0.005107
39849.5 0.005097
39949.5 0.005097
40049.5 0.005088
40149.5 0.005088
40249.5 0.005088
40349.5 0.005078
40449.5 0.005078
40549.5 0.005069
40649.5 0.005069
40749.5 0.005069
40849.5 0.005059
40949.5 0.005059
41049.5 0.005059
41149.5 0.00505
41249.5 0.00505
41349.5 0.00504
41449.5 0.00504
41549.5 0.00504
41649.5 0.005031
41749.5 0.005031
41849.5 0.005031
41949.5 0.005021
42049.5 0.005021
42149.5 0.005021
42249.5 0.005012
42349.5 0.005012
42449.5 0.005002
42549.5 0.005002
42649.5 0.005002
42749.5 0.004993
42849.5 0.004993
42949.5 0.004993
43049.5 0.004983
43149.5 0.004983
43249.5 0.004983
43349.5 0.004974
43449.5 0.004974
43549.5 0.004964
43649.5 0.004964
43749.5 0.004964
43849.5 0.004955
43949.5 0.004955
44049.5 0.004955
44149.5 0.004945
44249.5 0.004945
44349.5 0.004945
44449.5 0.004936
44549.5 0.004936
44649.5 0.004936
44749.5 0.004926
44849.5 0.004926
44949.5 0.004926
45049.5 0.004917
45149.5 0.004917
45249.5 0.004917
45349.5 0.004907
45449.5 0.004907
45549.5 0.004907
45649.5 0.004898
45749.5 0.004898
45849.5 0.004898
45949.5 0.004888
46049.5 0.004888
46149.5 0.004888
46249.5 0.004879
46349.5 0.004879
46449.5 0.004879
46549.5 0.004869
46649.5 0.004869
46749.5 0.004869
46849.5 0.00486
46949.5 0.00486
47049.5 0.00486
47149.5 0.00485
47249.5 0.00485
47349.5 0.00485
47449.5 0.004841
47549.5 0.004841
47649.5 0.004841
47749.5 0.004841
47849.5 0.004831
47949.5 0.004831
48049.5 0.004831
48149.5 0.004822
48249.5 0.004822
48349.5 0.004822
48449.5 0.004812
48549.5 0.004812
48649.5 0.004812
48749.5 0.004812
48849.5 0.004803
48949.5 0.004803
49049.5 0.004803
49149.5 0.004803
49249.5 0.004793
49349.5 0.004793
49449.5 0.004793
49549.5 0.004784
49649.5 0.004784
49749.5 0.004784
49849.5 0.004784
49949.5 0.004774
50049.5 0.004774
50149.5 0.004774
50249.5 0.004774
50349.5 0.004765
50449.5 0.004765
50549.5 0.004765
50649.5 0.004765
50749.5 0.004755
50849.5 0.004755
50949.5 0.004755
51049.5 0.004746
51149.5 0.004746
51249.5 0.004746
51349.5 0.004746
51449.5 0.004736
51549.5 0.004736
51649.5 0.004736
51749.5 0.004736
51849.5 0.004727
51949.5 0.004727
52049.5 0.004727
52149.5 0.004727
52249.5 0.004717
52349.5 0.004717
52449.5 0.004717
52549.5 0.004717
52649.5 0.004708
52749.5 0.004708
52849.5 0.004708
52949.5 0.004708
53049.5 0.004698
53149.5 0.004698
53249.5 0.004698
53349.5 0.004698
53449.5 0.004689
53549.5 0.004689
53649.5 0.004689
53749.5 0.004689
53849.5 0.004679
53949.5 0.004679
54049.5 0.004679
54149.5 0.004679
54249.5 0.004679
54349.5 0.00467
54449.5 0.00467
54549.5 0.00467
54649.5 0.00467
54749.5 0.00466
54849.5 0.00466
54949.5 0.00466
55049.5 0.00466
55149.5 0.00466
55249.5 0.004651
55349.5 0.004651
55449.5 0.004651
55549.5 0.004651
55649.5 0.004641
55749.5 0.004641
55849.5 0.004641
55949.5 0.004641
56049.5 0.004641
56149.5 0.004632
56249.5 0.004632
56349.5 0.004632
56449.5 0.004632
56549.5 0.004622
56649.5 0.004622
56749.5 0.004622
56849.5 0.004622
56949.5 0.004622
57049.5 0.004613
57149.5 0.004613
57249.5 0.004613
57349.5 0.004613
57449.5 0.004613
57549.5 0.004603
57649.5 0.004603
57749.5 0.004603
57849.5 0.004603
57949.5 0.004603
58049.5 0.004594
58149.5 0.004594
58249.5 0.004594
58349.5 0.004594
58449.5 0.004594
58549.5 0.004584
58649.5 0.004584
58749.5 0.004584
58849.5 0.004584
58949.5 0.004584
59049.5 0.004575
59149.5 0.004575
59249.5 0.004575
59349.5 0.004575
59449.5 0.004575
59549.5 0.004575
59649.5 0.004566
59749.5 0.004566
59849.5 0.004566
59949.5 0.004566
60049.5 0.004566
60149.5 0.004556
60249.5 0.004556
60349.5 0.004556
60449.5 0.004556
60549.5 0.004556
60649.5 0.004556
60749.5 0.004547
60849.5 0.004547
60949.5 0.004547
61049.5 0.004547
61149.5 0.004547
61249.5 0.004547
61349.5 0.004537
61449.5 0.004537
61549.5 0.004537
61649.5 0.004537
61749.5 0.004537
61849.5 0.004537
61949.5 0.004528
62049.5 0.004528
62149.5 0.004528
62249.5 0.004528
62349.5 0.004528
62449.5 0.004528
62549.5 0.004518
62649.5 0.004518
62749.5 0.004518
62849.5 0.004518
62949.5 0.004518
63049.5 0.004518
63149.5 0.004509
63249.5 0.004509
63349.5 0.004509
63449.5 0.004509
63549.5 0.004509
63649.5 0.004509
63749.5 0.004509
63849.5 0.004499
63949.5 0.004499
64049.5 0.004499
64149.5 0.004499
64249.5 0.004499
64349.5 0.004499
64449.5 0.004499
64549.5 0.00449
64649.5 0.00449
64749.5 0.00449
64849.5 0.00449
64949.5 0.00449
65049.5 0.00449
65149.5 0.00449
65249.5 0.00448
65349.5 0.00448
65449.5 0.00448
65549.5 0.00448
65649.5 0.00448
65749.5 0.00448
65849.5 0.00448
65949.5 0.004471
66049.5 0.004471
66149.5 0.004471
66249.5 0.004471
66349.5 0.004471
66449.5 0.004471
66549.5 0.004471
66649.5 0.004461
66749.5 0.004461
66849.5 0.004461
66949.5 0.004461
67049.5 0.004461
67149.5 0.004461
67249.5 0.004461
67349.5 0.004452
67449.5 0.004452
67549.5 0.004452
67649.5 0.004452
67749.5 0.004452
67849.5 0.004452
67949.5 0.004452
68049.5 0.004442
68149.5 0.004442
68249.5 0.004442
68349.5 0.004442
68449.5 0.004442
68549.5 0.004442
68649.5 0.004442
68749.5 0.004433
68849.5 0.004433
68949.5 0.004433
69049.5 0.004433
69149.5 0.004433
69249.5 0.004433
69349.5 0.004433
69449.5 0.004423
69549.5 0.004423
69649.5 0.004423
69749.5 0.004423
69849.5 0.004423
69949.5 0.004423
70049.5 0.004423
70149.5 0.004414
70249.5 0.004414
70349.5 0.004414
70449.5 0.004414
70549.5 0.004414
70649.5 0.004414
70749.5 0.004414
70849.5 0.004404
70949.5 0.004404
71049.5 0.004404
71149.5 0.004404
71249.5 0.004404
71349.5 0.004404
71449.5 0.004404
71549.5 0.004404
71649.5 0.004395
71749.5 0.004395
71849.5 0.004395
71949.5 0.004395
72049.5 0.004395
72149.5 0.004395
72249.5 0.004395
72349.5 0.004395
72449.5 0.004385
72549.5 0.004385
72649.5 0.004385
72749.5 0.004385
72849.5 0.004385
72949.5 0.004385
73049.5 0.004385
73149.5 0.004376
73249.5 0.004376
73349.5 0.004376
73449.5 0.004376
73549.5 0.004376
73649.5 0.004376
73749.5 0.004376
73849.5 0.004376
73949.5 0.004366
74049.5 0.004366
74149.5 0.004366
74249.5 0.004366
74349.5 0.004366
74449.5 0.004366
74549.5 0.004366
74649.5 0.004366
74749.5 0.004357
74849.5 0.004357
74949.5 0.004357
75049.5 0.004357
75149.5 0.004357
75249.5 0.004357
75349.5 0.004357
75449.5 0.004357
75549.5 0.004347
75649.5 0.004347
75749.5 0.004347
75849.5 0.004347
75949.5 0.004347
76049.5 0.004347
76149.5 0.004347
76249.5 0.004347
76349.5 0.004338
76449.5 0.004338
76549.5 0.004338
76649.5 0.004338
76749.5 0.004338
76849.5 0.004338
76949.5 0.004338
77049.5 0.004338
77149.5 0.004338
77249.5 0.004328
77349.5 0.004328
77449.5 0.004328
77549.5 0.004328
77649.5 0.004328
77749.5 0.004328
77849.5 0.004328
77949.5 0.004328
78049.5 0.004319
78149.5 0.004319
78249.5 0.004319
78349.5 0.004319
78449.5 0.004319
78549.5 0.004319
78649.5 0.004319
78749.5 0.004319
78849.5 0.004319
78949.5 0.004309
79049.5 0.004309
79149.5 0.004309
79249.5 0.004309
79349.5 0.004309
79449.5 0.004309
79549.5 0.004309
79649.5 0.004309
79749.5 0.0043
79849.5 0.0043
79949.5 0.0043
80049.5 0.0043
80149.5 0.0043
80249.5 0.0043
80349.5 0.0043
80449.5 0.0043
80549.5 0.0043
80649.5 0.00429
80749.5 0.00429
80849.5 0.00429
80949.5 0.00429
81049.5 0.00429
81149.5 0.00429
81249.5 0.00429
81349.5 0.00429
81449.5 0.004281
81549.5 0.004281
81649.5 0.004281
81749.5 0.004281
81849.5 0.004281
81949.5 0.004281
82049.5 0.004281
82149.5 0.004281
82249.5 0.004281
82349.5 0.004271
82449.5 0.004271
82549.5 0.004271
82649.5 0.004271
82749.5 0.004271
82849.5 0.004271
82949.5 0.004271
83049.5 0.004271
83149.5 0.004271
83249.5 0.004262
83349.5 0.004262
83449.5 0.004262
83549.5 0.004262
83649.5 0.004262
83749.5 0.004262
83849.5 0.004262
83949.5 0.004262
84049.5 0.004252
84149.5 0.004252
84249.5 0.004252
84349.5 0.004252
84449.5 0.004252
84549.5 0.004252
84649.5 0.004252
84749.5 0.004252
84849.5 0.004252
84949.5 0.004243
85049.5 0.004243
85149.5 0.004243
85249.5 0.004243
85349.5 0.004243
85449.5 0.004243
85549.5 0.004243
85649.5 0.004243
85749.5 0.004233
85849.5 0.004233
85949.5 0.004233
86049.5 0.004233
86149.5 0.004233
86249.5 0.004233
86349.5 0.004233
86449.5 0.004233
86549.5 0.004233
86649.5 0.004224
86749.5 0.004224
86849.5 0.004224
86949.5 0.004224
87049.5 0.004224
87149.5 0.004224
87249.5 0.004224
87349.5 0.004224
87449.5 0.004224
87549.5 0.004214
87649.5 0.004214
87749.5 0.004214
87849.5 0.004214
87949.5 0.004214
88049.5 0.004214
88149.5 0.004214
88249.5 0.004214
88349.5 0.004214
88449.5 0.004205
88549.5 0.004205
88649.5 0.004205
88749.5 0.004205
88849.5 0.004205
88949.5 0.004205
89049.5 0.004205
89149.5 0.004205
89249.5 0.004205
89349.5 0.004195
89449.5 0.004195
89549.5 0.004195
89649.5 0.004195
89749.5 0.004195
89849.5 0.004195
89949.5 0.004195
90049.5 0.004195
90149.5 0.004195
90249.5 0.004186
90349.5 0.004186
90449.5 0.004186
90549.5 0.004186
90649.5 0.004186
90749.5 0.004186
90849.5 0.004186
90949.5 0.004186
91049.5 0.004186
91149.5 0.004186
91249.5 0.004176
91349.5 0.004176
91449.5 0.004176
91549.5 0.004176
91649.5 0.004176
91749.5 0.004176
91849.5 0.004176
91949.5 0.004176
92049.5 0.004176
92149.5 0.004167
92249.5 0.004167
92349.5 0.004167
92449.5 0.004167
92549.5 0.004167
92649.5 0.004167
92749.5 0.004167
92849.5 0.004167
92949.5 0.004167
93049.5 0.004167
93149.5 0.004157
93249.5 0.004157
93349.5 0.004157
93449.5 0.004157
93549.5 0.004157
93649.5 0.004157
93749.5 0.004157
93849.5 0.004157
93949.5 0.004157
94049.5 0.004157
94149.5 0.004148
94249.5 0.004148
94349.5 0.004148
94449.5 0.004148
94549.5 0.004148
94649.5 0.004148
94749.5 0.004148
94849.5 0.004148
94949.5 0.004148
95049.5 0.004148
95149.5 0.004138
95249.5 0.004138
95349.5 0.004138
95449.5 0.004138
95549.5 0.004138
95649.5 0.004138
95749.5 0.004138
95849.5 0.004138
95949.5 0.004138
96049.5 0.004138
96149.5 0.004129
96249.5 0.004129
96349.5 0.004129
96449.5 0.004129
96549.5 0.004129
96649.5 0.004129
96749.5 0.004129
96849.5 0.004129
96949.5 0.004129
97049.5 0.004119
97149.5 0.004119
97249.5 0.004119
97349.5 0.004119
97449.5 0.004119
97549.5 0.004119
97649.5 0.004119
97749.5 0.004119
97849.5 0.004119
97949.5 0.004119
98049.5 0.00411
98149.5 0.00411
98249.5 0.00411
98349.5 0.00411
98449.5 0.00411
98549.5 0.00411
98649.5 0.00411
98749.5 0.00411
98849.5 0.00411
98949.5 0.00411
99049.5 0.00411
99149.5 0.0041
99249.5 0.0041
99349.5 0.0041
99449.5 0.0041
99549.5 0.0041
99649.5 0.0041
99749.5 0.0041
99849.5 0.0041
99949.5 0.0041
100049.5 0.0041
100149.5 0.004091
100249.5 0.004091
100349.5 0.004091
100449.5 0.004091
100549.5 0.004091
100649.5 0.004091
100749.5 0.004091
100849.5 0.004091
100949.5 0.004091
101049.5 0.004091
101149.5 0.004091
101249.5 0.004081
101349.5 0.004081
101449.5 0.004081
101549.5 0.004081
101649.5 0.004081
101749.5 0.004081
101849.5 0.004081
101949.5 0.004081
102049.5 0.004081
102149.5 0.004081
102249.5 0.004081
102349.5 0.004072
102449.5 0.004072
102549.5 0.004072
9999982445 0.002639
-END-OF-DATA-
