-START-OF-DATA-
0 0.000278
10 0.000278
20 0.000278
30 0.000278
40 0.000278
50 0.000278
60 0.000278
70 0.000278
80 0.000278
90 0.000278
100 0.000278
110 0.000278
120 0.000278
130 0.000278
140 0.000278
150 0.000278
160 0.000278
170 0.000278
180 0.000278
190 0.000278
200 0.000278
210 0.000278
220 0.000278
230 0.000278
240 0.000278
250 0.000278
260 0.000278
270 0.000278
280 0.000278
290 0.000278
300 0.000278
310 0.000278
320 0.000278
330 0.000278
340 0.000278
350 0.000278
360 0.000278
370 0.000278
380 0.000278
390 0.000278
400 0.000278
410 0.000278
420 0.000278
430 0.000278
440 0.000278
450 0.000278
460 0.000278
470 0.000278
480 0.000278
490 0.000278
500 0.000278
510 0.000278
520 0.000278
530 0.000278
540 0.000278
550 0.000278
560 0.000278
570 0.000278
580 0.000278
590 0.000278
600 0.000278
610 0.000278
620 0.000278
630 0.000278
640 0.000278
650 0.000278
660 0.000278
670 0.000278
680 0.000278
690 0.000278
700 0.000278
710 0.000278
720 0.000278
730 0.000278
740 0.000278
750 0.000278
760 0.000278
770 0.000278
780 0.000278
790 0.000278
800 0.000278
810 0.000278
820 0.000278
830 0.000278
840 0.000278
850 0.000278
860 0.000278
870 0.000278
880 0.000278
890 0.000278
900 0.000278
910 0.000278
920 0.000278
930 0.000278
940 0.000278
950 0.000278
960 0.000278
970 0.000278
980 0.000278
990 0.000278
1000 0.000278
1010 0.000278
1020 0.000278
1030 0.000278
1040 0.000278
1050 0.000278
1060 0.000278
1070 0.000278
1080 0.000278
1090 0.000278
1100 0.000278
1110 0.000278
1120 0.000278
1130 0.000278
1140 0.000278
1150 0.000278
1160 0.000278
1170 0.000278
1180 0.000278
1190 0.000278
1200 0.000278
1210 0.000278
1220 0.000278
1230 0.000278
1240 0.000278
1250 0.000278
1260 0.000278
1270 0.000278
1280 0.000278
1290 0.000278
1300 0.000278
1310 0.000278
1320 0.000278
1330 0.000278
1340 0.000278
1350 0.000278
1360 0.000278
1370 0.000278
1380 0.000278
1390 0.000278
1400 0.000278
1410 0.000278
1420 0.000278
1430 0.000278
1440 0.000278
1450 0.000278
1460 0.000278
1470 0.000278
1480 0.000278
1490 0.000278
1500 0.000278
1510 0.000278
1520 0.000278
1530 0.000278
1540 0.000278
1550 0.000278
1560 0.000278
1570 0.000278
1580 0.000278
1590 0.000278
1600 0.000278
1610 0.000278
1620 0.000278
1630 0.000278
1640 0.000278
1650 0.000278
1660 0.000278
1670 0.000278
1680 0.000278
1690 0.000278
1700 0.000278
1710 0.000278
1720 0.000278
1730 0.000278
1740 0.000278
1750 0.000278
1760 0.000278
1770 0.000278
1780 0.000278
1790 0.000278
1800 0.000278
1810 0.000278
1820 0.000278
1830 0.000278
1840 0.000278
1850 0.000278
1860 0.000278
1870 0.000278
1880 0.000278
1890 0.000278
1900 0.000278
1910 0.000278
1920 0.000278
1930 0.000278
1940 0.000278
1950 0.000278
1960 0.000278
1970 0.000278
1980 0.000278
1990 0.000278
2000 0.000278
2010 0.000278
2020 0.000278
2030 0.000278
2040 0.000278
2050 0.000278
2060 0.000278
2070 0.000278
2080 0.000278
2090 0.000278
2100 0.000278
2110 0.000278
2120 0.000278
2130 0.000278
2140 0.000278
2150 0.000278
2160 0.000278
2170 0.000278
2180 0.000278
2190 0.000278
2200 0.000278
2210 0.000278
2220 0.000278
2230 0.000278
2240 0.000278
2250 0.000278
2260 0.000278
2270 0.000278
2280 0.000278
2290 0.000278
2300 0.000278
2310 0.000278
2320 0.000278
2330 0.000278
2340 0.000278
2350 0.000278
2360 0.000278
2370 0.000278
2380 0.000278
2390 0.000278
2400 0.000278
2410 0.000278
2420 0.000278
2430 0.000278
2440 0.000278
2450 0.000278
2460 0.000278
2470 0.000278
2480 0.000278
2490 0.000278
2500 0.000278
2510 0.000278
2520 0.000278
2530 0.000278
2540 0.000278
2550 0.000278
2560 0.000278
2570 0.000278
2580 0.000278
2590 0.000278
2600 0.000278
2610 0.000278
2620 0.000278
2630 0.000278
2640 0.000278
2650 0.000278
2660 0.000278
2670 0.000278
2680 0.000278
2690 0.000278
2700 0.000278
2710 0.000278
2720 0.000278
2730 0.000278
2740 0.000278
2750 0.000278
2760 0.000278
2770 0.000278
2780 0.000278
2790 0.000278
2800 0.000278
2810 0.000278
2820 0.000278
2830 0.000278
2840 0.000278
2850 0.000278
2860 0.000278
2870 0.000278
2880 0.000278
2890 0.000278
2900 0.000278
2910 0.000278
2920 0.000278
2930 0.000278
2940 0.000278
2950 0.000278
2960 0.000278
2970 0.000278
2980 0.000278
2990 0.000278
3000 0.000278
3010 0.000278
3020 0.000278
3030 0.000278
3040 0.000278
3050 0.000278
3060 0.000278
3070 0.000278
3080 0.000278
3090 0.000278
3100 0.000278
3110 0.000278
3120 0.000278
3130 0.000278
3140 0.000278
3150 0.000278
3160 0.000278
3170 0.000278
3180 0.000278
3190 0.000278
3200 0.000278
3210 0.000278
3220 0.000278
3230 0.000278
3240 0.000278
3250 0.000278
3260 0.000278
3270 0.000278
3280 0.000278
3290 0.000278
3300 0.000278
3310 0.000278
3320 0.000278
3330 0.000278
3340 0.000278
3350 0.000278
3360 0.000278
3370 0.000278
3380 0.000278
3390 0.000278
3400 0.000278
3410 0.000278
3420 0.000278
3430 0.000278
3440 0.000278
3450 0.000278
3460 0.000278
3470 0.000278
3480 0.000278
3490 0.000278
3500 0.000278
3510 0.000278
3520 0.000278
3530 0.000278
3540 0.000278
3550 0.000278
3560 0.000278
3570 0.000278
3580 0.000278
3590 0.000278
3600 0.000278
3610 0.000278
3620 0.000278
3630 0.000278
3640 0.000278
3650 0.000278
3660 0.000278
3670 0.000278
3680 0.000278
3690 0.000278
3700 0.000278
3710 0.000278
3720 0.000278
3730 0.000278
3740 0.000278
3750 0.000278
3760 0.000278
3770 0.000278
3780 0.000278
3790 0.000278
3800 0.000278
3810 0.000278
3820 0.000278
3830 0.000278
3840 0.000278
3850 0.000278
3860 0.000278
3870 0.000278
3880 0.000278
3890 0.000278
3900 0.000278
3910 0.000278
3920 0.000278
3930 0.000278
3940 0.000278
3950 0.000278
3960 0.000278
3970 0.000278
3980 0.000278
3990 0.000278
4000 0.000278
4010 0.000278
4020 0.000278
4030 0.000278
4040 0.000278
4050 0.000278
4060 0.000278
4070 0.000278
4080 0.000278
4090 0.000278
4100 0.000278
4110 0.000278
4120 0.000278
4130 0.000278
4140 0.000278
4150 0.000278
4160 0.000278
4170 0.000278
4180 0.000278
4190 0.000278
4200 0.000278
4210 0.000278
4220 0.000278
4230 0.000278
4240 0.000278
4250 0.000278
4260 0.000278
4270 0.000278
4280 0.000278
4290 0.000278
4300 0.000278
4310 0.000278
4320 0.000278
4330 0.000278
4340 0.000278
4350 0.000278
4360 0.000278
4370 0.000278
4380 0.000278
4390 0.000278
4400 0.000278
4410 0.000278
4420 0.000278
4430 0.000278
4440 0.000278
4450 0.000278
4460 0.000278
4470 0.000278
4480 0.000278
4490 0.000278
4500 0.000278
4510 0.000278
4520 0.000278
4530 0.000278
4540 0.000278
4550 0.000278
4560 0.000278
4570 0.000278
4580 0.000278
4590 0.000278
4600 0.000278
4610 0.000278
4620 0.000278
4630 0.000278
4640 0.000278
4650 0.000278
4660 0.000278
4670 0.000278
4680 0.000278
4690 0.000278
4700 0.000278
4710 0.000278
4720 0.000278
4730 0.000278
4740 0.000278
4750 0.000278
4760 0.000278
4770 0.000278
4780 0.000278
4790 0.000278
4800 0.000278
4810 0.000278
4820 0.000278
4830 0.000278
4840 0.000278
4850 0.000278
4860 0.000278
4870 0.000278
4880 0.000278
4890 0.000278
4900 0.000278
4910 0.000278
4920 0.000278
4930 0.000278
4940 0.000278
4950 0.000278
4960 0.000278
4970 0.000278
4980 0.000278
4990 0.000278
5000 0.000278
5010 0.000278042777222777
5020 0.000278085554445554
5030 0.000278128331668332
5040 0.000278171108891109
5050 0.000278213886113886
5060 0.000278256663336663
5070 0.000278299440559441
5080 0.000278342217782218
5090 0.000278384995004995
5100 0.000278427772227772
5110 0.000278470549450549
5120 0.000278513326673327
5130 0.000278556103896104
5140 0.000278598881118881
5150 0.000278641658341658
5160 0.000278684435564436
5170 0.000278727212787213
5180 0.00027876999000999
5190 0.000278812767232767
5200 0.000278855544455544
5210 0.000278898321678322
5220 0.000278941098901099
5230 0.000278983876123876
5240 0.000279026653346653
5250 0.000279069430569431
5260 0.000279112207792208
5270 0.000279154985014985
5280 0.000279197762237762
5290 0.000279240539460539
5300 0.000279283316683317
5310 0.000279326093906094
5320 0.000279368871128871
5330 0.000279411648351648
5340 0.000279454425574426
5350 0.000279497202797203
5360 0.00027953998001998
5370 0.000279582757242757
5380 0.000279625534465534
5390 0.000279668311688312
5400 0.000279711088911089
5410 0.000279753866133866
5420 0.000279796643356643
5430 0.000279839420579421
5440 0.000279882197802198
5450 0.000279924975024975
5460 0.000279967752247752
5470 0.000280010529470529
5480 0.000280053306693307
5490 0.000280096083916084
5500 0.000280138861138861
5510 0.000280181638361638
5520 0.000280224415584416
5530 0.000280267192807193
5540 0.00028030997002997
5550 0.000280352747252747
5560 0.000280395524475524
5570 0.000280438301698302
5580 0.000280481078921079
5590 0.000280523856143856
5600 0.000280566633366633
5610 0.000280609410589411
5620 0.000280652187812188
5630 0.000280694965034965
5640 0.000280737742257742
5650 0.000280780519480519
5660 0.000280823296703297
5670 0.000280866073926074
5680 0.000280908851148851
5690 0.000280951628371628
5700 0.000280994405594406
5710 0.000281037182817183
5720 0.00028107996003996
5730 0.000281122737262737
5740 0.000281165514485514
5750 0.000281208291708292
5760 0.000281251068931069
5770 0.000281293846153846
5780 0.000281336623376623
5790 0.000281379400599401
5800 0.000281422177822178
5810 0.000281464955044955
5820 0.000281507732267732
5830 0.000281550509490509
5840 0.000281593286713287
5850 0.000281636063936064
5860 0.000281678841158841
5870 0.000281721618381618
5880 0.000281764395604396
5890 0.000281807172827173
5900 0.00028184995004995
5910 0.000281892727272727
5920 0.000281935504495504
5930 0.000281978281718282
5940 0.000282021058941059
5950 0.000282063836163836
5960 0.000282106613386613
5970 0.000282149390609391
5980 0.000282192167832168
5990 0.000282234945054945
6000 0.000282277722277722
6010 0.000282320499500499
6020 0.000282363276723277
6030 0.000282406053946054
6040 0.000282448831168831
6050 0.000282491608391608
6060 0.000282534385614386
6070 0.000282577162837163
6080 0.00028261994005994
6090 0.000282662717282717
6100 0.000282705494505495
6110 0.000282748271728272
6120 0.000282791048951049
6130 0.000282833826173826
6140 0.000282876603396603
6150 0.000282919380619381
6160 0.000282962157842158
6170 0.000283004935064935
6180 0.000283047712287712
6190 0.00028309048951049
6200 0.000283133266733267
6210 0.000283176043956044
6220 0.000283218821178821
6230 0.000283261598401598
6240 0.000283304375624376
6250 0.000283347152847153
6260 0.00028338993006993
6270 0.000283432707292707
6280 0.000283475484515484
6290 0.000283518261738262
6300 0.000283561038961039
6310 0.000283603816183816
6320 0.000283646593406593
6330 0.000283689370629371
6340 0.000283732147852148
6350 0.000283774925074925
6360 0.000283817702297702
6370 0.00028386047952048
6380 0.000283903256743257
6390 0.000283946033966034
6400 0.000283988811188811
6410 0.000284031588411588
6420 0.000284074365634366
6430 0.000284117142857143
6440 0.00028415992007992
6450 0.000284202697302697
6460 0.000284245474525474
6470 0.000284288251748252
6480 0.000284331028971029
6490 0.000284373806193806
6500 0.000284416583416583
6510 0.000284459360639361
6520 0.000284502137862138
6530 0.000284544915084915
6540 0.000284587692307692
6550 0.00028463046953047
6560 0.000284673246753247
6570 0.000284716023976024
6580 0.000284758801198801
6590 0.000284801578421578
6600 0.000284844355644356
6610 0.000284887132867133
6620 0.00028492991008991
6630 0.000284972687312687
6640 0.000285015464535465
6650 0.000285058241758242
6660 0.000285101018981019
6670 0.000285143796203796
6680 0.000285186573426573
6690 0.000285229350649351
6700 0.000285272127872128
6710 0.000285314905094905
6720 0.000285357682317682
6730 0.00028540045954046
6740 0.000285443236763237
6750 0.000285486013986014
6760 0.000285528791208791
6770 0.000285571568431568
6780 0.000285614345654346
6790 0.000285657122877123
6800 0.0002856999000999
6810 0.000285742677322677
6820 0.000285785454545455
6830 0.000285828231768232
6840 0.000285871008991009
6850 0.000285913786213786
6860 0.000285956563436563
6870 0.000285999340659341
6880 0.000286042117882118
6890 0.000286084895104895
6900 0.000286127672327672
6910 0.00028617044955045
6920 0.000286213226773227
6930 0.000286256003996004
6940 0.000286298781218781
6950 0.000286341558441558
6960 0.000286384335664336
6970 0.000286427112887113
6980 0.00028646989010989
6990 0.000286512667332667
7000 0.000286555444555445
7010 0.000286598221778222
7020 0.000286640999000999
7030 0.000286683776223776
7040 0.000286726553446553
7050 0.000286769330669331
7060 0.000286812107892108
7070 0.000286854885114885
7080 0.000286897662337662
7090 0.00028694043956044
7100 0.000286983216783217
7110 0.000287025994005994
7120 0.000287068771228771
7130 0.000287111548451548
7140 0.000287154325674326
7150 0.000287197102897103
7160 0.00028723988011988
7170 0.000287282657342657
7180 0.000287325434565435
7190 0.000287368211788212
7200 0.000287410989010989
7210 0.000287453766233766
7220 0.000287496543456543
7230 0.000287539320679321
7240 0.000287582097902098
7250 0.000287624875124875
7260 0.000287667652347652
7270 0.00028771042957043
7280 0.000287753206793207
7290 0.000287795984015984
7300 0.000287838761238761
7310 0.000287881538461538
7320 0.000287924315684316
7330 0.000287967092907093
7340 0.00028800987012987
7350 0.000288052647352647
7360 0.000288095424575425
7370 0.000288138201798202
7380 0.000288180979020979
7390 0.000288223756243756
7400 0.000288266533466533
7410 0.000288309310689311
7420 0.000288352087912088
7430 0.000288394865134865
7440 0.000288437642357642
7450 0.00028848041958042
7460 0.000288523196803197
7470 0.000288565974025974
7480 0.000288608751248751
7490 0.000288651528471528
7500 0.000288694305694306
7510 0.000288737082917083
7520 0.00028877986013986
7530 0.000288822637362637
7540 0.000288865414585415
7550 0.000288908191808192
7560 0.000288950969030969
7570 0.000288993746253746
7580 0.000289036523476523
7590 0.000289079300699301
7600 0.000289122077922078
7610 0.000289164855144855
7620 0.000289207632367632
7630 0.00028925040959041
7640 0.000289293186813187
7650 0.000289335964035964
7660 0.000289378741258741
7670 0.000289421518481518
7680 0.000289464295704296
7690 0.000289507072927073
7700 0.00028954985014985
7710 0.000289592627372627
7720 0.000289635404595405
7730 0.000289678181818182
7740 0.000289720959040959
7750 0.000289763736263736
7760 0.000289806513486513
7770 0.000289849290709291
7780 0.000289892067932068
7790 0.000289934845154845
7800 0.000289977622377622
7810 0.0002900203996004
7820 0.000290063176823177
7830 0.000290105954045954
7840 0.000290148731268731
7850 0.000290191508491508
7860 0.000290234285714286
7870 0.000290277062937063
7880 0.00029031984015984
7890 0.000290362617382617
7900 0.000290405394605395
7910 0.000290448171828172
7920 0.000290490949050949
7930 0.000290533726273726
7940 0.000290576503496503
7950 0.000290619280719281
7960 0.000290662057942058
7970 0.000290704835164835
7980 0.000290747612387612
7990 0.00029079038961039
8000 0.000290833166833167
8010 0.000290875944055944
8020 0.000290918721278721
8030 0.000290961498501498
8040 0.000291004275724276
8050 0.000291047052947053
8060 0.00029108983016983
8070 0.000291132607392607
8080 0.000291175384615385
8090 0.000291218161838162
8100 0.000291260939060939
8110 0.000291303716283716
8120 0.000291346493506493
8130 0.000291389270729271
8140 0.000291432047952048
8150 0.000291474825174825
8160 0.000291517602397602
8170 0.00029156037962038
8180 0.000291603156843157
8190 0.000291645934065934
8200 0.000291688711288711
8210 0.000291731488511488
8220 0.000291774265734266
8230 0.000291817042957043
8240 0.00029185982017982
8250 0.000291902597402597
8260 0.000291945374625375
8270 0.000291988151848152
8280 0.000292030929070929
8290 0.000292073706293706
8300 0.000292116483516484
8310 0.000292159260739261
8320 0.000292202037962038
8330 0.000292244815184815
8340 0.000292287592407592
8350 0.00029233036963037
8360 0.000292373146853147
8370 0.000292415924075924
8380 0.000292458701298701
8390 0.000292501478521478
8400 0.000292544255744256
8410 0.000292587032967033
8420 0.00029262981018981
8430 0.000292672587412587
8440 0.000292715364635365
8450 0.000292758141858142
8460 0.000292800919080919
8470 0.000292843696303696
8480 0.000292886473526474
8490 0.000292929250749251
8500 0.000292972027972028
8510 0.000293014805194805
8520 0.000293057582417582
8530 0.00029310035964036
8540 0.000293143136863137
8550 0.000293185914085914
8560 0.000293228691308691
8570 0.000293271468531469
8580 0.000293314245754246
8590 0.000293357022977023
8600 0.0002933998001998
8610 0.000293442577422577
8620 0.000293485354645355
8630 0.000293528131868132
8640 0.000293570909090909
8650 0.000293613686313686
8660 0.000293656463536463
8670 0.000293699240759241
8680 0.000293742017982018
8690 0.000293784795204795
8700 0.000293827572427572
8710 0.00029387034965035
8720 0.000293913126873127
8730 0.000293955904095904
8740 0.000293998681318681
8750 0.000294041458541459
8760 0.000294084235764236
8770 0.000294127012987013
8780 0.00029416979020979
8790 0.000294212567432567
8800 0.000294255344655345
8810 0.000294298121878122
8820 0.000294340899100899
8830 0.000294383676323676
8840 0.000294426453546454
8850 0.000294469230769231
8860 0.000294512007992008
8870 0.000294554785214785
8880 0.000294597562437562
8890 0.00029464033966034
8900 0.000294683116883117
8910 0.000294725894105894
8920 0.000294768671328671
8930 0.000294811448551449
8940 0.000294854225774226
8950 0.000294897002997003
8960 0.00029493978021978
8970 0.000294982557442557
8980 0.000295025334665335
8990 0.000295068111888112
9000 0.000295110889110889
9010 0.000295153666333666
9020 0.000295196443556444
9030 0.000295239220779221
9040 0.000295281998001998
9050 0.000295324775224775
9060 0.000295367552447552
9070 0.00029541032967033
9080 0.000295453106893107
9090 0.000295495884115884
9100 0.000295538661338661
9110 0.000295581438561439
9120 0.000295624215784216
9130 0.000295666993006993
9140 0.00029570977022977
9150 0.000295752547452547
9160 0.000295795324675325
9170 0.000295838101898102
9180 0.000295880879120879
9190 0.000295923656343656
9200 0.000295966433566434
9210 0.000296009210789211
9220 0.000296051988011988
9230 0.000296094765234765
9240 0.000296137542457542
9250 0.00029618031968032
9260 0.000296223096903097
9270 0.000296265874125874
9280 0.000296308651348651
9290 0.000296351428571429
9300 0.000296394205794206
9310 0.000296436983016983
9320 0.00029647976023976
9330 0.000296522537462537
9340 0.000296565314685315
9350 0.000296608091908092
9360 0.000296650869130869
9370 0.000296693646353646
9380 0.000296736423576424
9390 0.000296779200799201
9400 0.000296821978021978
9410 0.000296864755244755
9420 0.000296907532467532
9430 0.00029695030969031
9440 0.000296993086913087
9450 0.000297035864135864
9460 0.000297078641358641
9470 0.000297121418581419
9480 0.000297164195804196
9490 0.000297206973026973
9500 0.00029724975024975
9510 0.000297292527472527
9520 0.000297335304695305
9530 0.000297378081918082
9540 0.000297420859140859
9550 0.000297463636363636
9560 0.000297506413586414
9570 0.000297549190809191
9580 0.000297591968031968
9590 0.000297634745254745
9600 0.000297677522477522
9610 0.0002977202997003
9620 0.000297763076923077
9630 0.000297805854145854
9640 0.000297848631368631
9650 0.000297891408591409
9660 0.000297934185814186
9670 0.000297976963036963
9680 0.00029801974025974
9690 0.000298062517482517
9700 0.000298105294705295
9710 0.000298148071928072
9720 0.000298190849150849
9730 0.000298233626373626
9740 0.000298276403596404
9750 0.000298319180819181
9760 0.000298361958041958
9770 0.000298404735264735
9780 0.000298447512487512
9790 0.00029849028971029
9800 0.000298533066933067
9810 0.000298575844155844
9820 0.000298618621378621
9830 0.000298661398601399
9840 0.000298704175824176
9850 0.000298746953046953
9860 0.00029878973026973
9870 0.000298832507492507
9880 0.000298875284715285
9890 0.000298918061938062
9900 0.000298960839160839
9910 0.000299003616383616
9920 0.000299046393606394
9930 0.000299089170829171
9940 0.000299131948051948
9950 0.000299174725274725
9960 0.000299217502497502
9970 0.00029926027972028
9980 0.000299303056943057
9990 0.000299345834165834
10000 0.000299388611388611
10010 0.000299431388611389
10020 0.000299474165834166
10030 0.000299516943056943
10040 0.00029955972027972
10050 0.000299602497502497
10060 0.000299645274725275
10070 0.000299688051948052
10080 0.000299730829170829
10090 0.000299773606393606
10100 0.000299816383616384
10110 0.000299859160839161
10120 0.000299901938061938
10130 0.000299944715284715
10140 0.000299987492507493
10150 0.00030003026973027
10160 0.000300073046953047
10170 0.000300115824175824
10180 0.000300158601398601
10190 0.000300201378621379
10200 0.000300244155844156
10210 0.000300286933066933
10220 0.00030032971028971
10230 0.000300372487512487
10240 0.000300415264735265
10250 0.000300458041958042
10260 0.000300500819180819
10270 0.000300543596403596
10280 0.000300586373626374
10290 0.000300629150849151
10300 0.000300671928071928
10310 0.000300714705294705
10320 0.000300757482517482
10330 0.00030080025974026
10340 0.000300843036963037
10350 0.000300885814185814
10360 0.000300928591408591
10370 0.000300971368631369
10380 0.000301014145854146
10390 0.000301056923076923
10400 0.0003010997002997
10410 0.000301142477522478
10420 0.000301185254745255
10430 0.000301228031968032
10440 0.000301270809190809
10450 0.000301313586413586
10460 0.000301356363636364
10470 0.000301399140859141
10480 0.000301441918081918
10490 0.000301484695304695
10500 0.000301527472527473
10510 0.00030157024975025
10520 0.000301613026973027
10530 0.000301655804195804
10540 0.000301698581418581
10550 0.000301741358641359
10560 0.000301784135864136
10570 0.000301826913086913
10580 0.00030186969030969
10590 0.000301912467532467
10600 0.000301955244755245
10610 0.000301998021978022
10620 0.000302040799200799
10630 0.000302083576423576
10640 0.000302126353646354
10650 0.000302169130869131
10660 0.000302211908091908
10670 0.000302254685314685
10680 0.000302297462537463
10690 0.00030234023976024
10700 0.000302383016983017
10710 0.000302425794205794
10720 0.000302468571428571
10730 0.000302511348651349
10740 0.000302554125874126
10750 0.000302596903096903
10760 0.00030263968031968
10770 0.000302682457542458
10780 0.000302725234765235
10790 0.000302768011988012
10800 0.000302810789210789
10810 0.000302853566433566
10820 0.000302896343656344
10830 0.000302939120879121
10840 0.000302981898101898
10850 0.000303024675324675
10860 0.000303067452547453
10870 0.00030311022977023
10880 0.000303153006993007
10890 0.000303195784215784
10900 0.000303238561438561
10910 0.000303281338661339
10920 0.000303324115884116
10930 0.000303366893106893
10940 0.00030340967032967
10950 0.000303452447552448
10960 0.000303495224775225
10970 0.000303538001998002
10980 0.000303580779220779
10990 0.000303623556443556
11000 0.000303666333666334
11010 0.000303709110889111
11020 0.000303751888111888
11030 0.000303794665334665
11040 0.000303837442557443
11050 0.00030388021978022
11060 0.000303922997002997
11070 0.000303965774225774
11080 0.000304008551448551
11090 0.000304051328671329
11100 0.000304094105894106
11110 0.000304136883116883
11120 0.00030417966033966
11130 0.000304222437562438
11140 0.000304265214785215
11150 0.000304307992007992
11160 0.000304350769230769
11170 0.000304393546453546
11180 0.000304436323676324
11190 0.000304479100899101
11200 0.000304521878121878
11210 0.000304564655344655
11220 0.000304607432567433
11230 0.00030465020979021
11240 0.000304692987012987
11250 0.000304735764235764
11260 0.000304778541458541
11270 0.000304821318681319
11280 0.000304864095904096
11290 0.000304906873126873
11300 0.00030494965034965
11310 0.000304992427572428
11320 0.000305035204795205
11330 0.000305077982017982
11340 0.000305120759240759
11350 0.000305163536463536
11360 0.000305206313686314
11370 0.000305249090909091
11380 0.000305291868131868
11390 0.000305334645354645
11400 0.000305377422577423
11410 0.0003054201998002
11420 0.000305462977022977
11430 0.000305505754245754
11440 0.000305548531468531
11450 0.000305591308691309
11460 0.000305634085914086
11470 0.000305676863136863
11480 0.00030571964035964
11490 0.000305762417582418
11500 0.000305805194805195
11510 0.000305847972027972
11520 0.000305890749250749
11530 0.000305933526473526
11540 0.000305976303696304
11550 0.000306019080919081
11560 0.000306061858141858
11570 0.000306104635364635
11580 0.000306147412587413
11590 0.00030619018981019
11600 0.000306232967032967
11610 0.000306275744255744
11620 0.000306318521478521
11630 0.000306361298701299
11640 0.000306404075924076
11650 0.000306446853146853
11660 0.00030648963036963
11670 0.000306532407592408
11680 0.000306575184815185
11690 0.000306617962037962
11700 0.000306660739260739
11710 0.000306703516483516
11720 0.000306746293706294
11730 0.000306789070929071
11740 0.000306831848151848
11750 0.000306874625374625
11760 0.000306917402597403
11770 0.00030696017982018
11780 0.000307002957042957
11790 0.000307045734265734
11800 0.000307088511488511
11810 0.000307131288711289
11820 0.000307174065934066
11830 0.000307216843156843
11840 0.00030725962037962
11850 0.000307302397602398
11860 0.000307345174825175
11870 0.000307387952047952
11880 0.000307430729270729
11890 0.000307473506493506
11900 0.000307516283716284
11910 0.000307559060939061
11920 0.000307601838161838
11930 0.000307644615384615
11940 0.000307687392607393
11950 0.00030773016983017
11960 0.000307772947052947
11970 0.000307815724275724
11980 0.000307858501498501
11990 0.000307901278721279
12000 0.000307944055944056
12010 0.000307986833166833
12020 0.00030802961038961
12030 0.000308072387612388
12040 0.000308115164835165
12050 0.000308157942057942
12060 0.000308200719280719
12070 0.000308243496503497
12080 0.000308286273726274
12090 0.000308329050949051
12100 0.000308371828171828
12110 0.000308414605394605
12120 0.000308457382617383
12130 0.00030850015984016
12140 0.000308542937062937
12150 0.000308585714285714
12160 0.000308628491508491
12170 0.000308671268731269
12180 0.000308714045954046
12190 0.000308756823176823
12200 0.0003087996003996
12210 0.000308842377622378
12220 0.000308885154845155
12230 0.000308927932067932
12240 0.000308970709290709
12250 0.000309013486513487
12260 0.000309056263736264
12270 0.000309099040959041
12280 0.000309141818181818
12290 0.000309184595404595
12300 0.000309227372627373
12310 0.00030927014985015
12320 0.000309312927072927
12330 0.000309355704295704
12340 0.000309398481518482
12350 0.000309441258741259
12360 0.000309484035964036
12370 0.000309526813186813
12380 0.00030956959040959
12390 0.000309612367632368
12400 0.000309655144855145
12410 0.000309697922077922
12420 0.000309740699300699
12430 0.000309783476523476
12440 0.000309826253746254
12450 0.000309869030969031
12460 0.000309911808191808
12470 0.000309954585414585
12480 0.000309997362637363
12490 0.00031004013986014
12500 0.000310082917082917
12510 0.000310125694305694
12520 0.000310168471528472
12530 0.000310211248751249
12540 0.000310254025974026
12550 0.000310296803196803
12560 0.00031033958041958
12570 0.000310382357642358
12580 0.000310425134865135
12590 0.000310467912087912
12600 0.000310510689310689
12610 0.000310553466533467
12620 0.000310596243756244
12630 0.000310639020979021
12640 0.000310681798201798
12650 0.000310724575424575
12660 0.000310767352647353
12670 0.00031081012987013
12680 0.000310852907092907
12690 0.000310895684315684
12700 0.000310938461538461
12710 0.000310981238761239
12720 0.000311024015984016
12730 0.000311066793206793
12740 0.00031110957042957
12750 0.000311152347652348
12760 0.000311195124875125
12770 0.000311237902097902
12780 0.000311280679320679
12790 0.000311323456543457
12800 0.000311366233766234
12810 0.000311409010989011
12820 0.000311451788211788
12830 0.000311494565434565
12840 0.000311537342657343
12850 0.00031158011988012
12860 0.000311622897102897
12870 0.000311665674325674
12880 0.000311708451548452
12890 0.000311751228771229
12900 0.000311794005994006
12910 0.000311836783216783
12920 0.00031187956043956
12930 0.000311922337662338
12940 0.000311965114885115
12950 0.000312007892107892
12960 0.000312050669330669
12970 0.000312093446553447
12980 0.000312136223776224
12990 0.000312179000999001
13000 0.000312221778221778
13010 0.000312264555444555
13020 0.000312307332667333
13030 0.00031235010989011
13040 0.000312392887112887
13050 0.000312435664335664
13060 0.000312478441558442
13070 0.000312521218781219
13080 0.000312563996003996
13090 0.000312606773226773
13100 0.00031264955044955
13110 0.000312692327672328
13120 0.000312735104895105
13130 0.000312777882117882
13140 0.000312820659340659
13150 0.000312863436563437
13160 0.000312906213786214
13170 0.000312948991008991
13180 0.000312991768231768
13190 0.000313034545454545
13200 0.000313077322677323
13210 0.0003131200999001
13220 0.000313162877122877
13230 0.000313205654345654
13240 0.000313248431568432
13250 0.000313291208791209
13260 0.000313333986013986
13270 0.000313376763236763
13280 0.00031341954045954
13290 0.000313462317682318
13300 0.000313505094905095
13310 0.000313547872127872
13320 0.000313590649350649
13330 0.000313633426573427
13340 0.000313676203796204
13350 0.000313718981018981
13360 0.000313761758241758
13370 0.000313804535464535
13380 0.000313847312687313
13390 0.00031389008991009
13400 0.000313932867132867
13410 0.000313975644355644
13420 0.000314018421578422
13430 0.000314061198801199
13440 0.000314103976023976
13450 0.000314146753246753
13460 0.00031418953046953
13470 0.000314232307692308
13480 0.000314275084915085
13490 0.000314317862137862
13500 0.000314360639360639
13510 0.000314403416583417
13520 0.000314446193806194
13530 0.000314488971028971
13540 0.000314531748251748
13550 0.000314574525474525
13560 0.000314617302697303
13570 0.00031466007992008
13580 0.000314702857142857
13590 0.000314745634365634
13600 0.000314788411588412
13610 0.000314831188811189
13620 0.000314873966033966
13630 0.000314916743256743
13640 0.00031495952047952
13650 0.000315002297702298
13660 0.000315045074925075
13670 0.000315087852147852
13680 0.000315130629370629
13690 0.000315173406593407
13700 0.000315216183816184
13710 0.000315258961038961
13720 0.000315301738261738
13730 0.000315344515484515
13740 0.000315387292707293
13750 0.00031543006993007
13760 0.000315472847152847
13770 0.000315515624375624
13780 0.000315558401598402
13790 0.000315601178821179
13800 0.000315643956043956
13810 0.000315686733266733
13820 0.00031572951048951
13830 0.000315772287712288
13840 0.000315815064935065
13850 0.000315857842157842
13860 0.000315900619380619
13870 0.000315943396603397
13880 0.000315986173826174
13890 0.000316028951048951
13900 0.000316071728271728
13910 0.000316114505494505
13920 0.000316157282717283
13930 0.00031620005994006
13940 0.000316242837162837
13950 0.000316285614385614
13960 0.000316328391608392
13970 0.000316371168831169
13980 0.000316413946053946
13990 0.000316456723276723
14000 0.0003164995004995
14010 0.000316542277722278
14020 0.000316585054945055
14030 0.000316627832167832
14040 0.000316670609390609
14050 0.000316713386613387
14060 0.000316756163836164
14070 0.000316798941058941
14080 0.000316841718281718
14090 0.000316884495504495
14100 0.000316927272727273
14110 0.00031697004995005
14120 0.000317012827172827
14130 0.000317055604395604
14140 0.000317098381618382
14150 0.000317141158841159
14160 0.000317183936063936
14170 0.000317226713286713
14180 0.00031726949050949
14190 0.000317312267732268
14200 0.000317355044955045
14210 0.000317397822177822
14220 0.000317440599400599
14230 0.000317483376623377
14240 0.000317526153846154
14250 0.000317568931068931
14260 0.000317611708291708
14270 0.000317654485514485
14280 0.000317697262737263
14290 0.00031774003996004
14300 0.000317782817182817
14310 0.000317825594405594
14320 0.000317868371628372
14330 0.000317911148851149
14340 0.000317953926073926
14350 0.000317996703296703
14360 0.00031803948051948
14370 0.000318082257742258
14380 0.000318125034965035
14390 0.000318167812187812
14400 0.000318210589410589
14410 0.000318253366633367
14420 0.000318296143856144
14430 0.000318338921078921
14440 0.000318381698301698
14450 0.000318424475524476
14460 0.000318467252747253
14470 0.00031851002997003
14480 0.000318552807192807
14490 0.000318595584415584
14500 0.000318638361638362
14510 0.000318681138861139
14520 0.000318723916083916
14530 0.000318766693306693
14540 0.00031880947052947
14550 0.000318852247752248
14560 0.000318895024975025
14570 0.000318937802197802
14580 0.000318980579420579
14590 0.000319023356643357
14600 0.000319066133866134
14610 0.000319108911088911
14620 0.000319151688311688
14630 0.000319194465534466
14640 0.000319237242757243
14650 0.00031928001998002
14660 0.000319322797202797
14670 0.000319365574425574
14680 0.000319408351648352
14690 0.000319451128871129
14700 0.000319493906093906
14710 0.000319536683316683
14720 0.00031957946053946
14730 0.000319622237762238
14740 0.000319665014985015
14750 0.000319707792207792
14760 0.000319750569430569
14770 0.000319793346653347
14780 0.000319836123876124
14790 0.000319878901098901
14800 0.000319921678321678
14810 0.000319964455544456
14820 0.000320007232767233
14830 0.00032005000999001
14840 0.000320092787212787
14850 0.000320135564435564
14860 0.000320178341658342
14870 0.000320221118881119
14880 0.000320263896103896
14890 0.000320306673326673
14900 0.000320349450549451
14910 0.000320392227772228
14920 0.000320435004995005
14930 0.000320477782217782
14940 0.000320520559440559
14950 0.000320563336663337
14960 0.000320606113886114
14970 0.000320648891108891
14980 0.000320691668331668
14990 0.000320734445554446
15000 0.000320777222777223
15010 0.00032082
15020 0.00032082
15030 0.00032082
15040 0.00032082
15050 0.00032082
15060 0.00032082
15070 0.00032082
15080 0.00032082
15090 0.00032082
15100 0.00032082
15110 0.00032082
15120 0.00032082
15130 0.00032082
15140 0.00032082
15150 0.00032082
15160 0.00032082
15170 0.00032082
15180 0.00032082
15190 0.00032082
15200 0.00032082
15210 0.00032082
15220 0.00032082
15230 0.00032082
15240 0.00032082
15250 0.00032082
15260 0.00032082
15270 0.00032082
15280 0.00032082
15290 0.00032082
15300 0.00032082
15310 0.00032082
15320 0.00032082
15330 0.00032082
15340 0.00032082
15350 0.00032082
15360 0.00032082
15370 0.00032082
15380 0.00032082
15390 0.00032082
15400 0.00032082
15410 0.00032082
15420 0.00032082
15430 0.00032082
15440 0.00032082
15450 0.00032082
15460 0.00032082
15470 0.00032082
15480 0.00032082
15490 0.00032082
15500 0.00032082
15510 0.00032082
15520 0.00032082
15530 0.00032082
15540 0.00032082
15550 0.00032082
15560 0.00032082
15570 0.00032082
15580 0.00032082
15590 0.00032082
15600 0.00032082
15610 0.00032082
15620 0.00032082
15630 0.00032082
15640 0.00032082
15650 0.00032082
15660 0.00032082
15670 0.00032082
15680 0.00032082
15690 0.00032082
15700 0.00032082
15710 0.00032082
15720 0.00032082
15730 0.00032082
15740 0.00032082
15750 0.00032082
15760 0.00032082
15770 0.00032082
15780 0.00032082
15790 0.00032082
15800 0.00032082
15810 0.00032082
15820 0.00032082
15830 0.00032082
15840 0.00032082
15850 0.00032082
15860 0.00032082
15870 0.00032082
15880 0.00032082
15890 0.00032082
15900 0.00032082
15910 0.00032082
15920 0.00032082
15930 0.00032082
15940 0.00032082
15950 0.00032082
15960 0.00032082
15970 0.00032082
15980 0.00032082
15990 0.00032082
16000 0.00032082
16010 0.00032082
16020 0.00032082
16030 0.00032082
16040 0.00032082
16050 0.00032082
16060 0.00032082
16070 0.00032082
16080 0.00032082
16090 0.00032082
16100 0.00032082
16110 0.00032082
16120 0.00032082
16130 0.00032082
16140 0.00032082
16150 0.00032082
16160 0.00032082
16170 0.00032082
16180 0.00032082
16190 0.00032082
16200 0.00032082
16210 0.00032082
16220 0.00032082
16230 0.00032082
16240 0.00032082
16250 0.00032082
16260 0.00032082
16270 0.00032082
16280 0.00032082
16290 0.00032082
16300 0.00032082
16310 0.00032082
16320 0.00032082
16330 0.00032082
16340 0.00032082
16350 0.00032082
16360 0.00032082
16370 0.00032082
16380 0.00032082
16390 0.00032082
16400 0.00032082
16410 0.00032082
16420 0.00032082
16430 0.00032082
16440 0.00032082
16450 0.00032082
16460 0.00032082
16470 0.00032082
16480 0.00032082
16490 0.00032082
16500 0.00032082
16510 0.00032082
16520 0.00032082
16530 0.00032082
16540 0.00032082
16550 0.00032082
16560 0.00032082
16570 0.00032082
16580 0.00032082
16590 0.00032082
16600 0.00032082
16610 0.00032082
16620 0.00032082
16630 0.00032082
16640 0.00032082
16650 0.00032082
16660 0.00032082
16670 0.00032082
16680 0.00032082
16690 0.00032082
16700 0.00032082
16710 0.00032082
16720 0.00032082
16730 0.00032082
16740 0.00032082
16750 0.00032082
16760 0.00032082
16770 0.00032082
16780 0.00032082
16790 0.00032082
16800 0.00032082
16810 0.00032082
16820 0.00032082
16830 0.00032082
16840 0.00032082
16850 0.00032082
16860 0.00032082
16870 0.00032082
16880 0.00032082
16890 0.00032082
16900 0.00032082
16910 0.00032082
16920 0.00032082
16930 0.00032082
16940 0.00032082
16950 0.00032082
16960 0.00032082
16970 0.00032082
16980 0.00032082
16990 0.00032082
17000 0.00032082
17010 0.00032082
17020 0.00032082
17030 0.00032082
17040 0.00032082
17050 0.00032082
17060 0.00032082
17070 0.00032082
17080 0.00032082
17090 0.00032082
17100 0.00032082
17110 0.00032082
17120 0.00032082
17130 0.00032082
17140 0.00032082
17150 0.00032082
17160 0.00032082
17170 0.00032082
17180 0.00032082
17190 0.00032082
17200 0.00032082
17210 0.00032082
17220 0.00032082
17230 0.00032082
17240 0.00032082
17250 0.00032082
17260 0.00032082
17270 0.00032082
17280 0.00032082
17290 0.00032082
17300 0.00032082
17310 0.00032082
17320 0.00032082
17330 0.00032082
17340 0.00032082
17350 0.00032082
17360 0.00032082
17370 0.00032082
17380 0.00032082
17390 0.00032082
17400 0.00032082
17410 0.00032082
17420 0.00032082
17430 0.00032082
17440 0.00032082
17450 0.00032082
17460 0.00032082
17470 0.00032082
17480 0.00032082
17490 0.00032082
17500 0.00032082
17510 0.00032082
17520 0.00032082
17530 0.00032082
17540 0.00032082
17550 0.00032082
17560 0.00032082
17570 0.00032082
17580 0.00032082
17590 0.00032082
17600 0.00032082
17610 0.00032082
17620 0.00032082
17630 0.00032082
17640 0.00032082
17650 0.00032082
17660 0.00032082
17670 0.00032082
17680 0.00032082
17690 0.00032082
17700 0.00032082
17710 0.00032082
17720 0.00032082
17730 0.00032082
17740 0.00032082
17750 0.00032082
17760 0.00032082
17770 0.00032082
17780 0.00032082
17790 0.00032082
17800 0.00032082
17810 0.00032082
17820 0.00032082
17830 0.00032082
17840 0.00032082
17850 0.00032082
17860 0.00032082
17870 0.00032082
17880 0.00032082
17890 0.00032082
17900 0.00032082
17910 0.00032082
17920 0.00032082
17930 0.00032082
17940 0.00032082
17950 0.00032082
17960 0.00032082
17970 0.00032082
17980 0.00032082
17990 0.00032082
18000 0.00032082
18010 0.00032082
18020 0.00032082
18030 0.00032082
18040 0.00032082
18050 0.00032082
18060 0.00032082
18070 0.00032082
18080 0.00032082
18090 0.00032082
18100 0.00032082
18110 0.00032082
18120 0.00032082
18130 0.00032082
18140 0.00032082
18150 0.00032082
18160 0.00032082
18170 0.00032082
18180 0.00032082
18190 0.00032082
18200 0.00032082
18210 0.00032082
18220 0.00032082
18230 0.00032082
18240 0.00032082
18250 0.00032082
18260 0.00032082
18270 0.00032082
18280 0.00032082
18290 0.00032082
18300 0.00032082
18310 0.00032082
18320 0.00032082
18330 0.00032082
18340 0.00032082
18350 0.00032082
18360 0.00032082
18370 0.00032082
18380 0.00032082
18390 0.00032082
18400 0.00032082
18410 0.00032082
18420 0.00032082
18430 0.00032082
18440 0.00032082
18450 0.00032082
18460 0.00032082
18470 0.00032082
18480 0.00032082
18490 0.00032082
18500 0.00032082
18510 0.00032082
18520 0.00032082
18530 0.00032082
18540 0.00032082
18550 0.00032082
18560 0.00032082
18570 0.00032082
18580 0.00032082
18590 0.00032082
18600 0.00032082
18610 0.00032082
18620 0.00032082
18630 0.00032082
18640 0.00032082
18650 0.00032082
18660 0.00032082
18670 0.00032082
18680 0.00032082
18690 0.00032082
18700 0.00032082
18710 0.00032082
18720 0.00032082
18730 0.00032082
18740 0.00032082
18750 0.00032082
18760 0.00032082
18770 0.00032082
18780 0.00032082
18790 0.00032082
18800 0.00032082
18810 0.00032082
18820 0.00032082
18830 0.00032082
18840 0.00032082
18850 0.00032082
18860 0.00032082
18870 0.00032082
18880 0.00032082
18890 0.00032082
18900 0.00032082
18910 0.00032082
18920 0.00032082
18930 0.00032082
18940 0.00032082
18950 0.00032082
18960 0.00032082
18970 0.00032082
18980 0.00032082
18990 0.00032082
19000 0.00032082
19010 0.00032082
19020 0.00032082
19030 0.00032082
19040 0.00032082
19050 0.00032082
19060 0.00032082
19070 0.00032082
19080 0.00032082
19090 0.00032082
19100 0.00032082
19110 0.00032082
19120 0.00032082
19130 0.00032082
19140 0.00032082
19150 0.00032082
19160 0.00032082
19170 0.00032082
19180 0.00032082
19190 0.00032082
19200 0.00032082
19210 0.00032082
19220 0.00032082
19230 0.00032082
19240 0.00032082
19250 0.00032082
19260 0.00032082
19270 0.00032082
19280 0.00032082
19290 0.00032082
19300 0.00032082
19310 0.00032082
19320 0.00032082
19330 0.00032082
19340 0.00032082
19350 0.00032082
19360 0.00032082
19370 0.00032082
19380 0.00032082
19390 0.00032082
19400 0.00032082
19410 0.00032082
19420 0.00032082
19430 0.00032082
19440 0.00032082
19450 0.00032082
19460 0.00032082
19470 0.00032082
19480 0.00032082
19490 0.00032082
19500 0.00032082
19510 0.00032082
19520 0.00032082
19530 0.00032082
19540 0.00032082
19550 0.00032082
19560 0.00032082
19570 0.00032082
19580 0.00032082
19590 0.00032082
19600 0.00032082
19610 0.00032082
19620 0.00032082
19630 0.00032082
19640 0.00032082
19650 0.00032082
19660 0.00032082
19670 0.00032082
19680 0.00032082
19690 0.00032082
19700 0.00032082
19710 0.00032082
19720 0.00032082
19730 0.00032082
19740 0.00032082
19750 0.00032082
19760 0.00032082
19770 0.00032082
19780 0.00032082
19790 0.00032082
19800 0.00032082
19810 0.00032082
19820 0.00032082
19830 0.00032082
19840 0.00032082
19850 0.00032082
19860 0.00032082
19870 0.00032082
19880 0.00032082
19890 0.00032082
19900 0.00032082
19910 0.00032082
19920 0.00032082
19930 0.00032082
19940 0.00032082
19950 0.00032082
19960 0.00032082
19970 0.00032082
19980 0.00032082
19990 0.00032082
20000 0.00032082
20010 0.00032082
20020 0.00032082
20030 0.00032082
20040 0.00032082
20050 0.00032082
20060 0.00032082
20070 0.00032082
20080 0.00032082
20090 0.00032082
20100 0.00032082
20110 0.00032082
20120 0.00032082
20130 0.00032082
20140 0.00032082
20150 0.00032082
20160 0.00032082
20170 0.00032082
20180 0.00032082
20190 0.00032082
20200 0.00032082
20210 0.00032082
20220 0.00032082
20230 0.00032082
20240 0.00032082
20250 0.00032082
20260 0.00032082
20270 0.00032082
20280 0.00032082
20290 0.00032082
20300 0.00032082
20310 0.00032082
20320 0.00032082
20330 0.00032082
20340 0.00032082
20350 0.00032082
20360 0.00032082
20370 0.00032082
20380 0.00032082
20390 0.00032082
20400 0.00032082
20410 0.00032082
20420 0.00032082
20430 0.00032082
20440 0.00032082
20450 0.00032082
20460 0.00032082
20470 0.00032082
20480 0.00032082
20490 0.00032082
20500 0.00032082
20510 0.00032082
20520 0.00032082
20530 0.00032082
20540 0.00032082
20550 0.00032082
20560 0.00032082
20570 0.00032082
20580 0.00032082
20590 0.00032082
20600 0.00032082
20610 0.00032082
20620 0.00032082
20630 0.00032082
20640 0.00032082
20650 0.00032082
20660 0.00032082
20670 0.00032082
20680 0.00032082
20690 0.00032082
20700 0.00032082
20710 0.00032082
20720 0.00032082
20730 0.00032082
20740 0.00032082
20750 0.00032082
20760 0.00032082
20770 0.00032082
20780 0.00032082
20790 0.00032082
20800 0.00032082
20810 0.00032082
20820 0.00032082
20830 0.00032082
20840 0.00032082
20850 0.00032082
20860 0.00032082
20870 0.00032082
20880 0.00032082
20890 0.00032082
20900 0.00032082
20910 0.00032082
20920 0.00032082
20930 0.00032082
20940 0.00032082
20950 0.00032082
20960 0.00032082
20970 0.00032082
20980 0.00032082
20990 0.00032082
21000 0.00032082
21010 0.00032082
21020 0.00032082
21030 0.00032082
21040 0.00032082
21050 0.00032082
21060 0.00032082
21070 0.00032082
21080 0.00032082
21090 0.00032082
21100 0.00032082
21110 0.00032082
21120 0.00032082
21130 0.00032082
21140 0.00032082
21150 0.00032082
21160 0.00032082
21170 0.00032082
21180 0.00032082
21190 0.00032082
21200 0.00032082
21210 0.00032082
21220 0.00032082
21230 0.00032082
21240 0.00032082
21250 0.00032082
21260 0.00032082
21270 0.00032082
21280 0.00032082
21290 0.00032082
21300 0.00032082
21310 0.00032082
21320 0.00032082
21330 0.00032082
21340 0.00032082
21350 0.00032082
21360 0.00032082
21370 0.00032082
21380 0.00032082
21390 0.00032082
21400 0.00032082
21410 0.00032082
21420 0.00032082
21430 0.00032082
21440 0.00032082
21450 0.00032082
21460 0.00032082
21470 0.00032082
21480 0.00032082
21490 0.00032082
21500 0.00032082
21510 0.00032082
21520 0.00032082
21530 0.00032082
21540 0.00032082
21550 0.00032082
21560 0.00032082
21570 0.00032082
21580 0.00032082
21590 0.00032082
21600 0.00032082
21610 0.00032082
21620 0.00032082
21630 0.00032082
21640 0.00032082
21650 0.00032082
21660 0.00032082
21670 0.00032082
21680 0.00032082
21690 0.00032082
21700 0.00032082
21710 0.00032082
21720 0.00032082
21730 0.00032082
21740 0.00032082
21750 0.00032082
21760 0.00032082
21770 0.00032082
21780 0.00032082
21790 0.00032082
21800 0.00032082
21810 0.00032082
21820 0.00032082
21830 0.00032082
21840 0.00032082
21850 0.00032082
21860 0.00032082
21870 0.00032082
21880 0.00032082
21890 0.00032082
21900 0.00032082
21910 0.00032082
21920 0.00032082
21930 0.00032082
21940 0.00032082
21950 0.00032082
21960 0.00032082
21970 0.00032082
21980 0.00032082
21990 0.00032082
22000 0.00032082
22010 0.00032082
22020 0.00032082
22030 0.00032082
22040 0.00032082
22050 0.00032082
22060 0.00032082
22070 0.00032082
22080 0.00032082
22090 0.00032082
22100 0.00032082
22110 0.00032082
22120 0.00032082
22130 0.00032082
22140 0.00032082
22150 0.00032082
22160 0.00032082
22170 0.00032082
22180 0.00032082
22190 0.00032082
22200 0.00032082
22210 0.00032082
22220 0.00032082
22230 0.00032082
22240 0.00032082
22250 0.00032082
22260 0.00032082
22270 0.00032082
22280 0.00032082
22290 0.00032082
22300 0.00032082
22310 0.00032082
22320 0.00032082
22330 0.00032082
22340 0.00032082
22350 0.00032082
22360 0.00032082
22370 0.00032082
22380 0.00032082
22390 0.00032082
22400 0.00032082
22410 0.00032082
22420 0.00032082
22430 0.00032082
22440 0.00032082
22450 0.00032082
22460 0.00032082
22470 0.00032082
22480 0.00032082
22490 0.00032082
22500 0.00032082
22510 0.00032082
22520 0.00032082
22530 0.00032082
22540 0.00032082
22550 0.00032082
22560 0.00032082
22570 0.00032082
22580 0.00032082
22590 0.00032082
22600 0.00032082
22610 0.00032082
22620 0.00032082
22630 0.00032082
22640 0.00032082
22650 0.00032082
22660 0.00032082
22670 0.00032082
22680 0.00032082
22690 0.00032082
22700 0.00032082
22710 0.00032082
22720 0.00032082
22730 0.00032082
22740 0.00032082
22750 0.00032082
22760 0.00032082
22770 0.00032082
22780 0.00032082
22790 0.00032082
22800 0.00032082
22810 0.00032082
22820 0.00032082
22830 0.00032082
22840 0.00032082
22850 0.00032082
22860 0.00032082
22870 0.00032082
22880 0.00032082
22890 0.00032082
22900 0.00032082
22910 0.00032082
22920 0.00032082
22930 0.00032082
22940 0.00032082
22950 0.00032082
22960 0.00032082
22970 0.00032082
22980 0.00032082
22990 0.00032082
23000 0.00032082
23010 0.00032082
23020 0.00032082
23030 0.00032082
23040 0.00032082
23050 0.00032082
23060 0.00032082
23070 0.00032082
23080 0.00032082
23090 0.00032082
23100 0.00032082
23110 0.00032082
23120 0.00032082
23130 0.00032082
23140 0.00032082
23150 0.00032082
23160 0.00032082
23170 0.00032082
23180 0.00032082
23190 0.00032082
23200 0.00032082
23210 0.00032082
23220 0.00032082
23230 0.00032082
23240 0.00032082
23250 0.00032082
23260 0.00032082
23270 0.00032082
23280 0.00032082
23290 0.00032082
23300 0.00032082
23310 0.00032082
23320 0.00032082
23330 0.00032082
23340 0.00032082
23350 0.00032082
23360 0.00032082
23370 0.00032082
23380 0.00032082
23390 0.00032082
23400 0.00032082
23410 0.00032082
23420 0.00032082
23430 0.00032082
23440 0.00032082
23450 0.00032082
23460 0.00032082
23470 0.00032082
23480 0.00032082
23490 0.00032082
23500 0.00032082
23510 0.00032082
23520 0.00032082
23530 0.00032082
23540 0.00032082
23550 0.00032082
23560 0.00032082
23570 0.00032082
23580 0.00032082
23590 0.00032082
23600 0.00032082
23610 0.00032082
23620 0.00032082
23630 0.00032082
23640 0.00032082
23650 0.00032082
23660 0.00032082
23670 0.00032082
23680 0.00032082
23690 0.00032082
23700 0.00032082
23710 0.00032082
23720 0.00032082
23730 0.00032082
23740 0.00032082
23750 0.00032082
23760 0.00032082
23770 0.00032082
23780 0.00032082
23790 0.00032082
23800 0.00032082
23810 0.00032082
23820 0.00032082
23830 0.00032082
23840 0.00032082
23850 0.00032082
23860 0.00032082
23870 0.00032082
23880 0.00032082
23890 0.00032082
23900 0.00032082
23910 0.00032082
23920 0.00032082
23930 0.00032082
23940 0.00032082
23950 0.00032082
23960 0.00032082
23970 0.00032082
23980 0.00032082
23990 0.00032082
24000 0.00032082
24010 0.00032082
24020 0.00032082
24030 0.00032082
24040 0.00032082
24050 0.00032082
24060 0.00032082
24070 0.00032082
24080 0.00032082
24090 0.00032082
24100 0.00032082
24110 0.00032082
24120 0.00032082
24130 0.00032082
24140 0.00032082
24150 0.00032082
24160 0.00032082
24170 0.00032082
24180 0.00032082
24190 0.00032082
24200 0.00032082
24210 0.00032082
24220 0.00032082
24230 0.00032082
24240 0.00032082
24250 0.00032082
24260 0.00032082
24270 0.00032082
24280 0.00032082
24290 0.00032082
24300 0.00032082
24310 0.00032082
24320 0.00032082
24330 0.00032082
24340 0.00032082
24350 0.00032082
24360 0.00032082
24370 0.00032082
24380 0.00032082
24390 0.00032082
24400 0.00032082
24410 0.00032082
24420 0.00032082
24430 0.00032082
24440 0.00032082
24450 0.00032082
24460 0.00032082
24470 0.00032082
24480 0.00032082
24490 0.00032082
24500 0.00032082
24510 0.00032082
24520 0.00032082
24530 0.00032082
24540 0.00032082
24550 0.00032082
24560 0.00032082
24570 0.00032082
24580 0.00032082
24590 0.00032082
24600 0.00032082
24610 0.00032082
24620 0.00032082
24630 0.00032082
24640 0.00032082
24650 0.00032082
24660 0.00032082
24670 0.00032082
24680 0.00032082
24690 0.00032082
24700 0.00032082
24710 0.00032082
24720 0.00032082
24730 0.00032082
24740 0.00032082
24750 0.00032082
24760 0.00032082
24770 0.00032082
24780 0.00032082
24790 0.00032082
24800 0.00032082
24810 0.00032082
24820 0.00032082
24830 0.00032082
24840 0.00032082
24850 0.00032082
24860 0.00032082
24870 0.00032082
24880 0.00032082
24890 0.00032082
24900 0.00032082
24910 0.00032082
24920 0.00032082
24930 0.00032082
24940 0.00032082
24950 0.00032082
24960 0.00032082
24970 0.00032082
24980 0.00032082
24990 0.00032082
25000 0.00032082
-END-OF-DATA-
