   0.0000000e+00
   0.0000000e+00
   0.0000000e+00
   0.0000000e+00
   0.0000000e+00
   0.0000000e+00
   0.0000000e+00
   0.0000000e+00
   0.0000000e+00
   0.0000000e+00
   0.0000000e+00
  -0.0000000e+00
  -1.1937458e-02
  -1.6544645e-02
  -1.7119553e-02
  -1.5048028e-02
  -1.2288017e-02
  -8.6974793e-03
  -5.0486521e-03
  -1.9592190e-03
   1.5843475e-04
   1.6009795e-03
   2.6768361e-03
   2.8245277e-03
   1.7824954e-03
   9.7688905e-05
  -2.6317494e-03
  -8.4008642e-03
  -1.4127943e-02
  -1.6606660e-02
   0.0000000e+00
   0.0000000e+00
   0.0000000e+00
   0.0000000e+00
   0.0000000e+00
   0.0000000e+00
   0.0000000e+00
   0.0000000e+00
   0.0000000e+00
   0.0000000e+00
   0.0000000e+00
   0.0000000e+00
   0.0000000e+00
   0.0000000e+00
   0.0000000e+00
   0.0000000e+00
   0.0000000e+00
   1.5564778e-02
   9.2127463e-03
   1.0991370e-04
  -4.2565167e-03
  -5.7631228e-03
  -5.5340119e-03
  -4.2776251e-03
  -1.4638486e-03
   1.1739268e-03
   3.2723637e-03
   5.5165403e-03
   7.3625124e-03
   7.7586528e-03
   7.3814266e-03
   6.5002139e-03
   4.6333009e-03
   1.8508697e-03
  -8.5889179e-03
   0.0000000e+00
   0.0000000e+00
   0.0000000e+00
   0.0000000e+00
   0.0000000e+00
   0.0000000e+00
   0.0000000e+00
   0.0000000e+00
   0.0000000e+00
   0.0000000e+00
   0.0000000e+00
   0.0000000e+00
   0.0000000e+00
   0.0000000e+00
   0.0000000e+00
   0.0000000e+00
   3.2463709e-02
   4.2733204e-02
   4.7611576e-02
   4.2421136e-02
   3.0121597e-02
   1.4744653e-02
   0.0000000e+00
   0.0000000e+00
   0.0000000e+00
   5.7402151e-03
   8.2760863e-03
   1.2961124e-02
   1.8253693e-02
   2.2676844e-02
   2.5488373e-02
   2.7217645e-02
   2.8531082e-02
   2.8677635e-02
   2.5604579e-02
   0.0000000e+00
   0.0000000e+00
   0.0000000e+00
   0.0000000e+00
   0.0000000e+00
   0.0000000e+00
   0.0000000e+00
   0.0000000e+00
   0.0000000e+00
   0.0000000e+00
   0.0000000e+00
   0.0000000e+00
   0.0000000e+00
   0.0000000e+00
   2.0152048e-02
   2.6978602e-02
   3.8325914e-02
   5.0573774e-02
   5.9129700e-02
   6.5520346e-02
   6.3975103e-02
   5.4196273e-02
   0.0000000e+00
   0.0000000e+00
   0.0000000e+00
   0.0000000e+00
   1.3081139e-02
   1.7995890e-02
   2.3106325e-02
   2.8691478e-02
   3.3699643e-02
   3.8134512e-02
   4.2329125e-02
   4.5506250e-02
   4.7552269e-02
   4.1321108e-02
   0.0000000e+00
   0.0000000e+00
   0.0000000e+00
   0.0000000e+00
   0.0000000e+00
   0.0000000e+00
   0.0000000e+00
   0.0000000e+00
   0.0000000e+00
   0.0000000e+00
   0.0000000e+00
   0.0000000e+00
   0.0000000e+00
   2.8027156e-02
   2.9632024e-02
   3.9318230e-02
   4.8793793e-02
   5.5337306e-02
   5.9331719e-02
   6.4122848e-02
   6.6613138e-02
   6.4567811e-02
   5.7284258e-02
   0.0000000e+00
   0.0000000e+00
   0.0000000e+00
   2.4671350e-02
   2.7855461e-02
   2.9690448e-02
   3.3323880e-02
   3.6896277e-02
   4.0157538e-02
   4.5289710e-02
   5.1020537e-02
   5.5228617e-02
   5.4360452e-02
   0.0000000e+00
   0.0000000e+00
   0.0000000e+00
   0.0000000e+00
   0.0000000e+00
   0.0000000e+00
   0.0000000e+00
   0.0000000e+00
   0.0000000e+00
   0.0000000e+00
   0.0000000e+00
   0.0000000e+00
   0.0000000e+00
   3.6963182e-02
   4.4853731e-02
   4.9832544e-02
   4.6566630e-02
   4.0109901e-02
   3.7802326e-02
   4.4519519e-02
   5.2330370e-02
   5.8288153e-02
   5.7729321e-02
   0.0000000e+00
   0.0000000e+00
   0.0000000e+00
   3.4787004e-02
   3.1969840e-02
   3.0008711e-02
   3.0285709e-02
   3.1656818e-02
   3.3727877e-02
   3.8077379e-02
   4.3955500e-02
   4.9750788e-02
   5.3386758e-02
   0.0000000e+00
   0.0000000e+00
   0.0000000e+00
   0.0000000e+00
   0.0000000e+00
   0.0000000e+00
   0.0000000e+00
   0.0000000e+00
   0.0000000e+00
   0.0000000e+00
   0.0000000e+00
   0.0000000e+00
   0.0000000e+00
   4.1935683e-02
   4.7957167e-02
   4.2744834e-02
   2.7763048e-02
   1.1795878e-02
   5.7687247e-03
   1.7105456e-02
   2.7866986e-02
   3.7567213e-02
   4.5903658e-02
   4.7323354e-02
   4.4689408e-02
   4.0509335e-02
   3.4250528e-02
   2.7920855e-02
   2.3685148e-02
   2.1246873e-02
   2.0565066e-02
   2.1491081e-02
   2.4193734e-02
   2.8720127e-02
   3.4181483e-02
   3.9840665e-02
   5.0159249e-02
   5.4574616e-02
   5.5442306e-02
   0.0000000e+00
   0.0000000e+00
   0.0000000e+00
   0.0000000e+00
   0.0000000e+00
   0.0000000e+00
   0.0000000e+00
   0.0000000e+00
   0.0000000e+00
   0.0000000e+00
   3.5829759e-02
   3.3557292e-02
   1.9336507e-02
  -5.9996934e-04
  -1.6109660e-02
  -3.1870715e-03
  -0.0000000e+00
   1.6916103e-03
   9.4868727e-03
   2.0166356e-02
   2.9290049e-02
   3.1329568e-02
   2.8785434e-02
   2.2391170e-02
   1.5055118e-02
   9.5852146e-03
   5.7738465e-03
   3.9552087e-03
   4.2806910e-03
   5.9210612e-03
   8.6881742e-03
   1.3054681e-02
   2.0225296e-02
   3.7732570e-02
   4.1127763e-02
   3.9679654e-02
   3.2055561e-02
   0.0000000e+00
   0.0000000e+00
   0.0000000e+00
   0.0000000e+00
   0.0000000e+00
   0.0000000e+00
   0.0000000e+00
   0.0000000e+00
   3.2779032e-02
   2.9668050e-02
   1.4465114e-02
  -2.3418863e-03
  -2.2618638e-02
  -3.1139065e-02
   0.0000000e+00
  -0.0000000e+00
  -1.4502109e-02
  -9.6947495e-03
  -2.7794396e-03
   4.6848292e-03
   8.6704781e-03
   7.2983317e-03
   2.6069854e-03
  -2.8853468e-03
  -7.3092813e-03
  -1.0451805e-02
  -1.1551376e-02
  -1.0615690e-02
  -9.2713116e-03
  -7.3264530e-03
  -3.9509470e-03
   2.5233435e-03
   1.5001912e-02
   1.8648490e-02
   2.0321570e-02
   2.3502032e-02
   0.0000000e+00
   0.0000000e+00
   0.0000000e+00
   0.0000000e+00
   0.0000000e+00
   0.0000000e+00
   0.0000000e+00
   1.9009254e-02
   1.9542821e-02
   8.3350120e-03
  -7.9594683e-03
  -2.2749515e-02
  -3.5161519e-02
   0.0000000e+00
   0.0000000e+00
  -0.0000000e+00
  -3.7189331e-02
  -3.4688033e-02
  -3.0511556e-02
  -2.4564920e-02
  -2.0559808e-02
  -2.0633150e-02
  -2.2961838e-02
  -2.6374079e-02
  -2.8952489e-02
  -3.0244153e-02
  -2.9095223e-02
  -2.7173579e-02
  -2.5140917e-02
  -2.3119474e-02
  -2.0935915e-02
  -1.6652800e-02
  -9.6105319e-03
  -6.2559349e-03
  -1.2436139e-03
   1.8544050e-02
   3.3749806e-02
   0.0000000e+00
   0.0000000e+00
   0.0000000e+00
   0.0000000e+00
   0.0000000e+00
   0.0000000e+00
   7.8682788e-03
   6.0527041e-03
  -5.3489609e-03
  -1.9650487e-02
  -3.1457122e-02
  -3.3595243e-02
   0.0000000e+00
   0.0000000e+00
  -0.0000000e+00
  -5.1498517e-02
  -5.2946597e-02
  -5.0039642e-02
  -4.3887474e-02
  -3.8316213e-02
  -3.6644239e-02
  -3.7920978e-02
  -4.0577102e-02
  -4.2303633e-02
  -4.2280026e-02
  -3.9991833e-02
  -3.7134290e-02
  -3.4316968e-02
  -3.2415383e-02
  -3.1393852e-02
  -2.8922413e-02
  -2.4401164e-02
  -2.1476615e-02
  -1.4992465e-02
   1.0115013e-02
   2.3767391e-02
   1.4811349e-02
   0.0000000e+00
   0.0000000e+00
   0.0000000e+00
   0.0000000e+00
  -0.0000000e+00
   1.2968112e-03
  -4.0912502e-03
  -1.4549010e-02
  -2.5676869e-02
  -3.2920264e-02
  -2.4688484e-02
   0.0000000e+00
   0.0000000e+00
  -0.0000000e+00
  -5.9292182e-02
  -6.3769162e-02
  -6.2024217e-02
  -5.6086861e-02
  -4.9575150e-02
  -4.6084024e-02
  -4.5198444e-02
  -4.7190230e-02
  -4.8636630e-02
  -4.8333116e-02
  -4.6231169e-02
  -4.3553054e-02
  -4.1366704e-02
  -4.0786002e-02
  -4.0855628e-02
  -3.9705399e-02
  -3.7245579e-02
  -3.4476232e-02
  -2.6827808e-02
  -5.8853487e-03
   4.1712006e-03
  -4.3381924e-03
   0.0000000e+00
   0.0000000e+00
   0.0000000e+00
   0.0000000e+00
  -0.0000000e+00
  -8.7828534e-03
  -1.5331641e-02
  -2.2013763e-02
  -2.7379507e-02
  -2.8285194e-02
  -1.7912689e-02
   0.0000000e+00
   0.0000000e+00
  -0.0000000e+00
  -5.6071479e-02
  -5.9903692e-02
  -5.9014432e-02
  -5.6382269e-02
  -5.3010836e-02
  -4.8159402e-02
  -4.3478634e-02
  -4.3507222e-02
  -4.5423359e-02
  -4.6576966e-02
  -4.6708837e-02
  -4.6807207e-02
  -4.7852904e-02
  -4.9866341e-02
  -5.1113877e-02
  -5.0756857e-02
  -4.8792314e-02
  -4.4706255e-02
  -3.5050970e-02
  -1.7224561e-02
  -8.0665052e-03
  -8.9621264e-03
  -6.1716719e-04
   0.0000000e+00
   0.0000000e+00
   0.0000000e+00
  -0.0000000e+00
  -2.2694435e-02
  -2.8411802e-02
  -2.9834885e-02
  -2.8989464e-02
  -2.2674372e-02
  -1.5975222e-02
   0.0000000e+00
   0.0000000e+00
  -0.0000000e+00
  -4.3389179e-02
  -4.4586245e-02
  -4.6141438e-02
  -4.9320474e-02
  -5.0939009e-02
  -4.6139643e-02
  -3.9101094e-02
  -3.5975862e-02
  -3.8712576e-02
  -4.2484961e-02
  -4.6012126e-02
  -5.0053224e-02
  -5.4919817e-02
  -5.9712324e-02
  -6.2597141e-02
  -6.2927045e-02
  -5.9976608e-02
  -5.3289041e-02
  -4.1269660e-02
  -2.4623090e-02
  -1.2188903e-02
  -4.3949015e-03
   5.5082211e-03
   0.0000000e+00
   0.0000000e+00
   0.0000000e+00
  -2.5840735e-02
  -3.5284873e-02
  -3.8043603e-02
  -3.5829779e-02
  -3.0785663e-02
  -1.4269639e-02
   1.0744592e-02
   3.0674398e-02
   0.0000000e+00
  -0.0000000e+00
  -2.3473304e-02
  -2.3152918e-02
  -2.8167371e-02
  -3.7730552e-02
  -4.8533089e-02
  -4.6774723e-02
  -3.9829094e-02
  -2.9845804e-02
  -3.2217816e-02
  -3.7938859e-02
  -4.4651460e-02
  -5.1869769e-02
  -5.9084170e-02
  -6.5399840e-02
  -6.9222435e-02
  -7.0108265e-02
  -6.6747688e-02
  -5.8881398e-02
  -4.6408851e-02
  -3.0417643e-02
  -1.2822168e-02
   2.0500382e-03
   2.1336527e-02
   0.0000000e+00
   0.0000000e+00
   0.0000000e+00
  -3.2445839e-02
  -3.8863130e-02
  -3.8907561e-02
  -3.5120878e-02
  -2.8080281e-02
  -8.8512823e-03
   1.7187450e-02
   2.4660837e-02
   0.0000000e+00
  -0.0000000e+00
  -6.3222041e-03
  -5.5700871e-03
  -1.1441659e-02
  -2.3754656e-02
  -4.4541093e-02
  -5.1504058e-02
  -5.0811872e-02
  -3.2072932e-02
  -3.0961148e-02
  -3.5926621e-02
  -4.2621702e-02
  -4.9618490e-02
  -5.6373626e-02
  -6.1652932e-02
  -6.3998431e-02
  -6.3606046e-02
  -5.9768744e-02
  -5.2968651e-02
  -4.3324593e-02
  -2.9922638e-02
  -8.7863011e-03
   7.8428173e-03
   2.4062753e-02
   0.0000000e+00
   0.0000000e+00
   0.0000000e+00
  -3.0985091e-02
  -3.4519233e-02
  -3.3024635e-02
  -2.8382288e-02
  -2.0789985e-02
  -6.3145645e-03
   7.1488852e-03
   1.2845399e-02
   0.0000000e+00
   0.0000000e+00
   3.6723723e-03
   4.6504904e-03
   5.6686444e-04
  -6.5289461e-03
  -2.3466849e-02
  -0.0000000e+00
  -5.0593321e-02
  -3.8248768e-02
  -4.2975467e-02
  -4.7422390e-02
  -5.2215546e-02
  -5.5596106e-02
  -5.7933487e-02
  -5.8060236e-02
  -5.5620171e-02
  -5.1187348e-02
  -4.4633441e-02
  -3.7932865e-02
  -3.1242410e-02
  -2.3555249e-02
  -1.6870878e-03
   1.3407157e-02
   2.6078410e-02
   0.0000000e+00
   0.0000000e+00
   0.0000000e+00
  -2.6684612e-02
  -2.7129546e-02
  -2.4547997e-02
  -1.9945083e-02
  -1.3383369e-02
  -4.4633028e-03
   1.4274283e-03
   2.9857884e-03
  -9.8976779e-04
   2.5436041e-03
   8.5050481e-03
   9.5859708e-03
   6.6908753e-03
   3.7118159e-03
   0.0000000e+00
   0.0000000e+00
  -0.0000000e+00
  -0.0000000e+00
  -5.5621312e-02
  -6.0253933e-02
  -6.3891373e-02
  -6.4503886e-02
  -6.2419336e-02
  -5.7060727e-02
  -4.9852429e-02
  -4.1810295e-02
  -3.2853227e-02
  -2.5569520e-02
  -1.7778871e-02
  -1.6449990e-02
   3.4472165e-03
   1.7749509e-02
   2.8102651e-02
   0.0000000e+00
   0.0000000e+00
  -0.0000000e+00
  -2.1886828e-02
  -2.0413545e-02
  -1.7813692e-02
  -1.4186887e-02
  -1.0099038e-02
  -6.6943771e-03
  -6.0212223e-03
  -7.4239881e-03
  -8.4139974e-03
  -1.6860863e-04
   7.7472683e-03
   8.6087788e-03
   5.2759702e-03
  -2.5892272e-04
  -6.1947072e-03
  -1.8155569e-02
   0.0000000e+00
  -0.0000000e+00
  -5.4960855e-02
  -5.9823841e-02
  -6.3816868e-02
  -6.4872294e-02
  -6.3128553e-02
  -5.8003210e-02
  -5.0520205e-02
  -4.1610743e-02
  -3.0697791e-02
  -2.0647507e-02
  -7.5404961e-03
  -2.2305807e-02
   1.2004083e-03
   1.5520314e-02
   2.3380226e-02
   0.0000000e+00
   0.0000000e+00
  -0.0000000e+00
  -2.3049405e-02
  -2.0796053e-02
  -1.8902931e-02
  -1.6681295e-02
  -1.5001459e-02
  -1.4955954e-02
  -1.6483149e-02
  -1.7704180e-02
  -1.5357110e-02
  -6.7019113e-03
  -8.0616446e-04
   4.2307813e-04
  -2.1913643e-03
  -1.0202699e-02
  -2.2114681e-02
  -4.6699362e-02
  -5.8193037e-02
  -4.0691961e-02
  -4.3798484e-02
  -4.9779154e-02
  -5.5382263e-02
  -5.8864802e-02
  -6.0186848e-02
  -5.8601249e-02
  -5.3656053e-02
  -4.5975838e-02
  -3.4452740e-02
  -2.0988973e-02
  -5.5298731e-03
   0.0000000e+00
  -5.3416161e-03
   6.2706457e-03
   1.5814868e-02
   0.0000000e+00
   0.0000000e+00
  -0.0000000e+00
  -2.8645370e-02
  -2.6685324e-02
  -2.5379153e-02
  -2.4551418e-02
  -2.4967389e-02
  -2.7179372e-02
  -3.0051067e-02
  -3.0954266e-02
  -2.7425135e-02
  -2.0997085e-02
  -1.6904222e-02
  -1.4559717e-02
  -1.4122115e-02
  -1.8346129e-02
  -2.9809928e-02
  -4.6591051e-02
  -4.6876334e-02
  -2.6139887e-02
  -2.9756593e-02
  -3.6480792e-02
  -4.3643929e-02
  -4.9940899e-02
  -5.5193346e-02
  -5.8147877e-02
  -5.7258621e-02
  -5.2483298e-02
  -4.2429324e-02
  -2.7249038e-02
  -8.4423684e-03
  -1.1723836e-04
  -1.7846858e-02
  -8.2260817e-03
   1.7471022e-03
   0.0000000e+00
   0.0000000e+00
  -0.0000000e+00
  -3.8075846e-02
  -3.6745861e-02
  -3.5374459e-02
  -3.5501860e-02
  -3.7604183e-02
  -4.1135859e-02
  -4.4411611e-02
  -4.5565501e-02
  -4.3374550e-02
  -4.0404059e-02
  -3.8817599e-02
  -3.6475584e-02
  -3.3017501e-02
  -3.0704947e-02
  -3.2430008e-02
  -3.7293799e-02
  -3.0626016e-02
  -2.1538906e-02
  -2.4489466e-02
  -2.9932180e-02
  -3.7052162e-02
  -4.4440053e-02
  -5.1873624e-02
  -5.7810135e-02
  -6.0297605e-02
  -5.9135921e-02
  -5.2348912e-02
  -3.7955824e-02
  -1.2833539e-02
   2.4286304e-03
  -0.0000000e+00
  -2.6791941e-02
  -1.6220511e-02
   0.0000000e+00
   0.0000000e+00
  -4.4437476e-02
  -4.6498738e-02
  -4.6601336e-02
  -4.5432702e-02
  -4.6016738e-02
  -4.8292011e-02
  -5.1556915e-02
  -5.4199070e-02
  -5.5825971e-02
  -5.5951610e-02
  -5.6121528e-02
  -5.6796703e-02
  -5.6123529e-02
  -5.2713484e-02
  -4.8393168e-02
  -4.4264406e-02
  -4.0708724e-02
  -3.4266263e-02
  -2.9446661e-02
  -2.8727233e-02
  -2.9122248e-02
  -3.1852394e-02
  -3.7053674e-02
  -4.3998498e-02
  -5.1209766e-02
  -5.6419328e-02
  -5.9031524e-02
  -5.6907799e-02
  -4.6462845e-02
  -2.0240232e-02
   8.4971617e-03
  -0.0000000e+00
  -4.4190023e-02
  -3.5244279e-02
  -4.3599858e-02
  -0.0000000e+00
  -4.5543540e-02
  -4.9407605e-02
  -5.1333860e-02
  -5.1211473e-02
  -5.1701620e-02
  -5.2985020e-02
  -5.4998733e-02
  -5.6594986e-02
  -5.8133312e-02
  -5.9464008e-02
  -6.1012153e-02
  -6.2600300e-02
  -6.3275807e-02
  -6.1416071e-02
  -5.8356512e-02
  -5.3891983e-02
  -4.8828274e-02
  -4.4255536e-02
  -4.1402027e-02
  -3.9460633e-02
  -3.6169577e-02
  -3.3006333e-02
  -3.2979287e-02
  -3.6215797e-02
  -4.2159151e-02
  -4.8308108e-02
  -5.3077560e-02
  -5.5028435e-02
  -5.0099771e-02
  -3.1204479e-02
   0.0000000e+00
  -0.0000000e+00
  -5.4233868e-02
  -4.0910562e-02
  -4.3599854e-02
  -4.2193404e-02
  -4.0857416e-02
  -4.4057056e-02
  -4.7488708e-02
  -4.9260035e-02
  -4.9945120e-02
  -5.0506953e-02
  -5.0923612e-02
  -5.0725769e-02
  -5.1043008e-02
  -5.2358251e-02
  -5.3902458e-02
  -5.5360489e-02
  -5.6614488e-02
  -5.6152746e-02
  -5.4505277e-02
  -5.1577307e-02
  -4.8515368e-02
  -4.6655878e-02
  -4.6553988e-02
  -4.6203259e-02
  -4.3415140e-02
  -3.7727892e-02
  -3.2848440e-02
  -3.0740159e-02
  -3.2608982e-02
  -3.6828641e-02
  -4.1527331e-02
  -4.5482982e-02
  -4.6698980e-02
  -4.0781830e-02
  -2.8340291e-02
  -4.1279954e-02
  -5.4453626e-02
  -4.9783245e-02
  -5.3503998e-02
  -0.0000000e+00
  -2.4815803e-02
  -2.7576840e-02
  -3.1583313e-02
  -3.4795810e-02
  -3.6104444e-02
  -3.6683090e-02
  -3.6325708e-02
  -3.4889925e-02
  -3.3678461e-02
  -3.3965178e-02
  -3.4700867e-02
  -3.5603307e-02
  -3.6662981e-02
  -3.7246015e-02
  -3.7110675e-02
  -3.6817640e-02
  -3.6597744e-02
  -3.6729399e-02
  -3.7963077e-02
  -3.8697172e-02
  -3.7641998e-02
  -3.4088515e-02
  -2.9335311e-02
  -2.4973594e-02
  -2.2814263e-02
  -2.3243906e-02
  -2.5506569e-02
  -2.8578281e-02
  -3.2746471e-02
  -4.1238762e-02
  -4.3793788e-02
  -2.9816668e-02
  -3.5770036e-02
  -3.7890085e-02
   0.0000000e+00
   3.2667047e-06
  -3.2841689e-03
  -3.8916115e-03
  -7.2781183e-03
  -1.0799753e-02
  -1.2994348e-02
  -1.4079841e-02
  -1.4069405e-02
  -1.2874276e-02
  -1.1299026e-02
  -1.0524810e-02
  -1.0459013e-02
  -1.0896878e-02
  -1.1890806e-02
  -1.2849338e-02
  -1.3989561e-02
  -1.5916429e-02
  -1.7836247e-02
  -1.9536600e-02
  -2.1169748e-02
  -2.1693550e-02
  -2.0942952e-02
  -1.9267634e-02
  -1.6627150e-02
  -1.3549018e-02
  -1.0401578e-02
  -8.3692791e-03
  -7.9969224e-03
  -9.0868548e-03
  -1.2097834e-02
  -2.1684203e-02
  -3.1657612e-02
  -1.5762207e-02
  -9.7437911e-03
  -1.1292587e-02
  -8.4347522e-03
   3.5538640e-02
   3.4076106e-02
   3.7924610e-02
   3.5625312e-02
   3.1291388e-02
   2.7206313e-02
   2.4517786e-02
   2.3069648e-02
   2.2998825e-02
   2.3936484e-02
   2.4786120e-02
   2.5057605e-02
   2.4711395e-02
   2.3217738e-02
   2.1304378e-02
   1.8041439e-02
   1.3948643e-02
   1.0533246e-02
   7.3484113e-03
   5.0433627e-03
   5.6399079e-03
   7.8533199e-03
   9.7821141e-03
   1.1290434e-02
   1.2850049e-02
   1.4984868e-02
   1.7536048e-02
   2.0025589e-02
   2.1538112e-02
   2.1195382e-02
   1.6484303e-02
   1.1593500e-02
   1.5985161e-02
   2.9614478e-02
   3.5720423e-02
   2.5683746e-02
   6.8986237e-02
   7.2668098e-02
   7.7203645e-02
   7.5103469e-02
   7.0252284e-02
   6.5423920e-02
   6.1423659e-02
   5.8661629e-02
   5.7390385e-02
   5.7111081e-02
   5.6864947e-02
   5.6276460e-02
   5.4698635e-02
   5.1646687e-02
   4.8007445e-02
   4.2896695e-02
   3.7295338e-02
   3.2770682e-02
   2.9099444e-02
   2.7093440e-02
   2.9085374e-02
   3.3582572e-02
   3.7598517e-02
   3.9801593e-02
   4.1333366e-02
   4.3264385e-02
   4.5973940e-02
   4.9699090e-02
   5.3208955e-02
   5.4961701e-02
   5.3428460e-02
   4.0475889e-02
   4.9217714e-02
   5.1919995e-02
   6.3750630e-02
   4.9773970e-02
   1.1290612e-01
   1.0354015e-01
   1.0298703e-01
   1.0374191e-01
   1.0301693e-01
   1.0118746e-01
   9.8362438e-02
   9.5386423e-02
   9.3377925e-02
   9.1153383e-02
   8.8840857e-02
   8.6294055e-02
   8.2385302e-02
   7.6737463e-02
   7.0827693e-02
   6.3823864e-02
   5.7309303e-02
   5.2623138e-02
   4.9954034e-02
   5.0531700e-02
   5.4372694e-02
   6.0808130e-02
   6.7567319e-02
   7.2058178e-02
   7.4958317e-02
   7.8044549e-02
   8.2070984e-02
   8.7003633e-02
   9.2677280e-02
   9.6736781e-02
   9.8572403e-02
   1.0415686e-01
   9.0660941e-02
   8.2882946e-02
   0.0000000e+00
   6.2015485e-02
   1.2714453e-01
   1.0209613e-01
   9.9714276e-02
   1.0227481e-01
   1.0541324e-01
   1.0635934e-01
   1.0566988e-01
   1.0411189e-01
   1.0195196e-01
   9.9368304e-02
   9.6056886e-02
   9.1897566e-02
   8.6693868e-02
   7.9977922e-02
   7.3087694e-02
   6.6058874e-02
   6.0463980e-02
   5.7601809e-02
   5.7169449e-02
   6.0825855e-02
   6.7023106e-02
   7.3680706e-02
   8.0481976e-02
   8.6650143e-02
   9.2130184e-02
   9.7254358e-02
   1.0235318e-01
   1.0834010e-01
   1.1460795e-01
   1.1884056e-01
   1.2130638e-01
   1.2228988e-01
   1.1659437e-01
   1.1572393e-01
   8.5210907e-02
   8.1340434e-02
   9.7965519e-02
   7.2956874e-02
   7.0864730e-02
   7.4123642e-02
   7.7600857e-02
   7.9305619e-02
   7.9776896e-02
   7.9984946e-02
   7.8984879e-02
   7.7201581e-02
   7.4070624e-02
   7.0257694e-02
   6.5076716e-02
   5.9225548e-02
   5.3487595e-02
   4.8357306e-02
   4.5333820e-02
   4.5564283e-02
   4.7906356e-02
   5.3524812e-02
   5.9910212e-02
   6.5288447e-02
   7.0529207e-02
   7.5841591e-02
   8.2049062e-02
   8.8184011e-02
   9.3837589e-02
   9.9171150e-02
   1.0358298e-01
   1.0549440e-01
   1.0537081e-01
   1.0409027e-01
   1.0045037e-01
   9.9237467e-02
   8.7996212e-02
   8.4100969e-02
   4.3660074e-02
   3.0070251e-02
   2.8250914e-02
   2.8894309e-02
   3.0594824e-02
   3.2141881e-02
   3.3657163e-02
   3.4497656e-02
   3.4405155e-02
   3.3907279e-02
   3.2002408e-02
   2.9498124e-02
   2.6278211e-02
   2.2961337e-02
   2.0048046e-02
   1.9250130e-02
   2.0451857e-02
   2.2592421e-02
   2.6535410e-02
   3.1686809e-02
   3.5342822e-02
   3.7995007e-02
   4.0639352e-02
   4.3621330e-02
   4.7259785e-02
   5.1325306e-02
   5.5342733e-02
   5.7812259e-02
   5.8022510e-02
   5.6934382e-02
   5.4659270e-02
   5.1723614e-02
   4.8658165e-02
   4.7003038e-02
   4.3517932e-02
   4.7566193e-02
  -2.7145850e-03
  -8.5516116e-03
  -1.1417165e-02
  -1.2453573e-02
  -1.1761825e-02
  -1.0515661e-02
  -9.0464558e-03
  -8.1027476e-03
  -7.3883897e-03
  -7.2154794e-03
  -7.6593580e-03
  -8.5649611e-03
  -9.6846595e-03
  -1.0010290e-02
  -9.1472520e-03
  -7.4325413e-03
  -4.2458591e-03
  -5.7175040e-04
   2.6475389e-03
   5.3156149e-03
   7.0213228e-03
   8.1297811e-03
   8.6124167e-03
   8.3920555e-03
   7.4488875e-03
   6.9224574e-03
   6.7820097e-03
   6.6695525e-03
   5.9845923e-03
   3.9737415e-03
   4.7078505e-04
  -3.2714221e-03
  -5.7729282e-03
  -6.2976894e-03
  -4.1900370e-03
   1.7256846e-03
  -2.9742222e-02
  -3.2752570e-02
  -3.4082885e-02
  -3.5419114e-02
  -3.5479758e-02
  -3.3782448e-02
  -3.2054417e-02
  -3.0881356e-02
  -3.0069517e-02
  -2.9749455e-02
  -2.9793574e-02
  -2.9634977e-02
  -2.8824124e-02
  -2.6850056e-02
  -2.4448390e-02
  -2.1858949e-02
  -1.8380189e-02
  -1.5407959e-02
  -1.3578080e-02
  -1.2112440e-02
  -1.1383203e-02
  -1.2217971e-02
  -1.4698788e-02
  -1.8175129e-02
  -2.1686232e-02
  -2.4287578e-02
  -2.5634677e-02
  -2.6581524e-02
  -2.7838904e-02
  -2.9402644e-02
  -3.0947257e-02
  -3.2426056e-02
  -3.3326346e-02
  -3.2938235e-02
  -2.9818941e-02
  -2.5766770e-02
  -2.1625002e-02
  -2.4020895e-02
  -2.4499833e-02
  -2.4189268e-02
  -2.3674378e-02
  -2.3107457e-02
  -2.2477749e-02
  -2.1784599e-02
  -2.1381698e-02
  -2.1294591e-02
  -2.1094501e-02
  -2.0553271e-02
  -1.9588571e-02
  -1.7950300e-02
  -1.6102619e-02
  -1.4166654e-02
  -1.2501390e-02
  -1.1468559e-02
  -1.0862637e-02
  -1.1140127e-02
  -1.2328192e-02
  -1.4072215e-02
  -1.6245600e-02
  -1.8473787e-02
  -2.0460639e-02
  -2.1951179e-02
  -2.2778062e-02
  -2.3126624e-02
  -2.3066322e-02
  -2.2864412e-02
  -2.2810931e-02
  -2.2983655e-02
  -2.3051473e-02
  -2.2637213e-02
  -2.1083889e-02
  -1.9638786e-02
