  3.421074e-01
  3.381865e-01
  3.149596e-01
  3.029896e-01
  2.873745e-01
  2.739515e-01
  2.648361e-01
  2.593310e-01
  2.501251e-01
  2.444499e-01
  2.404095e-01
  2.447217e-01
  2.461523e-01
  2.430338e-01
  2.406640e-01
  2.426522e-01
  2.393412e-01
  2.225763e-01
  2.241496e-01
  2.390369e-01
  2.479226e-01
  2.531566e-01
  2.530856e-01
  2.500406e-01
  2.472427e-01
  2.479432e-01
  2.538503e-01
  2.637060e-01
  2.761528e-01
  2.817131e-01
  2.782977e-01
  2.893961e-01
  3.092640e-01
  3.301203e-01
  3.617910e-01
  4.025647e-01
