-START-OF-DATA-
1759.5 0.00066716
1769.5 0.00066716
1779.5 0.00066716
1789.5 0.00066716
1799.5 0.00066716
1809.5 0.00066716
1819.5 0.00066716
1829.5 0.00066716
1839.5 0.00066716
1849.5 0.00066716
1859.5 0.00066716
1869.5 0.00066716
1879.5 0.00066716
1889.5 0.00066716
1899.5 0.00066716
1909.5 0.00066716
1919.5 0.00066716
1929.5 0.00066716
1939.5 0.00066716
1949.5 0.00071
1959.5 0.000725
1969.5 0.000749
1979.5 0.000782
1989.5 0.000823
1999.5 0.000869
2009.5 0.000926
2019.5 0.001003
2029.5 0.001102
2039.5 0.001226
2049.5 0.001382
2059.5 0.001572
2069.5 0.001797
2079.5 0.002059
2089.5 0.002357
2099.5 0.002688
2109.5 0.003
2119.5 0.003336
2129.5 0.003672
2139.5 0.00396
2149.5 0.004224
2159.5 0.00444
2169.5 0.004632
2179.5 0.004776
2189.5 0.004872
2199.5 0.004968
2209.5 0.005016
2219.5 0.005064
2229.5 0.005088
2239.5 0.005112
2249.5 0.005112
2259.5 0.005112
2269.5 0.005088
2279.5 0.005088
2289.5 0.005064
2299.5 0.00504
2309.5 0.00504
2319.5 0.005016
2329.5 0.004992
2339.5 0.004968
2349.5 0.004944
2359.5 0.00492
2369.5 0.004896
2379.5 0.004872
2389.5 0.004848
2399.5 0.004824
2409.5 0.004824
2419.5 0.0048
2429.5 0.004776
2439.5 0.004752
2449.5 0.004728
2459.5 0.004704
2469.5 0.004704
2479.5 0.00468
2489.5 0.004656
2499.5 0.004632
2509.5 0.004608
2519.5 0.004608
2529.5 0.004584
2539.5 0.00456
2549.5 0.00456
2559.5 0.004536
2569.5 0.004512
2579.5 0.004488
2589.5 0.004488
2599.5 0.004464
2609.5 0.00444
2619.5 0.00444
2629.5 0.004416
2639.5 0.004392
2649.5 0.004392
2659.5 0.004368
2669.5 0.004344
2679.5 0.004344
2689.5 0.00432
2699.5 0.004296
2709.5 0.004296
2719.5 0.004272
2729.5 0.004272
2739.5 0.004248
2749.5 0.004224
2759.5 0.004224
2769.5 0.0042
2779.5 0.0042
2789.5 0.004176
2799.5 0.004152
2809.5 0.004152
2819.5 0.004128
2829.5 0.004128
2839.5 0.004104
2849.5 0.004104
2859.5 0.00408
2869.5 0.004056
2879.5 0.004056
2889.5 0.004032
2899.5 0.004032
2909.5 0.004008
2919.5 0.004008
2929.5 0.003984
2939.5 0.003984
2949.5 0.00396
2959.5 0.00396
2969.5 0.003936
2979.5 0.003936
2989.5 0.003912
2999.5 0.003912
3009.5 0.003888
3019.5 0.003888
3029.5 0.003864
3039.5 0.003864
3049.5 0.00384
3059.5 0.00384
3069.5 0.003816
3079.5 0.003816
3089.5 0.003792
3099.5 0.003792
3109.5 0.003768
3119.5 0.003768
3129.5 0.003768
3139.5 0.003744
3149.5 0.003744
3159.5 0.00372
3169.5 0.00372
3179.5 0.003696
3189.5 0.003696
3199.5 0.003672
3209.5 0.003672
3219.5 0.003672
3229.5 0.003648
3239.5 0.003648
3249.5 0.003624
3259.5 0.003624
3269.5 0.0036
3279.5 0.0036
3289.5 0.0036
3299.5 0.003576
3309.5 0.003576
3319.5 0.003552
3329.5 0.003552
3339.5 0.003552
3349.5 0.003528
3359.5 0.003528
3369.5 0.003504
3379.5 0.003504
3389.5 0.003504
3399.5 0.00348
3409.5 0.00348
3419.5 0.00348
3429.5 0.003456
3439.5 0.003456
3449.5 0.003432
3459.5 0.003432
3469.5 0.003432
3479.5 0.003408
3489.5 0.003408
3499.5 0.003408
3509.5 0.003384
3519.5 0.003384
3529.5 0.00336
3539.5 0.00336
3549.5 0.00336
3559.5 0.003336
3569.5 0.003336
3579.5 0.003336
3589.5 0.003312
3599.5 0.003312
3609.5 0.003312
3619.5 0.003288
3629.5 0.003288
3639.5 0.003288
3649.5 0.003264
3659.5 0.003264
3669.5 0.003264
3679.5 0.00324
3689.5 0.00324
3699.5 0.00324
3709.5 0.003216
3719.5 0.003216
3729.5 0.003216
3739.5 0.003192
3749.5 0.003192
3759.5 0.003192
3769.5 0.003192
3779.5 0.003168
3789.5 0.003168
3799.5 0.003168
3809.5 0.003144
3819.5 0.003144
3829.5 0.003144
3839.5 0.00312
3849.5 0.00312
3859.5 0.00312
3869.5 0.00312
3879.5 0.003096
3889.5 0.003096
3899.5 0.003096
3909.5 0.003072
3919.5 0.003072
3929.5 0.003072
3939.5 0.003072
3949.5 0.003048
3959.5 0.003048
3969.5 0.003048
3979.5 0.003048
3989.5 0.003024
3999.5 0.003024
4009.5 0.003024
4019.5 0.003
4029.5 0.003
4039.5 0.003
4049.5 0.003
4059.5 0.002976
4069.5 0.002976
4079.5 0.002976
4089.5 0.002976
4099.5 0.002952
4109.5 0.002952
4119.5 0.002952
4129.5 0.002952
4139.5 0.002928
4149.5 0.002928
4159.5 0.002928
4169.5 0.002928
4179.5 0.002928
4189.5 0.002904
4199.5 0.002904
4209.5 0.002904
4219.5 0.002904
4229.5 0.00288
4239.5 0.00288
4249.5 0.00288
4259.5 0.00288
4269.5 0.002856
4279.5 0.002856
4289.5 0.002856
4299.5 0.002856
4309.5 0.002856
4319.5 0.002832
4329.5 0.002832
4339.5 0.002832
4349.5 0.002832
4359.5 0.002832
4369.5 0.002808
4379.5 0.002808
4389.5 0.002808
4399.5 0.002808
4409.5 0.002808
4419.5 0.002784
4429.5 0.002784
4439.5 0.002784
4449.5 0.002784
4459.5 0.002784
4469.5 0.00276
4479.5 0.00276
4489.5 0.00276
4499.5 0.00276
4509.5 0.00276
4519.5 0.002736
4529.5 0.002736
4539.5 0.002736
4549.5 0.002736
4559.5 0.002736
4569.5 0.002736
4579.5 0.002712
4589.5 0.002712
4599.5 0.002712
4609.5 0.002712
4619.5 0.002712
4629.5 0.002688
4639.5 0.002688
4649.5 0.002688
4659.5 0.002688
4669.5 0.002688
4679.5 0.002688
4689.5 0.002664
4699.5 0.002664
4709.5 0.002664
4719.5 0.002664
4729.5 0.002664
4739.5 0.002664
4749.5 0.002664
4759.5 0.00264
4769.5 0.00264
4779.5 0.00264
4789.5 0.00264
4799.5 0.00264
4809.5 0.00264
4819.5 0.002616
4829.5 0.002616
4839.5 0.002616
4849.5 0.002616
4859.5 0.002616
4869.5 0.002616
4879.5 0.002616
4889.5 0.002592
4899.5 0.002592
4909.5 0.002592
4919.5 0.002592
4929.5 0.002592
4939.5 0.002592
4949.5 0.002592
4959.5 0.002568
4969.5 0.002568
4979.5 0.002568
4989.5 0.002568
4999.5 0.002568
5009.5 0.002568
5019.5 0.002568
5029.5 0.002568
5039.5 0.002544
5049.5 0.002544
5059.5 0.002544
5069.5 0.002544
5079.5 0.002544
5089.5 0.002544
5099.5 0.002544
5109.5 0.002544
5119.5 0.00252
5129.5 0.00252
5139.5 0.00252
5149.5 0.00252
5159.5 0.00252
5169.5 0.00252
5179.5 0.00252
5189.5 0.00252
5199.5 0.002496
5209.5 0.002496
5219.5 0.002496
5229.5 0.002496
5239.5 0.002496
5249.5 0.002496
5259.5 0.002496
5269.5 0.002496
5279.5 0.002496
5289.5 0.002472
5299.5 0.002472
5309.5 0.002472
5319.5 0.002472
5329.5 0.002472
5339.5 0.002472
5349.5 0.002472
5359.5 0.002472
5369.5 0.002472
5379.5 0.002448
5389.5 0.002448
5399.5 0.002448
5409.5 0.002448
5419.5 0.002448
5429.5 0.002448
5439.5 0.002448
5449.5 0.002448
5459.5 0.002448
5469.5 0.002448
5479.5 0.002424
5489.5 0.002424
5499.5 0.002424
5509.5 0.002424
5519.5 0.002424
5529.5 0.002424
5539.5 0.002424
5549.5 0.002424
5559.5 0.002424
5569.5 0.002424
5579.5 0.0024
5589.5 0.0024
5599.5 0.0024
5609.5 0.0024
5619.5 0.0024
5629.5 0.0024
5639.5 0.002397
5649.5 0.002395
5659.5 0.002393
5669.5 0.00239
5679.5 0.00239
5689.5 0.002388
5699.5 0.002385
5709.5 0.002383
5719.5 0.002381
5729.5 0.002378
5739.5 0.002376
5749.5 0.002373
5759.5 0.002373
5769.5 0.002371
5779.5 0.002369
5789.5 0.002366
5799.5 0.002364
5809.5 0.002361
5819.5 0.002361
5829.5 0.002359
5839.5 0.002357
5849.5 0.002354
5859.5 0.002352
5869.5 0.002352
5879.5 0.002349
5889.5 0.002347
5899.5 0.002345
5909.5 0.002345
5919.5 0.002342
5929.5 0.00234
5939.5 0.002337
5949.5 0.002335
5959.5 0.002335
5969.5 0.002333
5979.5 0.00233
5989.5 0.002328
5999.5 0.002328
6009.5 0.002325
6019.5 0.002323
6029.5 0.002323
6039.5 0.002321
6049.5 0.002318
6059.5 0.002316
6069.5 0.002316
6079.5 0.002313
6089.5 0.002311
6099.5 0.002311
6109.5 0.002309
6119.5 0.002306
6129.5 0.002306
6139.5 0.002304
6149.5 0.002301
6159.5 0.002301
6169.5 0.002299
6179.5 0.002297
6189.5 0.002297
6199.5 0.002294
6209.5 0.002292
6219.5 0.002292
6229.5 0.002289
6239.5 0.002287
6249.5 0.002287
6259.5 0.002285
6269.5 0.002282
6279.5 0.002282
6289.5 0.00228
6299.5 0.00228
6309.5 0.002277
6319.5 0.002275
6329.5 0.002275
6339.5 0.002273
6349.5 0.00227
6359.5 0.00227
6369.5 0.002268
6379.5 0.002268
6389.5 0.002265
6399.5 0.002265
6409.5 0.002263
6419.5 0.002261
6429.5 0.002261
6439.5 0.002258
6449.5 0.002258
6459.5 0.002256
6469.5 0.002253
6479.5 0.002253
6489.5 0.002251
6499.5 0.002251
6509.5 0.002249
6519.5 0.002249
6529.5 0.002246
6539.5 0.002244
6549.5 0.002244
6559.5 0.002241
6569.5 0.002241
6579.5 0.002239
6589.5 0.002239
6599.5 0.002237
6609.5 0.002237
6619.5 0.002234
6629.5 0.002234
6639.5 0.002232
6649.5 0.002229
6659.5 0.002229
6669.5 0.002227
6679.5 0.002227
6689.5 0.002225
6699.5 0.002225
6709.5 0.002222
6719.5 0.002222
6729.5 0.00222
6739.5 0.00222
6749.5 0.002217
6759.5 0.002217
6769.5 0.002215
6779.5 0.002215
6789.5 0.002213
6799.5 0.002213
6809.5 0.00221
6819.5 0.002208
6829.5 0.002208
6839.5 0.002205
6849.5 0.002205
6859.5 0.002203
6869.5 0.002203
6879.5 0.002201
6889.5 0.002201
6899.5 0.002198
6909.5 0.002198
6919.5 0.002196
6929.5 0.002196
6939.5 0.002193
6949.5 0.002193
6959.5 0.002191
6969.5 0.002191
6979.5 0.002189
6989.5 0.002189
6999.5 0.002186
7009.5 0.002186
7019.5 0.002184
7029.5 0.002184
7039.5 0.002181
7049.5 0.002181
7059.5 0.002179
7069.5 0.002179
7079.5 0.002177
7089.5 0.002177
7099.5 0.002174
7109.5 0.002174
7119.5 0.002172
7129.5 0.002172
7139.5 0.002169
7149.5 0.002169
7159.5 0.002167
7169.5 0.002167
7179.5 0.002165
7189.5 0.002165
7199.5 0.002162
7209.5 0.002162
7219.5 0.00216
7229.5 0.00216
7239.5 0.00216
7249.5 0.002157
7259.5 0.002157
7269.5 0.002155
7279.5 0.002155
7289.5 0.002153
7299.5 0.002153
7309.5 0.00215
7319.5 0.00215
7329.5 0.002148
7339.5 0.002148
7349.5 0.002145
7359.5 0.002145
7369.5 0.002143
7379.5 0.002143
7389.5 0.002141
7399.5 0.002141
7409.5 0.002138
7419.5 0.002138
7429.5 0.002136
7439.5 0.002136
7449.5 0.002136
7459.5 0.002133
7469.5 0.002133
7479.5 0.002131
7489.5 0.002131
7499.5 0.002129
7509.5 0.002129
7519.5 0.002126
7529.5 0.002126
7539.5 0.002124
7549.5 0.002124
7559.5 0.002121
7569.5 0.002121
7579.5 0.002119
7589.5 0.002119
7599.5 0.002119
7609.5 0.002117
7619.5 0.002117
7629.5 0.002114
7639.5 0.002114
7649.5 0.002112
7659.5 0.002112
7669.5 0.002109
7679.5 0.002109
7689.5 0.002107
7699.5 0.002107
7709.5 0.002107
7719.5 0.002105
7729.5 0.002105
7739.5 0.002102
7749.5 0.002102
7759.5 0.0021
7769.5 0.0021
7779.5 0.002097
7789.5 0.002097
7799.5 0.002095
7809.5 0.002095
7819.5 0.002095
7829.5 0.002093
7839.5 0.002093
7849.5 0.00209
7859.5 0.00209
7869.5 0.002088
7879.5 0.002088
7889.5 0.002085
7899.5 0.002085
7909.5 0.002085
7919.5 0.002083
7929.5 0.002083
7939.5 0.002081
7949.5 0.002081
7959.5 0.002078
7969.5 0.002078
7979.5 0.002076
7989.5 0.002076
7999.5 0.002076
8009.5 0.002073
8019.5 0.002073
8029.5 0.002071
8039.5 0.002071
8049.5 0.002069
8059.5 0.002069
8069.5 0.002069
8079.5 0.002066
8089.5 0.002066
8099.5 0.002064
8109.5 0.002064
8119.5 0.002061
8129.5 0.002061
8139.5 0.002061
8149.5 0.002059
8159.5 0.002059
8169.5 0.002057
8179.5 0.002057
8189.5 0.002054
8199.5 0.002054
8209.5 0.002054
8219.5 0.002052
8229.5 0.002052
8239.5 0.002049
8249.5 0.002049
8259.5 0.002047
8269.5 0.002047
8279.5 0.002047
8289.5 0.002045
8299.5 0.002045
8309.5 0.002042
8319.5 0.002042
8329.5 0.00204
8339.5 0.00204
8349.5 0.00204
8359.5 0.002037
8369.5 0.002037
8379.5 0.002035
8389.5 0.002035
8399.5 0.002033
8409.5 0.002033
8419.5 0.002033
8429.5 0.00203
8439.5 0.00203
8449.5 0.002028
8459.5 0.002028
8469.5 0.002028
8479.5 0.002025
8489.5 0.002025
8499.5 0.002023
8509.5 0.002023
8519.5 0.002023
8529.5 0.002021
8539.5 0.002021
8549.5 0.002018
8559.5 0.002018
8569.5 0.002016
8579.5 0.002016
8589.5 0.002016
8599.5 0.002013
8609.5 0.002013
8619.5 0.002011
8629.5 0.002011
8639.5 0.002011
8649.5 0.002009
8659.5 0.002009
8669.5 0.002006
8679.5 0.002006
8689.5 0.002006
8699.5 0.002004
8709.5 0.002004
8719.5 0.002001
8729.5 0.002001
8739.5 0.002001
8749.5 0.001999
8759.5 0.001999
8769.5 0.001997
8779.5 0.001997
8789.5 0.001997
8799.5 0.001994
8809.5 0.001994
8819.5 0.001994
8829.5 0.001992
8839.5 0.001992
8849.5 0.001989
8859.5 0.001989
8869.5 0.001989
8879.5 0.001987
8889.5 0.001987
8899.5 0.001985
8909.5 0.001985
8919.5 0.001985
8929.5 0.001982
8939.5 0.001982
8949.5 0.00198
8959.5 0.00198
8969.5 0.00198
8979.5 0.001977
8989.5 0.001977
8999.5 0.001977
9009.5 0.001975
9019.5 0.001975
9029.5 0.001973
9039.5 0.001973
9049.5 0.001973
9059.5 0.00197
9069.5 0.00197
9079.5 0.001968
9089.5 0.001968
9099.5 0.001968
9109.5 0.001965
9119.5 0.001965
9129.5 0.001965
9139.5 0.001963
9149.5 0.001963
9159.5 0.001961
9169.5 0.001961
9179.5 0.001961
9189.5 0.001958
9199.5 0.001958
9209.5 0.001958
9219.5 0.001956
9229.5 0.001956
9239.5 0.001953
9249.5 0.001953
9259.5 0.001953
9269.5 0.001951
9279.5 0.001951
9289.5 0.001951
9299.5 0.001949
9309.5 0.001949
9319.5 0.001949
9329.5 0.001946
9339.5 0.001946
9349.5 0.001944
9359.5 0.001944
9369.5 0.001944
9379.5 0.001941
9389.5 0.001941
9399.5 0.001941
9409.5 0.001939
9419.5 0.001939
9429.5 0.001937
9439.5 0.001937
9449.5 0.001937
9459.5 0.001934
9469.5 0.001934
9479.5 0.001934
9489.5 0.001932
9499.5 0.001932
9509.5 0.001932
9519.5 0.001929
9529.5 0.001929
9539.5 0.001927
9549.5 0.001927
9559.5 0.001927
9569.5 0.001925
9579.5 0.001925
9589.5 0.001925
9599.5 0.001922
9609.5 0.001922
9619.5 0.00192
9629.5 0.00192
9639.5 0.00192
9649.5 0.001917
9659.5 0.001917
9669.5 0.001915
9679.5 0.001915
9689.5 0.001915
9699.5 0.001913
9709.5 0.001913
9719.5 0.00191
9729.5 0.00191
9739.5 0.00191
9749.5 0.001908
9759.5 0.001908
9769.5 0.001908
9779.5 0.001905
9789.5 0.001905
9799.5 0.001903
9809.5 0.001903
9819.5 0.001903
9829.5 0.001901
9839.5 0.001901
9849.5 0.001901
9859.5 0.001898
9869.5 0.001898
9879.5 0.001896
9889.5 0.001896
9899.5 0.001896
9909.5 0.001893
9919.5 0.001893
9929.5 0.001893
9939.5 0.001891
9949.5 0.001891
9959.5 0.001891
9969.5 0.001889
9979.5 0.001889
9989.5 0.001886
9999.5 0.001886
10009.5 0.001886
10019.5 0.001884
10029.5 0.001884
10039.5 0.001884
10049.5 0.001881
10059.5 0.001881
10069.5 0.001881
10079.5 0.001879
10089.5 0.001879
10099.5 0.001879
10109.5 0.001877
10119.5 0.001877
10129.5 0.001877
10139.5 0.001874
10149.5 0.001874
10159.5 0.001874
10169.5 0.001872
10179.5 0.001872
10189.5 0.001872
10199.5 0.001869
10209.5 0.001869
10219.5 0.001869
10229.5 0.001867
10239.5 0.001867
10249.5 0.001867
10259.5 0.001865
10269.5 0.001865
10279.5 0.001865
10289.5 0.001862
10299.5 0.001862
10309.5 0.001862
10319.5 0.00186
10329.5 0.00186
10339.5 0.00186
10349.5 0.001857
10359.5 0.001857
10369.5 0.001857
10379.5 0.001855
10389.5 0.001855
10399.5 0.001855
10409.5 0.001855
10419.5 0.001853
10429.5 0.001853
10439.5 0.001853
10449.5 0.00185
10459.5 0.00185
10469.5 0.00185
10479.5 0.001848
10489.5 0.001848
10499.5 0.001848
10509.5 0.001845
10519.5 0.001845
10529.5 0.001845
10539.5 0.001843
10549.5 0.001843
10559.5 0.001843
10569.5 0.001843
10579.5 0.001841
10589.5 0.001841
10599.5 0.001841
10609.5 0.001838
10619.5 0.001838
10629.5 0.001838
10639.5 0.001838
10649.5 0.001836
10659.5 0.001836
10669.5 0.001836
10679.5 0.001833
10689.5 0.001833
10699.5 0.001833
10709.5 0.001831
10719.5 0.001831
10729.5 0.001831
10739.5 0.001831
10749.5 0.001829
10759.5 0.001829
10769.5 0.001829
10779.5 0.001826
10789.5 0.001826
10799.5 0.001826
10809.5 0.001826
10819.5 0.001824
10829.5 0.001824
10839.5 0.001824
10849.5 0.001821
10859.5 0.001821
10869.5 0.001821
10879.5 0.001821
10889.5 0.001819
10899.5 0.001819
10909.5 0.001819
10919.5 0.001817
10929.5 0.001817
10939.5 0.001817
10949.5 0.001814
10959.5 0.001814
10969.5 0.001814
10979.5 0.001814
10989.5 0.001812
10999.5 0.001812
11009.5 0.001812
11019.5 0.001809
11029.5 0.001809
11039.5 0.001809
11049.5 0.001809
11059.5 0.001807
11069.5 0.001807
11079.5 0.001807
11089.5 0.001805
11099.5 0.001805
11109.5 0.001805
11119.5 0.001805
11129.5 0.001802
11139.5 0.001802
11149.5 0.001802
11159.5 0.0018
11169.5 0.0018
11179.5 0.0018
11189.5 0.0018
11199.5 0.001797
11209.5 0.001797
11219.5 0.001797
11229.5 0.001795
11239.5 0.001795
11249.5 0.001795
11259.5 0.001793
11269.5 0.001793
11279.5 0.001793
11289.5 0.001793
11299.5 0.00179
11309.5 0.00179
11319.5 0.00179
11329.5 0.001788
11339.5 0.001788
11349.5 0.001788
11359.5 0.001785
11369.5 0.001785
11379.5 0.001785
11389.5 0.001785
11399.5 0.001783
11409.5 0.001783
11419.5 0.001783
11429.5 0.001781
11439.5 0.001781
11449.5 0.001781
11459.5 0.001781
11469.5 0.001778
11479.5 0.001778
11489.5 0.001778
11499.5 0.001776
11509.5 0.001776
11519.5 0.001776
11529.5 0.001776
11539.5 0.001773
11549.5 0.001773
11559.5 0.001773
11569.5 0.001771
11579.5 0.001771
11589.5 0.001771
11599.5 0.001771
11609.5 0.001769
11619.5 0.001769
11629.5 0.001769
11639.5 0.001766
11649.5 0.001766
11659.5 0.001766
11669.5 0.001766
11679.5 0.001764
11689.5 0.001764
11699.5 0.001764
11709.5 0.001761
11719.5 0.001761
11729.5 0.001761
11739.5 0.001761
11749.5 0.001759
11759.5 0.001759
11769.5 0.001759
11779.5 0.001759
11789.5 0.001757
11799.5 0.001757
11809.5 0.001757
11819.5 0.001754
11829.5 0.001754
11839.5 0.001754
11849.5 0.001754
11859.5 0.001752
11869.5 0.001752
11879.5 0.001752
11889.5 0.001752
11899.5 0.001749
11909.5 0.001749
11919.5 0.001749
11929.5 0.001749
11939.5 0.001747
11949.5 0.001747
11959.5 0.001747
11969.5 0.001745
11979.5 0.001745
11989.5 0.001745
11999.5 0.001745
12009.5 0.001742
999999999 0.000667
-END-OF-DATA-
