-START-OF-DATA-
1759.5 0.00157921
1769.5 0.00157921
1779.5 0.00157921
1789.5 0.00157921
1799.5 0.00157921
1809.5 0.00157921
1819.5 0.00157921
1829.5 0.00157921
1839.5 0.00157921
1849.5 0.00157921
1859.5 0.00157921
1869.5 0.00157921
1879.5 0.00157921
1889.5 0.00157921
1899.5 0.00157921
1909.5 0.00157921
1919.5 0.00157921
1929.5 0.00157921
1939.5 0.00157921
1949.5 0.001681
1959.5 0.001716
1969.5 0.001772
1979.5 0.001852
1989.5 0.001948
1999.5 0.002056
2009.5 0.002193
2019.5 0.002363
2029.5 0.002528
2039.5 0.002681
2049.5 0.002812
2059.5 0.002908
2069.5 0.002971
2079.5 0.003005
2089.5 0.003022
2099.5 0.003022
2109.5 0.003011
2119.5 0.002994
2129.5 0.002971
2139.5 0.002948
2149.5 0.002926
2159.5 0.002897
2169.5 0.002874
2179.5 0.002852
2189.5 0.002829
2199.5 0.002806
2209.5 0.002789
2219.5 0.002766
2229.5 0.002749
2239.5 0.002732
2249.5 0.002715
2259.5 0.002698
2269.5 0.002681
2279.5 0.002664
2289.5 0.002653
2299.5 0.002636
2309.5 0.002624
2319.5 0.002613
2329.5 0.002596
2339.5 0.002585
2349.5 0.002573
2359.5 0.002562
2369.5 0.002551
2379.5 0.002545
2389.5 0.002534
2399.5 0.002522
2409.5 0.002517
2419.5 0.002505
2429.5 0.002494
2439.5 0.002488
2449.5 0.002477
2459.5 0.002471
2469.5 0.002465
2479.5 0.002454
2489.5 0.002448
2499.5 0.002443
2509.5 0.002431
2519.5 0.002426
2529.5 0.00242
2539.5 0.002414
2549.5 0.002409
2559.5 0.002403
2569.5 0.002392
2579.5 0.002386
2589.5 0.00238
2599.5 0.002374
2609.5 0.002369
2619.5 0.002363
2629.5 0.002363
2639.5 0.002357
2649.5 0.002352
2659.5 0.002346
2669.5 0.00234
2679.5 0.002335
2689.5 0.002329
2699.5 0.002329
2709.5 0.002323
2719.5 0.002318
2729.5 0.002312
2739.5 0.002312
2749.5 0.002306
2759.5 0.002301
2769.5 0.002295
2779.5 0.002295
2789.5 0.002289
2799.5 0.002284
2809.5 0.002284
2819.5 0.002278
2829.5 0.002278
2839.5 0.002272
2849.5 0.002267
2859.5 0.002267
2869.5 0.002261
2879.5 0.002261
2889.5 0.002255
2899.5 0.00225
2909.5 0.00225
2919.5 0.002244
2929.5 0.002244
2939.5 0.002238
2949.5 0.002238
2959.5 0.002232
2969.5 0.002232
2979.5 0.002227
2989.5 0.002227
2999.5 0.002221
3009.5 0.002221
3019.5 0.002221
3029.5 0.002215
3039.5 0.002215
3049.5 0.00221
3059.5 0.00221
3069.5 0.002204
3079.5 0.002204
3089.5 0.002198
3099.5 0.002198
3109.5 0.002198
3119.5 0.002193
3129.5 0.002193
3139.5 0.002193
3149.5 0.002187
3159.5 0.002187
3169.5 0.002181
3179.5 0.002181
3189.5 0.002181
3199.5 0.002176
3209.5 0.002176
3219.5 0.002176
3229.5 0.00217
3239.5 0.00217
3249.5 0.00217
3259.5 0.002164
3269.5 0.002164
3279.5 0.002164
3289.5 0.002159
3299.5 0.002159
3309.5 0.002159
3319.5 0.002153
3329.5 0.002153
3339.5 0.002153
3349.5 0.002153
3359.5 0.002147
3369.5 0.002147
3379.5 0.002147
3389.5 0.002142
3399.5 0.002142
3409.5 0.002142
3419.5 0.002142
3429.5 0.002136
3439.5 0.002136
3449.5 0.002136
3459.5 0.00213
3469.5 0.00213
3479.5 0.00213
3489.5 0.00213
3499.5 0.002125
3509.5 0.002125
3519.5 0.002125
3529.5 0.002119
3539.5 0.002119
3549.5 0.002119
3559.5 0.002119
3569.5 0.002113
3579.5 0.002113
3589.5 0.002113
3599.5 0.002113
3609.5 0.002108
3619.5 0.002108
3629.5 0.002108
3639.5 0.002108
3649.5 0.002102
3659.5 0.002102
3669.5 0.002102
3679.5 0.002102
3689.5 0.002096
3699.5 0.002096
3709.5 0.002096
3719.5 0.00209
3729.5 0.00209
3739.5 0.00209
3749.5 0.00209
3759.5 0.002085
3769.5 0.002085
3779.5 0.002085
3789.5 0.002085
3799.5 0.002079
3809.5 0.002079
3819.5 0.002079
3829.5 0.002079
3839.5 0.002073
3849.5 0.002073
3859.5 0.002073
3869.5 0.002073
3879.5 0.002068
3889.5 0.002068
3899.5 0.002068
3909.5 0.002068
3919.5 0.002062
3929.5 0.002062
3939.5 0.002062
3949.5 0.002062
3959.5 0.002056
3969.5 0.002056
3979.5 0.002056
3989.5 0.002056
3999.5 0.002056
4009.5 0.002051
4019.5 0.002051
4029.5 0.002051
4039.5 0.002051
4049.5 0.002045
4059.5 0.002045
4069.5 0.002045
4079.5 0.002045
4089.5 0.002045
4099.5 0.002039
4109.5 0.002039
4119.5 0.002039
4129.5 0.002039
4139.5 0.002039
4149.5 0.002034
4159.5 0.002034
4169.5 0.002034
4179.5 0.002034
4189.5 0.002028
4199.5 0.002028
4209.5 0.002028
4219.5 0.002028
4229.5 0.002028
4239.5 0.002028
4249.5 0.002022
4259.5 0.002022
4269.5 0.002022
4279.5 0.002022
4289.5 0.002022
4299.5 0.002017
4309.5 0.002017
4319.5 0.002017
4329.5 0.002017
4339.5 0.002017
4349.5 0.002017
4359.5 0.002011
4369.5 0.002011
4379.5 0.002011
4389.5 0.002011
4399.5 0.002011
4409.5 0.002005
4419.5 0.002005
4429.5 0.002005
4439.5 0.002005
4449.5 0.002005
4459.5 0.002005
4469.5 0.002005
4479.5 0.002
4489.5 0.002
4499.5 0.002
4509.5 0.002
4519.5 0.002
4529.5 0.002
4539.5 0.001994
4549.5 0.001994
4559.5 0.001994
4569.5 0.001994
4579.5 0.001994
4589.5 0.001994
4599.5 0.001994
4609.5 0.001988
4619.5 0.001988
4629.5 0.001988
4639.5 0.001988
4649.5 0.001988
4659.5 0.001988
4669.5 0.001988
4679.5 0.001988
4689.5 0.001983
4699.5 0.001983
4709.5 0.001983
4719.5 0.001983
4729.5 0.001983
4739.5 0.001983
4749.5 0.001983
4759.5 0.001983
4769.5 0.001977
4779.5 0.001977
4789.5 0.001977
4799.5 0.001977
4809.5 0.001977
4819.5 0.001977
4829.5 0.001977
4839.5 0.001977
4849.5 0.001971
4859.5 0.001971
4869.5 0.001971
4879.5 0.001971
4889.5 0.001971
4899.5 0.001971
4909.5 0.001971
4919.5 0.001971
4929.5 0.001971
4939.5 0.001971
4949.5 0.001965
4959.5 0.001965
4969.5 0.001965
4979.5 0.001965
4989.5 0.001965
4999.5 0.001965
5009.5 0.001965
5019.5 0.001965
5029.5 0.001965
5039.5 0.001965
5049.5 0.00196
5059.5 0.00196
5069.5 0.00196
5079.5 0.00196
5089.5 0.00196
5099.5 0.00196
5109.5 0.00196
5119.5 0.00196
5129.5 0.00196
5139.5 0.00196
5149.5 0.00196
5159.5 0.00196
5169.5 0.001954
5179.5 0.001954
5189.5 0.001954
5199.5 0.001954
5209.5 0.001954
5219.5 0.001954
5229.5 0.001954
5239.5 0.001954
5249.5 0.001954
5259.5 0.001954
5269.5 0.001954
5279.5 0.001954
5289.5 0.001954
5299.5 0.001948
5309.5 0.001948
5319.5 0.001948
5329.5 0.001948
5339.5 0.001948
5349.5 0.001948
5359.5 0.001948
5369.5 0.001948
5379.5 0.001948
5389.5 0.001948
5399.5 0.001948
5409.5 0.001948
5419.5 0.001948
5429.5 0.001948
5439.5 0.001948
5449.5 0.001943
5459.5 0.001943
5469.5 0.001943
5479.5 0.001943
5489.5 0.001943
5499.5 0.001943
5509.5 0.001943
5519.5 0.001943
5529.5 0.001943
5539.5 0.001943
5549.5 0.001943
5559.5 0.001943
5569.5 0.001943
5579.5 0.001943
5589.5 0.001943
5599.5 0.001943
5609.5 0.001937
5619.5 0.001937
5629.5 0.001937
5639.5 0.001937
5649.5 0.001937
5659.5 0.001937
5669.5 0.001937
5679.5 0.001937
5689.5 0.001937
5699.5 0.001937
5709.5 0.001937
5719.5 0.001937
5729.5 0.001937
5739.5 0.001937
5749.5 0.001937
5759.5 0.001937
5769.5 0.001931
5779.5 0.001931
5789.5 0.001931
5799.5 0.001931
5809.5 0.001931
5819.5 0.001931
5829.5 0.001931
5839.5 0.001931
5849.5 0.001931
5859.5 0.001931
5869.5 0.001931
5879.5 0.001931
5889.5 0.001931
5899.5 0.001931
5909.5 0.001931
5919.5 0.001931
5929.5 0.001931
5939.5 0.001931
5949.5 0.001926
5959.5 0.001926
5969.5 0.001926
5979.5 0.001926
5989.5 0.001926
5999.5 0.001926
6009.5 0.001926
6019.5 0.001926
6029.5 0.001926
6039.5 0.001926
6049.5 0.001926
6059.5 0.001926
6069.5 0.001926
6079.5 0.001926
6089.5 0.001926
6099.5 0.001926
6109.5 0.001926
6119.5 0.001926
6129.5 0.00192
6139.5 0.00192
6149.5 0.00192
6159.5 0.00192
6169.5 0.00192
6179.5 0.00192
6189.5 0.00192
6199.5 0.00192
6209.5 0.00192
6219.5 0.00192
6229.5 0.00192
6239.5 0.00192
6249.5 0.00192
6259.5 0.00192
6269.5 0.00192
6279.5 0.00192
6289.5 0.00192
6299.5 0.00192
6309.5 0.00192
6319.5 0.001914
6329.5 0.001914
6339.5 0.001914
6349.5 0.001914
6359.5 0.001914
6369.5 0.001914
6379.5 0.001914
6389.5 0.001914
6399.5 0.001914
6409.5 0.001914
6419.5 0.001914
6429.5 0.001914
6439.5 0.001914
6449.5 0.001914
6459.5 0.001914
6469.5 0.001914
6479.5 0.001914
6489.5 0.001914
6499.5 0.001914
6509.5 0.001914
6519.5 0.001914
6529.5 0.001909
6539.5 0.001909
6549.5 0.001909
6559.5 0.001909
6569.5 0.001909
6579.5 0.001909
6589.5 0.001909
6599.5 0.001909
6609.5 0.001909
6619.5 0.001909
6629.5 0.001909
6639.5 0.001909
6649.5 0.001909
6659.5 0.001909
6669.5 0.001909
6679.5 0.001909
6689.5 0.001909
6699.5 0.001909
6709.5 0.001909
6719.5 0.001909
6729.5 0.001909
6739.5 0.001909
6749.5 0.001909
6759.5 0.001903
6769.5 0.001903
6779.5 0.001903
6789.5 0.001903
6799.5 0.001903
6809.5 0.001903
6819.5 0.001903
6829.5 0.001903
6839.5 0.001903
6849.5 0.001903
6859.5 0.001903
6869.5 0.001903
6879.5 0.001903
6889.5 0.001903
6899.5 0.001903
6909.5 0.001903
6919.5 0.001903
6929.5 0.001903
6939.5 0.001903
6949.5 0.001903
6959.5 0.001903
6969.5 0.001903
6979.5 0.001903
6989.5 0.001903
6999.5 0.001897
7009.5 0.001897
7019.5 0.001897
7029.5 0.001897
7039.5 0.001897
7049.5 0.001897
7059.5 0.001897
7069.5 0.001897
7079.5 0.001897
7089.5 0.001897
7099.5 0.001897
7109.5 0.001897
7119.5 0.001897
7129.5 0.001897
7139.5 0.001897
7149.5 0.001897
7159.5 0.001897
7169.5 0.001897
7179.5 0.001897
7189.5 0.001897
7199.5 0.001897
7209.5 0.001897
7219.5 0.001897
7229.5 0.001897
7239.5 0.001897
7249.5 0.001892
7259.5 0.001892
7269.5 0.001892
7279.5 0.001892
7289.5 0.001892
7299.5 0.001892
7309.5 0.001892
7319.5 0.001892
7329.5 0.001892
7339.5 0.001892
7349.5 0.001892
7359.5 0.001892
7369.5 0.001892
7379.5 0.001892
7389.5 0.001892
7399.5 0.001892
7409.5 0.001892
7419.5 0.001892
7429.5 0.001892
7439.5 0.001892
7449.5 0.001892
7459.5 0.001892
7469.5 0.001892
7479.5 0.001892
7489.5 0.001886
7499.5 0.001886
7509.5 0.001886
7519.5 0.001886
7529.5 0.001886
7539.5 0.001886
7549.5 0.001886
7559.5 0.001886
7569.5 0.001886
7579.5 0.001886
7589.5 0.001886
7599.5 0.001886
7609.5 0.001886
7619.5 0.001886
7629.5 0.001886
7639.5 0.001886
7649.5 0.001886
7659.5 0.001886
7669.5 0.001886
7679.5 0.001886
7689.5 0.001886
7699.5 0.001886
7709.5 0.001886
7719.5 0.001886
7729.5 0.00188
7739.5 0.00188
7749.5 0.00188
7759.5 0.00188
7769.5 0.00188
7779.5 0.00188
7789.5 0.00188
7799.5 0.00188
7809.5 0.00188
7819.5 0.00188
7829.5 0.00188
7839.5 0.00188
7849.5 0.00188
7859.5 0.00188
7869.5 0.00188
7879.5 0.00188
7889.5 0.00188
7899.5 0.00188
7909.5 0.00188
7919.5 0.00188
7929.5 0.00188
7939.5 0.00188
7949.5 0.00188
7959.5 0.00188
7969.5 0.00188
7979.5 0.00188
7989.5 0.00188
7999.5 0.001875
8009.5 0.001875
8019.5 0.001875
8029.5 0.001875
8039.5 0.001875
8049.5 0.001875
8059.5 0.001875
8069.5 0.001875
8079.5 0.001875
8089.5 0.001875
8099.5 0.001875
8109.5 0.001875
8119.5 0.001875
8129.5 0.001875
8139.5 0.001875
8149.5 0.001875
8159.5 0.001875
8169.5 0.001875
8179.5 0.001875
8189.5 0.001875
8199.5 0.001875
8209.5 0.001875
8219.5 0.001875
8229.5 0.001875
8239.5 0.001875
8249.5 0.001875
8259.5 0.001875
8269.5 0.001875
8279.5 0.001875
8289.5 0.001875
8299.5 0.001875
8309.5 0.001869
8319.5 0.001869
8329.5 0.001869
8339.5 0.001869
8349.5 0.001869
8359.5 0.001869
8369.5 0.001869
8379.5 0.001869
8389.5 0.001869
8399.5 0.001869
8409.5 0.001869
8419.5 0.001869
8429.5 0.001869
8439.5 0.001869
8449.5 0.001869
8459.5 0.001869
8469.5 0.001869
8479.5 0.001869
8489.5 0.001869
8499.5 0.001869
8509.5 0.001869
8519.5 0.001869
8529.5 0.001869
8539.5 0.001869
8549.5 0.001869
8559.5 0.001869
8569.5 0.001869
8579.5 0.001869
8589.5 0.001869
8599.5 0.001869
8609.5 0.001869
8619.5 0.001869
8629.5 0.001863
8639.5 0.001863
8649.5 0.001863
8659.5 0.001863
8669.5 0.001863
8679.5 0.001863
8689.5 0.001863
8699.5 0.001863
8709.5 0.001863
8719.5 0.001863
8729.5 0.001863
8739.5 0.001863
8749.5 0.001863
8759.5 0.001863
8769.5 0.001863
8779.5 0.001863
8789.5 0.001863
8799.5 0.001863
8809.5 0.001863
8819.5 0.001863
8829.5 0.001863
8839.5 0.001863
8849.5 0.001863
8859.5 0.001863
8869.5 0.001863
8879.5 0.001863
8889.5 0.001863
8899.5 0.001863
8909.5 0.001863
8919.5 0.001863
8929.5 0.001863
8939.5 0.001863
8949.5 0.001863
8959.5 0.001858
8969.5 0.001858
8979.5 0.001858
8989.5 0.001858
8999.5 0.001858
9009.5 0.001858
9019.5 0.001858
9029.5 0.001858
9039.5 0.001858
9049.5 0.001858
9059.5 0.001858
9069.5 0.001858
9079.5 0.001858
9089.5 0.001858
9099.5 0.001858
9109.5 0.001858
9119.5 0.001858
9129.5 0.001858
9139.5 0.001858
9149.5 0.001858
9159.5 0.001858
9169.5 0.001858
9179.5 0.001858
9189.5 0.001858
9199.5 0.001858
9209.5 0.001858
9219.5 0.001858
9229.5 0.001858
9239.5 0.001858
9249.5 0.001858
9259.5 0.001858
9269.5 0.001852
9279.5 0.001852
9289.5 0.001852
9299.5 0.001852
9309.5 0.001852
9319.5 0.001852
9329.5 0.001852
9339.5 0.001852
9349.5 0.001852
9359.5 0.001852
9369.5 0.001852
9379.5 0.001852
9389.5 0.001852
9399.5 0.001852
9409.5 0.001852
9419.5 0.001852
9429.5 0.001852
9439.5 0.001852
9449.5 0.001852
9459.5 0.001852
9469.5 0.001852
9479.5 0.001852
9489.5 0.001852
9499.5 0.001852
9509.5 0.001852
9519.5 0.001852
9529.5 0.001852
9539.5 0.001852
9549.5 0.001852
9559.5 0.001852
9569.5 0.001852
9579.5 0.001852
9589.5 0.001852
9599.5 0.001852
9609.5 0.001846
9619.5 0.001846
9629.5 0.001846
9639.5 0.001846
9649.5 0.001846
9659.5 0.001846
9669.5 0.001846
9679.5 0.001846
9689.5 0.001846
9699.5 0.001846
9709.5 0.001846
9719.5 0.001846
9729.5 0.001846
9739.5 0.001846
9749.5 0.001846
9759.5 0.001846
9769.5 0.001846
9779.5 0.001846
9789.5 0.001846
9799.5 0.001846
9809.5 0.001846
9819.5 0.001846
9829.5 0.001846
9839.5 0.001846
9849.5 0.001846
9859.5 0.001846
9869.5 0.001846
9879.5 0.001846
9889.5 0.001846
9899.5 0.001846
9909.5 0.001846
9919.5 0.001846
9929.5 0.001846
9939.5 0.001846
9949.5 0.001846
9959.5 0.001846
9969.5 0.001846
9979.5 0.001846
9989.5 0.001841
9999.5 0.001841
10009.5 0.001841
10019.5 0.001841
10029.5 0.001841
10039.5 0.001841
10049.5 0.001841
10059.5 0.001841
10069.5 0.001841
10079.5 0.001841
10089.5 0.001841
10099.5 0.001841
10109.5 0.001841
10119.5 0.001841
10129.5 0.001841
10139.5 0.001841
10149.5 0.001841
10159.5 0.001841
10169.5 0.001841
10179.5 0.001841
10189.5 0.001841
10199.5 0.001841
10209.5 0.001841
10219.5 0.001841
10229.5 0.001841
10239.5 0.001841
10249.5 0.001841
10259.5 0.001841
10269.5 0.001841
10279.5 0.001841
10289.5 0.001841
10299.5 0.001841
10309.5 0.001841
10319.5 0.001841
10329.5 0.001841
10339.5 0.001841
10349.5 0.001841
10359.5 0.001841
10369.5 0.001841
10379.5 0.001835
10389.5 0.001835
10399.5 0.001835
10409.5 0.001835
10419.5 0.001835
10429.5 0.001835
10439.5 0.001835
10449.5 0.001835
10459.5 0.001835
10469.5 0.001835
10479.5 0.001835
10489.5 0.001835
10499.5 0.001835
10509.5 0.001835
10519.5 0.001835
10529.5 0.001835
10539.5 0.001835
10549.5 0.001835
10559.5 0.001835
10569.5 0.001835
10579.5 0.001835
10589.5 0.001835
10599.5 0.001835
10609.5 0.001835
10619.5 0.001835
10629.5 0.001835
10639.5 0.001835
10649.5 0.001835
10659.5 0.001835
10669.5 0.001835
10679.5 0.001835
10689.5 0.001835
10699.5 0.001835
10709.5 0.001835
10719.5 0.001835
10729.5 0.001835
10739.5 0.001835
10749.5 0.001835
10759.5 0.001835
10769.5 0.001835
10779.5 0.001835
10789.5 0.001835
10799.5 0.001835
10809.5 0.001835
10819.5 0.001835
10829.5 0.001835
10839.5 0.001835
10849.5 0.001835
10859.5 0.001829
10869.5 0.001829
10879.5 0.001829
10889.5 0.001829
10899.5 0.001829
10909.5 0.001829
10919.5 0.001829
10929.5 0.001829
10939.5 0.001829
10949.5 0.001829
10959.5 0.001829
10969.5 0.001829
10979.5 0.001829
10989.5 0.001829
10999.5 0.001829
11009.5 0.001829
11019.5 0.001829
11029.5 0.001829
11039.5 0.001829
11049.5 0.001829
11059.5 0.001829
11069.5 0.001829
11079.5 0.001829
11089.5 0.001829
11099.5 0.001829
11109.5 0.001829
11119.5 0.001829
11129.5 0.001829
11139.5 0.001829
11149.5 0.001829
11159.5 0.001829
11169.5 0.001829
11179.5 0.001829
11189.5 0.001829
11199.5 0.001829
11209.5 0.001829
11219.5 0.001829
11229.5 0.001829
11239.5 0.001829
11249.5 0.001829
11259.5 0.001829
11269.5 0.001829
11279.5 0.001829
11289.5 0.001829
11299.5 0.001829
11309.5 0.001829
11319.5 0.001829
11329.5 0.001829
11339.5 0.001829
11349.5 0.001829
11359.5 0.001829
11369.5 0.001829
11379.5 0.001829
11389.5 0.001829
11399.5 0.001823
11409.5 0.001823
11419.5 0.001823
11429.5 0.001823
11439.5 0.001823
11449.5 0.001823
11459.5 0.001823
11469.5 0.001823
11479.5 0.001823
11489.5 0.001823
11499.5 0.001823
11509.5 0.001823
11519.5 0.001823
11529.5 0.001823
11539.5 0.001823
11549.5 0.001823
11559.5 0.001823
11569.5 0.001823
11579.5 0.001823
11589.5 0.001823
11599.5 0.001823
11609.5 0.001823
11619.5 0.001823
11629.5 0.001823
11639.5 0.001823
11649.5 0.001823
11659.5 0.001823
11669.5 0.001823
11679.5 0.001823
11689.5 0.001823
11699.5 0.001823
11709.5 0.001823
11719.5 0.001823
11729.5 0.001823
11739.5 0.001823
11749.5 0.001823
11759.5 0.001823
11769.5 0.001823
11779.5 0.001823
11789.5 0.001823
11799.5 0.001823
11809.5 0.001823
11819.5 0.001823
11829.5 0.001823
11839.5 0.001823
11849.5 0.001823
11859.5 0.001823
11869.5 0.001823
11879.5 0.001823
11889.5 0.001823
11899.5 0.001823
11909.5 0.001823
11919.5 0.001823
11929.5 0.001823
11939.5 0.001823
11949.5 0.001823
11959.5 0.001823
11969.5 0.001823
11979.5 0.001823
11989.5 0.001818
11999.5 0.001818
12009.5 0.001818
999999999 0.001579
-END-OF-DATA-
