-START-OF-DATA-
1759.5 0.0018104
1769.5 0.0018104
1779.5 0.0018104
1789.5 0.0018104
1799.5 0.0018104
1809.5 0.0018104
1819.5 0.0018104
1829.5 0.0018104
1839.5 0.0018104
1849.5 0.0018104
1859.5 0.0018104
1869.5 0.0018104
1879.5 0.0018104
1889.5 0.0018104
1899.5 0.0018104
1909.5 0.0018104
1919.5 0.0018104
1929.5 0.0018104
1939.5 0.0018104
1949.5 0.001928
1959.5 0.001967
1969.5 0.002032
1979.5 0.002123
1989.5 0.002234
1999.5 0.002357
2009.5 0.002514
2019.5 0.002722
2029.5 0.002989
2039.5 0.003328
2049.5 0.003751
2059.5 0.004266
2069.5 0.004878
2079.5 0.005587
2089.5 0.006395
2099.5 0.007294
2109.5 0.00814
2119.5 0.009052
2129.5 0.009964
2139.5 0.010745
2149.5 0.011462
2159.5 0.012048
2169.5 0.012569
2179.5 0.012959
2189.5 0.01322
2199.5 0.01348
2209.5 0.013611
2219.5 0.013741
2229.5 0.013806
2239.5 0.013871
2249.5 0.013871
2259.5 0.013871
2269.5 0.013806
2279.5 0.013806
2289.5 0.013741
2299.5 0.013676
2309.5 0.013676
2319.5 0.013611
2329.5 0.013545
2339.5 0.01348
2349.5 0.013415
2359.5 0.01335
2369.5 0.013285
2379.5 0.01322
2389.5 0.013155
2399.5 0.01309
2409.5 0.01309
2419.5 0.013024
2429.5 0.012959
2439.5 0.012894
2449.5 0.012829
2459.5 0.012764
2469.5 0.012764
2479.5 0.012699
2489.5 0.012634
2499.5 0.012569
2509.5 0.012503
2519.5 0.012503
2529.5 0.012438
2539.5 0.012373
2549.5 0.012373
2559.5 0.012308
2569.5 0.012243
2579.5 0.012178
2589.5 0.012178
2599.5 0.012113
2609.5 0.012048
2619.5 0.012048
2629.5 0.011983
2639.5 0.011917
2649.5 0.011917
2659.5 0.011852
2669.5 0.011787
2679.5 0.011787
2689.5 0.011722
2699.5 0.011657
2709.5 0.011657
2719.5 0.011592
2729.5 0.011592
2739.5 0.011527
2749.5 0.011462
2759.5 0.011462
2769.5 0.011396
2779.5 0.011396
2789.5 0.011331
2799.5 0.011266
2809.5 0.011266
2819.5 0.011201
2829.5 0.011201
2839.5 0.011136
2849.5 0.011136
2859.5 0.011071
2869.5 0.011006
2879.5 0.011006
2889.5 0.010941
2899.5 0.010941
2909.5 0.010875
2919.5 0.010875
2929.5 0.01081
2939.5 0.01081
2949.5 0.010745
2959.5 0.010745
2969.5 0.01068
2979.5 0.01068
2989.5 0.010615
2999.5 0.010615
3009.5 0.01055
3019.5 0.01055
3029.5 0.010485
3039.5 0.010485
3049.5 0.01042
3059.5 0.01042
3069.5 0.010354
3079.5 0.010354
3089.5 0.010289
3099.5 0.010289
3109.5 0.010224
3119.5 0.010224
3129.5 0.010224
3139.5 0.010159
3149.5 0.010159
3159.5 0.010094
3169.5 0.010094
3179.5 0.010029
3189.5 0.010029
3199.5 0.009964
3209.5 0.009964
3219.5 0.009964
3229.5 0.009899
3239.5 0.009899
3249.5 0.009833
3259.5 0.009833
3269.5 0.009768
3279.5 0.009768
3289.5 0.009768
3299.5 0.009703
3309.5 0.009703
3319.5 0.009638
3329.5 0.009638
3339.5 0.009638
3349.5 0.009573
3359.5 0.009573
3369.5 0.009508
3379.5 0.009508
3389.5 0.009508
3399.5 0.009443
3409.5 0.009443
3419.5 0.009443
3429.5 0.009378
3439.5 0.009378
3449.5 0.009312
3459.5 0.009312
3469.5 0.009312
3479.5 0.009247
3489.5 0.009247
3499.5 0.009247
3509.5 0.009182
3519.5 0.009182
3529.5 0.009117
3539.5 0.009117
3549.5 0.009117
3559.5 0.009052
3569.5 0.009052
3579.5 0.009052
3589.5 0.008987
3599.5 0.008987
3609.5 0.008987
3619.5 0.008922
3629.5 0.008922
3639.5 0.008922
3649.5 0.008857
3659.5 0.008857
3669.5 0.008857
3679.5 0.008792
3689.5 0.008792
3699.5 0.008792
3709.5 0.008726
3719.5 0.008726
3729.5 0.008726
3739.5 0.008661
3749.5 0.008661
3759.5 0.008661
3769.5 0.008661
3779.5 0.008596
3789.5 0.008596
3799.5 0.008596
3809.5 0.008531
3819.5 0.008531
3829.5 0.008531
3839.5 0.008466
3849.5 0.008466
3859.5 0.008466
3869.5 0.008466
3879.5 0.008401
3889.5 0.008401
3899.5 0.008401
3909.5 0.008336
3919.5 0.008336
3929.5 0.008336
3939.5 0.008336
3949.5 0.008271
3959.5 0.008271
3969.5 0.008271
3979.5 0.008271
3989.5 0.008205
3999.5 0.008205
4009.5 0.008205
4019.5 0.00814
4029.5 0.00814
4039.5 0.00814
4049.5 0.00814
4059.5 0.008075
4069.5 0.008075
4079.5 0.008075
4089.5 0.008075
4099.5 0.00801
4109.5 0.00801
4119.5 0.00801
4129.5 0.00801
4139.5 0.007945
4149.5 0.007945
4159.5 0.007945
4169.5 0.007945
4179.5 0.007945
4189.5 0.00788
4199.5 0.00788
4209.5 0.00788
4219.5 0.00788
4229.5 0.007815
4239.5 0.007815
4249.5 0.007815
4259.5 0.007815
4269.5 0.00775
4279.5 0.00775
4289.5 0.00775
4299.5 0.00775
4309.5 0.00775
4319.5 0.007684
4329.5 0.007684
4339.5 0.007684
4349.5 0.007684
4359.5 0.007684
4369.5 0.007619
4379.5 0.007619
4389.5 0.007619
4399.5 0.007619
4409.5 0.007619
4419.5 0.007554
4429.5 0.007554
4439.5 0.007554
4449.5 0.007554
4459.5 0.007554
4469.5 0.007489
4479.5 0.007489
4489.5 0.007489
4499.5 0.007489
4509.5 0.007489
4519.5 0.007424
4529.5 0.007424
4539.5 0.007424
4549.5 0.007424
4559.5 0.007424
4569.5 0.007424
4579.5 0.007359
4589.5 0.007359
4599.5 0.007359
4609.5 0.007359
4619.5 0.007359
4629.5 0.007294
4639.5 0.007294
4649.5 0.007294
4659.5 0.007294
4669.5 0.007294
4679.5 0.007294
4689.5 0.007229
4699.5 0.007229
4709.5 0.007229
4719.5 0.007229
4729.5 0.007229
4739.5 0.007229
4749.5 0.007229
4759.5 0.007163
4769.5 0.007163
4779.5 0.007163
4789.5 0.007163
4799.5 0.007163
4809.5 0.007163
4819.5 0.007098
4829.5 0.007098
4839.5 0.007098
4849.5 0.007098
4859.5 0.007098
4869.5 0.007098
4879.5 0.007098
4889.5 0.007033
4899.5 0.007033
4909.5 0.007033
4919.5 0.007033
4929.5 0.007033
4939.5 0.007033
4949.5 0.007033
4959.5 0.006968
4969.5 0.006968
4979.5 0.006968
4989.5 0.006968
4999.5 0.006968
5009.5 0.006968
5019.5 0.006968
5029.5 0.006968
5039.5 0.006903
5049.5 0.006903
5059.5 0.006903
5069.5 0.006903
5079.5 0.006903
5089.5 0.006903
5099.5 0.006903
5109.5 0.006903
5119.5 0.006838
5129.5 0.006838
5139.5 0.006838
5149.5 0.006838
5159.5 0.006838
5169.5 0.006838
5179.5 0.006838
5189.5 0.006838
5199.5 0.006773
5209.5 0.006773
5219.5 0.006773
5229.5 0.006773
5239.5 0.006773
5249.5 0.006773
5259.5 0.006773
5269.5 0.006773
5279.5 0.006773
5289.5 0.006708
5299.5 0.006708
5309.5 0.006708
5319.5 0.006708
5329.5 0.006708
5339.5 0.006708
5349.5 0.006708
5359.5 0.006708
5369.5 0.006708
5379.5 0.006642
5389.5 0.006642
5399.5 0.006642
5409.5 0.006642
5419.5 0.006642
5429.5 0.006642
5439.5 0.006642
5449.5 0.006642
5459.5 0.006642
5469.5 0.006642
5479.5 0.006577
5489.5 0.006577
5499.5 0.006577
5509.5 0.006577
5519.5 0.006577
5529.5 0.006577
5539.5 0.006577
5549.5 0.006577
5559.5 0.006577
5569.5 0.006577
5579.5 0.006512
5589.5 0.006512
5599.5 0.006512
5609.5 0.006512
5619.5 0.006512
5629.5 0.006512
5639.5 0.006506
5649.5 0.006499
5659.5 0.006493
5669.5 0.006486
5679.5 0.006486
5689.5 0.00648
5699.5 0.006473
5709.5 0.006467
5719.5 0.00646
5729.5 0.006454
5739.5 0.006447
5749.5 0.006441
5759.5 0.006441
5769.5 0.006434
5779.5 0.006428
5789.5 0.006421
5799.5 0.006415
5809.5 0.006408
5819.5 0.006408
5829.5 0.006402
5839.5 0.006395
5849.5 0.006388
5859.5 0.006382
5869.5 0.006382
5879.5 0.006375
5889.5 0.006369
5899.5 0.006362
5909.5 0.006362
5919.5 0.006356
5929.5 0.006349
5939.5 0.006343
5949.5 0.006336
5959.5 0.006336
5969.5 0.00633
5979.5 0.006323
5989.5 0.006317
5999.5 0.006317
6009.5 0.00631
6019.5 0.006304
6029.5 0.006304
6039.5 0.006297
6049.5 0.006291
6059.5 0.006284
6069.5 0.006284
6079.5 0.006278
6089.5 0.006271
6099.5 0.006271
6109.5 0.006265
6119.5 0.006258
6129.5 0.006258
6139.5 0.006252
6149.5 0.006245
6159.5 0.006245
6169.5 0.006239
6179.5 0.006232
6189.5 0.006232
6199.5 0.006226
6209.5 0.006219
6219.5 0.006219
6229.5 0.006213
6239.5 0.006206
6249.5 0.006206
6259.5 0.0062
6269.5 0.006193
6279.5 0.006193
6289.5 0.006187
6299.5 0.006187
6309.5 0.00618
6319.5 0.006174
6329.5 0.006174
6339.5 0.006167
6349.5 0.006161
6359.5 0.006161
6369.5 0.006154
6379.5 0.006154
6389.5 0.006148
6399.5 0.006148
6409.5 0.006141
6419.5 0.006135
6429.5 0.006135
6439.5 0.006128
6449.5 0.006128
6459.5 0.006121
6469.5 0.006115
6479.5 0.006115
6489.5 0.006108
6499.5 0.006108
6509.5 0.006102
6519.5 0.006102
6529.5 0.006095
6539.5 0.006089
6549.5 0.006089
6559.5 0.006082
6569.5 0.006082
6579.5 0.006076
6589.5 0.006076
6599.5 0.006069
6609.5 0.006069
6619.5 0.006063
6629.5 0.006063
6639.5 0.006056
6649.5 0.00605
6659.5 0.00605
6669.5 0.006043
6679.5 0.006043
6689.5 0.006037
6699.5 0.006037
6709.5 0.00603
6719.5 0.00603
6729.5 0.006024
6739.5 0.006024
6749.5 0.006017
6759.5 0.006017
6769.5 0.006011
6779.5 0.006011
6789.5 0.006004
6799.5 0.006004
6809.5 0.005998
6819.5 0.005991
6829.5 0.005991
6839.5 0.005985
6849.5 0.005985
6859.5 0.005978
6869.5 0.005978
6879.5 0.005972
6889.5 0.005972
6899.5 0.005965
6909.5 0.005965
6919.5 0.005959
6929.5 0.005959
6939.5 0.005952
6949.5 0.005952
6959.5 0.005946
6969.5 0.005946
6979.5 0.005939
6989.5 0.005939
6999.5 0.005933
7009.5 0.005933
7019.5 0.005926
7029.5 0.005926
7039.5 0.00592
7049.5 0.00592
7059.5 0.005913
7069.5 0.005913
7079.5 0.005907
7089.5 0.005907
7099.5 0.0059
7109.5 0.0059
7119.5 0.005894
7129.5 0.005894
7139.5 0.005887
7149.5 0.005887
7159.5 0.005881
7169.5 0.005881
7179.5 0.005874
7189.5 0.005874
7199.5 0.005868
7209.5 0.005868
7219.5 0.005861
7229.5 0.005861
7239.5 0.005861
7249.5 0.005854
7259.5 0.005854
7269.5 0.005848
7279.5 0.005848
7289.5 0.005841
7299.5 0.005841
7309.5 0.005835
7319.5 0.005835
7329.5 0.005828
7339.5 0.005828
7349.5 0.005822
7359.5 0.005822
7369.5 0.005815
7379.5 0.005815
7389.5 0.005809
7399.5 0.005809
7409.5 0.005802
7419.5 0.005802
7429.5 0.005796
7439.5 0.005796
7449.5 0.005796
7459.5 0.005789
7469.5 0.005789
7479.5 0.005783
7489.5 0.005783
7499.5 0.005776
7509.5 0.005776
7519.5 0.00577
7529.5 0.00577
7539.5 0.005763
7549.5 0.005763
7559.5 0.005757
7569.5 0.005757
7579.5 0.00575
7589.5 0.00575
7599.5 0.00575
7609.5 0.005744
7619.5 0.005744
7629.5 0.005737
7639.5 0.005737
7649.5 0.005731
7659.5 0.005731
7669.5 0.005724
7679.5 0.005724
7689.5 0.005718
7699.5 0.005718
7709.5 0.005718
7719.5 0.005711
7729.5 0.005711
7739.5 0.005705
7749.5 0.005705
7759.5 0.005698
7769.5 0.005698
7779.5 0.005692
7789.5 0.005692
7799.5 0.005685
7809.5 0.005685
7819.5 0.005685
7829.5 0.005679
7839.5 0.005679
7849.5 0.005672
7859.5 0.005672
7869.5 0.005666
7879.5 0.005666
7889.5 0.005659
7899.5 0.005659
7909.5 0.005659
7919.5 0.005653
7929.5 0.005653
7939.5 0.005646
7949.5 0.005646
7959.5 0.00564
7969.5 0.00564
7979.5 0.005633
7989.5 0.005633
7999.5 0.005633
8009.5 0.005627
8019.5 0.005627
8029.5 0.00562
8039.5 0.00562
8049.5 0.005614
8059.5 0.005614
8069.5 0.005614
8079.5 0.005607
8089.5 0.005607
8099.5 0.005601
8109.5 0.005601
8119.5 0.005594
8129.5 0.005594
8139.5 0.005594
8149.5 0.005587
8159.5 0.005587
8169.5 0.005581
8179.5 0.005581
8189.5 0.005574
8199.5 0.005574
8209.5 0.005574
8219.5 0.005568
8229.5 0.005568
8239.5 0.005561
8249.5 0.005561
8259.5 0.005555
8269.5 0.005555
8279.5 0.005555
8289.5 0.005548
8299.5 0.005548
8309.5 0.005542
8319.5 0.005542
8329.5 0.005535
8339.5 0.005535
8349.5 0.005535
8359.5 0.005529
8369.5 0.005529
8379.5 0.005522
8389.5 0.005522
8399.5 0.005516
8409.5 0.005516
8419.5 0.005516
8429.5 0.005509
8439.5 0.005509
8449.5 0.005503
8459.5 0.005503
8469.5 0.005503
8479.5 0.005496
8489.5 0.005496
8499.5 0.00549
8509.5 0.00549
8519.5 0.00549
8529.5 0.005483
8539.5 0.005483
8549.5 0.005477
8559.5 0.005477
8569.5 0.00547
8579.5 0.00547
8589.5 0.00547
8599.5 0.005464
8609.5 0.005464
8619.5 0.005457
8629.5 0.005457
8639.5 0.005457
8649.5 0.005451
8659.5 0.005451
8669.5 0.005444
8679.5 0.005444
8689.5 0.005444
8699.5 0.005438
8709.5 0.005438
8719.5 0.005431
8729.5 0.005431
8739.5 0.005431
8749.5 0.005425
8759.5 0.005425
8769.5 0.005418
8779.5 0.005418
8789.5 0.005418
8799.5 0.005412
8809.5 0.005412
8819.5 0.005412
8829.5 0.005405
8839.5 0.005405
8849.5 0.005399
8859.5 0.005399
8869.5 0.005399
8879.5 0.005392
8889.5 0.005392
8899.5 0.005386
8909.5 0.005386
8919.5 0.005386
8929.5 0.005379
8939.5 0.005379
8949.5 0.005373
8959.5 0.005373
8969.5 0.005373
8979.5 0.005366
8989.5 0.005366
8999.5 0.005366
9009.5 0.00536
9019.5 0.00536
9029.5 0.005353
9039.5 0.005353
9049.5 0.005353
9059.5 0.005347
9069.5 0.005347
9079.5 0.00534
9089.5 0.00534
9099.5 0.00534
9109.5 0.005334
9119.5 0.005334
9129.5 0.005334
9139.5 0.005327
9149.5 0.005327
9159.5 0.00532
9169.5 0.00532
9179.5 0.00532
9189.5 0.005314
9199.5 0.005314
9209.5 0.005314
9219.5 0.005307
9229.5 0.005307
9239.5 0.005301
9249.5 0.005301
9259.5 0.005301
9269.5 0.005294
9279.5 0.005294
9289.5 0.005294
9299.5 0.005288
9309.5 0.005288
9319.5 0.005288
9329.5 0.005281
9339.5 0.005281
9349.5 0.005275
9359.5 0.005275
9369.5 0.005275
9379.5 0.005268
9389.5 0.005268
9399.5 0.005268
9409.5 0.005262
9419.5 0.005262
9429.5 0.005255
9439.5 0.005255
9449.5 0.005255
9459.5 0.005249
9469.5 0.005249
9479.5 0.005249
9489.5 0.005242
9499.5 0.005242
9509.5 0.005242
9519.5 0.005236
9529.5 0.005236
9539.5 0.005229
9549.5 0.005229
9559.5 0.005229
9569.5 0.005223
9579.5 0.005223
9589.5 0.005223
9599.5 0.005216
9609.5 0.005216
9619.5 0.00521
9629.5 0.00521
9639.5 0.00521
9649.5 0.005203
9659.5 0.005203
9669.5 0.005197
9679.5 0.005197
9689.5 0.005197
9699.5 0.00519
9709.5 0.00519
9719.5 0.005184
9729.5 0.005184
9739.5 0.005184
9749.5 0.005177
9759.5 0.005177
9769.5 0.005177
9779.5 0.005171
9789.5 0.005171
9799.5 0.005164
9809.5 0.005164
9819.5 0.005164
9829.5 0.005158
9839.5 0.005158
9849.5 0.005158
9859.5 0.005151
9869.5 0.005151
9879.5 0.005145
9889.5 0.005145
9899.5 0.005145
9909.5 0.005138
9919.5 0.005138
9929.5 0.005138
9939.5 0.005132
9949.5 0.005132
9959.5 0.005132
9969.5 0.005125
9979.5 0.005125
9989.5 0.005119
9999.5 0.005119
10009.5 0.005119
10019.5 0.005112
10029.5 0.005112
10039.5 0.005112
10049.5 0.005106
10059.5 0.005106
10069.5 0.005106
10079.5 0.005099
10089.5 0.005099
10099.5 0.005099
10109.5 0.005093
10119.5 0.005093
10129.5 0.005093
10139.5 0.005086
10149.5 0.005086
10159.5 0.005086
10169.5 0.00508
10179.5 0.00508
10189.5 0.00508
10199.5 0.005073
10209.5 0.005073
10219.5 0.005073
10229.5 0.005067
10239.5 0.005067
10249.5 0.005067
10259.5 0.00506
10269.5 0.00506
10279.5 0.00506
10289.5 0.005053
10299.5 0.005053
10309.5 0.005053
10319.5 0.005047
10329.5 0.005047
10339.5 0.005047
10349.5 0.00504
10359.5 0.00504
10369.5 0.00504
10379.5 0.005034
10389.5 0.005034
10399.5 0.005034
10409.5 0.005034
10419.5 0.005027
10429.5 0.005027
10439.5 0.005027
10449.5 0.005021
10459.5 0.005021
10469.5 0.005021
10479.5 0.005014
10489.5 0.005014
10499.5 0.005014
10509.5 0.005008
10519.5 0.005008
10529.5 0.005008
10539.5 0.005001
10549.5 0.005001
10559.5 0.005001
10569.5 0.005001
10579.5 0.004995
10589.5 0.004995
10599.5 0.004995
10609.5 0.004988
10619.5 0.004988
10629.5 0.004988
10639.5 0.004988
10649.5 0.004982
10659.5 0.004982
10669.5 0.004982
10679.5 0.004975
10689.5 0.004975
10699.5 0.004975
10709.5 0.004969
10719.5 0.004969
10729.5 0.004969
10739.5 0.004969
10749.5 0.004962
10759.5 0.004962
10769.5 0.004962
10779.5 0.004956
10789.5 0.004956
10799.5 0.004956
10809.5 0.004956
10819.5 0.004949
10829.5 0.004949
10839.5 0.004949
10849.5 0.004943
10859.5 0.004943
10869.5 0.004943
10879.5 0.004943
10889.5 0.004936
10899.5 0.004936
10909.5 0.004936
10919.5 0.00493
10929.5 0.00493
10939.5 0.00493
10949.5 0.004923
10959.5 0.004923
10969.5 0.004923
10979.5 0.004923
10989.5 0.004917
10999.5 0.004917
11009.5 0.004917
11019.5 0.00491
11029.5 0.00491
11039.5 0.00491
11049.5 0.00491
11059.5 0.004904
11069.5 0.004904
11079.5 0.004904
11089.5 0.004897
11099.5 0.004897
11109.5 0.004897
11119.5 0.004897
11129.5 0.004891
11139.5 0.004891
11149.5 0.004891
11159.5 0.004884
11169.5 0.004884
11179.5 0.004884
11189.5 0.004884
11199.5 0.004878
11209.5 0.004878
11219.5 0.004878
11229.5 0.004871
11239.5 0.004871
11249.5 0.004871
11259.5 0.004865
11269.5 0.004865
11279.5 0.004865
11289.5 0.004865
11299.5 0.004858
11309.5 0.004858
11319.5 0.004858
11329.5 0.004852
11339.5 0.004852
11349.5 0.004852
11359.5 0.004845
11369.5 0.004845
11379.5 0.004845
11389.5 0.004845
11399.5 0.004839
11409.5 0.004839
11419.5 0.004839
11429.5 0.004832
11439.5 0.004832
11449.5 0.004832
11459.5 0.004832
11469.5 0.004826
11479.5 0.004826
11489.5 0.004826
11499.5 0.004819
11509.5 0.004819
11519.5 0.004819
11529.5 0.004819
11539.5 0.004813
11549.5 0.004813
11559.5 0.004813
11569.5 0.004806
11579.5 0.004806
11589.5 0.004806
11599.5 0.004806
11609.5 0.0048
11619.5 0.0048
11629.5 0.0048
11639.5 0.004793
11649.5 0.004793
11659.5 0.004793
11669.5 0.004793
11679.5 0.004786
11689.5 0.004786
11699.5 0.004786
11709.5 0.00478
11719.5 0.00478
11729.5 0.00478
11739.5 0.00478
11749.5 0.004773
11759.5 0.004773
11769.5 0.004773
11779.5 0.004773
11789.5 0.004767
11799.5 0.004767
11809.5 0.004767
11819.5 0.00476
11829.5 0.00476
11839.5 0.00476
11849.5 0.00476
11859.5 0.004754
11869.5 0.004754
11879.5 0.004754
11889.5 0.004754
11899.5 0.004747
11909.5 0.004747
11919.5 0.004747
11929.5 0.004747
11939.5 0.004741
11949.5 0.004741
11959.5 0.004741
11969.5 0.004734
11979.5 0.004734
11989.5 0.004734
11999.5 0.004734
12009.5 0.004728
999999999 0.00181
-END-OF-DATA-
