-START-OF-DATA-
1759.5 0.00205904
1769.5 0.00205904
1779.5 0.00205904
1789.5 0.00205904
1799.5 0.00205904
1809.5 0.00205904
1819.5 0.00205904
1829.5 0.00205904
1839.5 0.00205904
1849.5 0.00205904
1859.5 0.00205904
1869.5 0.00205904
1879.5 0.00205904
1889.5 0.00205904
1899.5 0.00205904
1909.5 0.00205904
1919.5 0.00205904
1929.5 0.00205904
1939.5 0.00205904
1949.5 0.002192
2949.5 0.002237
3949.5 0.002311
4949.5 0.002415
5949.5 0.00254
6949.5 0.002681
7949.5 0.002859
8949.5 0.003096
9949.5 0.0034
10949.5 0.003785
11949.5 0.004266
12949.5 0.004851
13949.5 0.005548
14949.5 0.006355
15949.5 0.007273
16949.5 0.008295
17949.5 0.009258
18949.5 0.010295
19949.5 0.011332
20949.5 0.012221
21949.5 0.013036
22949.5 0.013702
23949.5 0.014295
24949.5 0.014739
25949.5 0.015035
26949.5 0.015332
27949.5 0.01548
28949.5 0.015628
29949.5 0.015702
30949.5 0.015776
31949.5 0.015776
32949.5 0.015776
33949.5 0.015702
34949.5 0.015702
35949.5 0.015628
36949.5 0.015554
37949.5 0.015554
38949.5 0.01548
39949.5 0.015406
40949.5 0.015332
41949.5 0.015258
42949.5 0.015184
43949.5 0.01511
44949.5 0.015035
45949.5 0.014961
46949.5 0.014887
47949.5 0.014887
48949.5 0.014813
49949.5 0.014739
50949.5 0.014665
51949.5 0.014591
52949.5 0.014517
53949.5 0.014517
54949.5 0.014443
55949.5 0.014369
56949.5 0.014295
57949.5 0.014221
58949.5 0.014221
59949.5 0.014147
60949.5 0.014073
61949.5 0.014073
62949.5 0.013999
63949.5 0.013924
64949.5 0.01385
65949.5 0.01385
66949.5 0.013776
67949.5 0.013702
68949.5 0.013702
69949.5 0.013628
70949.5 0.013554
71949.5 0.013554
72949.5 0.01348
73949.5 0.013406
74949.5 0.013406
75949.5 0.013332
76949.5 0.013258
77949.5 0.013258
78949.5 0.013184
79949.5 0.013184
80949.5 0.01311
81949.5 0.013036
82949.5 0.013036
83949.5 0.012962
84949.5 0.012962
85949.5 0.012888
86949.5 0.012813
87949.5 0.012813
88949.5 0.012739
89949.5 0.012739
90949.5 0.012665
91949.5 0.012665
92949.5 0.012591
93949.5 0.012517
94949.5 0.012517
95949.5 0.012443
96949.5 0.012443
97949.5 0.012369
98949.5 0.012369
99949.5 0.012295
100949.5 0.012295
101949.5 0.012221
102949.5 0.012221
103949.5 0.012147
104949.5 0.012147
105949.5 0.012073
106949.5 0.012073
107949.5 0.011999
108949.5 0.011999
109949.5 0.011925
110949.5 0.011925
111949.5 0.011851
112949.5 0.011851
113949.5 0.011777
114949.5 0.011777
115949.5 0.011702
116949.5 0.011702
117949.5 0.011628
118949.5 0.011628
119949.5 0.011628
120949.5 0.011554
121949.5 0.011554
122949.5 0.01148
123949.5 0.01148
124949.5 0.011406
125949.5 0.011406
126949.5 0.011332
127949.5 0.011332
128949.5 0.011332
129949.5 0.011258
130949.5 0.011258
131949.5 0.011184
132949.5 0.011184
133949.5 0.01111
134949.5 0.01111
135949.5 0.01111
136949.5 0.011036
137949.5 0.011036
138949.5 0.010962
139949.5 0.010962
140949.5 0.010962
141949.5 0.010888
142949.5 0.010888
143949.5 0.010814
144949.5 0.010814
145949.5 0.010814
146949.5 0.01074
147949.5 0.01074
148949.5 0.01074
149949.5 0.010666
150949.5 0.010666
151949.5 0.010591
152949.5 0.010591
153949.5 0.010591
154949.5 0.010517
155949.5 0.010517
156949.5 0.010517
157949.5 0.010443
158949.5 0.010443
159949.5 0.010369
160949.5 0.010369
161949.5 0.010369
162949.5 0.010295
163949.5 0.010295
164949.5 0.010295
165949.5 0.010221
166949.5 0.010221
167949.5 0.010221
168949.5 0.010147
169949.5 0.010147
170949.5 0.010147
171949.5 0.010073
172949.5 0.010073
173949.5 0.010073
174949.5 0.009999
175949.5 0.009999
176949.5 0.009999
177949.5 0.009925
178949.5 0.009925
179949.5 0.009925
180949.5 0.009851
181949.5 0.009851
182949.5 0.009851
183949.5 0.009851
184949.5 0.009777
185949.5 0.009777
186949.5 0.009777
187949.5 0.009703
188949.5 0.009703
189949.5 0.009703
190949.5 0.009629
191949.5 0.009629
192949.5 0.009629
193949.5 0.009629
194949.5 0.009555
195949.5 0.009555
196949.5 0.009555
197949.5 0.00948
198949.5 0.00948
199949.5 0.00948
200949.5 0.00948
201949.5 0.009406
202949.5 0.009406
203949.5 0.009406
204949.5 0.009406
205949.5 0.009332
206949.5 0.009332
207949.5 0.009332
208949.5 0.009258
209949.5 0.009258
210949.5 0.009258
211949.5 0.009258
212949.5 0.009184
213949.5 0.009184
214949.5 0.009184
215949.5 0.009184
216949.5 0.00911
217949.5 0.00911
218949.5 0.00911
219949.5 0.00911
220949.5 0.009036
221949.5 0.009036
222949.5 0.009036
223949.5 0.009036
224949.5 0.009036
225949.5 0.008962
226949.5 0.008962
227949.5 0.008962
228949.5 0.008962
229949.5 0.008888
230949.5 0.008888
231949.5 0.008888
232949.5 0.008888
233949.5 0.008814
234949.5 0.008814
235949.5 0.008814
236949.5 0.008814
237949.5 0.008814
238949.5 0.00874
239949.5 0.00874
240949.5 0.00874
241949.5 0.00874
242949.5 0.00874
243949.5 0.008666
244949.5 0.008666
245949.5 0.008666
246949.5 0.008666
247949.5 0.008666
248949.5 0.008592
249949.5 0.008592
250949.5 0.008592
251949.5 0.008592
252949.5 0.008592
253949.5 0.008518
254949.5 0.008518
255949.5 0.008518
256949.5 0.008518
257949.5 0.008518
258949.5 0.008444
259949.5 0.008444
260949.5 0.008444
261949.5 0.008444
262949.5 0.008444
263949.5 0.008444
264949.5 0.008369
265949.5 0.008369
266949.5 0.008369
267949.5 0.008369
268949.5 0.008369
269949.5 0.008295
270949.5 0.008295
271949.5 0.008295
272949.5 0.008295
273949.5 0.008295
274949.5 0.008295
275949.5 0.008221
276949.5 0.008221
277949.5 0.008221
278949.5 0.008221
279949.5 0.008221
280949.5 0.008221
281949.5 0.008221
282949.5 0.008147
283949.5 0.008147
284949.5 0.008147
285949.5 0.008147
286949.5 0.008147
287949.5 0.008147
288949.5 0.008073
289949.5 0.008073
290949.5 0.008073
291949.5 0.008073
292949.5 0.008073
293949.5 0.008073
294949.5 0.008073
295949.5 0.007999
296949.5 0.007999
297949.5 0.007999
298949.5 0.007999
299949.5 0.007999
300949.5 0.007999
301949.5 0.007999
302949.5 0.007925
303949.5 0.007925
304949.5 0.007925
305949.5 0.007925
306949.5 0.007925
307949.5 0.007925
308949.5 0.007925
309949.5 0.007925
310949.5 0.007851
311949.5 0.007851
312949.5 0.007851
313949.5 0.007851
314949.5 0.007851
315949.5 0.007851
316949.5 0.007851
317949.5 0.007851
318949.5 0.007777
319949.5 0.007777
320949.5 0.007777
321949.5 0.007777
322949.5 0.007777
323949.5 0.007777
324949.5 0.007777
325949.5 0.007777
326949.5 0.007703
327949.5 0.007703
328949.5 0.007703
329949.5 0.007703
330949.5 0.007703
331949.5 0.007703
332949.5 0.007703
333949.5 0.007703
334949.5 0.007703
335949.5 0.007629
336949.5 0.007629
337949.5 0.007629
338949.5 0.007629
339949.5 0.007629
340949.5 0.007629
341949.5 0.007629
342949.5 0.007629
343949.5 0.007629
344949.5 0.007555
345949.5 0.007555
346949.5 0.007555
347949.5 0.007555
348949.5 0.007555
349949.5 0.007555
350949.5 0.007555
351949.5 0.007555
352949.5 0.007555
353949.5 0.007555
354949.5 0.007481
355949.5 0.007481
356949.5 0.007481
357949.5 0.007481
358949.5 0.007481
359949.5 0.007481
360949.5 0.007481
361949.5 0.007481
362949.5 0.007481
363949.5 0.007481
364949.5 0.007407
365949.5 0.007407
366949.5 0.007407
367949.5 0.007407
368949.5 0.007407
369949.5 0.007407
370949.5 0.007399
371949.5 0.007392
372949.5 0.007384
373949.5 0.007377
374949.5 0.007377
375949.5 0.00737
376949.5 0.007362
377949.5 0.007355
378949.5 0.007347
379949.5 0.00734
380949.5 0.007333
381949.5 0.007325
382949.5 0.007325
383949.5 0.007318
384949.5 0.00731
385949.5 0.007303
386949.5 0.007296
387949.5 0.007288
388949.5 0.007288
389949.5 0.007281
390949.5 0.007273
391949.5 0.007266
392949.5 0.007258
393949.5 0.007258
394949.5 0.007251
395949.5 0.007244
396949.5 0.007236
397949.5 0.007236
398949.5 0.007229
399949.5 0.007221
400949.5 0.007214
401949.5 0.007207
402949.5 0.007207
403949.5 0.007199
404949.5 0.007192
405949.5 0.007184
406949.5 0.007184
407949.5 0.007177
408949.5 0.00717
409949.5 0.00717
410949.5 0.007162
411949.5 0.007155
412949.5 0.007147
413949.5 0.007147
414949.5 0.00714
415949.5 0.007133
416949.5 0.007133
417949.5 0.007125
418949.5 0.007118
419949.5 0.007118
420949.5 0.00711
421949.5 0.007103
422949.5 0.007103
423949.5 0.007096
424949.5 0.007088
425949.5 0.007088
426949.5 0.007081
427949.5 0.007073
428949.5 0.007073
429949.5 0.007066
430949.5 0.007059
431949.5 0.007059
432949.5 0.007051
433949.5 0.007044
434949.5 0.007044
435949.5 0.007036
436949.5 0.007036
437949.5 0.007029
438949.5 0.007021
439949.5 0.007021
440949.5 0.007014
441949.5 0.007007
442949.5 0.007007
443949.5 0.006999
444949.5 0.006999
445949.5 0.006992
446949.5 0.006992
447949.5 0.006984
448949.5 0.006977
449949.5 0.006977
450949.5 0.00697
451949.5 0.00697
452949.5 0.006962
453949.5 0.006955
454949.5 0.006955
455949.5 0.006947
456949.5 0.006947
457949.5 0.00694
458949.5 0.00694
459949.5 0.006933
460949.5 0.006925
461949.5 0.006925
462949.5 0.006918
463949.5 0.006918
464949.5 0.00691
465949.5 0.00691
466949.5 0.006903
467949.5 0.006903
468949.5 0.006896
469949.5 0.006896
470949.5 0.006888
471949.5 0.006881
472949.5 0.006881
473949.5 0.006873
474949.5 0.006873
475949.5 0.006866
476949.5 0.006866
477949.5 0.006859
478949.5 0.006859
479949.5 0.006851
480949.5 0.006851
481949.5 0.006844
482949.5 0.006844
483949.5 0.006836
484949.5 0.006836
485949.5 0.006829
486949.5 0.006829
487949.5 0.006821
488949.5 0.006814
489949.5 0.006814
490949.5 0.006807
491949.5 0.006807
492949.5 0.006799
493949.5 0.006799
494949.5 0.006792
495949.5 0.006792
496949.5 0.006784
497949.5 0.006784
498949.5 0.006777
499949.5 0.006777
500949.5 0.00677
501949.5 0.00677
502949.5 0.006762
503949.5 0.006762
504949.5 0.006755
505949.5 0.006755
506949.5 0.006747
507949.5 0.006747
508949.5 0.00674
509949.5 0.00674
510949.5 0.006733
511949.5 0.006733
512949.5 0.006725
513949.5 0.006725
514949.5 0.006718
515949.5 0.006718
516949.5 0.00671
517949.5 0.00671
518949.5 0.006703
519949.5 0.006703
520949.5 0.006696
521949.5 0.006696
522949.5 0.006688
523949.5 0.006688
524949.5 0.006681
525949.5 0.006681
526949.5 0.006673
527949.5 0.006673
528949.5 0.006666
529949.5 0.006666
530949.5 0.006666
531949.5 0.006659
532949.5 0.006659
533949.5 0.006651
534949.5 0.006651
535949.5 0.006644
536949.5 0.006644
537949.5 0.006636
538949.5 0.006636
539949.5 0.006629
540949.5 0.006629
541949.5 0.006622
542949.5 0.006622
543949.5 0.006614
544949.5 0.006614
545949.5 0.006607
546949.5 0.006607
547949.5 0.006599
548949.5 0.006599
549949.5 0.006592
550949.5 0.006592
551949.5 0.006592
552949.5 0.006584
553949.5 0.006584
554949.5 0.006577
555949.5 0.006577
556949.5 0.00657
557949.5 0.00657
558949.5 0.006562
559949.5 0.006562
560949.5 0.006555
561949.5 0.006555
562949.5 0.006547
563949.5 0.006547
564949.5 0.00654
565949.5 0.00654
566949.5 0.00654
567949.5 0.006533
568949.5 0.006533
569949.5 0.006525
570949.5 0.006525
571949.5 0.006518
572949.5 0.006518
573949.5 0.00651
574949.5 0.00651
575949.5 0.006503
576949.5 0.006503
577949.5 0.006503
578949.5 0.006496
579949.5 0.006496
580949.5 0.006488
581949.5 0.006488
582949.5 0.006481
583949.5 0.006481
584949.5 0.006473
585949.5 0.006473
586949.5 0.006466
587949.5 0.006466
588949.5 0.006466
589949.5 0.006459
590949.5 0.006459
591949.5 0.006451
592949.5 0.006451
593949.5 0.006444
594949.5 0.006444
595949.5 0.006436
596949.5 0.006436
597949.5 0.006436
598949.5 0.006429
599949.5 0.006429
600949.5 0.006422
601949.5 0.006422
602949.5 0.006414
603949.5 0.006414
604949.5 0.006407
605949.5 0.006407
606949.5 0.006407
607949.5 0.006399
608949.5 0.006399
609949.5 0.006392
610949.5 0.006392
611949.5 0.006385
612949.5 0.006385
613949.5 0.006385
614949.5 0.006377
615949.5 0.006377
616949.5 0.00637
617949.5 0.00637
618949.5 0.006362
619949.5 0.006362
620949.5 0.006362
621949.5 0.006355
622949.5 0.006355
623949.5 0.006347
624949.5 0.006347
625949.5 0.00634
626949.5 0.00634
627949.5 0.00634
628949.5 0.006333
629949.5 0.006333
630949.5 0.006325
631949.5 0.006325
632949.5 0.006318
633949.5 0.006318
634949.5 0.006318
635949.5 0.00631
636949.5 0.00631
637949.5 0.006303
638949.5 0.006303
639949.5 0.006296
640949.5 0.006296
641949.5 0.006296
642949.5 0.006288
643949.5 0.006288
644949.5 0.006281
645949.5 0.006281
646949.5 0.006273
647949.5 0.006273
648949.5 0.006273
649949.5 0.006266
650949.5 0.006266
651949.5 0.006259
652949.5 0.006259
653949.5 0.006259
654949.5 0.006251
655949.5 0.006251
656949.5 0.006244
657949.5 0.006244
658949.5 0.006244
659949.5 0.006236
660949.5 0.006236
661949.5 0.006229
662949.5 0.006229
663949.5 0.006222
664949.5 0.006222
665949.5 0.006222
666949.5 0.006214
667949.5 0.006214
668949.5 0.006207
669949.5 0.006207
670949.5 0.006207
671949.5 0.006199
672949.5 0.006199
673949.5 0.006192
674949.5 0.006192
675949.5 0.006192
676949.5 0.006185
677949.5 0.006185
678949.5 0.006177
679949.5 0.006177
680949.5 0.006177
681949.5 0.00617
682949.5 0.00617
683949.5 0.006162
684949.5 0.006162
685949.5 0.006162
686949.5 0.006155
687949.5 0.006155
688949.5 0.006155
689949.5 0.006147
690949.5 0.006147
691949.5 0.00614
692949.5 0.00614
693949.5 0.00614
694949.5 0.006133
695949.5 0.006133
696949.5 0.006125
697949.5 0.006125
698949.5 0.006125
699949.5 0.006118
700949.5 0.006118
701949.5 0.00611
702949.5 0.00611
703949.5 0.00611
704949.5 0.006103
705949.5 0.006103
706949.5 0.006103
707949.5 0.006096
708949.5 0.006096
709949.5 0.006088
710949.5 0.006088
711949.5 0.006088
712949.5 0.006081
713949.5 0.006081
714949.5 0.006073
715949.5 0.006073
716949.5 0.006073
717949.5 0.006066
718949.5 0.006066
719949.5 0.006066
720949.5 0.006059
721949.5 0.006059
722949.5 0.006051
723949.5 0.006051
724949.5 0.006051
725949.5 0.006044
726949.5 0.006044
727949.5 0.006044
728949.5 0.006036
729949.5 0.006036
730949.5 0.006029
731949.5 0.006029
732949.5 0.006029
733949.5 0.006022
734949.5 0.006022
735949.5 0.006022
736949.5 0.006014
737949.5 0.006014
738949.5 0.006014
739949.5 0.006007
740949.5 0.006007
741949.5 0.005999
742949.5 0.005999
743949.5 0.005999
744949.5 0.005992
745949.5 0.005992
746949.5 0.005992
747949.5 0.005985
748949.5 0.005985
749949.5 0.005977
750949.5 0.005977
751949.5 0.005977
752949.5 0.00597
753949.5 0.00597
754949.5 0.00597
755949.5 0.005962
756949.5 0.005962
757949.5 0.005962
758949.5 0.005955
759949.5 0.005955
760949.5 0.005948
761949.5 0.005948
762949.5 0.005948
763949.5 0.00594
764949.5 0.00594
765949.5 0.00594
766949.5 0.005933
767949.5 0.005933
768949.5 0.005925
769949.5 0.005925
770949.5 0.005925
771949.5 0.005918
772949.5 0.005918
773949.5 0.00591
774949.5 0.00591
775949.5 0.00591
776949.5 0.005903
777949.5 0.005903
778949.5 0.005896
779949.5 0.005896
780949.5 0.005896
781949.5 0.005888
782949.5 0.005888
783949.5 0.005888
784949.5 0.005881
785949.5 0.005881
786949.5 0.005873
787949.5 0.005873
788949.5 0.005873
789949.5 0.005866
790949.5 0.005866
791949.5 0.005866
792949.5 0.005859
793949.5 0.005859
794949.5 0.005851
795949.5 0.005851
796949.5 0.005851
797949.5 0.005844
798949.5 0.005844
799949.5 0.005844
800949.5 0.005836
801949.5 0.005836
802949.5 0.005836
803949.5 0.005829
804949.5 0.005829
805949.5 0.005822
806949.5 0.005822
807949.5 0.005822
808949.5 0.005814
809949.5 0.005814
810949.5 0.005814
811949.5 0.005807
812949.5 0.005807
813949.5 0.005807
814949.5 0.005799
815949.5 0.005799
816949.5 0.005799
817949.5 0.005792
818949.5 0.005792
819949.5 0.005792
820949.5 0.005785
821949.5 0.005785
822949.5 0.005785
823949.5 0.005777
824949.5 0.005777
825949.5 0.005777
826949.5 0.00577
827949.5 0.00577
828949.5 0.00577
829949.5 0.005762
830949.5 0.005762
831949.5 0.005762
832949.5 0.005755
833949.5 0.005755
834949.5 0.005755
835949.5 0.005748
836949.5 0.005748
837949.5 0.005748
838949.5 0.00574
839949.5 0.00574
840949.5 0.00574
841949.5 0.005733
842949.5 0.005733
843949.5 0.005733
844949.5 0.005725
845949.5 0.005725
846949.5 0.005725
847949.5 0.005725
848949.5 0.005718
849949.5 0.005718
850949.5 0.005718
851949.5 0.005711
852949.5 0.005711
853949.5 0.005711
854949.5 0.005703
855949.5 0.005703
856949.5 0.005703
857949.5 0.005696
858949.5 0.005696
859949.5 0.005696
860949.5 0.005688
861949.5 0.005688
862949.5 0.005688
863949.5 0.005688
864949.5 0.005681
865949.5 0.005681
866949.5 0.005681
867949.5 0.005673
868949.5 0.005673
869949.5 0.005673
870949.5 0.005673
871949.5 0.005666
872949.5 0.005666
873949.5 0.005666
874949.5 0.005659
875949.5 0.005659
876949.5 0.005659
877949.5 0.005651
878949.5 0.005651
879949.5 0.005651
880949.5 0.005651
881949.5 0.005644
882949.5 0.005644
883949.5 0.005644
884949.5 0.005636
885949.5 0.005636
886949.5 0.005636
887949.5 0.005636
888949.5 0.005629
889949.5 0.005629
890949.5 0.005629
891949.5 0.005622
892949.5 0.005622
893949.5 0.005622
894949.5 0.005622
895949.5 0.005614
896949.5 0.005614
897949.5 0.005614
898949.5 0.005607
899949.5 0.005607
900949.5 0.005607
901949.5 0.005599
902949.5 0.005599
903949.5 0.005599
904949.5 0.005599
905949.5 0.005592
906949.5 0.005592
907949.5 0.005592
908949.5 0.005585
909949.5 0.005585
910949.5 0.005585
911949.5 0.005585
912949.5 0.005577
913949.5 0.005577
914949.5 0.005577
915949.5 0.00557
916949.5 0.00557
917949.5 0.00557
918949.5 0.00557
919949.5 0.005562
920949.5 0.005562
921949.5 0.005562
922949.5 0.005555
923949.5 0.005555
924949.5 0.005555
925949.5 0.005555
926949.5 0.005548
927949.5 0.005548
928949.5 0.005548
929949.5 0.00554
930949.5 0.00554
931949.5 0.00554
932949.5 0.005533
933949.5 0.005533
934949.5 0.005533
935949.5 0.005533
936949.5 0.005525
937949.5 0.005525
938949.5 0.005525
939949.5 0.005518
940949.5 0.005518
941949.5 0.005518
942949.5 0.005511
943949.5 0.005511
944949.5 0.005511
945949.5 0.005511
946949.5 0.005503
947949.5 0.005503
948949.5 0.005503
949949.5 0.005496
950949.5 0.005496
951949.5 0.005496
952949.5 0.005496
953949.5 0.005488
954949.5 0.005488
955949.5 0.005488
956949.5 0.005481
957949.5 0.005481
958949.5 0.005481
959949.5 0.005481
960949.5 0.005473
961949.5 0.005473
962949.5 0.005473
963949.5 0.005466
964949.5 0.005466
965949.5 0.005466
966949.5 0.005466
967949.5 0.005459
968949.5 0.005459
969949.5 0.005459
970949.5 0.005451
971949.5 0.005451
972949.5 0.005451
973949.5 0.005451
974949.5 0.005444
975949.5 0.005444
976949.5 0.005444
977949.5 0.005436
978949.5 0.005436
979949.5 0.005436
980949.5 0.005436
981949.5 0.005429
982949.5 0.005429
983949.5 0.005429
984949.5 0.005429
985949.5 0.005422
986949.5 0.005422
987949.5 0.005422
988949.5 0.005414
989949.5 0.005414
990949.5 0.005414
991949.5 0.005414
992949.5 0.005407
993949.5 0.005407
994949.5 0.005407
995949.5 0.005407
996949.5 0.005399
997949.5 0.005399
998949.5 0.005399
999949.5 0.005399
1000949.5 0.005392
1001949.5 0.005392
1002949.5 0.005392
1003949.5 0.005385
1004949.5 0.005385
1005949.5 0.005385
1006949.5 0.005385
1007949.5 0.005377
99999806900 0.002059
-END-OF-DATA-
