   4.5211621e-03
   2.0954102e-03
  -3.3040739e-04
  -2.0658399e-03
  -3.3058054e-03
  -3.6212235e-03
  -3.4110326e-03
  -2.7914249e-03
  -2.0172750e-03
  -1.0587848e-03
  -1.3661133e-04
   7.4309497e-04
   1.0655416e-03
   1.2492366e-03
   1.1183875e-03
   1.1425184e-03
   8.7214190e-04
   1.0832443e-03
   1.0983873e-03
   1.4274062e-03
   1.8686966e-03
   2.6548124e-03
   3.4682728e-03
   3.8967399e-03
   3.1179915e-03
   2.7712787e-03
   3.9216378e-03
   4.4002297e-03
   3.0965017e-03
   1.4156030e-03
   3.5679204e-03
   5.8891507e-03
   7.2627402e-03
   1.0790152e-02
   8.7325351e-03
   6.8207453e-03
  -9.4322897e-03
  -1.4481579e-02
  -1.7852811e-02
  -1.8871656e-02
  -1.9448550e-02
  -1.9043341e-02
  -1.6455380e-02
  -1.2919789e-02
  -7.7887559e-03
  -2.2786211e-03
   1.6750064e-03
   5.1403977e-03
   7.2761774e-03
   8.9591825e-03
   9.8805698e-03
   1.1046665e-02
   1.2294810e-02
   1.3614392e-02
   1.5293958e-02
   1.6462041e-02
   1.7300103e-02
   1.8780641e-02
   2.0019457e-02
   2.0246297e-02
   2.2693156e-02
   1.8081050e-02
   1.4718246e-02
   0.0000000e+00
   0.0000000e+00
   0.0000000e+00
   0.0000000e+00
   0.0000000e+00
   0.0000000e+00
   0.0000000e+00
   7.8119518e-03
  -7.0793097e-04
  -1.2074787e-02
  -1.7123625e-02
  -1.7201532e-02
  -1.5540431e-02
  -1.4903511e-02
  -1.5188862e-02
  -1.4606171e-02
  -1.2444263e-02
  -8.6455271e-03
  -2.4721327e-03
   3.9268085e-03
   8.8705216e-03
   1.1863320e-02
   1.3389937e-02
   1.5053752e-02
   1.7686695e-02
   1.9876271e-02
   2.1306662e-02
   2.2726426e-02
   2.3652297e-02
   2.5496485e-02
   2.7485872e-02
   2.8085718e-02
   2.6314263e-02
   2.7900723e-02
   3.0218098e-02
   0.0000000e+00
   0.0000000e+00
   0.0000000e+00
   0.0000000e+00
   0.0000000e+00
   0.0000000e+00
   0.0000000e+00
   0.0000000e+00
   0.0000000e+00
  -0.0000000e+00
  -1.3173737e-03
  -1.7028267e-03
   1.1255452e-03
   3.1386602e-03
   3.4854400e-03
   1.7198247e-03
  -2.4116324e-04
  -1.4114622e-03
  -9.4693736e-04
   1.4946988e-03
   5.1335692e-03
   8.8665839e-03
   1.1355865e-02
   1.3464166e-02
   1.6320668e-02
   1.9418363e-02
   2.2341570e-02
   2.4179822e-02
   2.5022991e-02
   2.5479935e-02
   2.7088784e-02
   2.8127749e-02
   2.7121539e-02
   0.0000000e+00
   0.0000000e+00
   0.0000000e+00
   0.0000000e+00
   0.0000000e+00
   0.0000000e+00
   0.0000000e+00
   0.0000000e+00
   0.0000000e+00
   0.0000000e+00
   0.0000000e+00
   0.0000000e+00
   0.0000000e+00
   1.7522205e-02
   2.1828210e-02
   2.6692083e-02
   2.9817058e-02
   2.9026052e-02
   2.5704021e-02
   2.1828596e-02
   1.8179178e-02
   1.5502091e-02
   1.4103536e-02
   1.2841641e-02
   1.2150947e-02
   1.2458504e-02
   1.3611870e-02
   1.5442979e-02
   1.7946884e-02
   2.0662844e-02
   2.2556826e-02
   2.3632057e-02
   2.4059145e-02
   2.4397403e-02
   2.3664754e-02
   2.3865789e-02
   0.0000000e+00
   0.0000000e+00
   0.0000000e+00
   0.0000000e+00
   0.0000000e+00
   0.0000000e+00
   0.0000000e+00
   0.0000000e+00
   0.0000000e+00
   0.0000000e+00
   0.0000000e+00
   0.0000000e+00
   0.0000000e+00
   3.9977822e-02
   4.7454631e-02
   5.1644772e-02
   5.4832637e-02
   5.3872957e-02
   4.9057475e-02
   4.3511129e-02
   3.8837654e-02
   3.3817379e-02
   2.8501784e-02
   2.3951155e-02
   1.9549943e-02
   1.6104783e-02
   1.4501999e-02
   1.4047782e-02
   1.4838230e-02
   1.6559046e-02
   1.8012171e-02
   1.8970310e-02
   1.8981502e-02
   1.8697311e-02
   1.6007836e-02
   1.3645362e-02
   0.0000000e+00
   0.0000000e+00
   0.0000000e+00
   0.0000000e+00
   0.0000000e+00
   0.0000000e+00
   0.0000000e+00
   0.0000000e+00
   0.0000000e+00
   0.0000000e+00
   0.0000000e+00
   0.0000000e+00
   0.0000000e+00
   0.0000000e+00
   6.5127127e-02
   6.7471482e-02
   6.9539271e-02
   6.9291241e-02
   6.4669408e-02
   5.7706241e-02
   5.1175840e-02
   4.4501737e-02
   3.7281685e-02
   3.0669890e-02
   2.4702752e-02
   1.9173030e-02
   1.5702309e-02
   1.3508148e-02
   1.2842820e-02
   1.2754020e-02
   1.2784610e-02
   1.3546217e-02
   1.3168389e-02
   1.1395844e-02
   8.3330497e-03
   7.1293516e-03
   0.0000000e+00
   0.0000000e+00
   0.0000000e+00
   0.0000000e+00
   0.0000000e+00
   0.0000000e+00
   0.0000000e+00
   0.0000000e+00
   0.0000000e+00
   0.0000000e+00
   0.0000000e+00
   0.0000000e+00
   0.0000000e+00
   5.9740603e-02
   6.6793762e-02
   6.6344224e-02
   6.5110207e-02
   6.5196499e-02
   6.2605850e-02
   5.6587610e-02
   4.9398331e-02
   4.1709147e-02
   3.4206945e-02
   2.7512577e-02
   2.2298843e-02
   1.8423520e-02
   1.4733970e-02
   1.1651050e-02
   1.0076782e-02
   9.2841944e-03
   8.4976535e-03
   8.5031530e-03
   7.6090852e-03
   3.4647931e-03
  -4.3586242e-03
   7.0488991e-03
   0.0000000e+00
   0.0000000e+00
   0.0000000e+00
   0.0000000e+00
   0.0000000e+00
   0.0000000e+00
   0.0000000e+00
   0.0000000e+00
   0.0000000e+00
   0.0000000e+00
   0.0000000e+00
   0.0000000e+00
   0.0000000e+00
   5.3883191e-02
   5.0603829e-02
   4.6117544e-02
   4.4324335e-02
   4.5016348e-02
   4.4766136e-02
   4.1055851e-02
   3.4541208e-02
   2.6988687e-02
   2.0223076e-02
   1.5477980e-02
   1.2792678e-02
   1.1296282e-02
   9.2471261e-03
   7.1768956e-03
   5.7578422e-03
   5.6677335e-03
   5.1810751e-03
   4.4534765e-03
   2.2035027e-03
  -5.0101047e-03
  -1.2984576e-02
   0.0000000e+00
   0.0000000e+00
   0.0000000e+00
   0.0000000e+00
   0.0000000e+00
   0.0000000e+00
   0.0000000e+00
   0.0000000e+00
   0.0000000e+00
   0.0000000e+00
   0.0000000e+00
   0.0000000e+00
   0.0000000e+00
   4.2138623e-02
   2.2844177e-02
   1.6028125e-02
   8.7999031e-03
   5.5944133e-03
   6.1902762e-03
   7.7626552e-03
   6.2839650e-03
   2.1741728e-03
  -2.8026500e-03
  -6.2544527e-03
  -7.2230469e-03
  -6.2267091e-03
  -4.8092213e-03
  -3.7333053e-03
  -2.8466992e-03
  -1.8416339e-03
  -9.6781692e-04
  -1.1075210e-03
  -3.3316866e-03
  -9.3297744e-03
  -1.9341739e-02
  -1.5144194e-02
   0.0000000e+00
   0.0000000e+00
   0.0000000e+00
   0.0000000e+00
   0.0000000e+00
   0.0000000e+00
   0.0000000e+00
   0.0000000e+00
   0.0000000e+00
   0.0000000e+00
   0.0000000e+00
   1.7441778e-02
   1.9987362e-02
   2.1396529e-02
   1.9950676e-04
  -7.3897168e-03
  -1.4477798e-02
  -1.9248608e-02
  -2.0046426e-02
  -1.9221965e-02
  -2.0335242e-02
  -2.3095788e-02
  -2.6177075e-02
  -2.7459726e-02
  -2.6317962e-02
  -2.3680784e-02
  -1.9893125e-02
  -1.6494796e-02
  -1.3360020e-02
  -1.0468084e-02
  -9.2275664e-03
  -1.0284877e-02
  -1.5295444e-02
  -2.4897199e-02
  -3.4147874e-02
  -1.9733978e-02
   0.0000000e+00
   0.0000000e+00
   0.0000000e+00
   0.0000000e+00
   0.0000000e+00
   0.0000000e+00
   0.0000000e+00
   0.0000000e+00
   0.0000000e+00
   1.7725946e-02
   1.4243276e-02
   7.8627309e-03
   5.6579923e-03
   5.0670980e-03
  -1.3842873e-02
  -2.1088513e-02
  -2.8240953e-02
  -3.4019690e-02
  -3.6413122e-02
  -3.6521718e-02
  -3.7435811e-02
  -3.9481215e-02
  -4.2300038e-02
  -4.3592855e-02
  -4.2312544e-02
  -3.9292987e-02
  -3.4435030e-02
  -2.9372346e-02
  -2.5126500e-02
  -2.2937262e-02
  -2.3475973e-02
  -2.7010722e-02
  -3.4917675e-02
  -4.5096807e-02
  -4.9661089e-02
  -3.4105536e-02
   0.0000000e+00
   0.0000000e+00
   0.0000000e+00
   0.0000000e+00
   0.0000000e+00
   0.0000000e+00
   0.0000000e+00
   0.0000000e+00
   0.0000000e+00
   1.1800631e-02
   5.7923556e-03
  -6.9590326e-04
  -4.1909534e-03
  -7.7242842e-03
  -2.0968968e-02
  -2.6552802e-02
  -3.3270583e-02
  -3.8702026e-02
  -4.0478118e-02
  -4.0082075e-02
  -4.0022604e-02
  -4.1532621e-02
  -4.4720098e-02
  -4.6824217e-02
  -4.6510566e-02
  -4.4303872e-02
  -4.0927704e-02
  -3.8075950e-02
  -3.7349783e-02
  -3.8606063e-02
  -4.0933605e-02
  -4.5202930e-02
  -5.2255221e-02
  -5.9224918e-02
  -5.1744353e-02
   0.0000000e+00
   0.0000000e+00
   0.0000000e+00
   0.0000000e+00
   0.0000000e+00
   0.0000000e+00
   0.0000000e+00
   0.0000000e+00
   0.0000000e+00
   0.0000000e+00
   4.2658178e-03
  -6.5192673e-03
  -1.2569075e-02
  -1.6566403e-02
  -1.8220648e-02
  -2.6934884e-02
  -2.9982185e-02
  -3.4315184e-02
  -3.7728202e-02
  -3.7357185e-02
  -3.5190161e-02
  -3.3529215e-02
  -3.4387663e-02
  -3.6883909e-02
  -3.8899764e-02
  -3.9515335e-02
  -3.9435647e-02
  -4.0575340e-02
  -4.4117548e-02
  -4.9762096e-02
  -5.4596856e-02
  -5.6683362e-02
  -5.8038063e-02
  -5.9790507e-02
  -5.9043363e-02
  -4.4257397e-02
   0.0000000e+00
   0.0000000e+00
   0.0000000e+00
   0.0000000e+00
   0.0000000e+00
   0.0000000e+00
   0.0000000e+00
   0.0000000e+00
   0.0000000e+00
  -0.0000000e+00
  -1.4965763e-02
  -2.4854284e-02
  -2.6866116e-02
  -2.7653689e-02
  -2.6963083e-02
  -3.0852474e-02
  -3.1795844e-02
  -3.2974143e-02
  -3.2996580e-02
  -2.9940061e-02
  -2.5143277e-02
  -2.1474173e-02
  -2.1132786e-02
  -2.2726774e-02
  -2.5001252e-02
  -2.6727213e-02
  -2.9295545e-02
  -3.5427373e-02
  -4.5138825e-02
  -5.6282934e-02
  -6.5283068e-02
  -6.8211041e-02
  -6.5076321e-02
  -5.7378858e-02
  -4.4608552e-02
  -2.1883099e-02
   0.0000000e+00
   0.0000000e+00
   0.0000000e+00
   0.0000000e+00
   0.0000000e+00
   0.0000000e+00
   0.0000000e+00
   0.0000000e+00
  -0.0000000e+00
  -2.2811978e-02
  -3.2322958e-02
  -3.5219856e-02
  -3.3385236e-02
  -3.1799100e-02
  -3.0899189e-02
  -2.8736277e-02
  -2.8883096e-02
  -2.7530916e-02
  -2.4780450e-02
  -1.9985456e-02
  -1.4131084e-02
  -1.0005156e-02
  -9.6201254e-03
  -1.1688333e-02
  -1.5069964e-02
  -1.8030526e-02
  -2.2290196e-02
  -2.9982904e-02
  -4.0276557e-02
  -5.0963935e-02
  -5.9534449e-02
  -6.3087337e-02
  -5.9018169e-02
  -4.5607615e-02
  -2.4672518e-02
  -3.6040915e-03
   0.0000000e+00
   0.0000000e+00
   0.0000000e+00
   0.0000000e+00
   0.0000000e+00
   0.0000000e+00
   0.0000000e+00
   0.0000000e+00
  -0.0000000e+00
  -3.1293012e-02
  -3.3054158e-02
  -3.2064494e-02
  -2.9465396e-02
  -2.7463989e-02
  -2.7696922e-02
  -2.2867076e-02
  -2.2629624e-02
  -1.9624228e-02
  -1.5858740e-02
  -1.1351168e-02
  -6.7087216e-03
  -4.0825843e-03
  -5.1208725e-03
  -8.9879632e-03
  -1.4635256e-02
  -2.0345137e-02
  -2.7084149e-02
  -3.5351533e-02
  -4.2812992e-02
  -4.7509622e-02
  -4.7793332e-02
  -4.4942662e-02
  -3.8918696e-02
  -2.6970915e-02
  -9.7584282e-03
  -1.4984131e-03
   0.0000000e+00
   0.0000000e+00
   0.0000000e+00
   0.0000000e+00
   0.0000000e+00
   0.0000000e+00
   0.0000000e+00
   0.0000000e+00
  -0.0000000e+00
  -2.9279381e-02
  -2.8199384e-02
  -2.5891908e-02
  -2.2517262e-02
  -2.0136449e-02
  -2.1010827e-02
  -1.6303025e-02
  -1.6902981e-02
  -1.3173644e-02
  -9.6700990e-03
  -6.6335459e-03
  -3.8486265e-03
  -2.9730218e-03
  -5.4784653e-03
  -1.0938181e-02
  -1.8506499e-02
  -2.6397218e-02
  -3.4630049e-02
  -4.2516025e-02
  -4.6875043e-02
  -4.6314409e-02
  -3.9941749e-02
  -3.1173769e-02
  -2.2053613e-02
  -1.0642402e-02
   2.4006072e-03
   0.0000000e+00
   0.0000000e+00
   0.0000000e+00
   0.0000000e+00
   0.0000000e+00
   0.0000000e+00
   0.0000000e+00
   0.0000000e+00
   0.0000000e+00
  -0.0000000e+00
  -2.6124828e-02
  -2.4210294e-02
  -2.1576268e-02
  -1.6898433e-02
  -1.3133271e-02
  -1.3600928e-02
  -8.0209123e-03
  -1.1556524e-02
  -9.3131399e-03
  -7.3133186e-03
  -6.7514313e-03
  -5.2152186e-03
  -4.6514626e-03
  -6.5578559e-03
  -1.1106449e-02
  -1.8166685e-02
  -2.6164346e-02
  -3.4618035e-02
  -4.2764882e-02
  -4.7547145e-02
  -4.7485320e-02
  -4.1138283e-02
  -3.0831464e-02
  -1.8295677e-02
  -2.7253338e-03
   7.9762808e-03
   0.0000000e+00
   0.0000000e+00
   0.0000000e+00
   0.0000000e+00
   0.0000000e+00
   0.0000000e+00
   0.0000000e+00
   0.0000000e+00
   0.0000000e+00
  -0.0000000e+00
  -2.3996971e-02
  -2.2826082e-02
  -2.0469751e-02
  -1.4417102e-02
  -7.5322031e-03
  -4.9757877e-03
   2.3891639e-03
  -3.7797801e-03
  -6.7698071e-03
  -8.8357851e-03
  -1.1657372e-02
  -1.1654269e-02
  -1.1026334e-02
  -1.0856113e-02
  -1.1799272e-02
  -1.5155779e-02
  -2.1096531e-02
  -2.8702378e-02
  -3.7344448e-02
  -4.4345893e-02
  -4.7797635e-02
  -4.5250431e-02
  -3.6566053e-02
  -2.2288656e-02
  -3.1419299e-03
   9.1250901e-03
   0.0000000e+00
   0.0000000e+00
   0.0000000e+00
   0.0000000e+00
   0.0000000e+00
   0.0000000e+00
   0.0000000e+00
   0.0000000e+00
   0.0000000e+00
  -3.1629336e-02
  -2.6385009e-02
  -2.6385523e-02
  -2.4647821e-02
  -1.7451614e-02
  -6.5548522e-03
   1.9760008e-03
   1.6825269e-02
   3.0868973e-03
  -1.3869342e-03
  -8.1077274e-03
  -1.7438287e-02
  -2.1162199e-02
  -2.2542663e-02
  -2.2013079e-02
  -2.0170122e-02
  -1.9093221e-02
  -2.1535724e-02
  -2.7223971e-02
  -3.5772886e-02
  -4.4834454e-02
  -5.1795807e-02
  -5.3117584e-02
  -4.7051109e-02
  -3.3112023e-02
  -1.0991985e-02
   6.3339892e-03
   0.0000000e+00
   0.0000000e+00
   0.0000000e+00
   0.0000000e+00
   0.0000000e+00
   0.0000000e+00
   0.0000000e+00
   0.0000000e+00
  -0.0000000e+00
  -3.7717605e-02
  -2.9452538e-02
  -2.8286409e-02
  -2.6810210e-02
  -1.9469794e-02
  -4.7193067e-03
   1.1316130e-02
   2.7179768e-02
   0.0000000e+00
   0.0000000e+00
  -2.5149859e-03
  -1.7482918e-02
  -2.7282581e-02
  -3.2951664e-02
  -3.5097905e-02
  -3.4593020e-02
  -3.2709520e-02
  -3.3532869e-02
  -3.8286675e-02
  -4.6777423e-02
  -5.6263115e-02
  -6.3878298e-02
  -6.6614486e-02
  -6.2031131e-02
  -4.8648305e-02
  -2.4853006e-02
  -3.0909044e-03
   0.0000000e+00
   0.0000000e+00
   0.0000000e+00
   0.0000000e+00
   0.0000000e+00
   0.0000000e+00
   0.0000000e+00
   0.0000000e+00
  -0.0000000e+00
  -4.2214107e-02
  -3.0046772e-02
  -2.2940863e-02
  -1.9132858e-02
  -1.1133336e-02
   6.6726757e-03
   2.7885297e-02
   0.0000000e+00
   0.0000000e+00
   0.0000000e+00
  -5.3893705e-03
  -1.5966600e-02
  -2.8976321e-02
  -3.8579468e-02
  -4.3614350e-02
  -4.5827277e-02
  -4.6320897e-02
  -4.8024565e-02
  -5.1640697e-02
  -5.7343610e-02
  -6.3777141e-02
  -6.9302499e-02
  -7.2654881e-02
  -7.0953466e-02
  -6.0700566e-02
  -3.6517333e-02
  -1.6961643e-02
   0.0000000e+00
   0.0000000e+00
   0.0000000e+00
   0.0000000e+00
   0.0000000e+00
   0.0000000e+00
   0.0000000e+00
  -0.0000000e+00
  -5.4370742e-02
  -4.2495940e-02
  -2.6562577e-02
  -1.2595873e-02
  -2.3788963e-03
   7.2728926e-03
   2.4253805e-02
   4.5977570e-02
   0.0000000e+00
   0.0000000e+00
  -0.0000000e+00
  -1.5933167e-02
  -2.1239297e-02
  -3.2026093e-02
  -4.2651288e-02
  -4.8730467e-02
  -5.1724236e-02
  -5.3829059e-02
  -5.6482356e-02
  -5.8740631e-02
  -6.0496353e-02
  -6.3052326e-02
  -6.6120952e-02
  -6.9001630e-02
  -6.9850236e-02
  -6.5012053e-02
  -4.2528961e-02
  -2.0724267e-02
   0.0000000e+00
   0.0000000e+00
   0.0000000e+00
   0.0000000e+00
   0.0000000e+00
   0.0000000e+00
   0.0000000e+00
  -5.2941519e-02
  -5.0505914e-02
  -4.0136039e-02
  -2.3605349e-02
  -6.4013684e-03
   7.4476305e-03
   1.6591900e-02
   2.6742413e-02
   0.0000000e+00
   0.0000000e+00
  -0.0000000e+00
  -1.9348255e-02
  -2.1802451e-02
  -2.7787555e-02
  -3.5795867e-02
  -4.5031708e-02
  -5.0209474e-02
  -5.2052371e-02
  -5.3954370e-02
  -5.6137901e-02
  -5.7242848e-02
  -5.6688517e-02
  -5.6912191e-02
  -5.8056712e-02
  -5.9714459e-02
  -6.0680412e-02
  -5.9938073e-02
  -4.5805268e-02
  -2.4901968e-02
   0.0000000e+00
   0.0000000e+00
   0.0000000e+00
   0.0000000e+00
   0.0000000e+00
   0.0000000e+00
  -0.0000000e+00
  -4.0814396e-02
  -3.5952549e-02
  -2.8609565e-02
  -1.7647497e-02
  -5.4079619e-03
   6.7842515e-03
   1.4086134e-02
   1.6525738e-02
   0.0000000e+00
   0.0000000e+00
  -0.0000000e+00
  -1.4639169e-02
  -1.8453794e-02
  -2.5915045e-02
  -3.3136975e-02
  -4.0061992e-02
  -4.2982999e-02
  -4.3272469e-02
  -4.3911766e-02
  -4.4989202e-02
  -4.5898557e-02
  -4.5852892e-02
  -4.5820870e-02
  -4.5943812e-02
  -4.5940004e-02
  -4.4585697e-02
  -4.2531777e-02
  -4.8635174e-02
   0.0000000e+00
   0.0000000e+00
   0.0000000e+00
   0.0000000e+00
   0.0000000e+00
   0.0000000e+00
  -0.0000000e+00
  -3.1758926e-02
  -2.1416293e-02
  -1.7253974e-02
  -1.2042431e-02
  -4.0197577e-03
   2.0989488e-03
   1.2995540e-02
   1.8851418e-02
   1.8690232e-02
   0.0000000e+00
   0.0000000e+00
   0.0000000e+00
  -0.0000000e+00
  -6.0644355e-03
  -1.2477051e-02
  -1.9801853e-02
  -2.5403608e-02
  -2.7601181e-02
  -2.8067226e-02
  -2.8577087e-02
  -2.9684376e-02
  -3.1417958e-02
  -3.2898404e-02
  -3.3513680e-02
  -3.3002671e-02
  -3.1582251e-02
  -2.8913585e-02
  -2.1458466e-02
  -3.8735554e-02
  -5.6891222e-02
   0.0000000e+00
   0.0000000e+00
   0.0000000e+00
   0.0000000e+00
  -0.0000000e+00
  -0.0000000e+00
  -5.8261870e-03
  -3.2721998e-03
   3.0728904e-04
   5.4530208e-03
   8.7965777e-03
   1.5851121e-02
   2.0809563e-02
   2.6215521e-02
   2.3558756e-02
   0.0000000e+00
   0.0000000e+00
   0.0000000e+00
   0.0000000e+00
   1.7381964e-02
   1.6043110e-02
   9.0336539e-03
   2.1531233e-03
  -2.3484321e-03
  -5.1379190e-03
  -7.8434749e-03
  -1.1125701e-02
  -1.4702515e-02
  -1.7367490e-02
  -1.8340645e-02
  -1.7315648e-02
  -1.4069121e-02
  -1.2085986e-02
  -1.0578118e-02
  -1.9099783e-02
  -2.5673783e-02
  -4.6083581e-03
   0.0000000e+00
   0.0000000e+00
   0.0000000e+00
   0.0000000e+00
   0.0000000e+00
   0.0000000e+00
   1.6519504e-02
   2.3119682e-02
   3.0687416e-02
   3.8912452e-02
   2.9735670e-02
   0.0000000e+00
   0.0000000e+00
   0.0000000e+00
   0.0000000e+00
   0.0000000e+00
   0.0000000e+00
   0.0000000e+00
   2.9369105e-02
   3.5723920e-02
   3.1000175e-02
   2.2862980e-02
   1.6554551e-02
   1.1524759e-02
   6.3457172e-03
   7.6411667e-04
  -3.7900987e-03
  -6.6725132e-03
  -7.7760872e-03
  -5.8555426e-03
  -1.1365218e-03
   1.6130687e-03
  -1.6686823e-03
  -4.4583052e-03
  -1.9937208e-03
  -4.6083579e-03
   0.0000000e+00
   0.0000000e+00
   0.0000000e+00
   0.0000000e+00
   0.0000000e+00
   0.0000000e+00
   3.0454328e-02
   3.7651458e-02
   4.2859915e-02
   4.7310440e-02
   0.0000000e+00
   0.0000000e+00
   0.0000000e+00
   0.0000000e+00
   0.0000000e+00
   0.0000000e+00
   0.0000000e+00
   0.0000000e+00
   0.0000000e+00
   3.9897136e-02
   4.0824257e-02
   3.5230793e-02
   3.0178690e-02
   2.4350090e-02
   1.7474879e-02
   1.1077291e-02
   6.3809152e-03
   4.0749656e-03
   4.1779629e-03
   7.8643868e-03
   1.3464028e-02
   1.8617883e-02
   1.5557431e-02
   1.9477334e-02
   2.4140154e-02
   0.0000000e+00
   0.0000000e+00
   0.0000000e+00
   0.0000000e+00
   0.0000000e+00
   0.0000000e+00
   0.0000000e+00
   0.0000000e+00
   0.0000000e+00
   0.0000000e+00
   0.0000000e+00
   0.0000000e+00
   0.0000000e+00
   0.0000000e+00
   0.0000000e+00
   0.0000000e+00
   0.0000000e+00
   0.0000000e+00
   0.0000000e+00
   0.0000000e+00
   0.0000000e+00
   3.5708165e-02
   3.5233591e-02
   3.3378143e-02
   2.9085210e-02
   2.3567764e-02
   1.8356355e-02
   1.4860690e-02
   1.3722544e-02
   1.6179569e-02
   2.1193296e-02
   2.7206732e-02
   3.0765440e-02
   3.2696638e-02
   3.7572317e-02
   4.2587057e-02
   0.0000000e+00
   0.0000000e+00
   0.0000000e+00
   0.0000000e+00
   0.0000000e+00
   0.0000000e+00
   0.0000000e+00
   0.0000000e+00
   0.0000000e+00
   0.0000000e+00
   0.0000000e+00
   0.0000000e+00
   0.0000000e+00
   0.0000000e+00
   0.0000000e+00
   0.0000000e+00
   0.0000000e+00
   0.0000000e+00
   0.0000000e+00
   0.0000000e+00
   0.0000000e+00
   0.0000000e+00
   2.6721389e-02
   3.0803815e-02
   3.0290201e-02
   2.7425332e-02
   2.4502521e-02
   2.3651651e-02
   2.4924249e-02
   2.8842609e-02
   3.4031350e-02
   3.9747338e-02
   4.1172000e-02
   4.1759875e-02
   4.7594981e-02
   5.0254806e-02
   0.0000000e+00
   0.0000000e+00
   0.0000000e+00
   0.0000000e+00
   0.0000000e+00
   0.0000000e+00
   0.0000000e+00
   0.0000000e+00
   0.0000000e+00
   0.0000000e+00
   0.0000000e+00
   0.0000000e+00
   0.0000000e+00
   0.0000000e+00
   0.0000000e+00
   0.0000000e+00
   0.0000000e+00
   0.0000000e+00
   0.0000000e+00
   0.0000000e+00
   0.0000000e+00
   0.0000000e+00
   1.2586940e-02
   2.2541314e-02
   2.7129816e-02
   2.8438304e-02
   2.9589750e-02
   3.1723909e-02
   3.4462649e-02
   3.8214649e-02
   4.2797834e-02
   4.6117142e-02
   4.7503774e-02
   4.7796704e-02
   4.8746463e-02
   4.7532678e-02
   0.0000000e+00
   0.0000000e+00
   0.0000000e+00
   0.0000000e+00
   0.0000000e+00
   0.0000000e+00
   0.0000000e+00
   0.0000000e+00
   0.0000000e+00
   0.0000000e+00
   0.0000000e+00
   0.0000000e+00
   0.0000000e+00
   0.0000000e+00
   0.0000000e+00
   0.0000000e+00
   0.0000000e+00
   0.0000000e+00
  -0.0000000e+00
   0.0000000e+00
   0.0000000e+00
   1.3472326e-04
   3.2315196e-03
   1.0303310e-02
   1.7570974e-02
   2.3548193e-02
   2.7464982e-02
   3.1088231e-02
   3.4701064e-02
   3.9151791e-02
   4.2782772e-02
   4.3534327e-02
   4.2611487e-02
   4.3158059e-02
   4.2283274e-02
   4.2029140e-02
   2.7031802e-02
   0.0000000e+00
   0.0000000e+00
   0.0000000e+00
   0.0000000e+00
   0.0000000e+00
   0.0000000e+00
   0.0000000e+00
   0.0000000e+00
   0.0000000e+00
   0.0000000e+00
   0.0000000e+00
   0.0000000e+00
   0.0000000e+00
   0.0000000e+00
   0.0000000e+00
   0.0000000e+00
   0.0000000e+00
  -0.0000000e+00
  -0.0000000e+00
  -0.0000000e+00
  -1.5699401e-03
  -1.2291309e-03
  -9.8457374e-06
   1.9511047e-03
   5.9200111e-03
   9.7466556e-03
   1.3268503e-02
   1.6842268e-02
   2.2278496e-02
   2.4665432e-02
   2.8598547e-02
   2.1515213e-02
   2.1018314e-02
   2.0801479e-02
   2.0097851e-02
   1.8020766e-02
   1.5420489e-02
   1.5473753e-02
   0.0000000e+00
   0.0000000e+00
   3.8193888e-03
   2.8790372e-04
   0.0000000e+00
   0.0000000e+00
   0.0000000e+00
   0.0000000e+00
   0.0000000e+00
   0.0000000e+00
   0.0000000e+00
   0.0000000e+00
   0.0000000e+00
   0.0000000e+00
   0.0000000e+00
   0.0000000e+00
   0.0000000e+00
   0.0000000e+00
  -0.0000000e+00
  -0.0000000e+00
  -0.0000000e+00
  -0.0000000e+00
  -0.0000000e+00
  -1.2565195e-02
  -1.2114814e-02
  -5.0061437e-03
  -4.5091710e-03
  -5.4150911e-03
  -1.2371835e-02
  -7.1128302e-03
  -9.4557401e-03
  -1.2098303e-02
  -1.3267913e-02
  -1.4057887e-02
  -1.3620467e-02
  -1.1651239e-02
  -1.3895125e-02
  -8.8085392e-03
  -7.4689555e-03
  -4.9206671e-03
  -1.2180001e-03
   0.0000000e+00
   0.0000000e+00
   0.0000000e+00
   0.0000000e+00
   0.0000000e+00
   0.0000000e+00
   0.0000000e+00
   0.0000000e+00
