   3.3677105e-02
   2.5619092e-02
   1.6566626e-02
   1.5336044e-02
   1.2252585e-02
   7.8621778e-03
   4.7740757e-03
   9.4752549e-04
  -1.3026524e-03
  -5.8440593e-03
  -9.8073190e-03
   0.0000000e+00
   0.0000000e+00
   7.5839516e-03
   4.7161471e-03
   1.9245513e-03
  -2.0587619e-03
  -5.7904429e-03
   0.0000000e+00
   0.0000000e+00
   0.0000000e+00
   0.0000000e+00
   0.0000000e+00
   0.0000000e+00
   0.0000000e+00
   0.0000000e+00
   0.0000000e+00
   0.0000000e+00
   0.0000000e+00
   0.0000000e+00
   0.0000000e+00
   0.0000000e+00
   0.0000000e+00
   0.0000000e+00
   0.0000000e+00
   0.0000000e+00
   3.3384196e-02
   2.5135605e-02
   1.8679360e-02
   1.4034791e-02
   1.0423286e-02
   5.9395772e-03
   1.9187398e-03
  -9.9582667e-04
  -4.2802449e-03
  -5.9751812e-03
  -9.9961788e-03
  -8.6431750e-03
  -6.7577912e-03
  -4.8414786e-03
  -2.8860108e-03
   1.5404766e-03
   9.3160588e-03
   7.2149062e-03
   6.1985013e-03
   0.0000000e+00
   0.0000000e+00
   0.0000000e+00
   0.0000000e+00
   0.0000000e+00
   0.0000000e+00
   0.0000000e+00
   9.0875193e-03
   1.5840642e-03
   0.0000000e+00
   0.0000000e+00
   0.0000000e+00
   0.0000000e+00
   0.0000000e+00
   0.0000000e+00
   2.6019455e-02
   2.6281542e-02
   1.7507209e-02
   1.4000111e-02
   9.8949987e-03
   6.8226471e-03
   3.3849064e-03
   3.8203369e-05
  -4.4854176e-03
  -7.7126431e-03
  -9.7136982e-03
  -9.9592991e-03
  -1.0230181e-02
  -1.1519101e-02
  -1.2873898e-02
  -1.2849287e-02
  -7.6134585e-03
  -1.1328178e-03
   3.3815441e-03
   3.7153743e-03
   1.4870542e-03
   1.4348076e-03
   2.5572494e-04
  -1.6754446e-03
  -1.5823873e-03
  -1.4283243e-03
  -5.6629929e-04
  -2.3467432e-04
   4.0159423e-03
  -2.9489124e-04
   0.0000000e+00
   0.0000000e+00
   0.0000000e+00
   0.0000000e+00
   0.0000000e+00
   3.1291029e-02
   2.1762492e-02
   1.8954866e-02
  -4.7805940e-04
  -2.1437825e-03
  -3.4689959e-03
  -4.4905897e-03
  -6.0147892e-03
  -8.8953273e-03
  -1.2863649e-02
  -1.5381131e-02
  -1.6061317e-02
  -1.5269937e-02
  -1.4803880e-02
  -1.6721245e-02
  -2.1169285e-02
  -0.0000000e+00
  -6.7225131e-04
  -2.8743218e-03
  -3.0010707e-03
  -7.4503616e-03
  -6.1993856e-03
   8.5882338e-04
   4.3514906e-03
   3.0079246e-03
  -9.9444273e-04
  -1.5886741e-03
  -7.1967806e-04
   3.4101394e-04
   6.5869535e-04
   0.0000000e+00
   0.0000000e+00
   0.0000000e+00
   0.0000000e+00
   0.0000000e+00
   0.0000000e+00
   2.5084481e-02
   1.3448831e-02
   3.8653507e-03
  -1.6373493e-02
  -1.5536278e-02
  -1.4280353e-02
  -1.2837663e-02
  -1.3961068e-02
  -1.6850701e-02
  -2.0016784e-02
  -2.1349017e-02
  -2.1058653e-02
  -1.9489907e-02
  -1.7818462e-02
  -1.8540287e-02
  -2.1849711e-02
   0.0000000e+00
  -2.7407144e-03
  -6.3607218e-03
  -8.5015213e-03
  -1.6782439e-02
  -0.0000000e+00
   0.0000000e+00
   5.2204137e-03
   1.6587806e-03
  -1.4864064e-03
   6.6274113e-04
  -6.0429000e-05
  -3.7564553e-04
   2.4415494e-05
   0.0000000e+00
   0.0000000e+00
   0.0000000e+00
   0.0000000e+00
   0.0000000e+00
   1.6979777e-02
   1.4735636e-02
   1.0507273e-03
  -1.3130238e-02
  -2.7230768e-02
  -2.3737856e-02
  -1.9888104e-02
  -1.7370702e-02
  -1.8550893e-02
  -2.1235445e-02
  -2.3666599e-02
  -2.3869102e-02
  -2.2489981e-02
  -1.9229376e-02
  -1.6399030e-02
  -1.5730033e-02
  -1.8212429e-02
   0.0000000e+00
  -8.1982799e-03
  -9.3599342e-03
  -1.1467397e-02
  -0.0000000e+00
   0.0000000e+00
   0.0000000e+00
   3.3796226e-03
  -0.0000000e+00
   0.0000000e+00
   2.4529170e-03
  -3.4291316e-04
  -3.4543633e-03
  -8.4832440e-04
  -8.4142054e-04
  -4.1635259e-03
   0.0000000e+00
  -0.0000000e+00
   0.0000000e+00
   1.7571327e-02
   6.2165393e-03
  -1.3890245e-02
  -2.7458042e-02
  -2.8802168e-02
  -2.4102820e-02
  -1.9226974e-02
  -1.7304871e-02
  -1.8360021e-02
  -2.0289630e-02
  -2.1454329e-02
  -2.0408046e-02
  -1.8280454e-02
  -1.5029701e-02
  -1.1993887e-02
  -9.2245117e-03
  -2.1502632e-03
   0.0000000e+00
  -0.0000000e+00
  -1.0027448e-02
  -1.0060945e-02
  -1.8861823e-03
   0.0000000e+00
   0.0000000e+00
   3.6589239e-03
   4.6900429e-04
   0.0000000e+00
   0.0000000e+00
  -6.0713898e-03
  -5.4135071e-03
  -1.8218323e-03
  -1.5777600e-03
  -4.0164487e-03
  -1.6274578e-03
  -1.2109223e-02
  -0.0000000e+00
   1.4116462e-02
  -5.8356109e-03
  -2.4594909e-02
  -3.2052789e-02
  -2.1311708e-02
  -1.7047174e-02
  -1.3506712e-02
  -1.2496571e-02
  -1.2773483e-02
  -1.3785809e-02
  -1.3809186e-02
  -1.2480797e-02
  -1.0963121e-02
  -8.7058106e-03
  -5.6599581e-03
  -4.6817795e-04
   1.5360092e-02
   0.0000000e+00
   0.0000000e+00
  -0.0000000e+00
  -6.6345685e-03
   5.9713066e-03
   0.0000000e+00
   0.0000000e+00
   0.0000000e+00
   8.8120205e-04
   0.0000000e+00
   0.0000000e+00
  -1.0661011e-02
  -1.3703724e-03
   8.3030097e-04
  -1.1096253e-03
  -1.5595621e-03
  -4.0944503e-04
  -1.9301288e-03
   0.0000000e+00
   7.2587344e-03
  -1.0170288e-02
  -2.2260663e-02
  -2.4614666e-02
  -1.1546406e-02
  -8.8319751e-03
  -6.5516308e-03
  -5.5178120e-03
  -5.2452120e-03
  -5.5747693e-03
  -5.8886018e-03
  -5.2662413e-03
  -4.6892306e-03
  -3.1158652e-03
  -5.2700067e-05
   6.8722838e-03
   2.6889835e-02
   0.0000000e+00
   0.0000000e+00
  -0.0000000e+00
  -4.1371939e-03
   1.9291042e-02
   0.0000000e+00
   0.0000000e+00
   0.0000000e+00
  -3.0903705e-03
  -0.0000000e+00
  -1.2860302e-02
  -5.9315152e-03
   5.3044423e-03
   4.2001135e-03
   3.0410960e-03
   3.3643376e-03
   4.6964963e-03
   6.9852763e-03
   4.4055265e-03
   8.3623952e-04
  -7.2916360e-03
  -1.2273951e-02
  -1.3393243e-02
  -3.5214012e-03
  -1.5793164e-03
   3.1278617e-04
   1.4290272e-03
   1.9631451e-03
   1.4311029e-03
  -7.0536946e-05
  -4.0747324e-04
  -5.0859456e-04
   1.0175833e-03
   4.1639935e-03
   1.3507427e-02
   3.9939679e-02
   0.0000000e+00
   0.0000000e+00
   0.0000000e+00
   1.9668075e-03
   2.9983744e-02
   0.0000000e+00
   0.0000000e+00
   0.0000000e+00
  -3.0035211e-03
  -5.5763248e-04
  -2.9378426e-03
   4.5307986e-03
   9.4659645e-03
   7.8644948e-03
   8.6379657e-03
   9.6011488e-03
   1.1075702e-02
   1.3603989e-02
   1.0125176e-02
   4.5482223e-03
   8.8082312e-04
  -2.4021405e-03
  -4.2278990e-03
   2.1428985e-03
   4.0477435e-03
   5.7587707e-03
   6.5931641e-03
   6.5070681e-03
   4.7087176e-03
   2.3859658e-03
   1.4955841e-03
   1.4117667e-03
   3.2894120e-03
   7.7635967e-03
   2.1009907e-02
   4.6635293e-02
   0.0000000e+00
   0.0000000e+00
   0.0000000e+00
   0.0000000e+00
   3.3269808e-02
   0.0000000e+00
   0.0000000e+00
   0.0000000e+00
  -8.2433169e-05
   6.5353892e-03
   8.9198880e-03
   1.2421451e-02
   1.3145315e-02
   1.4488543e-02
   1.5981032e-02
   1.6620623e-02
   1.7611524e-02
   1.8257167e-02
   1.4191725e-02
   9.7887097e-03
   6.5248692e-03
   3.2525936e-03
   1.4698742e-03
   6.0368585e-03
   7.6032551e-03
   8.6750388e-03
   8.5180225e-03
   6.8433289e-03
   3.7344622e-03
   1.5378707e-03
   1.0684886e-03
   2.1174308e-03
   5.4586995e-03
   1.2901874e-02
   3.1694770e-02
   5.6754092e-02
   0.0000000e+00
   0.0000000e+00
   0.0000000e+00
   0.0000000e+00
   3.9083678e-02
   0.0000000e+00
   0.0000000e+00
   0.0000000e+00
   8.7584436e-03
   1.1876465e-02
   1.3189082e-02
   1.6841605e-02
   1.9672560e-02
   2.2843717e-02
   2.3426112e-02
   2.2379968e-02
   2.1861129e-02
   2.0990066e-02
   1.7696550e-02
   1.3269883e-02
   9.1529991e-03
   6.4054448e-03
   5.1522083e-03
   6.7761000e-03
   7.4926629e-03
   7.6140803e-03
   6.0301819e-03
   3.2685162e-03
   5.4413173e-04
  -3.6224353e-04
   6.0117082e-04
   3.2226969e-03
   8.5884165e-03
   1.9078139e-02
   4.2416234e-02
   6.0425445e-02
   0.0000000e+00
   0.0000000e+00
   0.0000000e+00
   0.0000000e+00
   4.6948785e-02
   0.0000000e+00
   0.0000000e+00
   0.0000000e+00
   1.4462563e-02
   1.3367127e-02
   1.5464436e-02
   2.1174725e-02
   2.5109598e-02
   2.7344737e-02
   2.6609877e-02
   2.4304412e-02
   2.2871865e-02
   2.1790635e-02
   1.8178435e-02
   1.2545168e-02
   8.7114992e-03
   6.5072170e-03
   5.6941444e-03
   4.5806142e-03
   4.6413899e-03
   3.9091487e-03
   1.6810705e-03
  -3.4646137e-04
  -1.0933161e-03
  -5.7514000e-05
   2.5220909e-03
   6.8193809e-03
   1.4449143e-02
   2.7064377e-02
   4.8834827e-02
   5.4818109e-02
   0.0000000e+00
   0.0000000e+00
   0.0000000e+00
   0.0000000e+00
   5.5385130e-02
   0.0000000e+00
   0.0000000e+00
   0.0000000e+00
   1.6184877e-02
   1.3352949e-02
   1.7975857e-02
   2.3602404e-02
   2.6104216e-02
   2.7012866e-02
   2.5478872e-02
   2.2216111e-02
   1.9641390e-02
   1.7576599e-02
   1.2817189e-02
   7.5100395e-03
   4.6561109e-03
   3.3045369e-03
   3.4575614e-03
   1.6668771e-03
   1.9054490e-03
   1.6720042e-03
   1.1727009e-03
   1.2500877e-03
   2.2705123e-03
   4.5959451e-03
   8.2187634e-03
   1.3625301e-02
   2.1771763e-02
   3.1848196e-02
   4.0557582e-02
   2.8093487e-02
   0.0000000e+00
   0.0000000e+00
   0.0000000e+00
   0.0000000e+00
   4.1733744e-02
   0.0000000e+00
   0.0000000e+00
   0.0000000e+00
   0.0000000e+00
   1.3258618e-02
   1.9374212e-02
   2.2181932e-02
   2.2576407e-02
   2.2058386e-02
   1.9419102e-02
   1.4897470e-02
   1.1172225e-02
   8.5685570e-03
   4.5250091e-03
   8.0755132e-04
  -5.8025180e-04
  -5.6185439e-04
   6.0797605e-04
  -2.3961288e-03
  -1.4352194e-03
  -7.0268681e-05
   1.8904330e-03
   4.2860741e-03
   7.0521454e-03
   1.0435199e-02
   1.4577544e-02
   1.9906290e-02
   2.6090756e-02
   2.9682912e-02
   2.5847595e-02
   9.3603743e-03
   0.0000000e+00
   0.0000000e+00
   0.0000000e+00
   4.2341273e-02
   3.1633012e-02
   0.0000000e+00
   0.0000000e+00
   0.0000000e+00
   0.0000000e+00
   1.3124092e-02
   1.8497050e-02
   1.8588107e-02
   1.7469663e-02
   1.5543745e-02
   1.1584309e-02
   6.2594395e-03
   2.3548615e-03
   3.8392661e-04
  -1.8814857e-03
  -4.4683795e-03
  -5.0491276e-03
  -4.5147808e-03
  -3.3817496e-03
  -1.0214217e-02
  -9.2114899e-03
  -7.2764456e-03
  -4.1752728e-03
  -1.1107090e-04
   4.4545676e-03
   9.1083869e-03
   1.3295976e-02
   1.7080760e-02
   1.9433090e-02
   1.7242264e-02
   7.7536847e-03
  -5.4545340e-03
   0.0000000e+00
   0.0000000e+00
   1.3427966e-03
   0.0000000e+00
   0.0000000e+00
   0.0000000e+00
   0.0000000e+00
   0.0000000e+00
   0.0000000e+00
   1.0420938e-02
   1.4315715e-02
   1.3070490e-02
   1.1191195e-02
   8.7001082e-03
   4.8172274e-03
   5.1608897e-04
  -3.1281479e-03
  -5.0747124e-03
  -6.2137181e-03
  -8.9742262e-03
  -1.0346226e-02
  -1.0748119e-02
  -1.0625960e-02
  -1.2432622e-02
  -1.2037378e-02
  -1.0863086e-02
  -8.6943237e-03
  -5.7997744e-03
  -2.3497797e-03
   1.3401890e-03
   4.2050078e-03
   5.5744802e-03
   4.3377061e-03
  -4.5024411e-04
  -9.1137635e-03
  -1.5714028e-02
  -0.0000000e+00
   0.0000000e+00
  -5.1209253e-03
   0.0000000e+00
   0.0000000e+00
   0.0000000e+00
   0.0000000e+00
   0.0000000e+00
   0.0000000e+00
   5.1811144e-03
   7.9944581e-03
   7.8829769e-03
   6.6725946e-03
   4.8239632e-03
   2.4180599e-03
   3.6435114e-04
  -2.4109918e-03
  -5.5945446e-03
  -5.3423511e-03
  -8.0239270e-03
  -1.0138474e-02
  -1.1417674e-02
  -1.2235005e-02
   6.3998217e-04
   8.6835539e-04
   1.2970287e-03
   2.1747304e-03
   3.4303986e-03
   5.0390786e-03
   6.7727952e-03
   7.7051609e-03
   6.7415088e-03
   2.9559934e-03
  -2.9544132e-03
  -1.0100152e-02
  -1.6513851e-02
  -2.2488277e-02
   0.0000000e+00
  -1.7675562e-02
   0.0000000e+00
   0.0000000e+00
   0.0000000e+00
   0.0000000e+00
   0.0000000e+00
   0.0000000e+00
   1.8222046e-03
   3.2695103e-03
   5.0518163e-03
   5.2144402e-03
   4.2385291e-03
   3.2916262e-03
   3.1926986e-03
   2.6404415e-03
  -1.8602656e-03
   1.3844364e-03
   1.2033209e-03
   9.2976243e-04
   7.5269991e-04
   5.7130831e-04
   1.2395356e-02
   1.2225451e-02
   1.1821272e-02
   1.1566017e-02
   1.1588001e-02
   1.1928630e-02
   1.2407717e-02
   1.2112666e-02
   9.4508568e-03
   3.1115652e-03
  -5.7271992e-03
  -1.4356468e-02
  -1.9738513e-02
  -2.7034021e-02
  -2.6870169e-02
  -1.9739663e-02
   0.0000000e+00
   0.0000000e+00
   0.0000000e+00
   0.0000000e+00
   0.0000000e+00
   0.0000000e+00
  -3.8980482e-03
  -3.4775873e-03
   5.5373193e-04
   3.6605294e-03
   3.6767383e-03
   3.7479431e-03
   4.4739067e-03
   6.1889794e-03
   1.0719780e-03
   5.0283175e-03
   8.2885894e-03
   1.0295264e-02
   1.1646104e-02
   1.2237976e-02
   3.8634257e-03
   2.1827249e-03
   6.0741062e-05
  -2.0909288e-03
  -3.7038187e-03
  -4.5524826e-03
  -4.4213152e-03
  -3.0507836e-03
  -1.1164092e-03
  -1.7165981e-03
  -9.0195825e-03
  -2.5994843e-02
  -2.6122680e-02
  -2.7331865e-02
  -3.0989229e-02
  -3.0289615e-02
   0.0000000e+00
   0.0000000e+00
   0.0000000e+00
   0.0000000e+00
   0.0000000e+00
  -1.4818174e-02
  -1.3566175e-02
  -1.3073373e-02
  -5.3260159e-03
   3.6307976e-03
   3.7451562e-03
   7.2916331e-03
   7.3902628e-03
   7.5437490e-03
   0.0000000e+00
   2.5591651e-03
   2.9357981e-03
   3.9446075e-03
   4.9356506e-03
   4.9076318e-03
  -8.5649770e-03
  -1.0881538e-02
  -1.4346913e-02
  -1.8458527e-02
  -2.2218056e-02
  -2.5321050e-02
  -2.7304141e-02
  -2.6378114e-02
  -2.0238666e-02
  -8.6980984e-03
  -2.2044852e-03
  -2.6950991e-02
  -2.9170254e-02
  -3.0250939e-02
  -3.5568066e-02
  -4.3300145e-02
  -0.0000000e+00
   0.0000000e+00
   0.0000000e+00
  -2.5419565e-02
  -3.4736551e-02
  -1.8869628e-02
  -1.9677339e-02
  -2.0855544e-02
  -8.6760782e-03
   0.0000000e+00
   0.0000000e+00
   1.0797735e-02
   0.0000000e+00
   0.0000000e+00
   0.0000000e+00
  -1.7323557e-03
  -4.8649479e-03
  -6.5388498e-03
  -6.8213129e-03
  -7.2247949e-03
  -1.4757571e-02
  -1.6741155e-02
  -2.0254139e-02
  -2.5044130e-02
  -2.9944109e-02
  -3.4454446e-02
  -3.8079519e-02
  -3.8938683e-02
  -3.4687482e-02
  -2.0748282e-02
  -3.8703887e-03
   0.0000000e+00
  -2.1086205e-02
  -2.6998451e-02
  -3.4655541e-02
  -5.0263166e-02
  -0.0000000e+00
   0.0000000e+00
   0.0000000e+00
  -2.4605489e-02
  -2.7616837e-02
  -2.1349419e-02
  -2.0985505e-02
  -3.1274803e-02
  -0.0000000e+00
   0.0000000e+00
   0.0000000e+00
  -2.8087882e-03
   0.0000000e+00
   0.0000000e+00
   0.0000000e+00
  -3.1868939e-03
  -7.5880596e-03
  -1.1246458e-02
  -1.2890570e-02
  -1.3709150e-02
  -1.7018866e-02
  -1.7448144e-02
  -1.8792262e-02
  -2.1584170e-02
  -2.5330883e-02
  -2.9460967e-02
  -3.3651657e-02
  -3.6394007e-02
  -3.6378220e-02
  -2.8631670e-02
  -1.6483342e-02
   1.0405171e-02
  -1.0173261e-02
  -2.1696036e-02
  -3.0028053e-02
  -4.9538400e-02
  -6.0153962e-02
   0.0000000e+00
  -0.0000000e+00
  -2.0196986e-02
  -2.3709759e-02
  -2.3023900e-02
  -1.8857079e-02
  -3.8659560e-02
  -2.2590969e-02
  -1.7665714e-02
  -4.5917294e-03
  -0.0000000e+00
   0.0000000e+00
   0.0000000e+00
  -1.8782600e-04
  -1.4957110e-03
  -5.8684517e-03
  -1.1014002e-02
  -1.4413909e-02
  -1.6270194e-02
  -1.6072784e-02
  -1.5057614e-02
  -1.3649501e-02
  -1.3510263e-02
  -1.5247646e-02
  -1.8417301e-02
  -2.2921968e-02
  -2.8129891e-02
  -3.3624735e-02
  -3.4366053e-02
  -1.7598642e-02
   1.5062376e-02
  -2.6391326e-03
  -1.6096320e-02
  -2.4758467e-02
  -3.7989542e-02
  -4.7122575e-02
  -3.6647491e-02
  -2.9678966e-03
  -1.1650913e-02
  -1.8771838e-02
  -2.3568796e-02
  -1.8175592e-02
  -3.2440414e-02
  -2.5792090e-02
  -3.5162389e-02
   0.0000000e+00
   0.0000000e+00
   0.0000000e+00
   1.0298666e-02
   5.0178424e-03
   7.4508809e-04
  -2.1701532e-03
  -7.4937036e-03
  -1.2242295e-02
  -1.5154582e-02
  -1.4062155e-02
  -1.3304024e-02
  -1.1101082e-02
  -9.3371077e-03
  -9.5406240e-03
  -1.1957999e-02
  -1.6826406e-02
  -2.4058305e-02
  -3.4055743e-02
  -4.1317068e-02
  -0.0000000e+00
   2.9072729e-02
   1.7769897e-03
  -9.5580760e-03
  -1.8729920e-02
  -2.9440349e-02
  -3.4366164e-02
  -1.1225615e-02
   2.3388541e-03
  -7.0269625e-03
  -1.3367000e-02
  -2.3072502e-02
  -0.0000000e+00
  -2.9741652e-02
  -3.1715538e-02
  -5.1700324e-02
   0.0000000e+00
   0.0000000e+00
   0.0000000e+00
   6.6958622e-03
   8.8980653e-03
   2.9969756e-03
   9.4262877e-04
  -3.2407856e-03
  -8.3542662e-03
  -1.2160690e-02
  -1.0230335e-02
  -1.0640417e-02
  -9.1653697e-03
  -7.0900736e-03
  -6.2653112e-03
  -7.5539882e-03
  -1.2053699e-02
  -2.0909348e-02
  -3.5765401e-02
  -4.8588656e-02
  -0.0000000e+00
   3.0162928e-02
   8.2349858e-03
  -1.3176348e-04
  -8.4309046e-03
  -2.0768497e-02
  -2.8089200e-02
  -0.0000000e+00
   9.7124589e-04
  -5.8815570e-03
  -8.3058391e-03
  -1.9062964e-02
  -2.1814608e-02
  -2.6111108e-02
  -2.6270733e-02
  -3.8471098e-02
   0.0000000e+00
   0.0000000e+00
   0.0000000e+00
   0.0000000e+00
   9.2494570e-03
   5.9511538e-03
   5.0794793e-03
   2.0181509e-03
  -2.7068426e-03
  -7.0878957e-03
  -5.9495512e-03
  -7.4028750e-03
  -6.7321649e-03
  -4.9714977e-03
  -3.6677204e-03
  -4.3346914e-03
  -8.0079967e-03
  -1.7151851e-02
  -3.5704732e-02
  -5.8108956e-02
   0.0000000e+00
   0.0000000e+00
   0.0000000e+00
   0.0000000e+00
   2.8657755e-03
  -1.0450682e-02
  -1.8976256e-02
  -2.4876710e-02
   1.7208608e-03
  -4.0962803e-03
   0.0000000e+00
  -1.1201779e-02
  -1.7623380e-02
  -2.7760478e-02
  -1.6865542e-02
  -1.4241537e-02
   0.0000000e+00
   0.0000000e+00
   0.0000000e+00
   0.0000000e+00
   1.1559786e-02
   1.1213179e-02
   1.1506479e-02
   8.4757749e-03
   3.2071560e-03
  -1.8050002e-03
  -8.7863859e-04
  -3.6345259e-03
  -3.6743421e-03
  -2.2405253e-03
  -2.1499768e-04
  -4.9551233e-04
  -3.6180345e-03
  -1.2307477e-02
  -3.3387996e-02
  -6.2004750e-02
   0.0000000e+00
   0.0000000e+00
   0.0000000e+00
   0.0000000e+00
   0.0000000e+00
  -1.8035419e-03
  -6.9817845e-03
  -8.8265768e-03
   4.7480343e-03
   1.1622983e-03
  -1.8312536e-03
  -5.3927310e-03
  -1.4540548e-02
  -2.8036664e-02
  -0.0000000e+00
  -0.0000000e+00
   0.0000000e+00
   0.0000000e+00
   0.0000000e+00
   0.0000000e+00
   9.8461946e-03
   1.9043146e-02
   2.2565210e-02
   1.9041035e-02
   1.1584744e-02
   4.6552364e-03
   5.1765665e-03
   1.0947054e-03
   3.4847081e-04
   1.6204093e-03
   4.4869174e-03
   4.9767355e-03
   1.8789343e-03
  -6.3785926e-03
  -2.7084630e-02
  -6.1388458e-02
   0.0000000e+00
   0.0000000e+00
   0.0000000e+00
   0.0000000e+00
   0.0000000e+00
   0.0000000e+00
   3.1674518e-03
  -1.6401313e-03
   5.4250081e-03
   5.4899352e-03
   2.7951449e-03
  -1.9273046e-03
  -9.7637184e-03
  -2.1091394e-02
   0.0000000e+00
   0.0000000e+00
   0.0000000e+00
   0.0000000e+00
   0.0000000e+00
   0.0000000e+00
  -1.3705988e-03
   2.0264897e-02
   3.3432223e-02
   3.1730294e-02
   2.2685512e-02
   1.2891026e-02
   1.2406403e-02
   6.6404007e-03
   5.1463936e-03
   7.1976134e-03
   1.0908744e-02
   1.2727589e-02
   1.0145349e-02
   2.0205826e-03
  -1.4518164e-02
  -4.5149704e-02
   0.0000000e+00
   0.0000000e+00
   0.0000000e+00
   0.0000000e+00
   0.0000000e+00
   0.0000000e+00
   0.0000000e+00
   0.0000000e+00
   7.2115257e-03
   4.2898141e-03
   0.0000000e+00
  -0.0000000e+00
  -0.0000000e+00
  -0.0000000e+00
   0.0000000e+00
   0.0000000e+00
   0.0000000e+00
   0.0000000e+00
   0.0000000e+00
   0.0000000e+00
  -1.2262053e-02
   8.0878129e-03
   3.3166971e-02
   3.9457574e-02
   3.3115536e-02
   2.2493675e-02
   1.7224312e-02
   1.0263130e-02
   8.5498523e-03
   1.1299457e-02
   1.6317451e-02
   1.9559704e-02
   1.8233139e-02
   1.1191525e-02
  -1.0216134e-03
  -2.2481379e-02
   0.0000000e+00
   0.0000000e+00
   0.0000000e+00
   0.0000000e+00
   0.0000000e+00
   0.0000000e+00
   0.0000000e+00
   0.0000000e+00
   0.0000000e+00
   0.0000000e+00
   0.0000000e+00
   0.0000000e+00
   0.0000000e+00
   0.0000000e+00
   0.0000000e+00
   0.0000000e+00
   0.0000000e+00
   0.0000000e+00
   0.0000000e+00
   0.0000000e+00
  -0.0000000e+00
  -2.4842981e-03
   2.0203065e-02
   3.4592088e-02
   3.5193733e-02
   2.7824415e-02
   1.8276903e-02
   1.1332161e-02
   1.0018068e-02
   1.3060495e-02
   1.8914700e-02
   2.3519249e-02
   2.3974678e-02
   1.9295916e-02
   1.0180711e-02
  -5.8143295e-03
   0.0000000e+00
   0.0000000e+00
  -0.0000000e+00
  -0.0000000e+00
   0.0000000e+00
   0.0000000e+00
   0.0000000e+00
   0.0000000e+00
   0.0000000e+00
   0.0000000e+00
   0.0000000e+00
   0.0000000e+00
   0.0000000e+00
   0.0000000e+00
  -0.0000000e+00
   0.0000000e+00
   0.0000000e+00
   0.0000000e+00
   0.0000000e+00
   0.0000000e+00
   0.0000000e+00
  -1.7889961e-02
   2.7256055e-03
   2.1689910e-02
   2.7672093e-02
   2.5456064e-02
   1.1297481e-02
   7.8550847e-03
   7.6915375e-03
   1.1327251e-02
   1.7167881e-02
   2.2196176e-02
   2.4559235e-02
   2.2564369e-02
   1.7760526e-02
   0.0000000e+00
   0.0000000e+00
  -8.0656370e-03
  -6.1201315e-03
  -0.0000000e+00
   0.0000000e+00
   0.0000000e+00
   0.0000000e+00
   0.0000000e+00
   0.0000000e+00
   0.0000000e+00
   0.0000000e+00
   0.0000000e+00
   0.0000000e+00
  -0.0000000e+00
   0.0000000e+00
   0.0000000e+00
   0.0000000e+00
   0.0000000e+00
   0.0000000e+00
   0.0000000e+00
   0.0000000e+00
  -2.5345705e-02
  -1.1995944e-02
   4.9497904e-03
   1.2362117e-02
   1.3491885e-02
  -4.3029608e-03
  -2.4120134e-03
   1.0082516e-03
   6.3391253e-03
   1.1485313e-02
   0.0000000e+00
   0.0000000e+00
   0.0000000e+00
   0.0000000e+00
   0.0000000e+00
   0.0000000e+00
  -6.9139066e-03
  -2.2557288e-03
   0.0000000e+00
   0.0000000e+00
   0.0000000e+00
   0.0000000e+00
   0.0000000e+00
   0.0000000e+00
   0.0000000e+00
  -6.7921873e-03
  -6.1632916e-03
  -4.6120005e-03
  -5.3528248e-03
   0.0000000e+00
   0.0000000e+00
   0.0000000e+00
   0.0000000e+00
   0.0000000e+00
   0.0000000e+00
   0.0000000e+00
  -2.4766601e-02
  -2.1557710e-02
  -1.5863294e-02
  -9.6461519e-03
  -6.4862566e-03
  -2.1685009e-02
  -0.0000000e+00
  -0.0000000e+00
   0.0000000e+00
   0.0000000e+00
   0.0000000e+00
   0.0000000e+00
   0.0000000e+00
   0.0000000e+00
   0.0000000e+00
   9.2317963e-03
   5.7973656e-03
   6.9811687e-03
   7.3800570e-03
   6.0747654e-03
   5.7725187e-03
   6.1378316e-03
   5.8923743e-03
   3.7926344e-03
   1.9593188e-03
  -2.0606357e-03
  -4.9933884e-03
  -3.7978333e-03
  -1.8535129e-03
   3.3020017e-04
   1.0223825e-03
   0.0000000e+00
   0.0000000e+00
   0.0000000e+00
   0.0000000e+00
   0.0000000e+00
   0.0000000e+00
  -0.0000000e+00
  -0.0000000e+00
  -0.0000000e+00
  -0.0000000e+00
