   1.0330928e+00   1.1192691e+00   1.2048399e+00   1.2789290e+00   1.3475061e+00   1.4096175e+00   1.4430319e+00   1.4488593e+00   1.4406902e+00   1.4279707e+00   1.4056810e+00   1.3666104e+00   1.3245542e+00   1.2827690e+00   1.2394133e+00   1.2085283e+00   1.1899448e+00   1.1943630e+00   1.2190133e+00   1.2582281e+00   1.3104632e+00   1.3542593e+00   1.3781258e+00   1.3728737e+00   1.3293650e+00   1.2519994e+00   1.1421202e+00   1.0067838e+00   8.5866365e-01   7.1486396e-01   6.1945748e-01   6.0286825e-01   6.6102168e-01   7.4844134e-01   8.4384375e-01   9.4273918e-01
   1.1019440e+00   1.1518135e+00   1.2335424e+00   1.3070022e+00   1.3650600e+00   1.3584442e+00   1.3081207e+00   1.2246063e+00   1.1045234e+00   9.8449516e-01   8.7084824e-01   7.9224432e-01   7.7684608e-01   7.4501699e-01   6.9922525e-01   6.5821068e-01   6.7935634e-01   7.4760538e-01   8.3390649e-01   9.1871613e-01   1.0321431e+00   1.0936102e+00   1.1072111e+00   1.0854529e+00   1.1099024e+00   1.1305506e+00   1.1022425e+00   9.7542084e-01   7.4518830e-01   5.0616950e-01   4.3707667e-01   5.9791201e-01   7.8653383e-01   8.9635034e-01   9.7323626e-01   1.0500017e+00
   2.0544894e+00   2.0621641e+00   2.0295146e+00   1.9634629e+00   1.8946706e+00   1.8659505e+00   1.9159299e+00   2.0140951e+00   2.1027863e+00   2.1669276e+00   2.2463536e+00   2.3715427e+00   2.5652733e+00   2.8051763e+00   3.0683494e+00   3.2666471e+00   3.3686526e+00   3.3386168e+00   3.2032018e+00   2.9866788e+00   2.7266839e+00   2.4245133e+00   2.1482131e+00   2.0298100e+00   2.1828952e+00   2.4894924e+00   2.7729661e+00   2.7860334e+00   2.5152411e+00   2.1372466e+00   1.8548377e+00   1.7520850e+00   1.7343031e+00   1.7700607e+00   1.8536915e+00   1.9685930e+00
   4.9323128e+00   4.9952974e+00   4.9857693e+00   4.9797452e+00   5.0284810e+00   5.1563401e+00   5.3499354e+00   5.5272102e+00   5.6371217e+00   5.6518577e+00   5.6221285e+00   5.6278749e+00   5.7242268e+00   5.8681407e+00   6.0563211e+00   6.2130450e+00   6.3097072e+00   6.3472743e+00   6.2967118e+00   6.1499505e+00   5.9487791e+00   5.7443617e+00   5.5399384e+00   5.4327302e+00   5.4878033e+00   5.6454239e+00   5.7400103e+00   5.5454782e+00   5.0715141e+00   4.5044193e+00   4.1079176e+00   3.9557097e+00   4.0480008e+00   4.2355273e+00   4.5195270e+00   4.7794323e+00
   6.9521818e+00   7.1223317e+00   7.2234241e+00   7.2795329e+00   7.3889938e+00   7.5479765e+00   7.7018256e+00   7.8168516e+00   7.8321710e+00   7.7733488e+00   7.6716547e+00   7.5637851e+00   7.4750361e+00   7.4219881e+00   7.4017068e+00   7.4069090e+00   7.4747248e+00   7.6440759e+00   7.8473134e+00   8.0267096e+00   8.1357164e+00   8.1594582e+00   8.1315727e+00   8.0549841e+00   8.0130672e+00   7.8891935e+00   7.3652049e+00   6.4965811e+00   5.8814781e+00   5.5566471e+00   5.4765882e+00   5.6143601e+00   5.8422721e+00   6.0073347e+00   6.3533055e+00   6.7044512e+00
   7.1301874e+00   7.3658185e+00   7.5677862e+00   7.7117710e+00   7.8196568e+00   7.9086199e+00   7.9858246e+00   8.0107908e+00   7.9627547e+00   7.8733268e+00   7.7552299e+00   7.5636826e+00   7.3105678e+00   7.0575342e+00   6.8167963e+00   6.6948741e+00   6.7624750e+00   7.0634699e+00   7.4997534e+00   7.9673691e+00   8.3947105e+00   8.6703807e+00   8.7865753e+00   8.6168957e+00   8.1536780e+00   7.7302374e+00   6.4833488e+00   4.9394519e+00   4.6090785e+00   4.9053416e+00   5.4786164e+00   6.0638676e+00   6.3155470e+00   6.2400821e+00   6.5634146e+00   6.8671942e+00
   5.8404489e+00   6.1398225e+00   6.4017868e+00   6.5256748e+00   6.5672255e+00   6.5625491e+00   6.5410004e+00   6.4487329e+00   6.3238220e+00   6.2135692e+00   6.0745959e+00   5.8141465e+00   5.4576569e+00   5.0612640e+00   4.6891646e+00   4.5229721e+00   4.6526370e+00   5.0646029e+00   5.6564598e+00   6.3064818e+00   6.9038696e+00   7.2891636e+00   7.4062982e+00   7.0272551e+00   6.3908503e+00   0.0000000e+00   0.0000000e+00   0.0000000e+00   2.7865391e+00   3.2079949e+00   4.0468402e+00   5.0769382e+00   5.5383501e+00   5.3934321e+00   5.5034294e+00   5.6251440e+00
   3.0192927e+00   3.3434422e+00   3.6544876e+00   3.7133732e+00   3.6108086e+00   3.4918201e+00   3.3500202e+00   3.1542439e+00   3.0122058e+00   2.9205116e+00   2.7973697e+00   2.5623255e+00   2.2214033e+00   1.8270830e+00   1.4974754e+00   1.4367474e+00   1.6133499e+00   2.0412962e+00   2.6577985e+00   3.2961159e+00   3.8934009e+00   4.2602310e+00   4.3398728e+00   4.2119865e+00   0.0000000e+00   0.0000000e+00   0.0000000e+00   1.0572181e+00   1.6348380e+00   1.9000245e+00   2.0949027e+00   2.8915675e+00   3.2000735e+00   2.9452370e+00   2.7875156e+00   2.8189011e+00
   9.0623707e-01   1.1652812e+00   1.4614193e+00   1.4802299e+00   1.2920536e+00   1.1790266e+00   1.1673768e+00   1.2217954e+00   1.3044491e+00   1.3680288e+00   1.4252982e+00   1.4695448e+00   1.4590451e+00   1.4147522e+00   1.3386091e+00   1.2871554e+00   1.2155212e+00   1.0933658e+00   9.9314994e-01   9.7069317e-01   1.2029688e+00   1.4872142e+00   1.7437828e+00   2.8164959e+00   0.0000000e+00   2.7023936e+00   2.2300074e+00   1.2731191e+00   1.0800724e+00   8.0818373e-01   7.7134430e-01   9.7492224e-01   1.0309193e+00   9.7107351e-01   9.0799791e-01   8.5725796e-01
   2.8725896e+00   3.0040195e+00   3.1370387e+00   3.2882736e+00   3.5311203e+00   3.7087550e+00   3.6840999e+00   3.8596106e+00   4.0551929e+00   4.1559525e+00   4.2136755e+00   4.2348442e+00   4.1745744e+00   4.0336666e+00   3.8079562e+00   3.6325011e+00   3.5359564e+00   3.4407656e+00   3.3110883e+00   3.1716330e+00   3.1282296e+00   3.2168274e+00   3.4980381e+00   4.2518435e+00   3.5778265e+00   1.6210127e+00   1.5274045e+00   1.5824119e+00   2.2013671e+00   2.7724192e+00   3.1089056e+00   3.2224703e+00   3.1260829e+00   2.9235575e+00   2.8042021e+00   2.7896621e+00
   4.7964325e+00   5.0357742e+00   5.1239419e+00   5.2688718e+00   5.5524149e+00   5.7911487e+00   5.7620163e+00   5.9349074e+00   6.1430745e+00   6.2253847e+00   6.2117114e+00   6.0586977e+00   5.7425828e+00   5.3309402e+00   4.9398608e+00   4.7858458e+00   4.8735123e+00   5.0732617e+00   5.2425261e+00   5.3747902e+00   5.5355263e+00   5.7928057e+00   6.0483570e+00   5.9937873e+00   4.4537377e+00   2.8786304e+00   3.1705675e+00   3.4334252e+00   4.2466183e+00   4.8933001e+00   5.0793347e+00   4.9649949e+00   4.5937405e+00   4.2961907e+00   4.2654104e+00   4.4982171e+00
   6.2456918e+00   6.5115952e+00   6.5121665e+00   6.6626654e+00   6.9794312e+00   7.0849457e+00   7.2061520e+00   7.3180513e+00   7.5110455e+00   7.5355511e+00   7.4001517e+00   6.9789128e+00   6.3539181e+00   5.7573538e+00   5.4409685e+00   5.5069180e+00   5.8366942e+00   6.2727256e+00   6.6434398e+00   6.9602380e+00   7.2914481e+00   7.6759982e+00   7.8887663e+00   7.3841162e+00   6.0541410e+00   5.3584609e+00   5.0907583e+00   5.1936464e+00   5.8405275e+00   6.1352210e+00   5.9992890e+00   5.5834808e+00   5.1393623e+00   5.0633564e+00   5.3458195e+00   5.8178620e+00
   6.8731484e+00   7.0338082e+00   7.1402097e+00   7.2884631e+00   8.0375615e+00   7.4873034e+00   7.6430302e+00   7.7046442e+00   7.8067546e+00   7.6788092e+00   7.2908287e+00   6.5739079e+00   5.8548026e+00   5.5105515e+00   5.6130810e+00   5.9953246e+00   6.4944029e+00   7.0073853e+00   7.4156818e+00   7.7883959e+00   8.1759720e+00   8.4660339e+00   8.7070751e+00   7.9670310e+00   7.0130987e+00   6.5398335e+00   5.9763026e+00   5.9704514e+00   6.0834079e+00   5.9135981e+00   5.5558195e+00   5.1794920e+00   5.1072931e+00   5.4657168e+00   6.0073438e+00   6.5304170e+00
   7.0482669e+00   7.3584929e+00   7.5574571e+00   7.4955480e+00   8.2504997e+00   0.0000000e+00   7.1954569e+00   7.1443815e+00   6.9576073e+00   6.5390935e+00   5.8988919e+00   5.2384176e+00   5.0320625e+00   5.3351150e+00   5.9309897e+00   6.5291305e+00   7.0404701e+00   7.4791956e+00   7.7978263e+00   8.0477152e+00   8.2287121e+00   8.4266891e+00   8.8239223e+00   7.6456509e+00   7.0765829e+00   6.5012589e+00   5.7841644e+00   5.5092926e+00   5.1827273e+00   4.9465251e+00   4.6992893e+00   4.5590825e+00   4.9650426e+00   5.6185946e+00   6.2606535e+00   6.7485747e+00
   6.8319774e+00   7.3426570e+00   7.2186963e+00   6.6175648e+00   5.7359005e+00   0.0000000e+00   5.9889832e+00   5.5840969e+00   4.8837609e+00   4.3321109e+00   4.0119753e+00   4.1059775e+00   4.6790395e+00   5.4695911e+00   6.2824373e+00   6.9147515e+00   7.3728695e+00   7.6977215e+00   7.8320370e+00   7.8169971e+00   7.8093567e+00   8.2040319e+00   8.6241730e+00   6.9616965e+00   6.1300916e+00   5.3599606e+00   4.6554570e+00   4.1129823e+00   3.7470772e+00   3.7019314e+00   4.0414436e+00   4.2137008e+00   4.8626966e+00   5.5094757e+00   6.0576224e+00   6.4830842e+00
   6.1504583e+00   6.3436760e+00   2.7898372e+00   4.6635943e+00   3.1312706e+00   0.0000000e+00   4.7107811e+00   3.9275167e+00   3.4170532e+00   3.1790686e+00   3.5670574e+00   4.1861606e+00   4.8962989e+00   5.6163425e+00   6.2435408e+00   6.6752410e+00   6.9575863e+00   7.1140785e+00   7.1090660e+00   6.9458804e+00   6.7416811e+00   6.5740275e+00   4.7951575e+00   0.0000000e+00   4.2504381e+00   3.4785874e+00   3.1462002e+00   2.4921436e+00   2.4432101e+00   3.0224099e+00   3.7297048e+00   4.2040129e+00   4.8207774e+00   5.2543173e+00   5.5417757e+00   5.7892919e+00
   4.7253933e+00   4.4100018e+00   2.6629102e+00   3.6976881e+00   2.4287403e+00   0.0000000e+00   0.0000000e+00   2.4784128e+00   3.2835392e+00   3.8099306e+00   4.5625191e+00   5.2694759e+00   5.8487158e+00   6.3209128e+00   6.6142225e+00   6.6848512e+00   6.5853310e+00   6.3259239e+00   5.9388871e+00   5.4411716e+00   4.9652624e+00   5.3630452e+00   2.2273085e+00   1.5600572e+00   2.6558674e+00   2.1432784e+00   2.4809005e+00   1.6689148e+00   1.3982675e+00   3.5622011e+00   3.9205141e+00   4.4545989e+00   4.9094963e+00   5.0676050e+00   4.9909358e+00   4.8032451e+00
   3.2419592e+00   2.5887250e+00   2.0543116e+00   2.5489957e+00   3.0907945e+00   0.0000000e+00   0.0000000e+00   2.7360453e+00   3.8046719e+00   4.5403914e+00   5.4070123e+00   6.1480968e+00   6.6875135e+00   7.0345923e+00   7.1254073e+00   6.9560877e+00   6.5973365e+00   6.0565903e+00   5.3204931e+00   4.3454594e+00   3.2476493e+00   0.0000000e+00   2.3954334e+00   2.2982354e+00   1.6622641e+00   2.1893259e+00   0.0000000e+00   2.0411360e+00   1.3836226e+00   4.1003675e+00   4.2372493e+00   4.7816190e+00   5.0687450e+00   4.9787487e+00   4.5843882e+00   3.9535196e+00
   1.8937063e+00   1.2397502e+00   1.5866996e+00   2.0303979e+00   3.7662428e+00   0.0000000e+00   0.0000000e+00   3.1358805e+00   3.7513779e+00   4.5494999e+00   5.4101022e+00   6.1290033e+00   6.6777116e+00   7.0420176e+00   7.1276747e+00   6.9201423e+00   6.4886057e+00   5.8421247e+00   4.9644502e+00   3.7469395e+00   2.1832585e+00   0.0000000e+00   2.9816800e+00   0.0000000e+00   1.8314467e+00   0.0000000e+00   0.0000000e+00   2.7665422e+00   2.5905451e+00   3.8793602e+00   4.3154783e+00   4.9392775e+00   5.1432394e+00   4.9010767e+00   4.2828803e+00   3.2910052e+00
   1.1332325e+00   1.1454178e+00   2.2791911e+00   2.2226522e+00   2.7046932e+00   0.0000000e+00   0.0000000e+00   3.0759792e+00   3.2501369e+00   3.7591138e+00   4.5611501e+00   5.1761971e+00   5.6676140e+00   6.0457263e+00   6.1518316e+00   5.9460921e+00   5.5176868e+00   4.8507447e+00   3.9008617e+00   2.5321126e+00   1.0893348e+00   2.3826083e+00   3.0002180e+00   0.0000000e+00   2.3510205e+00   0.0000000e+00   0.0000000e+00   0.0000000e+00   2.9454865e+00   3.4443402e+00   3.8579264e+00   4.4216309e+00   4.6044631e+00   4.3060961e+00   3.5700536e+00   2.3852503e+00
   1.8183347e+00   1.6591291e+00   0.0000000e+00   3.4649560e+00   3.1730066e+00   0.0000000e+00   0.0000000e+00   2.7179987e+00   2.4600084e+00   2.5817595e+00   3.2083690e+00   3.6805825e+00   4.0838251e+00   4.4693594e+00   4.6539845e+00   4.5856009e+00   4.3454723e+00   3.9150741e+00   3.2634599e+00   2.3290238e+00   1.5331056e+00   2.3355000e+00   2.8729328e+00   0.0000000e+00   1.7398208e+00   0.0000000e+00   0.0000000e+00   0.0000000e+00   3.1494577e+00   3.0820811e+00   3.3360946e+00   3.8436480e+00   4.1778607e+00   4.1311936e+00   3.6582203e+00   2.7010603e+00
   3.0721874e+00   1.7264253e+00   0.0000000e+00   4.9296799e+00   4.7999840e+00   0.0000000e+00   0.0000000e+00   0.0000000e+00   1.7404861e+00   1.6130860e+00   2.1736195e+00   2.4667978e+00   2.7527647e+00   3.1531677e+00   3.5312417e+00   3.7882469e+00   3.9215813e+00   3.9168937e+00   3.6977963e+00   3.2554448e+00   2.7758284e+00   2.6700068e+00   2.6946678e+00   0.0000000e+00   2.2047547e+00   0.0000000e+00   0.0000000e+00   0.0000000e+00   3.9059441e+00   3.6248314e+00   3.6280267e+00   4.0336294e+00   4.7214341e+00   5.2471032e+00   5.2835774e+00   4.5099053e+00
   4.5103951e+00   3.0415671e+00   0.0000000e+00   5.8305764e+00   5.6200390e+00   5.3099184e+00   0.0000000e+00   0.0000000e+00   1.9818602e+00   2.0616360e+00   2.1583545e+00   2.2376416e+00   2.3208852e+00   2.6091053e+00   3.0851212e+00   3.5467629e+00   3.9294589e+00   4.2444820e+00   4.4290271e+00   4.3616371e+00   4.0554576e+00   3.6435759e+00   3.3633808e+00   0.0000000e+00   3.2345831e+00   2.9337150e+00   0.0000000e+00   0.0000000e+00   4.9210801e+00   4.7807965e+00   4.6579709e+00   4.7422385e+00   5.2721829e+00   5.9517217e+00   6.3131447e+00   6.0015078e+00
   5.5868964e+00   0.0000000e+00   0.0000000e+00   5.9344373e+00   5.8316817e+00   5.4133492e+00   0.0000000e+00   0.0000000e+00   2.7324908e+00   3.0783626e+00   2.7994556e+00   2.6330187e+00   2.5030162e+00   2.6311386e+00   3.0303547e+00   3.5055172e+00   4.0150800e+00   4.5415430e+00   5.0286479e+00   5.2346010e+00   5.0619268e+00   4.4217930e+00   4.2628860e+00   0.0000000e+00   3.7983216e+00   2.9730212e+00   0.0000000e+00   5.8877213e+00   5.5413127e+00   5.5422192e+00   5.4067841e+00   5.2178030e+00   5.2671599e+00   5.7144117e+00   6.2452860e+00   6.5178747e+00
   6.1686536e+00   0.0000000e+00   0.0000000e+00   5.2108259e+00   5.2807508e+00   5.1520672e+00   0.0000000e+00   0.0000000e+00   2.7011761e+00   2.9665725e+00   3.1618912e+00   2.7887735e+00   2.5405736e+00   2.6389606e+00   2.9495776e+00   3.3737121e+00   3.8615394e+00   4.4158101e+00   5.0151916e+00   5.4772282e+00   5.5496507e+00   4.5453501e+00   3.9856450e+00   0.0000000e+00   4.0611698e+00   0.0000000e+00   0.0000000e+00   5.6166369e+00   5.5783858e+00   5.5869427e+00   5.4360256e+00   5.1579323e+00   4.8918805e+00   4.9800572e+00   5.4433026e+00   6.1450014e+00
   5.7194802e+00   0.0000000e+00   0.0000000e+00   3.6392155e+00   3.8245966e+00   4.3495231e+00   0.0000000e+00   0.0000000e+00   2.1739187e+00   2.2280571e+00   2.4225938e+00   2.2079837e+00   1.8032493e+00   2.0937457e+00   2.4579918e+00   2.8621786e+00   3.2601175e+00   3.6522470e+00   4.0943508e+00   4.6457477e+00   5.2683296e+00   4.3207842e+00   3.3336608e+00   0.0000000e+00   5.4946338e+00   5.8733580e+00   5.4235824e+00   5.0030966e+00   4.8611236e+00   4.8015966e+00   4.6201243e+00   4.3343167e+00   3.9858007e+00   3.8015733e+00   3.9920752e+00   4.7486720e+00
   4.3899375e+00   0.0000000e+00   2.3744578e+00   2.5420032e+00   2.6868211e+00   0.0000000e+00   0.0000000e+00   0.0000000e+00   0.0000000e+00   1.4551611e+00   1.2704011e+00   0.0000000e+00   6.9091702e-01   1.0948613e+00   1.5155953e+00   1.9336911e+00   2.2494283e+00   2.4930317e+00   2.6867089e+00   3.0041950e+00   4.0902734e+00   4.6503524e+00   0.0000000e+00   5.4946344e+00   4.2742275e+00   4.2899087e+00   4.2688956e+00   3.7250028e+00   3.5931880e+00   3.5232494e+00   3.3325505e+00   3.0574672e+00   2.6970713e+00   2.4082289e+00   2.3836744e+00   3.0217042e+00
   2.1528370e+00   6.9102868e-01   1.8013862e+00   2.4619656e+00   0.0000000e+00   0.0000000e+00   0.0000000e+00   0.0000000e+00   0.0000000e+00   2.1201104e+00   1.1728245e+00   9.5925700e-01   1.3713814e+00   1.3113050e+00   1.2499244e+00   1.2678497e+00   1.2348884e+00   1.0480258e+00   8.9066732e-01   9.4547826e-01   1.8771563e+00   2.0501166e+00   0.0000000e+00   6.8932942e-01   1.4908082e+00   1.7030615e+00   1.7270865e+00   1.5411085e+00   1.4379902e+00   1.4554420e+00   1.3678591e+00   1.1937553e+00   9.4226950e-01   7.3054546e-01   6.4060384e-01   9.4151330e-01
   1.5877286e+00   6.9102867e-01   1.6732332e+00   0.0000000e+00   0.0000000e+00   0.0000000e+00   0.0000000e+00   0.0000000e+00   0.0000000e+00   3.2687444e+00   3.0922942e+00   2.6254816e+00   0.0000000e+00   2.4799540e+00   2.6030617e+00   2.3835861e+00   2.1273451e+00   1.9567472e+00   1.9636114e+00   2.0980873e+00   2.2057660e+00   2.1053023e+00   1.8190604e+00   1.5729730e+00   1.1508345e+00   1.0474144e+00   9.9918115e-01   9.8839224e-01   1.0656894e+00   1.2116513e+00   1.3050458e+00   1.3274665e+00   1.3157268e+00   1.3577735e+00   1.4348869e+00   1.3942802e+00
   3.1719205e+00   3.4516249e+00   3.3733991e+00   0.0000000e+00   0.0000000e+00   0.0000000e+00   0.0000000e+00   0.0000000e+00   0.0000000e+00   0.0000000e+00   4.4417688e+00   4.6352790e+00   4.8953459e+00   3.8636007e+00   3.8263822e+00   3.7061446e+00   3.6797216e+00   3.8866243e+00   4.1919866e+00   4.5508680e+00   4.7134118e+00   4.4686670e+00   4.0634284e+00   3.7961500e+00   3.4220743e+00   3.1647711e+00   3.0839975e+00   3.1570179e+00   3.3027999e+00   3.4198947e+00   3.4556265e+00   3.4226296e+00   3.3391747e+00   3.2616470e+00   3.2255032e+00   3.1893096e+00
   4.2731122e+00   4.5253696e+00   5.0482015e+00   0.0000000e+00   0.0000000e+00   0.0000000e+00   0.0000000e+00   0.0000000e+00   0.0000000e+00   0.0000000e+00   0.0000000e+00   0.0000000e+00   0.0000000e+00   4.3001642e+00   4.2353032e+00   4.0110202e+00   4.3758815e+00   5.0042289e+00   5.5049297e+00   5.9667634e+00   6.1775464e+00   6.2073243e+00   6.0396017e+00   5.6568273e+00   5.2606370e+00   5.1082266e+00   5.0510538e+00   5.0521604e+00   5.1459387e+00   5.2153123e+00   5.1678516e+00   5.0102466e+00   4.7736390e+00   4.5288325e+00   4.3821089e+00   4.3048785e+00
   4.5592508e+00   4.6372206e+00   0.0000000e+00   0.0000000e+00   0.0000000e+00   0.0000000e+00   0.0000000e+00   0.0000000e+00   0.0000000e+00   0.0000000e+00   0.0000000e+00   0.0000000e+00   0.0000000e+00   3.2528817e+00   3.8578062e+00   3.9237146e+00   4.8884358e+00   5.6818646e+00   6.4390530e+00   6.1320720e+00   6.2788396e+00   6.4917884e+00   6.5414348e+00   6.5020299e+00   6.3682022e+00   6.2488585e+00   6.1530957e+00   6.1043906e+00   6.1356778e+00   6.0847864e+00   5.8830371e+00   5.6060338e+00   5.2967992e+00   4.9938278e+00   4.7625027e+00   4.6475129e+00
   4.0032716e+00   3.8981440e+00   0.0000000e+00   0.0000000e+00   0.0000000e+00   0.0000000e+00   0.0000000e+00   0.0000000e+00   0.0000000e+00   0.0000000e+00   0.0000000e+00   0.0000000e+00   0.0000000e+00   2.7401268e+00   3.4248080e+00   3.9827089e+00   4.8237500e+00   5.5430501e+00   0.0000000e+00   4.8873978e+00   5.2236180e+00   5.4785933e+00   5.5633855e+00   5.6677780e+00   5.7609310e+00   5.7871466e+00   5.7585707e+00   5.7586460e+00   5.8353105e+00   5.6794562e+00   5.3013229e+00   4.9638996e+00   4.6138411e+00   4.3270893e+00   4.1591859e+00   4.0516281e+00
   0.0000000e+00   0.0000000e+00   0.0000000e+00   0.0000000e+00   0.0000000e+00   0.0000000e+00   0.0000000e+00   0.0000000e+00   0.0000000e+00   0.0000000e+00   0.0000000e+00   0.0000000e+00   0.0000000e+00   1.9759453e+00   2.5008678e+00   3.0669191e+00   3.4425923e+00   0.0000000e+00   0.0000000e+00   2.5243837e+00   2.9775815e+00   2.9688582e+00   3.0070763e+00   3.2311840e+00   3.5515890e+00   3.8557956e+00   4.0597906e+00   4.2222648e+00   4.2516503e+00   3.8714647e+00   3.3861935e+00   3.1270518e+00   2.8687425e+00   2.6376331e+00   2.5213892e+00   2.6007842e+00
   6.4574601e-01   0.0000000e+00   0.0000000e+00   0.0000000e+00   0.0000000e+00   0.0000000e+00   0.0000000e+00   0.0000000e+00   0.0000000e+00   0.0000000e+00   0.0000000e+00   0.0000000e+00   0.0000000e+00   2.1151699e+00   1.8416655e+00   1.6850792e+00   1.2873267e+00   0.0000000e+00   0.0000000e+00   0.0000000e+00   1.8884536e+00   1.8709659e+00   1.4587195e+00   1.0405898e+00   9.7711253e-01   1.2140706e+00   1.4944291e+00   1.6298854e+00   1.5318160e+00   1.4152163e+00   1.3812165e+00   1.2633581e+00   1.3357446e+00   1.2082942e+00   8.7496805e-01   6.7456758e-01
   1.5801952e+00   1.3966458e+00   1.4275003e+00   0.0000000e+00   0.0000000e+00   0.0000000e+00   0.0000000e+00   0.0000000e+00   0.0000000e+00   0.0000000e+00   0.0000000e+00   0.0000000e+00   0.0000000e+00   2.6876018e+00   0.0000000e+00   0.0000000e+00   0.0000000e+00   0.0000000e+00   0.0000000e+00   0.0000000e+00   0.0000000e+00   2.1877693e+00   2.4187456e+00   2.2956837e+00   2.4283989e+00   2.2908724e+00   2.0588335e+00   2.2636277e+00   2.4047572e+00   2.4696997e+00   2.3687313e+00   2.4400657e+00   2.7004996e+00   1.9122960e+00   1.5504577e+00   1.5567650e+00
