   1.7100803e+00   1.7580216e+00   1.7609910e+00   1.7460189e+00   1.7327528e+00   1.7225938e+00   1.7044798e+00   1.6663123e+00   1.6083474e+00   1.5281589e+00   1.4401683e+00   1.3585254e+00   1.2852464e+00   1.2313778e+00   1.1971628e+00   1.1864033e+00   1.2001299e+00   1.2315018e+00   1.2705212e+00   1.3109298e+00   1.3572551e+00   1.4102798e+00   1.4685090e+00   1.5331629e+00   1.5943857e+00   1.6378077e+00   1.6702285e+00   1.7026881e+00   1.7431856e+00   1.7819729e+00   1.8059561e+00   1.8153190e+00   1.8174844e+00   1.8027763e+00   1.7646676e+00   1.7099828e+00
   2.3655486e+00   2.4023258e+00   2.4321802e+00   2.4592905e+00   2.4929814e+00   2.5012085e+00   2.4760354e+00   2.4173517e+00   2.3140912e+00   2.1574390e+00   1.9700644e+00   1.7918890e+00   1.6371253e+00   1.5405301e+00   1.4625787e+00   1.4039888e+00   1.3858565e+00   1.3707068e+00   1.3448491e+00   1.3441778e+00   1.3937390e+00   1.4808416e+00   1.5735304e+00   1.6692899e+00   1.7454311e+00   1.8143946e+00   1.9031320e+00   2.0475905e+00   2.1892681e+00   2.3333025e+00   2.4812186e+00   2.6108231e+00   2.6837897e+00   2.6844060e+00   2.6251835e+00   2.4680159e+00
   1.0462067e+00   1.0770692e+00   1.1139376e+00   1.1425349e+00   1.1662304e+00   1.1660146e+00   1.1371220e+00   1.0961766e+00   1.0820575e+00   1.0676378e+00   9.7394860e-01   8.3781791e-01   7.1738505e-01   5.9868503e-01   5.5388647e-01   5.6778908e-01   5.7270098e-01   5.6831163e-01   6.0675293e-01   6.6516513e-01   7.5810146e-01   8.8241166e-01   9.1780496e-01   9.2829919e-01   9.1126567e-01   9.0462434e-01   9.3840104e-01   1.0247486e+00   1.0696790e+00   1.1126516e+00   1.1669692e+00   1.2232527e+00   1.2693629e+00   1.2911636e+00   1.2650664e+00   1.1314133e+00
   2.3255229e+00   2.3260111e+00   2.1682005e+00   2.0137000e+00   1.9241499e+00   1.8712552e+00   1.8358212e+00   1.8287240e+00   1.8661369e+00   1.9033555e+00   1.8779151e+00   1.8089243e+00   1.7391514e+00   1.6660206e+00   1.6256605e+00   1.6713725e+00   1.7847491e+00   1.9098692e+00   2.0509732e+00   2.1554252e+00   2.2304027e+00   2.3557992e+00   2.4827088e+00   2.6087754e+00   2.7848701e+00   2.9824080e+00   3.1124430e+00   3.1880596e+00   3.1692028e+00   3.0837944e+00   2.9467590e+00   2.8036575e+00   2.6662438e+00   2.4685898e+00   2.2538914e+00   2.0999074e+00
   5.6166413e+00   5.6209135e+00   5.0976370e+00   4.8577856e+00   4.7550573e+00   4.7851833e+00   4.8185023e+00   4.8011298e+00   4.7412519e+00   4.5923900e+00   4.3930764e+00   4.2084007e+00   4.0232487e+00   3.8427367e+00   3.6927271e+00   3.6062477e+00   3.6223977e+00   3.6978653e+00   3.8212013e+00   3.9456966e+00   4.0411501e+00   4.1668682e+00   4.3745446e+00   4.6208805e+00   4.8970794e+00   5.1640930e+00   5.4292987e+00   5.6714867e+00   5.8172960e+00   5.8978641e+00   5.9628961e+00   6.0339861e+00   6.1152952e+00   6.1108720e+00   5.9369798e+00   5.6207607e+00
   7.1112766e+00   7.1406826e+00   6.1621389e+00   6.0793877e+00   6.2617438e+00   6.4438391e+00   6.5538726e+00   6.5115431e+00   6.3212557e+00   6.0441689e+00   5.7306292e+00   5.4276280e+00   5.1849270e+00   5.0013682e+00   4.8374581e+00   4.6966753e+00   4.6280642e+00   4.6244640e+00   4.6760869e+00   4.7828876e+00   4.8923960e+00   5.0437632e+00   5.2322995e+00   5.4487467e+00   5.7018108e+00   5.9482090e+00   6.2021875e+00   6.4996457e+00   6.7993940e+00   7.0922737e+00   7.3474836e+00   7.5447592e+00   7.7324514e+00   7.7186222e+00   7.6627945e+00   7.4946146e+00
   6.6280723e+00   7.0337133e+00   6.1934185e+00   6.1714392e+00   6.4567132e+00   6.6106553e+00   6.6219258e+00   6.4845862e+00   6.2063122e+00   5.8475585e+00   5.4873672e+00   5.1497512e+00   4.8797231e+00   4.7469802e+00   4.6408610e+00   4.5037003e+00   4.3904676e+00   4.2868767e+00   4.2459998e+00   4.2893543e+00   4.4221630e+00   4.5899591e+00   4.7210016e+00   4.8579416e+00   5.0183349e+00   5.1745372e+00   5.3843226e+00   5.7165556e+00   6.1381979e+00   6.5736389e+00   6.9477320e+00   7.1357899e+00   7.3436146e+00   7.2445760e+00   7.3012118e+00   7.0371432e+00
   4.0671137e+00   5.3844617e+00   5.2489905e+00   5.3395462e+00   5.2244452e+00   5.0911365e+00   4.9073787e+00   4.6543497e+00   4.3640327e+00   4.0156059e+00   3.6832943e+00   3.4043756e+00   3.2083068e+00   3.1031901e+00   3.0275602e+00   2.9096885e+00   2.7742819e+00   2.6091733e+00   2.4872670e+00   2.4808702e+00   2.5929997e+00   2.7288065e+00   2.8301043e+00   2.9095976e+00   2.9509087e+00   3.0464448e+00   3.2951086e+00   3.7005067e+00   4.1888013e+00   4.6539626e+00   4.9644356e+00   4.9852074e+00   4.8783388e+00   4.7847319e+00   4.8623742e+00   4.5157723e+00
   2.4230186e+00   2.4516586e+00   2.9379978e+00   2.9826877e+00   2.7590160e+00   2.5241432e+00   2.2908342e+00   2.0860429e+00   1.9045589e+00   1.6874398e+00   1.4861882e+00   1.3197248e+00   1.2026683e+00   1.1686269e+00   1.1508660e+00   1.0489842e+00   9.0389019e-01   7.4260414e-01   6.5161711e-01   6.4889252e-01   6.8161178e-01   7.1952009e-01   7.3508549e-01   7.4069643e-01   7.7605844e-01   9.7980839e-01   1.3062314e+00   1.6949871e+00   2.0911472e+00   2.4363439e+00   2.6412873e+00   2.5894015e+00   2.5687210e+00   2.5283564e+00   2.2839589e+00   2.7438519e+00
   0.0000000e+00   8.0610036e-01   8.1436080e-01   7.4831402e-01   8.1389034e-01   1.1181985e+00   1.4079733e+00   1.6396062e+00   1.8067769e+00   1.9355572e+00   2.0377915e+00   2.0947618e+00   2.0959725e+00   2.0740166e+00   2.0370183e+00   2.0092552e+00   2.0018735e+00   2.0326145e+00   2.1112604e+00   2.1610842e+00   2.1361179e+00   2.0300291e+00   1.9060254e+00   1.7348360e+00   1.4722757e+00   1.2296242e+00   1.0542698e+00   8.4077656e-01   6.2898636e-01   5.8915919e-01   9.8706436e-01   2.2571628e+00   3.7218919e+00   1.3559507e+00   2.4475791e+00   3.7193814e+00
   0.0000000e+00   0.0000000e+00   2.6724498e+00   3.0062153e+00   3.2947373e+00   3.5743420e+00   3.7841156e+00   3.9183290e+00   3.9945648e+00   4.0548415e+00   4.1157093e+00   4.1243982e+00   4.0674033e+00   3.9672089e+00   3.8667388e+00   3.7544982e+00   3.6675591e+00   3.6525812e+00   3.6971033e+00   3.7346165e+00   3.6852608e+00   3.5198202e+00   3.2513268e+00   2.8466611e+00   2.3882830e+00   2.1604362e+00   2.1215248e+00   2.1205237e+00   2.1658795e+00   2.2348506e+00   2.5674138e+00   3.9887137e+00   0.0000000e+00   2.9125416e+00   5.3094112e+00   0.0000000e+00
   0.0000000e+00   0.0000000e+00   4.6387129e+00   4.8730559e+00   5.0897207e+00   5.3113127e+00   5.4627485e+00   5.5645738e+00   5.6070390e+00   5.6449180e+00   5.6381822e+00   5.5541763e+00   5.4071870e+00   5.2601256e+00   5.1040063e+00   4.8622890e+00   4.6539750e+00   4.5654078e+00   4.5329609e+00   4.4824877e+00   4.3094063e+00   3.9039314e+00   3.4090827e+00   3.0041714e+00   2.8326137e+00   2.9597647e+00   3.1922119e+00   3.4575362e+00   3.7222147e+00   3.9744592e+00   4.4206128e+00   5.2574072e+00   0.0000000e+00   4.9586661e+00   7.1214158e+00   0.0000000e+00
   0.0000000e+00   0.0000000e+00   5.3396568e+00   5.4030638e+00   5.6221943e+00   5.8347025e+00   6.0021291e+00   6.1268206e+00   6.1831923e+00   6.1595697e+00   6.0372767e+00   5.8384604e+00   5.6445122e+00   5.4506841e+00   5.1754184e+00   4.7822933e+00   4.4489846e+00   4.2401257e+00   4.0325737e+00   3.7862320e+00   3.4709361e+00   3.0967402e+00   2.8637583e+00   2.9654713e+00   3.3765411e+00   3.8916550e+00   4.3539395e+00   4.7679343e+00   5.1238422e+00   5.4549069e+00   5.8301768e+00   5.8473725e+00   0.0000000e+00   6.4482498e+00   7.5657370e+00   0.0000000e+00
   0.0000000e+00   0.0000000e+00   4.7690425e+00   4.9015603e+00   5.2061143e+00   5.4220476e+00   5.6639538e+00   5.8161864e+00   5.8451920e+00   5.6977534e+00   5.3795509e+00   5.0276594e+00   4.7658653e+00   4.4923196e+00   4.0898352e+00   3.5924714e+00   3.2118962e+00   2.8860686e+00   2.5725160e+00   2.3754625e+00   2.3356013e+00   2.5094566e+00   2.8455269e+00   3.3928974e+00   4.1149077e+00   4.7797647e+00   5.3045435e+00   5.7341766e+00   6.0875416e+00   6.3894897e+00   6.5754752e+00   6.0954261e+00   0.0000000e+00   7.1158585e+00   6.7643018e+00   0.0000000e+00
   0.0000000e+00   0.0000000e+00   3.4834064e+00   3.8054028e+00   4.0227447e+00   4.1949692e+00   4.4577227e+00   4.5866036e+00   4.5006056e+00   4.1467934e+00   3.6215892e+00   3.1971736e+00   2.9372277e+00   2.6883070e+00   2.4134266e+00   2.2178736e+00   2.1019192e+00   1.9683217e+00   1.8859563e+00   2.0027804e+00   2.3627741e+00   2.9173908e+00   3.5040867e+00   4.1344886e+00   4.8110690e+00   5.3446040e+00   5.7185998e+00   6.0152898e+00   6.2613082e+00   6.4363666e+00   6.4331465e+00   5.9426033e+00   4.7828349e+00   6.7257745e+00   4.7084637e+00   0.0000000e+00
   0.0000000e+00   0.0000000e+00   2.5596450e+00   2.6738701e+00   2.5877700e+00   2.6543257e+00   2.8023593e+00   2.8004305e+00   2.5769553e+00   2.1307511e+00   1.6855996e+00   1.4994638e+00   1.6466115e+00   1.8656762e+00   2.1565039e+00   2.5876026e+00   3.0029967e+00   3.3593831e+00   3.4974456e+00   3.5546789e+00   3.8281908e+00   4.2541814e+00   4.6636558e+00   5.0478954e+00   5.3933134e+00   5.6046147e+00   5.6662660e+00   5.6219988e+00   5.4969487e+00   5.2883315e+00   5.0521040e+00   4.7553188e+00   0.0000000e+00   5.3727694e+00   3.3649862e+00   3.7552012e+00
   0.0000000e+00   0.0000000e+00   1.9501746e+00   1.8208653e+00   1.5131899e+00   1.4538987e+00   1.4657984e+00   1.4065679e+00   1.1483825e+00   9.1286874e-01   9.1267371e-01   1.2036133e+00   1.9048328e+00   2.6030691e+00   3.2757177e+00   3.9874055e+00   4.7099752e+00   5.4556041e+00   5.6508293e+00   5.5949817e+00   5.7515659e+00   6.1324887e+00   6.4506545e+00   6.6597252e+00   6.7131991e+00   6.5923967e+00   6.2934813e+00   5.8278570e+00   5.2486396e+00   4.4753871e+00   3.4835010e+00   2.3913721e+00   0.0000000e+00   4.1341844e+00   3.0838120e+00   3.9492043e+00
   0.0000000e+00   0.0000000e+00   1.7640915e+00   1.3466447e+00   8.3706107e-01   6.9537953e-01   7.3621085e-01   7.5148371e-01   5.7104372e-01   8.3065983e-01   1.2592041e+00   1.6984762e+00   2.5451214e+00   3.3604277e+00   4.0728788e+00   4.7829556e+00   5.5921944e+00   6.5791570e+00   6.8260638e+00   6.4772841e+00   6.6876446e+00   7.1030589e+00   7.4081031e+00   7.5745707e+00   7.5364404e+00   7.2852527e+00   6.8162848e+00   6.1300952e+00   5.2868746e+00   4.1779036e+00   2.6029994e+00   9.6332598e-01   0.0000000e+00   3.1791094e+00   3.3281551e+00   3.8201599e+00
   0.0000000e+00   0.0000000e+00   1.9408458e+00   1.5802830e+00   9.8659194e-01   3.5585998e-01   4.6488241e-01   6.4046733e-01   7.2236774e-01   1.1382446e+00   1.6726551e+00   2.0372546e+00   2.7992479e+00   3.4748929e+00   4.0528898e+00   4.6360916e+00   5.0319232e+00   5.4405550e+00   7.7174215e+00   7.0269099e+00   6.7204458e+00   7.1114813e+00   7.4084817e+00   7.5716410e+00   7.5248814e+00   7.2492529e+00   6.7375971e+00   5.9918778e+00   5.0823978e+00   3.9009585e+00   2.2598545e+00   1.2600051e+00   2.4331278e+00   2.3464183e+00   3.5557750e+00   4.0384720e+00
   0.0000000e+00   0.0000000e+00   1.6128480e+00   2.0204751e+00   1.8210273e+00   1.1104989e+00   7.7484459e-01   8.1855226e-01   7.3874468e-01   9.1879803e-01   1.4575696e+00   1.7522089e+00   2.3586957e+00   2.7508323e+00   2.9919641e+00   3.0643382e+00   3.3307564e+00   0.0000000e+00   0.0000000e+00   0.0000000e+00   5.6844268e+00   6.0282502e+00   6.3255739e+00   6.5255284e+00   6.5911107e+00   6.5076404e+00   6.2331343e+00   5.7308850e+00   4.9989586e+00   3.9641399e+00   2.8052554e+00   2.3119974e+00   1.7501400e+00   1.8528202e+00   3.6219754e+00   4.7156528e+00
   0.0000000e+00   0.0000000e+00   1.9577098e+00   2.4268725e+00   2.5928597e+00   2.0718772e+00   1.4594116e+00   1.3279181e+00   8.7828130e-01   1.0346615e+00   1.2976031e+00   1.3362741e+00   1.6622590e+00   1.7869049e+00   1.6995971e+00   1.1149048e+00   1.3779942e+00   0.0000000e+00   0.0000000e+00   4.3874162e+00   3.9942846e+00   4.3784194e+00   4.8027444e+00   5.2305384e+00   5.6293936e+00   5.8936758e+00   5.9616637e+00   5.7952929e+00   5.3883777e+00   4.7443142e+00   3.8983388e+00   3.0404675e+00   1.5410576e+00   1.9155903e+00   3.4410709e+00   5.2127471e+00
   0.0000000e+00   0.0000000e+00   2.2736880e+00   2.6030145e+00   3.0165634e+00   2.8197649e+00   2.4109837e+00   1.8970188e+00   1.6666940e+00   2.0290437e+00   0.0000000e+00   1.8483404e+00   1.8757317e+00   1.9154091e+00   1.9155630e+00   1.7820688e+00   0.0000000e+00   0.0000000e+00   6.4657628e+00   4.9856534e+00   3.4837942e+00   3.9304295e+00   4.4446712e+00   5.0102239e+00   5.5690780e+00   5.9625111e+00   6.1793370e+00   6.2324448e+00   6.0670915e+00   5.5839067e+00   4.6146383e+00   3.3075321e+00   1.9684241e+00   2.1386888e+00   3.2767544e+00   0.0000000e+00
   0.0000000e+00   0.0000000e+00   2.3081047e+00   2.4425497e+00   3.0625615e+00   3.3515487e+00   3.3298492e+00   0.0000000e+00   0.0000000e+00   0.0000000e+00   0.0000000e+00   2.5782871e+00   2.8320894e+00   2.9819658e+00   3.1155612e+00   3.5388350e+00   4.9383725e+00   5.8321992e+00   5.5758038e+00   4.4400339e+00   3.8788512e+00   4.0710773e+00   4.3100176e+00   4.6441579e+00   5.1065207e+00   5.5451112e+00   5.9439340e+00   6.2942624e+00   6.4155822e+00   6.1443729e+00   5.2194362e+00   3.5447898e+00   2.0257516e+00   2.1370051e+00   2.6806515e+00   0.0000000e+00
   0.0000000e+00   0.0000000e+00   2.2729522e+00   2.1908143e+00   2.9595993e+00   3.7506974e+00   4.2046836e+00   0.0000000e+00   0.0000000e+00   0.0000000e+00   0.0000000e+00   3.2892933e+00   3.6155984e+00   3.9005334e+00   4.0225334e+00   4.3584676e+00   5.2694197e+00   5.4055467e+00   5.0537786e+00   4.4791536e+00   4.3273368e+00   4.2489429e+00   4.1453538e+00   4.1269021e+00   4.2954416e+00   4.6089673e+00   5.0370512e+00   5.5060453e+00   5.8448801e+00   5.9520807e+00   5.5384488e+00   3.9027631e+00   1.7603829e+00   1.6385961e+00   0.0000000e+00   0.0000000e+00
   0.0000000e+00   0.0000000e+00   2.3424780e+00   1.7699180e+00   2.6014757e+00   3.8095851e+00   4.7007563e+00   0.0000000e+00   0.0000000e+00   0.0000000e+00   0.0000000e+00   3.7986199e+00   3.9494128e+00   4.2343421e+00   4.3576484e+00   4.4136319e+00   4.6600108e+00   4.6564465e+00   4.5461993e+00   4.5136204e+00   4.5447097e+00   4.3775120e+00   4.0849810e+00   3.7976022e+00   3.6176596e+00   3.6037805e+00   3.8131363e+00   4.1619043e+00   4.5551257e+00   4.9722471e+00   5.2616720e+00   4.4331530e+00   2.2735720e+00   0.0000000e+00   0.0000000e+00   0.0000000e+00
   0.0000000e+00   0.0000000e+00   0.0000000e+00   1.1059170e+00   1.7764579e+00   2.9982820e+00   4.3183289e+00   5.0011019e+00   0.0000000e+00   0.0000000e+00   0.0000000e+00   3.6681804e+00   3.3864048e+00   3.6052861e+00   3.8094344e+00   3.7184420e+00   3.6230090e+00   3.5989335e+00   3.6665888e+00   3.9289186e+00   4.0863857e+00   4.0514026e+00   3.8535414e+00   3.5468154e+00   3.2245984e+00   2.9968512e+00   2.9360359e+00   2.9922180e+00   3.1178255e+00   3.4432974e+00   4.0935578e+00   4.7934712e+00   0.0000000e+00   0.0000000e+00   0.0000000e+00   0.0000000e+00
   0.0000000e+00   0.0000000e+00   0.0000000e+00   0.0000000e+00   9.4337404e-01   1.4616359e+00   2.9406018e+00   4.0301075e+00   0.0000000e+00   0.0000000e+00   0.0000000e+00   0.0000000e+00   2.5544328e+00   2.4262426e+00   2.5949235e+00   2.5281594e+00   2.2949305e+00   2.2502100e+00   2.4204645e+00   2.7468278e+00   2.9970980e+00   3.1431243e+00   3.1528206e+00   2.9996390e+00   2.7598894e+00   2.5297971e+00   2.3415406e+00   2.1465051e+00   1.9449017e+00   1.9765080e+00   2.7080653e+00   4.1776197e+00   0.0000000e+00   0.0000000e+00   0.0000000e+00   0.0000000e+00
   0.0000000e+00   0.0000000e+00   0.0000000e+00   0.0000000e+00   1.7236068e+00   1.0381927e+00   9.7091436e-01   1.9401376e+00   2.9927155e+00   0.0000000e+00   0.0000000e+00   0.0000000e+00   0.0000000e+00   1.1602451e+00   1.0788898e+00   8.9526552e-01   6.7885780e-01   7.3145384e-01   8.9867908e-01   1.0229573e+00   1.1263354e+00   1.3106189e+00   1.4896411e+00   1.5581384e+00   1.5242670e+00   1.4022051e+00   1.1698411e+00   8.1056309e-01   6.7219102e-01   1.0079200e+00   2.1796377e+00   3.2248106e+00   0.0000000e+00   0.0000000e+00   0.0000000e+00   0.0000000e+00
   0.0000000e+00   0.0000000e+00   0.0000000e+00   0.0000000e+00   3.0040471e+00   2.8104503e+00   1.7578672e+00   1.0386757e+00   1.6893344e+00   0.0000000e+00   0.0000000e+00   0.0000000e+00   5.7729990e-01   4.4980503e-01   7.3399162e-01   1.0425099e+00   1.2593060e+00   1.4669145e+00   1.5031340e+00   1.3321712e+00   1.0629337e+00   8.4178281e-01   7.0957020e-01   6.1492956e-01   5.7874107e-01   6.0246878e-01   6.4931422e-01   7.6375914e-01   1.1856439e+00   1.9666471e+00   3.3005264e+00   4.2669271e+00   0.0000000e+00   0.0000000e+00   0.0000000e+00   0.0000000e+00
   0.0000000e+00   0.0000000e+00   0.0000000e+00   0.0000000e+00   3.5475793e+00   3.9825706e+00   3.4173565e+00   2.1876917e+00   1.0059810e+00   5.4610342e-01   0.0000000e+00   0.0000000e+00   6.2148333e-01   1.1474253e+00   1.7983594e+00   2.3690739e+00   2.6158593e+00   2.6271157e+00   2.7382500e+00   2.6635511e+00   2.5206077e+00   2.3244970e+00   2.1809552e+00   2.0775754e+00   2.0149212e+00   2.0931325e+00   2.2707670e+00   2.5312352e+00   2.8617191e+00   3.4372656e+00   4.6670717e+00   0.0000000e+00   0.0000000e+00   0.0000000e+00   0.0000000e+00   0.0000000e+00
   0.0000000e+00   0.0000000e+00   0.0000000e+00   0.0000000e+00   3.3573439e+00   3.7633815e+00   3.9127817e+00   3.2589721e+00   1.9604462e+00   7.6529816e-01   5.2856875e-01   4.7270527e-01   1.0256312e+00   1.9549063e+00   2.6079103e+00   3.2648041e+00   3.2461618e+00   3.0669439e+00   2.8637723e+00   2.9311973e+00   3.0824239e+00   3.1879818e+00   3.2757298e+00   3.3424134e+00   3.4001901e+00   3.4757284e+00   3.6129846e+00   3.8095381e+00   3.9665401e+00   4.0947981e+00   0.0000000e+00   0.0000000e+00   0.0000000e+00   0.0000000e+00   0.0000000e+00   0.0000000e+00
   0.0000000e+00   0.0000000e+00   0.0000000e+00   0.0000000e+00   0.0000000e+00   2.9632859e+00   2.9897289e+00   3.2241626e+00   2.7721722e+00   1.9123158e+00   1.3219690e+00   1.3600487e+00   1.9208677e+00   2.5848992e+00   2.8325117e+00   0.0000000e+00   0.0000000e+00   3.0739816e+00   2.4868595e+00   2.6141021e+00   2.9338896e+00   3.2510860e+00   3.4869003e+00   3.6675322e+00   3.8252983e+00   3.9465559e+00   4.0514746e+00   4.1550770e+00   4.1712599e+00   4.2154484e+00   0.0000000e+00   0.0000000e+00   0.0000000e+00   0.0000000e+00   0.0000000e+00   0.0000000e+00
   0.0000000e+00   0.0000000e+00   0.0000000e+00   0.0000000e+00   0.0000000e+00   1.9612296e+00   1.3049693e+00   1.8667694e+00   2.2746794e+00   2.2492623e+00   2.1093571e+00   2.1526966e+00   2.4768860e+00   2.8476147e+00   0.0000000e+00   0.0000000e+00   0.0000000e+00   0.0000000e+00   1.9048422e+00   2.0456772e+00   2.3171322e+00   2.5610902e+00   2.7930641e+00   2.9760325e+00   3.1207716e+00   3.2424519e+00   3.3462734e+00   3.3996465e+00   3.4074347e+00   3.7341697e+00   0.0000000e+00   0.0000000e+00   0.0000000e+00   0.0000000e+00   0.0000000e+00   0.0000000e+00
   0.0000000e+00   0.0000000e+00   0.0000000e+00   0.0000000e+00   0.0000000e+00   1.8758911e+00   5.2545085e-01   6.5032039e-01   1.0503751e+00   1.3517880e+00   1.6151689e+00   1.8617826e+00   2.1292937e+00   2.0072212e+00   0.0000000e+00   0.0000000e+00   0.0000000e+00   0.0000000e+00   8.9768281e-01   1.1411046e+00   1.2616534e+00   1.3653581e+00   1.4854331e+00   1.6003935e+00   1.6904180e+00   1.7838632e+00   1.8628107e+00   1.9108961e+00   1.9468669e+00   1.6310655e+00   0.0000000e+00   0.0000000e+00   0.0000000e+00   0.0000000e+00   0.0000000e+00   0.0000000e+00
   0.0000000e+00   0.0000000e+00   0.0000000e+00   0.0000000e+00   0.0000000e+00   0.0000000e+00   0.0000000e+00   0.0000000e+00   0.0000000e+00   5.2164988e-01   7.2055978e-01   1.0045186e+00   1.2062677e+00   1.0851833e+00   7.8802920e-01   4.2528836e-01   0.0000000e+00   3.6593939e-01   2.6609609e-01   2.9245007e-01   3.1471789e-01   3.6692178e-01   3.9788425e-01   4.2273307e-01   4.5967749e-01   5.0414926e-01   5.9579885e-01   7.0851713e-01   8.4662516e-01   9.6543962e-01   0.0000000e+00   0.0000000e+00   0.0000000e+00   0.0000000e+00   0.0000000e+00   0.0000000e+00
   0.0000000e+00   0.0000000e+00   0.0000000e+00   0.0000000e+00   0.0000000e+00   0.0000000e+00   0.0000000e+00   0.0000000e+00   0.0000000e+00   0.0000000e+00   1.0539218e+00   9.7859516e-01   1.0014551e+00   9.5463211e-01   8.8257311e-01   7.8948626e-01   6.5531769e-01   4.7636018e-01   3.2313804e-01   2.7954030e-01   2.8399528e-01   3.0631185e-01   3.2393439e-01   4.1862763e-01   5.0243209e-01   5.4648563e-01   5.9916300e-01   5.6193680e-01   6.7422366e-01   0.0000000e+00   0.0000000e+00   0.0000000e+00   0.0000000e+00   0.0000000e+00   0.0000000e+00   0.0000000e+00
