  -9.8128752e-03
  -7.7660214e-03
  -0.0000000e+00
  -4.2627822e-03
  -5.0543461e-03
  -0.0000000e+00
  -7.1998288e-03
  -1.4926526e-02
  -1.4592731e-02
  -1.3502569e-02
  -1.4469366e-02
  -1.8151085e-02
  -0.0000000e+00
  -1.7915161e-02
  -2.1028035e-02
  -2.1046433e-02
  -1.8793935e-02
  -1.9605867e-02
  -2.3791587e-02
  -1.5668082e-02
  -1.6353706e-02
  -1.5764780e-02
  -1.5315614e-02
  -1.5510910e-02
   0.0000000e+00
   0.0000000e+00
   0.0000000e+00
   0.0000000e+00
   0.0000000e+00
   0.0000000e+00
   0.0000000e+00
   0.0000000e+00
   0.0000000e+00
   0.0000000e+00
   0.0000000e+00
  -0.0000000e+00
  -1.3222321e-02
  -7.4093729e-03
  -3.7525527e-03
  -2.9661554e-03
  -3.4814107e-03
  -3.5196441e-03
  -7.1829369e-03
  -7.3702871e-03
  -5.2946801e-03
  -2.6387705e-03
  -1.6104036e-03
  -3.5327310e-03
  -5.8812946e-03
  -6.5279105e-03
  -6.7126611e-03
  -8.2409540e-03
  -8.2437312e-03
  -1.0151281e-02
  -4.4985636e-03
  -4.5796582e-03
  -2.0491744e-03
  -1.8441619e-03
  -4.2168223e-03
  -6.8718834e-03
  -1.1263287e-02
  -1.4347710e-02
  -1.5272318e-02
  -1.5100215e-02
  -9.0405842e-03
  -1.0288158e-02
  -1.3116507e-02
  -1.5255972e-02
  -1.3765031e-02
  -1.6585424e-02
  -2.0682788e-02
  -2.0469572e-02
  -2.7507430e-03
   4.4148646e-03
   2.1427574e-03
   5.7526267e-03
   6.8358749e-03
   5.8533652e-03
   5.9746113e-03
   9.1584437e-03
   1.3693431e-02
   1.7759532e-02
   2.3163775e-02
   2.6600476e-02
   2.6736232e-02
   2.7764272e-02
   2.8566366e-02
   2.8694723e-02
   2.8382536e-02
   2.7273549e-02
   2.8182544e-02
   2.6727793e-02
   2.6070729e-02
   2.5898447e-02
   2.1215973e-02
   1.5951814e-02
   1.1843704e-02
   1.1033468e-02
   1.3081755e-02
   1.5027661e-02
   1.6238596e-02
   1.5009903e-02
   1.1193540e-02
   7.4015139e-03
   5.4923203e-03
   5.3104367e-03
   6.2340107e-03
  -2.0159208e-03
   0.0000000e+00
   0.0000000e+00
   0.0000000e+00
   0.0000000e+00
   0.0000000e+00
   1.2087208e-02
   1.8001758e-02
   2.5145549e-02
   2.4521769e-02
   3.1498310e-02
   4.0899981e-02
   5.1138211e-02
   5.6026548e-02
   5.8871176e-02
   6.2283609e-02
   6.4946562e-02
   6.6586360e-02
   6.6969179e-02
   6.4376603e-02
   3.8096197e-02
   3.9317079e-02
   4.7768496e-02
   4.9590990e-02
   4.7627959e-02
   4.6438433e-02
   4.6737559e-02
   4.8973896e-02
   4.9382128e-02
   4.6576340e-02
   4.3157145e-02
   3.8878832e-02
   3.5556518e-02
   3.4889717e-02
   3.7102185e-02
   3.9537698e-02
   3.5398424e-02
   0.0000000e+00
   0.0000000e+00
   0.0000000e+00
   0.0000000e+00
   0.0000000e+00
   2.4395688e-02
   2.8670086e-02
   3.5007181e-02
   4.2889512e-02
   4.5994695e-02
   5.0229628e-02
   5.9055589e-02
   6.6796757e-02
   7.2376929e-02
   7.7021345e-02
   8.0816448e-02
   8.3313175e-02
   8.2155012e-02
   7.0516805e-02
   0.0000000e+00
   4.1089560e-02
   5.8657251e-02
   6.8917215e-02
   7.3694870e-02
   7.5481892e-02
   7.4571557e-02
   7.2558880e-02
   6.7714825e-02
   6.1802283e-02
   5.7731006e-02
   5.4928597e-02
   5.3821497e-02
   5.5734433e-02
   5.8960877e-02
   5.7885740e-02
   4.9333343e-02
   0.0000000e+00
   0.0000000e+00
   0.0000000e+00
   0.0000000e+00
   0.0000000e+00
   3.6882861e-02
   3.7678538e-02
   4.0524551e-02
   4.4864069e-02
   4.6949293e-02
   4.7359848e-02
   5.1246709e-02
   5.7250008e-02
   6.3205130e-02
   6.8746981e-02
   7.3009696e-02
   7.6082969e-02
   7.3730697e-02
   5.9337611e-02
   0.0000000e+00
   0.0000000e+00
   5.1131229e-02
   6.8573416e-02
   8.0510643e-02
   8.4664819e-02
   7.7439377e-02
   7.0725040e-02
   5.9648478e-02
   5.0774890e-02
   5.2674412e-02
   5.3607817e-02
   5.6363425e-02
   6.0147274e-02
   6.3954335e-02
   6.1915021e-02
   5.4496346e-02
   4.6297621e-02
   0.0000000e+00
   0.0000000e+00
   0.0000000e+00
   4.4790217e-02
   4.8860583e-02
   4.5286294e-02
   4.2084079e-02
   4.0060069e-02
   3.7071519e-02
   3.4431722e-02
   3.5109371e-02
   3.8610291e-02
   4.3003719e-02
   4.7466710e-02
   5.1659577e-02
   5.3711623e-02
   5.0631486e-02
   3.7725709e-02
   0.0000000e+00
   0.0000000e+00
   2.7822670e-02
   4.9032822e-02
   6.6218868e-02
   7.0222884e-02
   5.4524980e-02
   3.8691230e-02
   0.0000000e+00
   2.5453618e-02
   3.3120397e-02
   3.8235463e-02
   4.3958675e-02
   5.0285220e-02
   5.3868469e-02
   5.1799670e-02
   4.9421422e-02
   3.3692679e-02
   3.4942413e-02
   2.9957949e-02
   0.0000000e+00
   3.9826109e-02
   4.2725660e-02
   3.7842643e-02
   3.1031704e-02
   2.4594016e-02
   1.9057894e-02
   1.5988912e-02
   1.5448166e-02
   1.6556822e-02
   1.8503185e-02
   2.1410732e-02
   2.3918927e-02
   2.3839352e-02
   1.9748336e-02
   1.0755370e-02
   7.8919585e-03
   0.0000000e+00
   0.0000000e+00
   2.1057717e-02
   3.7898157e-02
   3.8025424e-02
   1.9211444e-02
   3.0438690e-02
   0.0000000e+00
   3.5478314e-04
   1.1709669e-02
   2.0986315e-02
   2.6018181e-02
   3.0627880e-02
   3.0913744e-02
   2.9081021e-02
   2.9960312e-02
   1.3469513e-02
   1.9782843e-02
   2.1742755e-02
   1.9143233e-02
   2.3000112e-02
   2.3552950e-02
   1.8715419e-02
   1.2413951e-02
   6.4976714e-03
   2.0631910e-03
  -1.5512315e-04
  -1.2092851e-03
  -1.4726312e-03
  -6.5687398e-04
   9.7100897e-04
   1.9539585e-03
   5.1905814e-04
  -3.9353333e-03
  -8.7512471e-03
  -8.0061518e-03
   0.0000000e+00
  -0.0000000e+00
  -5.8526068e-04
   1.4273796e-02
   9.8888045e-03
  -8.0391733e-03
   0.0000000e+00
   0.0000000e+00
  -0.0000000e+00
   4.4585671e-03
   7.4448963e-03
   9.9744536e-03
   1.0267190e-02
   7.9988167e-03
   5.9621651e-03
   7.3726685e-03
  -1.3664308e-02
  -7.0199929e-03
  -5.7995162e-03
  -8.0272022e-03
  -4.9309372e-03
  -5.0036502e-03
  -7.8940634e-03
  -1.1413820e-02
  -1.4480351e-02
  -1.6292937e-02
  -1.7297009e-02
  -1.8666992e-02
  -1.9280568e-02
  -1.9037643e-02
  -1.8372854e-02
  -1.8951040e-02
  -2.2243725e-02
  -2.7937604e-02
  -2.3925714e-02
  -1.3773185e-02
   0.0000000e+00
  -0.0000000e+00
  -2.0634255e-02
  -1.0175162e-02
  -1.7053492e-02
  -1.7169116e-02
   0.0000000e+00
   0.0000000e+00
  -0.0000000e+00
   0.0000000e+00
  -9.0043778e-03
  -1.0447686e-02
  -1.3513682e-02
  -1.7513257e-02
  -2.0373391e-02
  -1.9293319e-02
  -3.2054864e-02
  -2.5359798e-02
  -1.8172152e-02
  -1.9612210e-02
  -2.1280937e-02
  -2.1441862e-02
  -2.3095908e-02
  -2.5155084e-02
  -2.6178647e-02
  -2.5934810e-02
  -2.6324244e-02
  -2.7622610e-02
  -2.8343983e-02
  -2.8764592e-02
  -2.9322118e-02
  -3.2057408e-02
  -3.7713259e-02
  -4.3426909e-02
  -2.7197205e-02
  -8.6542713e-03
   0.0000000e+00
   0.0000000e+00
  -0.0000000e+00
  -2.6219709e-02
  -3.0882087e-02
  -1.7292764e-02
   0.0000000e+00
   0.0000000e+00
   0.0000000e+00
   0.0000000e+00
  -2.0391963e-02
  -2.4466636e-02
  -2.8490448e-02
  -3.3255789e-02
  -3.7048236e-02
  -3.6662899e-02
  -4.5174729e-02
  -3.7631765e-02
  -2.9165989e-02
  -2.7579311e-02
  -2.8947748e-02
  -2.9761028e-02
  -3.1397887e-02
  -3.2406610e-02
  -3.1892478e-02
  -3.0614952e-02
  -3.0619411e-02
  -3.1910203e-02
  -3.3449750e-02
  -3.5797883e-02
  -3.9410070e-02
  -4.5348685e-02
  -5.2285433e-02
  -5.4850649e-02
  -3.2333946e-02
  -1.2547752e-02
   0.0000000e+00
   0.0000000e+00
  -0.0000000e+00
  -3.8654052e-02
  -3.8753580e-02
  -1.8235485e-02
   0.0000000e+00
   0.0000000e+00
  -0.0000000e+00
  -2.0417851e-02
  -3.1488277e-02
  -3.6371242e-02
  -3.9514028e-02
  -4.3894447e-02
  -4.8287600e-02
  -4.9038846e-02
  -4.7252323e-02
  -3.7904762e-02
  -2.8430102e-02
  -2.6102936e-02
  -2.7531575e-02
  -2.9439615e-02
  -3.1570829e-02
  -3.2154411e-02
  -3.1617861e-02
  -3.1209160e-02
  -3.2278433e-02
  -3.4659725e-02
  -3.8389541e-02
  -4.3295469e-02
  -4.9467236e-02
  -5.6122612e-02
  -6.0421571e-02
  -5.7990544e-02
  -4.4115610e-02
   0.0000000e+00
   0.0000000e+00
   0.0000000e+00
  -0.0000000e+00
  -4.5244031e-02
  -4.0263765e-02
  -1.5174650e-02
   0.0000000e+00
   0.0000000e+00
  -0.0000000e+00
  -3.3825237e-02
  -4.0075704e-02
  -4.3674484e-02
  -4.4975102e-02
  -4.7132198e-02
  -5.0715644e-02
  -5.1901195e-02
  -4.0523700e-02
  -3.0231789e-02
  -2.1442251e-02
  -1.9201046e-02
  -2.1096753e-02
  -2.4135631e-02
  -2.6945699e-02
  -2.8459925e-02
  -2.9957896e-02
  -3.2759547e-02
  -3.6862783e-02
  -4.1754689e-02
  -4.7629021e-02
  -5.3239524e-02
  -5.8349401e-02
  -6.1336253e-02
  -5.9763048e-02
  -5.0436035e-02
  -3.1752912e-02
   0.0000000e+00
   0.0000000e+00
   0.0000000e+00
  -0.0000000e+00
  -4.5368090e-02
  -3.6111075e-02
  -9.9801709e-03
   0.0000000e+00
   0.0000000e+00
  -0.0000000e+00
  -3.9349865e-02
  -4.2203702e-02
  -4.6577428e-02
  -4.5783415e-02
  -4.4707671e-02
  -4.5901984e-02
  -4.6080213e-02
  -2.7144341e-02
  -1.8275840e-02
  -1.0827095e-02
  -9.7781895e-03
  -1.2715127e-02
  -1.6468700e-02
  -2.0386951e-02
  -2.4225799e-02
  -2.9304326e-02
  -3.6701206e-02
  -4.4605147e-02
  -5.2001119e-02
  -5.8687601e-02
  -6.2607266e-02
  -6.3152134e-02
  -5.9096944e-02
  -4.9353849e-02
  -2.9886581e-02
  -6.4310080e-03
   0.0000000e+00
   0.0000000e+00
   0.0000000e+00
  -0.0000000e+00
  -3.7924304e-02
  -2.6885752e-02
  -4.8807072e-03
   0.0000000e+00
   0.0000000e+00
  -0.0000000e+00
  -4.0864050e-02
  -3.8160522e-02
  -4.7113595e-02
  -4.1797937e-02
  -3.7097134e-02
  -3.4606937e-02
  -3.2258283e-02
  -1.3643876e-02
  -7.9656597e-03
  -3.1015889e-03
  -4.6576550e-03
  -8.3384160e-03
  -1.2484387e-02
  -1.7276077e-02
  -2.2300515e-02
  -2.8848967e-02
  -3.7712373e-02
  -4.6647955e-02
  -5.4284114e-02
  -5.9954256e-02
  -6.1582983e-02
  -5.8206599e-02
  -4.8605721e-02
  -3.2868598e-02
  -1.0162034e-02
   0.0000000e+00
   0.0000000e+00
   0.0000000e+00
   0.0000000e+00
   0.0000000e+00
  -0.0000000e+00
  -1.6027270e-02
  -1.8454229e-03
   0.0000000e+00
   0.0000000e+00
  -0.0000000e+00
  -3.9353202e-02
  -2.9788531e-02
  -2.9910251e-02
  -0.0000000e+00
  -2.6766013e-02
  -2.1398460e-02
  -1.7199224e-02
  -6.7738253e-03
  -4.0659872e-03
  -2.4008292e-03
  -7.0335623e-03
  -1.1809286e-02
  -1.7230116e-02
  -2.3270724e-02
  -2.9090807e-02
  -3.5381395e-02
  -4.2282205e-02
  -4.8225988e-02
  -5.2322913e-02
  -5.4016724e-02
  -5.2026313e-02
  -4.5834053e-02
  -3.3947580e-02
  -1.7347336e-02
   3.0242940e-03
   0.0000000e+00
   0.0000000e+00
   0.0000000e+00
   0.0000000e+00
  -0.0000000e+00
  -1.8330541e-02
  -5.1615681e-03
   6.6531408e-03
   0.0000000e+00
   0.0000000e+00
   0.0000000e+00
  -0.0000000e+00
  -1.7418923e-02
  -7.9919472e-03
  -0.0000000e+00
  -1.9360907e-02
  -1.2659756e-02
  -8.1699900e-03
  -5.5434668e-03
  -6.9852341e-03
  -6.8840386e-03
  -1.4184959e-02
  -1.9759986e-02
  -2.6110622e-02
  -3.2898415e-02
  -3.9089187e-02
  -4.4572437e-02
  -4.8842011e-02
  -5.1055157e-02
  -5.1313562e-02
  -4.9662755e-02
  -4.5323206e-02
  -3.7829003e-02
  -2.6313186e-02
  -1.2113838e-02
   5.1867071e-03
   1.2652435e-02
   0.0000000e+00
   0.0000000e+00
  -0.0000000e+00
  -2.6390444e-02
  -7.5739255e-03
   8.8112418e-03
   1.7192567e-02
   0.0000000e+00
   0.0000000e+00
   0.0000000e+00
  -0.0000000e+00
  -7.2405590e-03
   3.5617212e-03
   0.0000000e+00
  -0.0000000e+00
  -7.7321413e-03
  -4.7625584e-03
   0.0000000e+00
  -1.2314641e-02
  -1.2658319e-02
  -1.8491045e-02
  -2.5519441e-02
  -3.0007692e-02
  -3.4708265e-02
  -3.9335008e-02
  -4.3697710e-02
  -4.7093233e-02
  -4.8810607e-02
  -4.8960069e-02
  -4.7959240e-02
  -4.4911256e-02
  -3.9007119e-02
  -3.0473314e-02
  -2.2497025e-02
  -1.0626935e-02
  -8.5174596e-04
   0.0000000e+00
   0.0000000e+00
  -0.0000000e+00
  -1.5427054e-02
   2.8862764e-03
   0.0000000e+00
   0.0000000e+00
   0.0000000e+00
   0.0000000e+00
   0.0000000e+00
   0.0000000e+00
   1.0601028e-04
   8.8756838e-03
   0.0000000e+00
   0.0000000e+00
  -1.1635795e-03
  -8.0798642e-04
  -1.2287904e-02
  -1.6647438e-02
  -1.9396279e-02
  -1.9273159e-02
  -2.9992583e-02
  -3.1948473e-02
  -3.3700075e-02
  -3.6098987e-02
  -3.9273299e-02
  -4.2175446e-02
  -4.3626633e-02
  -4.3792710e-02
  -4.3993402e-02
  -4.4676930e-02
  -4.5268334e-02
  -4.4139355e-02
  -4.3279823e-02
  -3.7190106e-02
  -2.4232499e-02
   0.0000000e+00
  -0.0000000e+00
  -3.4138357e-02
  -8.4703183e-03
   1.2122504e-02
   0.0000000e+00
   0.0000000e+00
   0.0000000e+00
   0.0000000e+00
   0.0000000e+00
   0.0000000e+00
   0.0000000e+00
   1.3059518e-02
   0.0000000e+00
   0.0000000e+00
   0.0000000e+00
   4.5344035e-03
  -0.0000000e+00
  -0.0000000e+00
  -3.1901769e-02
  -4.0132570e-02
  -4.1400217e-02
  -4.1610047e-02
  -4.1510954e-02
  -4.2333536e-02
  -4.4927292e-02
  -4.8534490e-02
  -5.1085271e-02
  -5.2103810e-02
  -5.1507935e-02
  -4.9569540e-02
  -4.9102534e-02
  -5.2651562e-02
  -5.9073653e-02
  -6.3685544e-02
  -6.6527117e-02
   0.0000000e+00
  -0.0000000e+00
  -4.0854599e-02
  -9.5541999e-03
   1.4612452e-02
   0.0000000e+00
   0.0000000e+00
   0.0000000e+00
   0.0000000e+00
   0.0000000e+00
   0.0000000e+00
   0.0000000e+00
   1.6053295e-02
   0.0000000e+00
   0.0000000e+00
   0.0000000e+00
   0.0000000e+00
  -0.0000000e+00
  -4.2127855e-02
  -4.5362037e-02
  -5.2920558e-02
  -5.6200627e-02
  -5.7318896e-02
  -5.7594042e-02
  -5.8821101e-02
  -6.2347353e-02
  -6.7960106e-02
  -7.2933145e-02
  -7.5499363e-02
  -7.3129945e-02
  -6.3843086e-02
  -5.0644953e-02
  -4.3468874e-02
  -5.0946516e-02
  -6.9732097e-02
  -8.9572806e-02
  -8.5077304e-02
  -6.1366138e-02
  -4.8833609e-02
  -2.0172559e-02
   7.2155078e-03
   0.0000000e+00
   0.0000000e+00
   0.0000000e+00
   0.0000000e+00
   0.0000000e+00
   0.0000000e+00
   0.0000000e+00
   1.7552072e-02
   0.0000000e+00
   0.0000000e+00
   0.0000000e+00
   0.0000000e+00
  -0.0000000e+00
  -4.5660641e-02
  -5.3069279e-02
  -6.1173264e-02
  -6.5892860e-02
  -6.8179600e-02
  -6.9797121e-02
  -7.1947865e-02
  -7.6035120e-02
  -8.2250416e-02
  -8.7918602e-02
  -9.0400569e-02
  -8.6271219e-02
  -7.3182978e-02
  -5.1373407e-02
  -2.7644439e-02
  -1.8919310e-02
  -5.9168984e-02
  -7.3170535e-02
  -6.9921993e-02
  -5.9995573e-02
  -5.4214008e-02
  -3.7450466e-02
  -1.3650097e-02
   0.0000000e+00
   0.0000000e+00
   0.0000000e+00
   0.0000000e+00
   0.0000000e+00
   0.0000000e+00
   0.0000000e+00
   1.7565167e-02
   0.0000000e+00
   0.0000000e+00
   0.0000000e+00
   0.0000000e+00
  -0.0000000e+00
  -4.5458537e-02
  -5.3126264e-02
  -6.1757483e-02
  -6.7756183e-02
  -7.1733229e-02
  -7.3797919e-02
  -7.4843377e-02
  -7.6772161e-02
  -8.0565237e-02
  -8.4975272e-02
  -8.7119102e-02
  -8.2859129e-02
  -6.8988129e-02
  -4.4531040e-02
  -1.5270682e-02
  -1.0595579e-02
  -0.0000000e+00
  -4.9964350e-02
  -5.1247809e-02
  -5.0631799e-02
  -5.3500611e-02
  -5.1057730e-02
  -3.8107950e-02
   0.0000000e+00
   0.0000000e+00
   0.0000000e+00
   0.0000000e+00
   0.0000000e+00
   0.0000000e+00
  -9.8077947e-03
   1.1136774e-02
   0.0000000e+00
   0.0000000e+00
   0.0000000e+00
   0.0000000e+00
  -0.0000000e+00
  -3.9420166e-02
  -4.6704978e-02
  -5.5292077e-02
  -6.1738607e-02
  -6.5883167e-02
  -6.6493124e-02
  -6.5455824e-02
  -6.4436801e-02
  -6.5099873e-02
  -6.7571811e-02
  -6.8926357e-02
  -6.5520227e-02
  -5.3837150e-02
  -3.0733112e-02
  -5.4728124e-03
  -1.7687508e-02
  -0.0000000e+00
  -3.0065887e-02
  -3.2207169e-02
  -3.5928238e-02
  -4.3830927e-02
  -5.2688744e-02
  -5.1982847e-02
   0.0000000e+00
   0.0000000e+00
   0.0000000e+00
   0.0000000e+00
   0.0000000e+00
  -0.0000000e+00
  -2.7912702e-02
   3.2653808e-04
   0.0000000e+00
   0.0000000e+00
   0.0000000e+00
   0.0000000e+00
   0.0000000e+00
  -0.0000000e+00
  -3.1575970e-02
  -3.9163500e-02
  -4.3912061e-02
  -4.5583293e-02
  -4.4276573e-02
  -4.2576794e-02
  -4.1342415e-02
  -4.2001795e-02
  -4.3923028e-02
  -4.4902697e-02
  -4.2599581e-02
  -3.3625193e-02
  -1.3735586e-02
   5.3052143e-03
  -0.0000000e+00
  -2.2401823e-02
  -8.5670426e-03
  -1.2397137e-02
  -1.8311817e-02
  -2.7407143e-02
  -4.1020557e-02
  -4.4262414e-02
   0.0000000e+00
   0.0000000e+00
   0.0000000e+00
  -0.0000000e+00
  -0.0000000e+00
  -0.0000000e+00
  -3.5200833e-02
   0.0000000e+00
   0.0000000e+00
   0.0000000e+00
   0.0000000e+00
   0.0000000e+00
   0.0000000e+00
  -0.0000000e+00
  -9.2749745e-03
  -1.4840883e-02
  -1.7299438e-02
  -1.6279202e-02
  -1.4409406e-02
  -1.3323324e-02
  -1.3734145e-02
  -1.6783928e-02
  -2.0048633e-02
  -2.2038065e-02
  -2.1087851e-02
  -1.3962916e-02
   3.4908969e-03
   1.3790600e-02
  -0.0000000e+00
   1.6516501e-03
   8.1870897e-03
   8.5631199e-03
  -5.7752518e-04
  -9.4675440e-03
  -2.2798518e-02
  -3.5613909e-02
   0.0000000e+00
   0.0000000e+00
  -0.0000000e+00
  -9.8819629e-03
  -1.3378556e-02
  -8.6397633e-03
   0.0000000e+00
   0.0000000e+00
   0.0000000e+00
   0.0000000e+00
   0.0000000e+00
   0.0000000e+00
   0.0000000e+00
   0.0000000e+00
   2.3262385e-02
   2.4233703e-02
   2.5057577e-02
   2.8138997e-02
   2.9916309e-02
   2.9329080e-02
   2.6131295e-02
   1.9808047e-02
   1.3830022e-02
   8.9520095e-03
   6.7912480e-03
   1.1118557e-02
   2.2748915e-02
   0.0000000e+00
   0.0000000e+00
   0.0000000e+00
   0.0000000e+00
   3.4008953e-02
   2.3815123e-02
   1.4419448e-02
   3.5161907e-03
  -1.0962123e-02
  -1.3929869e-02
   4.9633426e-03
   9.3220469e-03
   0.0000000e+00
   5.9722895e-04
   5.9722895e-04
   0.0000000e+00
   0.0000000e+00
   0.0000000e+00
   0.0000000e+00
   0.0000000e+00
   0.0000000e+00
   0.0000000e+00
   0.0000000e+00
   3.9390853e-02
   5.1115509e-02
   5.6486447e-02
   6.1046805e-02
   6.2645011e-02
   6.0640928e-02
   5.5325076e-02
   4.7773805e-02
   4.0453846e-02
   3.3753000e-02
   2.8408345e-02
   2.8848274e-02
   3.3452421e-02
   0.0000000e+00
   0.0000000e+00
   0.0000000e+00
   0.0000000e+00
   4.1976259e-02
   4.1551720e-02
   3.3919897e-02
   2.5144133e-02
   1.1484650e-02
   2.7114787e-03
   8.6930988e-03
   1.5235419e-02
   0.0000000e+00
   0.0000000e+00
   0.0000000e+00
   0.0000000e+00
   0.0000000e+00
   0.0000000e+00
   0.0000000e+00
   0.0000000e+00
   0.0000000e+00
   0.0000000e+00
   0.0000000e+00
   0.0000000e+00
   6.6120423e-02
   7.6681383e-02
   8.4386639e-02
   8.5662186e-02
   8.1620753e-02
   7.4754000e-02
   6.7663632e-02
   6.1176781e-02
   5.4579359e-02
   4.7122844e-02
   3.9823860e-02
   3.5241446e-02
   0.0000000e+00
   0.0000000e+00
   0.0000000e+00
   0.0000000e+00
   0.0000000e+00
   5.3435195e-02
   5.0990451e-02
   4.6061654e-02
   3.3264421e-02
   1.8817625e-02
   0.0000000e+00
   0.0000000e+00
   0.0000000e+00
   0.0000000e+00
   0.0000000e+00
   0.0000000e+00
   0.0000000e+00
   0.0000000e+00
   0.0000000e+00
   0.0000000e+00
   0.0000000e+00
   0.0000000e+00
   0.0000000e+00
   0.0000000e+00
   5.4146033e-02
   6.9575042e-02
   7.8913890e-02
   8.0620624e-02
   7.7698709e-02
   7.3000960e-02
   6.8228640e-02
   6.4331070e-02
   5.9750091e-02
   5.2463211e-02
   3.9610901e-02
   2.3063866e-02
   0.0000000e+00
   0.0000000e+00
   0.0000000e+00
   0.0000000e+00
   0.0000000e+00
   0.0000000e+00
   4.9202494e-02
   5.2777695e-02
   4.6401329e-02
   4.1392602e-02
   0.0000000e+00
   0.0000000e+00
   0.0000000e+00
   0.0000000e+00
   0.0000000e+00
   0.0000000e+00
   0.0000000e+00
   0.0000000e+00
   0.0000000e+00
   0.0000000e+00
   0.0000000e+00
   0.0000000e+00
   0.0000000e+00
   0.0000000e+00
   2.9481631e-02
   4.0718120e-02
   4.9213024e-02
   5.3758555e-02
   5.5214603e-02
   5.5314568e-02
   5.5151627e-02
   5.4117631e-02
   5.1741493e-02
   4.6138475e-02
   3.6627807e-02
   2.4382618e-02
   0.0000000e+00
   0.0000000e+00
   0.0000000e+00
   0.0000000e+00
   0.0000000e+00
   0.0000000e+00
   3.8304768e-02
   4.8202138e-02
   4.7746787e-02
   4.6675746e-02
   0.0000000e+00
   0.0000000e+00
   0.0000000e+00
   0.0000000e+00
   0.0000000e+00
   0.0000000e+00
   0.0000000e+00
   0.0000000e+00
   0.0000000e+00
   0.0000000e+00
   0.0000000e+00
   0.0000000e+00
   0.0000000e+00
   0.0000000e+00
   0.0000000e+00
   7.3337313e-03
   7.5172405e-03
   1.4666324e-02
   1.9949832e-02
   2.3926893e-02
   2.8021602e-02
   3.0280050e-02
   3.1259660e-02
   3.0006498e-02
   2.6313217e-02
   2.4938103e-02
   0.0000000e+00
   0.0000000e+00
   0.0000000e+00
   0.0000000e+00
   0.0000000e+00
   0.0000000e+00
   2.2846691e-02
   3.2228282e-02
   3.3029985e-02
   2.4653772e-02
   2.2664525e-02
   0.0000000e+00
   0.0000000e+00
   0.0000000e+00
   0.0000000e+00
   0.0000000e+00
   0.0000000e+00
   0.0000000e+00
   0.0000000e+00
   0.0000000e+00
   0.0000000e+00
   0.0000000e+00
   0.0000000e+00
   0.0000000e+00
  -0.0000000e+00
  -1.5672575e-02
  -1.3907528e-02
  -2.6354907e-02
  -2.0041217e-02
  -1.3390848e-02
  -7.1243718e-03
   5.6481383e-04
   7.0125215e-03
   5.8649687e-03
   1.3291798e-02
   0.0000000e+00
   0.0000000e+00
   0.0000000e+00
   0.0000000e+00
   0.0000000e+00
   0.0000000e+00
   0.0000000e+00
   1.0045118e-02
   9.7339116e-03
   3.4178805e-03
   3.3973176e-03
   7.4421272e-03
   0.0000000e+00
   0.0000000e+00
   0.0000000e+00
   0.0000000e+00
   0.0000000e+00
   0.0000000e+00
   0.0000000e+00
   0.0000000e+00
   0.0000000e+00
   0.0000000e+00
   0.0000000e+00
   0.0000000e+00
   0.0000000e+00
   0.0000000e+00
   0.0000000e+00
   0.0000000e+00
   0.0000000e+00
  -0.0000000e+00
  -3.9495425e-02
  -2.5646301e-02
  -1.8771274e-02
   0.0000000e+00
   0.0000000e+00
   0.0000000e+00
   0.0000000e+00
   0.0000000e+00
   0.0000000e+00
   0.0000000e+00
   0.0000000e+00
   0.0000000e+00
   0.0000000e+00
   1.0207171e-03
  -4.6497053e-03
   0.0000000e+00
  -0.0000000e+00
  -9.7899791e-03
  -1.1818628e-02
  -0.0000000e+00
  -0.0000000e+00
  -0.0000000e+00
  -0.0000000e+00
   0.0000000e+00
   0.0000000e+00
   0.0000000e+00
   0.0000000e+00
   0.0000000e+00
  -0.0000000e+00
  -0.0000000e+00
  -0.0000000e+00
  -0.0000000e+00
  -0.0000000e+00
  -0.0000000e+00
  -0.0000000e+00
  -0.0000000e+00
  -1.2483165e-02
  -1.7431621e-02
  -2.3913986e-02
  -2.5572300e-02
  -2.6848670e-02
  -2.2702934e-02
  -1.5707032e-02
  -1.0364890e-02
  -0.0000000e+00
  -0.0000000e+00
  -0.0000000e+00
  -0.0000000e+00
  -0.0000000e+00
  -6.1194807e-03
  -1.2344269e-02
  -0.0000000e+00
  -0.0000000e+00
  -0.0000000e+00
  -1.4194813e-02
  -1.1829832e-02
  -1.1235665e-02
  -8.7846104e-03
  -6.9130100e-03
  -6.3018478e-03
  -4.5190135e-03
  -0.0000000e+00
  -0.0000000e+00
  -0.0000000e+00
