-START-OF-DATA-
0 0.000278
10 0.000278
20 0.000278
30 0.000278
40 0.000278
50 0.000278
60 0.000278
70 0.000278
80 0.000278
90 0.000278
100 0.000278
110 0.000278
120 0.000278
130 0.000278
140 0.000278
150 0.000278
160 0.000278
170 0.000278
180 0.000278
190 0.000278
200 0.000278
210 0.000278
220 0.000278
230 0.000278
240 0.000278
250 0.000278
260 0.000278
270 0.000278
280 0.000278
290 0.000278
300 0.000278
310 0.000278
320 0.000278
330 0.000278
340 0.000278
350 0.000278
360 0.000278
370 0.000278
380 0.000278
390 0.000278
400 0.000278
410 0.000278
420 0.000278
430 0.000278
440 0.000278
450 0.000278
460 0.000278
470 0.000278
480 0.000278
490 0.000278
500 0.000278
510 0.000278
520 0.000278
530 0.000278
540 0.000278
550 0.000278
560 0.000278
570 0.000278
580 0.000278
590 0.000278
600 0.000278
610 0.000278
620 0.000278
630 0.000278
640 0.000278
650 0.000278
660 0.000278
670 0.000278
680 0.000278
690 0.000278
700 0.000278
710 0.000278
720 0.000278
730 0.000278
740 0.000278
750 0.000278
760 0.000278
770 0.000278
780 0.000278
790 0.000278
800 0.000278
810 0.000278
820 0.000278
830 0.000278
840 0.000278
850 0.000278
860 0.000278
870 0.000278
880 0.000278
890 0.000278
900 0.000278
910 0.000278
920 0.000278
930 0.000278
940 0.000278
950 0.000278
960 0.000278
970 0.000278
980 0.000278
990 0.000278
1000 0.000278
1010 0.000278
1020 0.000278
1030 0.000278
1040 0.000278
1050 0.000278
1060 0.000278
1070 0.000278
1080 0.000278
1090 0.000278
1100 0.000278
1110 0.000278
1120 0.000278
1130 0.000278
1140 0.000278
1150 0.000278
1160 0.000278
1170 0.000278
1180 0.000278
1190 0.000278
1200 0.000278
1210 0.000278
1220 0.000278
1230 0.000278
1240 0.000278
1250 0.000278
1260 0.000278
1270 0.000278
1280 0.000278
1290 0.000278
1300 0.000278
1310 0.000278
1320 0.000278
1330 0.000278
1340 0.000278
1350 0.000278
1360 0.000278
1370 0.000278
1380 0.000278
1390 0.000278
1400 0.000278
1410 0.000278
1420 0.000278
1430 0.000278
1440 0.000278
1450 0.000278
1460 0.000278
1470 0.000278
1480 0.000278
1490 0.000278
1500 0.000278
1510 0.000278
1520 0.000278
1530 0.000278
1540 0.000278
1550 0.000278
1560 0.000278
1570 0.000278
1580 0.000278
1590 0.000278
1600 0.000278
1610 0.000278
1620 0.000278
1630 0.000278
1640 0.000278
1650 0.000278
1660 0.000278
1670 0.000278
1680 0.000278
1690 0.000278
1700 0.000278
1710 0.000278
1720 0.000278
1730 0.000278
1740 0.000278
1750 0.000278
1760 0.000278
1770 0.000278
1780 0.000278
1790 0.000278
1800 0.000278
1810 0.000278
1820 0.000278
1830 0.000278
1840 0.000278
1850 0.000278
1860 0.000278
1870 0.000278
1880 0.000278
1890 0.000278
1900 0.000278
1910 0.000278
1920 0.000278
1930 0.000278
1940 0.000278
1950 0.000278
1960 0.000278
1970 0.000278
1980 0.000278
1990 0.000278
2000 0.000278
2010 0.000278252093023256
2020 0.000278504186046512
2030 0.000278756279069767
2040 0.000279008372093023
2050 0.000279260465116279
2060 0.000279512558139535
2070 0.000279764651162791
2080 0.000280016744186047
2090 0.000280268837209302
2100 0.000280520930232558
2110 0.000280773023255814
2120 0.00028102511627907
2130 0.000281277209302326
2140 0.000281529302325581
2150 0.000281781395348837
2160 0.000282033488372093
2170 0.000282285581395349
2180 0.000282537674418605
2190 0.00028278976744186
2200 0.000283041860465116
2210 0.000283293953488372
2220 0.000283546046511628
2230 0.000283798139534884
2240 0.00028405023255814
2250 0.000284302325581395
2260 0.000284554418604651
2270 0.000284806511627907
2280 0.000285058604651163
2290 0.000285310697674419
2300 0.000285562790697674
2310 0.00028581488372093
2320 0.000286066976744186
2330 0.000286319069767442
2340 0.000286571162790698
2350 0.000286823255813953
2360 0.000287075348837209
2370 0.000287327441860465
2380 0.000287579534883721
2390 0.000287831627906977
2400 0.000288083720930233
2410 0.000288335813953488
2420 0.000288587906976744
2430 0.00028884
2440 0.000289092093023256
2450 0.000289344186046512
2460 0.000289596279069767
2470 0.000289848372093023
2480 0.000290100465116279
2490 0.000290352558139535
2500 0.000290604651162791
2510 0.000290856744186046
2520 0.000291108837209302
2530 0.000291360930232558
2540 0.000291613023255814
2550 0.00029186511627907
2560 0.000292117209302326
2570 0.000292369302325581
2580 0.000292621395348837
2590 0.000292873488372093
2600 0.000293125581395349
2610 0.000293377674418605
2620 0.00029362976744186
2630 0.000293881860465116
2640 0.000294133953488372
2650 0.000294386046511628
2660 0.000294638139534884
2670 0.00029489023255814
2680 0.000295142325581395
2690 0.000295394418604651
2700 0.000295646511627907
2710 0.000295898604651163
2720 0.000296150697674419
2730 0.000296402790697674
2740 0.00029665488372093
2750 0.000296906976744186
2760 0.000297159069767442
2770 0.000297411162790698
2780 0.000297663255813953
2790 0.000297915348837209
2800 0.000298167441860465
2810 0.000298419534883721
2820 0.000298671627906977
2830 0.000298923720930233
2840 0.000299175813953488
2850 0.000299427906976744
2860 0.00029968
2870 0.000299932093023256
2880 0.000300184186046512
2890 0.000300436279069767
2900 0.000300688372093023
2910 0.000300940465116279
2920 0.000301192558139535
2930 0.000301444651162791
2940 0.000301696744186047
2950 0.000301948837209302
2960 0.000302200930232558
2970 0.000302453023255814
2980 0.00030270511627907
2990 0.000302957209302326
3000 0.000303209302325581
3010 0.000303461395348837
3020 0.000303713488372093
3030 0.000303965581395349
3040 0.000304217674418605
3050 0.00030446976744186
3060 0.000304721860465116
3070 0.000304973953488372
3080 0.000305226046511628
3090 0.000305478139534884
3100 0.00030573023255814
3110 0.000305982325581395
3120 0.000306234418604651
3130 0.000306486511627907
3140 0.000306738604651163
3150 0.000306990697674419
3160 0.000307242790697674
3170 0.00030749488372093
3180 0.000307746976744186
3190 0.000307999069767442
3200 0.000308251162790698
3210 0.000308503255813953
3220 0.000308755348837209
3230 0.000309007441860465
3240 0.000309259534883721
3250 0.000309511627906977
3260 0.000309763720930233
3270 0.000310015813953488
3280 0.000310267906976744
3290 0.00031052
3300 0.000310772093023256
3310 0.000311024186046512
3320 0.000311276279069767
3330 0.000311528372093023
3340 0.000311780465116279
3350 0.000312032558139535
3360 0.000312284651162791
3370 0.000312536744186046
3380 0.000312788837209302
3390 0.000313040930232558
3400 0.000313293023255814
3410 0.00031354511627907
3420 0.000313797209302326
3430 0.000314049302325581
3440 0.000314301395348837
3450 0.000314553488372093
3460 0.000314805581395349
3470 0.000315057674418605
3480 0.00031530976744186
3490 0.000315561860465116
3500 0.000315813953488372
3510 0.000316066046511628
3520 0.000316318139534884
3530 0.00031657023255814
3540 0.000316822325581395
3550 0.000317074418604651
3560 0.000317326511627907
3570 0.000317578604651163
3580 0.000317830697674419
3590 0.000318082790697674
3600 0.00031833488372093
3610 0.000318586976744186
3620 0.000318839069767442
3630 0.000319091162790698
3640 0.000319343255813953
3650 0.000319595348837209
3660 0.000319847441860465
3670 0.000320099534883721
3680 0.000320351627906977
3690 0.000320603720930233
3700 0.000320855813953488
3710 0.000321107906976744
3720 0.00032136
3730 0.000321612093023256
3740 0.000321864186046512
3750 0.000322116279069767
3760 0.000322368372093023
3770 0.000322620465116279
3780 0.000322872558139535
3790 0.000323124651162791
3800 0.000323376744186047
3810 0.000323628837209302
3820 0.000323880930232558
3830 0.000324133023255814
3840 0.00032438511627907
3850 0.000324637209302326
3860 0.000324889302325581
3870 0.000325141395348837
3880 0.000325393488372093
3890 0.000325645581395349
3900 0.000325897674418605
3910 0.00032614976744186
3920 0.000326401860465116
3930 0.000326653953488372
3940 0.000326906046511628
3950 0.000327158139534884
3960 0.00032741023255814
3970 0.000327662325581395
3980 0.000327914418604651
3990 0.000328166511627907
4000 0.000328418604651163
4010 0.000328670697674419
4020 0.000328922790697674
4030 0.00032917488372093
4040 0.000329426976744186
4050 0.000329679069767442
4060 0.000329931162790698
4070 0.000330183255813953
4080 0.000330435348837209
4090 0.000330687441860465
4100 0.000330939534883721
4110 0.000331191627906977
4120 0.000331443720930233
4130 0.000331695813953488
4140 0.000331947906976744
4150 0.0003322
4160 0.000332452093023256
4170 0.000332704186046512
4180 0.000332956279069767
4190 0.000333208372093023
4200 0.000333460465116279
4210 0.000333712558139535
4220 0.000333964651162791
4230 0.000334216744186046
4240 0.000334468837209302
4250 0.000334720930232558
4260 0.000334973023255814
4270 0.00033522511627907
4280 0.000335477209302326
4290 0.000335729302325581
4300 0.000335981395348837
4310 0.000336233488372093
4320 0.000336485581395349
4330 0.000336737674418605
4340 0.00033698976744186
4350 0.000337241860465116
4360 0.000337493953488372
4370 0.000337746046511628
4380 0.000337998139534884
4390 0.00033825023255814
4400 0.000338502325581395
4410 0.000338754418604651
4420 0.000339006511627907
4430 0.000339258604651163
4440 0.000339510697674419
4450 0.000339762790697674
4460 0.00034001488372093
4470 0.000340266976744186
4480 0.000340519069767442
4490 0.000340771162790698
4500 0.000341023255813953
4510 0.000341275348837209
4520 0.000341527441860465
4530 0.000341779534883721
4540 0.000342031627906977
4550 0.000342283720930233
4560 0.000342535813953488
4570 0.000342787906976744
4580 0.00034304
4590 0.000343292093023256
4600 0.000343544186046512
4610 0.000343796279069767
4620 0.000344048372093023
4630 0.000344300465116279
4640 0.000344552558139535
4650 0.000344804651162791
4660 0.000345056744186046
4670 0.000345308837209302
4680 0.000345560930232558
4690 0.000345813023255814
4700 0.00034606511627907
4710 0.000346317209302326
4720 0.000346569302325581
4730 0.000346821395348837
4740 0.000347073488372093
4750 0.000347325581395349
4760 0.000347577674418605
4770 0.00034782976744186
4780 0.000348081860465116
4790 0.000348333953488372
4800 0.000348586046511628
4810 0.000348838139534884
4820 0.00034909023255814
4830 0.000349342325581395
4840 0.000349594418604651
4850 0.000349846511627907
4860 0.000350098604651163
4870 0.000350350697674419
4880 0.000350602790697674
4890 0.00035085488372093
4900 0.000351106976744186
4910 0.000351359069767442
4920 0.000351611162790698
4930 0.000351863255813953
4940 0.000352115348837209
4950 0.000352367441860465
4960 0.000352619534883721
4970 0.000352871627906977
4980 0.000353123720930233
4990 0.000353375813953488
5000 0.000353627906976744
5010 0.00035388
5020 0.00035388
5030 0.00035388
5040 0.00035388
5050 0.00035388
5060 0.00035388
5070 0.00035388
5080 0.00035388
5090 0.00035388
5100 0.00035388
5110 0.00035388
5120 0.00035388
5130 0.00035388
5140 0.00035388
5150 0.00035388
5160 0.00035388
5170 0.00035388
5180 0.00035388
5190 0.00035388
5200 0.00035388
5210 0.00035388
5220 0.00035388
5230 0.00035388
5240 0.00035388
5250 0.00035388
5260 0.00035388
5270 0.00035388
5280 0.00035388
5290 0.00035388
5300 0.00035388
5310 0.00035388
5320 0.00035388
5330 0.00035388
5340 0.00035388
5350 0.00035388
5360 0.00035388
5370 0.00035388
5380 0.00035388
5390 0.00035388
5400 0.00035388
5410 0.00035388
5420 0.00035388
5430 0.00035388
5440 0.00035388
5450 0.00035388
5460 0.00035388
5470 0.00035388
5480 0.00035388
5490 0.00035388
5500 0.00035388
5510 0.00035388
5520 0.00035388
5530 0.00035388
5540 0.00035388
5550 0.00035388
5560 0.00035388
5570 0.00035388
5580 0.00035388
5590 0.00035388
5600 0.00035388
5610 0.00035388
5620 0.00035388
5630 0.00035388
5640 0.00035388
5650 0.00035388
5660 0.00035388
5670 0.00035388
5680 0.00035388
5690 0.00035388
5700 0.00035388
5710 0.00035388
5720 0.00035388
5730 0.00035388
5740 0.00035388
5750 0.00035388
5760 0.00035388
5770 0.00035388
5780 0.00035388
5790 0.00035388
5800 0.00035388
5810 0.00035388
5820 0.00035388
5830 0.00035388
5840 0.00035388
5850 0.00035388
5860 0.00035388
5870 0.00035388
5880 0.00035388
5890 0.00035388
5900 0.00035388
5910 0.00035388
5920 0.00035388
5930 0.00035388
5940 0.00035388
5950 0.00035388
5960 0.00035388
5970 0.00035388
5980 0.00035388
5990 0.00035388
6000 0.00035388
6010 0.00035388
6020 0.00035388
6030 0.00035388
6040 0.00035388
6050 0.00035388
6060 0.00035388
6070 0.00035388
6080 0.00035388
6090 0.00035388
6100 0.00035388
6110 0.00035388
6120 0.00035388
6130 0.00035388
6140 0.00035388
6150 0.00035388
6160 0.00035388
6170 0.00035388
6180 0.00035388
6190 0.00035388
6200 0.00035388
6210 0.00035388
6220 0.00035388
6230 0.00035388
6240 0.00035388
6250 0.00035388
6260 0.00035388
6270 0.00035388
6280 0.00035388
6290 0.00035388
6300 0.00035388
6310 0.00035388
6320 0.00035388
6330 0.00035388
6340 0.00035388
6350 0.00035388
6360 0.00035388
6370 0.00035388
6380 0.00035388
6390 0.00035388
6400 0.00035388
6410 0.00035388
6420 0.00035388
6430 0.00035388
6440 0.00035388
6450 0.00035388
6460 0.00035388
6470 0.00035388
6480 0.00035388
6490 0.00035388
6500 0.00035388
6510 0.00035388
6520 0.00035388
6530 0.00035388
6540 0.00035388
6550 0.00035388
6560 0.00035388
6570 0.00035388
6580 0.00035388
6590 0.00035388
6600 0.00035388
6610 0.00035388
6620 0.00035388
6630 0.00035388
6640 0.00035388
6650 0.00035388
6660 0.00035388
6670 0.00035388
6680 0.00035388
6690 0.00035388
6700 0.00035388
6710 0.00035388
6720 0.00035388
6730 0.00035388
6740 0.00035388
6750 0.00035388
6760 0.00035388
6770 0.00035388
6780 0.00035388
6790 0.00035388
6800 0.00035388
6810 0.00035388
6820 0.00035388
6830 0.00035388
6840 0.00035388
6850 0.00035388
6860 0.00035388
6870 0.00035388
6880 0.00035388
6890 0.00035388
6900 0.00035388
6910 0.00035388
6920 0.00035388
6930 0.00035388
6940 0.00035388
6950 0.00035388
6960 0.00035388
6970 0.00035388
6980 0.00035388
6990 0.00035388
7000 0.00035388
7010 0.00035388
7020 0.00035388
7030 0.00035388
7040 0.00035388
7050 0.00035388
7060 0.00035388
7070 0.00035388
7080 0.00035388
7090 0.00035388
7100 0.00035388
7110 0.00035388
7120 0.00035388
7130 0.00035388
7140 0.00035388
7150 0.00035388
7160 0.00035388
7170 0.00035388
7180 0.00035388
7190 0.00035388
7200 0.00035388
7210 0.00035388
7220 0.00035388
7230 0.00035388
7240 0.00035388
7250 0.00035388
7260 0.00035388
7270 0.00035388
7280 0.00035388
7290 0.00035388
7300 0.00035388
7310 0.00035388
7320 0.00035388
7330 0.00035388
7340 0.00035388
7350 0.00035388
7360 0.00035388
7370 0.00035388
7380 0.00035388
7390 0.00035388
7400 0.00035388
7410 0.00035388
7420 0.00035388
7430 0.00035388
7440 0.00035388
7450 0.00035388
7460 0.00035388
7470 0.00035388
7480 0.00035388
7490 0.00035388
7500 0.00035388
7510 0.00035388
7520 0.00035388
7530 0.00035388
7540 0.00035388
7550 0.00035388
7560 0.00035388
7570 0.00035388
7580 0.00035388
7590 0.00035388
7600 0.00035388
7610 0.00035388
7620 0.00035388
7630 0.00035388
7640 0.00035388
7650 0.00035388
7660 0.00035388
7670 0.00035388
7680 0.00035388
7690 0.00035388
7700 0.00035388
7710 0.00035388
7720 0.00035388
7730 0.00035388
7740 0.00035388
7750 0.00035388
7760 0.00035388
7770 0.00035388
7780 0.00035388
7790 0.00035388
7800 0.00035388
7810 0.00035388
7820 0.00035388
7830 0.00035388
7840 0.00035388
7850 0.00035388
7860 0.00035388
7870 0.00035388
7880 0.00035388
7890 0.00035388
7900 0.00035388
7910 0.00035388
7920 0.00035388
7930 0.00035388
7940 0.00035388
7950 0.00035388
7960 0.00035388
7970 0.00035388
7980 0.00035388
7990 0.00035388
8000 0.00035388
8010 0.00035388
8020 0.00035388
8030 0.00035388
8040 0.00035388
8050 0.00035388
8060 0.00035388
8070 0.00035388
8080 0.00035388
8090 0.00035388
8100 0.00035388
8110 0.00035388
8120 0.00035388
8130 0.00035388
8140 0.00035388
8150 0.00035388
8160 0.00035388
8170 0.00035388
8180 0.00035388
8190 0.00035388
8200 0.00035388
8210 0.00035388
8220 0.00035388
8230 0.00035388
8240 0.00035388
8250 0.00035388
8260 0.00035388
8270 0.00035388
8280 0.00035388
8290 0.00035388
8300 0.00035388
8310 0.00035388
8320 0.00035388
8330 0.00035388
8340 0.00035388
8350 0.00035388
8360 0.00035388
8370 0.00035388
8380 0.00035388
8390 0.00035388
8400 0.00035388
8410 0.00035388
8420 0.00035388
8430 0.00035388
8440 0.00035388
8450 0.00035388
8460 0.00035388
8470 0.00035388
8480 0.00035388
8490 0.00035388
8500 0.00035388
8510 0.00035388
8520 0.00035388
8530 0.00035388
8540 0.00035388
8550 0.00035388
8560 0.00035388
8570 0.00035388
8580 0.00035388
8590 0.00035388
8600 0.00035388
8610 0.00035388
8620 0.00035388
8630 0.00035388
8640 0.00035388
8650 0.00035388
8660 0.00035388
8670 0.00035388
8680 0.00035388
8690 0.00035388
8700 0.00035388
8710 0.00035388
8720 0.00035388
8730 0.00035388
8740 0.00035388
8750 0.00035388
8760 0.00035388
8770 0.00035388
8780 0.00035388
8790 0.00035388
8800 0.00035388
8810 0.00035388
8820 0.00035388
8830 0.00035388
8840 0.00035388
8850 0.00035388
8860 0.00035388
8870 0.00035388
8880 0.00035388
8890 0.00035388
8900 0.00035388
8910 0.00035388
8920 0.00035388
8930 0.00035388
8940 0.00035388
8950 0.00035388
8960 0.00035388
8970 0.00035388
8980 0.00035388
8990 0.00035388
9000 0.00035388
9010 0.00035388
9020 0.00035388
9030 0.00035388
9040 0.00035388
9050 0.00035388
9060 0.00035388
9070 0.00035388
9080 0.00035388
9090 0.00035388
9100 0.00035388
9110 0.00035388
9120 0.00035388
9130 0.00035388
9140 0.00035388
9150 0.00035388
9160 0.00035388
9170 0.00035388
9180 0.00035388
9190 0.00035388
9200 0.00035388
9210 0.00035388
9220 0.00035388
9230 0.00035388
9240 0.00035388
9250 0.00035388
9260 0.00035388
9270 0.00035388
9280 0.00035388
9290 0.00035388
9300 0.00035388
9310 0.00035388
9320 0.00035388
9330 0.00035388
9340 0.00035388
9350 0.00035388
9360 0.00035388
9370 0.00035388
9380 0.00035388
9390 0.00035388
9400 0.00035388
9410 0.00035388
9420 0.00035388
9430 0.00035388
9440 0.00035388
9450 0.00035388
9460 0.00035388
9470 0.00035388
9480 0.00035388
9490 0.00035388
9500 0.00035388
9510 0.00035388
9520 0.00035388
9530 0.00035388
9540 0.00035388
9550 0.00035388
9560 0.00035388
9570 0.00035388
9580 0.00035388
9590 0.00035388
9600 0.00035388
9610 0.00035388
9620 0.00035388
9630 0.00035388
9640 0.00035388
9650 0.00035388
9660 0.00035388
9670 0.00035388
9680 0.00035388
9690 0.00035388
9700 0.00035388
9710 0.00035388
9720 0.00035388
9730 0.00035388
9740 0.00035388
9750 0.00035388
9760 0.00035388
9770 0.00035388
9780 0.00035388
9790 0.00035388
9800 0.00035388
9810 0.00035388
9820 0.00035388
9830 0.00035388
9840 0.00035388
9850 0.00035388
9860 0.00035388
9870 0.00035388
9880 0.00035388
9890 0.00035388
9900 0.00035388
9910 0.00035388
9920 0.00035388
9930 0.00035388
9940 0.00035388
9950 0.00035388
9960 0.00035388
9970 0.00035388
9980 0.00035388
9990 0.00035388
10000 0.00035388
10010 0.00035388
10020 0.00035388
10030 0.00035388
10040 0.00035388
10050 0.00035388
10060 0.00035388
10070 0.00035388
10080 0.00035388
10090 0.00035388
10100 0.00035388
10110 0.00035388
10120 0.00035388
10130 0.00035388
10140 0.00035388
10150 0.00035388
10160 0.00035388
10170 0.00035388
10180 0.00035388
10190 0.00035388
10200 0.00035388
10210 0.00035388
10220 0.00035388
10230 0.00035388
10240 0.00035388
10250 0.00035388
10260 0.00035388
10270 0.00035388
10280 0.00035388
10290 0.00035388
10300 0.00035388
10310 0.00035388
10320 0.00035388
10330 0.00035388
10340 0.00035388
10350 0.00035388
10360 0.00035388
10370 0.00035388
10380 0.00035388
10390 0.00035388
10400 0.00035388
10410 0.00035388
10420 0.00035388
10430 0.00035388
10440 0.00035388
10450 0.00035388
10460 0.00035388
10470 0.00035388
10480 0.00035388
10490 0.00035388
10500 0.00035388
10510 0.00035388
10520 0.00035388
10530 0.00035388
10540 0.00035388
10550 0.00035388
10560 0.00035388
10570 0.00035388
10580 0.00035388
10590 0.00035388
10600 0.00035388
10610 0.00035388
10620 0.00035388
10630 0.00035388
10640 0.00035388
10650 0.00035388
10660 0.00035388
10670 0.00035388
10680 0.00035388
10690 0.00035388
10700 0.00035388
10710 0.00035388
10720 0.00035388
10730 0.00035388
10740 0.00035388
10750 0.00035388
10760 0.00035388
10770 0.00035388
10780 0.00035388
10790 0.00035388
10800 0.00035388
10810 0.00035388
10820 0.00035388
10830 0.00035388
10840 0.00035388
10850 0.00035388
10860 0.00035388
10870 0.00035388
10880 0.00035388
10890 0.00035388
10900 0.00035388
10910 0.00035388
10920 0.00035388
10930 0.00035388
10940 0.00035388
10950 0.00035388
10960 0.00035388
10970 0.00035388
10980 0.00035388
10990 0.00035388
11000 0.00035388
11010 0.00035388
11020 0.00035388
11030 0.00035388
11040 0.00035388
11050 0.00035388
11060 0.00035388
11070 0.00035388
11080 0.00035388
11090 0.00035388
11100 0.00035388
11110 0.00035388
11120 0.00035388
11130 0.00035388
11140 0.00035388
11150 0.00035388
11160 0.00035388
11170 0.00035388
11180 0.00035388
11190 0.00035388
11200 0.00035388
11210 0.00035388
11220 0.00035388
11230 0.00035388
11240 0.00035388
11250 0.00035388
11260 0.00035388
11270 0.00035388
11280 0.00035388
11290 0.00035388
11300 0.00035388
11310 0.00035388
11320 0.00035388
11330 0.00035388
11340 0.00035388
11350 0.00035388
11360 0.00035388
11370 0.00035388
11380 0.00035388
11390 0.00035388
11400 0.00035388
11410 0.00035388
11420 0.00035388
11430 0.00035388
11440 0.00035388
11450 0.00035388
11460 0.00035388
11470 0.00035388
11480 0.00035388
11490 0.00035388
11500 0.00035388
11510 0.00035388
11520 0.00035388
11530 0.00035388
11540 0.00035388
11550 0.00035388
11560 0.00035388
11570 0.00035388
11580 0.00035388
11590 0.00035388
11600 0.00035388
11610 0.00035388
11620 0.00035388
11630 0.00035388
11640 0.00035388
11650 0.00035388
11660 0.00035388
11670 0.00035388
11680 0.00035388
11690 0.00035388
11700 0.00035388
11710 0.00035388
11720 0.00035388
11730 0.00035388
11740 0.00035388
11750 0.00035388
11760 0.00035388
11770 0.00035388
11780 0.00035388
11790 0.00035388
11800 0.00035388
11810 0.00035388
11820 0.00035388
11830 0.00035388
11840 0.00035388
11850 0.00035388
11860 0.00035388
11870 0.00035388
11880 0.00035388
11890 0.00035388
11900 0.00035388
11910 0.00035388
11920 0.00035388
11930 0.00035388
11940 0.00035388
11950 0.00035388
11960 0.00035388
11970 0.00035388
11980 0.00035388
11990 0.00035388
12000 0.00035388
12010 0.00035388
12020 0.00035388
12030 0.00035388
12040 0.00035388
12050 0.00035388
12060 0.00035388
12070 0.00035388
12080 0.00035388
12090 0.00035388
12100 0.00035388
12110 0.00035388
12120 0.00035388
12130 0.00035388
12140 0.00035388
12150 0.00035388
12160 0.00035388
12170 0.00035388
12180 0.00035388
12190 0.00035388
12200 0.00035388
12210 0.00035388
12220 0.00035388
12230 0.00035388
12240 0.00035388
12250 0.00035388
12260 0.00035388
12270 0.00035388
12280 0.00035388
12290 0.00035388
12300 0.00035388
12310 0.00035388
12320 0.00035388
12330 0.00035388
12340 0.00035388
12350 0.00035388
12360 0.00035388
12370 0.00035388
12380 0.00035388
12390 0.00035388
12400 0.00035388
12410 0.00035388
12420 0.00035388
12430 0.00035388
12440 0.00035388
12450 0.00035388
12460 0.00035388
12470 0.00035388
12480 0.00035388
12490 0.00035388
12500 0.00035388
12510 0.00035388
12520 0.00035388
12530 0.00035388
12540 0.00035388
12550 0.00035388
12560 0.00035388
12570 0.00035388
12580 0.00035388
12590 0.00035388
12600 0.00035388
12610 0.00035388
12620 0.00035388
12630 0.00035388
12640 0.00035388
12650 0.00035388
12660 0.00035388
12670 0.00035388
12680 0.00035388
12690 0.00035388
12700 0.00035388
12710 0.00035388
12720 0.00035388
12730 0.00035388
12740 0.00035388
12750 0.00035388
12760 0.00035388
12770 0.00035388
12780 0.00035388
12790 0.00035388
12800 0.00035388
12810 0.00035388
12820 0.00035388
12830 0.00035388
12840 0.00035388
12850 0.00035388
12860 0.00035388
12870 0.00035388
12880 0.00035388
12890 0.00035388
12900 0.00035388
12910 0.00035388
12920 0.00035388
12930 0.00035388
12940 0.00035388
12950 0.00035388
12960 0.00035388
12970 0.00035388
12980 0.00035388
12990 0.00035388
13000 0.00035388
13010 0.00035388
13020 0.00035388
13030 0.00035388
13040 0.00035388
13050 0.00035388
13060 0.00035388
13070 0.00035388
13080 0.00035388
13090 0.00035388
13100 0.00035388
13110 0.00035388
13120 0.00035388
13130 0.00035388
13140 0.00035388
13150 0.00035388
13160 0.00035388
13170 0.00035388
13180 0.00035388
13190 0.00035388
13200 0.00035388
13210 0.00035388
13220 0.00035388
13230 0.00035388
13240 0.00035388
13250 0.00035388
13260 0.00035388
13270 0.00035388
13280 0.00035388
13290 0.00035388
13300 0.00035388
13310 0.00035388
13320 0.00035388
13330 0.00035388
13340 0.00035388
13350 0.00035388
13360 0.00035388
13370 0.00035388
13380 0.00035388
13390 0.00035388
13400 0.00035388
13410 0.00035388
13420 0.00035388
13430 0.00035388
13440 0.00035388
13450 0.00035388
13460 0.00035388
13470 0.00035388
13480 0.00035388
13490 0.00035388
13500 0.00035388
13510 0.00035388
13520 0.00035388
13530 0.00035388
13540 0.00035388
13550 0.00035388
13560 0.00035388
13570 0.00035388
13580 0.00035388
13590 0.00035388
13600 0.00035388
13610 0.00035388
13620 0.00035388
13630 0.00035388
13640 0.00035388
13650 0.00035388
13660 0.00035388
13670 0.00035388
13680 0.00035388
13690 0.00035388
13700 0.00035388
13710 0.00035388
13720 0.00035388
13730 0.00035388
13740 0.00035388
13750 0.00035388
13760 0.00035388
13770 0.00035388
13780 0.00035388
13790 0.00035388
13800 0.00035388
13810 0.00035388
13820 0.00035388
13830 0.00035388
13840 0.00035388
13850 0.00035388
13860 0.00035388
13870 0.00035388
13880 0.00035388
13890 0.00035388
13900 0.00035388
13910 0.00035388
13920 0.00035388
13930 0.00035388
13940 0.00035388
13950 0.00035388
13960 0.00035388
13970 0.00035388
13980 0.00035388
13990 0.00035388
14000 0.00035388
14010 0.00035388
14020 0.00035388
14030 0.00035388
14040 0.00035388
14050 0.00035388
14060 0.00035388
14070 0.00035388
14080 0.00035388
14090 0.00035388
14100 0.00035388
14110 0.00035388
14120 0.00035388
14130 0.00035388
14140 0.00035388
14150 0.00035388
14160 0.00035388
14170 0.00035388
14180 0.00035388
14190 0.00035388
14200 0.00035388
14210 0.00035388
14220 0.00035388
14230 0.00035388
14240 0.00035388
14250 0.00035388
14260 0.00035388
14270 0.00035388
14280 0.00035388
14290 0.00035388
14300 0.00035388
14310 0.00035388
14320 0.00035388
14330 0.00035388
14340 0.00035388
14350 0.00035388
14360 0.00035388
14370 0.00035388
14380 0.00035388
14390 0.00035388
14400 0.00035388
14410 0.00035388
14420 0.00035388
14430 0.00035388
14440 0.00035388
14450 0.00035388
14460 0.00035388
14470 0.00035388
14480 0.00035388
14490 0.00035388
14500 0.00035388
14510 0.00035388
14520 0.00035388
14530 0.00035388
14540 0.00035388
14550 0.00035388
14560 0.00035388
14570 0.00035388
14580 0.00035388
14590 0.00035388
14600 0.00035388
14610 0.00035388
14620 0.00035388
14630 0.00035388
14640 0.00035388
14650 0.00035388
14660 0.00035388
14670 0.00035388
14680 0.00035388
14690 0.00035388
14700 0.00035388
14710 0.00035388
14720 0.00035388
14730 0.00035388
14740 0.00035388
14750 0.00035388
14760 0.00035388
14770 0.00035388
14780 0.00035388
14790 0.00035388
14800 0.00035388
14810 0.00035388
14820 0.00035388
14830 0.00035388
14840 0.00035388
14850 0.00035388
14860 0.00035388
14870 0.00035388
14880 0.00035388
14890 0.00035388
14900 0.00035388
14910 0.00035388
14920 0.00035388
14930 0.00035388
14940 0.00035388
14950 0.00035388
14960 0.00035388
14970 0.00035388
14980 0.00035388
14990 0.00035388
15000 0.00035388
15010 0.00035388
15020 0.00035388
15030 0.00035388
15040 0.00035388
15050 0.00035388
15060 0.00035388
15070 0.00035388
15080 0.00035388
15090 0.00035388
15100 0.00035388
15110 0.00035388
15120 0.00035388
15130 0.00035388
15140 0.00035388
15150 0.00035388
15160 0.00035388
15170 0.00035388
15180 0.00035388
15190 0.00035388
15200 0.00035388
15210 0.00035388
15220 0.00035388
15230 0.00035388
15240 0.00035388
15250 0.00035388
15260 0.00035388
15270 0.00035388
15280 0.00035388
15290 0.00035388
15300 0.00035388
15310 0.00035388
15320 0.00035388
15330 0.00035388
15340 0.00035388
15350 0.00035388
15360 0.00035388
15370 0.00035388
15380 0.00035388
15390 0.00035388
15400 0.00035388
15410 0.00035388
15420 0.00035388
15430 0.00035388
15440 0.00035388
15450 0.00035388
15460 0.00035388
15470 0.00035388
15480 0.00035388
15490 0.00035388
15500 0.00035388
15510 0.00035388
15520 0.00035388
15530 0.00035388
15540 0.00035388
15550 0.00035388
15560 0.00035388
15570 0.00035388
15580 0.00035388
15590 0.00035388
15600 0.00035388
15610 0.00035388
15620 0.00035388
15630 0.00035388
15640 0.00035388
15650 0.00035388
15660 0.00035388
15670 0.00035388
15680 0.00035388
15690 0.00035388
15700 0.00035388
15710 0.00035388
15720 0.00035388
15730 0.00035388
15740 0.00035388
15750 0.00035388
15760 0.00035388
15770 0.00035388
15780 0.00035388
15790 0.00035388
15800 0.00035388
15810 0.00035388
15820 0.00035388
15830 0.00035388
15840 0.00035388
15850 0.00035388
15860 0.00035388
15870 0.00035388
15880 0.00035388
15890 0.00035388
15900 0.00035388
15910 0.00035388
15920 0.00035388
15930 0.00035388
15940 0.00035388
15950 0.00035388
15960 0.00035388
15970 0.00035388
15980 0.00035388
15990 0.00035388
16000 0.00035388
16010 0.00035388
16020 0.00035388
16030 0.00035388
16040 0.00035388
16050 0.00035388
16060 0.00035388
16070 0.00035388
16080 0.00035388
16090 0.00035388
16100 0.00035388
16110 0.00035388
16120 0.00035388
16130 0.00035388
16140 0.00035388
16150 0.00035388
16160 0.00035388
16170 0.00035388
16180 0.00035388
16190 0.00035388
16200 0.00035388
16210 0.00035388
16220 0.00035388
16230 0.00035388
16240 0.00035388
16250 0.00035388
16260 0.00035388
16270 0.00035388
16280 0.00035388
16290 0.00035388
16300 0.00035388
16310 0.00035388
16320 0.00035388
16330 0.00035388
16340 0.00035388
16350 0.00035388
16360 0.00035388
16370 0.00035388
16380 0.00035388
16390 0.00035388
16400 0.00035388
16410 0.00035388
16420 0.00035388
16430 0.00035388
16440 0.00035388
16450 0.00035388
16460 0.00035388
16470 0.00035388
16480 0.00035388
16490 0.00035388
16500 0.00035388
16510 0.00035388
16520 0.00035388
16530 0.00035388
16540 0.00035388
16550 0.00035388
16560 0.00035388
16570 0.00035388
16580 0.00035388
16590 0.00035388
16600 0.00035388
16610 0.00035388
16620 0.00035388
16630 0.00035388
16640 0.00035388
16650 0.00035388
16660 0.00035388
16670 0.00035388
16680 0.00035388
16690 0.00035388
16700 0.00035388
16710 0.00035388
16720 0.00035388
16730 0.00035388
16740 0.00035388
16750 0.00035388
16760 0.00035388
16770 0.00035388
16780 0.00035388
16790 0.00035388
16800 0.00035388
16810 0.00035388
16820 0.00035388
16830 0.00035388
16840 0.00035388
16850 0.00035388
16860 0.00035388
16870 0.00035388
16880 0.00035388
16890 0.00035388
16900 0.00035388
16910 0.00035388
16920 0.00035388
16930 0.00035388
16940 0.00035388
16950 0.00035388
16960 0.00035388
16970 0.00035388
16980 0.00035388
16990 0.00035388
17000 0.00035388
17010 0.00035388
17020 0.00035388
17030 0.00035388
17040 0.00035388
17050 0.00035388
17060 0.00035388
17070 0.00035388
17080 0.00035388
17090 0.00035388
17100 0.00035388
17110 0.00035388
17120 0.00035388
17130 0.00035388
17140 0.00035388
17150 0.00035388
17160 0.00035388
17170 0.00035388
17180 0.00035388
17190 0.00035388
17200 0.00035388
17210 0.00035388
17220 0.00035388
17230 0.00035388
17240 0.00035388
17250 0.00035388
17260 0.00035388
17270 0.00035388
17280 0.00035388
17290 0.00035388
17300 0.00035388
17310 0.00035388
17320 0.00035388
17330 0.00035388
17340 0.00035388
17350 0.00035388
17360 0.00035388
17370 0.00035388
17380 0.00035388
17390 0.00035388
17400 0.00035388
17410 0.00035388
17420 0.00035388
17430 0.00035388
17440 0.00035388
17450 0.00035388
17460 0.00035388
17470 0.00035388
17480 0.00035388
17490 0.00035388
17500 0.00035388
17510 0.00035388
17520 0.00035388
17530 0.00035388
17540 0.00035388
17550 0.00035388
17560 0.00035388
17570 0.00035388
17580 0.00035388
17590 0.00035388
17600 0.00035388
17610 0.00035388
17620 0.00035388
17630 0.00035388
17640 0.00035388
17650 0.00035388
17660 0.00035388
17670 0.00035388
17680 0.00035388
17690 0.00035388
17700 0.00035388
17710 0.00035388
17720 0.00035388
17730 0.00035388
17740 0.00035388
17750 0.00035388
17760 0.00035388
17770 0.00035388
17780 0.00035388
17790 0.00035388
17800 0.00035388
17810 0.00035388
17820 0.00035388
17830 0.00035388
17840 0.00035388
17850 0.00035388
17860 0.00035388
17870 0.00035388
17880 0.00035388
17890 0.00035388
17900 0.00035388
17910 0.00035388
17920 0.00035388
17930 0.00035388
17940 0.00035388
17950 0.00035388
17960 0.00035388
17970 0.00035388
17980 0.00035388
17990 0.00035388
18000 0.00035388
18010 0.00035388
18020 0.00035388
18030 0.00035388
18040 0.00035388
18050 0.00035388
18060 0.00035388
18070 0.00035388
18080 0.00035388
18090 0.00035388
18100 0.00035388
18110 0.00035388
18120 0.00035388
18130 0.00035388
18140 0.00035388
18150 0.00035388
18160 0.00035388
18170 0.00035388
18180 0.00035388
18190 0.00035388
18200 0.00035388
18210 0.00035388
18220 0.00035388
18230 0.00035388
18240 0.00035388
18250 0.00035388
18260 0.00035388
18270 0.00035388
18280 0.00035388
18290 0.00035388
18300 0.00035388
18310 0.00035388
18320 0.00035388
18330 0.00035388
18340 0.00035388
18350 0.00035388
18360 0.00035388
18370 0.00035388
18380 0.00035388
18390 0.00035388
18400 0.00035388
18410 0.00035388
18420 0.00035388
18430 0.00035388
18440 0.00035388
18450 0.00035388
18460 0.00035388
18470 0.00035388
18480 0.00035388
18490 0.00035388
18500 0.00035388
18510 0.00035388
18520 0.00035388
18530 0.00035388
18540 0.00035388
18550 0.00035388
18560 0.00035388
18570 0.00035388
18580 0.00035388
18590 0.00035388
18600 0.00035388
18610 0.00035388
18620 0.00035388
18630 0.00035388
18640 0.00035388
18650 0.00035388
18660 0.00035388
18670 0.00035388
18680 0.00035388
18690 0.00035388
18700 0.00035388
18710 0.00035388
18720 0.00035388
18730 0.00035388
18740 0.00035388
18750 0.00035388
18760 0.00035388
18770 0.00035388
18780 0.00035388
18790 0.00035388
18800 0.00035388
18810 0.00035388
18820 0.00035388
18830 0.00035388
18840 0.00035388
18850 0.00035388
18860 0.00035388
18870 0.00035388
18880 0.00035388
18890 0.00035388
18900 0.00035388
18910 0.00035388
18920 0.00035388
18930 0.00035388
18940 0.00035388
18950 0.00035388
18960 0.00035388
18970 0.00035388
18980 0.00035388
18990 0.00035388
19000 0.00035388
19010 0.00035388
19020 0.00035388
19030 0.00035388
19040 0.00035388
19050 0.00035388
19060 0.00035388
19070 0.00035388
19080 0.00035388
19090 0.00035388
19100 0.00035388
19110 0.00035388
19120 0.00035388
19130 0.00035388
19140 0.00035388
19150 0.00035388
19160 0.00035388
19170 0.00035388
19180 0.00035388
19190 0.00035388
19200 0.00035388
19210 0.00035388
19220 0.00035388
19230 0.00035388
19240 0.00035388
19250 0.00035388
19260 0.00035388
19270 0.00035388
19280 0.00035388
19290 0.00035388
19300 0.00035388
19310 0.00035388
19320 0.00035388
19330 0.00035388
19340 0.00035388
19350 0.00035388
19360 0.00035388
19370 0.00035388
19380 0.00035388
19390 0.00035388
19400 0.00035388
19410 0.00035388
19420 0.00035388
19430 0.00035388
19440 0.00035388
19450 0.00035388
19460 0.00035388
19470 0.00035388
19480 0.00035388
19490 0.00035388
19500 0.00035388
19510 0.00035388
19520 0.00035388
19530 0.00035388
19540 0.00035388
19550 0.00035388
19560 0.00035388
19570 0.00035388
19580 0.00035388
19590 0.00035388
19600 0.00035388
19610 0.00035388
19620 0.00035388
19630 0.00035388
19640 0.00035388
19650 0.00035388
19660 0.00035388
19670 0.00035388
19680 0.00035388
19690 0.00035388
19700 0.00035388
19710 0.00035388
19720 0.00035388
19730 0.00035388
19740 0.00035388
19750 0.00035388
19760 0.00035388
19770 0.00035388
19780 0.00035388
19790 0.00035388
19800 0.00035388
19810 0.00035388
19820 0.00035388
19830 0.00035388
19840 0.00035388
19850 0.00035388
19860 0.00035388
19870 0.00035388
19880 0.00035388
19890 0.00035388
19900 0.00035388
19910 0.00035388
19920 0.00035388
19930 0.00035388
19940 0.00035388
19950 0.00035388
19960 0.00035388
19970 0.00035388
19980 0.00035388
19990 0.00035388
20000 0.00035388
-END-OF-DATA-
