-START-OF-DATA-
0 0.000278
10 0.000278
20 0.000278
30 0.000278
40 0.000278
50 0.000278
60 0.000278
70 0.000278
80 0.000278
90 0.000278
100 0.000278
110 0.000278
120 0.000278
130 0.000278
140 0.000278
150 0.000278
160 0.000278
170 0.000278
180 0.000278
190 0.000278
200 0.000278
210 0.000278
220 0.000278
230 0.000278
240 0.000278
250 0.000278
260 0.000278
270 0.000278
280 0.000278
290 0.000278
300 0.000278
310 0.000278
320 0.000278
330 0.000278
340 0.000278
350 0.000278
360 0.000278
370 0.000278
380 0.000278
390 0.000278
400 0.000278
410 0.000278
420 0.000278
430 0.000278
440 0.000278
450 0.000278
460 0.000278
470 0.000278
480 0.000278
490 0.000278
500 0.000278
510 0.000278
520 0.000278
530 0.000278
540 0.000278
550 0.000278
560 0.000278
570 0.000278
580 0.000278
590 0.000278
600 0.000278
610 0.000278
620 0.000278
630 0.000278
640 0.000278
650 0.000278
660 0.000278
670 0.000278
680 0.000278
690 0.000278
700 0.000278
710 0.000278
720 0.000278
730 0.000278
740 0.000278
750 0.000278
760 0.000278
770 0.000278
780 0.000278
790 0.000278
800 0.000278
810 0.000278
820 0.000278
830 0.000278
840 0.000278
850 0.000278
860 0.000278
870 0.000278
880 0.000278
890 0.000278
900 0.000278
910 0.000278
920 0.000278
930 0.000278
940 0.000278
950 0.000278
960 0.000278
970 0.000278
980 0.000278
990 0.000278
1000 0.000278
1010 0.000278
1020 0.000278
1030 0.000278
1040 0.000278
1050 0.000278
1060 0.000278
1070 0.000278
1080 0.000278
1090 0.000278
1100 0.000278
1110 0.000278
1120 0.000278
1130 0.000278
1140 0.000278
1150 0.000278
1160 0.000278
1170 0.000278
1180 0.000278
1190 0.000278
1200 0.000278
1210 0.000278
1220 0.000278
1230 0.000278
1240 0.000278
1250 0.000278
1260 0.000278
1270 0.000278
1280 0.000278
1290 0.000278
1300 0.000278
1310 0.000278
1320 0.000278
1330 0.000278
1340 0.000278
1350 0.000278
1360 0.000278
1370 0.000278
1380 0.000278
1390 0.000278
1400 0.000278
1410 0.000278
1420 0.000278
1430 0.000278
1440 0.000278
1450 0.000278
1460 0.000278
1470 0.000278
1480 0.000278
1490 0.000278
1500 0.000278
1510 0.000278
1520 0.000278
1530 0.000278
1540 0.000278
1550 0.000278
1560 0.000278
1570 0.000278
1580 0.000278
1590 0.000278
1600 0.000278
1610 0.000278
1620 0.000278
1630 0.000278
1640 0.000278
1650 0.000278
1660 0.000278
1670 0.000278
1680 0.000278
1690 0.000278
1700 0.000278
1710 0.000278
1720 0.000278
1730 0.000278
1740 0.000278
1750 0.000278
1760 0.000278
1770 0.000278
1780 0.000278
1790 0.000278
1800 0.000278
1810 0.000278
1820 0.000278
1830 0.000278
1840 0.000278
1850 0.000278
1860 0.000278
1870 0.000278
1880 0.000278
1890 0.000278
1900 0.000278
1910 0.000278
1920 0.000278
1930 0.000278
1940 0.000278
1950 0.000278
1960 0.000278
1970 0.000278
1980 0.000278
1990 0.000278
2000 0.000278
2010 0.000289283887043189
2020 0.000300567774086379
2030 0.000311851661129568
2040 0.000323135548172757
2050 0.000334419435215947
2060 0.000345703322259136
2070 0.000356987209302326
2080 0.000368271096345515
2090 0.000379554983388704
2100 0.000390838870431894
2110 0.000402122757475083
2120 0.000413406644518272
2130 0.000424690531561462
2140 0.000435974418604651
2150 0.00044725830564784
2160 0.00045854219269103
2170 0.000469826079734219
2180 0.000481109966777409
2190 0.000492393853820598
2200 0.000503677740863787
2210 0.000514961627906977
2220 0.000526245514950166
2230 0.000537529401993355
2240 0.000548813289036545
2250 0.000560097176079734
2260 0.000571381063122923
2270 0.000582664950166113
2280 0.000593948837209302
2290 0.000605232724252492
2300 0.000616516611295681
2310 0.00062780049833887
2320 0.00063908438538206
2330 0.000650368272425249
2340 0.000661652159468438
2350 0.000672936046511628
2360 0.000684219933554817
2370 0.000695503820598007
2380 0.000706787707641196
2390 0.000718071594684385
2400 0.000729355481727575
2410 0.000740639368770764
2420 0.000751923255813953
2430 0.000763207142857143
2440 0.000774491029900332
2450 0.000785774916943521
2460 0.000797058803986711
2470 0.0008083426910299
2480 0.00081962657807309
2490 0.000830910465116279
2500 0.000842194352159468
2510 0.000853478239202658
2520 0.000864762126245847
2530 0.000876046013289036
2540 0.000887329900332226
2550 0.000898613787375415
2560 0.000909897674418605
2570 0.000921181561461794
2580 0.000932465448504983
2590 0.000943749335548173
2600 0.000955033222591362
2610 0.000966317109634551
2620 0.000977600996677741
2630 0.00098888488372093
2640 0.00100016877076412
2650 0.00101145265780731
2660 0.0010227365448505
2670 0.00103402043189369
2680 0.00104530431893688
2690 0.00105658820598007
2700 0.00106787209302326
2710 0.00107915598006645
2720 0.00109043986710963
2730 0.00110172375415282
2740 0.00111300764119601
2750 0.0011242915282392
2760 0.00113557541528239
2770 0.00114685930232558
2780 0.00115814318936877
2790 0.00116942707641196
2800 0.00118071096345515
2810 0.00119199485049834
2820 0.00120327873754153
2830 0.00121456262458472
2840 0.00122584651162791
2850 0.0012371303986711
2860 0.00124841428571429
2870 0.00125969817275748
2880 0.00127098205980066
2890 0.00128226594684385
2900 0.00129354983388704
2910 0.00130483372093023
2920 0.00131611760797342
2930 0.00132740149501661
2940 0.0013386853820598
2950 0.00134996926910299
2960 0.00136125315614618
2970 0.00137253704318937
2980 0.00138382093023256
2990 0.00139510481727575
3000 0.00140638870431894
3010 0.00141767259136213
3020 0.00142895647840532
3030 0.0014402403654485
3040 0.00145152425249169
3050 0.00146280813953488
3060 0.00147409202657807
3070 0.00148537591362126
3080 0.00149665980066445
3090 0.00150794368770764
3100 0.00151922757475083
3110 0.00153051146179402
3120 0.00154179534883721
3130 0.0015530792358804
3140 0.00156436312292359
3150 0.00157564700996678
3160 0.00158693089700997
3170 0.00159821478405316
3180 0.00160949867109635
3190 0.00162078255813953
3200 0.00163206644518272
3210 0.00164335033222591
3220 0.0016546342192691
3230 0.00166591810631229
3240 0.00167720199335548
3250 0.00168848588039867
3260 0.00169976976744186
3270 0.00171105365448505
3280 0.00172233754152824
3290 0.00173362142857143
3300 0.00174490531561462
3310 0.00175618920265781
3320 0.001767473089701
3330 0.00177875697674419
3340 0.00179004086378738
3350 0.00180132475083056
3360 0.00181260863787375
3370 0.00182389252491694
3380 0.00183517641196013
3390 0.00184646029900332
3400 0.00185774418604651
3410 0.0018690280730897
3420 0.00188031196013289
3430 0.00189159584717608
3440 0.00190287973421927
3450 0.00191416362126246
3460 0.00192544750830565
3470 0.00193673139534884
3480 0.00194801528239203
3490 0.00195929916943522
3500 0.0019705830564784
3510 0.00198186694352159
3520 0.00199315083056478
3530 0.00200443471760797
3540 0.00201571860465116
3550 0.00202700249169435
3560 0.00203828637873754
3570 0.00204957026578073
3580 0.00206085415282392
3590 0.00207213803986711
3600 0.0020834219269103
3610 0.00209470581395349
3620 0.00210598970099668
3630 0.00211727358803987
3640 0.00212855747508306
3650 0.00213984136212625
3660 0.00215112524916943
3670 0.00216240913621262
3680 0.00217369302325581
3690 0.002184976910299
3700 0.00219626079734219
3710 0.00220754468438538
3720 0.00221882857142857
3730 0.00223011245847176
3740 0.00224139634551495
3750 0.00225268023255814
3760 0.00226396411960133
3770 0.00227524800664452
3780 0.00228653189368771
3790 0.0022978157807309
3800 0.00230909966777409
3810 0.00232038355481728
3820 0.00233166744186046
3830 0.00234295132890365
3840 0.00235423521594684
3850 0.00236551910299003
3860 0.00237680299003322
3870 0.00238808687707641
3880 0.0023993707641196
3890 0.00241065465116279
3900 0.00242193853820598
3910 0.00243322242524917
3920 0.00244450631229236
3930 0.00245579019933555
3940 0.00246707408637874
3950 0.00247835797342193
3960 0.00248964186046512
3970 0.00250092574750831
3980 0.00251220963455149
3990 0.00252349352159468
4000 0.00253477740863787
4010 0.00254606129568106
4020 0.00255734518272425
4030 0.00256862906976744
4040 0.00257991295681063
4050 0.00259119684385382
4060 0.00260248073089701
4070 0.0026137646179402
4080 0.00262504850498339
4090 0.00263633239202658
4100 0.00264761627906977
4110 0.00265890016611296
4120 0.00267018405315615
4130 0.00268146794019934
4140 0.00269275182724252
4150 0.00270403571428571
4160 0.0027153196013289
4170 0.00272660348837209
4180 0.00273788737541528
4190 0.00274917126245847
4200 0.00276045514950166
4210 0.00277173903654485
4220 0.00278302292358804
4230 0.00279430681063123
4240 0.00280559069767442
4250 0.00281687458471761
4260 0.0028281584717608
4270 0.00283944235880399
4280 0.00285072624584718
4290 0.00286201013289037
4300 0.00287329401993355
4310 0.00288457790697674
4320 0.00289586179401993
4330 0.00290714568106312
4340 0.00291842956810631
4350 0.0029297134551495
4360 0.00294099734219269
4370 0.00295228122923588
4380 0.00296356511627907
4390 0.00297484900332226
4400 0.00298613289036545
4410 0.00299741677740864
4420 0.00300870066445183
4430 0.00301998455149502
4440 0.00303126843853821
4450 0.0030425523255814
4460 0.00305383621262458
4470 0.00306512009966777
4480 0.00307640398671096
4490 0.00308768787375415
4500 0.00309897176079734
4510 0.00311025564784053
4520 0.00312153953488372
4530 0.00313282342192691
4540 0.0031441073089701
4550 0.00315539119601329
4560 0.00316667508305648
4570 0.00317795897009967
4580 0.00318924285714286
4590 0.00320052674418605
4600 0.00321181063122924
4610 0.00322309451827243
4620 0.00323437840531561
4630 0.0032456622923588
4640 0.00325694617940199
4650 0.00326823006644518
4660 0.00327951395348837
4670 0.00329079784053156
4680 0.00330208172757475
4690 0.00331336561461794
4700 0.00332464950166113
4710 0.00333593338870432
4720 0.00334721727574751
4730 0.0033585011627907
4740 0.00336978504983389
4750 0.00338106893687708
4760 0.00339235282392027
4770 0.00340363671096346
4780 0.00341492059800664
4790 0.00342620448504983
4800 0.00343748837209302
4810 0.00344877225913621
4820 0.0034600561461794
4830 0.00347134003322259
4840 0.00348262392026578
4850 0.00349390780730897
4860 0.00350519169435216
4870 0.00351647558139535
4880 0.00352775946843854
4890 0.00353904335548173
4900 0.00355032724252492
4910 0.00356161112956811
4920 0.0035728950166113
4930 0.00358417890365448
4940 0.00359546279069767
4950 0.00360674667774086
4960 0.00361803056478405
4970 0.00362931445182724
4980 0.00364059833887043
4990 0.00365188222591362
5000 0.00366316611295681
5010 0.00367445
5020 0.00367445
5030 0.00367445
5040 0.00367445
5050 0.00367445
5060 0.00367445
5070 0.00367445
5080 0.00367445
5090 0.00367445
5100 0.00367445
5110 0.00367445
5120 0.00367445
5130 0.00367445
5140 0.00367445
5150 0.00367445
5160 0.00367445
5170 0.00367445
5180 0.00367445
5190 0.00367445
5200 0.00367445
5210 0.00367445
5220 0.00367445
5230 0.00367445
5240 0.00367445
5250 0.00367445
5260 0.00367445
5270 0.00367445
5280 0.00367445
5290 0.00367445
5300 0.00367445
5310 0.00367445
5320 0.00367445
5330 0.00367445
5340 0.00367445
5350 0.00367445
5360 0.00367445
5370 0.00367445
5380 0.00367445
5390 0.00367445
5400 0.00367445
5410 0.00367445
5420 0.00367445
5430 0.00367445
5440 0.00367445
5450 0.00367445
5460 0.00367445
5470 0.00367445
5480 0.00367445
5490 0.00367445
5500 0.00367445
5510 0.00367445
5520 0.00367445
5530 0.00367445
5540 0.00367445
5550 0.00367445
5560 0.00367445
5570 0.00367445
5580 0.00367445
5590 0.00367445
5600 0.00367445
5610 0.00367445
5620 0.00367445
5630 0.00367445
5640 0.00367445
5650 0.00367445
5660 0.00367445
5670 0.00367445
5680 0.00367445
5690 0.00367445
5700 0.00367445
5710 0.00367445
5720 0.00367445
5730 0.00367445
5740 0.00367445
5750 0.00367445
5760 0.00367445
5770 0.00367445
5780 0.00367445
5790 0.00367445
5800 0.00367445
5810 0.00367445
5820 0.00367445
5830 0.00367445
5840 0.00367445
5850 0.00367445
5860 0.00367445
5870 0.00367445
5880 0.00367445
5890 0.00367445
5900 0.00367445
5910 0.00367445
5920 0.00367445
5930 0.00367445
5940 0.00367445
5950 0.00367445
5960 0.00367445
5970 0.00367445
5980 0.00367445
5990 0.00367445
6000 0.00367445
6010 0.00367445
6020 0.00367445
6030 0.00367445
6040 0.00367445
6050 0.00367445
6060 0.00367445
6070 0.00367445
6080 0.00367445
6090 0.00367445
6100 0.00367445
6110 0.00367445
6120 0.00367445
6130 0.00367445
6140 0.00367445
6150 0.00367445
6160 0.00367445
6170 0.00367445
6180 0.00367445
6190 0.00367445
6200 0.00367445
6210 0.00367445
6220 0.00367445
6230 0.00367445
6240 0.00367445
6250 0.00367445
6260 0.00367445
6270 0.00367445
6280 0.00367445
6290 0.00367445
6300 0.00367445
6310 0.00367445
6320 0.00367445
6330 0.00367445
6340 0.00367445
6350 0.00367445
6360 0.00367445
6370 0.00367445
6380 0.00367445
6390 0.00367445
6400 0.00367445
6410 0.00367445
6420 0.00367445
6430 0.00367445
6440 0.00367445
6450 0.00367445
6460 0.00367445
6470 0.00367445
6480 0.00367445
6490 0.00367445
6500 0.00367445
6510 0.00367445
6520 0.00367445
6530 0.00367445
6540 0.00367445
6550 0.00367445
6560 0.00367445
6570 0.00367445
6580 0.00367445
6590 0.00367445
6600 0.00367445
6610 0.00367445
6620 0.00367445
6630 0.00367445
6640 0.00367445
6650 0.00367445
6660 0.00367445
6670 0.00367445
6680 0.00367445
6690 0.00367445
6700 0.00367445
6710 0.00367445
6720 0.00367445
6730 0.00367445
6740 0.00367445
6750 0.00367445
6760 0.00367445
6770 0.00367445
6780 0.00367445
6790 0.00367445
6800 0.00367445
6810 0.00367445
6820 0.00367445
6830 0.00367445
6840 0.00367445
6850 0.00367445
6860 0.00367445
6870 0.00367445
6880 0.00367445
6890 0.00367445
6900 0.00367445
6910 0.00367445
6920 0.00367445
6930 0.00367445
6940 0.00367445
6950 0.00367445
6960 0.00367445
6970 0.00367445
6980 0.00367445
6990 0.00367445
7000 0.00367445
7010 0.00367445
7020 0.00367445
7030 0.00367445
7040 0.00367445
7050 0.00367445
7060 0.00367445
7070 0.00367445
7080 0.00367445
7090 0.00367445
7100 0.00367445
7110 0.00367445
7120 0.00367445
7130 0.00367445
7140 0.00367445
7150 0.00367445
7160 0.00367445
7170 0.00367445
7180 0.00367445
7190 0.00367445
7200 0.00367445
7210 0.00367445
7220 0.00367445
7230 0.00367445
7240 0.00367445
7250 0.00367445
7260 0.00367445
7270 0.00367445
7280 0.00367445
7290 0.00367445
7300 0.00367445
7310 0.00367445
7320 0.00367445
7330 0.00367445
7340 0.00367445
7350 0.00367445
7360 0.00367445
7370 0.00367445
7380 0.00367445
7390 0.00367445
7400 0.00367445
7410 0.00367445
7420 0.00367445
7430 0.00367445
7440 0.00367445
7450 0.00367445
7460 0.00367445
7470 0.00367445
7480 0.00367445
7490 0.00367445
7500 0.00367445
7510 0.00367445
7520 0.00367445
7530 0.00367445
7540 0.00367445
7550 0.00367445
7560 0.00367445
7570 0.00367445
7580 0.00367445
7590 0.00367445
7600 0.00367445
7610 0.00367445
7620 0.00367445
7630 0.00367445
7640 0.00367445
7650 0.00367445
7660 0.00367445
7670 0.00367445
7680 0.00367445
7690 0.00367445
7700 0.00367445
7710 0.00367445
7720 0.00367445
7730 0.00367445
7740 0.00367445
7750 0.00367445
7760 0.00367445
7770 0.00367445
7780 0.00367445
7790 0.00367445
7800 0.00367445
7810 0.00367445
7820 0.00367445
7830 0.00367445
7840 0.00367445
7850 0.00367445
7860 0.00367445
7870 0.00367445
7880 0.00367445
7890 0.00367445
7900 0.00367445
7910 0.00367445
7920 0.00367445
7930 0.00367445
7940 0.00367445
7950 0.00367445
7960 0.00367445
7970 0.00367445
7980 0.00367445
7990 0.00367445
8000 0.00367445
8010 0.00367445
8020 0.00367445
8030 0.00367445
8040 0.00367445
8050 0.00367445
8060 0.00367445
8070 0.00367445
8080 0.00367445
8090 0.00367445
8100 0.00367445
8110 0.00367445
8120 0.00367445
8130 0.00367445
8140 0.00367445
8150 0.00367445
8160 0.00367445
8170 0.00367445
8180 0.00367445
8190 0.00367445
8200 0.00367445
8210 0.00367445
8220 0.00367445
8230 0.00367445
8240 0.00367445
8250 0.00367445
8260 0.00367445
8270 0.00367445
8280 0.00367445
8290 0.00367445
8300 0.00367445
8310 0.00367445
8320 0.00367445
8330 0.00367445
8340 0.00367445
8350 0.00367445
8360 0.00367445
8370 0.00367445
8380 0.00367445
8390 0.00367445
8400 0.00367445
8410 0.00367445
8420 0.00367445
8430 0.00367445
8440 0.00367445
8450 0.00367445
8460 0.00367445
8470 0.00367445
8480 0.00367445
8490 0.00367445
8500 0.00367445
8510 0.00367445
8520 0.00367445
8530 0.00367445
8540 0.00367445
8550 0.00367445
8560 0.00367445
8570 0.00367445
8580 0.00367445
8590 0.00367445
8600 0.00367445
8610 0.00367445
8620 0.00367445
8630 0.00367445
8640 0.00367445
8650 0.00367445
8660 0.00367445
8670 0.00367445
8680 0.00367445
8690 0.00367445
8700 0.00367445
8710 0.00367445
8720 0.00367445
8730 0.00367445
8740 0.00367445
8750 0.00367445
8760 0.00367445
8770 0.00367445
8780 0.00367445
8790 0.00367445
8800 0.00367445
8810 0.00367445
8820 0.00367445
8830 0.00367445
8840 0.00367445
8850 0.00367445
8860 0.00367445
8870 0.00367445
8880 0.00367445
8890 0.00367445
8900 0.00367445
8910 0.00367445
8920 0.00367445
8930 0.00367445
8940 0.00367445
8950 0.00367445
8960 0.00367445
8970 0.00367445
8980 0.00367445
8990 0.00367445
9000 0.00367445
9010 0.00367445
9020 0.00367445
9030 0.00367445
9040 0.00367445
9050 0.00367445
9060 0.00367445
9070 0.00367445
9080 0.00367445
9090 0.00367445
9100 0.00367445
9110 0.00367445
9120 0.00367445
9130 0.00367445
9140 0.00367445
9150 0.00367445
9160 0.00367445
9170 0.00367445
9180 0.00367445
9190 0.00367445
9200 0.00367445
9210 0.00367445
9220 0.00367445
9230 0.00367445
9240 0.00367445
9250 0.00367445
9260 0.00367445
9270 0.00367445
9280 0.00367445
9290 0.00367445
9300 0.00367445
9310 0.00367445
9320 0.00367445
9330 0.00367445
9340 0.00367445
9350 0.00367445
9360 0.00367445
9370 0.00367445
9380 0.00367445
9390 0.00367445
9400 0.00367445
9410 0.00367445
9420 0.00367445
9430 0.00367445
9440 0.00367445
9450 0.00367445
9460 0.00367445
9470 0.00367445
9480 0.00367445
9490 0.00367445
9500 0.00367445
9510 0.00367445
9520 0.00367445
9530 0.00367445
9540 0.00367445
9550 0.00367445
9560 0.00367445
9570 0.00367445
9580 0.00367445
9590 0.00367445
9600 0.00367445
9610 0.00367445
9620 0.00367445
9630 0.00367445
9640 0.00367445
9650 0.00367445
9660 0.00367445
9670 0.00367445
9680 0.00367445
9690 0.00367445
9700 0.00367445
9710 0.00367445
9720 0.00367445
9730 0.00367445
9740 0.00367445
9750 0.00367445
9760 0.00367445
9770 0.00367445
9780 0.00367445
9790 0.00367445
9800 0.00367445
9810 0.00367445
9820 0.00367445
9830 0.00367445
9840 0.00367445
9850 0.00367445
9860 0.00367445
9870 0.00367445
9880 0.00367445
9890 0.00367445
9900 0.00367445
9910 0.00367445
9920 0.00367445
9930 0.00367445
9940 0.00367445
9950 0.00367445
9960 0.00367445
9970 0.00367445
9980 0.00367445
9990 0.00367445
10000 0.00367445
10010 0.00367445
10020 0.00367445
10030 0.00367445
10040 0.00367445
10050 0.00367445
10060 0.00367445
10070 0.00367445
10080 0.00367445
10090 0.00367445
10100 0.00367445
10110 0.00367445
10120 0.00367445
10130 0.00367445
10140 0.00367445
10150 0.00367445
10160 0.00367445
10170 0.00367445
10180 0.00367445
10190 0.00367445
10200 0.00367445
10210 0.00367445
10220 0.00367445
10230 0.00367445
10240 0.00367445
10250 0.00367445
10260 0.00367445
10270 0.00367445
10280 0.00367445
10290 0.00367445
10300 0.00367445
10310 0.00367445
10320 0.00367445
10330 0.00367445
10340 0.00367445
10350 0.00367445
10360 0.00367445
10370 0.00367445
10380 0.00367445
10390 0.00367445
10400 0.00367445
10410 0.00367445
10420 0.00367445
10430 0.00367445
10440 0.00367445
10450 0.00367445
10460 0.00367445
10470 0.00367445
10480 0.00367445
10490 0.00367445
10500 0.00367445
10510 0.00367445
10520 0.00367445
10530 0.00367445
10540 0.00367445
10550 0.00367445
10560 0.00367445
10570 0.00367445
10580 0.00367445
10590 0.00367445
10600 0.00367445
10610 0.00367445
10620 0.00367445
10630 0.00367445
10640 0.00367445
10650 0.00367445
10660 0.00367445
10670 0.00367445
10680 0.00367445
10690 0.00367445
10700 0.00367445
10710 0.00367445
10720 0.00367445
10730 0.00367445
10740 0.00367445
10750 0.00367445
10760 0.00367445
10770 0.00367445
10780 0.00367445
10790 0.00367445
10800 0.00367445
10810 0.00367445
10820 0.00367445
10830 0.00367445
10840 0.00367445
10850 0.00367445
10860 0.00367445
10870 0.00367445
10880 0.00367445
10890 0.00367445
10900 0.00367445
10910 0.00367445
10920 0.00367445
10930 0.00367445
10940 0.00367445
10950 0.00367445
10960 0.00367445
10970 0.00367445
10980 0.00367445
10990 0.00367445
11000 0.00367445
11010 0.00367445
11020 0.00367445
11030 0.00367445
11040 0.00367445
11050 0.00367445
11060 0.00367445
11070 0.00367445
11080 0.00367445
11090 0.00367445
11100 0.00367445
11110 0.00367445
11120 0.00367445
11130 0.00367445
11140 0.00367445
11150 0.00367445
11160 0.00367445
11170 0.00367445
11180 0.00367445
11190 0.00367445
11200 0.00367445
11210 0.00367445
11220 0.00367445
11230 0.00367445
11240 0.00367445
11250 0.00367445
11260 0.00367445
11270 0.00367445
11280 0.00367445
11290 0.00367445
11300 0.00367445
11310 0.00367445
11320 0.00367445
11330 0.00367445
11340 0.00367445
11350 0.00367445
11360 0.00367445
11370 0.00367445
11380 0.00367445
11390 0.00367445
11400 0.00367445
11410 0.00367445
11420 0.00367445
11430 0.00367445
11440 0.00367445
11450 0.00367445
11460 0.00367445
11470 0.00367445
11480 0.00367445
11490 0.00367445
11500 0.00367445
11510 0.00367445
11520 0.00367445
11530 0.00367445
11540 0.00367445
11550 0.00367445
11560 0.00367445
11570 0.00367445
11580 0.00367445
11590 0.00367445
11600 0.00367445
11610 0.00367445
11620 0.00367445
11630 0.00367445
11640 0.00367445
11650 0.00367445
11660 0.00367445
11670 0.00367445
11680 0.00367445
11690 0.00367445
11700 0.00367445
11710 0.00367445
11720 0.00367445
11730 0.00367445
11740 0.00367445
11750 0.00367445
11760 0.00367445
11770 0.00367445
11780 0.00367445
11790 0.00367445
11800 0.00367445
11810 0.00367445
11820 0.00367445
11830 0.00367445
11840 0.00367445
11850 0.00367445
11860 0.00367445
11870 0.00367445
11880 0.00367445
11890 0.00367445
11900 0.00367445
11910 0.00367445
11920 0.00367445
11930 0.00367445
11940 0.00367445
11950 0.00367445
11960 0.00367445
11970 0.00367445
11980 0.00367445
11990 0.00367445
12000 0.00367445
12010 0.00367445
12020 0.00367445
12030 0.00367445
12040 0.00367445
12050 0.00367445
12060 0.00367445
12070 0.00367445
12080 0.00367445
12090 0.00367445
12100 0.00367445
12110 0.00367445
12120 0.00367445
12130 0.00367445
12140 0.00367445
12150 0.00367445
12160 0.00367445
12170 0.00367445
12180 0.00367445
12190 0.00367445
12200 0.00367445
12210 0.00367445
12220 0.00367445
12230 0.00367445
12240 0.00367445
12250 0.00367445
12260 0.00367445
12270 0.00367445
12280 0.00367445
12290 0.00367445
12300 0.00367445
12310 0.00367445
12320 0.00367445
12330 0.00367445
12340 0.00367445
12350 0.00367445
12360 0.00367445
12370 0.00367445
12380 0.00367445
12390 0.00367445
12400 0.00367445
12410 0.00367445
12420 0.00367445
12430 0.00367445
12440 0.00367445
12450 0.00367445
12460 0.00367445
12470 0.00367445
12480 0.00367445
12490 0.00367445
12500 0.00367445
12510 0.00367445
12520 0.00367445
12530 0.00367445
12540 0.00367445
12550 0.00367445
12560 0.00367445
12570 0.00367445
12580 0.00367445
12590 0.00367445
12600 0.00367445
12610 0.00367445
12620 0.00367445
12630 0.00367445
12640 0.00367445
12650 0.00367445
12660 0.00367445
12670 0.00367445
12680 0.00367445
12690 0.00367445
12700 0.00367445
12710 0.00367445
12720 0.00367445
12730 0.00367445
12740 0.00367445
12750 0.00367445
12760 0.00367445
12770 0.00367445
12780 0.00367445
12790 0.00367445
12800 0.00367445
12810 0.00367445
12820 0.00367445
12830 0.00367445
12840 0.00367445
12850 0.00367445
12860 0.00367445
12870 0.00367445
12880 0.00367445
12890 0.00367445
12900 0.00367445
12910 0.00367445
12920 0.00367445
12930 0.00367445
12940 0.00367445
12950 0.00367445
12960 0.00367445
12970 0.00367445
12980 0.00367445
12990 0.00367445
13000 0.00367445
13010 0.00367445
13020 0.00367445
13030 0.00367445
13040 0.00367445
13050 0.00367445
13060 0.00367445
13070 0.00367445
13080 0.00367445
13090 0.00367445
13100 0.00367445
13110 0.00367445
13120 0.00367445
13130 0.00367445
13140 0.00367445
13150 0.00367445
13160 0.00367445
13170 0.00367445
13180 0.00367445
13190 0.00367445
13200 0.00367445
13210 0.00367445
13220 0.00367445
13230 0.00367445
13240 0.00367445
13250 0.00367445
13260 0.00367445
13270 0.00367445
13280 0.00367445
13290 0.00367445
13300 0.00367445
13310 0.00367445
13320 0.00367445
13330 0.00367445
13340 0.00367445
13350 0.00367445
13360 0.00367445
13370 0.00367445
13380 0.00367445
13390 0.00367445
13400 0.00367445
13410 0.00367445
13420 0.00367445
13430 0.00367445
13440 0.00367445
13450 0.00367445
13460 0.00367445
13470 0.00367445
13480 0.00367445
13490 0.00367445
13500 0.00367445
13510 0.00367445
13520 0.00367445
13530 0.00367445
13540 0.00367445
13550 0.00367445
13560 0.00367445
13570 0.00367445
13580 0.00367445
13590 0.00367445
13600 0.00367445
13610 0.00367445
13620 0.00367445
13630 0.00367445
13640 0.00367445
13650 0.00367445
13660 0.00367445
13670 0.00367445
13680 0.00367445
13690 0.00367445
13700 0.00367445
13710 0.00367445
13720 0.00367445
13730 0.00367445
13740 0.00367445
13750 0.00367445
13760 0.00367445
13770 0.00367445
13780 0.00367445
13790 0.00367445
13800 0.00367445
13810 0.00367445
13820 0.00367445
13830 0.00367445
13840 0.00367445
13850 0.00367445
13860 0.00367445
13870 0.00367445
13880 0.00367445
13890 0.00367445
13900 0.00367445
13910 0.00367445
13920 0.00367445
13930 0.00367445
13940 0.00367445
13950 0.00367445
13960 0.00367445
13970 0.00367445
13980 0.00367445
13990 0.00367445
14000 0.00367445
14010 0.00367445
14020 0.00367445
14030 0.00367445
14040 0.00367445
14050 0.00367445
14060 0.00367445
14070 0.00367445
14080 0.00367445
14090 0.00367445
14100 0.00367445
14110 0.00367445
14120 0.00367445
14130 0.00367445
14140 0.00367445
14150 0.00367445
14160 0.00367445
14170 0.00367445
14180 0.00367445
14190 0.00367445
14200 0.00367445
14210 0.00367445
14220 0.00367445
14230 0.00367445
14240 0.00367445
14250 0.00367445
14260 0.00367445
14270 0.00367445
14280 0.00367445
14290 0.00367445
14300 0.00367445
14310 0.00367445
14320 0.00367445
14330 0.00367445
14340 0.00367445
14350 0.00367445
14360 0.00367445
14370 0.00367445
14380 0.00367445
14390 0.00367445
14400 0.00367445
14410 0.00367445
14420 0.00367445
14430 0.00367445
14440 0.00367445
14450 0.00367445
14460 0.00367445
14470 0.00367445
14480 0.00367445
14490 0.00367445
14500 0.00367445
14510 0.00367445
14520 0.00367445
14530 0.00367445
14540 0.00367445
14550 0.00367445
14560 0.00367445
14570 0.00367445
14580 0.00367445
14590 0.00367445
14600 0.00367445
14610 0.00367445
14620 0.00367445
14630 0.00367445
14640 0.00367445
14650 0.00367445
14660 0.00367445
14670 0.00367445
14680 0.00367445
14690 0.00367445
14700 0.00367445
14710 0.00367445
14720 0.00367445
14730 0.00367445
14740 0.00367445
14750 0.00367445
14760 0.00367445
14770 0.00367445
14780 0.00367445
14790 0.00367445
14800 0.00367445
14810 0.00367445
14820 0.00367445
14830 0.00367445
14840 0.00367445
14850 0.00367445
14860 0.00367445
14870 0.00367445
14880 0.00367445
14890 0.00367445
14900 0.00367445
14910 0.00367445
14920 0.00367445
14930 0.00367445
14940 0.00367445
14950 0.00367445
14960 0.00367445
14970 0.00367445
14980 0.00367445
14990 0.00367445
15000 0.00367445
15010 0.00367445
15020 0.00367445
15030 0.00367445
15040 0.00367445
15050 0.00367445
15060 0.00367445
15070 0.00367445
15080 0.00367445
15090 0.00367445
15100 0.00367445
15110 0.00367445
15120 0.00367445
15130 0.00367445
15140 0.00367445
15150 0.00367445
15160 0.00367445
15170 0.00367445
15180 0.00367445
15190 0.00367445
15200 0.00367445
15210 0.00367445
15220 0.00367445
15230 0.00367445
15240 0.00367445
15250 0.00367445
15260 0.00367445
15270 0.00367445
15280 0.00367445
15290 0.00367445
15300 0.00367445
15310 0.00367445
15320 0.00367445
15330 0.00367445
15340 0.00367445
15350 0.00367445
15360 0.00367445
15370 0.00367445
15380 0.00367445
15390 0.00367445
15400 0.00367445
15410 0.00367445
15420 0.00367445
15430 0.00367445
15440 0.00367445
15450 0.00367445
15460 0.00367445
15470 0.00367445
15480 0.00367445
15490 0.00367445
15500 0.00367445
15510 0.00367445
15520 0.00367445
15530 0.00367445
15540 0.00367445
15550 0.00367445
15560 0.00367445
15570 0.00367445
15580 0.00367445
15590 0.00367445
15600 0.00367445
15610 0.00367445
15620 0.00367445
15630 0.00367445
15640 0.00367445
15650 0.00367445
15660 0.00367445
15670 0.00367445
15680 0.00367445
15690 0.00367445
15700 0.00367445
15710 0.00367445
15720 0.00367445
15730 0.00367445
15740 0.00367445
15750 0.00367445
15760 0.00367445
15770 0.00367445
15780 0.00367445
15790 0.00367445
15800 0.00367445
15810 0.00367445
15820 0.00367445
15830 0.00367445
15840 0.00367445
15850 0.00367445
15860 0.00367445
15870 0.00367445
15880 0.00367445
15890 0.00367445
15900 0.00367445
15910 0.00367445
15920 0.00367445
15930 0.00367445
15940 0.00367445
15950 0.00367445
15960 0.00367445
15970 0.00367445
15980 0.00367445
15990 0.00367445
16000 0.00367445
16010 0.00367445
16020 0.00367445
16030 0.00367445
16040 0.00367445
16050 0.00367445
16060 0.00367445
16070 0.00367445
16080 0.00367445
16090 0.00367445
16100 0.00367445
16110 0.00367445
16120 0.00367445
16130 0.00367445
16140 0.00367445
16150 0.00367445
16160 0.00367445
16170 0.00367445
16180 0.00367445
16190 0.00367445
16200 0.00367445
16210 0.00367445
16220 0.00367445
16230 0.00367445
16240 0.00367445
16250 0.00367445
16260 0.00367445
16270 0.00367445
16280 0.00367445
16290 0.00367445
16300 0.00367445
16310 0.00367445
16320 0.00367445
16330 0.00367445
16340 0.00367445
16350 0.00367445
16360 0.00367445
16370 0.00367445
16380 0.00367445
16390 0.00367445
16400 0.00367445
16410 0.00367445
16420 0.00367445
16430 0.00367445
16440 0.00367445
16450 0.00367445
16460 0.00367445
16470 0.00367445
16480 0.00367445
16490 0.00367445
16500 0.00367445
16510 0.00367445
16520 0.00367445
16530 0.00367445
16540 0.00367445
16550 0.00367445
16560 0.00367445
16570 0.00367445
16580 0.00367445
16590 0.00367445
16600 0.00367445
16610 0.00367445
16620 0.00367445
16630 0.00367445
16640 0.00367445
16650 0.00367445
16660 0.00367445
16670 0.00367445
16680 0.00367445
16690 0.00367445
16700 0.00367445
16710 0.00367445
16720 0.00367445
16730 0.00367445
16740 0.00367445
16750 0.00367445
16760 0.00367445
16770 0.00367445
16780 0.00367445
16790 0.00367445
16800 0.00367445
16810 0.00367445
16820 0.00367445
16830 0.00367445
16840 0.00367445
16850 0.00367445
16860 0.00367445
16870 0.00367445
16880 0.00367445
16890 0.00367445
16900 0.00367445
16910 0.00367445
16920 0.00367445
16930 0.00367445
16940 0.00367445
16950 0.00367445
16960 0.00367445
16970 0.00367445
16980 0.00367445
16990 0.00367445
17000 0.00367445
17010 0.00367445
17020 0.00367445
17030 0.00367445
17040 0.00367445
17050 0.00367445
17060 0.00367445
17070 0.00367445
17080 0.00367445
17090 0.00367445
17100 0.00367445
17110 0.00367445
17120 0.00367445
17130 0.00367445
17140 0.00367445
17150 0.00367445
17160 0.00367445
17170 0.00367445
17180 0.00367445
17190 0.00367445
17200 0.00367445
17210 0.00367445
17220 0.00367445
17230 0.00367445
17240 0.00367445
17250 0.00367445
17260 0.00367445
17270 0.00367445
17280 0.00367445
17290 0.00367445
17300 0.00367445
17310 0.00367445
17320 0.00367445
17330 0.00367445
17340 0.00367445
17350 0.00367445
17360 0.00367445
17370 0.00367445
17380 0.00367445
17390 0.00367445
17400 0.00367445
17410 0.00367445
17420 0.00367445
17430 0.00367445
17440 0.00367445
17450 0.00367445
17460 0.00367445
17470 0.00367445
17480 0.00367445
17490 0.00367445
17500 0.00367445
17510 0.00367445
17520 0.00367445
17530 0.00367445
17540 0.00367445
17550 0.00367445
17560 0.00367445
17570 0.00367445
17580 0.00367445
17590 0.00367445
17600 0.00367445
17610 0.00367445
17620 0.00367445
17630 0.00367445
17640 0.00367445
17650 0.00367445
17660 0.00367445
17670 0.00367445
17680 0.00367445
17690 0.00367445
17700 0.00367445
17710 0.00367445
17720 0.00367445
17730 0.00367445
17740 0.00367445
17750 0.00367445
17760 0.00367445
17770 0.00367445
17780 0.00367445
17790 0.00367445
17800 0.00367445
17810 0.00367445
17820 0.00367445
17830 0.00367445
17840 0.00367445
17850 0.00367445
17860 0.00367445
17870 0.00367445
17880 0.00367445
17890 0.00367445
17900 0.00367445
17910 0.00367445
17920 0.00367445
17930 0.00367445
17940 0.00367445
17950 0.00367445
17960 0.00367445
17970 0.00367445
17980 0.00367445
17990 0.00367445
18000 0.00367445
18010 0.00367445
18020 0.00367445
18030 0.00367445
18040 0.00367445
18050 0.00367445
18060 0.00367445
18070 0.00367445
18080 0.00367445
18090 0.00367445
18100 0.00367445
18110 0.00367445
18120 0.00367445
18130 0.00367445
18140 0.00367445
18150 0.00367445
18160 0.00367445
18170 0.00367445
18180 0.00367445
18190 0.00367445
18200 0.00367445
18210 0.00367445
18220 0.00367445
18230 0.00367445
18240 0.00367445
18250 0.00367445
18260 0.00367445
18270 0.00367445
18280 0.00367445
18290 0.00367445
18300 0.00367445
18310 0.00367445
18320 0.00367445
18330 0.00367445
18340 0.00367445
18350 0.00367445
18360 0.00367445
18370 0.00367445
18380 0.00367445
18390 0.00367445
18400 0.00367445
18410 0.00367445
18420 0.00367445
18430 0.00367445
18440 0.00367445
18450 0.00367445
18460 0.00367445
18470 0.00367445
18480 0.00367445
18490 0.00367445
18500 0.00367445
18510 0.00367445
18520 0.00367445
18530 0.00367445
18540 0.00367445
18550 0.00367445
18560 0.00367445
18570 0.00367445
18580 0.00367445
18590 0.00367445
18600 0.00367445
18610 0.00367445
18620 0.00367445
18630 0.00367445
18640 0.00367445
18650 0.00367445
18660 0.00367445
18670 0.00367445
18680 0.00367445
18690 0.00367445
18700 0.00367445
18710 0.00367445
18720 0.00367445
18730 0.00367445
18740 0.00367445
18750 0.00367445
18760 0.00367445
18770 0.00367445
18780 0.00367445
18790 0.00367445
18800 0.00367445
18810 0.00367445
18820 0.00367445
18830 0.00367445
18840 0.00367445
18850 0.00367445
18860 0.00367445
18870 0.00367445
18880 0.00367445
18890 0.00367445
18900 0.00367445
18910 0.00367445
18920 0.00367445
18930 0.00367445
18940 0.00367445
18950 0.00367445
18960 0.00367445
18970 0.00367445
18980 0.00367445
18990 0.00367445
19000 0.00367445
19010 0.00367445
19020 0.00367445
19030 0.00367445
19040 0.00367445
19050 0.00367445
19060 0.00367445
19070 0.00367445
19080 0.00367445
19090 0.00367445
19100 0.00367445
19110 0.00367445
19120 0.00367445
19130 0.00367445
19140 0.00367445
19150 0.00367445
19160 0.00367445
19170 0.00367445
19180 0.00367445
19190 0.00367445
19200 0.00367445
19210 0.00367445
19220 0.00367445
19230 0.00367445
19240 0.00367445
19250 0.00367445
19260 0.00367445
19270 0.00367445
19280 0.00367445
19290 0.00367445
19300 0.00367445
19310 0.00367445
19320 0.00367445
19330 0.00367445
19340 0.00367445
19350 0.00367445
19360 0.00367445
19370 0.00367445
19380 0.00367445
19390 0.00367445
19400 0.00367445
19410 0.00367445
19420 0.00367445
19430 0.00367445
19440 0.00367445
19450 0.00367445
19460 0.00367445
19470 0.00367445
19480 0.00367445
19490 0.00367445
19500 0.00367445
19510 0.00367445
19520 0.00367445
19530 0.00367445
19540 0.00367445
19550 0.00367445
19560 0.00367445
19570 0.00367445
19580 0.00367445
19590 0.00367445
19600 0.00367445
19610 0.00367445
19620 0.00367445
19630 0.00367445
19640 0.00367445
19650 0.00367445
19660 0.00367445
19670 0.00367445
19680 0.00367445
19690 0.00367445
19700 0.00367445
19710 0.00367445
19720 0.00367445
19730 0.00367445
19740 0.00367445
19750 0.00367445
19760 0.00367445
19770 0.00367445
19780 0.00367445
19790 0.00367445
19800 0.00367445
19810 0.00367445
19820 0.00367445
19830 0.00367445
19840 0.00367445
19850 0.00367445
19860 0.00367445
19870 0.00367445
19880 0.00367445
19890 0.00367445
19900 0.00367445
19910 0.00367445
19920 0.00367445
19930 0.00367445
19940 0.00367445
19950 0.00367445
19960 0.00367445
19970 0.00367445
19980 0.00367445
19990 0.00367445
20000 0.00367445
-END-OF-DATA-
