   5.0310788e-03
  -3.0842726e-04
  -3.4904295e-03
  -4.8724671e-03
  -5.8537252e-03
  -6.5707777e-03
  -6.6093944e-03
  -7.0654981e-03
  -7.0845714e-03
  -7.6992022e-03
  -7.9583127e-03
  -8.2809574e-03
  -8.5377157e-03
  -9.0085202e-03
  -9.7724531e-03
  -9.8438183e-03
  -9.6572786e-03
  -8.5083462e-03
  -6.8194069e-03
  -4.1824540e-03
  -6.7412948e-04
   3.6844357e-03
   8.8116200e-03
   1.3232865e-02
   1.8628961e-02
   2.1188696e-02
   2.0731212e-02
   2.1172227e-02
   2.1174149e-02
   1.8751900e-02
   1.6607443e-02
   1.4112553e-02
   1.2714315e-02
   1.1110371e-02
   1.0469205e-02
   1.0429682e-02
  -0.0000000e+00
  -9.8921107e-03
  -6.5314965e-03
  -2.6799459e-03
   4.5033973e-03
   1.0563228e-02
   1.7036771e-02
   2.1735916e-02
   2.4437411e-02
   2.5788708e-02
   2.5435651e-02
   2.4455963e-02
   2.4001235e-02
   2.2786794e-02
   2.1650486e-02
   2.0446628e-02
   1.9169401e-02
   1.8891508e-02
   1.8034859e-02
   1.8964525e-02
   2.0333139e-02
   2.2680802e-02
   2.6623653e-02
   2.9286498e-02
   2.7266987e-02
   2.2828402e-02
   1.9979248e-02
   2.5236272e-02
   2.2947624e-02
   2.2412786e-02
   0.0000000e+00
   0.0000000e+00
   0.0000000e+00
   0.0000000e+00
   0.0000000e+00
   0.0000000e+00
   1.2619150e-03
   8.9582391e-03
   1.8671576e-02
   2.8216293e-02
   3.7098709e-02
   4.6903044e-02
   5.6193326e-02
   6.3233629e-02
   6.8276502e-02
   7.1356356e-02
   7.2368808e-02
   7.2435670e-02
   7.1895301e-02
   7.0714742e-02
   6.9592245e-02
   6.8368167e-02
   6.6424705e-02
   6.3638806e-02
   5.9878737e-02
   5.5722315e-02
   5.1873740e-02
   4.8620235e-02
   4.1747321e-02
   3.9780437e-02
   3.2083510e-02
   2.8358675e-02
   0.0000000e+00
   0.0000000e+00
   0.0000000e+00
   0.0000000e+00
   0.0000000e+00
   0.0000000e+00
   0.0000000e+00
   0.0000000e+00
   0.0000000e+00
   0.0000000e+00
   2.5315497e-02
   3.4643199e-02
   4.5372393e-02
   5.5000525e-02
   6.2593155e-02
   6.9893666e-02
   7.6902337e-02
   8.2341157e-02
   8.7540329e-02
   9.1969557e-02
   9.4703972e-02
   9.7004794e-02
   9.8725513e-02
   1.0026149e-01
   1.0052738e-01
   1.0004586e-01
   9.8220460e-02
   9.5482446e-02
   9.0509720e-02
   8.3652444e-02
   7.5112186e-02
   6.5285787e-02
   5.7781113e-02
   4.5943193e-02
   3.6150552e-02
   3.2620940e-02
   3.2217250e-02
   0.0000000e+00
   0.0000000e+00
   0.0000000e+00
   0.0000000e+00
   0.0000000e+00
   0.0000000e+00
   0.0000000e+00
   0.0000000e+00
   0.0000000e+00
   4.5934968e-02
   5.3219911e-02
   5.9169739e-02
   6.5986499e-02
   6.9543764e-02
   7.2390132e-02
   7.5442620e-02
   7.8859538e-02
   8.2715727e-02
   8.7453425e-02
   9.2032999e-02
   9.5620386e-02
   9.9040985e-02
   1.0181604e-01
   1.0289343e-01
   1.0276837e-01
   1.0290248e-01
   1.0222685e-01
   9.9137723e-02
   9.3365125e-02
   8.3734713e-02
   6.8719481e-02
   5.9660068e-02
   0.0000000e+00
   2.7754689e-02
   2.6241306e-02
   3.2217248e-02
   0.0000000e+00
   0.0000000e+00
   0.0000000e+00
   0.0000000e+00
   0.0000000e+00
   0.0000000e+00
   0.0000000e+00
   0.0000000e+00
   4.4715335e-02
   6.9953608e-02
   7.0562334e-02
   7.0175823e-02
   6.8280842e-02
   6.5618061e-02
   6.2221624e-02
   5.9793498e-02
   5.9027005e-02
   6.0483437e-02
   6.4290721e-02
   6.8706431e-02
   7.2248709e-02
   7.5911720e-02
   7.8552993e-02
   8.0129583e-02
   8.1481223e-02
   8.2772302e-02
   8.4116568e-02
   8.4108835e-02
   8.1416944e-02
   7.1938169e-02
   5.5096264e-02
   0.0000000e+00
   0.0000000e+00
   0.0000000e+00
   0.0000000e+00
   0.0000000e+00
   0.0000000e+00
   0.0000000e+00
   0.0000000e+00
   0.0000000e+00
   0.0000000e+00
   0.0000000e+00
   0.0000000e+00
   6.9560059e-02
   6.9774747e-02
   8.1038259e-02
   7.6338306e-02
   6.8512850e-02
   5.7838522e-02
   4.8221096e-02
   3.9609063e-02
   3.2815680e-02
   2.9024744e-02
   2.8542586e-02
   3.1050026e-02
   3.5094760e-02
   3.8870811e-02
   4.2042255e-02
   4.4265911e-02
   4.6134070e-02
   4.8354194e-02
   5.1004384e-02
   5.4120973e-02
   5.6094311e-02
   5.4908775e-02
   4.6301849e-02
   2.8362885e-02
   0.0000000e+00
   0.0000000e+00
   0.0000000e+00
   0.0000000e+00
   0.0000000e+00
   0.0000000e+00
   0.0000000e+00
   0.0000000e+00
   0.0000000e+00
   4.2536567e-02
   5.4167418e-02
   7.0568404e-02
   7.9354912e-02
   8.0381632e-02
   5.8359914e-02
   4.9405770e-02
   3.7326191e-02
   2.4506375e-02
   1.4078260e-02
   5.5373302e-03
  -1.4644095e-03
  -5.4279429e-03
  -6.0745468e-03
  -3.5818247e-03
  -1.0301707e-05
   3.1584096e-03
   6.1818575e-03
   8.5853598e-03
   1.1600205e-02
   1.5028872e-02
   1.8298573e-02
   2.1271430e-02
   2.2827862e-02
   2.1347287e-02
   1.3150142e-02
  -1.3867207e-04
   0.0000000e+00
   0.0000000e+00
   0.0000000e+00
   0.0000000e+00
   0.0000000e+00
   0.0000000e+00
   0.0000000e+00
   0.0000000e+00
   3.1448440e-02
   3.7286037e-02
   4.3921837e-02
   5.1775873e-02
   5.9772592e-02
   6.2248241e-02
   1.8319203e-02
   1.1042734e-02
   2.5456327e-03
  -6.2382035e-03
  -1.3497259e-02
  -1.9635996e-02
  -2.4893777e-02
  -2.8068090e-02
  -2.8624307e-02
  -2.6741914e-02
  -2.3733869e-02
  -2.0226127e-02
  -1.6674571e-02
  -1.3733468e-02
  -1.0024969e-02
  -6.1542075e-03
  -3.3372301e-03
  -1.7202860e-03
  -1.3932671e-03
  -4.3901303e-03
  -1.2012911e-02
  -1.4725116e-02
   0.0000000e+00
   0.0000000e+00
   0.0000000e+00
   0.0000000e+00
   0.0000000e+00
   0.0000000e+00
   0.0000000e+00
   0.0000000e+00
   1.4096302e-02
   1.8638058e-02
   2.2336707e-02
   2.5231186e-02
   2.5698200e-02
   2.3337191e-02
  -2.1505322e-02
  -2.4721343e-02
  -2.8514042e-02
  -3.2978352e-02
  -3.7333850e-02
  -4.1543625e-02
  -4.5077823e-02
  -4.7008172e-02
  -4.6749596e-02
  -4.4352174e-02
  -4.0445562e-02
  -3.5510987e-02
  -3.1049708e-02
  -2.7229920e-02
  -2.3874605e-02
  -2.1353642e-02
  -2.0822365e-02
  -2.2176268e-02
  -2.5982497e-02
  -3.2142736e-02
  -3.7156507e-02
  -2.0212218e-02
   0.0000000e+00
   0.0000000e+00
   0.0000000e+00
   0.0000000e+00
   0.0000000e+00
   0.0000000e+00
   0.0000000e+00
   0.0000000e+00
  -7.6891501e-03
  -4.5689899e-03
  -5.7759383e-03
  -9.1921054e-03
  -1.3305672e-02
  -1.7858667e-02
  -3.9944768e-02
  -4.1201882e-02
  -4.3198574e-02
  -4.6080440e-02
  -4.9187742e-02
  -5.2496392e-02
  -5.4609604e-02
  -5.4676648e-02
  -5.3083062e-02
  -4.9437057e-02
  -4.4306252e-02
  -3.8529970e-02
  -3.3591677e-02
  -3.0033635e-02
  -2.8317418e-02
  -2.8755669e-02
  -3.1673510e-02
  -3.6790274e-02
  -4.4443421e-02
  -5.2250359e-02
  -5.1867343e-02
  -2.1903987e-02
   0.0000000e+00
   0.0000000e+00
   0.0000000e+00
   0.0000000e+00
   0.0000000e+00
   0.0000000e+00
   0.0000000e+00
  -0.0000000e+00
  -1.5797248e-02
  -1.6985567e-02
  -2.0640496e-02
  -2.6230799e-02
  -3.1870455e-02
  -3.6956292e-02
  -5.0643429e-02
  -5.0644323e-02
  -5.1085301e-02
  -5.3030685e-02
  -5.4871395e-02
  -5.5951994e-02
  -5.5384740e-02
  -5.3368408e-02
  -5.0304152e-02
  -4.6021312e-02
  -4.1493855e-02
  -3.7276998e-02
  -3.3937234e-02
  -3.2483865e-02
  -3.3592209e-02
  -3.7736919e-02
  -4.4518799e-02
  -5.2959442e-02
  -6.2210858e-02
  -6.8324566e-02
  -5.9774876e-02
  -1.9823304e-02
   0.0000000e+00
   0.0000000e+00
   0.0000000e+00
   0.0000000e+00
   0.0000000e+00
  -0.0000000e+00
  -2.2213484e-02
  -1.9518288e-02
  -1.8497227e-02
  -2.3021435e-02
  -2.8950224e-02
  -3.6041595e-02
  -4.2755537e-02
  -4.8120495e-02
  -5.3010024e-02
  -5.2729059e-02
  -5.1666856e-02
  -5.2389137e-02
  -5.1586553e-02
  -4.8896473e-02
  -4.5145530e-02
  -4.2058107e-02
  -4.0733553e-02
  -4.0531639e-02
  -4.0824831e-02
  -4.0864617e-02
  -4.0874436e-02
  -4.2228322e-02
  -4.6077065e-02
  -5.2667167e-02
  -5.9998382e-02
  -6.7170568e-02
  -7.2937414e-02
  -7.2739899e-02
  -5.5946939e-02
  -1.9914589e-02
   0.0000000e+00
   0.0000000e+00
   0.0000000e+00
   0.0000000e+00
  -0.0000000e+00
  -2.6737204e-02
  -2.0357154e-02
  -1.5390598e-02
  -1.7506482e-02
  -2.5929928e-02
  -3.3028565e-02
  -3.8980670e-02
  -4.5013674e-02
  -5.0106041e-02
  -4.8085116e-02
  -4.9036555e-02
  -4.6455782e-02
  -4.4547517e-02
  -4.0503789e-02
  -3.5013862e-02
  -3.1108923e-02
  -3.1204801e-02
  -3.5655752e-02
  -4.2568084e-02
  -4.8662391e-02
  -5.3288821e-02
  -5.7164263e-02
  -6.0984518e-02
  -6.5572210e-02
  -7.0280723e-02
  -7.3664881e-02
  -7.5656407e-02
  -7.4613534e-02
  -6.5748572e-02
  -4.6513095e-02
  -3.1111489e-02
   0.0000000e+00
   0.0000000e+00
   0.0000000e+00
   0.0000000e+00
  -0.0000000e+00
  -3.8334455e-02
  -2.2565395e-02
  -1.5552445e-02
  -2.0934664e-02
  -2.9311461e-02
  -3.4266006e-02
  -3.6773380e-02
  -4.0072821e-02
  -4.4150032e-02
  -3.4327891e-02
  -3.8253266e-02
  -3.5647299e-02
  -3.1105580e-02
  -2.7127879e-02
  -2.3806442e-02
  -2.4101095e-02
  -2.8513078e-02
  -3.7140246e-02
  -4.8591312e-02
  -5.8201734e-02
  -6.6166729e-02
  -7.3228560e-02
  -7.8327611e-02
  -8.1456333e-02
  -8.2138561e-02
  -7.9988375e-02
  -7.4895523e-02
  -6.4922787e-02
  -4.8668072e-02
  -2.8454733e-02
   0.0000000e+00
   0.0000000e+00
   0.0000000e+00
   0.0000000e+00
   0.0000000e+00
  -0.0000000e+00
  -4.6915734e-02
  -2.9005055e-02
  -2.1033224e-02
  -2.4957100e-02
  -2.8300110e-02
  -2.9319594e-02
  -2.7968701e-02
  -2.7493579e-02
  -2.9486215e-02
  -1.7121192e-02
  -2.5152873e-02
  -2.5085725e-02
  -2.4611253e-02
  -2.6821665e-02
  -3.0283509e-02
  -3.5594247e-02
  -4.1966919e-02
  -4.9929414e-02
  -5.8615532e-02
  -6.5114781e-02
  -7.0561342e-02
  -7.5824611e-02
  -7.8837693e-02
  -7.9117134e-02
  -7.5833216e-02
  -6.9506451e-02
  -6.0173798e-02
  -4.6650052e-02
  -2.7722050e-02
  -9.2027277e-03
   0.0000000e+00
   0.0000000e+00
   0.0000000e+00
   0.0000000e+00
   0.0000000e+00
   0.0000000e+00
   0.0000000e+00
  -0.0000000e+00
  -2.1453671e-02
  -2.1456184e-02
  -2.0219509e-02
  -1.8456578e-02
  -1.4942797e-02
  -1.1831878e-02
  -1.1946598e-02
  -3.6164545e-03
  -1.7981779e-02
  -2.3205936e-02
  -3.1186933e-02
  -4.0499810e-02
  -4.9766961e-02
  -5.8999684e-02
  -6.7282394e-02
  -7.4618421e-02
  -7.9409353e-02
  -8.0211535e-02
  -7.8518711e-02
  -7.5590670e-02
  -7.1411520e-02
  -6.6003248e-02
  -5.8229461e-02
  -4.8992518e-02
  -3.8550351e-02
  -2.6052885e-02
  -9.6521638e-03
   8.5524999e-03
   0.0000000e+00
   0.0000000e+00
   0.0000000e+00
   0.0000000e+00
   0.0000000e+00
   0.0000000e+00
   0.0000000e+00
  -0.0000000e+00
  -1.7445767e-02
  -1.3743239e-02
  -9.8469211e-03
  -6.8542049e-03
  -2.7038548e-03
   1.6487294e-03
   2.4678011e-03
   1.0211711e-02
  -8.8463384e-03
  -2.6998569e-02
  -3.8575481e-02
  -5.1028357e-02
  -6.2344767e-02
  -7.2984493e-02
  -8.2151902e-02
  -8.9529697e-02
  -9.3147691e-02
  -9.1536481e-02
  -8.5476969e-02
  -7.6010062e-02
  -6.5478094e-02
  -5.5124787e-02
  -4.4485214e-02
  -3.4456607e-02
  -2.4417876e-02
  -1.3241502e-02
   2.8930115e-04
   1.7590816e-02
   0.0000000e+00
   0.0000000e+00
   0.0000000e+00
   0.0000000e+00
   0.0000000e+00
   0.0000000e+00
   0.0000000e+00
  -0.0000000e+00
  -1.5353801e-02
  -8.3288792e-03
  -1.7802529e-03
   2.5726165e-03
   7.4563409e-03
   1.2601366e-02
   1.5776031e-02
   1.0339681e-02
  -0.0000000e+00
  -2.5668773e-02
  -3.4456815e-02
  -4.7790931e-02
  -5.9188668e-02
  -6.9432533e-02
  -7.7936558e-02
  -8.5172323e-02
  -8.9622539e-02
  -8.9407255e-02
  -8.4880752e-02
  -7.6108350e-02
  -6.5172776e-02
  -5.3626028e-02
  -4.1644192e-02
  -3.0182917e-02
  -1.8339408e-02
  -5.4671320e-03
   6.4925767e-03
   1.2663694e-02
   0.0000000e+00
   0.0000000e+00
   0.0000000e+00
   0.0000000e+00
   0.0000000e+00
   0.0000000e+00
   0.0000000e+00
  -0.0000000e+00
  -1.9826371e-02
  -1.1062585e-02
   1.3928364e-05
   9.1275087e-03
   1.7426571e-02
   2.4407549e-02
   2.0531461e-02
   1.4515774e-03
  -0.0000000e+00
  -2.2121968e-02
  -2.6453543e-02
  -3.7392326e-02
  -4.6572883e-02
  -5.4944795e-02
  -6.2298067e-02
  -6.9309354e-02
  -7.4720591e-02
  -7.6796845e-02
  -7.5902335e-02
  -7.1563333e-02
  -6.4561799e-02
  -5.5549212e-02
  -4.4167172e-02
  -3.1169698e-02
  -1.6472613e-02
  -9.0391201e-04
   1.0570249e-02
   1.3505938e-02
   0.0000000e+00
   0.0000000e+00
   0.0000000e+00
   0.0000000e+00
   0.0000000e+00
   0.0000000e+00
   0.0000000e+00
  -0.0000000e+00
  -2.8762538e-02
  -2.0032153e-02
  -5.0329561e-03
   1.1483418e-02
   2.3478961e-02
   3.4776998e-02
   3.3167520e-03
   4.6199420e-03
   0.0000000e+00
  -0.0000000e+00
  -3.0056510e-02
  -3.9443474e-02
  -4.7092989e-02
  -5.3831242e-02
  -5.9806045e-02
  -6.6095948e-02
  -7.2112598e-02
  -7.6278366e-02
  -7.8596793e-02
  -7.8311577e-02
  -7.5282037e-02
  -6.9207288e-02
  -5.8705077e-02
  -4.3788966e-02
  -2.4988271e-02
  -4.2894459e-03
   8.9707122e-03
   1.3866934e-02
   0.0000000e+00
   0.0000000e+00
   0.0000000e+00
   0.0000000e+00
   0.0000000e+00
   0.0000000e+00
   0.0000000e+00
  -0.0000000e+00
  -4.0837526e-02
  -3.4040131e-02
  -1.7954642e-02
   9.8861633e-03
   2.5265628e-02
   0.0000000e+00
   1.6949571e-02
   0.0000000e+00
   0.0000000e+00
  -0.0000000e+00
  -4.4300146e-02
  -5.6430954e-02
  -6.6966161e-02
  -7.6217562e-02
  -8.4042653e-02
  -9.1941327e-02
  -9.9832468e-02
  -1.0592204e-01
  -1.0979056e-01
  -1.1093053e-01
  -1.0835122e-01
  -1.0115965e-01
  -8.7098993e-02
  -6.7478225e-02
  -4.2780139e-02
  -1.5285676e-02
   2.8777032e-03
   0.0000000e+00
   0.0000000e+00
  -0.0000000e+00
  -0.0000000e+00
   0.0000000e+00
   0.0000000e+00
   0.0000000e+00
  -0.0000000e+00
  -5.6112033e-02
  -5.2257754e-02
  -4.8777379e-02
  -3.9375879e-02
  -1.6858306e-02
   1.9887693e-02
   2.3334772e-02
   2.7333490e-02
   0.0000000e+00
  -0.0000000e+00
  -4.6613967e-02
  -5.5119555e-02
  -6.7360431e-02
  -7.7935666e-02
  -8.6809993e-02
  -9.3664326e-02
  -1.0009490e-01
  -1.0628024e-01
  -1.1111338e-01
  -1.1423534e-01
  -1.1516079e-01
  -1.1301044e-01
  -1.0711683e-01
  -9.5646836e-02
  -7.9489350e-02
  -5.4705963e-02
  -2.2645546e-02
  -7.7772906e-04
   0.0000000e+00
  -0.0000000e+00
  -0.0000000e+00
  -0.0000000e+00
   0.0000000e+00
   0.0000000e+00
   0.0000000e+00
  -0.0000000e+00
  -6.1298627e-02
  -5.6402259e-02
  -5.5027645e-02
  -5.5179194e-02
  -4.3162669e-02
   2.5411769e-02
   3.8152415e-02
   0.0000000e+00
   0.0000000e+00
  -0.0000000e+00
  -5.0158165e-02
  -5.8635373e-02
  -6.6329211e-02
  -7.2625138e-02
  -7.7946857e-02
  -8.0934875e-02
  -8.2794033e-02
  -8.5005142e-02
  -8.7559082e-02
  -9.0339236e-02
  -9.2883557e-02
  -9.3950719e-02
  -9.2676073e-02
  -8.8265993e-02
  -8.0917105e-02
  -6.1548963e-02
  -2.4512218e-02
  -3.5351347e-03
  -0.0000000e+00
  -0.0000000e+00
  -0.0000000e+00
  -0.0000000e+00
   0.0000000e+00
   0.0000000e+00
   0.0000000e+00
  -6.1050046e-02
  -6.0340937e-02
  -5.3122610e-02
  -4.8205554e-02
  -5.4728061e-02
  -3.7086397e-02
   2.9733783e-02
   4.5769472e-02
   0.0000000e+00
   0.0000000e+00
  -0.0000000e+00
  -5.0311986e-02
  -5.4460306e-02
  -5.6830674e-02
  -5.9630804e-02
  -6.3505441e-02
  -6.5451786e-02
  -6.5346643e-02
  -6.4613424e-02
  -6.4658634e-02
  -6.6171177e-02
  -6.9626674e-02
  -7.3759593e-02
  -7.5710021e-02
  -7.3578484e-02
  -7.1954824e-02
  -6.0524292e-02
  -2.1171654e-02
  -2.5315268e-03
  -0.0000000e+00
  -0.0000000e+00
  -0.0000000e+00
  -0.0000000e+00
   0.0000000e+00
   0.0000000e+00
  -0.0000000e+00
  -5.1480424e-02
  -5.1501654e-02
  -4.4660430e-02
  -3.2177127e-02
  -4.8261572e-02
  -2.4626231e-02
   3.0897608e-02
   0.0000000e+00
   0.0000000e+00
   0.0000000e+00
  -0.0000000e+00
  -3.9158204e-02
  -3.8737293e-02
  -3.9571196e-02
  -4.2610660e-02
  -4.8345484e-02
  -5.3022400e-02
  -5.5122636e-02
  -5.4388456e-02
  -5.2978095e-02
  -5.2290652e-02
  -5.3940680e-02
  -5.8441460e-02
  -6.1582737e-02
  -5.6118559e-02
  -5.2463021e-02
  -5.0417874e-02
  -9.6145757e-03
   6.3951439e-03
   0.0000000e+00
   0.0000000e+00
  -0.0000000e+00
  -0.0000000e+00
   0.0000000e+00
  -0.0000000e+00
  -4.4315088e-02
  -3.5163410e-02
  -3.4216769e-02
  -3.2487728e-02
  -2.6201613e-02
  -0.0000000e+00
  -1.0057111e-02
   0.0000000e+00
   0.0000000e+00
   0.0000000e+00
   0.0000000e+00
   0.0000000e+00
  -0.0000000e+00
  -1.3647947e-02
  -1.6777761e-02
  -2.3554744e-02
  -3.2413218e-02
  -3.9812908e-02
  -4.4442136e-02
  -4.5169972e-02
  -4.3887824e-02
  -4.2174079e-02
  -4.1695897e-02
  -4.3828201e-02
  -4.6194568e-02
  -3.8696095e-02
  -2.7637631e-02
  -3.2224473e-02
   5.0293138e-04
   1.5217638e-02
   0.0000000e+00
   0.0000000e+00
   0.0000000e+00
  -0.0000000e+00
   0.0000000e+00
  -0.0000000e+00
  -2.6959151e-02
  -1.5338597e-02
  -1.3975639e-02
  -1.4959068e-02
  -1.5830441e-02
  -1.4517274e-03
   1.1935850e-03
   0.0000000e+00
   0.0000000e+00
   0.0000000e+00
   0.0000000e+00
   0.0000000e+00
   0.0000000e+00
   2.4281312e-02
   1.9017188e-02
   5.9742322e-03
  -7.6314984e-03
  -1.7656650e-02
  -2.3817867e-02
  -2.6077216e-02
  -2.5149820e-02
  -2.3050414e-02
  -2.1010252e-02
  -1.9985786e-02
  -2.0397441e-02
  -1.6897267e-02
  -7.4151168e-03
  -3.0678666e-03
   1.5325247e-02
   0.0000000e+00
   0.0000000e+00
   0.0000000e+00
   0.0000000e+00
  -0.0000000e+00
  -0.0000000e+00
  -0.0000000e+00
   0.0000000e+00
   1.5065663e-02
   1.7733593e-02
   1.6009737e-02
   9.6695442e-03
   1.6405256e-02
   2.9123849e-02
   0.0000000e+00
   0.0000000e+00
   0.0000000e+00
   0.0000000e+00
   0.0000000e+00
   0.0000000e+00
   4.0338662e-02
   4.2888696e-02
   3.0877043e-02
   1.5945852e-02
   6.0979796e-03
   4.0942559e-04
  -1.5308022e-03
  -4.7886570e-04
   1.4854092e-03
   3.6735139e-03
   5.6972506e-03
   6.3565029e-03
   4.1419137e-03
   9.5104993e-03
   0.0000000e+00
   1.9181427e-02
   0.0000000e+00
   0.0000000e+00
   0.0000000e+00
   0.0000000e+00
   0.0000000e+00
   0.0000000e+00
   1.0084479e-02
   3.8528706e-02
   3.6525785e-02
   4.6166141e-02
   3.7665065e-02
   2.6839568e-02
   3.5343050e-02
   4.1680869e-02
   0.0000000e+00
   0.0000000e+00
   0.0000000e+00
   0.0000000e+00
   0.0000000e+00
   0.0000000e+00
   3.8645158e-02
   4.8758426e-02
   4.4917483e-02
   4.0027775e-02
   3.7176676e-02
   3.6281407e-02
   3.8059913e-02
   4.0396675e-02
   4.2741302e-02
   4.4813339e-02
   4.6641752e-02
   4.6925049e-02
   4.3689426e-02
   4.2225935e-02
   4.1557401e-02
   0.0000000e+00
   0.0000000e+00
   3.1449633e-02
   0.0000000e+00
   0.0000000e+00
   0.0000000e+00
   0.0000000e+00
   3.8635938e-02
   3.8528707e-02
   0.0000000e+00
   5.9802747e-02
   4.9236242e-02
   5.5534453e-02
   5.3028988e-02
   0.0000000e+00
   0.0000000e+00
   0.0000000e+00
   0.0000000e+00
   0.0000000e+00
   0.0000000e+00
   0.0000000e+00
   0.0000000e+00
   2.7846964e-02
   3.4739979e-02
   4.7490120e-02
   5.8149505e-02
   6.6084817e-02
   7.3700115e-02
   7.9020085e-02
   8.3665892e-02
   8.7416656e-02
   8.9335035e-02
   8.9444309e-02
   8.5388660e-02
   7.9705620e-02
   6.9069112e-02
   0.0000000e+00
   2.9857627e-02
   3.7119079e-02
   0.0000000e+00
   0.0000000e+00
   0.0000000e+00
   0.0000000e+00
   0.0000000e+00
   0.0000000e+00
   0.0000000e+00
   0.0000000e+00
   0.0000000e+00
   5.0973898e-02
   5.3124869e-02
   0.0000000e+00
   0.0000000e+00
   0.0000000e+00
   0.0000000e+00
   0.0000000e+00
   0.0000000e+00
   0.0000000e+00
   0.0000000e+00
   2.2163370e-05
   1.4827658e-02
   4.2968499e-02
   6.5879710e-02
   8.2335410e-02
   9.5970604e-02
   1.0431965e-01
   1.1118619e-01
   1.1735208e-01
   1.2123974e-01
   1.2099884e-01
   1.1600660e-01
   1.0649628e-01
   8.8442079e-02
   6.4720868e-02
   6.4369145e-02
   0.0000000e+00
   0.0000000e+00
   0.0000000e+00
   0.0000000e+00
   0.0000000e+00
   0.0000000e+00
  -0.0000000e+00
   0.0000000e+00
   0.0000000e+00
   0.0000000e+00
   0.0000000e+00
   0.0000000e+00
   0.0000000e+00
   0.0000000e+00
   0.0000000e+00
   0.0000000e+00
   0.0000000e+00
   0.0000000e+00
   0.0000000e+00
   0.0000000e+00
   0.0000000e+00
   1.2963080e-02
   3.6509428e-02
   5.8643281e-02
   7.7378646e-02
   9.1978572e-02
   1.0176463e-01
   1.0957308e-01
   1.1643539e-01
   1.2080042e-01
   1.1941574e-01
   1.1183435e-01
   1.0337385e-01
   7.4230617e-02
   6.3176818e-02
   5.6153855e-02
   0.0000000e+00
   0.0000000e+00
   0.0000000e+00
   0.0000000e+00
   0.0000000e+00
   0.0000000e+00
  -0.0000000e+00
   0.0000000e+00
   0.0000000e+00
   0.0000000e+00
   0.0000000e+00
   0.0000000e+00
  -0.0000000e+00
  -0.0000000e+00
   0.0000000e+00
   0.0000000e+00
   0.0000000e+00
   0.0000000e+00
   0.0000000e+00
   0.0000000e+00
   0.0000000e+00
   1.0037886e-02
   1.7381854e-02
   3.0639032e-02
   4.4368338e-02
   5.6737781e-02
   6.5593004e-02
   7.2533242e-02
   7.8052290e-02
   8.0210611e-02
   7.4557185e-02
   7.7420826e-02
   8.4283331e-02
   0.0000000e+00
   0.0000000e+00
   0.0000000e+00
   0.0000000e+00
   0.0000000e+00
   0.0000000e+00
   0.0000000e+00
   0.0000000e+00
   0.0000000e+00
   0.0000000e+00
  -0.0000000e+00
   0.0000000e+00
  -0.0000000e+00
   0.0000000e+00
   0.0000000e+00
  -0.0000000e+00
  -0.0000000e+00
   0.0000000e+00
   0.0000000e+00
   0.0000000e+00
   0.0000000e+00
   0.0000000e+00
   0.0000000e+00
  -0.0000000e+00
  -1.5640704e-02
  -2.0529870e-02
  -9.0397011e-03
  -6.2781200e-04
   3.6691399e-03
   3.2322754e-03
   4.1875984e-03
   5.7513616e-03
   7.9993140e-03
   2.2895136e-03
  -7.7381893e-03
  -9.1986069e-03
  -2.6823399e-03
  -1.0151061e-02
  -1.1976026e-02
  -0.0000000e+00
  -0.0000000e+00
  -0.0000000e+00
   0.0000000e+00
   0.0000000e+00
  -0.0000000e+00
  -0.0000000e+00
  -9.4637299e-03
  -1.2674297e-02
  -1.3253253e-02
  -1.3005884e-02
  -9.2601762e-03
   0.0000000e+00
   0.0000000e+00
   0.0000000e+00
   0.0000000e+00
   0.0000000e+00
   0.0000000e+00
   0.0000000e+00
   0.0000000e+00
   0.0000000e+00
   0.0000000e+00
   0.0000000e+00
  -0.0000000e+00
  -9.8625792e-03
  -1.9851582e-02
  -2.4073634e-02
  -2.6192863e-02
  -2.5233832e-02
  -3.0207226e-02
  -3.1596352e-02
  -2.9219370e-02
  -2.6738492e-02
  -2.3395739e-02
  -1.7967667e-02
  -1.4706598e-02
  -1.2425416e-02
  -1.0860830e-02
  -9.5674239e-03
  -7.6123628e-03
  -5.9851895e-03
  -3.0688388e-03
  -7.9902563e-04
   1.1285950e-03
   4.7016173e-04
   2.6446853e-03
   3.1112617e-03
   4.3218544e-03
   1.0731386e-02
   0.0000000e+00
   0.0000000e+00
   0.0000000e+00
