  0.3729  0.3879  0.3953  0.3856  0.4269  0.4259  0.4392  0.4332  0.4517  0.4467  0.4361  0.4468  0.4503  0.4400  0.3845  0.3691  0.3641  0.3546  0.3569  0.4059  0.4058  0.3797  0.3617  0.3638  0.3799  0.4444  0.4333  0.4052  0.4506  0.4544  0.4384  0.4074  0.4220  0.3766  0.3772  0.3593
  0.3080  0.3089  0.3136  0.3282  0.3272  0.3115  0.3284  0.3331  0.3506  0.3313  0.3254  0.3293  0.3209  0.3034  0.2925  0.3004  0.3059  0.3112  0.3130  0.3299  0.3857  0.3580  0.3533  0.3640  0.3791  0.3663  0.3656  0.3467  0.3302  0.3400  0.3396  0.3373  0.3150  0.3075  0.3011  0.3180
  0.2889  0.3084  0.3155  0.3228  0.3340  0.3332  0.3353  0.3461  0.3448  0.3384  0.3348  0.3186  0.3094  0.3295  0.2929  0.2871  0.2958  0.3051  0.3144  0.3250  0.3528  0.3395  0.3437  0.3420  0.3295  0.3114  0.3128  0.2988  0.2966  0.3020  0.3029  0.3026  0.2925  0.2906  0.2841  0.2856
  0.2837  0.3047  0.3153  0.3288  0.3137  0.3261  0.3502  0.3560  0.3576  0.3508  0.3388  0.3222  0.2981  0.3312  0.3051  0.2804  0.2752  0.2861  0.2970  0.3259  0.3289  0.3340  0.3510  0.3470  0.3176  0.3040  0.2730  0.2730  0.2709  0.2724  0.2719  0.2815  0.2823  0.2943  0.2771  0.2958
  0.2777  0.2835  0.2938  0.3236  0.3337  0.3474  0.3547  0.3574  0.3534  0.3479  0.3384  0.3245  0.3036  0.2846  0.3024  0.2762  0.2656  0.2698  0.2843  0.3083  0.3057  0.3371  0.3427  0.3323  0.2909  0.2760  0.2766  0.2702  0.2642  0.2596  0.2757  0.2964  0.3122  0.3297  0.3112  0.3045
  0.2652  0.2817  0.2907  0.3104  0.3309  0.3505  0.3511  0.3478  0.3421  0.3345  0.3242  0.3126  0.2949  0.2703  0.2959  0.2699  0.2575  0.2571  0.2758  0.2958  0.3056  0.3234  0.3227  0.3104  0.2750  0.2792  0.2538  0.2572  0.2572  0.2614  0.2999  0.3302  0.3282  0.2989  0.3078  0.3228
  0.2565  0.2625  0.2759  0.3082  0.3298  0.3410  0.3376  0.3338  0.3286  0.3213  0.3129  0.3024  0.2846  0.2603  0.2736  0.2588  0.2476  0.2512  0.2697  0.2691  0.2999  0.3037  0.2966  0.2859  0.2569  0.2518  0.2009  0.2290  0.2403  0.2543  0.3215  0.3214  0.3522  0.3117  0.3232  0.3242
  0.2368  0.2454  0.2702  0.3074  0.3333  0.3333  0.3278  0.3240  0.3183  0.3098  0.3010  0.2897  0.2704  0.2416  0.2467  0.2495  0.2402  0.2541  0.2521  0.2555  0.2790  0.2760  0.2697  0.2591  0.2353  0.2453  0.2664  0.1940  0.1964  0.2733  0.3212  0.3186  0.3027  0.3159  0.3259  0.3209
  0.2421  0.2523  0.2796  0.3251  0.3272  0.3162  0.3076  0.3008  0.2916  0.2816  0.2734  0.2660  0.2512  0.2324  0.2241  0.2420  0.2331  0.2393  0.2300  0.2511  0.2517  0.2460  0.2416  0.2296  0.2093  0.3091  0.3140  0.2302  0.2046  0.2961  0.3158  0.3178  0.3249  0.3288  0.3227  0.3179
  0.2837  0.2881  0.2942  0.3090  0.3004  0.2880  0.2777  0.2681  0.2595  0.2517  0.2496  0.2484  0.2404  0.2266  0.2060  0.2349  0.2255  0.2056  0.2201  0.2322  0.2287  0.2265  0.2231  0.2064  0.2291  0.3167  0.3170  0.3165  0.2902  0.3138  0.3150  0.3172  0.3155  0.2812  0.2891  0.2863
  0.3230  0.3181  0.3061  0.2871  0.2724  0.2576  0.2463  0.2384  0.2325  0.2298  0.2323  0.2359  0.2367  0.2287  0.1996  0.2152  0.2150  0.1897  0.2171  0.2098  0.2089  0.2096  0.2053  0.1720  0.2570  0.3150  0.3182  0.3163  0.3114  0.3135  0.3132  0.3155  0.2817  0.2587  0.2783  0.3287
  0.3007  0.2849  0.2905  0.2708  0.2538  0.2377  0.2292  0.2259  0.2218  0.2195  0.2227  0.2298  0.2365  0.2313  0.2084  0.1910  0.2206  0.2058  0.1990  0.1972  0.1991  0.2025  0.1947  0.1533  0.2543  0.3124  0.3165  0.3166  0.3110  0.3129  0.3130  0.2677  0.2448  0.2786  0.3098  0.3274
  0.2864  0.2594  0.2741  0.2608  0.2387  0.2243  0.2187  0.2171  0.2129  0.2093  0.2140  0.2253  0.2363  0.2321  0.2123  0.1890  0.2234  0.2524  0.1860  0.1888  0.1954  0.2018  0.1922  0.1540  0.2518  0.3081  0.3080  0.3093  0.3099  0.3125  0.3131  0.2200  0.2188  0.2708  0.3305  0.3294
  0.2777  0.2538  0.2755  0.2531  0.2296  0.2177  0.2126  0.2107  0.2086  0.2099  0.2189  0.2325  0.2441  0.2390  0.2190  0.1986  0.1899  0.2465  0.1713  0.1655  0.1969  0.2127  0.2040  0.1708  0.2402  0.2613  0.2396  0.2866  0.2960  0.2940  0.2959  0.2062  0.1931  0.2619  0.3238  0.3307
  0.2768  0.2635  0.2712  0.2530  0.2324  0.2230  0.2190  0.2203  0.2249  0.2336  0.2468  0.2609  0.2692  0.2593  0.2333  0.2023  0.1780  0.2059  0.1568  0.2221  0.2099  0.2248  0.2167  0.1870  0.2218  0.2201  0.2209  0.2349  0.2724  0.2377  0.2380  0.1641  0.1889  0.2593  0.2669  0.2806
  0.2729  0.2716  0.2770  0.2583  0.2456  0.2401  0.2395  0.2442  0.2515  0.2615  0.2747  0.2876  0.2949  0.2840  0.2569  0.2254  0.2069  0.1952  0.1975  0.2733  0.2548  0.2271  0.2280  0.2038  0.2383  0.2449  0.2334  0.2436  0.3007  0.2548  0.2535  0.1807  0.1900  0.2234  0.2246  0.2260
  0.2883  0.3115  0.2745  0.2607  0.2528  0.2476  0.2459  0.2473  0.2474  0.2480  0.2522  0.2605  0.2692  0.2682  0.2621  0.2539  0.2418  0.2376  0.2635  0.2650  0.2785  0.2268  0.2386  0.2366  0.2301  0.2464  0.2338  0.2435  0.3227  0.3096  0.2211  0.2007  0.2054  0.2199  0.2025  0.2198
  0.2933  0.3111  0.2579  0.2529  0.2410  0.2246  0.2100  0.1992  0.1894  0.1820  0.1804  0.1829  0.1874  0.1897  0.2011  0.2193  0.2426  0.2637  0.2840  0.2795  0.2633  0.2323  0.2349  0.2474  0.2262  0.1991  0.2128  0.2536  0.3130  0.3058  0.1995  0.2029  0.2126  0.2222  0.2099  0.2291
  0.2851  0.3117  0.2544  0.2490  0.2381  0.2180  0.1967  0.1823  0.1720  0.1651  0.1633  0.1646  0.1697  0.1766  0.1930  0.2151  0.2498  0.2881  0.2998  0.2751  0.2690  0.2463  0.2276  0.2397  0.2226  0.2079  0.2347  0.2595  0.3062  0.2978  0.1819  0.2053  0.2140  0.2108  0.2150  0.2311
  0.2512  0.3036  0.2661  0.2569  0.2535  0.2456  0.2378  0.2326  0.2272  0.2208  0.2135  0.2070  0.2062  0.2111  0.2290  0.2508  0.2701  0.2838  0.3002  0.2630  0.2673  0.2739  0.2545  0.2415  0.2299  0.2160  0.2068  0.2638  0.3077  0.2586  0.1959  0.2191  0.2245  0.2187  0.2243  0.2272
  0.2110  0.2595  0.2608  0.2655  0.2723  0.2697  0.2687  0.2688  0.2665  0.2577  0.2417  0.2241  0.2126  0.2094  0.2200  0.2391  0.2565  0.2516  0.2750  0.2740  0.2622  0.2764  0.2535  0.2268  0.2258  0.2114  0.1801  0.2393  0.2965  0.2617  0.2105  0.2247  0.2264  0.2232  0.2292  0.2303
  0.2202  0.2278  0.2531  0.2574  0.2726  0.2785  0.2769  0.2723  0.2663  0.2548  0.2369  0.2175  0.2041  0.1959  0.1988  0.2118  0.2320  0.2363  0.2461  0.2982  0.2699  0.2705  0.2500  0.2171  0.2199  0.2043  0.1685  0.2193  0.2504  0.2508  0.2198  0.2230  0.2207  0.2180  0.2235  0.2294
  0.2169  0.2244  0.2392  0.2507  0.2588  0.2696  0.2731  0.2683  0.2612  0.2511  0.2369  0.2214  0.2072  0.1957  0.1931  0.1993  0.2133  0.2175  0.2064  0.3240  0.2872  0.2860  0.2529  0.2114  0.2097  0.1941  0.1692  0.2344  0.2518  0.2526  0.2199  0.2203  0.2160  0.2141  0.2173  0.2189
  0.2086  0.2085  0.2200  0.2427  0.2412  0.2465  0.2595  0.2612  0.2562  0.2496  0.2432  0.2355  0.2219  0.2065  0.1984  0.1993  0.2049  0.2037  0.1868  0.2975  0.2995  0.3000  0.2665  0.2158  0.2074  0.1931  0.1742  0.2362  0.2504  0.2326  0.2353  0.2147  0.2115  0.2118  0.2141  0.2144
  0.2040  0.1948  0.1997  0.2082  0.2234  0.2303  0.2454  0.2520  0.2509  0.2473  0.2468  0.2458  0.2374  0.2214  0.2085  0.2035  0.2049  0.2025  0.1847  0.2696  0.2880  0.3008  0.2602  0.2277  0.2137  0.1988  0.1783  0.2388  0.2542  0.2250  0.2442  0.2106  0.2100  0.2108  0.2124  0.2137
  0.1960  0.1801  0.1910  0.2039  0.2125  0.2209  0.2342  0.2419  0.2445  0.2443  0.2471  0.2507  0.2495  0.2381  0.2227  0.2118  0.2084  0.2056  0.1892  0.2574  0.2693  0.2821  0.2589  0.2423  0.2245  0.2065  0.1737  0.2162  0.2589  0.2287  0.2113  0.2168  0.2126  0.2128  0.2137  0.2128
  0.1875  0.1871  0.2284  0.2111  0.2128  0.2247  0.2297  0.2359  0.2401  0.2420  0.2460  0.2509  0.2540  0.2520  0.2417  0.2292  0.2205  0.2160  0.1939  0.2462  0.2617  0.2628  0.2659  0.2605  0.2419  0.2209  0.1821  0.2080  0.2659  0.2378  0.2268  0.2256  0.2222  0.2202  0.2203  0.2139
  0.1871  0.2156  0.2318  0.2310  0.2246  0.2338  0.2409  0.2422  0.2442  0.2460  0.2490  0.2520  0.2556  0.2573  0.2545  0.2467  0.2377  0.2305  0.2034  0.2313  0.2500  0.2431  0.2701  0.2720  0.2587  0.2385  0.2038  0.2133  0.2677  0.2454  0.2376  0.2371  0.2362  0.2333  0.2321  0.2221
  0.2300  0.2396  0.2429  0.2489  0.2401  0.2391  0.2633  0.2662  0.2623  0.2590  0.2593  0.2605  0.2622  0.2648  0.2676  0.2664  0.2612  0.2537  0.2260  0.2499  0.2535  0.2337  0.2708  0.2814  0.2784  0.2654  0.2410  0.2294  0.2510  0.2614  0.2610  0.2632  0.2629  0.2595  0.2578  0.2469
  0.2683  0.2658  0.2602  0.2624  0.2616  0.2439  0.2771  0.2871  0.2861  0.2793  0.2778  0.2769  0.2773  0.2797  0.2830  0.2847  0.2826  0.2772  0.2576  0.2857  0.2478  0.2447  0.2794  0.2923  0.2944  0.2904  0.2778  0.2560  0.2515  0.2739  0.2785  0.2839  0.2867  0.2866  0.2825  0.2766
  0.3156  0.2974  0.2661  0.2817  0.2784  0.2579  0.2948  0.3062  0.3071  0.3068  0.3065  0.3053  0.3020  0.3024  0.3059  0.3082  0.3081  0.3052  0.2979  0.3287  0.2307  0.2659  0.3033  0.3140  0.3173  0.3200  0.3173  0.3077  0.2977  0.2930  0.3014  0.3071  0.3106  0.3168  0.3102  0.3090
  0.3385  0.3211  0.3033  0.3097  0.3264  0.2947  0.3214  0.3393  0.3166  0.3303  0.3335  0.3328  0.3272  0.3261  0.3280  0.3305  0.3318  0.3304  0.3435  0.3406  0.2521  0.3066  0.3393  0.3422  0.3437  0.3478  0.3490  0.3475  0.3429  0.3385  0.3390  0.3399  0.3372  0.3457  0.3420  0.3401
  0.3656  0.3600  0.3553  0.3498  0.3418  0.3456  0.3536  0.3557  0.3456  0.3546  0.3565  0.3538  0.3451  0.3435  0.3445  0.3463  0.3468  0.3466  0.3565  0.3587  0.3126  0.3379  0.3622  0.3641  0.3650  0.3678  0.3697  0.3675  0.3639  0.3614  0.3606  0.3611  0.3589  0.3662  0.3668  0.3653
  0.3838  0.3843  0.3833  0.3823  0.3794  0.3770  0.3753  0.3718  0.3678  0.3702  0.3716  0.3678  0.3597  0.3583  0.3602  0.3620  0.3627  0.3645  0.3652  0.3668  0.3644  0.3696  0.3786  0.3788  0.3796  0.3799  0.3789  0.3762  0.3731  0.3715  0.3694  0.3730  0.3731  0.3758  0.3811  0.3828
  0.5105  0.5083  0.5020  0.4461  0.3865  0.4052  0.3861  0.3893  0.3880  0.3860  0.3864  0.3849  0.3845  0.3867  0.3874  0.3855  0.3833  0.3821  0.3933  0.4418  0.3846  0.3840  0.3873  0.3802  0.3717  0.3793  0.3955  0.4175  0.4118  0.4061  0.4824  0.5064  0.4582  0.4332  0.5147  0.5147
  0.6623  0.6606  0.6569  0.6236  0.5584  0.6310  0.5135  0.4493  0.4476  0.4445  0.4565  0.5100  0.5201  0.5498  0.5294  0.4770  0.4850  0.4586  0.5295  0.5356  0.4600  0.4292  0.4353  0.5151  0.6023  0.6373  0.6440  0.6528  0.6551  0.6569  0.6584  0.6592  0.6586  0.6588  0.6610  0.6623
