   0.0000000e+00
   0.0000000e+00
   0.0000000e+00
   0.0000000e+00
   0.0000000e+00
   0.0000000e+00
  -4.5221770e-02
  -6.0891906e-02
  -8.6531413e-02
  -1.0362921e-01
  -9.1013345e-02
   0.0000000e+00
   0.0000000e+00
   0.0000000e+00
  -1.1683094e-01
  -1.3132575e-01
  -1.6900594e-01
  -7.1085713e-02
  -0.0000000e+00
  -0.0000000e+00
  -7.9171842e-02
  -1.1966596e-01
  -1.3216922e-01
   0.0000000e+00
   0.0000000e+00
   0.0000000e+00
   0.0000000e+00
   0.0000000e+00
   0.0000000e+00
   0.0000000e+00
   0.0000000e+00
   0.0000000e+00
   0.0000000e+00
   0.0000000e+00
   0.0000000e+00
   0.0000000e+00
   0.0000000e+00
   0.0000000e+00
   0.0000000e+00
  -3.9164427e-02
  -2.6746164e-02
  -1.4248243e-03
  -1.1190664e-02
  -1.0494859e-02
  -6.3598203e-03
  -4.9147741e-03
  -6.6719772e-03
  -1.9382217e-03
  -1.8611582e-03
   2.9783660e-03
   1.7724345e-03
  -4.1421356e-03
   1.7456421e-03
  -1.4065216e-02
   2.5008869e-03
   1.0728505e-02
  -1.1089568e-02
  -5.4042990e-03
  -2.5413124e-02
  -2.8646472e-02
  -4.0547312e-02
  -4.1162792e-02
  -4.7507022e-02
  -6.5370635e-02
  -7.1901065e-02
  -9.5711746e-02
   0.0000000e+00
   0.0000000e+00
  -9.5738626e-02
  -1.1717235e-01
   0.0000000e+00
   0.0000000e+00
  -5.4799659e-02
  -4.8617428e-02
  -3.5916417e-02
  -9.8827821e-03
   1.3580189e-02
   3.0792765e-02
   3.8080967e-02
   4.0276527e-02
   4.1066073e-02
   4.7665590e-02
   5.4339539e-02
   5.2816018e-02
   4.7967033e-02
   4.5740440e-02
   4.3203626e-02
   4.0855317e-02
   3.8358428e-02
   3.6194678e-02
   3.4863289e-02
   3.9612014e-02
   3.5519980e-02
   3.2884750e-02
   3.1313341e-02
   2.5123017e-02
   1.7667923e-02
   1.1376341e-02
   5.5263462e-03
   1.6581728e-03
  -1.6792025e-04
  -5.4857648e-03
   2.3637906e-03
  -1.6027924e-02
  -2.1652481e-02
  -2.9613734e-02
  -4.1279207e-02
  -5.3887908e-02
   5.9872102e-02
   6.5058991e-02
   7.0093162e-02
   7.3320805e-02
   7.0860185e-02
   7.1882464e-02
   7.6156853e-02
   7.5366184e-02
   7.2384067e-02
   7.8363707e-02
   8.9018948e-02
   9.4990909e-02
   9.0177928e-02
   8.7654270e-02
   8.6995900e-02
   8.6797786e-02
   8.6401299e-02
   8.5475899e-02
   8.5117702e-02
   0.0000000e+00
   7.2203085e-02
   6.4090311e-02
   6.7821302e-02
   6.6338614e-02
   6.3394666e-02
   6.5218315e-02
   7.2205015e-02
   7.9245983e-02
   8.5567228e-02
   8.9155748e-02
   8.6651501e-02
   8.1858113e-02
   7.1074292e-02
   6.2861197e-02
   5.9672765e-02
   5.6021109e-02
   1.1482821e-01
   1.1286368e-01
   1.0702831e-01
   1.0664688e-01
   1.0175084e-01
   7.9058379e-02
   8.1663288e-02
   8.1809098e-02
   7.4400566e-02
   8.0454141e-02
   8.9066021e-02
   9.8748289e-02
   1.0146858e-01
   1.0368577e-01
   1.0621274e-01
   1.0831284e-01
   1.0882210e-01
   1.0661723e-01
   9.8665859e-02
   0.0000000e+00
   6.8609230e-02
   7.8544334e-02
   8.9228220e-02
   9.0646878e-02
   9.0003386e-02
   9.4185635e-02
   1.0335425e-01
   1.1355273e-01
   1.2172540e-01
   1.2784548e-01
   1.3279359e-01
   1.3598080e-01
   1.2734769e-01
   1.2308554e-01
   1.1876753e-01
   1.1332652e-01
   1.2564827e-01
   0.0000000e+00
   0.0000000e+00
   0.0000000e+00
   0.0000000e+00
   5.6320054e-02
   6.3547931e-02
   6.8424670e-02
   7.0050008e-02
   6.9744802e-02
   7.3399684e-02
   7.9226537e-02
   8.2940278e-02
   8.7688726e-02
   9.2960749e-02
   9.7368862e-02
   9.9915507e-02
   9.8543722e-02
   8.8463831e-02
   0.0000000e+00
   5.7392632e-02
   7.1569419e-02
   8.6067681e-02
   9.1658790e-02
   9.4567973e-02
   9.9772337e-02
   1.0536879e-01
   1.1098585e-01
   1.1541805e-01
   1.1705639e-01
   1.2730530e-01
   1.3773689e-01
   1.3978751e-01
   1.4499902e-01
   1.3914451e-01
   1.3148242e-01
   9.6424304e-02
   0.0000000e+00
   0.0000000e+00
   0.0000000e+00
   0.0000000e+00
   3.5211217e-02
   4.3240748e-02
   5.0530802e-02
   5.4961294e-02
   5.3424247e-02
   5.2586146e-02
   5.3071905e-02
   5.4294523e-02
   5.8344625e-02
   6.4569145e-02
   7.0668809e-02
   7.5738810e-02
   7.5984001e-02
   6.7883500e-02
   0.0000000e+00
   0.0000000e+00
   5.0349940e-02
   6.3554779e-02
   7.5347029e-02
   8.2060024e-02
   8.6184494e-02
   8.4452748e-02
   7.9386652e-02
   7.8371778e-02
   7.6667391e-02
   8.8473961e-02
   1.0510102e-01
   1.1755291e-01
   1.2689702e-01
   1.2201489e-01
   1.1129177e-01
   5.4431036e-02
   0.0000000e+00
   0.0000000e+00
   0.0000000e+00
   0.0000000e+00
   2.4423087e-02
   2.8161997e-02
   3.4078632e-02
   3.6327813e-02
   3.3053309e-02
   2.9383775e-02
   2.6948981e-02
   2.6809272e-02
   2.9451683e-02
   3.5006534e-02
   4.1636425e-02
   4.7391258e-02
   4.8071448e-02
   3.8833479e-02
   0.0000000e+00
   0.0000000e+00
   2.2966798e-02
   3.3564601e-02
   4.9278215e-02
   5.6929541e-02
   5.7055287e-02
   4.6029560e-02
   3.5024818e-02
   3.8103606e-02
   3.9252385e-02
   4.6494568e-02
   6.1087925e-02
   7.4490279e-02
   8.1513581e-02
   7.8909099e-02
   6.7730814e-02
   2.1356605e-02
   0.0000000e+00
   0.0000000e+00
   0.0000000e+00
   0.0000000e+00
   1.3712646e-02
   1.5319783e-02
   1.7032843e-02
   1.6069207e-02
   1.3070801e-02
   9.9215731e-03
   7.6121017e-03
   6.9866097e-03
   8.7064942e-03
   1.3317129e-02
   1.8345451e-02
   2.1955064e-02
   2.0939520e-02
   1.2418149e-02
   0.0000000e+00
   0.0000000e+00
   1.1453301e-03
   7.8774290e-03
   2.2584185e-02
   2.8627109e-02
   2.5418928e-02
   8.3488282e-03
  -3.5938975e-03
   0.0000000e+00
   4.6656211e-03
   7.3201167e-03
   1.7795824e-02
   2.7320005e-02
   3.2489546e-02
   3.2375127e-02
   2.5741672e-02
   1.0179239e-03
   4.7034714e-03
   0.0000000e+00
   0.0000000e+00
  -9.5062262e-03
  -1.4289289e-03
  -3.1328711e-03
  -5.6306045e-03
  -7.0477678e-03
  -7.8059677e-03
  -8.6760428e-03
  -9.6609276e-03
  -1.0013717e-02
  -8.7292390e-03
  -5.7262168e-03
  -3.0847355e-03
  -2.1763770e-03
  -4.8013693e-03
  -9.5353704e-03
  -0.0000000e+00
   0.0000000e+00
  -0.0000000e+00
  -1.2115568e-02
  -7.7902467e-04
   2.1411991e-03
  -3.7724054e-03
  -2.1561289e-02
  -0.0000000e+00
   0.0000000e+00
  -2.3532532e-02
  -2.7031405e-02
  -1.9670391e-02
  -1.3585867e-02
  -9.4892085e-03
  -7.9525672e-03
  -8.9900251e-03
  -1.7904732e-02
  -7.1285719e-03
  -1.6240387e-02
   0.0000000e+00
  -2.4230884e-02
  -2.1117706e-02
  -2.3040718e-02
  -2.5732977e-02
  -2.6621703e-02
  -2.5866481e-02
  -2.4822066e-02
  -2.4083504e-02
  -2.3271811e-02
  -2.2244247e-02
  -2.1140061e-02
  -2.1085757e-02
  -2.2725388e-02
  -2.6680700e-02
  -2.4711554e-02
  -0.0000000e+00
   0.0000000e+00
  -0.0000000e+00
  -2.5054562e-02
  -1.7798567e-02
  -1.8691845e-02
  -2.6458468e-02
  -3.5411313e-02
  -0.0000000e+00
   0.0000000e+00
  -3.6897724e-02
  -4.1511917e-02
  -3.9604414e-02
  -3.9019641e-02
  -3.6754481e-02
  -3.5685085e-02
  -3.2808661e-02
  -3.3525776e-02
  -1.9665249e-02
  -2.6330827e-02
  -4.5785980e-02
  -3.6076009e-02
  -3.5220806e-02
  -3.6281392e-02
  -3.8473047e-02
  -3.9772440e-02
  -3.8872570e-02
  -3.6912087e-02
  -3.4582101e-02
  -3.2764982e-02
  -3.2432336e-02
  -3.3802152e-02
  -3.6879759e-02
  -4.1279379e-02
  -4.5267295e-02
  -3.4811452e-02
  -0.0000000e+00
   0.0000000e+00
   0.0000000e+00
  -2.9798513e-02
  -3.1597048e-02
  -3.5918135e-02
  -4.2257018e-02
  -3.7575377e-02
  -0.0000000e+00
   0.0000000e+00
  -3.2455310e-02
  -3.3909678e-02
  -4.5927607e-02
  -5.1791813e-02
  -5.2440695e-02
  -5.3476099e-02
  -4.8787896e-02
  -4.1676514e-02
  -2.7875934e-02
  -3.1210307e-02
  -4.3094378e-02
  -3.9467201e-02
  -3.8730461e-02
  -3.9150700e-02
  -4.1275363e-02
  -4.3127209e-02
  -4.2441010e-02
  -4.0347673e-02
  -3.7635569e-02
  -3.6507785e-02
  -3.8256004e-02
  -4.2886958e-02
  -4.8599605e-02
  -5.4069784e-02
  -5.6474775e-02
  -4.2958655e-02
  -0.0000000e+00
   0.0000000e+00
   0.0000000e+00
  -3.1129787e-02
  -4.1823909e-02
  -4.7465384e-02
  -4.8836194e-02
  -3.7699973e-02
   0.0000000e+00
   0.0000000e+00
  -2.1594017e-02
  -2.7458403e-02
  -4.5607772e-02
  -5.3238045e-02
  -5.6281451e-02
  -5.8909461e-02
  -5.4891493e-02
  -4.3260757e-02
  -2.8626887e-02
  -1.9063449e-02
  -1.5117999e-02
  -3.2569170e-02
  -3.3468612e-02
  -3.3843264e-02
  -3.5924461e-02
  -3.8313162e-02
  -3.8355596e-02
  -3.7140492e-02
  -3.6620352e-02
  -3.9165776e-02
  -4.4811778e-02
  -5.2316558e-02
  -5.8571327e-02
  -6.1864529e-02
  -5.8711238e-02
  -3.7334358e-02
   0.0000000e+00
   0.0000000e+00
   0.0000000e+00
  -3.6688591e-02
  -5.0383653e-02
  -5.5257216e-02
  -4.8717525e-02
  -2.6496875e-02
   0.0000000e+00
   0.0000000e+00
  -0.0000000e+00
  -3.5804505e-02
  -4.0739100e-02
  -4.7630738e-02
  -5.1904228e-02
  -5.4990791e-02
  -5.3186797e-02
  -3.6756512e-02
  -2.0852767e-02
  -9.9281874e-03
  -1.7858484e-02
  -2.5954451e-02
  -2.2403933e-02
  -2.3060536e-02
  -2.6001712e-02
  -2.9273024e-02
  -3.0685307e-02
  -3.2170605e-02
  -3.6580648e-02
  -4.3712579e-02
  -5.1969912e-02
  -5.9291340e-02
  -6.2745623e-02
  -6.0349166e-02
  -4.8647668e-02
  -2.9226931e-02
   0.0000000e+00
   0.0000000e+00
   0.0000000e+00
  -0.0000000e+00
  -5.2149836e-02
  -5.5713277e-02
  -4.2829994e-02
  -1.0611886e-02
   0.0000000e+00
   0.0000000e+00
   0.0000000e+00
  -3.5881898e-02
  -3.5266474e-02
  -3.9923113e-02
  -4.3339446e-02
  -4.5487478e-02
  -4.4339895e-02
  -2.7683831e-02
  -0.0000000e+00
  -8.8902991e-03
  -1.6205898e-02
  -1.4924187e-02
  -1.1112947e-02
  -1.3298839e-02
  -1.7374814e-02
  -2.1068525e-02
  -2.4044085e-02
  -2.8733848e-02
  -3.7579153e-02
  -4.7795050e-02
  -5.6675587e-02
  -6.1552607e-02
  -6.0374424e-02
  -5.1582698e-02
  -3.2449696e-02
  -0.0000000e+00
   0.0000000e+00
   0.0000000e+00
   0.0000000e+00
   0.0000000e+00
  -4.8226524e-02
  -4.9874730e-02
  -3.4137350e-02
  -4.8825656e-03
   0.0000000e+00
   0.0000000e+00
  -0.0000000e+00
  -3.4329557e-02
  -2.8170787e-02
  -3.0964203e-02
  -3.2868460e-02
  -3.3650804e-02
  -3.2627836e-02
  -1.6823673e-02
   0.0000000e+00
  -5.6265757e-03
  -8.0387853e-03
  -5.1281401e-03
  -6.0560852e-03
  -1.0856726e-02
  -1.5740162e-02
  -1.9709660e-02
  -2.3630410e-02
  -2.9357389e-02
  -3.8214467e-02
  -4.7293883e-02
  -5.4066177e-02
  -5.5440646e-02
  -4.9877319e-02
  -3.7067395e-02
  -1.5807146e-02
  -0.0000000e+00
   0.0000000e+00
   0.0000000e+00
   0.0000000e+00
   0.0000000e+00
  -3.7982699e-02
  -3.7746374e-02
  -2.2673119e-02
  -5.3965944e-04
   0.0000000e+00
   0.0000000e+00
  -0.0000000e+00
  -3.0331526e-02
  -1.8277286e-02
  -1.8049845e-02
  -1.8168949e-02
  -1.8799916e-02
  -1.9315770e-02
  -0.0000000e+00
   0.0000000e+00
  -9.5610796e-04
  -2.8223169e-03
  -5.1310780e-03
  -1.1665042e-02
  -1.9391950e-02
  -2.5725801e-02
  -3.1027043e-02
  -3.5367871e-02
  -3.9276149e-02
  -4.2550880e-02
  -4.4462620e-02
  -4.5182873e-02
  -4.2708527e-02
  -3.5132585e-02
  -2.2461277e-02
  -4.5902948e-03
   2.5527466e-03
   0.0000000e+00
   0.0000000e+00
   0.0000000e+00
  -2.4181619e-02
  -2.1188451e-02
  -2.0154641e-02
  -9.5526362e-03
   2.1063538e-03
   0.0000000e+00
   0.0000000e+00
   0.0000000e+00
  -2.6668978e-02
  -9.3594734e-03
  -4.4563715e-03
  -1.6750487e-03
  -3.6233047e-03
  -5.0591445e-03
   0.0000000e+00
   0.0000000e+00
  -9.2942826e-04
  -4.8889900e-03
  -1.1449913e-02
  -2.0152604e-02
  -2.7360562e-02
  -3.2542836e-02
  -3.7077047e-02
  -4.0565543e-02
  -4.2725757e-02
  -4.2801082e-02
  -4.1182004e-02
  -3.9071247e-02
  -3.5220582e-02
  -2.8290572e-02
  -1.8558221e-02
  -5.8790082e-03
   4.8316851e-03
   0.0000000e+00
   0.0000000e+00
  -3.4521230e-02
  -2.2453557e-02
  -8.0294795e-03
  -5.8405618e-03
   1.0886129e-03
   9.8349005e-03
   0.0000000e+00
   0.0000000e+00
   0.0000000e+00
  -2.6193727e-02
  -6.1325524e-03
   2.8065681e-03
   6.6892236e-03
   5.9854127e-03
   2.5773511e-03
   0.0000000e+00
   0.0000000e+00
  -4.6188191e-03
  -1.1639031e-02
  -2.1219066e-02
  -3.0223854e-02
  -3.5216859e-02
  -3.7485284e-02
  -3.9431677e-02
  -4.1457987e-02
  -4.2767835e-02
  -4.1911987e-02
  -3.8718081e-02
  -3.4817990e-02
  -3.0720780e-02
  -2.5653241e-02
  -1.9498723e-02
  -1.4723327e-02
   1.8032014e-04
   0.0000000e+00
   0.0000000e+00
  -3.7568387e-02
  -2.2692072e-02
  -8.6688936e-04
   6.5720226e-03
   0.0000000e+00
   0.0000000e+00
   0.0000000e+00
   0.0000000e+00
   0.0000000e+00
  -2.4426325e-02
  -4.3558679e-03
   7.5389351e-03
   1.2780743e-02
   1.2092022e-02
   6.5712152e-03
   0.0000000e+00
  -1.3459982e-02
  -1.4515929e-02
  -2.4332067e-02
  -3.7506297e-02
  -4.8538450e-02
  -5.4104216e-02
  -5.5662334e-02
  -5.5469494e-02
  -5.4752227e-02
  -5.3088527e-02
  -4.9088273e-02
  -4.2134989e-02
  -3.3548143e-02
  -2.7588986e-02
  -2.7284041e-02
  -2.7112845e-02
  -2.7775372e-02
  -2.0853598e-02
   0.0000000e+00
  -6.7999371e-02
  -5.3348857e-02
  -3.3708531e-02
  -1.9678401e-03
   1.5021441e-02
   0.0000000e+00
   0.0000000e+00
   0.0000000e+00
   0.0000000e+00
   0.0000000e+00
  -0.0000000e+00
  -3.3662003e-04
   1.2086484e-02
   2.0054959e-02
   2.1338017e-02
   1.1989051e-02
   0.0000000e+00
  -1.8965110e-02
  -2.6809557e-02
  -3.6878157e-02
  -5.2259482e-02
  -6.5075859e-02
  -7.2355591e-02
  -7.5728729e-02
  -7.7215672e-02
  -7.7741846e-02
  -7.7057697e-02
  -7.3367313e-02
  -6.5092318e-02
  -5.1835630e-02
  -3.7174370e-02
  -3.2840788e-02
  -3.8963493e-02
  -3.5888657e-02
  -7.1049273e-02
   0.0000000e+00
  -7.2092054e-02
  -6.5782920e-02
  -4.8839506e-02
  -1.2820467e-02
   0.0000000e+00
   0.0000000e+00
   0.0000000e+00
   0.0000000e+00
   0.0000000e+00
   0.0000000e+00
   0.0000000e+00
   9.5796175e-03
   1.6176430e-02
   0.0000000e+00
   0.0000000e+00
   0.0000000e+00
   0.0000000e+00
  -2.7101258e-02
  -3.2779822e-02
  -4.5098107e-02
  -5.9944555e-02
  -7.2678700e-02
  -8.0373690e-02
  -8.4160164e-02
  -8.6551890e-02
  -8.9396797e-02
  -9.2435092e-02
  -9.2868268e-02
  -8.6738266e-02
  -7.1652107e-02
  -4.7229379e-02
  -3.0914977e-02
  -3.2171190e-02
  -4.8153436e-02
  -8.4331051e-02
  -8.0748029e-02
  -7.2899458e-02
  -7.0665032e-02
  -6.0790531e-02
  -3.0490812e-02
  -0.0000000e+00
   0.0000000e+00
   0.0000000e+00
   0.0000000e+00
   0.0000000e+00
   0.0000000e+00
   0.0000000e+00
   2.2920631e-02
   3.4420294e-02
   0.0000000e+00
   0.0000000e+00
   0.0000000e+00
   0.0000000e+00
  -4.0571701e-02
  -4.9048569e-02
  -5.1039399e-02
  -6.1271761e-02
  -7.2147764e-02
  -7.9518838e-02
  -8.2609281e-02
  -8.3513834e-02
  -8.5812260e-02
  -9.0674087e-02
  -9.5095493e-02
  -9.2129793e-02
  -7.6788269e-02
  -4.6255074e-02
  -2.2984939e-02
  -0.0000000e+00
  -5.1308359e-02
  -6.2913426e-02
  -6.7086652e-02
  -6.4443551e-02
  -6.6537924e-02
  -6.6996068e-02
  -4.9115259e-02
  -0.0000000e+00
   0.0000000e+00
   0.0000000e+00
   0.0000000e+00
   0.0000000e+00
   0.0000000e+00
   0.0000000e+00
   3.7922600e-02
   5.2105173e-02
   0.0000000e+00
   0.0000000e+00
   0.0000000e+00
   0.0000000e+00
  -5.2013556e-02
  -5.3390920e-02
  -5.3790405e-02
  -5.7358559e-02
  -6.3770413e-02
  -6.9159746e-02
  -7.1084492e-02
  -7.0289992e-02
  -7.0446253e-02
  -7.4334256e-02
  -8.0078751e-02
  -7.9566233e-02
  -6.5466613e-02
  -3.3256948e-02
  -1.1669317e-02
   0.0000000e+00
  -3.7481721e-02
  -4.1128118e-02
  -4.5083091e-02
  -4.8640441e-02
  -5.4673035e-02
  -6.2678978e-02
  -6.0173962e-02
  -0.0000000e+00
   0.0000000e+00
   0.0000000e+00
   0.0000000e+00
   0.0000000e+00
   0.0000000e+00
   0.0000000e+00
   0.0000000e+00
   0.0000000e+00
   0.0000000e+00
   0.0000000e+00
   0.0000000e+00
   0.0000000e+00
  -0.0000000e+00
  -4.8149288e-02
  -4.6710417e-02
  -4.6750478e-02
  -4.9157061e-02
  -5.1292021e-02
  -5.1481117e-02
  -5.0088551e-02
  -5.0055303e-02
  -5.3534213e-02
  -5.9161201e-02
  -5.9835587e-02
  -4.7956139e-02
  -1.7260157e-02
  -0.0000000e+00
  -0.0000000e+00
  -2.4693432e-02
  -2.4605285e-02
  -2.8445523e-02
  -3.2804377e-02
  -3.9585382e-02
  -4.9389355e-02
  -5.7299033e-02
  -0.0000000e+00
   0.0000000e+00
   0.0000000e+00
   0.0000000e+00
   0.0000000e+00
   0.0000000e+00
   0.0000000e+00
   0.0000000e+00
   0.0000000e+00
   0.0000000e+00
   0.0000000e+00
   0.0000000e+00
   0.0000000e+00
   0.0000000e+00
  -2.8342093e-02
  -2.2879343e-02
  -2.1015895e-02
  -2.1761510e-02
  -2.1072672e-02
  -1.8969217e-02
  -1.7286017e-02
  -1.9220152e-02
  -2.4941788e-02
  -3.2268673e-02
  -3.5070344e-02
  -2.6045336e-02
  -1.4627925e-04
   0.0000000e+00
  -0.0000000e+00
  -7.2049117e-03
  -3.4361631e-03
  -8.5882609e-03
  -1.4408980e-02
  -2.0121637e-02
  -2.8759050e-02
  -4.0963496e-02
  -3.8066191e-02
   0.0000000e+00
   0.0000000e+00
   0.0000000e+00
   0.0000000e+00
   0.0000000e+00
   0.0000000e+00
   0.0000000e+00
   0.0000000e+00
   0.0000000e+00
   0.0000000e+00
   0.0000000e+00
   0.0000000e+00
   0.0000000e+00
   5.1706042e-03
   1.1311621e-02
   1.5212413e-02
   1.4970689e-02
   1.7386638e-02
   2.1170918e-02
   2.2215655e-02
   1.7131381e-02
   7.4700713e-03
  -3.4647817e-03
  -9.3824863e-03
  -3.8389238e-03
   1.4268151e-02
   0.0000000e+00
   0.0000000e+00
   0.0000000e+00
   2.0224189e-02
   1.3236417e-02
   4.0586377e-03
  -1.5359273e-03
  -8.6622937e-03
  -1.9627409e-02
  -1.9417157e-02
   0.0000000e+00
   0.0000000e+00
   0.0000000e+00
   0.0000000e+00
   0.0000000e+00
   0.0000000e+00
   0.0000000e+00
   0.0000000e+00
   0.0000000e+00
   0.0000000e+00
   0.0000000e+00
   0.0000000e+00
   0.0000000e+00
   1.9941450e-02
   3.4883031e-02
   4.4604179e-02
   5.0924376e-02
   5.7418101e-02
   6.3190512e-02
   6.3243002e-02
   5.5754792e-02
   4.3403991e-02
   2.9725665e-02
   1.9921055e-02
   1.9671507e-02
   2.3971389e-02
   0.0000000e+00
   0.0000000e+00
   0.0000000e+00
   0.0000000e+00
   3.2172967e-02
   2.3604158e-02
   1.7847916e-02
   1.1478567e-02
   1.4864729e-03
  -2.9783728e-03
   0.0000000e+00
   0.0000000e+00
   0.0000000e+00
   0.0000000e+00
   0.0000000e+00
   0.0000000e+00
   0.0000000e+00
   0.0000000e+00
   0.0000000e+00
   0.0000000e+00
   0.0000000e+00
   0.0000000e+00
   0.0000000e+00
   0.0000000e+00
   4.5606773e-02
   5.6444995e-02
   7.2729029e-02
   8.4256483e-02
   9.1008149e-02
   8.9265376e-02
   8.1427885e-02
   7.0701629e-02
   5.8439128e-02
   4.7027504e-02
   3.7806749e-02
   0.0000000e+00
   0.0000000e+00
   0.0000000e+00
   0.0000000e+00
   0.0000000e+00
   4.3187874e-02
   3.9897706e-02
   3.5095177e-02
   2.9341869e-02
   2.0113980e-02
   1.3213167e-02
   0.0000000e+00
   0.0000000e+00
   0.0000000e+00
   0.0000000e+00
   0.0000000e+00
   0.0000000e+00
   0.0000000e+00
   0.0000000e+00
   0.0000000e+00
   0.0000000e+00
   0.0000000e+00
   0.0000000e+00
   0.0000000e+00
   0.0000000e+00
   4.7961780e-02
   6.1389704e-02
   7.5648956e-02
   8.5848428e-02
   8.9726992e-02
   8.6911589e-02
   8.1588857e-02
   7.6401748e-02
   7.0202082e-02
   6.1483003e-02
   4.7206525e-02
   0.0000000e+00
   0.0000000e+00
   0.0000000e+00
   0.0000000e+00
   0.0000000e+00
   0.0000000e+00
   4.4680937e-02
   4.4028785e-02
   4.0626708e-02
   3.3398829e-02
   2.4530426e-02
   0.0000000e+00
   0.0000000e+00
   0.0000000e+00
   0.0000000e+00
   0.0000000e+00
   0.0000000e+00
   0.0000000e+00
   0.0000000e+00
   0.0000000e+00
   0.0000000e+00
   0.0000000e+00
   0.0000000e+00
   0.0000000e+00
   0.0000000e+00
   0.0000000e+00
   3.4730892e-02
   4.3568678e-02
   5.0834162e-02
   5.6415185e-02
   5.6741495e-02
   5.6907926e-02
   5.8346029e-02
   5.8763471e-02
   5.5587695e-02
   4.7265173e-02
   0.0000000e+00
   0.0000000e+00
   0.0000000e+00
   0.0000000e+00
   0.0000000e+00
   0.0000000e+00
   3.5243831e-02
   3.8339059e-02
   4.0130146e-02
   3.8069230e-02
   3.3878763e-02
   0.0000000e+00
   0.0000000e+00
   0.0000000e+00
   0.0000000e+00
   0.0000000e+00
   0.0000000e+00
   0.0000000e+00
   0.0000000e+00
   0.0000000e+00
   0.0000000e+00
   0.0000000e+00
   0.0000000e+00
   0.0000000e+00
   0.0000000e+00
   0.0000000e+00
   3.8384796e-03
   1.3276124e-03
   3.1792438e-03
   7.1057250e-03
   1.1285831e-02
   1.6686052e-02
   2.4055452e-02
   3.1452306e-02
   3.4012046e-02
   0.0000000e+00
   0.0000000e+00
   0.0000000e+00
   0.0000000e+00
   0.0000000e+00
   0.0000000e+00
   0.0000000e+00
   0.0000000e+00
   2.2020706e-02
   3.0026656e-02
   3.3247228e-02
   3.3499088e-02
   0.0000000e+00
   0.0000000e+00
   0.0000000e+00
   0.0000000e+00
   0.0000000e+00
   0.0000000e+00
   0.0000000e+00
   0.0000000e+00
   0.0000000e+00
   0.0000000e+00
   0.0000000e+00
   0.0000000e+00
   0.0000000e+00
   0.0000000e+00
   0.0000000e+00
  -0.0000000e+00
  -2.3409711e-02
  -3.5167553e-02
  -3.9648399e-02
  -3.3575032e-02
  -2.2285095e-02
  -0.0000000e+00
   1.3834932e-03
   9.9172968e-03
   0.0000000e+00
   0.0000000e+00
   0.0000000e+00
   0.0000000e+00
   0.0000000e+00
   0.0000000e+00
   0.0000000e+00
   5.5688496e-03
   7.6714800e-03
   1.0569624e-02
   1.5801659e-02
   1.4576362e-02
   0.0000000e+00
   0.0000000e+00
   0.0000000e+00
   0.0000000e+00
   0.0000000e+00
   0.0000000e+00
   0.0000000e+00
   0.0000000e+00
   0.0000000e+00
   0.0000000e+00
   0.0000000e+00
   0.0000000e+00
   0.0000000e+00
   0.0000000e+00
   0.0000000e+00
   0.0000000e+00
   0.0000000e+00
  -0.0000000e+00
  -0.0000000e+00
  -5.4611882e-02
  -0.0000000e+00
   0.0000000e+00
  -0.0000000e+00
  -0.0000000e+00
   0.0000000e+00
   0.0000000e+00
   0.0000000e+00
   0.0000000e+00
   0.0000000e+00
   0.0000000e+00
   0.0000000e+00
   2.6955958e-03
  -0.0000000e+00
  -0.0000000e+00
  -1.4624424e-02
  -9.1946078e-03
   2.2332291e-04
   2.7951049e-03
   0.0000000e+00
   0.0000000e+00
   0.0000000e+00
   0.0000000e+00
   0.0000000e+00
   0.0000000e+00
   0.0000000e+00
   0.0000000e+00
   0.0000000e+00
   0.0000000e+00
   0.0000000e+00
  -3.4262593e-03
  -3.4262593e-03
  -5.7593664e-03
  -1.0942961e-02
  -1.5947517e-02
  -1.9623999e-02
  -2.7453027e-02
  -3.4570128e-02
  -3.7208269e-02
  -3.7402541e-02
  -2.7944462e-02
  -1.9872261e-02
   0.0000000e+00
   0.0000000e+00
   0.0000000e+00
   0.0000000e+00
   0.0000000e+00
   8.1786675e-04
  -1.1330193e-03
  -0.0000000e+00
   0.0000000e+00
   0.0000000e+00
  -0.0000000e+00
  -1.4009745e-02
  -1.2200757e-02
  -1.3850558e-02
  -1.4807216e-02
  -8.3618150e-03
  -7.5923966e-03
   0.0000000e+00
  -9.8327718e-03
   0.0000000e+00
   0.0000000e+00
   0.0000000e+00
