-START-OF-DATA-
1759.5 0.00161352
1769.5 0.00161352
1779.5 0.00161352
1789.5 0.00161352
1799.5 0.00161352
1809.5 0.00161352
1819.5 0.00161352
1829.5 0.00161352
1839.5 0.00161352
1849.5 0.00161352
1859.5 0.00161352
1869.5 0.00161352
1879.5 0.00161352
1889.5 0.00161352
1899.5 0.00161352
1909.5 0.00161352
1919.5 0.00161352
1929.5 0.00161352
1939.5 0.00161352
1949.5 0.001718
1959.5 0.001753
1969.5 0.001811
1979.5 0.001892
1989.5 0.001991
1999.5 0.002101
2009.5 0.00224
2019.5 0.002426
2029.5 0.002652
2039.5 0.002925
2049.5 0.00325
2059.5 0.00361
2069.5 0.004005
2079.5 0.004417
2089.5 0.004823
2099.5 0.005212
2109.5 0.00556
2119.5 0.005862
2129.5 0.006094
2139.5 0.006268
2149.5 0.006442
2159.5 0.006559
2169.5 0.006617
2179.5 0.006617
2189.5 0.006675
2199.5 0.006675
2209.5 0.006617
2219.5 0.006617
2229.5 0.006559
2239.5 0.006559
2249.5 0.006501
2259.5 0.006501
2269.5 0.006442
2279.5 0.006384
2289.5 0.006326
2299.5 0.006326
2309.5 0.006268
2319.5 0.00621
2329.5 0.00621
2339.5 0.006152
2349.5 0.006094
2359.5 0.006094
2369.5 0.006036
2379.5 0.006036
2389.5 0.005978
2399.5 0.00592
2409.5 0.00592
2419.5 0.005862
2429.5 0.005862
2439.5 0.005804
2449.5 0.005787
2459.5 0.005758
2469.5 0.005729
2479.5 0.0057
2489.5 0.005671
2499.5 0.005642
2509.5 0.005612
2519.5 0.005589
2529.5 0.00556
2539.5 0.005537
2549.5 0.005508
2559.5 0.005485
2569.5 0.005462
2579.5 0.005438
2589.5 0.005409
2599.5 0.005386
2609.5 0.005363
2619.5 0.00534
2629.5 0.005316
2639.5 0.005299
2649.5 0.005276
2659.5 0.005253
2669.5 0.005229
2679.5 0.005212
2689.5 0.005189
2699.5 0.005171
2709.5 0.005148
2719.5 0.005131
2729.5 0.005108
2739.5 0.00509
2749.5 0.005073
2759.5 0.00505
2769.5 0.005032
2779.5 0.005015
2789.5 0.004997
2799.5 0.00498
2809.5 0.004962
2819.5 0.004945
2829.5 0.004928
2839.5 0.00491
2849.5 0.004893
2859.5 0.004875
2869.5 0.004858
2879.5 0.004841
2889.5 0.004823
2899.5 0.004806
2909.5 0.004794
2919.5 0.004777
2929.5 0.004759
2939.5 0.004748
2949.5 0.00473
2959.5 0.004713
2969.5 0.004701
2979.5 0.004684
2989.5 0.004672
2999.5 0.004655
3009.5 0.004643
3019.5 0.004626
3029.5 0.004614
3039.5 0.004597
3049.5 0.004585
3059.5 0.004574
3069.5 0.004556
3079.5 0.004545
3089.5 0.004533
3099.5 0.004521
3109.5 0.004504
3119.5 0.004492
3129.5 0.004481
3139.5 0.004469
3149.5 0.004452
3159.5 0.00444
3169.5 0.004428
3179.5 0.004417
3189.5 0.004405
3199.5 0.004394
3209.5 0.004382
3219.5 0.00437
3229.5 0.004359
3239.5 0.004347
3249.5 0.004336
3259.5 0.004324
3269.5 0.004312
3279.5 0.004301
3289.5 0.004289
3299.5 0.004278
3309.5 0.004266
3319.5 0.004254
3329.5 0.004243
3339.5 0.004237
3349.5 0.004225
3359.5 0.004214
3369.5 0.004202
3379.5 0.004191
3389.5 0.004179
3399.5 0.004173
3409.5 0.004161
3419.5 0.00415
3429.5 0.004138
3439.5 0.004127
3449.5 0.004121
3459.5 0.004109
3469.5 0.004098
3479.5 0.004092
3489.5 0.00408
3499.5 0.004069
3509.5 0.004063
3519.5 0.004051
3529.5 0.00404
3539.5 0.004034
3549.5 0.004022
3559.5 0.004016
3569.5 0.004005
3579.5 0.003999
3589.5 0.003987
3599.5 0.003982
3609.5 0.00397
3619.5 0.003964
3629.5 0.003953
3639.5 0.003947
3649.5 0.003935
3659.5 0.003929
3669.5 0.003924
3679.5 0.003912
3689.5 0.003906
3699.5 0.003895
3709.5 0.003889
3719.5 0.003883
3729.5 0.003871
3739.5 0.003865
3749.5 0.00386
3759.5 0.003854
3769.5 0.003842
3779.5 0.003836
3789.5 0.003831
3799.5 0.003825
3809.5 0.003813
3819.5 0.003807
3829.5 0.003802
3839.5 0.003796
3849.5 0.00379
3859.5 0.003778
3869.5 0.003773
3879.5 0.003767
3889.5 0.003761
3899.5 0.003755
3909.5 0.003749
3919.5 0.003744
3929.5 0.003738
3939.5 0.003726
3949.5 0.00372
3959.5 0.003715
3969.5 0.003709
3979.5 0.003703
3989.5 0.003697
3999.5 0.003691
4009.5 0.003686
4019.5 0.00368
4029.5 0.003674
4039.5 0.003668
4049.5 0.003662
4059.5 0.003657
4069.5 0.003651
4079.5 0.003645
4089.5 0.003639
4099.5 0.003633
4109.5 0.003628
4119.5 0.003628
4129.5 0.003622
4139.5 0.003616
4149.5 0.00361
4159.5 0.003604
4169.5 0.003598
4179.5 0.003593
4189.5 0.003587
4199.5 0.003587
4209.5 0.003581
4219.5 0.003575
4229.5 0.003569
4239.5 0.003564
4249.5 0.003558
4259.5 0.003558
4269.5 0.003552
4279.5 0.003546
4289.5 0.00354
4299.5 0.00354
4309.5 0.003535
4319.5 0.003529
4329.5 0.003523
4339.5 0.003523
4349.5 0.003517
4359.5 0.003511
4369.5 0.003506
4379.5 0.003506
4389.5 0.0035
4399.5 0.003494
4409.5 0.003494
4419.5 0.003488
4429.5 0.003482
4439.5 0.003482
4449.5 0.003477
4459.5 0.003471
4469.5 0.003471
4479.5 0.003465
4489.5 0.003459
4499.5 0.003459
4509.5 0.003453
4519.5 0.003448
4529.5 0.003448
4539.5 0.003442
4549.5 0.003442
4559.5 0.003436
4569.5 0.00343
4579.5 0.00343
4589.5 0.003424
4599.5 0.003424
4609.5 0.003419
4619.5 0.003413
4629.5 0.003413
4639.5 0.003407
4649.5 0.003407
4659.5 0.003401
4669.5 0.003401
4679.5 0.003395
4689.5 0.00339
4699.5 0.00339
4709.5 0.003384
4719.5 0.003384
4729.5 0.003378
4739.5 0.003378
4749.5 0.003372
4759.5 0.003372
4769.5 0.003366
4779.5 0.003366
4789.5 0.003361
4799.5 0.003361
4809.5 0.003355
4819.5 0.003355
4829.5 0.003349
4839.5 0.003349
4849.5 0.003343
4859.5 0.003343
4869.5 0.003337
4879.5 0.003337
4889.5 0.003332
4899.5 0.003332
4909.5 0.003326
4919.5 0.003326
4929.5 0.00332
4939.5 0.00332
4949.5 0.003314
4959.5 0.003314
4969.5 0.003308
4979.5 0.003308
4989.5 0.003302
4999.5 0.003302
5009.5 0.003297
5019.5 0.003297
5029.5 0.003291
5039.5 0.003291
5049.5 0.003291
5059.5 0.003285
5069.5 0.003285
5079.5 0.003279
5089.5 0.003279
5099.5 0.003273
5109.5 0.003273
5119.5 0.003268
5129.5 0.003268
5139.5 0.003262
5149.5 0.003262
5159.5 0.003262
5169.5 0.003256
5179.5 0.003256
5189.5 0.00325
5199.5 0.00325
5209.5 0.003244
5219.5 0.003244
5229.5 0.003244
5239.5 0.003239
5249.5 0.003239
5259.5 0.003233
5269.5 0.003233
5279.5 0.003227
5289.5 0.003227
5299.5 0.003227
5309.5 0.003221
5319.5 0.003221
5329.5 0.003215
5339.5 0.003215
5349.5 0.00321
5359.5 0.00321
5369.5 0.00321
5379.5 0.003204
5389.5 0.003204
5399.5 0.003198
5409.5 0.003198
5419.5 0.003192
5429.5 0.003192
5439.5 0.003192
5449.5 0.003186
5459.5 0.003186
5469.5 0.003181
5479.5 0.003181
5489.5 0.003175
5499.5 0.003175
5509.5 0.003175
5519.5 0.003169
5529.5 0.003169
5539.5 0.003163
5549.5 0.003163
5559.5 0.003163
5569.5 0.003157
5579.5 0.003157
5589.5 0.003152
5599.5 0.003152
5609.5 0.003152
5619.5 0.003146
5629.5 0.003146
5639.5 0.00314
5649.5 0.00314
5659.5 0.003134
5669.5 0.003134
5679.5 0.003134
5689.5 0.003128
5699.5 0.003128
5709.5 0.003123
5719.5 0.003123
5729.5 0.003123
5739.5 0.003117
5749.5 0.003117
5759.5 0.003111
5769.5 0.003111
5779.5 0.003111
5789.5 0.003105
5799.5 0.003105
5809.5 0.003099
5819.5 0.003099
5829.5 0.003099
5839.5 0.003094
5849.5 0.003094
5859.5 0.003094
5869.5 0.003088
5879.5 0.003088
5889.5 0.003082
5899.5 0.003082
5909.5 0.003082
5919.5 0.003076
5929.5 0.003076
5939.5 0.003076
5949.5 0.00307
5959.5 0.00307
5969.5 0.00307
5979.5 0.003065
5989.5 0.003065
5999.5 0.003059
6009.5 0.003059
6019.5 0.003059
6029.5 0.003053
6039.5 0.003053
6049.5 0.003053
6059.5 0.003047
6069.5 0.003047
6079.5 0.003047
6089.5 0.003041
6099.5 0.003041
6109.5 0.003036
6119.5 0.003036
6129.5 0.003036
6139.5 0.00303
6149.5 0.00303
6159.5 0.00303
6169.5 0.003024
6179.5 0.003024
6189.5 0.003024
6199.5 0.003018
6209.5 0.003018
6219.5 0.003018
6229.5 0.003012
6239.5 0.003012
6249.5 0.003012
6259.5 0.003006
6269.5 0.003006
6279.5 0.003006
6289.5 0.003001
6299.5 0.003001
6309.5 0.003001
6319.5 0.002995
6329.5 0.002995
6339.5 0.002995
6349.5 0.002989
6359.5 0.002989
6369.5 0.002989
6379.5 0.002983
6389.5 0.002983
6399.5 0.002983
6409.5 0.002977
6419.5 0.002977
6429.5 0.002977
6439.5 0.002972
6449.5 0.002972
6459.5 0.002972
6469.5 0.002966
6479.5 0.002966
6489.5 0.002966
6499.5 0.00296
6509.5 0.00296
6519.5 0.00296
6529.5 0.00296
6539.5 0.002954
6549.5 0.002954
6559.5 0.002954
6569.5 0.002948
6579.5 0.002948
6589.5 0.002948
6599.5 0.002943
6609.5 0.002943
6619.5 0.002943
6629.5 0.002943
6639.5 0.002937
6649.5 0.002937
6659.5 0.002937
6669.5 0.002937
6679.5 0.002931
6689.5 0.002931
6699.5 0.002931
6709.5 0.002925
6719.5 0.002925
6729.5 0.002925
6739.5 0.002925
6749.5 0.002919
6759.5 0.002919
6769.5 0.002919
6779.5 0.002919
6789.5 0.002914
6799.5 0.002914
6809.5 0.002914
6819.5 0.002914
6829.5 0.002908
6839.5 0.002908
6849.5 0.002908
6859.5 0.002902
6869.5 0.002902
6879.5 0.002902
6889.5 0.002902
6899.5 0.002896
6909.5 0.002896
6919.5 0.002896
6929.5 0.002896
6939.5 0.00289
6949.5 0.00289
6959.5 0.00289
6969.5 0.00289
6979.5 0.002885
6989.5 0.002885
6999.5 0.002885
7009.5 0.002885
7019.5 0.002879
7029.5 0.002879
7039.5 0.002879
7049.5 0.002879
7059.5 0.002873
7069.5 0.002873
7079.5 0.002873
7089.5 0.002873
7099.5 0.002867
7109.5 0.002867
7119.5 0.002867
7129.5 0.002867
7139.5 0.002861
7149.5 0.002861
7159.5 0.002861
7169.5 0.002861
7179.5 0.002861
7189.5 0.002856
7199.5 0.002856
7209.5 0.002856
7219.5 0.002856
7229.5 0.00285
7239.5 0.00285
7249.5 0.00285
7259.5 0.00285
7269.5 0.00285
7279.5 0.002844
7289.5 0.002844
7299.5 0.002844
7309.5 0.002844
7319.5 0.002838
7329.5 0.002838
7339.5 0.002838
7349.5 0.002838
7359.5 0.002838
7369.5 0.002832
7379.5 0.002832
7389.5 0.002832
7399.5 0.002832
7409.5 0.002827
7419.5 0.002827
7429.5 0.002827
7439.5 0.002827
7449.5 0.002827
7459.5 0.002821
7469.5 0.002821
7479.5 0.002821
7489.5 0.002821
7499.5 0.002821
7509.5 0.002815
7519.5 0.002815
7529.5 0.002815
7539.5 0.002815
7549.5 0.002815
7559.5 0.002809
7569.5 0.002809
7579.5 0.002809
7589.5 0.002809
7599.5 0.002809
7609.5 0.002803
7619.5 0.002803
7629.5 0.002803
7639.5 0.002803
7649.5 0.002803
7659.5 0.002798
7669.5 0.002798
7679.5 0.002798
7689.5 0.002798
7699.5 0.002798
7709.5 0.002798
7719.5 0.002792
7729.5 0.002792
7739.5 0.002792
7749.5 0.002792
7759.5 0.002792
7769.5 0.002786
7779.5 0.002786
7789.5 0.002786
7799.5 0.002786
7809.5 0.002786
7819.5 0.002786
7829.5 0.00278
7839.5 0.00278
7849.5 0.00278
7859.5 0.00278
7869.5 0.00278
7879.5 0.00278
7889.5 0.002774
7899.5 0.002774
7909.5 0.002774
7919.5 0.002774
7929.5 0.002774
7939.5 0.002774
7949.5 0.002769
7959.5 0.002769
7969.5 0.002769
7979.5 0.002769
7989.5 0.002769
7999.5 0.002769
8009.5 0.002763
8019.5 0.002763
8029.5 0.002763
8039.5 0.002763
8049.5 0.002763
8059.5 0.002763
8069.5 0.002757
8079.5 0.002757
8089.5 0.002757
8099.5 0.002757
8109.5 0.002757
8119.5 0.002757
8129.5 0.002757
8139.5 0.002751
8149.5 0.002751
8159.5 0.002751
8169.5 0.002751
8179.5 0.002751
8189.5 0.002751
8199.5 0.002751
8209.5 0.002745
8219.5 0.002745
8229.5 0.002745
8239.5 0.002745
8249.5 0.002745
8259.5 0.002745
8269.5 0.002745
8279.5 0.00274
8289.5 0.00274
8299.5 0.00274
8309.5 0.00274
8319.5 0.00274
8329.5 0.00274
8339.5 0.00274
8349.5 0.002734
8359.5 0.002734
8369.5 0.002734
8379.5 0.002734
8389.5 0.002734
8399.5 0.002734
8409.5 0.002734
8419.5 0.002728
8429.5 0.002728
8439.5 0.002728
8449.5 0.002728
8459.5 0.002728
8469.5 0.002728
8479.5 0.002728
8489.5 0.002722
8499.5 0.002722
8509.5 0.002722
8519.5 0.002722
8529.5 0.002722
8539.5 0.002722
8549.5 0.002722
8559.5 0.002716
8569.5 0.002716
8579.5 0.002716
8589.5 0.002716
8599.5 0.002716
8609.5 0.002716
8619.5 0.002716
8629.5 0.00271
8639.5 0.00271
8649.5 0.00271
8659.5 0.00271
8669.5 0.00271
8679.5 0.00271
8689.5 0.00271
8699.5 0.002705
8709.5 0.002705
8719.5 0.002705
8729.5 0.002705
8739.5 0.002705
8749.5 0.002705
8759.5 0.002705
8769.5 0.002699
8779.5 0.002699
8789.5 0.002699
8799.5 0.002699
8809.5 0.002699
8819.5 0.002699
8829.5 0.002699
8839.5 0.002693
8849.5 0.002693
8859.5 0.002693
8869.5 0.002693
8879.5 0.002693
8889.5 0.002693
8899.5 0.002693
8909.5 0.002693
8919.5 0.002687
8929.5 0.002687
8939.5 0.002687
8949.5 0.002687
8959.5 0.002687
8969.5 0.002687
8979.5 0.002687
8989.5 0.002687
8999.5 0.002681
9009.5 0.002681
9019.5 0.002681
9029.5 0.002681
9039.5 0.002681
9049.5 0.002681
9059.5 0.002681
9069.5 0.002676
9079.5 0.002676
9089.5 0.002676
9099.5 0.002676
9109.5 0.002676
9119.5 0.002676
9129.5 0.002676
9139.5 0.002676
9149.5 0.00267
9159.5 0.00267
9169.5 0.00267
9179.5 0.00267
9189.5 0.00267
9199.5 0.00267
9209.5 0.00267
9219.5 0.00267
9229.5 0.002664
9239.5 0.002664
9249.5 0.002664
9259.5 0.002664
9269.5 0.002664
9279.5 0.002664
9289.5 0.002664
9299.5 0.002664
9309.5 0.002658
9319.5 0.002658
9329.5 0.002658
9339.5 0.002658
9349.5 0.002658
9359.5 0.002658
9369.5 0.002658
9379.5 0.002658
9389.5 0.002652
9399.5 0.002652
9409.5 0.002652
9419.5 0.002652
9429.5 0.002652
9439.5 0.002652
9449.5 0.002652
9459.5 0.002652
9469.5 0.002652
9479.5 0.002647
9489.5 0.002647
9499.5 0.002647
9509.5 0.002647
9519.5 0.002647
9529.5 0.002647
9539.5 0.002647
9549.5 0.002647
9559.5 0.002641
9569.5 0.002641
9579.5 0.002641
9589.5 0.002641
9599.5 0.002641
9609.5 0.002641
9619.5 0.002641
9629.5 0.002641
9639.5 0.002641
9649.5 0.002635
9659.5 0.002635
9669.5 0.002635
9679.5 0.002635
9689.5 0.002635
9699.5 0.002635
9709.5 0.002635
9719.5 0.002635
9729.5 0.002629
9739.5 0.002629
9749.5 0.002629
9759.5 0.002629
9769.5 0.002629
9779.5 0.002629
9789.5 0.002629
9799.5 0.002629
9809.5 0.002629
9819.5 0.002623
9829.5 0.002623
9839.5 0.002623
9849.5 0.002623
9859.5 0.002623
9869.5 0.002623
9879.5 0.002623
9889.5 0.002623
9899.5 0.002618
9909.5 0.002618
9919.5 0.002618
9929.5 0.002618
9939.5 0.002618
9949.5 0.002618
9959.5 0.002618
9969.5 0.002618
9979.5 0.002618
9989.5 0.002612
9999.5 0.002612
10009.5 0.002612
10019.5 0.002612
10029.5 0.002612
10039.5 0.002612
10049.5 0.002612
10059.5 0.002612
10069.5 0.002612
10079.5 0.002606
10089.5 0.002606
10099.5 0.002606
10109.5 0.002606
10119.5 0.002606
10129.5 0.002606
10139.5 0.002606
10149.5 0.002606
10159.5 0.0026
10169.5 0.0026
10179.5 0.0026
10189.5 0.0026
10199.5 0.0026
10209.5 0.0026
10219.5 0.0026
10229.5 0.0026
10239.5 0.0026
10249.5 0.002594
10259.5 0.002594
10269.5 0.002594
10279.5 0.002594
10289.5 0.002594
10299.5 0.002594
10309.5 0.002594
10319.5 0.002594
10329.5 0.002589
10339.5 0.002589
10349.5 0.002589
10359.5 0.002589
10369.5 0.002589
10379.5 0.002589
10389.5 0.002589
10399.5 0.002589
10409.5 0.002589
10419.5 0.002583
10429.5 0.002583
10439.5 0.002583
10449.5 0.002583
10459.5 0.002583
10469.5 0.002583
10479.5 0.002583
10489.5 0.002583
10499.5 0.002583
10509.5 0.002577
10519.5 0.002577
10529.5 0.002577
10539.5 0.002577
10549.5 0.002577
10559.5 0.002577
10569.5 0.002577
10579.5 0.002577
10589.5 0.002577
10599.5 0.002571
10609.5 0.002571
10619.5 0.002571
10629.5 0.002571
10639.5 0.002571
10649.5 0.002571
10659.5 0.002571
10669.5 0.002571
10679.5 0.002571
10689.5 0.002565
10699.5 0.002565
10709.5 0.002565
10719.5 0.002565
10729.5 0.002565
10739.5 0.002565
10749.5 0.002565
10759.5 0.002565
10769.5 0.002565
10779.5 0.00256
10789.5 0.00256
10799.5 0.00256
10809.5 0.00256
10819.5 0.00256
10829.5 0.00256
10839.5 0.00256
10849.5 0.00256
10859.5 0.00256
10869.5 0.00256
10879.5 0.002554
10889.5 0.002554
10899.5 0.002554
10909.5 0.002554
10919.5 0.002554
10929.5 0.002554
10939.5 0.002554
10949.5 0.002554
10959.5 0.002554
10969.5 0.002548
10979.5 0.002548
10989.5 0.002548
10999.5 0.002548
11009.5 0.002548
11019.5 0.002548
11029.5 0.002548
11039.5 0.002548
11049.5 0.002548
11059.5 0.002548
11069.5 0.002542
11079.5 0.002542
11089.5 0.002542
11099.5 0.002542
11109.5 0.002542
11119.5 0.002542
11129.5 0.002542
11139.5 0.002542
11149.5 0.002542
11159.5 0.002542
11169.5 0.002536
11179.5 0.002536
11189.5 0.002536
11199.5 0.002536
11209.5 0.002536
11219.5 0.002536
11229.5 0.002536
11239.5 0.002536
11249.5 0.002536
11259.5 0.002536
11269.5 0.002531
11279.5 0.002531
11289.5 0.002531
11299.5 0.002531
11309.5 0.002531
11319.5 0.002531
11329.5 0.002531
11339.5 0.002531
11349.5 0.002531
11359.5 0.002531
11369.5 0.002525
11379.5 0.002525
11389.5 0.002525
11399.5 0.002525
11409.5 0.002525
11419.5 0.002525
11429.5 0.002525
11439.5 0.002525
11449.5 0.002525
11459.5 0.002519
11469.5 0.002519
11479.5 0.002519
11489.5 0.002519
11499.5 0.002519
11509.5 0.002519
11519.5 0.002519
11529.5 0.002519
11539.5 0.002519
11549.5 0.002519
11559.5 0.002513
11569.5 0.002513
11579.5 0.002513
11589.5 0.002513
11599.5 0.002513
11609.5 0.002513
11619.5 0.002513
11629.5 0.002513
11639.5 0.002513
11649.5 0.002513
11659.5 0.002513
11669.5 0.002507
11679.5 0.002507
11689.5 0.002507
11699.5 0.002507
11709.5 0.002507
11719.5 0.002507
11729.5 0.002507
11739.5 0.002507
11749.5 0.002507
11759.5 0.002507
11769.5 0.002502
11779.5 0.002502
11789.5 0.002502
11799.5 0.002502
11809.5 0.002502
11819.5 0.002502
11829.5 0.002502
11839.5 0.002502
11849.5 0.002502
11859.5 0.002502
11869.5 0.002502
11879.5 0.002496
11889.5 0.002496
11899.5 0.002496
11909.5 0.002496
11919.5 0.002496
11929.5 0.002496
11939.5 0.002496
11949.5 0.002496
11959.5 0.002496
11969.5 0.002496
11979.5 0.002496
11989.5 0.00249
11999.5 0.00249
12009.5 0.00249
999999999 0.001614
-END-OF-DATA-
