   1.6453476e+00
   1.0564886e+00
   3.2884955e-01
   1.1163422e-01
  -1.3963372e-01
  -2.6240325e-01
   1.1327139e+00
   1.7845727e+00
   9.0506631e-01
   1.5283958e+00
   2.8136466e+00
   3.1802244e+00
   3.3681459e+00
   4.3137126e+00
   4.7657766e+00
   3.8419545e+00
   2.3733282e+00
   1.8688341e+00
   1.8789333e+00
   1.3801404e+00
   1.0099607e+00
   8.6159474e-01
   7.5869602e-01
   5.9600103e-01
   5.5525869e-01
   5.2818018e-01
   3.5203272e-01
   6.0548563e-02
  -4.5695585e-01
  -1.5504001e+00
  -2.7256861e+00
  -3.4790752e+00
  -3.0339360e+00
  -1.7200011e+00
  -2.9205757e-01
   1.2521924e+00
   2.6578295e+00
   1.0037303e+00
  -1.2557441e-01
   6.5313804e-01
   1.3750030e+00
   1.1405302e+00
   1.9785058e+00
   1.6724821e+00
   6.3045311e-01
   3.5510683e-01
   1.2812444e+00
   2.0668569e+00
   1.7411931e+00
   1.5561422e+00
   9.4386554e-01
   5.2752250e-01
   3.7011543e-01
   2.8811499e-01
   3.9930847e-01
  -5.2685175e-02
  -2.5637558e-01
  -3.8028470e-01
  -2.8797692e-01
  -1.5150790e-01
   1.2943435e-02
   5.0254215e-02
  -2.9488036e-02
  -1.2012687e-01
  -3.0081525e-01
  -4.1047195e-01
  -7.1766192e-01
  -7.4690950e-01
  -6.3399941e-01
   4.6490812e-01
   9.6273082e-01
   2.3519812e+00
   8.7809479e-01
   6.0916506e-02
   8.2984217e-02
   1.6178584e-01
   2.7834347e-01
   3.5043508e-01
   3.7618771e-01
   3.5821864e-01
   7.9504929e-02
  -1.0449322e-01
  -4.0389913e-01
   3.4101051e-01
   6.2672937e-01
   4.6215224e-01
   2.2217181e-01
   3.4516279e-02
  -1.1811669e-01
   9.2941642e-02
  -5.4677878e-02
  -2.8573000e-01
  -5.8491081e-01
  -6.2372494e-01
  -4.6221545e-01
  -2.4555990e-01
  -7.8779034e-02
  -1.0436434e-01
  -1.8176898e-01
  -1.9591519e-01
  -2.3024762e-01
  -2.2115038e-01
  -2.3102483e-01
  -2.4629596e-01
  -2.0813970e-01
  -6.1400175e-02
   5.8423907e-01
   1.1354035e+00
   2.6655546e-01
  -2.4052477e-01
  -3.9253539e-01
  -2.7888390e-01
  -4.0168772e-03
   1.6712447e-01
   1.5682146e-01
   6.3069455e-02
  -1.4838761e-01
  -3.2677671e-01
  -5.1996392e-01
  -1.3454720e-01
   2.5136641e-01
   1.2818633e-01
  -2.7650714e-02
  -2.1197525e-01
  -3.3952051e-01
  -3.8577956e-01
  -2.7688482e-01
  -5.0732750e-01
  -7.8626519e-01
  -7.3026437e-01
  -5.4812348e-01
  -3.2007805e-01
  -1.7487724e-01
  -1.9448304e-01
  -2.3122117e-01
  -2.2819483e-01
  -2.7051011e-01
  -3.0800900e-01
  -3.0667144e-01
  -3.2244402e-01
  -2.1281980e-01
  -1.5964392e-01
  -3.8346220e-03
   2.8322077e-01
  -3.7437034e-01
  -4.4559166e-01
  -6.9037759e-01
  -7.8916168e-01
  -1.8015119e-01
  -4.5740325e-04
  -5.2182008e-02
  -1.6905726e-01
  -3.4381741e-01
  -3.9904726e-01
  -3.5332054e-01
   1.8751763e-02
  -2.6214911e-02
  -1.1567782e-01
  -2.2746377e-01
  -4.3215922e-01
  -5.9875798e-01
  -7.4176061e-01
  -4.1943735e-01
  -6.9134843e-01
  -7.5851870e-01
  -6.5243804e-01
  -5.2068365e-01
  -2.6974508e-01
  -1.2446235e-01
  -1.4200677e-01
  -2.1265535e-01
  -2.5454399e-01
  -3.7491983e-01
  -4.6248007e-01
  -5.0662106e-01
  -5.1780689e-01
  -4.2513281e-01
  -3.9176378e-01
  -3.8612789e-01
  -3.2055250e-01
  -7.6093146e-01
  -5.7961974e-01
  -4.7159555e-01
  -5.7398481e-01
  -5.7927660e-01
  -4.5415827e-01
  -3.8345112e-01
  -4.6721145e-01
  -5.9320984e-01
  -4.3242448e-01
  -4.3121847e-01
  -3.8544123e-03
  -2.3253292e-01
  -3.9359032e-01
  -5.6489894e-01
  -7.8986821e-01
  -8.7415814e-01
  -5.6517330e-01
  -4.6425673e-01
  -7.1849553e-01
  -6.3451866e-01
  -4.6996212e-01
  -4.0280127e-01
  -8.2140093e-02
   1.2148181e-01
  -6.3179504e-02
  -2.2395073e-01
  -2.9715935e-01
  -4.5392224e-01
  -5.8757380e-01
  -6.5236630e-01
  -6.3586412e-01
  -5.7058493e-01
  -5.7097710e-01
  -5.8217106e-01
  -6.3212965e-01
  -8.7325829e-01
  -5.6954461e-01
   9.0381816e-02
  -3.9569977e-01
  -4.9847859e-01
  -8.1365991e-01
  -7.9096651e-01
  -7.1434826e-01
  -6.0012406e-01
  -4.4970554e-01
  -2.9459184e-01
  -2.5200644e-01
  -5.9494185e-01
  -4.9485809e-01
  -5.6171048e-01
  -6.7706478e-01
  -4.9955347e-01
  -4.6529463e-01
  -6.6858006e-01
  -6.4856046e-01
  -4.0883338e-01
  -8.2973965e-02
  -1.9900793e-01
   1.7924240e-01
   4.1772968e-01
  -1.0545922e-01
  -2.4917686e-01
  -2.8887495e-01
  -4.3934047e-01
  -5.8798862e-01
  -6.2591481e-01
  -5.6847697e-01
  -5.2556682e-01
  -5.5842465e-01
  -6.1526668e-01
  -7.4170518e-01
  -6.8937401e-01
  -2.8350449e-01
   7.2923064e-01
   9.9641520e-02
  -3.6227536e-01
  -8.6811984e-01
  -7.1789119e-01
  -3.4908205e-01
  -1.1686417e-01
  -8.2183292e-02
  -4.6744630e-01
  -8.2343835e-01
  -4.9225450e-01
  -2.6144001e-01
  -5.3652143e-01
  -6.4565103e-01
  -6.5107304e-01
  -6.3751733e-01
  -4.9574643e-01
  -1.5386337e-01
   2.0735678e-01
   3.2126000e-01
  -5.6449693e-02
   3.6453688e-01
   4.3575076e-01
  -4.6607636e-02
  -3.0828616e-02
  -2.1918901e-01
  -3.1220320e-01
  -4.4385549e-01
  -4.3897349e-01
  -3.4280109e-01
  -3.7406710e-01
  -4.8630783e-01
  -5.7718337e-01
  -6.8437302e-01
  -3.0398220e-01
   1.1078072e-01
   1.2577115e+00
   1.3712221e+00
   4.5192650e-01
  -2.3350352e-01
  -2.4094348e-01
   2.6217708e-01
   3.9710566e-01
  -2.6049244e-01
  -7.6780415e-01
  -3.9519584e-01
  -6.8366028e-02
  -4.6592629e-01
  -8.5130143e-01
  -7.4011475e-01
  -5.1792240e-01
  -1.8056826e-01
   9.4969071e-02
   5.2921242e-01
   9.3788862e-01
   6.9899046e-01
   3.2106486e-01
   8.1934804e-01
   6.3875145e-01
   2.1193947e-01
   5.1496416e-01
  -6.0153436e-02
  -3.0100173e-01
  -3.1389418e-01
  -2.4162877e-01
  -1.5454197e-01
  -2.8525242e-01
  -4.3966204e-01
  -4.8757634e-01
  -4.7823325e-01
   4.2619821e-01
   9.3744707e-01
   1.5391163e+00
   2.5081096e+00
   1.5957789e+00
   7.2132498e-01
   4.5055085e-01
   1.0443188e+00
   5.8094209e-01
  -5.9312046e-01
  -7.7671841e-02
   5.0811344e-01
  -2.2000989e-01
  -6.4299405e-01
  -4.9831551e-01
  -1.5676752e-01
   2.9997110e-01
   6.8101513e-01
   8.8969904e-01
   1.2710685e+00
   1.8692794e+00
   1.2420542e+00
   6.9987833e-01
   9.9908233e-01
   1.0948631e+00
   6.5263331e-01
   4.1424280e-01
   9.1046378e-02
  -2.9393375e-01
  -1.4982538e-01
  -3.3383764e-02
  -2.0392798e-03
  -2.3523730e-01
  -3.6420256e-01
  -2.9807681e-01
  -6.5287903e-02
   1.6939710e+00
   1.8075757e+00
   1.7921587e+00
   3.4329727e+00
   2.6550817e+00
   1.4862822e+00
   1.0571983e+00
   1.3888747e+00
   4.0636489e-01
  -4.2129335e-01
   5.6107938e-01
   1.0674273e+00
  -5.9736639e-02
  -2.6906163e-01
   1.9713435e-01
   5.6787103e-01
   9.5372742e-01
   1.1800296e+00
   1.2759473e+00
   1.6307384e+00
   2.1530757e+00
   1.2432609e+00
   7.6048136e-01
   1.0180869e+00
   1.2981946e+00
   1.1657834e+00
   7.8270638e-01
  -5.8314182e-02
  -3.5771567e-01
  -1.0619524e-01
   4.6674505e-02
   2.1195961e-03
  -2.6414517e-01
  -3.0642861e-01
  -1.1247737e-01
   4.1382992e-01
   2.9229662e+00
   1.3444768e+00
   1.7332100e+00
   4.3885384e+00
   3.5401361e+00
   2.0301857e+00
   1.3037689e+00
   9.0796167e-01
  -3.6718938e-03
  -1.2925218e-01
   1.0854117e+00
   1.0415969e+00
   2.4826419e-01
   4.0442654e-01
   9.0648538e-01
   1.2314383e+00
   1.4868039e+00
   1.5517802e+00
   1.5517066e+00
   1.9090989e+00
   2.2298815e+00
   1.6075583e+00
   7.4356556e-01
   9.0854162e-01
   1.5198826e+00
   1.5575172e+00
   1.0916426e+00
  -9.7236753e-02
  -4.6253756e-01
  -1.9913793e-01
  -6.6206761e-02
  -2.0220819e-01
  -3.6081424e-01
  -2.2292240e-01
   2.1118781e-01
   1.1828314e+00
   3.5236378e+00
   1.4007864e+00
   1.9853797e+00
   5.0231442e+00
   3.8631997e+00
   1.7238680e+00
   4.4683826e-01
  -4.2137299e-02
  -4.6575409e-01
   3.8495705e-02
   7.7884036e-01
   4.1253567e-01
   4.7521871e-01
   9.0455717e-01
   1.3591633e+00
   1.6246407e+00
   1.8001945e+00
   1.8209823e+00
   1.8530605e+00
   2.0945005e+00
   1.9421109e+00
   1.3436884e+00
   1.0799401e+00
   4.9893722e-01
   1.4812639e+00
   9.2140442e-01
   3.4028915e-01
  -4.2483243e-01
  -6.8536651e-01
  -3.6997932e-01
  -3.6590877e-01
  -4.5479926e-01
  -3.7128577e-01
   8.7142577e-03
   7.0258176e-01
   1.9409540e+00
   3.4863479e+00
   1.3351409e+00
   2.4825673e+00
   4.9770131e+00
   3.2549748e+00
   3.2804516e-01
  -3.6031333e-01
  -4.2941517e-01
  -4.2430234e-01
   2.9959558e-02
   5.6732029e-01
   8.0523330e-01
   7.8018200e-01
   1.1583987e+00
   1.5542800e+00
   1.7662902e+00
   1.8868744e+00
   1.8606153e+00
   1.8878093e+00
   1.9591796e+00
   1.3195810e+00
   7.1840358e-01
   4.5452565e-01
   2.8503338e-01
   7.6468587e-01
   2.1816671e-02
  -3.4306931e-01
  -7.1070492e-01
  -6.8377548e-01
  -4.5929724e-01
  -6.2501335e-01
  -4.9755827e-01
  -1.7648757e-01
   3.8007104e-01
   1.2146313e+00
   2.4318247e+00
   3.0757780e+00
   1.1072522e+00
   2.1037717e+00
   4.2405472e+00
   1.2125640e+00
  -6.2888747e-01
  -5.2439684e-01
  -4.3046898e-01
  -3.7832919e-01
   8.8243276e-02
   7.8359282e-01
   8.4935480e-01
   9.1366524e-01
   1.2241791e+00
   1.5056051e+00
   1.6117926e+00
   1.5833167e+00
   1.3991032e+00
   1.2698957e+00
   1.2269425e+00
   4.8862621e-01
  -3.1189170e-01
  -4.8995134e-01
  -3.6389795e-01
  -2.6522008e-01
  -8.3659858e-01
  -7.6363319e-01
  -1.0680345e+00
  -7.4866587e-01
  -3.9157316e-01
  -7.1403676e-01
  -4.1266948e-01
   4.5621205e-02
   6.9383854e-01
   1.5305219e+00
   2.5173097e+00
   2.3218923e+00
   8.2553709e-01
   1.4644921e+00
   2.9477644e+00
  -1.5845107e-01
  -5.9725797e-01
  -3.2106760e-01
  -4.1596854e-01
  -2.2123954e-01
  -1.1602797e-02
   5.9804165e-01
   6.6628963e-01
   7.8532588e-01
   1.0346001e+00
   1.1833547e+00
   1.1419859e+00
   9.5276469e-01
   6.5650797e-01
   5.4120231e-01
   9.2088455e-01
   8.9317727e-01
  -8.3201903e-01
  -1.2019007e+00
  -1.3539629e+00
  -1.2817236e+00
  -1.8369303e+00
  -1.6270232e+00
  -1.5801456e+00
  -1.5645440e+00
  -1.0871346e+00
  -8.7035000e-01
  -7.4173725e-01
  -2.6511765e-01
   3.4654459e-01
   1.0805874e+00
   1.9103411e+00
   1.3171873e+00
   4.7368398e-01
   1.4922032e+00
   1.4338146e+00
  -4.8692659e-01
  -4.3644160e-01
  -2.9781735e-01
  -6.3013011e-01
  -7.4808526e-01
  -4.6985656e-01
  -8.8227361e-02
   7.6604642e-02
   2.9977345e-01
   5.8195269e-01
   6.9245279e-01
   6.1073226e-01
   3.8509247e-01
   1.1307585e-01
   1.6641207e-01
   8.7610567e-01
   1.3607025e+00
  -1.3067886e-02
  -1.5961310e+00
  -1.6660472e+00
  -1.9358357e+00
  -2.3241737e+00
  -2.0017292e+00
  -1.9339724e+00
  -2.3119974e+00
  -2.2858028e+00
  -1.6276277e+00
  -1.3869177e+00
  -9.8307699e-01
  -5.7721865e-01
  -1.2034959e-01
   5.6153655e-01
  -2.2040055e-01
   2.1079310e-02
   9.9531758e-01
   7.1853540e-02
  -4.1716934e-01
  -4.2275331e-01
  -5.0684518e-01
  -1.0836860e+00
  -9.7869236e-01
  -8.1837990e-01
  -8.2900926e-01
  -6.4450119e-01
  -3.9586915e-01
  -1.1880424e-01
   5.4636464e-02
   8.7430809e-02
  -2.4948063e-02
  -1.7241562e-01
  -8.7356520e-02
   2.9720517e-01
   6.2453918e-01
   3.3224024e-01
  -8.7924118e-01
  -1.0665539e+00
  -1.2289613e+00
  -1.3451041e+00
  -1.1243472e+00
  -1.1742022e+00
  -1.3251897e+00
  -1.3384229e+00
  -1.0027977e+00
  -9.5908082e-01
  -8.6728807e-01
  -8.3318569e-01
  -8.6200293e-01
  -8.5776021e-01
  -1.6305817e+00
  -5.3855270e-01
   3.0306851e-01
  -9.9569446e-01
  -3.2905950e-01
  -4.9704897e-01
  -8.4075649e-01
  -1.2539860e+00
  -9.4672752e-01
  -9.0047230e-01
  -9.9312407e-01
  -9.3487389e-01
  -8.2688918e-01
  -7.1555821e-01
  -6.0677873e-01
  -4.7453872e-01
  -3.7200232e-01
  -3.0378448e-01
  -2.9508998e-01
  -5.1097953e-01
  -3.4300138e-01
  -2.8187364e-01
   6.0871171e-01
   8.1166174e-01
   7.6213273e-01
   6.8157605e-01
   8.0919232e-01
   8.3422323e-01
   7.2501245e-01
   7.1923659e-01
   8.2390787e-01
   7.8494396e-01
   6.5993182e-01
   4.1366733e-01
   7.1522017e-03
  -7.8258392e-01
  -2.5909922e+00
  -1.3537891e+00
  -4.2998523e-01
  -1.3708653e+00
  -8.7262428e-01
  -6.9318861e-01
  -1.0808599e+00
  -1.3479364e+00
  -1.4402374e+00
  -1.5097185e+00
  -1.6049997e+00
  -1.6032526e+00
  -1.5399245e+00
  -1.4540030e+00
  -1.3125846e+00
  -1.0802655e+00
  -8.2584882e-01
  -6.3016135e-01
  -6.3766724e-01
  -1.1459366e+00
  -1.5053694e+00
   1.3755323e-01
   7.5238055e-01
   9.9133259e-01
   1.3135427e+00
   1.4484180e+00
   1.6004016e+00
   1.6074549e+00
   1.4804854e+00
   1.4160262e+00
   1.3550203e+00
   1.1572585e+00
   7.9877454e-01
   3.1510502e-01
  -3.6241594e-01
  -1.4030581e+00
  -2.9591351e+00
  -2.3708389e+00
  -1.8023970e+00
  -2.0294921e+00
  -8.1891525e-01
  -7.8822482e-01
  -1.2375176e+00
  -1.7893423e+00
  -1.9525627e+00
  -1.9901757e+00
  -2.1057281e+00
  -2.1988502e+00
  -2.2193189e+00
  -2.1822367e+00
  -2.0678840e+00
  -1.8427405e+00
  -1.5340967e+00
  -1.2463460e+00
  -1.1327299e+00
  -1.4397124e+00
  -2.3551660e+00
  -1.5752697e-01
  -1.5912034e-01
  -5.2970254e-01
   2.5179005e-01
   8.9601201e-01
   1.2483330e+00
   1.2643104e+00
   1.1752084e+00
   1.0319569e+00
   8.2105076e-01
   5.2860504e-01
   1.0695231e-01
  -4.1055736e-01
  -1.0667304e+00
  -1.9452119e+00
  -2.7052174e+00
  -3.2321424e+00
  -2.0699737e+00
  -2.6176622e+00
  -1.0123104e+00
  -8.0384451e-01
  -1.8167809e+00
  -2.1270230e+00
  -2.2844765e+00
  -2.2628338e+00
  -2.3830681e+00
  -2.5726471e+00
  -2.7151587e+00
  -2.7886932e+00
  -2.7730820e+00
  -2.6635892e+00
  -2.4101450e+00
  -2.0885289e+00
  -1.8337690e+00
  -1.7468067e+00
  -1.7420955e+00
  -4.1536459e-01
  -3.5020363e-01
  -1.7760332e+00
  -1.6684498e+00
  -4.4703233e-01
   5.5018234e-01
   6.4362633e-01
   6.3078159e-01
   5.6594944e-01
   3.7486777e-01
   1.4091739e-01
  -2.6853916e-01
  -8.2828218e-01
  -1.4300655e+00
  -2.0788372e+00
  -2.5823658e+00
  -3.6244988e+00
  -2.9632664e+00
  -3.5452359e+00
  -1.4302857e+00
  -2.8224844e-01
  -1.7905222e+00
  -2.2461460e+00
  -2.3362327e+00
  -2.2873933e+00
  -2.3622389e+00
  -2.5815496e+00
  -2.8064790e+00
  -2.9838426e+00
  -3.0594406e+00
  -3.0660293e+00
  -2.9663076e+00
  -2.7457387e+00
  -2.5443676e+00
  -2.3767555e+00
  -2.0802274e+00
  -1.7113781e+00
  -1.4039315e+00
  -2.5292273e+00
  -3.2090886e+00
  -1.8097517e+00
   7.2908610e-02
   3.9468923e-01
   3.1283599e-01
   4.0681261e-01
   2.9704967e-01
   2.1431281e-01
  -8.8111602e-02
  -6.2103134e-01
  -1.2475055e+00
  -1.8793087e+00
  -2.0481620e+00
  -3.0352824e+00
  -3.3076277e+00
  -3.8543525e+00
  -1.9220598e+00
  -1.4294025e-01
  -1.1473233e+00
  -2.1471951e+00
  -2.2280910e+00
  -2.1567659e+00
  -2.1697974e+00
  -2.3467102e+00
  -2.5671241e+00
  -2.7722530e+00
  -2.8975532e+00
  -2.9329848e+00
  -2.9269135e+00
  -2.8058965e+00
  -2.7052679e+00
  -2.6164114e+00
  -2.3854871e+00
  -2.0901000e+00
  -1.5675727e+00
  -2.4071798e+00
  -3.6332889e+00
  -2.2934170e+00
  -3.2722950e-02
   4.4166946e-01
   3.8134801e-01
   2.5375119e-01
   1.0548063e-01
   1.8063436e-01
   1.2514955e-01
  -2.4662146e-01
  -8.4388721e-01
  -1.4595555e+00
  -1.5344902e+00
  -2.3598671e+00
  -3.1974208e+00
  -3.2673018e+00
  -2.2817502e+00
  -5.8014274e-01
  -7.3498130e-01
  -1.7485484e+00
  -1.8922955e+00
  -1.8107893e+00
  -1.7792988e+00
  -1.8883685e+00
  -2.0780990e+00
  -2.2671776e+00
  -2.4144366e+00
  -2.4310875e+00
  -2.4276721e+00
  -2.3403015e+00
  -2.2784023e+00
  -2.2285244e+00
  -2.0437407e+00
  -1.6667376e+00
  -1.1265328e+00
  -1.8105127e+00
  -3.6454573e+00
  -2.3746314e+00
   3.4240976e-01
   5.1339614e-01
   5.0012821e-01
   2.6568049e-01
  -1.4126711e-01
  -1.7629690e-02
   2.0029004e-01
   1.1238713e-01
  -3.2112736e-01
  -9.3040186e-01
  -8.6905348e-01
  -1.6811553e+00
  -2.8552208e+00
  -1.5955031e+00
  -2.2390256e+00
  -1.0857528e+00
  -3.0757871e-01
  -1.0724156e+00
  -1.2719457e+00
  -1.1823635e+00
  -1.1118170e+00
  -1.1667600e+00
  -1.3152425e+00
  -1.4764236e+00
  -1.6276526e+00
  -1.6532764e+00
  -1.6369358e+00
  -1.5549824e+00
  -1.5126663e+00
  -1.4934740e+00
  -1.3712161e+00
  -1.0256568e+00
  -6.4290488e-01
  -1.0629816e+00
  -3.1476805e+00
  -2.2613325e+00
   1.0359809e+00
   8.3761489e-01
   5.8004248e-01
   3.9210010e-01
  -1.6896901e-01
  -1.1952943e-01
   2.4783430e-01
   3.7025836e-01
   1.6674827e-01
  -3.1822252e-01
  -2.2487378e-01
  -7.6776040e-01
  -1.9733429e+00
  -6.9264531e-01
  -1.0186853e+00
  -6.8417591e-01
  -5.9052837e-01
  -3.6545298e-01
  -5.1480454e-01
  -4.2582148e-01
  -3.3867049e-01
  -3.7778348e-01
  -5.0444168e-01
  -6.5167153e-01
  -7.8731167e-01
  -8.5147721e-01
  -8.5505462e-01
  -7.9306453e-01
  -7.5767446e-01
  -7.7003247e-01
  -7.0431668e-01
  -4.7174883e-01
  -2.0844594e-01
  -4.4401476e-01
  -1.9740206e+00
  -2.5563273e+00
  -2.9121041e-01
   6.7205834e-01
   3.9258689e-01
   1.5361170e-01
  -2.0099691e-01
  -1.9507188e-01
   3.6521068e-01
   5.9121948e-01
   5.0414157e-01
   1.5590602e-01
   4.0481630e-01
   2.6062268e-01
  -3.4759232e-01
  -2.0281009e-01
   3.5507846e-01
   3.6916417e-01
  -8.5221481e-01
   9.3385056e-02
   2.9507187e-01
   4.9728435e-01
   6.1982471e-01
   6.1335945e-01
   5.0345933e-01
   3.7125167e-01
   2.5126517e-01
   1.6288933e-01
   1.1526120e-01
   1.3092080e-01
   1.4890769e-01
   1.0656400e-01
   1.3484532e-01
   2.2971979e-01
   3.4332687e-01
   2.4344470e-01
  -4.3763298e-01
  -1.3559855e+00
  -9.1386795e-01
  -4.3513188e-01
  -1.7520928e-01
  -2.3095953e-01
  -2.3525262e-01
  -2.7646267e-01
   2.0928425e-01
   8.0911082e-01
   8.2434297e-01
   5.9780008e-01
   6.5380965e-01
   7.0352399e-01
   8.7282437e-01
   1.0048501e+00
   1.2219816e+00
   1.4253566e+00
  -2.7149865e-01
   2.9314405e-01
   8.7001193e-01
   1.1173022e+00
   1.2763871e+00
   1.3115001e+00
   1.2266714e+00
   1.1101429e+00
   1.0156724e+00
   9.2553008e-01
   8.4560186e-01
   8.2691091e-01
   8.0717751e-01
   7.3331529e-01
   7.2459817e-01
   7.7150216e-01
   8.0735165e-01
   7.3644006e-01
   4.9990523e-01
   1.1077790e-02
  -4.3751299e-01
  -2.7558261e-01
   2.2593234e-02
  -2.3888662e-02
   5.5677776e-02
   2.1227980e-01
   2.4301979e-01
   7.4124828e-01
   9.0248692e-01
   7.7044475e-01
   8.2910174e-01
   9.1718102e-01
   1.2803932e+00
   1.6979892e+00
   1.8867862e+00
   2.1818187e+00
   7.8764653e-01
   3.7851673e-01
   1.2917739e+00
   1.5871745e+00
   1.7796090e+00
   1.8434089e+00
   1.7965541e+00
   1.6916925e+00
   1.6088486e+00
   1.5213912e+00
   1.4326214e+00
   1.3728757e+00
   1.2980660e+00
   1.1971569e+00
   1.1350741e+00
   1.1568342e+00
   1.1702276e+00
   1.1210214e+00
   1.1072929e+00
   1.0110704e+00
   9.3210858e-01
   8.2974529e-01
   6.3755924e-01
   3.9395988e-01
   4.3682063e-01
   7.8524405e-01
   8.7370008e-01
   1.0278810e+00
   1.0728790e+00
   9.5363396e-01
   7.5226870e-01
   7.8680438e-01
   1.0867519e+00
   1.4744776e+00
   1.7151887e+00
   2.0813735e+00
   1.0886487e+00
   4.6295401e-01
   1.1984878e+00
   1.4532294e+00
   1.6797401e+00
   1.7821777e+00
   1.7769998e+00
   1.7154629e+00
   1.6514586e+00
   1.5611236e+00
   1.4759364e+00
   1.4162562e+00
   1.3279702e+00
   1.2200553e+00
   1.1444571e+00
   1.1379777e+00
   1.1502832e+00
   1.1306565e+00
   1.1877651e+00
   1.2065127e+00
   1.1458516e+00
   1.0221750e+00
   7.6005083e-01
   4.6039662e-01
   4.5394709e-01
   7.4389380e-01
   1.0223185e+00
   1.1188741e+00
   1.0782381e+00
   9.0776557e-01
   2.4768524e-01
   2.0625839e-01
   3.7140195e-01
   6.3527489e-01
   8.8160063e-01
   1.2275331e+00
   4.2130831e-01
  -4.0087062e-02
   4.2062304e-01
   6.2155801e-01
   8.7784119e-01
   1.0785144e+00
   1.1560011e+00
   1.1599061e+00
   1.1749062e+00
   1.1485692e+00
   1.0924649e+00
   1.0435364e+00
   9.4943440e-01
   8.6983557e-01
   8.2410785e-01
   8.1546569e-01
   8.2882299e-01
   8.5199817e-01
   9.2367995e-01
   9.6786374e-01
   9.1380251e-01
   7.6208323e-01
   4.8118359e-01
   2.1564545e-01
   1.7193802e-01
   3.4699716e-01
   5.9888642e-01
   6.5964037e-01
   6.0832660e-01
   4.3486271e-01
  -4.0618494e-01
  -5.2957129e-01
  -4.6821132e-01
  -3.1977623e-01
  -1.3593289e-01
  -9.7513609e-03
  -4.3082216e-01
  -4.3541893e-01
  -3.8876292e-01
  -3.1296428e-01
  -1.0207168e-01
   1.6306365e-01
   3.2614793e-01
   3.9602548e-01
   4.5422277e-01
   5.1155904e-01
   5.0178266e-01
   4.4374999e-01
   3.5100403e-01
   2.8001735e-01
   2.4464884e-01
   2.8442942e-01
   2.9910380e-01
   3.2552207e-01
   4.0492585e-01
   4.4098866e-01
   4.0666106e-01
   2.6138742e-01
   3.6786966e-02
  -2.0241791e-01
  -2.4724454e-01
  -1.6548714e-01
  -2.9732993e-02
  -1.5482093e-02
  -9.4330646e-02
  -2.3123997e-01
  -8.3702672e-01
  -9.4938540e-01
  -9.5268381e-01
  -9.1096765e-01
  -8.1927270e-01
  -9.9713576e-01
  -1.1018564e+00
  -7.8044271e-01
  -8.6692196e-01
  -8.4991318e-01
  -6.7612821e-01
  -4.5421147e-01
  -2.6175484e-01
  -1.4482515e-01
  -7.7152364e-02
  -2.1007551e-02
  -1.4482995e-03
  -4.7086284e-02
  -1.5027486e-01
  -2.4220121e-01
  -2.8968370e-01
  -2.9500711e-01
  -2.9763708e-01
  -2.7464178e-01
  -1.9414295e-01
  -1.4163136e-01
  -1.4544369e-01
  -2.3415813e-01
  -3.7288237e-01
  -5.4159600e-01
  -5.4870993e-01
  -5.0075465e-01
  -4.6137267e-01
  -4.6985489e-01
  -5.5159736e-01
  -6.7935836e-01
  -7.5241801e-01
  -8.4823453e-01
  -9.3932182e-01
  -9.4975442e-01
  -9.7263736e-01
  -1.2887580e+00
  -1.3054021e+00
  -8.1258601e-01
  -8.6440426e-01
  -8.7755884e-01
  -7.7893066e-01
  -6.2058192e-01
  -4.7516620e-01
  -3.8356936e-01
  -3.5731781e-01
  -3.4242325e-01
  -3.1727579e-01
  -3.4405982e-01
  -4.3653283e-01
  -5.2674723e-01
  -5.9258080e-01
  -6.4154140e-01
  -6.6934353e-01
  -6.6646868e-01
  -6.0148017e-01
  -5.2215248e-01
  -4.8737434e-01
  -5.2373612e-01
  -5.8378482e-01
  -5.9698892e-01
  -5.8059906e-01
  -5.2723169e-01
  -4.6503970e-01
  -4.4592944e-01
  -5.1679051e-01
  -6.3644880e-01
  -1.3529648e-01
  -2.3226508e-01
  -3.5415643e-01
  -4.4895494e-01
  -5.4462749e-01
  -7.9455131e-01
  -9.3640977e-01
  -7.4022740e-01
  -5.3095055e-01
  -4.5367005e-01
  -3.9530104e-01
  -3.3687320e-01
  -2.8863323e-01
  -2.6736024e-01
  -2.7359021e-01
  -2.8841746e-01
  -2.9651821e-01
  -3.3565694e-01
  -3.9406282e-01
  -4.4153276e-01
  -4.7962302e-01
  -4.8227495e-01
  -4.8327670e-01
  -4.8098883e-01
  -4.3381840e-01
  -3.8860667e-01
  -3.6009124e-01
  -3.2157505e-01
  -2.5252590e-01
  -1.8027744e-01
  -1.2794952e-01
  -7.4566640e-02
  -3.0681342e-02
  -2.6960177e-03
  -1.3208105e-02
  -7.3400363e-02
