   0.0000000e+00
   0.0000000e+00
   0.0000000e+00
   0.0000000e+00
   0.0000000e+00
  -0.0000000e+00
  -0.0000000e+00
  -9.1208369e-03
  -9.8305758e-03
  -7.3882448e-03
  -8.6288585e-03
  -6.8238067e-03
   0.0000000e+00
   0.0000000e+00
   0.0000000e+00
   0.0000000e+00
   0.0000000e+00
   0.0000000e+00
   0.0000000e+00
   0.0000000e+00
   0.0000000e+00
   0.0000000e+00
   0.0000000e+00
   0.0000000e+00
   0.0000000e+00
   0.0000000e+00
   0.0000000e+00
   0.0000000e+00
   0.0000000e+00
   0.0000000e+00
   0.0000000e+00
   8.9593664e-03
   5.8229208e-03
   6.2095088e-03
   5.4054644e-03
   2.9535608e-03
   1.4146728e-02
   0.0000000e+00
   0.0000000e+00
   0.0000000e+00
   0.0000000e+00
   0.0000000e+00
   1.7997725e-02
   1.9616541e-02
   2.0023309e-02
   0.0000000e+00
   2.5249127e-03
   1.0503389e-02
   1.7323888e-02
   0.0000000e+00
   0.0000000e+00
   0.0000000e+00
   0.0000000e+00
   0.0000000e+00
   0.0000000e+00
   0.0000000e+00
   0.0000000e+00
   0.0000000e+00
   0.0000000e+00
   0.0000000e+00
   0.0000000e+00
   0.0000000e+00
   0.0000000e+00
   0.0000000e+00
   0.0000000e+00
   0.0000000e+00
   0.0000000e+00
   0.0000000e+00
   1.0099905e-02
   1.1671694e-02
   0.0000000e+00
   1.3979613e-02
   3.6548121e-02
   4.0129756e-02
   4.1250683e-02
   4.3267712e-02
   4.5184888e-02
   4.6321206e-02
   4.8782233e-02
   5.1518761e-02
   5.1480093e-02
   4.5681160e-02
   0.0000000e+00
   2.2413731e-02
   2.4833685e-02
   0.0000000e+00
   0.0000000e+00
   0.0000000e+00
   0.0000000e+00
   0.0000000e+00
   0.0000000e+00
   0.0000000e+00
   0.0000000e+00
   0.0000000e+00
   0.0000000e+00
   0.0000000e+00
   0.0000000e+00
   0.0000000e+00
   0.0000000e+00
   0.0000000e+00
   0.0000000e+00
   0.0000000e+00
   0.0000000e+00
   0.0000000e+00
   2.1355511e-02
   2.2714785e-02
   2.4879830e-02
   2.8045753e-02
   4.0400427e-02
   4.8118889e-02
   5.2503496e-02
   5.6339525e-02
   6.0508013e-02
   6.3654348e-02
   6.7020729e-02
   7.0540130e-02
   7.2528698e-02
   7.0156256e-02
   4.2581003e-02
   3.9731347e-02
   0.0000000e+00
   0.0000000e+00
   0.0000000e+00
   0.0000000e+00
   0.0000000e+00
   0.0000000e+00
   0.0000000e+00
   0.0000000e+00
   0.0000000e+00
   0.0000000e+00
   0.0000000e+00
   0.0000000e+00
   0.0000000e+00
   0.0000000e+00
   0.0000000e+00
   0.0000000e+00
   0.0000000e+00
   0.0000000e+00
   0.0000000e+00
   0.0000000e+00
   3.1375238e-02
   2.4454905e-02
   2.4278939e-02
   3.0815508e-02
   3.6242574e-02
   4.0519796e-02
   4.4782288e-02
   4.9177360e-02
   5.4570012e-02
   5.9873916e-02
   6.5012768e-02
   7.0261851e-02
   7.3705703e-02
   7.5883716e-02
   7.5901488e-02
   6.4385213e-02
   0.0000000e+00
   0.0000000e+00
   0.0000000e+00
   0.0000000e+00
   0.0000000e+00
   0.0000000e+00
   0.0000000e+00
   0.0000000e+00
   0.0000000e+00
   5.6045849e-02
   5.1022950e-02
   0.0000000e+00
   0.0000000e+00
   0.0000000e+00
   0.0000000e+00
   0.0000000e+00
   0.0000000e+00
   0.0000000e+00
   0.0000000e+00
   0.0000000e+00
   3.5439457e-02
   3.1767633e-02
   2.6143407e-02
   3.1113092e-02
   2.8853226e-02
   2.8790347e-02
   2.9915849e-02
   3.2969067e-02
   3.7978156e-02
   4.3460721e-02
   4.8585120e-02
   5.4085958e-02
   5.8663759e-02
   6.2906038e-02
   6.6820745e-02
   6.3386898e-02
   5.4075367e-02
   0.0000000e+00
   0.0000000e+00
   0.0000000e+00
   0.0000000e+00
   0.0000000e+00
   0.0000000e+00
   0.0000000e+00
   6.1241294e-02
   6.5333884e-02
   5.9619178e-02
   0.0000000e+00
   0.0000000e+00
   0.0000000e+00
   0.0000000e+00
   0.0000000e+00
   0.0000000e+00
   0.0000000e+00
   0.0000000e+00
   0.0000000e+00
   3.5530624e-02
   3.3818701e-02
   3.0532755e-02
   3.0106131e-02
   1.9429749e-02
   1.5938068e-02
   1.4393312e-02
   1.5431363e-02
   1.8220259e-02
   2.1962365e-02
   2.6628960e-02
   3.1794157e-02
   3.6772896e-02
   4.1698135e-02
   4.6466101e-02
   5.0549466e-02
   5.0437555e-02
   0.0000000e+00
   0.0000000e+00
   0.0000000e+00
   0.0000000e+00
   0.0000000e+00
   0.0000000e+00
   5.8268342e-02
   5.9931308e-02
   5.9245493e-02
   5.6967854e-02
   0.0000000e+00
   0.0000000e+00
   0.0000000e+00
   5.8639532e-02
   5.6281269e-02
   4.4176007e-02
   0.0000000e+00
   0.0000000e+00
   0.0000000e+00
   3.1463761e-02
   3.5186853e-02
   3.0987058e-02
   2.5322825e-02
   7.1135098e-03
   2.2961795e-03
  -3.2410796e-04
  -1.0455819e-03
  -7.9781539e-04
   3.9087610e-04
   3.4703494e-03
   7.5206617e-03
   1.1627997e-02
   1.6643392e-02
   2.2803668e-02
   3.0133642e-02
   4.4283169e-02
   4.6535728e-02
   3.4623666e-02
   0.0000000e+00
  -0.0000000e+00
   1.4586265e-02
   4.7072368e-02
   5.0173037e-02
   4.1682633e-02
   3.7411671e-02
   3.8018477e-02
   4.4844768e-02
   4.6857018e-02
   5.1098642e-02
   4.3020861e-02
   3.1572659e-02
   2.1815566e-02
   0.0000000e+00
   0.0000000e+00
   0.0000000e+00
   2.4936604e-02
   2.9009597e-02
   2.2520088e-02
   1.4047686e-02
  -5.9908847e-03
  -1.0047570e-02
  -1.2511724e-02
  -1.3909467e-02
  -1.5077874e-02
  -1.5207734e-02
  -1.3920906e-02
  -1.0876612e-02
  -7.3118322e-03
  -2.4512457e-03
   4.2783013e-03
   1.2184156e-02
   2.6393311e-02
   3.5387069e-02
   3.0476771e-02
   0.0000000e+00
  -0.0000000e+00
   3.2342740e-03
   3.1182575e-02
   1.6666686e-02
   1.6877454e-02
   1.3493021e-02
   1.0767936e-02
   1.2046981e-02
   1.5405348e-02
   1.8366933e-02
   1.3445877e-02
   7.2210897e-03
   3.0784595e-03
   0.0000000e+00
   0.0000000e+00
   0.0000000e+00
   1.2459544e-02
   1.4672612e-02
   8.1100892e-03
  -1.2235563e-04
  -2.3677170e-02
  -2.6640981e-02
  -2.8233485e-02
  -2.9113993e-02
  -2.9840980e-02
  -3.0167645e-02
  -2.9733550e-02
  -2.7454918e-02
  -2.4086874e-02
  -1.9673631e-02
  -1.4109417e-02
  -9.0753222e-03
  -6.3952818e-03
   1.0959777e-02
   1.5665607e-02
   0.0000000e+00
   0.0000000e+00
  -2.0207043e-02
  -9.9509284e-03
  -0.0000000e+00
  -9.6770125e-03
  -1.3427732e-02
  -1.9156968e-02
  -2.5543300e-02
  -2.0933667e-02
  -1.5361541e-02
  -1.6081560e-02
  -1.8360244e-02
  -1.7405493e-02
   0.0000000e+00
   0.0000000e+00
   0.0000000e+00
  -6.4569408e-03
  -5.7405038e-03
  -1.2077912e-02
  -1.8848918e-02
  -3.4656513e-02
  -3.7312768e-02
  -3.8082700e-02
  -3.7991341e-02
  -3.7189111e-02
  -3.6420714e-02
  -3.5956163e-02
  -3.4515854e-02
  -3.1974360e-02
  -2.9279983e-02
  -2.6737906e-02
  -2.5088416e-02
  -2.2900730e-02
   0.0000000e+00
  -6.2703496e-04
   0.0000000e+00
   0.0000000e+00
  -0.0000000e+00
  -3.0047024e-02
  -0.0000000e+00
  -2.4952551e-02
  -2.8516626e-02
  -3.3893865e-02
  -4.0044064e-02
  -3.7719387e-02
  -3.6670011e-02
  -3.4594659e-02
  -3.3893988e-02
  -2.4255994e-02
   0.0000000e+00
   0.0000000e+00
   0.0000000e+00
  -1.9477755e-02
  -1.9040974e-02
  -2.5488805e-02
  -3.0622056e-02
  -4.0178671e-02
  -4.2004243e-02
  -4.1634593e-02
  -3.9736725e-02
  -3.7201952e-02
  -3.6043223e-02
  -3.6391348e-02
  -3.6868069e-02
  -3.7372898e-02
  -3.8593005e-02
  -3.9771564e-02
  -3.8457233e-02
  -2.8203117e-02
  -2.3814895e-02
  -1.4663627e-02
   0.0000000e+00
   0.0000000e+00
  -0.0000000e+00
  -4.8457525e-02
  -3.4833778e-02
  -3.5345539e-02
  -3.6281507e-02
  -3.4375053e-02
  -2.5735261e-02
  -0.0000000e+00
  -0.0000000e+00
  -4.6418439e-02
  -4.2881083e-02
  -2.2601765e-02
  -3.9968255e-03
   0.0000000e+00
   0.0000000e+00
  -2.6512229e-02
  -2.9933378e-02
  -3.4132399e-02
  -3.6973160e-02
  -3.7968427e-02
  -3.8261622e-02
  -3.6591463e-02
  -3.4086578e-02
  -3.2492559e-02
  -3.3138812e-02
  -3.5506148e-02
  -3.8682580e-02
  -4.2620338e-02
  -4.7110248e-02
  -4.9714729e-02
  -4.6971299e-02
  -3.8156673e-02
  -3.0852713e-02
  -2.2451399e-02
   0.0000000e+00
   0.0000000e+00
   0.0000000e+00
  -5.3963173e-02
  -4.0928334e-02
  -3.8021885e-02
  -3.6222547e-02
  -2.7125215e-02
  -1.0244525e-02
   0.0000000e+00
   0.0000000e+00
  -0.0000000e+00
  -4.4706913e-02
  -2.5723431e-02
  -3.1836436e-03
   0.0000000e+00
  -0.0000000e+00
  -3.3388061e-02
  -3.5824645e-02
  -3.5822675e-02
  -3.6291152e-02
  -3.0591229e-02
  -2.9738508e-02
  -2.8553016e-02
  -2.8362688e-02
  -3.0446481e-02
  -3.4190763e-02
  -3.8357098e-02
  -4.3234255e-02
  -4.8601124e-02
  -5.3762086e-02
  -5.5717502e-02
  -5.1482756e-02
  -4.2808462e-02
  -3.3571549e-02
  -1.8812416e-02
   0.0000000e+00
   0.0000000e+00
   0.0000000e+00
  -0.0000000e+00
  -3.9453182e-02
  -3.9014213e-02
  -3.3617437e-02
  -1.8968266e-02
   7.3076943e-03
   1.7671913e-02
   0.0000000e+00
   0.0000000e+00
  -0.0000000e+00
  -2.5733385e-02
  -4.4759121e-03
   0.0000000e+00
  -0.0000000e+00
  -3.5680044e-02
  -3.5610795e-02
  -3.2347366e-02
  -3.0910999e-02
  -2.1897752e-02
  -2.1434180e-02
  -2.2262855e-02
  -2.5403690e-02
  -3.1630803e-02
  -3.8922898e-02
  -4.5231704e-02
  -5.0523307e-02
  -5.4699916e-02
  -5.7472780e-02
  -5.6591004e-02
  -4.9825050e-02
  -3.8809069e-02
  -2.5244186e-02
  -4.2570220e-03
   0.0000000e+00
   0.0000000e+00
   0.0000000e+00
  -0.0000000e+00
  -3.7440908e-02
  -3.8070664e-02
  -2.9514695e-02
  -1.2876945e-02
   6.9872914e-03
   1.2861228e-02
   9.1346035e-03
   0.0000000e+00
  -0.0000000e+00
  -2.2563690e-02
  -2.1203285e-03
   0.0000000e+00
  -2.9038069e-02
  -3.1551439e-02
  -2.8043145e-02
  -2.4067542e-02
  -2.2630855e-02
  -2.0742824e-02
  -2.2319350e-02
  -2.5057834e-02
  -2.9486725e-02
  -3.6283512e-02
  -4.4116195e-02
  -5.1361635e-02
  -5.6225162e-02
  -5.8196578e-02
  -5.7364061e-02
  -5.1683769e-02
  -4.1067652e-02
  -2.6846869e-02
  -1.0057542e-02
   1.0275106e-02
   0.0000000e+00
   0.0000000e+00
   0.0000000e+00
  -0.0000000e+00
  -2.5314217e-02
  -3.0065654e-02
  -2.2458190e-02
  -8.0011180e-03
   3.6529365e-03
   5.8841757e-03
   7.7992659e-03
   1.1099243e-02
   0.0000000e+00
  -1.9234176e-02
  -5.6347090e-03
  -2.1830216e-02
  -2.5492152e-02
  -2.3472400e-02
  -2.0250885e-02
  -1.9170791e-02
  -1.9779315e-02
  -3.1781994e-02
  -3.5811923e-02
  -4.0254008e-02
  -4.5174386e-02
  -5.0680954e-02
  -5.5656709e-02
  -5.9615739e-02
  -6.1124485e-02
  -5.9555676e-02
  -5.4834355e-02
  -4.4995133e-02
  -3.1329468e-02
  -1.5144667e-02
   2.6654282e-03
   1.8471152e-02
   0.0000000e+00
   0.0000000e+00
   0.0000000e+00
  -0.0000000e+00
  -9.1543918e-03
  -1.8868091e-02
  -1.4499677e-02
  -3.1144710e-03
   3.9784117e-03
   3.8488333e-03
   6.2859142e-03
   8.0214508e-03
   0.0000000e+00
  -0.0000000e+00
  -1.5728837e-02
  -2.2522422e-02
  -2.2684820e-02
  -2.2623766e-02
  -2.3303978e-02
  -2.5478125e-02
  -2.8404573e-02
  -3.9916846e-02
  -4.4518160e-02
  -4.9262730e-02
  -5.4054485e-02
  -5.8668644e-02
  -6.1596595e-02
  -6.2335737e-02
  -6.0139828e-02
  -5.4947236e-02
  -4.7311606e-02
  -3.6505084e-02
  -2.4084649e-02
  -9.1823757e-03
   9.8803842e-03
   2.3375227e-02
   2.9502668e-02
   0.0000000e+00
   0.0000000e+00
  -0.0000000e+00
  -2.9670266e-03
  -7.3032767e-03
  -7.5898413e-03
  -2.2304489e-05
   5.1134684e-03
   4.3170526e-03
   5.1899667e-03
   6.5991971e-03
   0.0000000e+00
  -0.0000000e+00
  -1.8330188e-02
  -2.1676135e-02
  -2.3120734e-02
  -2.5921664e-02
  -2.8848876e-02
  -3.2136504e-02
  -3.5824522e-02
  -3.9253003e-02
  -4.3928335e-02
  -4.8740858e-02
  -5.3453234e-02
  -5.7856195e-02
  -6.0496167e-02
  -6.0766034e-02
  -5.7912492e-02
  -5.2010239e-02
  -4.4283266e-02
  -3.4237072e-02
  -2.2837698e-02
  -9.3073489e-03
   8.7238568e-03
   2.1619040e-02
   2.4545240e-02
   0.0000000e+00
   0.0000000e+00
  -0.0000000e+00
   5.8638100e-04
   3.8352446e-03
   1.4465452e-04
  -1.1255144e-04
   2.9368453e-03
   2.4548205e-03
   1.3828701e-03
  -2.8181098e-04
  -6.7198171e-03
  -0.0000000e+00
  -1.4664609e-02
  -1.6766608e-02
  -2.0053857e-02
  -2.3981784e-02
  -2.7686386e-02
  -3.1308431e-02
  -3.5116888e-02
  -2.8095983e-02
  -3.2818235e-02
  -3.7835877e-02
  -4.2695034e-02
  -4.7262602e-02
  -5.0667819e-02
  -5.2768048e-02
  -5.2841131e-02
  -4.9792036e-02
  -4.4897676e-02
  -3.7536129e-02
  -2.8304275e-02
  -1.7902765e-02
  -4.9291728e-03
   1.2600925e-02
   1.8741609e-02
   0.0000000e+00
   0.0000000e+00
  -0.0000000e+00
   1.7465842e-03
   1.1101536e-02
   5.7579517e-03
  -1.7427338e-03
  -2.9128427e-03
  -3.5334162e-03
  -5.7117320e-03
  -9.9802045e-03
  -1.6549154e-02
  -1.4167048e-02
  -1.0791820e-02
  -1.0556332e-02
  -1.2148710e-02
  -1.4855686e-02
  -1.7700750e-02
  -2.0765396e-02
  -2.4159636e-02
  -1.2344918e-02
  -1.5357037e-02
  -1.9432500e-02
  -2.4147486e-02
  -2.9408962e-02
  -3.4438822e-02
  -3.9150078e-02
  -4.2762563e-02
  -4.3816436e-02
  -4.3441046e-02
  -4.1507497e-02
  -3.8124874e-02
  -3.4257770e-02
  -3.1556394e-02
  -1.4495663e-02
   0.0000000e+00
   0.0000000e+00
   0.0000000e+00
   0.0000000e+00
  -2.4370872e-03
   1.3590256e-02
   1.1166231e-02
  -0.0000000e+00
  -1.0909284e-02
  -1.3832996e-02
  -1.7088860e-02
  -2.1645041e-02
  -2.4638940e-02
  -2.1150559e-02
  -1.5791183e-02
  -1.3088852e-02
  -1.1216765e-02
  -1.0409112e-02
  -1.0075497e-02
  -1.0229407e-02
  -1.0828804e-02
  -1.3397695e-02
  -1.3458113e-02
  -1.5571175e-02
  -1.9438021e-02
  -2.4873834e-02
  -3.0643785e-02
  -3.6203217e-02
  -4.0594168e-02
  -4.3139048e-02
  -4.5058113e-02
  -4.6507742e-02
  -4.6750888e-02
  -4.7677122e-02
  -5.8249973e-02
  -7.1998467e-02
  -7.2168207e-02
  -4.0179362e-02
  -3.4020901e-02
  -3.1060623e-02
  -1.1361254e-02
   1.1593169e-02
   1.0958761e-02
  -0.0000000e+00
  -2.4860761e-02
  -2.9060507e-02
  -3.3166252e-02
  -3.7269168e-02
  -3.8702030e-02
  -3.6629334e-02
  -3.2119628e-02
  -2.8991273e-02
  -2.5249057e-02
  -2.2104727e-02
  -1.9595386e-02
  -1.7388780e-02
  -1.5050817e-02
  -3.0089453e-02
  -2.7226087e-02
  -2.6401067e-02
  -2.7409475e-02
  -2.9897790e-02
  -3.3276491e-02
  -3.7190422e-02
  -4.0894918e-02
  -4.4156566e-02
  -4.7413807e-02
  -5.0719056e-02
  -5.3367324e-02
  -5.6612015e-02
  -6.5106690e-02
  -8.4956199e-02
  -7.2977349e-02
  -5.0500810e-02
  -4.2225264e-02
  -4.0694993e-02
  -2.3016846e-02
  -3.5674446e-03
   0.0000000e+00
  -0.0000000e+00
  -4.2102825e-02
  -4.4544995e-02
  -4.7971293e-02
  -5.0979227e-02
  -5.2163728e-02
  -5.1472470e-02
  -4.9619783e-02
  -4.7716659e-02
  -4.4512719e-02
  -4.1493356e-02
  -3.8875837e-02
  -3.6437497e-02
  -3.3390801e-02
  -4.7459368e-02
  -4.4858072e-02
  -4.2578060e-02
  -4.1006193e-02
  -3.9962165e-02
  -3.9628476e-02
  -4.0408451e-02
  -4.2393047e-02
  -4.5443196e-02
  -4.9165964e-02
  -5.3453121e-02
  -5.7293117e-02
  -6.1698869e-02
  -6.9598012e-02
  -7.8349695e-02
  -7.1699366e-02
  -5.7005376e-02
  -4.8431538e-02
  -4.1136000e-02
  -2.9562106e-02
  -2.1837292e-02
  -0.0000000e+00
  -4.8982784e-02
  -4.9006078e-02
  -5.1684976e-02
  -5.4348912e-02
  -5.6396633e-02
  -5.7852432e-02
  -5.9495740e-02
  -6.0223337e-02
  -5.9858032e-02
  -5.8389373e-02
  -5.6344964e-02
  -5.4082807e-02
  -5.2180387e-02
  -4.9961805e-02
  -5.8398679e-02
  -5.7804726e-02
  -5.6341797e-02
  -5.4575682e-02
  -5.2025236e-02
  -4.8739247e-02
  -4.6303280e-02
  -4.5185003e-02
  -4.5632824e-02
  -4.8004560e-02
  -5.1289320e-02
  -5.4544788e-02
  -5.8189087e-02
  -6.3104846e-02
  -6.6202216e-02
  -6.0978312e-02
  -5.1006686e-02
  -4.0701922e-02
  -3.1820640e-02
  -2.8697088e-02
  -3.4207411e-02
  -4.2259336e-02
  -4.2468604e-02
  -4.6462715e-02
  -4.9525071e-02
  -5.2453902e-02
  -5.4373540e-02
  -5.6554426e-02
  -6.0339700e-02
  -6.3360378e-02
  -6.4598963e-02
  -6.4847156e-02
  -6.3890852e-02
  -6.2406555e-02
  -6.0987506e-02
  -5.9384998e-02
  -5.7171769e-02
  -5.8364078e-02
  -5.8471732e-02
  -5.8047768e-02
  -5.6146912e-02
  -5.2782092e-02
  -4.9173512e-02
  -4.5812286e-02
  -4.3200266e-02
  -4.2508028e-02
  -4.3311797e-02
  -4.4703402e-02
  -4.6781562e-02
  -4.8022233e-02
  -4.7030035e-02
  -4.2621445e-02
  -3.5684917e-02
  -2.3270087e-02
  -1.5564973e-02
  -1.3479352e-02
  -2.1996656e-02
  -2.8064879e-02
  -2.7248267e-02
  -3.2418109e-02
  -3.6730148e-02
  -4.0420983e-02
  -4.2926472e-02
  -4.6013437e-02
  -5.0841279e-02
  -5.5130262e-02
  -5.7998419e-02
  -5.9430130e-02
  -5.9418298e-02
  -5.8696888e-02
  -5.7857793e-02
  -5.6995817e-02
  -4.5337170e-02
  -4.7233939e-02
  -4.8488576e-02
  -4.8738256e-02
  -4.7689024e-02
  -4.5556203e-02
  -4.2222735e-02
  -3.8472433e-02
  -3.4971289e-02
  -3.1995583e-02
  -3.0204572e-02
  -2.9438872e-02
  -2.9410612e-02
  -2.8575277e-02
  -2.5315067e-02
  -2.1125453e-02
  -1.6265435e-02
  -7.2868107e-03
   4.3712750e-03
   9.0582604e-03
   7.3253545e-03
  -3.6089621e-03
  -6.5592816e-03
  -1.1100382e-02
  -1.5948988e-02
  -2.0641090e-02
  -2.4539210e-02
  -2.8660804e-02
  -3.3751663e-02
  -3.8217388e-02
  -4.2077046e-02
  -4.4200622e-02
  -4.4642597e-02
  -4.4437129e-02
  -4.4306770e-02
  -4.4447217e-02
  -1.9883107e-02
  -2.1764362e-02
  -2.3337418e-02
  -2.3609135e-02
  -2.2741718e-02
  -2.1425476e-02
  -1.8719496e-02
  -1.4878994e-02
  -1.1438030e-02
  -8.0287149e-03
  -4.0389597e-03
  -7.5909693e-04
   2.0211518e-03
   4.6085003e-03
   8.7163243e-03
   1.2012938e-02
   1.1417960e-02
   1.1420033e-02
   2.8230769e-02
   3.0806479e-02
   3.4588901e-02
   3.1259678e-02
   2.6006855e-02
   2.3972582e-02
   2.0292422e-02
   1.4363546e-02
   7.5820247e-03
   1.0114150e-03
  -4.5804679e-03
  -9.1220466e-03
  -1.2879509e-02
  -1.5191792e-02
  -1.5900254e-02
  -1.6129587e-02
  -1.6942674e-02
  -1.8245514e-02
   7.1737408e-03
   4.9780030e-03
   3.7187468e-03
   4.0454445e-03
   5.9202411e-03
   8.0174850e-03
   1.0563401e-02
   1.4370147e-02
   1.8420068e-02
   2.2463484e-02
   2.7517514e-02
   3.2532874e-02
   3.6883157e-02
   4.0300116e-02
   4.5548638e-02
   4.6545506e-02
   4.0250819e-02
   6.0874583e-02
   0.0000000e+00
   0.0000000e+00
   0.0000000e+00
   4.2100724e-02
   4.5745879e-02
   5.1587717e-02
   5.2662861e-02
   4.7057360e-02
   3.8750275e-02
   2.9863536e-02
   2.3129582e-02
   1.8445303e-02
   1.5298652e-02
   1.3418762e-02
   1.2422254e-02
   1.1978013e-02
   1.1108060e-02
   9.5150553e-03
   4.3457881e-02
   4.1192301e-02
   4.0705521e-02
   4.1880995e-02
   4.5066424e-02
   4.9019750e-02
   5.2976795e-02
   5.7823263e-02
   6.2972307e-02
   6.8687901e-02
   7.5506687e-02
   8.1745893e-02
   8.6852267e-02
   8.9586698e-02
   9.3117356e-02
   9.2344314e-02
   7.5025663e-02
   6.4789973e-02
   0.0000000e+00
   0.0000000e+00
  -0.0000000e+00
   2.2245832e-02
   4.3794826e-02
   6.3927144e-02
   7.5394064e-02
   7.6189563e-02
   7.0852861e-02
   6.3031368e-02
   5.5988915e-02
   5.1944621e-02
   4.9676407e-02
   4.8827708e-02
   4.8337609e-02
   4.7720544e-02
   4.7140192e-02
   4.5749556e-02
   7.3169321e-02
   7.2581179e-02
   7.3663229e-02
   7.5917244e-02
   7.9713404e-02
   8.4407332e-02
   8.9742988e-02
   9.6256636e-02
   1.0267371e-01
   1.0892458e-01
   1.1551905e-01
   1.2116254e-01
   1.2547652e-01
   1.2639181e-01
   1.2400050e-01
   1.1861429e-01
   9.9127002e-02
   6.9983881e-02
   0.0000000e+00
   0.0000000e+00
   0.0000000e+00
   1.5028563e-02
   3.4418836e-02
   5.6205954e-02
   7.2243825e-02
   8.0743484e-02
   8.2784461e-02
   8.1489764e-02
   7.8643821e-02
   7.6393256e-02
   7.5936891e-02
   7.6271497e-02
   7.6591248e-02
   7.6464266e-02
   7.5777993e-02
   7.4388923e-02
   8.6155188e-02
   8.7581065e-02
   9.0087488e-02
   9.3349394e-02
   9.7475584e-02
   1.0167955e-01
   1.0658809e-01
   1.1229170e-01
   1.1775589e-01
   1.2242728e-01
   1.2674962e-01
   1.2934080e-01
   1.3039292e-01
   1.2862119e-01
   1.2247797e-01
   1.1404577e-01
   9.4475274e-02
   5.9275202e-02
   4.6463363e-02
   3.2953771e-02
   2.4930814e-02
   3.2400161e-02
   4.0113903e-02
   5.0021708e-02
   5.9280459e-02
   6.7213371e-02
   7.2813198e-02
   7.7264411e-02
   8.0461090e-02
   8.1861489e-02
   8.3371950e-02
   8.5224067e-02
   8.6172119e-02
   8.6687800e-02
   8.6310272e-02
   8.6069167e-02
   7.1421929e-02
   7.4798636e-02
   7.7950594e-02
   8.1203513e-02
   8.4091038e-02
   8.6049107e-02
   8.7795712e-02
   9.0061374e-02
   9.1285450e-02
   9.2113525e-02
   9.2414014e-02
   9.1594828e-02
   8.9270577e-02
   8.5392512e-02
   7.9907564e-02
   7.2546087e-02
   5.9864964e-02
   5.0985622e-02
   4.8428919e-02
   4.2180289e-02
   4.2327384e-02
   4.0983520e-02
   3.6479421e-02
   3.3270197e-02
   3.2350492e-02
   3.5086699e-02
   4.0754399e-02
   4.7617950e-02
   5.4447338e-02
   5.9097919e-02
   6.2050439e-02
   6.4177968e-02
   6.6076953e-02
   6.7217521e-02
   6.7850716e-02
   6.9194075e-02
   3.3489272e-02
   3.7087403e-02
   3.9901629e-02
   4.1627068e-02
   4.2558331e-02
   4.2290956e-02
   4.1065693e-02
   3.9254013e-02
   3.6972374e-02
   3.4525380e-02
   3.1977471e-02
   2.8981704e-02
   2.5945354e-02
   2.2627082e-02
   1.9258477e-02
   1.5947437e-02
   1.3369531e-02
   2.1452807e-02
   3.0915385e-02
   3.3671662e-02
   3.2127187e-02
   2.7160026e-02
   1.8707369e-02
   9.1755679e-03
   2.0984982e-03
  -6.2764663e-04
   1.5122285e-03
   7.0410785e-03
   1.3726742e-02
   1.9256998e-02
   2.3150263e-02
   2.4944384e-02
   2.5899366e-02
   2.7012192e-02
   2.8524116e-02
   3.0574193e-02
  -6.4487704e-03
  -4.6076020e-03
  -3.3037349e-03
  -2.8930209e-03
  -3.7196241e-03
  -4.9036554e-03
  -6.3556666e-03
  -8.3407024e-03
  -1.1004214e-02
  -1.3638621e-02
  -1.6455159e-02
  -1.9589524e-02
  -2.2575282e-02
  -2.5355555e-02
  -2.7197609e-02
  -2.7112892e-02
  -2.2810239e-02
  -1.3127803e-02
  -4.3700291e-03
   2.2440588e-03
   4.0038833e-03
   1.8189371e-03
  -4.1559311e-03
  -1.1523124e-02
  -1.7946899e-02
  -2.1906955e-02
  -2.2342631e-02
  -2.0341525e-02
  -1.6902540e-02
  -1.3473865e-02
  -1.0793658e-02
  -9.3757492e-03
  -9.1508020e-03
  -8.9484975e-03
  -8.6623384e-03
  -7.7968701e-03
  -1.6891769e-02
  -1.7414872e-02
  -1.8044531e-02
  -1.8761501e-02
  -1.9251063e-02
  -1.9528055e-02
  -1.9848943e-02
  -2.0369286e-02
  -2.1165136e-02
  -2.2118324e-02
  -2.3402713e-02
  -2.4565069e-02
  -2.5425395e-02
  -2.5735388e-02
  -2.5248029e-02
  -2.3710106e-02
  -2.0260804e-02
  -1.5696793e-02
  -1.2302431e-02
  -9.8240134e-03
  -8.4531264e-03
  -8.2182842e-03
  -8.8751707e-03
  -1.0277822e-02
  -1.1871446e-02
  -1.3114101e-02
  -1.3513608e-02
  -1.3293081e-02
  -1.2769732e-02
  -1.2464511e-02
  -1.2570319e-02
  -1.3046045e-02
  -1.3811886e-02
  -1.4668676e-02
  -1.5507881e-02
  -1.6242812e-02
