   0.0000000e+00
   0.0000000e+00
   0.0000000e+00
   0.0000000e+00
   0.0000000e+00
   0.0000000e+00
   0.0000000e+00
   0.0000000e+00
   0.0000000e+00
   2.2826424e-02
   1.6350076e-02
   7.9845393e-03
   2.5415421e-03
   6.5056829e-04
   1.0038366e-03
   2.2076392e-03
   3.8203074e-03
   5.0555276e-03
   4.8721555e-03
   5.1977677e-03
   6.7834918e-03
   5.6519279e-03
   3.3706311e-03
   3.5788372e-03
   1.1256899e-03
  -4.7404876e-03
  -0.0000000e+00
   0.0000000e+00
   0.0000000e+00
   0.0000000e+00
   0.0000000e+00
   0.0000000e+00
   0.0000000e+00
   0.0000000e+00
   0.0000000e+00
   0.0000000e+00
   0.0000000e+00
   0.0000000e+00
   0.0000000e+00
   0.0000000e+00
   0.0000000e+00
   0.0000000e+00
   0.0000000e+00
   0.0000000e+00
   0.0000000e+00
   2.0095059e-02
   1.5404546e-02
   6.9621284e-03
   1.4408003e-03
   5.6448800e-04
   1.1801273e-03
   3.1485024e-03
   5.0543523e-03
   7.5766332e-03
   1.0471171e-02
   1.3297885e-02
   1.5323648e-02
   1.6174022e-02
   1.5205468e-02
   1.4051749e-02
   1.2294054e-02
   6.9070054e-03
  -0.0000000e+00
   0.0000000e+00
   0.0000000e+00
   0.0000000e+00
   0.0000000e+00
   0.0000000e+00
   0.0000000e+00
   0.0000000e+00
   0.0000000e+00
   0.0000000e+00
   0.0000000e+00
   0.0000000e+00
   0.0000000e+00
   0.0000000e+00
   0.0000000e+00
   0.0000000e+00
   0.0000000e+00
   0.0000000e+00
   0.0000000e+00
   0.0000000e+00
   1.8469542e-02
   1.3462157e-02
   1.0799854e-02
   9.0775428e-03
   6.3848064e-03
   5.5413813e-03
   0.0000000e+00
   0.0000000e+00
   1.2511851e-02
   1.6489457e-02
   2.1444412e-02
   2.4031879e-02
   2.4105328e-02
   2.3796026e-02
   2.3864239e-02
   2.2785780e-02
   0.0000000e+00
   0.0000000e+00
   0.0000000e+00
   0.0000000e+00
   0.0000000e+00
   0.0000000e+00
   0.0000000e+00
   0.0000000e+00
   0.0000000e+00
   0.0000000e+00
   0.0000000e+00
   0.0000000e+00
   0.0000000e+00
   0.0000000e+00
   0.0000000e+00
   0.0000000e+00
   0.0000000e+00
   0.0000000e+00
   0.0000000e+00
   2.9900445e-02
   3.4552510e-02
   3.1555567e-02
   1.9717662e-02
   1.8714095e-02
   1.6707313e-02
   1.3849622e-02
   8.4731221e-03
   5.1121299e-03
   8.9913422e-03
   1.7010949e-02
   2.2521688e-02
   2.6748462e-02
   2.9122522e-02
   3.1624462e-02
   3.3547934e-02
   3.4605279e-02
   3.1931195e-02
   0.0000000e+00
   0.0000000e+00
   0.0000000e+00
   0.0000000e+00
   0.0000000e+00
   0.0000000e+00
   0.0000000e+00
   0.0000000e+00
   0.0000000e+00
   0.0000000e+00
   0.0000000e+00
   0.0000000e+00
   0.0000000e+00
   0.0000000e+00
   0.0000000e+00
   0.0000000e+00
   0.0000000e+00
   3.5114289e-02
   4.0414811e-02
   4.6902966e-02
   4.2899631e-02
   3.9930736e-02
   3.5174878e-02
   3.2364968e-02
   2.8752234e-02
   2.3380473e-02
   1.3766068e-02
   1.3874798e-02
   1.6168672e-02
   2.1062309e-02
   2.5812343e-02
   2.9260103e-02
   3.4367844e-02
   3.9110132e-02
   4.2750657e-02
   4.5751917e-02
   4.6952404e-02
   4.7220882e-02
   4.4859532e-02
   3.9333820e-02
   0.0000000e+00
   0.0000000e+00
   0.0000000e+00
   0.0000000e+00
   0.0000000e+00
   0.0000000e+00
   0.0000000e+00
   0.0000000e+00
   0.0000000e+00
   0.0000000e+00
   0.0000000e+00
   4.3646290e-02
   4.1584841e-02
   4.2002936e-02
   4.8838263e-02
   5.2721751e-02
   5.0394861e-02
   4.7799012e-02
   4.7579979e-02
   4.6049802e-02
   4.3125967e-02
   4.1186063e-02
   0.0000000e+00
   0.0000000e+00
   1.6012403e-02
   1.7134726e-02
   2.1961079e-02
   2.6638937e-02
   3.2683182e-02
   3.9552252e-02
   4.4982424e-02
   5.0042500e-02
   5.4462657e-02
   5.5905090e-02
   5.3999112e-02
   4.9328765e-02
   0.0000000e+00
   0.0000000e+00
   0.0000000e+00
   0.0000000e+00
   0.0000000e+00
   0.0000000e+00
   0.0000000e+00
   0.0000000e+00
   0.0000000e+00
   0.0000000e+00
   4.1771591e-02
   4.6606766e-02
   4.7929656e-02
   4.7817308e-02
   5.0896827e-02
   5.2288242e-02
   4.8769038e-02
   4.6290301e-02
   4.7830228e-02
   4.9475748e-02
   4.9073771e-02
   4.8367430e-02
   4.5458956e-02
   0.0000000e+00
   0.0000000e+00
   1.3143146e-02
   1.7342340e-02
   2.2765197e-02
   2.8533442e-02
   3.4557085e-02
   3.9556123e-02
   4.4914261e-02
   5.0628804e-02
   5.4037873e-02
   5.4333951e-02
   5.4757844e-02
   0.0000000e+00
   0.0000000e+00
   0.0000000e+00
   0.0000000e+00
   0.0000000e+00
   0.0000000e+00
   0.0000000e+00
   0.0000000e+00
   0.0000000e+00
   0.0000000e+00
   4.5668940e-02
   5.4981098e-02
   5.5936293e-02
   5.1754694e-02
   4.7390454e-02
   4.1865031e-02
   3.3480890e-02
   2.9570103e-02
   3.3623218e-02
   3.8266428e-02
   4.1849740e-02
   4.2745749e-02
   3.9737005e-02
   0.0000000e+00
   0.0000000e+00
   8.3865337e-03
   1.1573834e-02
   1.6125932e-02
   1.9745644e-02
   2.2790693e-02
   2.5926404e-02
   3.0394921e-02
   3.5636626e-02
   4.0365389e-02
   4.2672012e-02
   4.8577268e-02
   5.4457299e-02
   0.0000000e+00
   0.0000000e+00
   0.0000000e+00
   0.0000000e+00
   0.0000000e+00
   0.0000000e+00
   0.0000000e+00
   0.0000000e+00
   0.0000000e+00
   4.2971646e-02
   4.9173936e-02
   4.4479765e-02
   3.7476040e-02
   3.0081062e-02
   2.2412898e-02
   1.9558333e-02
   0.0000000e+00
   1.1182445e-02
   1.8215865e-02
   2.3656411e-02
   2.5884520e-02
   0.0000000e+00
   0.0000000e+00
   0.0000000e+00
   4.7436987e-03
   6.4614248e-03
   7.2286986e-03
   7.1321833e-03
   7.1041407e-03
   8.1031891e-03
   1.1239397e-02
   1.5766282e-02
   2.0016383e-02
   2.3893807e-02
   3.1719841e-02
   4.7625136e-02
   5.4754995e-02
   0.0000000e+00
   0.0000000e+00
   0.0000000e+00
   0.0000000e+00
   0.0000000e+00
   0.0000000e+00
   2.9846370e-02
   2.9540027e-02
   3.2006145e-02
   2.7342826e-02
   2.0091418e-02
   1.3366532e-02
   6.6192187e-03
   8.6256320e-04
  -4.0224407e-03
   0.0000000e+00
  -0.0000000e+00
  -2.2649459e-03
   2.4663955e-03
   5.8998526e-03
   7.6457728e-03
   0.0000000e+00
  -0.0000000e+00
  -4.9765743e-03
  -3.9289035e-03
  -6.4259181e-03
  -9.1196001e-03
  -1.1070304e-02
  -1.0881151e-02
  -8.2469014e-03
  -4.4381237e-03
  -7.1986497e-04
   3.5308297e-03
   1.0850640e-02
   2.5776979e-02
   3.6214417e-02
   0.0000000e+00
   0.0000000e+00
   0.0000000e+00
   0.0000000e+00
   0.0000000e+00
   1.3881626e-02
   2.0326670e-02
   2.4635896e-02
   1.8988261e-02
   4.3853899e-03
  -2.9313565e-03
  -8.5522449e-03
  -1.4101152e-02
  -1.8181568e-02
  -1.7463301e-02
   0.0000000e+00
   0.0000000e+00
  -1.7443300e-02
  -1.5417664e-02
  -1.0524259e-02
  -2.6468495e-03
   0.0000000e+00
  -1.4019128e-02
  -1.3425704e-02
  -1.6571442e-02
  -2.0501179e-02
  -2.3572341e-02
  -2.5495142e-02
  -2.5123895e-02
  -2.3227405e-02
  -2.0539925e-02
  -1.7910763e-02
  -1.5026032e-02
  -9.4103646e-03
   1.0888249e-03
   1.4828483e-02
   1.8068082e-02
   0.0000000e+00
   0.0000000e+00
   0.0000000e+00
   0.0000000e+00
   1.4997643e-03
   1.6849330e-03
   3.6905077e-03
  -2.2306407e-03
  -1.2901656e-02
  -1.9420631e-02
  -2.4726985e-02
  -2.9517699e-02
  -3.3313934e-02
  -3.1673729e-02
   0.0000000e+00
   0.0000000e+00
  -0.0000000e+00
  -2.8959621e-02
  -2.3281854e-02
  -1.1688199e-02
  -1.4238738e-02
  -1.9625610e-02
  -2.1697223e-02
  -2.5714206e-02
  -2.8629312e-02
  -3.1081207e-02
  -3.2431837e-02
  -3.2421365e-02
  -3.2280620e-02
  -3.1883210e-02
  -3.2174390e-02
  -3.2312129e-02
  -2.9040098e-02
  -2.1737080e-02
  -1.4370744e-02
  -7.4959321e-03
   0.0000000e+00
   0.0000000e+00
   0.0000000e+00
  -3.3293661e-03
  -3.1107835e-03
  -7.4756068e-03
  -1.2482822e-02
  -1.3965761e-02
  -2.2482054e-02
  -2.8030744e-02
  -3.3021539e-02
  -3.6532350e-02
  -3.8832973e-02
  -0.0000000e+00
   0.0000000e+00
   0.0000000e+00
   0.0000000e+00
  -3.6243912e-02
  -3.0821240e-02
  -1.8926896e-02
  -1.8560255e-02
  -2.2882046e-02
  -2.5172645e-02
  -2.7084526e-02
  -2.7856147e-02
  -2.9232508e-02
  -3.0433103e-02
  -3.2151096e-02
  -3.4559853e-02
  -3.7180513e-02
  -4.0959328e-02
  -4.5115232e-02
  -4.3787915e-02
  -3.8061798e-02
  -3.4737986e-02
  -3.0301419e-02
   0.0000000e+00
   0.0000000e+00
   0.0000000e+00
  -1.1178025e-02
  -1.3489055e-02
  -1.6326153e-02
  -2.1509415e-02
  -2.5794342e-02
  -3.2827798e-02
  -3.6731225e-02
  -3.9680857e-02
  -3.9146490e-02
  -3.3592370e-02
  -8.3459983e-03
   0.0000000e+00
  -2.2247314e-02
  -4.1223252e-02
  -4.1390263e-02
  -3.5622228e-02
  -2.5937857e-02
  -2.3166496e-02
  -2.4174428e-02
  -2.4314327e-02
  -2.3102593e-02
  -2.2759486e-02
  -2.3611212e-02
  -2.5363071e-02
  -2.8957346e-02
  -3.4365926e-02
  -4.1350033e-02
  -4.9865380e-02
  -6.1276242e-02
  -5.7130583e-02
  -5.0930876e-02
  -4.7991082e-02
  -3.9239727e-02
   0.0000000e+00
   0.0000000e+00
   0.0000000e+00
  -1.0072066e-02
  -1.1285894e-02
  -2.5236368e-02
  -3.0281948e-02
  -3.6227889e-02
  -4.1659340e-02
  -4.4179812e-02
  -4.4572607e-02
  -3.9475005e-02
  -2.5657348e-02
  -3.0906729e-03
   0.0000000e+00
  -3.5347424e-02
  -4.2074315e-02
  -4.0747840e-02
  -3.4037653e-02
  -2.6714630e-02
  -2.3091611e-02
  -2.1703547e-02
  -1.9662362e-02
  -1.8182002e-02
  -1.9288981e-02
  -2.1648198e-02
  -2.5088375e-02
  -2.9968273e-02
  -3.7222818e-02
  -4.7068890e-02
  -5.8980357e-02
  -6.9388136e-02
  -5.7323959e-02
  -5.4065797e-02
  -4.8571877e-02
  -3.2045990e-02
   0.0000000e+00
   0.0000000e+00
   0.0000000e+00
  -8.1047815e-03
  -1.5569537e-02
  -2.9407938e-02
  -3.4228031e-02
  -4.0314950e-02
  -4.4586316e-02
  -4.5742441e-02
  -4.3644506e-02
  -3.5641365e-02
  -1.9542418e-02
   7.7446429e-04
   0.0000000e+00
  -3.3231437e-02
  -3.6934521e-02
  -3.1360973e-02
  -2.6154790e-02
  -2.1818012e-02
  -1.9390982e-02
  -1.7935401e-02
  -1.6786259e-02
  -1.6784074e-02
  -1.9598460e-02
  -2.4066227e-02
  -2.9811233e-02
  -3.5433102e-02
  -4.1607738e-02
  -4.8624799e-02
  -5.5414524e-02
  -4.9924955e-02
  -0.0000000e+00
  -4.4903352e-02
  -3.8258523e-02
  -2.2025722e-02
   0.0000000e+00
   0.0000000e+00
   0.0000000e+00
  -5.9793385e-03
  -2.3027223e-02
  -2.7508292e-02
  -3.1141197e-02
  -3.6812987e-02
  -3.9842181e-02
  -3.9193597e-02
  -3.5201315e-02
  -2.6127081e-02
  -1.1348461e-02
   4.0026408e-03
   0.0000000e+00
  -2.3162527e-02
  -2.4053182e-02
  -2.0888247e-02
  -1.8997824e-02
  -1.8417176e-02
  -1.9552926e-02
  -2.1633560e-02
  -2.3008699e-02
  -2.3512904e-02
  -2.6768060e-02
  -3.1903643e-02
  -3.7482977e-02
  -4.1107602e-02
  -4.2752296e-02
  -4.1708656e-02
  -3.8503170e-02
  -2.5650496e-02
  -9.1629021e-03
  -2.7138450e-02
  -1.9431582e-02
  -2.3928238e-03
   0.0000000e+00
   0.0000000e+00
  -0.0000000e+00
  -6.8180490e-03
  -1.8922242e-02
  -2.1110756e-02
  -2.4362526e-02
  -2.7934218e-02
  -2.9218234e-02
  -2.7382303e-02
  -2.2982743e-02
  -1.5214453e-02
  -5.1493825e-03
   4.5027684e-03
   0.0000000e+00
  -1.8120108e-02
  -1.8886527e-02
  -1.9460041e-02
  -2.1324608e-02
  -2.4377108e-02
  -2.8962610e-02
  -3.5216952e-02
  -3.8729891e-02
  -3.8452059e-02
  -4.1502963e-02
  -4.5716137e-02
  -4.7774814e-02
  -4.6138487e-02
  -4.0902358e-02
  -3.1684179e-02
  -2.0638974e-02
  -1.1278344e-02
  -7.6448576e-03
  -9.2468577e-03
  -3.0912095e-04
   1.3085379e-02
   0.0000000e+00
   0.0000000e+00
  -0.0000000e+00
  -1.1956728e-02
  -1.6333694e-02
  -1.7946873e-02
  -2.0068962e-02
  -2.1805393e-02
  -2.1910323e-02
  -1.9847101e-02
  -1.5943527e-02
  -1.0567183e-02
  -6.5018469e-03
  -2.9741772e-03
   0.0000000e+00
  -1.7980421e-02
  -1.7293947e-02
  -1.9456480e-02
  -2.3093695e-02
  -2.7588733e-02
  -3.2954033e-02
  -4.0356494e-02
  -4.4939160e-02
  -4.2019684e-02
  -4.5203418e-02
  -4.8736364e-02
  -4.9680572e-02
  -4.6879265e-02
  -4.0172562e-02
  -2.9042620e-02
  -1.5208103e-02
  -4.5635481e-03
  -1.3634493e-03
   7.9618195e-04
   7.0738886e-03
   1.6104204e-02
   0.0000000e+00
   0.0000000e+00
  -1.6228590e-02
  -1.7156203e-02
  -1.9019155e-02
  -1.9893198e-02
  -2.0681163e-02
  -2.1085671e-02
  -2.0473121e-02
  -1.8292974e-02
  -1.5059669e-02
  -1.2331002e-02
  -1.3678143e-02
  -1.8158798e-02
  -2.8786213e-02
  -2.0340406e-02
  -1.7639933e-02
  -1.7916752e-02
  -1.8852377e-02
  -2.2367529e-02
  -2.9544122e-02
  -3.7542889e-02
  -4.8015682e-02
  -4.0135936e-02
  -4.5422270e-02
  -5.0647235e-02
  -5.3469079e-02
  -5.2344996e-02
  -4.6531049e-02
  -3.5266955e-02
  -1.9110215e-02
  -1.6898417e-03
   0.0000000e+00
   8.5371233e-04
   4.0696836e-03
   1.0855089e-02
   0.0000000e+00
   0.0000000e+00
  -3.0012508e-02
  -3.0160656e-02
  -3.1300455e-02
  -3.1482246e-02
  -3.0936122e-02
  -3.0023856e-02
  -2.8692545e-02
  -2.6699537e-02
  -2.4659211e-02
  -2.4763361e-02
  -2.8338939e-02
  -3.4716718e-02
  -3.9278806e-02
  -3.4609888e-02
  -3.2810923e-02
  -2.9828120e-02
  -2.1749562e-02
  -1.1738226e-02
  -1.5110125e-02
  -1.9420592e-02
  -2.9499071e-02
  -3.5619535e-02
  -4.0697832e-02
  -4.7877830e-02
  -5.3589948e-02
  -5.5791389e-02
  -5.3874034e-02
  -4.7134593e-02
  -3.3854008e-02
  -8.9391731e-03
   0.0000000e+00
  -1.2417843e-02
  -1.2616023e-02
  -1.0617277e-02
   0.0000000e+00
   0.0000000e+00
  -4.5522504e-02
  -4.7284935e-02
  -4.8051782e-02
  -4.7909018e-02
  -4.7018543e-02
  -4.5841064e-02
  -4.4506915e-02
  -4.3510776e-02
  -4.3095268e-02
  -4.5408003e-02
  -5.0009880e-02
  -5.5132847e-02
  -5.9065729e-02
  -5.6347068e-02
  -5.6621350e-02
  -5.5175930e-02
  -4.5167342e-02
  -2.8510982e-02
   0.0000000e+00
  -0.0000000e+00
   0.0000000e+00
  -3.7290839e-02
  -4.0127330e-02
  -4.5323186e-02
  -5.0697338e-02
  -5.4634225e-02
  -5.6723405e-02
  -5.6492005e-02
  -5.3429767e-02
  -3.5189461e-02
   0.0000000e+00
  -3.3796513e-02
  -3.4893405e-02
  -3.3657265e-02
   0.0000000e+00
  -5.1127626e-02
  -5.9509438e-02
  -6.1305512e-02
  -6.2252909e-02
  -6.2123202e-02
  -6.1261784e-02
  -6.0253747e-02
  -5.9177406e-02
  -5.9452187e-02
  -6.1023749e-02
  -6.4367302e-02
  -6.8523705e-02
  -7.1314566e-02
  -7.1630165e-02
  -6.9281816e-02
  -7.0352368e-02
  -7.0613809e-02
  -6.6310905e-02
  -5.8602275e-02
   0.0000000e+00
   0.0000000e+00
   0.0000000e+00
  -4.2930332e-02
  -4.5616079e-02
  -4.6295214e-02
  -4.8571113e-02
  -5.1971506e-02
  -5.5736478e-02
  -5.9269361e-02
  -6.4858757e-02
  -7.0365861e-02
   0.0000000e+00
  -5.5548536e-02
  -5.5224434e-02
  -5.9045491e-02
  -7.1367696e-02
  -5.7464167e-02
  -6.0564059e-02
  -6.7596406e-02
  -6.9639765e-02
  -7.0233256e-02
  -6.9686330e-02
  -6.9022842e-02
  -6.8152256e-02
  -6.8757347e-02
  -7.1168117e-02
  -7.4205615e-02
  -7.6087242e-02
  -7.5489148e-02
  -7.2646461e-02
  -7.0691540e-02
  -7.0340604e-02
  -7.0549339e-02
  -7.1320890e-02
  -7.2082318e-02
  -6.7306909e-02
  -0.0000000e+00
  -5.7782336e-02
  -5.5822545e-02
  -5.5804093e-02
  -5.2792605e-02
  -5.1016092e-02
  -5.2387641e-02
  -5.6068856e-02
  -6.0570072e-02
  -6.6590599e-02
  -8.3220921e-02
  -8.8838538e-02
  -7.2238771e-02
  -7.0378818e-02
  -6.1261575e-02
  -7.0828823e-02
  -5.6444765e-02
  -4.4336394e-02
  -6.0482323e-02
  -6.4129338e-02
  -6.5976307e-02
  -6.6124082e-02
  -6.5571949e-02
  -6.5045625e-02
  -6.5283284e-02
  -6.7003831e-02
  -6.8872817e-02
  -6.8388559e-02
  -6.5840051e-02
  -6.2545530e-02
  -6.0113873e-02
  -5.8232613e-02
  -5.7788637e-02
  -5.9958190e-02
  -6.3769817e-02
  -6.6054575e-02
  -6.7131406e-02
  -5.8720821e-02
  -5.6119323e-02
  -5.8670007e-02
  -5.6453247e-02
  -5.3227305e-02
  -5.2344844e-02
  -5.4266259e-02
  -5.8705725e-02
  -6.4989470e-02
  -7.5186148e-02
  -7.8843720e-02
  -6.9028430e-02
  -7.1146913e-02
  -6.2220315e-02
  -4.9546011e-02
  -4.6717222e-02
  -3.5791696e-02
  -4.2198652e-02
  -4.5893151e-02
  -4.8137750e-02
  -4.8718784e-02
  -4.8219830e-02
  -4.8165873e-02
  -4.8472736e-02
  -4.9388148e-02
  -5.0097600e-02
  -4.8915539e-02
  -4.6428233e-02
  -4.3333724e-02
  -4.0925287e-02
  -3.9139405e-02
  -3.8372062e-02
  -4.0103234e-02
  -4.3771602e-02
  -5.0204609e-02
  -5.7957686e-02
  -5.2090615e-02
  -4.6979051e-02
  -4.7640003e-02
  -4.7738481e-02
  -4.5960788e-02
  -4.4305105e-02
  -4.4197254e-02
  -4.6537314e-02
  -5.1022854e-02
  -5.6102701e-02
  -5.6471020e-02
  -4.9223088e-02
  -5.0004445e-02
  -4.4641934e-02
  -0.0000000e+00
  -3.0173105e-02
  -9.5948260e-03
  -9.9487246e-03
  -1.1707182e-02
  -1.3118821e-02
  -1.3655615e-02
  -1.3695718e-02
  -1.4264056e-02
  -1.5499210e-02
  -1.6747633e-02
  -1.6958957e-02
  -1.5647639e-02
  -1.3513990e-02
  -1.1182240e-02
  -9.5982186e-03
  -8.9034372e-03
  -9.0186306e-03
  -1.0744876e-02
  -1.4650953e-02
  -2.1285669e-02
  -2.7890772e-02
  -2.7196974e-02
  -2.3185748e-02
  -2.2762793e-02
  -2.3292325e-02
  -2.3437300e-02
  -2.2690387e-02
  -2.1926358e-02
  -2.1965747e-02
  -2.3321905e-02
  -2.4851783e-02
  -2.3568233e-02
  -1.6462257e-02
  -1.1948828e-02
  -1.5807635e-02
   1.8902633e-03
  -7.3539465e-03
   3.2127663e-02
   3.2759007e-02
   3.2170411e-02
   3.1384401e-02
   3.0924547e-02
   3.0195553e-02
   2.8460026e-02
   2.5603840e-02
   2.2825710e-02
   2.2107793e-02
   2.3244016e-02
   2.5184859e-02
   2.6676962e-02
   2.7132330e-02
   2.6235316e-02
   2.4000550e-02
   2.1265013e-02
   1.7236480e-02
   1.1198490e-02
   5.4820669e-03
   4.2836471e-03
   6.6594565e-03
   7.7213123e-03
   8.0850795e-03
   7.5062253e-03
   7.4499031e-03
   7.9791006e-03
   9.5752552e-03
   1.0926670e-02
   1.1563057e-02
   1.3220820e-02
   1.9126950e-02
   0.0000000e+00
   1.8393372e-02
   3.6924139e-02
   3.2355193e-02
   7.8180358e-02
   8.3664000e-02
   8.5469477e-02
   8.5334398e-02
   8.4902145e-02
   8.3571240e-02
   8.0298968e-02
   7.5845189e-02
   7.1514942e-02
   6.9415390e-02
   6.9151223e-02
   6.9687642e-02
   6.9495291e-02
   6.8125352e-02
   6.4750277e-02
   5.9594270e-02
   5.4474909e-02
   4.9395695e-02
   4.3740522e-02
   3.9182495e-02
   3.7967097e-02
   3.9718289e-02
   4.2121623e-02
   4.3834940e-02
   4.4932801e-02
   4.5831740e-02
   4.7220472e-02
   5.0516162e-02
   5.4403566e-02
   5.7763837e-02
   6.0130093e-02
   4.7846019e-02
   0.0000000e+00
   4.2220870e-02
   6.1300013e-02
   7.1783319e-02
   1.1535449e-01
   1.2351986e-01
   1.2878874e-01
   1.3110203e-01
   1.3145630e-01
   1.2980442e-01
   1.2608302e-01
   1.2133105e-01
   1.1653443e-01
   1.1247800e-01
   1.0990359e-01
   1.0759318e-01
   1.0464331e-01
   1.0080358e-01
   9.4774544e-02
   8.7623164e-02
   8.0498678e-02
   7.4175648e-02
   6.9213942e-02
   6.6081367e-02
   6.5821320e-02
   6.7908868e-02
   7.1711651e-02
   7.5963646e-02
   8.0011420e-02
   8.3759879e-02
   8.7697931e-02
   9.2852846e-02
   9.8792973e-02
   1.0531585e-01
   1.0997380e-01
   1.2189525e-01
   1.2625114e-01
   8.7703471e-02
   1.0143013e-01
   1.2622757e-01
   1.3482064e-01
   1.3783760e-01
   1.4119479e-01
   1.4411405e-01
   1.4474772e-01
   1.4297865e-01
   1.3937633e-01
   1.3549319e-01
   1.3116050e-01
   1.2690048e-01
   1.2270939e-01
   1.1777503e-01
   1.1240623e-01
   1.0646469e-01
   9.9653035e-02
   9.3058608e-02
   8.7008193e-02
   8.2554743e-02
   7.9539165e-02
   7.7903248e-02
   7.8401253e-02
   8.1922911e-02
   8.6578712e-02
   9.2449531e-02
   9.9308774e-02
   1.0579261e-01
   1.1214831e-01
   1.1858176e-01
   1.2492555e-01
   1.3190079e-01
   1.3854963e-01
   1.4466071e-01
   1.4813474e-01
   1.2054674e-01
   1.4226729e-01
   1.5352754e-01
   1.1250602e-01
   1.0932119e-01
   1.0962437e-01
   1.1083525e-01
   1.1075305e-01
   1.0912781e-01
   1.0597007e-01
   1.0355304e-01
   1.0125516e-01
   9.8348089e-02
   9.3971420e-02
   8.8661134e-02
   8.3544195e-02
   7.8645674e-02
   7.4249402e-02
   7.0661381e-02
   6.8326726e-02
   6.7203425e-02
   6.6223748e-02
   6.6382415e-02
   6.8807140e-02
   7.3459849e-02
   7.8132218e-02
   8.2585476e-02
   8.8909931e-02
   9.5427614e-02
   1.0168129e-01
   1.0773280e-01
   1.1268124e-01
   1.1768295e-01
   1.2174425e-01
   1.2532376e-01
   1.2707590e-01
   1.0799839e-01
   1.2912981e-01
   1.2648690e-01
   5.3469991e-02
   4.9723078e-02
   4.8991570e-02
   4.9126846e-02
   4.8769321e-02
   4.7392925e-02
   4.6082022e-02
   4.5509961e-02
   4.5045002e-02
   4.4065504e-02
   4.2426907e-02
   3.9629019e-02
   3.6677710e-02
   3.3669509e-02
   3.2326221e-02
   3.2884974e-02
   3.4363598e-02
   3.5622529e-02
   3.7480946e-02
   3.9734107e-02
   4.2899522e-02
   4.6277804e-02
   4.9602885e-02
   5.2653623e-02
   5.6492538e-02
   6.0256135e-02
   6.4024858e-02
   6.7889042e-02
   7.0517220e-02
   7.1431651e-02
   7.1783147e-02
   7.0654713e-02
   6.7478470e-02
   5.8826972e-02
   7.2786868e-02
   6.4319797e-02
  -5.0892429e-03
  -6.8310021e-03
  -6.9645215e-03
  -6.9370163e-03
  -7.7004712e-03
  -8.6181788e-03
  -8.6577963e-03
  -8.0388924e-03
  -7.2777313e-03
  -6.0382341e-03
  -5.2851870e-03
  -5.4500434e-03
  -6.4040753e-03
  -6.6678646e-03
  -5.5675320e-03
  -2.9078624e-03
   1.8381680e-04
   3.0638392e-03
   6.0155746e-03
   9.3356444e-03
   1.1981278e-02
   1.3428289e-02
   1.4355452e-02
   1.5830919e-02
   1.6818855e-02
   1.7039418e-02
   1.6924098e-02
   1.7317770e-02
   1.7306952e-02
   1.5630627e-02
   1.2649368e-02
   8.9718884e-03
   5.0859908e-03
   6.7067500e-03
   1.0261274e-02
  -4.8704678e-05
  -3.6115482e-02
  -3.7085965e-02
  -3.7484210e-02
  -3.7499476e-02
  -3.7865385e-02
  -3.7801277e-02
  -3.6886863e-02
  -3.6111865e-02
  -3.4892950e-02
  -3.3313513e-02
  -3.1849116e-02
  -3.0668840e-02
  -2.9691227e-02
  -2.8291030e-02
  -2.6745439e-02
  -2.4278097e-02
  -2.2134335e-02
  -1.9286068e-02
  -1.6072730e-02
  -1.4030775e-02
  -1.2955859e-02
  -1.2849728e-02
  -1.2821660e-02
  -1.3427666e-02
  -1.5163260e-02
  -1.6510960e-02
  -1.8073352e-02
  -1.9697623e-02
  -2.1482175e-02
  -2.3778690e-02
  -2.5980057e-02
  -2.7597331e-02
  -2.8262774e-02
  -2.4856431e-02
  -2.8296331e-02
  -3.4716632e-02
  -3.3383738e-02
  -3.3000723e-02
  -3.2968115e-02
  -3.3073936e-02
  -3.3031367e-02
  -3.2793906e-02
  -3.2794967e-02
  -3.2376844e-02
  -3.1347107e-02
  -2.9932598e-02
  -2.8594373e-02
  -2.7446713e-02
  -2.6390275e-02
  -2.5591800e-02
  -2.4776286e-02
  -2.3805374e-02
  -2.2627091e-02
  -2.0833878e-02
  -1.9291488e-02
  -1.8877134e-02
  -1.9272793e-02
  -1.9884015e-02
  -2.0852966e-02
  -2.2238821e-02
  -2.3558276e-02
  -2.4747048e-02
  -2.5889127e-02
  -2.7200421e-02
  -2.8536551e-02
  -2.9634336e-02
  -3.0244483e-02
  -3.0529162e-02
  -3.0039340e-02
  -2.7806655e-02
  -2.9741643e-02
  -3.3384457e-02
