  3.339395e-01
  3.227907e-01
  3.129822e-01
  2.970392e-01
  2.884192e-01
  2.790081e-01
  2.694472e-01
  2.563818e-01
  2.442909e-01
  2.322332e-01
  2.228454e-01
  2.209651e-01
  2.194522e-01
  2.175054e-01
  2.255558e-01
  2.354663e-01
  2.371254e-01
  2.219050e-01
  2.238491e-01
  2.452670e-01
  2.479721e-01
  2.341070e-01
  2.194261e-01
  2.125412e-01
  2.098269e-01
  2.118237e-01
  2.207949e-01
  2.383621e-01
  2.709391e-01
  2.994834e-01
  3.210972e-01
  3.302261e-01
  3.341917e-01
  3.423118e-01
  3.581038e-01
  3.819267e-01
