   0.0000000e+00
   1.7274073e-01
   0.0000000e+00
   3.2299921e-02
   2.5430152e-02
   0.0000000e+00
   9.0755575e-02
   5.6824230e-02
   3.4601175e-02
   3.8864954e-02
   3.0106817e-02
   1.9748379e-02
   0.0000000e+00
   0.0000000e+00
   1.4382871e-02
   2.7671137e-03
   5.8007035e-03
   1.1631557e-02
   3.1139416e-02
   0.0000000e+00
   1.5086969e-02
  -2.8352557e-04
  -1.0014440e-02
  -5.1889721e-06
   2.5440731e-03
  -0.0000000e+00
  -0.0000000e+00
   0.0000000e+00
   0.0000000e+00
   0.0000000e+00
   0.0000000e+00
   0.0000000e+00
   0.0000000e+00
   0.0000000e+00
   0.0000000e+00
   0.0000000e+00
   1.7043819e-01
   9.3174638e-02
   2.7065152e-02
   1.9076632e-02
   4.5429716e-03
  -3.2086495e-03
   4.3422782e-03
   1.0297571e-02
   1.0248244e-02
   1.2674187e-02
   1.2023021e-02
   9.9033373e-03
   7.7269970e-03
   5.9253087e-03
   4.0573403e-03
   3.2322267e-03
  -1.7279688e-04
  -8.1783161e-04
  -1.2559492e-03
  -1.0536679e-02
  -1.3214905e-03
   2.6554833e-03
   4.4579352e-03
   6.2589662e-03
   2.3034883e-03
  -1.2478801e-02
  -2.7968150e-03
   6.5379175e-03
   9.5889546e-03
  -3.9361068e-03
  -1.6099769e-02
   0.0000000e+00
   5.8220637e-02
   2.7872913e-02
   5.4817890e-03
   0.0000000e+00
   3.5649963e-02
   1.2584917e-02
  -8.8215275e-03
  -1.9139731e-02
  -2.0525998e-02
  -1.4187793e-02
  -5.8213936e-03
  -1.9780247e-04
   4.3850564e-03
   7.7042529e-03
   9.2342086e-03
   6.7424593e-03
   2.3032780e-03
  -2.0117890e-03
  -5.3931996e-03
  -7.3723849e-03
  -9.0936106e-03
  -1.0825703e-02
  -1.1185942e-02
  -8.3568262e-03
  -2.7011668e-03
   6.6287359e-04
   7.8066825e-03
   1.0390592e-02
   7.7392291e-03
   2.3136705e-03
  -7.3906837e-04
   6.9757612e-04
   2.0983433e-03
   3.5539377e-04
   5.5663056e-03
   2.1273400e-02
   3.5825035e-02
   2.6465435e-02
   1.9519437e-02
   2.8286065e-02
  -1.6138364e-02
  -3.2346956e-02
  -4.4681340e-02
  -4.6811910e-02
  -3.8585115e-02
  -2.4249047e-02
  -1.5383870e-02
  -1.1805722e-02
  -5.1904414e-03
   2.9062139e-04
   6.1203929e-04
  -5.3433115e-03
  -1.1905762e-02
  -1.6941518e-02
  -1.9827574e-02
  -2.1124657e-02
  -2.3079852e-02
  -2.5066160e-02
  -2.7056770e-02
  -0.0000000e+00
  -1.6608664e-03
  -5.4003608e-03
   3.6702722e-03
   8.0361590e-03
   2.5880993e-03
  -5.2442867e-03
  -1.2837641e-02
  -1.8888533e-02
  -2.1708630e-02
  -1.8568588e-02
  -9.4662297e-03
   4.1348212e-03
   1.5319007e-02
   1.7903218e-02
   1.3349248e-02
   1.5676103e-04
  -3.9818045e-02
  -5.3723525e-02
  -5.7491302e-02
  -5.2316032e-02
  -3.6064647e-02
  -2.0371241e-02
  -1.8261604e-02
  -1.9190655e-02
  -3.3665976e-03
  -3.7473214e-03
  -7.3243538e-03
  -1.5600814e-02
  -2.3549700e-02
  -2.8575137e-02
  -3.0670933e-02
  -3.1255011e-02
  -3.2760739e-02
  -3.4608137e-02
  -3.6973055e-02
  -0.0000000e+00
  -1.3341835e-02
  -1.6060697e-02
  -3.4257777e-03
   7.7080436e-04
  -5.5570956e-03
  -1.4657625e-02
  -2.4878263e-02
  -3.3832882e-02
  -3.7411049e-02
  -3.2300234e-02
  -2.1638392e-02
  -5.6172842e-03
   8.0575105e-03
   1.1356533e-02
   5.2142357e-03
  -1.6902730e-02
  -4.9293982e-02
  -5.0893167e-02
  -4.3404283e-02
  -4.3298642e-02
  -0.0000000e+00
  -5.5379381e-03
  -1.0764633e-02
  -1.5537370e-02
  -1.0811447e-02
  -7.4651265e-03
  -1.0841126e-02
  -1.9718494e-02
  -2.6984811e-02
  -3.0722298e-02
  -3.1739138e-02
  -3.1407371e-02
  -3.1329818e-02
  -3.0196883e-02
  -2.4567257e-02
   0.0000000e+00
  -1.6672272e-02
  -1.4457749e-02
  -5.3645981e-03
  -4.7300988e-03
  -1.0525935e-02
  -1.7944766e-02
  -2.7358518e-02
  -3.5211361e-02
  -3.3587452e-02
  -2.2940091e-02
  -1.5069194e-02
  -7.9442086e-04
   1.0660232e-02
   9.0740815e-03
  -3.7187629e-03
  -2.9749606e-02
  -3.5646215e-02
  -0.0000000e+00
  -0.0000000e+00
  -0.0000000e+00
   0.0000000e+00
   6.1631201e-03
  -4.8017022e-03
  -4.1534977e-03
  -7.3209055e-03
  -8.8695195e-03
  -1.2220697e-02
  -1.8731870e-02
  -2.3166182e-02
  -2.5011186e-02
  -2.4957504e-02
  -2.4704279e-02
  -2.3473760e-02
  -1.8752009e-02
  -4.4206899e-03
   0.0000000e+00
  -1.3435884e-02
  -8.2975179e-03
  -4.5208712e-03
  -6.8578348e-03
  -1.0943703e-02
  -1.4783639e-02
  -2.0526186e-02
  -2.2416146e-02
  -1.1410330e-02
  -7.7752490e-04
  -1.2521984e-03
   6.6145603e-03
   8.3857151e-03
   8.4526261e-04
  -1.4340623e-02
  -3.1937808e-02
   3.0433116e-03
   0.0000000e+00
   0.0000000e+00
   0.0000000e+00
   0.0000000e+00
   6.2937543e-03
  -6.9463845e-03
  -4.2626322e-03
  -4.0313774e-03
  -6.9929102e-03
  -8.7853130e-03
  -1.1700787e-02
  -1.3908641e-02
  -1.4969464e-02
  -1.5830746e-02
  -1.6481660e-02
  -1.4206573e-02
  -4.1307602e-03
   1.6769395e-02
   0.0000000e+00
  -0.0000000e+00
  -2.7175241e-03
  -4.3182503e-03
  -6.6513540e-03
  -6.6638860e-03
  -6.3853841e-03
  -5.7758791e-03
   1.6505192e-03
   4.3307375e-03
   2.9933790e-04
  -6.0786979e-03
  -5.2486062e-03
  -6.9015673e-03
  -9.5179964e-03
  -1.4313189e-02
  -1.4780780e-02
   3.9030326e-02
   0.0000000e+00
   0.0000000e+00
   0.0000000e+00
   0.0000000e+00
   1.7664716e-03
  -5.7062702e-03
  -2.2658941e-03
  -2.7302885e-04
   1.7943828e-05
  -8.2823419e-05
  -1.5604561e-03
  -4.0633557e-03
  -6.2922593e-03
  -9.0363408e-03
  -1.0187790e-02
  -6.5650176e-03
   9.6306335e-03
   4.0685735e-02
   0.0000000e+00
   0.0000000e+00
  -7.9239511e-03
  -1.3013312e-02
  -6.1686542e-03
  -1.0268565e-03
   3.2660360e-03
   1.5268447e-02
   3.0584408e-02
   0.0000000e+00
   1.3197217e-04
  -4.2262319e-03
  -8.4094740e-03
  -5.5563180e-03
  -2.1129861e-03
   6.5468904e-04
   1.0177325e-02
   6.0704785e-02
   0.0000000e+00
   0.0000000e+00
   0.0000000e+00
   0.0000000e+00
   4.1428391e-03
   2.4166242e-03
   5.3264028e-03
   7.9953838e-03
   9.7754914e-03
   9.6854949e-03
   7.7034724e-03
   3.5964986e-03
  -6.1030348e-04
  -5.0867582e-03
  -5.5219382e-03
   5.1143265e-04
   2.2223547e-02
   6.1683123e-02
   0.0000000e+00
   0.0000000e+00
  -2.3459651e-02
  -2.4547227e-02
  -5.2597099e-03
   3.9641517e-03
   1.2488082e-02
   4.1523002e-02
   0.0000000e+00
   0.0000000e+00
  -4.5098206e-04
  -1.1081146e-03
  -5.1174518e-03
   4.0990659e-03
   1.0437584e-02
   1.6677210e-02
   3.1034261e-02
   6.3553334e-02
   4.5000287e-02
   0.0000000e+00
   0.0000000e+00
   1.7665003e-02
   1.3353844e-02
   1.2076289e-02
   1.3775376e-02
   1.6101904e-02
   1.7497558e-02
   1.6524475e-02
   1.2591084e-02
   6.3457477e-03
   2.3319911e-04
  -4.0464764e-03
  -1.8436501e-03
   7.4180728e-03
   3.3027384e-02
   6.8036292e-02
   0.0000000e+00
   0.0000000e+00
  -0.0000000e+00
  -2.9994650e-02
  -1.9309145e-03
   7.8797247e-03
   2.2650041e-02
   6.8133213e-02
   0.0000000e+00
   0.0000000e+00
   6.3368829e-03
   1.1910254e-03
  -4.0374632e-04
   1.2338076e-02
   1.9860072e-02
   2.7820975e-02
   4.3648820e-02
   6.1222605e-02
   3.2148618e-02
   0.0000000e+00
   0.0000000e+00
   2.0258942e-02
   2.1092035e-02
   1.9365691e-02
   2.0301340e-02
   2.2059828e-02
   2.2327824e-02
   1.9245513e-02
   1.1989579e-02
   3.8349954e-03
  -2.3531634e-03
  -3.2844418e-03
   3.2309028e-03
   1.6588554e-02
   4.3261722e-02
   6.3777366e-02
   0.0000000e+00
   0.0000000e+00
   0.0000000e+00
  -2.4822471e-02
   1.2814155e-04
   1.2298386e-02
   3.6030207e-02
   8.1059463e-02
   0.0000000e+00
   0.0000000e+00
   0.0000000e+00
   1.9108861e-03
   5.8696405e-03
   1.8904980e-02
   2.8195037e-02
   3.8443461e-02
   5.3782154e-02
   5.7018343e-02
   2.8271094e-02
   8.1572880e-03
   0.0000000e+00
   2.3224215e-02
   2.3481339e-02
   2.2617918e-02
   2.2791393e-02
   2.3695160e-02
   2.2144411e-02
   1.5954308e-02
   6.2865037e-03
  -1.2204816e-03
  -4.1790437e-03
   1.6377546e-04
   1.0385510e-02
   2.6546275e-02
   5.2170940e-02
   5.7872461e-02
   0.0000000e+00
   0.0000000e+00
   0.0000000e+00
  -1.4046472e-02
   3.2938351e-03
   1.9523039e-02
   4.7496155e-02
   7.9615468e-02
   0.0000000e+00
   0.0000000e+00
   0.0000000e+00
   0.0000000e+00
   1.4025365e-02
   2.5951678e-02
   3.7371103e-02
   4.9979642e-02
   6.0640961e-02
   4.8601426e-02
   2.7171206e-02
   1.2031460e-02
   1.9376479e-02
   0.0000000e+00
   2.1506103e-02
   1.9822178e-02
   1.8465498e-02
   1.7809162e-02
   1.3692277e-02
   5.9948275e-03
  -1.9824414e-03
  -4.9336478e-03
  -1.7655093e-03
   7.7007418e-03
   2.0589674e-02
   3.7987418e-02
   6.1587408e-02
   6.7012493e-02
   0.0000000e+00
   0.0000000e+00
   0.0000000e+00
   1.7236584e-03
   1.4462389e-02
   3.3447269e-02
   5.7659518e-02
   7.5730890e-02
   0.0000000e+00
   0.0000000e+00
   0.0000000e+00
   1.9210659e-03
   2.6675756e-02
   3.5466585e-02
   4.7981244e-02
   5.9605349e-02
   6.0714245e-02
   3.4750123e-02
   2.3176938e-02
   1.2868685e-02
   0.0000000e+00
   2.0465784e-02
   1.2941526e-02
   8.6772945e-03
   5.9087961e-03
   4.3624337e-03
   7.2296127e-04
  -3.8270331e-03
  -6.1268038e-03
  -3.0669437e-03
   5.0216787e-03
   1.6760739e-02
   2.9820714e-02
   4.5123596e-02
   6.0426529e-02
   5.7010295e-02
   0.0000000e+00
   0.0000000e+00
   0.0000000e+00
   0.0000000e+00
   2.8221313e-02
   4.3561283e-02
   5.6915149e-02
   5.1163989e-02
   0.0000000e+00
   0.0000000e+00
   0.0000000e+00
   1.1599985e-02
   3.8284204e-02
   4.1127868e-02
   5.1713780e-02
   5.7630707e-02
   4.9915314e-02
   2.3900877e-02
   1.5752846e-02
   4.4463268e-03
   1.7205537e-03
   1.7118156e-02
   1.4746413e-03
  -5.0284266e-03
  -7.7999965e-03
  -8.9976694e-03
  -1.0393295e-02
  -1.0522471e-02
  -6.5570017e-03
   1.8091900e-03
   1.2831102e-02
   2.4924077e-02
   3.5494205e-02
   4.4268448e-02
   4.8595537e-02
   0.0000000e+00
   0.0000000e+00
   0.0000000e+00
   0.0000000e+00
   0.0000000e+00
   4.0051110e-02
   4.6809878e-02
   5.0343871e-02
   3.4279298e-02
   0.0000000e+00
   0.0000000e+00
   0.0000000e+00
   2.5871051e-02
   4.0805589e-02
   4.0893544e-02
   4.6550188e-02
   4.5524288e-02
   3.2033239e-02
   0.0000000e+00
   2.1075987e-03
  -4.7501309e-03
  -1.4402757e-03
   6.1408117e-03
  -1.1172957e-02
  -1.6900782e-02
  -1.9205641e-02
  -2.0021778e-02
  -1.9569201e-02
  -1.6322982e-02
  -8.3352495e-03
   2.7363684e-03
   1.4510219e-02
   2.5486413e-02
   3.2767426e-02
   3.5361759e-02
   3.2452819e-02
   0.0000000e+00
   0.0000000e+00
   0.0000000e+00
   0.0000000e+00
   5.0652285e-02
   4.7809519e-02
   4.7338989e-02
   4.4451587e-02
   2.9814396e-02
   0.0000000e+00
   0.0000000e+00
   0.0000000e+00
   3.3536717e-02
   3.5861734e-02
   3.3714425e-02
   3.4512851e-02
   2.9028969e-02
   1.4642539e-02
   0.0000000e+00
   0.0000000e+00
  -6.0959984e-03
  -2.2296925e-03
  -4.0059327e-03
  -1.4688951e-02
  -1.8501544e-02
  -2.0333521e-02
  -2.0671826e-02
  -1.8915747e-02
  -1.4332998e-02
  -6.3751498e-03
   2.8642534e-03
   1.1715270e-02
   1.8753299e-02
   2.2436059e-02
   2.2743626e-02
   1.6708206e-02
   0.0000000e+00
   0.0000000e+00
   0.0000000e+00
   0.0000000e+00
   4.6474269e-02
   4.6999324e-02
   4.3191856e-02
   3.7139222e-02
   2.2936569e-02
   0.0000000e+00
   0.0000000e+00
   0.0000000e+00
   3.2182289e-02
   2.4999393e-02
   2.2869287e-02
   2.2270603e-02
   1.6814144e-02
   2.9483662e-03
   0.0000000e+00
   0.0000000e+00
  -1.8743337e-03
  -1.5148298e-03
  -2.4285433e-03
  -6.3702203e-03
  -8.8117579e-03
  -1.0339658e-02
  -1.0766217e-02
  -9.1328789e-03
  -4.9031414e-03
   1.7345890e-03
   8.6597465e-03
   1.4380431e-02
   1.7429311e-02
   1.7048424e-02
   1.3662419e-02
   7.8827282e-03
   0.0000000e+00
   0.0000000e+00
   0.0000000e+00
   1.4279300e-02
   3.5271168e-02
   3.9062370e-02
   3.6692839e-02
   3.0499510e-02
   1.7705257e-02
   0.0000000e+00
   0.0000000e+00
   0.0000000e+00
   2.9813871e-02
   1.9363083e-02
   1.5666412e-02
   1.4642350e-02
   1.2558523e-02
   5.4183292e-04
   0.0000000e+00
   0.0000000e+00
   3.3760645e-04
  -1.7176695e-03
  -3.8495190e-04
  -2.4897389e-03
  -4.5634841e-03
  -6.0826524e-03
  -6.4415106e-03
  -4.7466762e-03
  -2.4142176e-04
   7.1112587e-03
   1.5088187e-02
   2.1142396e-02
   2.1783336e-02
   1.5173730e-02
   3.1749908e-03
  -2.1691420e-03
  -0.0000000e+00
   0.0000000e+00
   0.0000000e+00
  -1.6618341e-03
   2.1222000e-02
   2.6686327e-02
   2.6625958e-02
   0.0000000e+00
   0.0000000e+00
   0.0000000e+00
   0.0000000e+00
   0.0000000e+00
   0.0000000e+00
   1.8498024e-02
   6.7063415e-03
   7.4800830e-03
   1.3756259e-02
   1.9704161e-03
  -0.0000000e+00
  -9.5173584e-03
   3.3268549e-03
  -5.4003404e-03
  -8.2552209e-03
  -1.2710820e-02
  -1.6827516e-02
  -1.9947352e-02
  -2.1085074e-02
  -1.9518610e-02
  -1.5033100e-02
  -7.5800242e-03
   1.1281907e-03
   9.4062546e-03
   1.2521720e-02
   5.1550227e-03
  -1.1263584e-02
  -1.9247301e-02
  -0.0000000e+00
   0.0000000e+00
  -2.8944329e-02
  -1.9677663e-02
  -6.3611506e-03
   3.1681417e-03
   1.3545945e-02
   0.0000000e+00
   0.0000000e+00
   0.0000000e+00
   0.0000000e+00
   0.0000000e+00
   0.0000000e+00
   1.5521469e-02
  -1.4854594e-03
   1.1063196e-02
   2.6168686e-02
   5.5757192e-03
  -0.0000000e+00
  -7.2865519e-03
  -6.1301811e-03
  -7.8981444e-03
  -1.2774167e-02
  -1.9490063e-02
  -2.6891684e-02
  -3.4067113e-02
  -3.9751288e-02
  -4.2126402e-02
  -4.1262254e-02
  -3.7046798e-02
  -2.9769972e-02
  -1.9531578e-02
  -7.8957099e-03
  -3.9778859e-03
  -1.2407895e-02
  -3.3959193e-02
  -5.2845255e-02
   0.0000000e+00
  -2.7870183e-02
  -2.9616700e-02
  -2.7974939e-02
  -1.7410990e-02
  -0.0000000e+00
   0.0000000e+00
   0.0000000e+00
   0.0000000e+00
   0.0000000e+00
   0.0000000e+00
   0.0000000e+00
   3.7129725e-02
  -8.2653528e-04
  -0.0000000e+00
   3.4043098e-02
   2.1889056e-02
   0.0000000e+00
  -1.0788078e-02
  -1.2627700e-02
  -1.0109901e-02
  -1.1455475e-02
  -1.6063672e-02
  -2.3170965e-02
  -3.1582482e-02
  -4.0280648e-02
  -4.6852879e-02
  -5.0634377e-02
  -5.1602501e-02
  -4.8534609e-02
  -3.9109029e-02
  -2.1953039e-02
  -6.4854133e-03
  -8.1432683e-03
  -0.0000000e+00
  -3.0560794e-02
  -9.6910012e-03
  -2.5248336e-02
  -3.4703389e-02
  -4.0848777e-02
  -3.8218699e-02
  -0.0000000e+00
   0.0000000e+00
   0.0000000e+00
   0.0000000e+00
   0.0000000e+00
   0.0000000e+00
   0.0000000e+00
   5.6581428e-02
   6.1519579e-03
  -0.0000000e+00
   0.0000000e+00
   0.0000000e+00
  -0.0000000e+00
  -2.2013274e-02
  -1.9001341e-02
  -1.5549343e-02
  -1.1170436e-02
  -1.0051691e-02
  -1.3253544e-02
  -1.9661589e-02
  -2.7836619e-02
  -3.5326875e-02
  -4.1993175e-02
  -4.8487965e-02
  -5.2026564e-02
  -4.7253571e-02
  -2.8698735e-02
  -7.9541477e-03
  -0.0000000e+00
  -2.0958124e-02
  -1.9973943e-02
  -8.7434854e-03
  -2.0491460e-02
  -3.2535843e-02
  -4.7562435e-02
  -6.0990736e-02
  -0.0000000e+00
   0.0000000e+00
   0.0000000e+00
   0.0000000e+00
   0.0000000e+00
   0.0000000e+00
   0.0000000e+00
   6.2673923e-02
   1.7970554e-02
  -0.0000000e+00
   0.0000000e+00
   0.0000000e+00
   0.0000000e+00
  -2.8094796e-02
  -2.4624210e-02
  -1.9401046e-02
  -1.3823017e-02
  -8.1748627e-03
  -6.3990811e-03
  -9.0112556e-03
  -1.5099377e-02
  -2.1486007e-02
  -2.8050190e-02
  -3.6968723e-02
  -4.6434063e-02
  -4.9398556e-02
  -3.3240378e-02
  -1.5343785e-02
  -2.0821004e-02
  -2.0958125e-02
  -1.5520381e-02
  -7.7495342e-03
  -1.3355061e-02
  -2.4365019e-02
  -4.4787735e-02
  -7.6708473e-02
  -0.0000000e+00
   0.0000000e+00
   0.0000000e+00
   0.0000000e+00
   0.0000000e+00
   0.0000000e+00
   0.0000000e+00
   0.0000000e+00
   0.0000000e+00
   0.0000000e+00
   0.0000000e+00
   0.0000000e+00
   0.0000000e+00
  -0.0000000e+00
  -2.5239430e-02
  -1.7241824e-02
  -1.3962790e-02
  -8.4868744e-03
  -5.1190872e-03
  -5.1396186e-03
  -9.0572694e-03
  -1.3963236e-02
  -1.9059546e-02
  -2.7241012e-02
  -3.9206978e-02
  -4.9329314e-02
  -3.7223741e-02
  -0.0000000e+00
  -8.2536346e-03
  -6.1521435e-03
  -1.0872465e-02
  -5.8067297e-03
  -8.3519295e-03
  -1.6357834e-02
  -3.5520844e-02
  -7.6075844e-02
  -0.0000000e+00
   0.0000000e+00
   0.0000000e+00
   0.0000000e+00
   0.0000000e+00
   0.0000000e+00
   0.0000000e+00
   0.0000000e+00
   0.0000000e+00
   0.0000000e+00
   0.0000000e+00
   0.0000000e+00
   0.0000000e+00
   0.0000000e+00
  -2.6128599e-02
  -1.3593942e-02
  -8.2496413e-03
  -3.8826049e-03
  -1.6764902e-03
  -1.5229373e-03
  -4.0431158e-03
  -7.7995975e-03
  -1.1646939e-02
  -1.8477209e-02
  -3.2289199e-02
  -5.0068674e-02
  -3.9339119e-02
  -0.0000000e+00
   0.0000000e+00
  -4.4489725e-03
  -4.3529043e-03
  -1.9981710e-03
  -4.2406963e-03
  -9.2656387e-03
  -2.2905934e-02
  -5.8995270e-02
  -8.2424389e-02
   0.0000000e+00
   0.0000000e+00
   0.0000000e+00
   0.0000000e+00
   0.0000000e+00
   0.0000000e+00
   0.0000000e+00
   0.0000000e+00
   0.0000000e+00
   0.0000000e+00
   0.0000000e+00
   0.0000000e+00
   0.0000000e+00
  -2.6737320e-02
  -1.7151019e-02
  -3.7275692e-03
   5.8204639e-03
   7.7746822e-03
   5.9784241e-03
   2.6705479e-03
  -8.1403682e-04
  -4.1454262e-03
  -1.0338989e-02
  -2.5414746e-02
  -4.9482428e-02
  -4.9565017e-02
   0.0000000e+00
   0.0000000e+00
   0.0000000e+00
   3.2904535e-03
   7.8816508e-04
   3.3746252e-04
  -3.7540125e-03
  -1.2698428e-02
  -3.9543126e-02
  -7.2423816e-02
   0.0000000e+00
   0.0000000e+00
   0.0000000e+00
   0.0000000e+00
   0.0000000e+00
   0.0000000e+00
   0.0000000e+00
   0.0000000e+00
   0.0000000e+00
   0.0000000e+00
   0.0000000e+00
   0.0000000e+00
   0.0000000e+00
  -2.4636741e-02
  -2.4391218e-02
  -1.3420785e-02
   1.0310601e-02
   1.8504992e-02
   1.7068896e-02
   1.2254202e-02
   8.1802970e-03
   4.6704356e-03
  -1.4488157e-03
  -1.7718572e-02
  -4.6034191e-02
  -0.0000000e+00
   0.0000000e+00
   0.0000000e+00
   0.0000000e+00
   0.0000000e+00
   1.0363241e-02
   7.5269630e-03
   3.2230983e-03
  -4.2122304e-03
  -2.3258159e-02
  -5.4911401e-02
   0.0000000e+00
   0.0000000e+00
  -0.0000000e+00
  -0.0000000e+00
   0.0000000e+00
   0.0000000e+00
   0.0000000e+00
   0.0000000e+00
   0.0000000e+00
   0.0000000e+00
   0.0000000e+00
   0.0000000e+00
   0.0000000e+00
  -0.0000000e+00
  -3.2199379e-02
  -2.7280185e-02
   3.9545456e-03
   2.0021358e-02
   2.3620341e-02
   2.0604854e-02
   1.7187027e-02
   1.3721454e-02
   7.6605277e-03
  -8.9063746e-03
  -3.9432607e-02
   0.0000000e+00
   0.0000000e+00
   0.0000000e+00
   0.0000000e+00
   0.0000000e+00
   1.8506602e-02
   1.4986448e-02
   8.6522018e-03
   1.5559111e-03
  -1.2471797e-02
  -3.7641977e-02
   0.0000000e+00
  -0.0000000e+00
  -0.0000000e+00
   0.0000000e+00
   0.0000000e+00
   0.0000000e+00
   0.0000000e+00
   0.0000000e+00
   0.0000000e+00
   0.0000000e+00
   0.0000000e+00
   0.0000000e+00
   0.0000000e+00
  -0.0000000e+00
  -3.5107629e-02
  -3.4172375e-02
  -5.8696601e-03
   1.5391611e-02
   2.4094351e-02
   2.5042381e-02
   2.3356745e-02
   2.1306902e-02
   1.6981881e-02
   3.4940408e-03
  -1.9205065e-02
   0.0000000e+00
   0.0000000e+00
   0.0000000e+00
   0.0000000e+00
   0.0000000e+00
   1.4646865e-02
   1.5582880e-02
   1.1209160e-02
   6.8869479e-03
  -4.0530995e-03
  -1.8264247e-02
   0.0000000e+00
  -0.0000000e+00
  -0.0000000e+00
   0.0000000e+00
   0.0000000e+00
   0.0000000e+00
   0.0000000e+00
   0.0000000e+00
   0.0000000e+00
   0.0000000e+00
   0.0000000e+00
   0.0000000e+00
   0.0000000e+00
   0.0000000e+00
  -0.0000000e+00
  -3.0793423e-02
  -6.9141369e-03
   1.0453662e-02
   2.0064026e-02
   2.3858031e-02
   2.3023102e-02
   2.2420324e-02
   2.1422600e-02
   1.4485918e-02
   3.2791716e-03
   0.0000000e+00
   0.0000000e+00
   0.0000000e+00
   0.0000000e+00
   0.0000000e+00
   0.0000000e+00
   7.5700306e-03
   1.2312797e-02
   1.2856690e-02
   4.3255417e-03
  -1.3070295e-03
   0.0000000e+00
   0.0000000e+00
   0.0000000e+00
   0.0000000e+00
   0.0000000e+00
   0.0000000e+00
   0.0000000e+00
   0.0000000e+00
   0.0000000e+00
   0.0000000e+00
   0.0000000e+00
   0.0000000e+00
   0.0000000e+00
   0.0000000e+00
  -0.0000000e+00
  -3.9309361e-02
  -1.5370083e-02
  -7.3169555e-03
   5.7532296e-03
   1.1684277e-02
   1.1697454e-02
   1.3699685e-02
   1.9121931e-02
   2.2435170e-02
   0.0000000e+00
   0.0000000e+00
   0.0000000e+00
   0.0000000e+00
   0.0000000e+00
   0.0000000e+00
   0.0000000e+00
  -1.1366298e-02
  -7.5917336e-04
   1.0272690e-02
   1.0317417e-02
   9.3606653e-03
   0.0000000e+00
   0.0000000e+00
   0.0000000e+00
   0.0000000e+00
   0.0000000e+00
   0.0000000e+00
   0.0000000e+00
   0.0000000e+00
   0.0000000e+00
   0.0000000e+00
   0.0000000e+00
   0.0000000e+00
   0.0000000e+00
   0.0000000e+00
   0.0000000e+00
  -0.0000000e+00
  -0.0000000e+00
  -3.7029501e-02
  -2.3556128e-02
  -1.4414436e-02
  -0.0000000e+00
  -0.0000000e+00
   1.3198556e-02
   2.5689861e-02
   0.0000000e+00
   0.0000000e+00
   0.0000000e+00
   0.0000000e+00
   0.0000000e+00
   0.0000000e+00
   0.0000000e+00
  -3.4340713e-02
  -2.1006382e-02
  -9.2384061e-03
   2.6272316e-03
   1.0169896e-02
   2.0351680e-02
   2.9469658e-02
   0.0000000e+00
   0.0000000e+00
   0.0000000e+00
   0.0000000e+00
   0.0000000e+00
   0.0000000e+00
   0.0000000e+00
   0.0000000e+00
   0.0000000e+00
   0.0000000e+00
   0.0000000e+00
   0.0000000e+00
   0.0000000e+00
   0.0000000e+00
   0.0000000e+00
  -0.0000000e+00
  -0.0000000e+00
  -0.0000000e+00
  -0.0000000e+00
   0.0000000e+00
   0.0000000e+00
   0.0000000e+00
   0.0000000e+00
   0.0000000e+00
   0.0000000e+00
   0.0000000e+00
   0.0000000e+00
   0.0000000e+00
   0.0000000e+00
  -3.1802234e-02
  -0.0000000e+00
  -0.0000000e+00
  -3.3969583e-02
  -2.2476898e-02
  -1.0101162e-02
   2.3235174e-02
   0.0000000e+00
   0.0000000e+00
   0.0000000e+00
   0.0000000e+00
   0.0000000e+00
   0.0000000e+00
   0.0000000e+00
   0.0000000e+00
   0.0000000e+00
   0.0000000e+00
   0.0000000e+00
   0.0000000e+00
   0.0000000e+00
   0.0000000e+00
   0.0000000e+00
  -0.0000000e+00
  -0.0000000e+00
  -0.0000000e+00
  -0.0000000e+00
  -0.0000000e+00
  -0.0000000e+00
  -0.0000000e+00
  -0.0000000e+00
   0.0000000e+00
   0.0000000e+00
   0.0000000e+00
   0.0000000e+00
  -0.0000000e+00
  -1.5546643e-02
  -7.9216089e-03
   0.0000000e+00
   0.0000000e+00
  -0.0000000e+00
  -5.4634223e-02
  -3.8584653e-02
  -1.8158047e-02
  -3.0735565e-03
  -1.4566688e-03
  -4.0818017e-03
  -1.7752445e-03
  -4.1827074e-03
  -6.8982069e-03
   0.0000000e+00
   0.0000000e+00
   0.0000000e+00
