   0.0000000e+00
   0.0000000e+00
   0.0000000e+00
   0.0000000e+00
  -0.0000000e+00
  -1.0214641e-02
  -1.2856626e-02
  -1.4168225e-02
  -1.8551832e-02
  -1.8780466e-02
  -1.6519611e-02
  -1.6537012e-02
  -1.6733239e-02
  -1.5158246e-02
  -1.5876878e-02
  -1.7597287e-02
  -1.6161248e-02
  -1.3172276e-02
  -1.7789252e-02
  -2.4175838e-02
   0.0000000e+00
   0.0000000e+00
   0.0000000e+00
   0.0000000e+00
   0.0000000e+00
   0.0000000e+00
   0.0000000e+00
   0.0000000e+00
   0.0000000e+00
   0.0000000e+00
   0.0000000e+00
   0.0000000e+00
   0.0000000e+00
   0.0000000e+00
   0.0000000e+00
   0.0000000e+00
   0.0000000e+00
   0.0000000e+00
   0.0000000e+00
   0.0000000e+00
   0.0000000e+00
   4.7731916e-03
   3.7919104e-03
   6.0445252e-03
   9.2298910e-03
   1.3760828e-02
   1.6614852e-02
   1.9435769e-02
   1.9689988e-02
   1.9171111e-02
   1.7866893e-02
   1.6167264e-02
   1.4639698e-02
   1.2477846e-02
   1.1218730e-02
   6.4314429e-03
   2.0736766e-03
   0.0000000e+00
   0.0000000e+00
   0.0000000e+00
   0.0000000e+00
   0.0000000e+00
   0.0000000e+00
   0.0000000e+00
   0.0000000e+00
   0.0000000e+00
   0.0000000e+00
   0.0000000e+00
   0.0000000e+00
   0.0000000e+00
   0.0000000e+00
   0.0000000e+00
   0.0000000e+00
   0.0000000e+00
   0.0000000e+00
   0.0000000e+00
   2.2784512e-02
   2.5666509e-02
   3.3105552e-02
   4.0119089e-02
   4.9016688e-02
   5.7974358e-02
   6.3517004e-02
   6.5392345e-02
   6.4547963e-02
   6.1670836e-02
   5.8104824e-02
   5.3901927e-02
   5.0578985e-02
   4.7228910e-02
   4.2154944e-02
   3.8333591e-02
   2.5966084e-02
   0.0000000e+00
   0.0000000e+00
   0.0000000e+00
   0.0000000e+00
   0.0000000e+00
   0.0000000e+00
   0.0000000e+00
   0.0000000e+00
   0.0000000e+00
   0.0000000e+00
   0.0000000e+00
   0.0000000e+00
   0.0000000e+00
   0.0000000e+00
   0.0000000e+00
   0.0000000e+00
   0.0000000e+00
   0.0000000e+00
   0.0000000e+00
   4.3941011e-02
   5.8255564e-02
   6.5716646e-02
   7.0890874e-02
   7.8831837e-02
   8.6422023e-02
   9.1142923e-02
   9.2451133e-02
   9.0061497e-02
   8.5922025e-02
   8.2154624e-02
   7.9576781e-02
   7.7466398e-02
   7.4133500e-02
   6.7358232e-02
   5.7623617e-02
   4.5733559e-02
   0.0000000e+00
   0.0000000e+00
   0.0000000e+00
   0.0000000e+00
   0.0000000e+00
   0.0000000e+00
   0.0000000e+00
   0.0000000e+00
   0.0000000e+00
   0.0000000e+00
   0.0000000e+00
   0.0000000e+00
   0.0000000e+00
   0.0000000e+00
   0.0000000e+00
   0.0000000e+00
   0.0000000e+00
   0.0000000e+00
   0.0000000e+00
   8.4986654e-02
   7.6917283e-02
   7.9482146e-02
   8.3100103e-02
   8.5237786e-02
   8.6437382e-02
   8.7787554e-02
   8.8623159e-02
   8.8351652e-02
   8.8077165e-02
   8.7223597e-02
   8.6475611e-02
   8.5531481e-02
   8.2930215e-02
   7.6764278e-02
   6.6549420e-02
   5.1903080e-02
   3.4517767e-02
   0.0000000e+00
   0.0000000e+00
   0.0000000e+00
   0.0000000e+00
   0.0000000e+00
   0.0000000e+00
   0.0000000e+00
   0.0000000e+00
   0.0000000e+00
   0.0000000e+00
   0.0000000e+00
   0.0000000e+00
   0.0000000e+00
   0.0000000e+00
   0.0000000e+00
   0.0000000e+00
   0.0000000e+00
   1.1018164e-01
   1.0967923e-01
   8.8402708e-02
   8.0982184e-02
   7.6467684e-02
   6.9416783e-02
   6.4485773e-02
   6.2903710e-02
   6.4172655e-02
   6.7116297e-02
   7.0926412e-02
   7.3465428e-02
   7.4690206e-02
   7.5345895e-02
   7.3677352e-02
   6.9081492e-02
   6.1217733e-02
   4.9385914e-02
   3.1678084e-02
   0.0000000e+00
   0.0000000e+00
   0.0000000e+00
   0.0000000e+00
   0.0000000e+00
   0.0000000e+00
   0.0000000e+00
   0.0000000e+00
   0.0000000e+00
   0.0000000e+00
   0.0000000e+00
   0.0000000e+00
   0.0000000e+00
   0.0000000e+00
   0.0000000e+00
   0.0000000e+00
   0.0000000e+00
   9.7773282e-02
   9.6507020e-02
   8.0083922e-02
   6.4392783e-02
   5.0970193e-02
   3.9237738e-02
   3.2316592e-02
   3.0045997e-02
   3.2287557e-02
   3.7063845e-02
   4.2356815e-02
   4.7095314e-02
   4.9818177e-02
   5.1181268e-02
   5.1626958e-02
   4.9802929e-02
   4.4333018e-02
   3.4018647e-02
   2.9698746e-02
   0.0000000e+00
   0.0000000e+00
   0.0000000e+00
   0.0000000e+00
   0.0000000e+00
   0.0000000e+00
   0.0000000e+00
   0.0000000e+00
   0.0000000e+00
   0.0000000e+00
   0.0000000e+00
   0.0000000e+00
   0.0000000e+00
   0.0000000e+00
   0.0000000e+00
   0.0000000e+00
   0.0000000e+00
   5.8096388e-02
   5.2447561e-02
   3.9434325e-02
   2.3582813e-02
   1.0388321e-02
   8.7002199e-04
  -4.4632279e-03
  -5.3677359e-03
  -2.5264879e-03
   3.0599128e-03
   9.1858385e-03
   1.4804152e-02
   1.8420813e-02
   2.0917941e-02
   2.2826774e-02
   2.2693361e-02
   1.9447312e-02
   8.8052927e-03
   0.0000000e+00
   0.0000000e+00
   0.0000000e+00
   0.0000000e+00
   0.0000000e+00
   0.0000000e+00
   0.0000000e+00
   0.0000000e+00
   0.0000000e+00
   0.0000000e+00
   0.0000000e+00
   4.3915646e-02
   4.6841479e-02
   4.1852888e-02
   0.0000000e+00
  -1.3652781e-02
   0.0000000e+00
  -2.0961806e-02
   7.0204078e-03
   1.7832072e-03
  -7.2203623e-03
  -1.7392755e-02
  -2.5748484e-02
  -3.1064028e-02
  -3.3907838e-02
  -3.3071212e-02
  -2.9807458e-02
  -2.4444079e-02
  -1.7738361e-02
  -1.1277978e-02
  -6.8055126e-03
  -4.4196174e-03
  -3.1426165e-03
  -2.6295392e-03
  -3.7123519e-03
  -1.3538880e-02
  -0.0000000e+00
   0.0000000e+00
   0.0000000e+00
   0.0000000e+00
   0.0000000e+00
   0.0000000e+00
   0.0000000e+00
   0.0000000e+00
   0.0000000e+00
   0.0000000e+00
   0.0000000e+00
   1.9488021e-02
   2.2877896e-02
   1.4363755e-02
   7.5611277e-03
  -2.8920994e-02
  -4.6305723e-02
  -4.3154314e-02
  -3.8339514e-02
  -4.3018911e-02
  -4.7302462e-02
  -5.1902626e-02
  -5.5777133e-02
  -5.7365630e-02
  -5.7781242e-02
  -5.6047872e-02
  -5.2125916e-02
  -4.6525337e-02
  -3.9200924e-02
  -3.2249268e-02
  -2.8029418e-02
  -2.6029821e-02
  -2.5449296e-02
  -2.4331884e-02
  -2.3252860e-02
  -1.8132094e-02
   0.0000000e+00
   0.0000000e+00
   0.0000000e+00
   0.0000000e+00
   0.0000000e+00
   0.0000000e+00
   0.0000000e+00
   0.0000000e+00
   0.0000000e+00
   0.0000000e+00
  -1.2797141e-02
  -4.7205379e-03
  -1.0352748e-02
  -1.7809225e-02
  -2.4990382e-02
  -5.5872735e-02
  -6.4004943e-02
  -6.8106323e-02
  -7.2177461e-02
  -7.4776977e-02
  -7.5519778e-02
  -7.6394184e-02
  -7.7175304e-02
  -7.6442838e-02
  -7.5025944e-02
  -7.2185926e-02
  -6.7178853e-02
  -6.0633969e-02
  -5.3355280e-02
  -4.7292657e-02
  -4.4096666e-02
  -4.3038126e-02
  -4.2842340e-02
  -4.1318024e-02
  -3.7378378e-02
  -1.6107896e-02
   0.0000000e+00
   0.0000000e+00
   0.0000000e+00
   0.0000000e+00
   0.0000000e+00
   0.0000000e+00
   0.0000000e+00
   0.0000000e+00
   0.0000000e+00
   0.0000000e+00
  -1.9652102e-02
  -2.1901533e-02
  -2.9406151e-02
  -3.7297379e-02
  -4.6305768e-02
  -6.3252471e-02
  -7.5353086e-02
  -8.5529186e-02
  -9.2011496e-02
  -9.3217835e-02
  -9.1647938e-02
  -8.9628182e-02
  -8.7723702e-02
  -8.5202187e-02
  -8.2157731e-02
  -7.7621728e-02
  -7.0890620e-02
  -6.4151183e-02
  -5.8989927e-02
  -5.5848524e-02
  -5.5078838e-02
  -5.6105748e-02
  -5.6879379e-02
  -5.5562340e-02
  -4.7184240e-02
  -1.7480567e-02
   0.0000000e+00
   0.0000000e+00
   0.0000000e+00
   0.0000000e+00
   0.0000000e+00
   0.0000000e+00
   0.0000000e+00
   0.0000000e+00
   0.0000000e+00
   0.0000000e+00
  -3.0185873e-02
  -3.2312915e-02
  -3.8488515e-02
  -4.4137605e-02
  -5.2123439e-02
  -5.8496691e-02
  -7.0785448e-02
  -8.4090725e-02
  -9.1573499e-02
  -9.2717387e-02
  -9.0302959e-02
  -8.6898103e-02
  -8.3427727e-02
  -7.9606645e-02
  -7.5811595e-02
  -7.1370400e-02
  -6.6518687e-02
  -6.2760986e-02
  -6.0877256e-02
  -6.1337288e-02
  -6.3249834e-02
  -6.5112203e-02
  -6.5621540e-02
  -6.3227147e-02
  -5.0667319e-02
  -1.9133528e-02
   0.0000000e+00
   0.0000000e+00
   0.0000000e+00
   0.0000000e+00
   0.0000000e+00
   0.0000000e+00
   0.0000000e+00
   0.0000000e+00
   0.0000000e+00
   0.0000000e+00
  -3.7544914e-02
  -3.7104856e-02
  -3.9652467e-02
  -4.3318298e-02
  -4.9968705e-02
  -4.9691416e-02
  -5.8393624e-02
  -6.9117084e-02
  -7.4727751e-02
  -7.4769028e-02
  -7.1651362e-02
  -6.8250582e-02
  -6.4827994e-02
  -6.2219396e-02
  -6.1895721e-02
  -6.3463368e-02
  -6.6666245e-02
  -6.9392696e-02
  -7.1708903e-02
  -7.3885560e-02
  -7.5024679e-02
  -7.4655615e-02
  -7.2643586e-02
  -6.6859297e-02
  -4.8784100e-02
  -1.4650404e-02
   0.0000000e+00
   0.0000000e+00
   0.0000000e+00
   0.0000000e+00
   0.0000000e+00
   0.0000000e+00
   0.0000000e+00
   0.0000000e+00
   0.0000000e+00
  -0.0000000e+00
  -4.3257614e-02
  -4.0990051e-02
  -3.9528754e-02
  -4.1673020e-02
  -4.8088342e-02
  -4.3555696e-02
  -4.3055631e-02
  -4.8617683e-02
  -5.0749253e-02
  -4.9281001e-02
  -4.5442801e-02
  -4.3003295e-02
  -4.2462148e-02
  -4.5067050e-02
  -5.1147249e-02
  -6.0114201e-02
  -7.1320146e-02
  -8.0555104e-02
  -8.6357892e-02
  -8.7785304e-02
  -8.5262984e-02
  -8.0335595e-02
  -7.2800219e-02
  -6.0608491e-02
  -3.7227012e-02
  -1.2655715e-03
   0.0000000e+00
   0.0000000e+00
   0.0000000e+00
   0.0000000e+00
   0.0000000e+00
   0.0000000e+00
   0.0000000e+00
   0.0000000e+00
   0.0000000e+00
  -4.8211986e-02
  -4.7751401e-02
  -4.3382585e-02
  -4.1277979e-02
  -4.2822286e-02
  -5.1506572e-02
  -0.0000000e+00
  -2.7423416e-02
  -2.7734013e-02
  -2.7525704e-02
  -2.6419464e-02
  -2.4978021e-02
  -2.6039420e-02
  -2.9675219e-02
  -3.6714882e-02
  -4.6109099e-02
  -5.7380218e-02
  -6.9969073e-02
  -8.0609769e-02
  -8.8160716e-02
  -9.0312324e-02
  -8.5961744e-02
  -7.6716974e-02
  -6.2828474e-02
  -4.5570932e-02
  -2.0895233e-02
   1.5202969e-02
   0.0000000e+00
   0.0000000e+00
   0.0000000e+00
   0.0000000e+00
   0.0000000e+00
   0.0000000e+00
   0.0000000e+00
   0.0000000e+00
   0.0000000e+00
  -4.9189019e-02
  -4.6849638e-02
  -4.2781446e-02
  -4.1813677e-02
  -0.0000000e+00
   0.0000000e+00
   0.0000000e+00
  -1.2262533e-02
  -1.0864913e-02
  -1.1070983e-02
  -1.3762884e-02
  -1.9198818e-02
  -2.6988652e-02
  -3.5634678e-02
  -4.5472451e-02
  -5.5192146e-02
  -6.4435676e-02
  -7.2035007e-02
  -7.6806732e-02
  -7.9673879e-02
  -7.9164438e-02
  -7.3250309e-02
  -6.1844505e-02
  -4.5193549e-02
  -2.6539052e-02
  -3.9453134e-03
   3.3119520e-02
   0.0000000e+00
   0.0000000e+00
   0.0000000e+00
   0.0000000e+00
   0.0000000e+00
   0.0000000e+00
   0.0000000e+00
   0.0000000e+00
  -4.6574052e-02
  -4.7502490e-02
  -4.4910253e-02
  -3.8445204e-02
  -0.0000000e+00
   0.0000000e+00
   0.0000000e+00
   0.0000000e+00
  -3.9670800e-03
  -2.2724015e-03
  -5.2140237e-03
  -1.3158333e-02
  -2.6208231e-02
  -4.0707520e-02
  -5.4454938e-02
  -6.7798287e-02
  -7.8815115e-02
  -8.6679682e-02
  -8.9771628e-02
  -8.7319521e-02
  -8.0659948e-02
  -7.0668139e-02
  -5.8524634e-02
  -4.4340421e-02
  -2.7507775e-02
  -1.0284885e-02
   9.7816437e-03
   3.6049835e-02
   0.0000000e+00
   0.0000000e+00
   0.0000000e+00
   0.0000000e+00
   0.0000000e+00
   0.0000000e+00
   0.0000000e+00
   0.0000000e+00
  -4.7656176e-02
  -4.3497447e-02
   0.0000000e+00
   0.0000000e+00
   0.0000000e+00
   0.0000000e+00
   0.0000000e+00
   0.0000000e+00
  -3.2711035e-03
   2.6816045e-04
  -3.9111841e-03
  -1.3843558e-02
  -2.9511537e-02
  -4.5841534e-02
  -6.0645957e-02
  -7.4411459e-02
  -8.5385621e-02
  -9.2996679e-02
  -9.5109150e-02
  -9.0543970e-02
  -8.0545098e-02
  -6.6603698e-02
  -5.2197978e-02
  -3.7894621e-02
  -2.2313867e-02
  -5.5676810e-03
   1.4525681e-02
   3.4821603e-02
   0.0000000e+00
   0.0000000e+00
   0.0000000e+00
   0.0000000e+00
   0.0000000e+00
   0.0000000e+00
   0.0000000e+00
   0.0000000e+00
  -0.0000000e+00
  -0.0000000e+00
   0.0000000e+00
   0.0000000e+00
   0.0000000e+00
   0.0000000e+00
   0.0000000e+00
   0.0000000e+00
  -4.7790021e-03
  -5.6732678e-05
  -3.1831779e-03
  -1.1957596e-02
  -2.6231031e-02
  -4.1463411e-02
  -5.5400248e-02
  -6.8444484e-02
  -7.8404081e-02
  -8.4779183e-02
  -8.6713220e-02
  -8.3987189e-02
  -7.7125402e-02
  -6.6558868e-02
  -5.4550994e-02
  -4.0673857e-02
  -2.3944683e-02
  -6.3017354e-03
   1.1773630e-02
   2.6825592e-02
   0.0000000e+00
   0.0000000e+00
   0.0000000e+00
   0.0000000e+00
   0.0000000e+00
   0.0000000e+00
   0.0000000e+00
  -0.0000000e+00
  -0.0000000e+00
   0.0000000e+00
   0.0000000e+00
   0.0000000e+00
   0.0000000e+00
   0.0000000e+00
   0.0000000e+00
   0.0000000e+00
  -1.4249166e-02
  -6.2529659e-03
  -7.0070075e-03
  -1.2622719e-02
  -2.1791736e-02
  -3.2018360e-02
  -4.1933510e-02
  -5.1818483e-02
  -6.0416479e-02
  -6.7508355e-02
  -7.3011085e-02
  -7.6045863e-02
  -7.6562203e-02
  -7.3685959e-02
  -6.7249425e-02
  -5.6115020e-02
  -3.8804863e-02
  -1.9165594e-02
  -6.7205873e-04
   1.2755671e-02
   0.0000000e+00
   0.0000000e+00
   0.0000000e+00
   0.0000000e+00
   0.0000000e+00
   0.0000000e+00
   0.0000000e+00
  -0.0000000e+00
   0.0000000e+00
   0.0000000e+00
   0.0000000e+00
   0.0000000e+00
  -1.2706385e-02
   1.0836687e-02
   0.0000000e+00
  -0.0000000e+00
  -2.0484311e-02
  -1.7148528e-02
  -1.8554254e-02
  -2.3979962e-02
  -3.0349644e-02
  -3.7129782e-02
  -4.5005523e-02
  -5.4652371e-02
  -6.5192610e-02
  -7.6025635e-02
  -8.6306892e-02
  -9.3332939e-02
  -9.7122103e-02
  -9.6831970e-02
  -9.2061996e-02
  -8.1796512e-02
  -6.4334013e-02
  -4.1589323e-02
  -1.7685169e-02
   2.9189170e-04
   0.0000000e+00
   0.0000000e+00
   0.0000000e+00
   0.0000000e+00
   0.0000000e+00
   0.0000000e+00
  -0.0000000e+00
  -4.9265347e-02
  -3.8046114e-02
   0.0000000e+00
   0.0000000e+00
  -4.3188336e-02
  -1.9947052e-02
  -1.3152156e-04
   0.0000000e+00
  -0.0000000e+00
  -2.6088309e-02
  -2.8259601e-02
  -3.4348525e-02
  -4.1932769e-02
  -4.7859028e-02
  -5.3259201e-02
  -5.9786879e-02
  -6.8254247e-02
  -7.8083195e-02
  -8.8916391e-02
  -9.9145576e-02
  -1.0555537e-01
  -1.0844095e-01
  -1.0783769e-01
  -1.0389740e-01
  -9.6114941e-02
  -8.2684070e-02
  -6.1653543e-02
  -3.2684218e-02
  -2.1948988e-02
   0.0000000e+00
   0.0000000e+00
   0.0000000e+00
   0.0000000e+00
   0.0000000e+00
   0.0000000e+00
  -0.0000000e+00
  -4.7220593e-02
  -4.1554858e-02
   0.0000000e+00
  -4.9679962e-02
  -3.9121541e-02
  -2.5447406e-02
  -5.2590292e-03
   0.0000000e+00
  -0.0000000e+00
  -3.3474151e-02
  -4.0994953e-02
  -5.2113560e-02
  -6.1125509e-02
  -6.5860465e-02
  -6.9063938e-02
  -7.2320908e-02
  -7.4661024e-02
  -7.6514876e-02
  -7.9776332e-02
  -8.4489487e-02
  -8.8657793e-02
  -9.1943234e-02
  -9.4480187e-02
  -9.6240129e-02
  -9.6919298e-02
  -9.4329096e-02
  -8.2193626e-02
  -4.7507249e-02
  -0.0000000e+00
  -0.0000000e+00
   0.0000000e+00
   0.0000000e+00
   0.0000000e+00
   0.0000000e+00
   0.0000000e+00
   0.0000000e+00
  -0.0000000e+00
  -0.0000000e+00
  -3.0760400e-02
  -3.2241957e-02
  -2.8820410e-02
  -2.2599074e-02
  -8.5058331e-03
   0.0000000e+00
  -0.0000000e+00
  -4.0692954e-02
  -5.3346887e-02
  -6.6029057e-02
  -7.3270664e-02
  -7.5448394e-02
  -7.6425344e-02
  -7.6728314e-02
  -7.3752470e-02
  -6.7831844e-02
  -6.1741479e-02
  -5.8744654e-02
  -5.9802365e-02
  -6.3674062e-02
  -6.9605038e-02
  -7.6354668e-02
  -8.3674990e-02
  -9.0956673e-02
  -9.5116988e-02
  -7.6804884e-02
   0.0000000e+00
  -0.0000000e+00
   0.0000000e+00
   0.0000000e+00
   0.0000000e+00
   0.0000000e+00
   0.0000000e+00
   0.0000000e+00
   0.0000000e+00
   0.0000000e+00
  -1.3422033e-02
  -1.1598978e-02
  -1.7207053e-02
  -1.9684033e-02
  -1.4892925e-02
   0.0000000e+00
   0.0000000e+00
  -4.4549589e-02
  -5.6855723e-02
  -6.7415491e-02
  -7.1381345e-02
  -7.1987472e-02
  -7.2950274e-02
  -7.3212124e-02
  -7.0177853e-02
  -6.3946135e-02
  -5.5249564e-02
  -4.7229707e-02
  -4.3557420e-02
  -4.4361196e-02
  -4.8923347e-02
  -5.5853985e-02
  -6.4637311e-02
  -7.4705698e-02
  -8.5513137e-02
  -9.4612978e-02
  -5.6642601e-02
  -5.0501041e-02
   0.0000000e+00
   0.0000000e+00
   0.0000000e+00
   0.0000000e+00
   0.0000000e+00
   0.0000000e+00
   0.0000000e+00
   0.0000000e+00
  -0.0000000e+00
  -3.8469911e-03
  -8.0453539e-03
  -1.5715344e-02
  -1.7351770e-02
   0.0000000e+00
   0.0000000e+00
  -3.5048566e-02
  -4.5103444e-02
  -5.0995407e-02
  -5.2828559e-02
  -5.5022375e-02
  -5.8138617e-02
  -6.0529884e-02
  -6.0558029e-02
  -5.7726965e-02
  -5.1627481e-02
  -4.3800364e-02
  -3.8023903e-02
  -3.5544820e-02
  -3.6224923e-02
  -3.9256605e-02
  -4.4503173e-02
  -5.2221102e-02
  -6.1490454e-02
  -7.3040812e-02
  -6.0208363e-02
  -4.6209140e-02
   0.0000000e+00
   0.0000000e+00
   0.0000000e+00
   0.0000000e+00
   0.0000000e+00
   0.0000000e+00
   0.0000000e+00
   0.0000000e+00
   0.0000000e+00
   0.0000000e+00
   4.1842311e-03
  -2.2985625e-03
  -6.4655290e-03
   0.0000000e+00
   0.0000000e+00
  -1.5221761e-02
  -1.5026541e-02
  -1.6861394e-02
  -1.9989323e-02
  -2.7222944e-02
  -3.4368444e-02
  -3.9861444e-02
  -4.3157041e-02
  -4.3807223e-02
  -4.1813865e-02
  -3.7676223e-02
  -3.3829547e-02
  -3.0817216e-02
  -2.8715001e-02
  -2.7540453e-02
  -2.7479598e-02
  -2.9767415e-02
  -3.5239365e-02
  -4.1648772e-02
  -3.7066773e-02
  -2.8657395e-02
   0.0000000e+00
   0.0000000e+00
   0.0000000e+00
   0.0000000e+00
   0.0000000e+00
   0.0000000e+00
   0.0000000e+00
   0.0000000e+00
   0.0000000e+00
   0.0000000e+00
   1.6866728e-02
   1.7474309e-02
   1.3439870e-02
   0.0000000e+00
   0.0000000e+00
   0.0000000e+00
   3.1804435e-02
   3.6055353e-02
   2.8919917e-02
   1.4782563e-02
   2.0392891e-03
  -7.1182474e-03
  -1.2951904e-02
  -1.6290538e-02
  -1.8111503e-02
  -1.8694308e-02
  -1.8351628e-02
  -1.6732575e-02
  -1.3573854e-02
  -9.6852556e-03
  -6.1496887e-03
  -4.0710629e-03
  -5.3070476e-03
  -8.3241053e-03
  -5.2587554e-03
  -0.0000000e+00
   0.0000000e+00
   0.0000000e+00
   0.0000000e+00
   0.0000000e+00
   0.0000000e+00
   0.0000000e+00
   0.0000000e+00
   0.0000000e+00
   0.0000000e+00
   0.0000000e+00
   0.0000000e+00
   0.0000000e+00
   0.0000000e+00
   0.0000000e+00
   0.0000000e+00
   0.0000000e+00
   7.0558072e-02
   8.5118276e-02
   7.6311074e-02
   5.8689825e-02
   4.4110692e-02
   3.3525195e-02
   2.6538683e-02
   2.2002480e-02
   1.8349921e-02
   1.4822776e-02
   1.2504250e-02
   1.2263057e-02
   1.4544907e-02
   1.9188636e-02
   2.3991767e-02
   2.7464503e-02
   2.8260839e-02
   2.6291989e-02
   2.4599387e-02
   0.0000000e+00
   0.0000000e+00
   0.0000000e+00
   0.0000000e+00
   0.0000000e+00
   0.0000000e+00
   0.0000000e+00
   0.0000000e+00
   0.0000000e+00
   0.0000000e+00
   0.0000000e+00
   0.0000000e+00
   0.0000000e+00
   0.0000000e+00
   0.0000000e+00
   0.0000000e+00
   0.0000000e+00
   0.0000000e+00
   9.2823468e-02
   8.6316846e-02
   7.9532169e-02
   7.5387262e-02
   7.1535483e-02
   6.8548098e-02
   6.6835523e-02
   6.4586066e-02
   6.2024042e-02
   5.9633154e-02
   5.8797266e-02
   6.0296386e-02
   6.3896619e-02
   6.7928165e-02
   7.1111359e-02
   7.1983054e-02
   6.9013700e-02
   6.3913445e-02
   4.8820227e-02
   6.1944537e-02
   0.0000000e+00
   0.0000000e+00
   0.0000000e+00
   0.0000000e+00
   0.0000000e+00
   0.0000000e+00
   0.0000000e+00
   0.0000000e+00
   0.0000000e+00
   0.0000000e+00
   0.0000000e+00
   0.0000000e+00
   0.0000000e+00
   0.0000000e+00
   0.0000000e+00
   0.0000000e+00
   4.8394104e-02
   5.5185914e-02
   7.0977919e-02
   8.1838360e-02
   8.8119484e-02
   9.3863420e-02
   9.8097439e-02
   1.0054849e-01
   1.0244582e-01
   1.0332324e-01
   1.0495187e-01
   1.0704502e-01
   1.0942126e-01
   1.1167274e-01
   1.1309803e-01
   1.1215274e-01
   1.0715330e-01
   1.0406357e-01
   8.6140504e-02
   7.6642046e-02
   0.0000000e+00
   0.0000000e+00
   0.0000000e+00
   0.0000000e+00
   0.0000000e+00
   0.0000000e+00
   0.0000000e+00
   0.0000000e+00
   0.0000000e+00
   0.0000000e+00
   0.0000000e+00
   0.0000000e+00
   0.0000000e+00
   0.0000000e+00
   0.0000000e+00
   2.3076412e-02
   2.4326665e-02
   3.9587188e-02
   6.1574992e-02
   7.9405732e-02
   9.3745556e-02
   1.0558817e-01
   1.1388884e-01
   1.2027163e-01
   1.2541291e-01
   1.2923162e-01
   1.3284588e-01
   1.3653229e-01
   1.3901949e-01
   1.4003584e-01
   1.3903309e-01
   1.3506217e-01
   1.2671337e-01
   1.1598227e-01
   1.0078635e-01
   7.6132586e-02
   6.5265859e-02
   4.0464831e-02
   3.4930962e-02
   0.0000000e+00
   0.0000000e+00
   0.0000000e+00
   0.0000000e+00
   0.0000000e+00
   0.0000000e+00
   0.0000000e+00
  -1.7830419e-02
  -1.0181089e-02
   0.0000000e+00
   3.1941574e-02
   4.2244294e-02
   3.8068570e-02
   3.3256836e-02
   4.0404242e-02
   5.3948015e-02
   6.8445227e-02
   8.3233669e-02
   9.7012207e-02
   1.0712928e-01
   1.1362301e-01
   1.1767317e-01
   1.2145205e-01
   1.2560230e-01
   1.2957530e-01
   1.3171630e-01
   1.3129249e-01
   1.2787664e-01
   1.2106487e-01
   1.1017257e-01
   9.5100602e-02
   0.0000000e+00
   6.0360042e-02
   5.0612344e-02
   4.1620391e-02
   3.2374844e-02
   0.0000000e+00
   0.0000000e+00
   0.0000000e+00
   0.0000000e+00
   0.0000000e+00
   0.0000000e+00
   0.0000000e+00
  -6.6165123e-03
   4.9046730e-04
   1.3741303e-02
   3.0924840e-02
   3.2688264e-02
   3.0121451e-02
   2.7454572e-02
   2.7600417e-02
   3.1330597e-02
   3.7967346e-02
   4.6473082e-02
   5.5718970e-02
   6.3248522e-02
   6.8165287e-02
   7.1925439e-02
   7.5044966e-02
   7.7942334e-02
   7.9862051e-02
   8.0270601e-02
   7.8748211e-02
   7.5287059e-02
   6.9398469e-02
   6.1449245e-02
   4.9146721e-02
   3.5161589e-02
   2.5989347e-02
   2.4056327e-02
   2.2957165e-02
   0.0000000e+00
   0.0000000e+00
   0.0000000e+00
   0.0000000e+00
   0.0000000e+00
   0.0000000e+00
   0.0000000e+00
   0.0000000e+00
   1.7488924e-02
   2.3566242e-02
   2.7492456e-02
   2.0507798e-02
   1.6621938e-02
   1.2166180e-02
   8.1730625e-03
   4.9436456e-03
   3.2095865e-03
   3.8324511e-03
   5.2209911e-03
   7.4120089e-03
   9.3875146e-03
   1.1214925e-02
   1.2662381e-02
   1.4283455e-02
   1.4462289e-02
   1.4690875e-02
   1.3232692e-02
   1.2412818e-02
   9.6090166e-03
   8.3958628e-03
   6.7401277e-03
   7.8700492e-03
   9.4574239e-03
   1.0115166e-02
   0.0000000e+00
   0.0000000e+00
   0.0000000e+00
   0.0000000e+00
   0.0000000e+00
   0.0000000e+00
   0.0000000e+00
   0.0000000e+00
   0.0000000e+00
   2.1419028e-02
   2.3489477e-02
   2.2382991e-02
   2.2129007e-02
