   0.0000000e+00
   0.0000000e+00
   0.0000000e+00
   0.0000000e+00
  -0.0000000e+00
  -5.0799708e-03
  -5.8091453e-03
  -5.6672618e-03
  -5.2159388e-03
  -2.8599267e-03
  -1.1371362e-03
  -7.1237140e-04
  -1.4568300e-04
  -3.1736140e-04
  -1.2499114e-03
  -2.1886071e-03
  -2.1261148e-03
  -2.1267509e-03
  -6.5415990e-03
  -7.8205557e-03
   0.0000000e+00
   0.0000000e+00
   0.0000000e+00
   0.0000000e+00
   0.0000000e+00
   0.0000000e+00
   0.0000000e+00
   0.0000000e+00
   0.0000000e+00
   0.0000000e+00
   0.0000000e+00
   0.0000000e+00
   0.0000000e+00
   0.0000000e+00
   0.0000000e+00
   0.0000000e+00
   0.0000000e+00
   0.0000000e+00
   0.0000000e+00
   0.0000000e+00
   0.0000000e+00
   1.6123200e-02
   1.8880807e-02
   2.5704343e-02
   3.2169051e-02
   3.8391631e-02
   4.2842183e-02
   4.3545879e-02
   4.3222290e-02
   4.0826395e-02
   3.7988093e-02
   3.4829583e-02
   3.2029513e-02
   2.8522477e-02
   2.5638832e-02
   1.6650746e-02
   0.0000000e+00
   0.0000000e+00
   0.0000000e+00
   0.0000000e+00
   0.0000000e+00
   0.0000000e+00
   0.0000000e+00
   0.0000000e+00
   0.0000000e+00
   0.0000000e+00
   0.0000000e+00
   0.0000000e+00
   0.0000000e+00
   0.0000000e+00
   0.0000000e+00
   0.0000000e+00
   0.0000000e+00
   0.0000000e+00
   0.0000000e+00
   0.0000000e+00
   3.5538944e-02
   4.6653252e-02
   5.3072117e-02
   6.1684851e-02
   7.1861468e-02
   7.9501890e-02
   8.2394987e-02
   8.2073040e-02
   7.8798085e-02
   7.4680917e-02
   7.0817254e-02
   6.7224823e-02
   6.4562187e-02
   5.9808306e-02
   5.2769393e-02
   4.4745147e-02
   2.8595380e-02
   0.0000000e+00
   0.0000000e+00
   0.0000000e+00
   0.0000000e+00
   0.0000000e+00
   0.0000000e+00
   0.0000000e+00
   0.0000000e+00
   0.0000000e+00
   0.0000000e+00
   0.0000000e+00
   0.0000000e+00
   0.0000000e+00
   0.0000000e+00
   0.0000000e+00
   0.0000000e+00
   0.0000000e+00
   0.0000000e+00
   0.0000000e+00
   6.7095275e-02
   7.3427774e-02
   7.7652745e-02
   8.2377426e-02
   8.7481275e-02
   9.1863431e-02
   9.4000153e-02
   9.3558893e-02
   9.0841040e-02
   8.8288121e-02
   8.6336114e-02
   8.4710099e-02
   8.2673028e-02
   7.8475744e-02
   6.9260798e-02
   5.7066049e-02
   4.4109913e-02
   0.0000000e+00
   0.0000000e+00
   0.0000000e+00
   0.0000000e+00
   0.0000000e+00
   0.0000000e+00
   0.0000000e+00
   0.0000000e+00
   0.0000000e+00
   0.0000000e+00
   0.0000000e+00
   0.0000000e+00
   0.0000000e+00
   0.0000000e+00
   0.0000000e+00
   0.0000000e+00
   0.0000000e+00
   0.0000000e+00
   0.0000000e+00
   9.1408499e-02
   8.0433369e-02
   8.1663169e-02
   8.0913089e-02
   7.8266308e-02
   7.6981373e-02
   7.7399157e-02
   7.8470103e-02
   8.0728166e-02
   8.2189076e-02
   8.2514517e-02
   8.2743905e-02
   8.1880674e-02
   7.8127570e-02
   7.0345141e-02
   5.9259094e-02
   4.1694618e-02
   0.0000000e+00
   0.0000000e+00
   0.0000000e+00
   0.0000000e+00
   0.0000000e+00
   0.0000000e+00
   0.0000000e+00
   0.0000000e+00
   0.0000000e+00
   0.0000000e+00
   0.0000000e+00
   0.0000000e+00
   0.0000000e+00
   0.0000000e+00
   0.0000000e+00
   0.0000000e+00
   0.0000000e+00
   0.0000000e+00
   1.0982980e-01
   9.8080997e-02
   8.1810263e-02
   7.0766692e-02
   6.0797434e-02
   5.1963392e-02
   4.7503668e-02
   4.7362389e-02
   5.0362005e-02
   5.5027894e-02
   5.9475984e-02
   6.2461849e-02
   6.4028274e-02
   6.4217322e-02
   6.2481258e-02
   5.7469867e-02
   4.8682863e-02
   3.6098397e-02
   0.0000000e+00
   0.0000000e+00
   0.0000000e+00
   0.0000000e+00
   0.0000000e+00
   0.0000000e+00
   0.0000000e+00
   0.0000000e+00
   0.0000000e+00
   0.0000000e+00
   0.0000000e+00
   0.0000000e+00
   0.0000000e+00
   0.0000000e+00
   0.0000000e+00
   0.0000000e+00
   0.0000000e+00
   0.0000000e+00
   8.2991019e-02
   7.1313068e-02
   5.5494271e-02
   3.8494255e-02
   2.6081145e-02
   1.7160362e-02
   1.2854312e-02
   1.3305658e-02
   1.7536374e-02
   2.3602873e-02
   2.9155459e-02
   3.3289585e-02
   3.5731133e-02
   3.7496280e-02
   3.7996847e-02
   3.5599548e-02
   2.8382810e-02
   2.0762668e-02
   0.0000000e+00
   0.0000000e+00
   0.0000000e+00
   0.0000000e+00
   0.0000000e+00
   0.0000000e+00
   0.0000000e+00
   0.0000000e+00
   0.0000000e+00
   0.0000000e+00
   0.0000000e+00
   0.0000000e+00
   0.0000000e+00
   0.0000000e+00
   0.0000000e+00
   0.0000000e+00
   0.0000000e+00
   0.0000000e+00
   2.8772580e-02
   2.0407941e-02
   7.8659318e-03
  -4.9707615e-03
  -1.3595508e-02
  -1.9359220e-02
  -2.1273872e-02
  -1.9626474e-02
  -1.5432790e-02
  -8.9464821e-03
  -2.7704643e-03
   2.4096717e-03
   5.8342014e-03
   7.8847855e-03
   8.9178188e-03
   8.2589975e-03
   2.8569904e-03
  -8.5537136e-03
   0.0000000e+00
   0.0000000e+00
   0.0000000e+00
   0.0000000e+00
   0.0000000e+00
   0.0000000e+00
   0.0000000e+00
   0.0000000e+00
   0.0000000e+00
   0.0000000e+00
   0.0000000e+00
   3.7698627e-02
   3.5423609e-02
   2.0397165e-02
   1.4130246e-02
  -1.1784924e-02
   0.0000000e+00
  -1.5869027e-02
  -1.7102823e-02
  -2.2698091e-02
  -3.0066684e-02
  -3.7476148e-02
  -4.2034511e-02
  -4.4666417e-02
  -4.5022324e-02
  -4.2461880e-02
  -3.8178556e-02
  -3.1490669e-02
  -2.4537785e-02
  -1.8787375e-02
  -1.5352111e-02
  -1.4036069e-02
  -1.3368541e-02
  -1.2695156e-02
  -1.4990667e-02
  -2.1197435e-02
   0.0000000e+00
   0.0000000e+00
   0.0000000e+00
   0.0000000e+00
   0.0000000e+00
   0.0000000e+00
   0.0000000e+00
   0.0000000e+00
   0.0000000e+00
   0.0000000e+00
   0.0000000e+00
   9.2808148e-03
   2.6568226e-03
  -2.5378009e-03
  -1.2082372e-02
  -5.0494380e-02
  -5.4447643e-02
  -5.6896284e-02
  -6.1474618e-02
  -6.3896336e-02
  -6.5850243e-02
  -6.8427548e-02
  -6.9396026e-02
  -6.9070719e-02
  -6.7640565e-02
  -6.4245358e-02
  -5.9268057e-02
  -5.1912837e-02
  -4.4718325e-02
  -3.9558172e-02
  -3.6812846e-02
  -3.6101345e-02
  -3.5384931e-02
  -3.3294331e-02
  -2.6204471e-02
  -7.4276063e-03
   0.0000000e+00
   0.0000000e+00
   0.0000000e+00
   0.0000000e+00
   0.0000000e+00
   0.0000000e+00
   0.0000000e+00
   0.0000000e+00
   0.0000000e+00
   0.0000000e+00
  -1.4720953e-02
  -1.8913157e-02
  -2.7130920e-02
  -3.5108697e-02
  -4.3481085e-02
  -6.7621842e-02
  -7.5978883e-02
  -8.1482247e-02
  -8.5487098e-02
  -8.5586675e-02
  -8.4855214e-02
  -8.4439032e-02
  -8.3327241e-02
  -8.1590779e-02
  -7.8704014e-02
  -7.3959343e-02
  -6.7489088e-02
  -6.0124855e-02
  -5.4383960e-02
  -5.0788909e-02
  -4.9555603e-02
  -4.9968727e-02
  -4.9589779e-02
  -4.6693027e-02
  -3.1192428e-02
  -4.4362363e-03
   0.0000000e+00
   0.0000000e+00
   0.0000000e+00
   0.0000000e+00
   0.0000000e+00
   0.0000000e+00
   0.0000000e+00
   0.0000000e+00
   0.0000000e+00
   0.0000000e+00
  -2.5410099e-02
  -3.0969864e-02
  -3.8702730e-02
  -4.6076331e-02
  -5.5797022e-02
  -6.7996949e-02
  -8.0617972e-02
  -9.0644546e-02
  -9.5087320e-02
  -9.3990244e-02
  -9.1417067e-02
  -8.8320106e-02
  -8.5482076e-02
  -8.2126632e-02
  -7.7645488e-02
  -7.2044492e-02
  -6.5884836e-02
  -6.1051074e-02
  -5.8688920e-02
  -5.8471803e-02
  -6.0008742e-02
  -6.1471395e-02
  -6.1482999e-02
  -5.6597237e-02
  -3.4288876e-02
  -7.7015129e-03
   0.0000000e+00
   0.0000000e+00
   0.0000000e+00
   0.0000000e+00
   0.0000000e+00
   0.0000000e+00
   0.0000000e+00
   0.0000000e+00
   0.0000000e+00
   0.0000000e+00
  -3.4310228e-02
  -3.7365641e-02
  -4.1614380e-02
  -4.7459166e-02
  -5.5516135e-02
  -5.9008546e-02
  -7.1346186e-02
  -8.1448592e-02
  -8.5310861e-02
  -8.3717711e-02
  -8.0648087e-02
  -7.6656461e-02
  -7.2992936e-02
  -6.9849983e-02
  -6.7488596e-02
  -6.6031002e-02
  -6.5170728e-02
  -6.4964399e-02
  -6.6097371e-02
  -6.8213440e-02
  -7.0022017e-02
  -7.0246480e-02
  -6.8686977e-02
  -6.0331576e-02
  -3.3684105e-02
  -8.0877179e-03
   0.0000000e+00
   0.0000000e+00
   0.0000000e+00
   0.0000000e+00
   0.0000000e+00
   0.0000000e+00
   0.0000000e+00
   0.0000000e+00
   0.0000000e+00
  -0.0000000e+00
  -3.9901079e-02
  -3.9413203e-02
  -4.0178772e-02
  -4.5269635e-02
  -5.0596058e-02
  -4.7706667e-02
  -5.6831036e-02
  -6.2970415e-02
  -6.4972185e-02
  -6.2186934e-02
  -5.8714360e-02
  -5.5678476e-02
  -5.4007199e-02
  -5.4820564e-02
  -5.8984209e-02
  -6.5386519e-02
  -7.2146669e-02
  -7.7286966e-02
  -8.0012470e-02
  -8.0637217e-02
  -7.9288438e-02
  -7.6413900e-02
  -7.1192592e-02
  -5.7025395e-02
  -2.6199903e-02
  -1.7540704e-04
   0.0000000e+00
   0.0000000e+00
   0.0000000e+00
   0.0000000e+00
   0.0000000e+00
   0.0000000e+00
   0.0000000e+00
   0.0000000e+00
   0.0000000e+00
  -0.0000000e+00
  -4.4342216e-02
  -4.1311163e-02
  -3.9837185e-02
  -4.6930816e-02
  -4.8703186e-02
  -3.5416216e-02
  -3.6634792e-02
  -3.8252931e-02
  -3.8119171e-02
  -3.5181236e-02
  -3.2770343e-02
  -3.2965943e-02
  -3.6293745e-02
  -4.3040473e-02
  -5.3229146e-02
  -6.5202668e-02
  -7.7202506e-02
  -8.6955637e-02
  -9.1270782e-02
  -8.9987755e-02
  -8.3890766e-02
  -7.4693672e-02
  -6.2365208e-02
  -4.2456053e-02
  -9.6998755e-03
   1.7482776e-02
   0.0000000e+00
   0.0000000e+00
   0.0000000e+00
   0.0000000e+00
   0.0000000e+00
   0.0000000e+00
   0.0000000e+00
   0.0000000e+00
   0.0000000e+00
  -4.8970210e-02
  -4.5508917e-02
  -4.2400852e-02
  -4.2541916e-02
  -4.4884053e-02
  -4.8840348e-02
  -0.0000000e+00
  -1.7579735e-02
  -1.6956136e-02
  -1.7146245e-02
  -1.8259294e-02
  -2.1377534e-02
  -2.7218951e-02
  -3.4515772e-02
  -4.3563701e-02
  -5.4201871e-02
  -6.4605914e-02
  -7.3610425e-02
  -8.1163712e-02
  -8.5037999e-02
  -8.3554372e-02
  -7.5320296e-02
  -6.2040936e-02
  -4.5236316e-02
  -2.3601355e-02
   6.6269059e-03
   4.1078824e-02
   0.0000000e+00
   0.0000000e+00
   0.0000000e+00
   0.0000000e+00
   0.0000000e+00
   0.0000000e+00
   0.0000000e+00
   0.0000000e+00
  -0.0000000e+00
  -4.7547996e-02
  -4.2803448e-02
  -4.0655472e-02
   0.0000000e+00
   0.0000000e+00
   0.0000000e+00
   0.0000000e+00
  -6.0799377e-03
  -6.1785099e-03
  -9.5938304e-03
  -1.7013485e-02
  -2.7394745e-02
  -3.9590158e-02
  -5.0796423e-02
  -6.1788190e-02
  -7.1707934e-02
  -7.8332916e-02
  -8.1099436e-02
  -8.0601446e-02
  -7.7357844e-02
  -7.0856854e-02
  -5.9470061e-02
  -4.4489767e-02
  -2.7276589e-02
  -7.2984272e-03
   1.7820524e-02
   4.5973149e-02
   0.0000000e+00
   0.0000000e+00
   0.0000000e+00
   0.0000000e+00
   0.0000000e+00
   0.0000000e+00
   0.0000000e+00
  -0.0000000e+00
  -4.8070401e-02
  -4.4073086e-02
  -4.1410835e-02
  -3.4361410e-02
   0.0000000e+00
   0.0000000e+00
   0.0000000e+00
   0.0000000e+00
  -1.6784651e-03
  -2.0783129e-03
  -8.7376860e-03
  -2.0831260e-02
  -3.6174900e-02
  -5.2206145e-02
  -6.6003821e-02
  -7.8434950e-02
  -8.8619326e-02
  -9.3977813e-02
  -9.3518022e-02
  -8.6470929e-02
  -7.5277498e-02
  -6.1975777e-02
  -4.7138816e-02
  -3.2310929e-02
  -1.6545692e-02
   2.6234530e-03
   2.5277846e-02
   4.0318652e-02
   0.0000000e+00
   0.0000000e+00
   0.0000000e+00
   0.0000000e+00
   0.0000000e+00
   0.0000000e+00
   0.0000000e+00
  -0.0000000e+00
  -4.1432773e-02
  -3.9199874e-02
   0.0000000e+00
   0.0000000e+00
   0.0000000e+00
   0.0000000e+00
   0.0000000e+00
   0.0000000e+00
  -1.1458280e-03
  -6.2772025e-04
  -7.6150568e-03
  -2.0296087e-02
  -3.6174338e-02
  -5.2261998e-02
  -6.5805964e-02
  -7.7641962e-02
  -8.7006514e-02
  -9.1357250e-02
  -9.0253067e-02
  -8.3382522e-02
  -7.2515598e-02
  -5.9537609e-02
  -4.5166521e-02
  -3.0576803e-02
  -1.4640121e-02
   4.6294247e-03
   2.3698804e-02
   3.5098638e-02
   0.0000000e+00
   0.0000000e+00
   0.0000000e+00
   0.0000000e+00
   0.0000000e+00
   0.0000000e+00
   0.0000000e+00
  -0.0000000e+00
  -0.0000000e+00
   0.0000000e+00
   0.0000000e+00
   0.0000000e+00
   0.0000000e+00
   0.0000000e+00
   0.0000000e+00
  -0.0000000e+00
  -5.3811123e-03
  -2.7669519e-03
  -7.3433472e-03
  -1.6949009e-02
  -2.9322147e-02
  -4.2528436e-02
  -5.4017153e-02
  -6.4264998e-02
  -7.2366804e-02
  -7.7011041e-02
  -7.8729078e-02
  -7.7214599e-02
  -7.2372206e-02
  -6.4790510e-02
  -5.3543821e-02
  -3.8804978e-02
  -2.1083364e-02
  -1.8141007e-03
   1.4099448e-02
   2.1271324e-02
   0.0000000e+00
   0.0000000e+00
   0.0000000e+00
   0.0000000e+00
   0.0000000e+00
   0.0000000e+00
   0.0000000e+00
  -0.0000000e+00
   0.0000000e+00
   0.0000000e+00
   0.0000000e+00
   0.0000000e+00
   0.0000000e+00
   0.0000000e+00
   0.0000000e+00
  -0.0000000e+00
  -1.3219250e-02
  -1.0451086e-02
  -1.3384097e-02
  -1.9932855e-02
  -2.7690731e-02
  -3.6744963e-02
  -4.5586787e-02
  -5.4844461e-02
  -6.4383067e-02
  -7.2620831e-02
  -7.9205193e-02
  -8.3512902e-02
  -8.4394544e-02
  -8.1591211e-02
  -7.3569097e-02
  -5.9719283e-02
  -4.0383339e-02
  -1.7467599e-02
   1.1640143e-03
   1.1079956e-02
   0.0000000e+00
   0.0000000e+00
   0.0000000e+00
   0.0000000e+00
   0.0000000e+00
   0.0000000e+00
  -0.0000000e+00
  -0.0000000e+00
   0.0000000e+00
   0.0000000e+00
   0.0000000e+00
   0.0000000e+00
  -4.6200727e-03
   1.2880463e-02
   0.0000000e+00
  -0.0000000e+00
  -2.2400625e-02
  -2.3608131e-02
  -2.9273616e-02
  -3.5523307e-02
  -4.1240469e-02
  -4.8227437e-02
  -5.6600731e-02
  -6.6878133e-02
  -7.9032883e-02
  -9.0562023e-02
  -9.9766403e-02
  -1.0542226e-01
  -1.0670335e-01
  -1.0404033e-01
  -9.6462712e-02
  -8.3470352e-02
  -6.4739883e-02
  -3.7647478e-02
  -1.6701501e-02
   8.4822582e-03
   0.0000000e+00
   0.0000000e+00
   0.0000000e+00
   0.0000000e+00
   0.0000000e+00
   0.0000000e+00
  -0.0000000e+00
  -4.3292087e-02
  -4.2397448e-02
  -0.0000000e+00
  -4.5088447e-02
  -3.6912405e-02
  -1.1703622e-02
   2.4166992e-03
   0.0000000e+00
  -0.0000000e+00
  -3.2070909e-02
  -3.9145619e-02
  -4.9427450e-02
  -5.6023814e-02
  -6.0576398e-02
  -6.5343216e-02
  -7.0443198e-02
  -7.5984210e-02
  -8.3076410e-02
  -9.0748474e-02
  -9.7139068e-02
  -1.0123748e-01
  -1.0281593e-01
  -1.0258491e-01
  -1.0015634e-01
  -9.4892040e-02
  -8.3943449e-02
  -5.7572320e-02
  -3.0456037e-02
   0.0000000e+00
   0.0000000e+00
   0.0000000e+00
   0.0000000e+00
   0.0000000e+00
   0.0000000e+00
   0.0000000e+00
   0.0000000e+00
  -4.1415591e-02
  -3.6480486e-02
  -3.8273252e-02
  -3.9216172e-02
  -3.0159453e-02
  -1.4351907e-02
  -1.3841593e-03
   0.0000000e+00
  -0.0000000e+00
  -4.1973241e-02
  -5.3298645e-02
  -6.5026999e-02
  -7.0599370e-02
  -7.2815105e-02
  -7.4879669e-02
  -7.5460576e-02
  -7.3551610e-02
  -7.1019068e-02
  -7.0808992e-02
  -7.3015645e-02
  -7.6825619e-02
  -8.1066981e-02
  -8.5525379e-02
  -9.0315409e-02
  -9.4044775e-02
  -9.4777904e-02
  -8.0029808e-02
  -4.6857096e-02
  -0.0000000e+00
   0.0000000e+00
   0.0000000e+00
   0.0000000e+00
   0.0000000e+00
   0.0000000e+00
   0.0000000e+00
   0.0000000e+00
   0.0000000e+00
  -0.0000000e+00
  -2.0912457e-02
  -2.2245400e-02
  -2.2917848e-02
  -1.5932202e-02
  -7.3731444e-03
   0.0000000e+00
  -0.0000000e+00
  -4.9395952e-02
  -6.2561408e-02
  -7.2030351e-02
  -7.4757710e-02
  -7.5399406e-02
  -7.6094680e-02
  -7.4583650e-02
  -6.9598004e-02
  -6.1382450e-02
  -5.4121185e-02
  -5.0402340e-02
  -5.1234994e-02
  -5.5577867e-02
  -6.2042389e-02
  -7.0593342e-02
  -7.9261348e-02
  -8.8076927e-02
  -9.6006162e-02
  -8.1585295e-02
  -0.0000000e+00
   0.0000000e+00
   0.0000000e+00
   0.0000000e+00
   0.0000000e+00
   0.0000000e+00
   0.0000000e+00
   0.0000000e+00
   0.0000000e+00
   0.0000000e+00
  -9.0023857e-03
  -9.0499550e-03
  -1.6472867e-02
  -1.8179078e-02
  -1.5578904e-02
   0.0000000e+00
  -0.0000000e+00
  -4.6740580e-02
  -5.7750605e-02
  -6.3125893e-02
  -6.4066716e-02
  -6.5436505e-02
  -6.7284726e-02
  -6.7152888e-02
  -6.4281084e-02
  -5.7580445e-02
  -4.9146540e-02
  -4.1800126e-02
  -3.8301539e-02
  -3.9093554e-02
  -4.2829603e-02
  -4.9513701e-02
  -5.7959620e-02
  -6.7580938e-02
  -8.0960996e-02
  -8.4576273e-02
  -5.3163218e-02
   0.0000000e+00
   0.0000000e+00
   0.0000000e+00
   0.0000000e+00
   0.0000000e+00
   0.0000000e+00
   0.0000000e+00
   0.0000000e+00
   0.0000000e+00
   0.0000000e+00
   7.2958370e-04
  -6.1097625e-03
  -1.2618049e-02
  -1.4263499e-02
   0.0000000e+00
  -0.0000000e+00
  -3.0583065e-02
  -3.7526567e-02
  -3.9727196e-02
  -4.2555638e-02
  -4.6991438e-02
  -5.1397324e-02
  -5.4031886e-02
  -5.4274824e-02
  -5.1334947e-02
  -4.5548812e-02
  -3.9512008e-02
  -3.5024028e-02
  -3.3312477e-02
  -3.3527523e-02
  -3.5554375e-02
  -3.9699525e-02
  -4.6238758e-02
  -5.5820413e-02
  -5.9242260e-02
  -4.4427261e-02
   0.0000000e+00
   0.0000000e+00
   0.0000000e+00
   0.0000000e+00
   0.0000000e+00
   0.0000000e+00
   0.0000000e+00
   0.0000000e+00
   0.0000000e+00
   0.0000000e+00
   0.0000000e+00
   8.8400422e-03
   3.6196993e-03
   2.5411011e-03
   0.0000000e+00
   0.0000000e+00
   8.6111607e-03
   1.0807158e-02
   9.1839274e-03
   2.8687628e-04
  -1.0632697e-02
  -2.0172479e-02
  -2.5983503e-02
  -2.9494395e-02
  -3.0912586e-02
  -3.0138375e-02
  -2.8502051e-02
  -2.6191445e-02
  -2.3588400e-02
  -2.0550398e-02
  -1.7655050e-02
  -1.5984355e-02
  -1.6895879e-02
  -2.1258039e-02
  -2.2314752e-02
  -1.7639065e-02
   0.0000000e+00
   0.0000000e+00
   0.0000000e+00
   0.0000000e+00
   0.0000000e+00
   0.0000000e+00
   0.0000000e+00
   0.0000000e+00
   0.0000000e+00
   0.0000000e+00
   0.0000000e+00
   2.6429900e-02
   2.5684256e-02
   0.0000000e+00
   0.0000000e+00
   0.0000000e+00
   0.0000000e+00
   5.8639672e-02
   5.9051324e-02
   4.4845814e-02
   2.8984247e-02
   1.5593998e-02
   7.6382249e-03
   2.3963510e-03
  -1.2549702e-03
  -3.7953253e-03
  -5.6005390e-03
  -5.8173235e-03
  -4.0440624e-03
  -2.5746069e-04
   4.5805811e-03
   8.3371586e-03
   1.0042109e-02
   8.4650628e-03
   8.0412566e-03
   8.1924099e-03
   0.0000000e+00
   0.0000000e+00
   0.0000000e+00
   0.0000000e+00
   0.0000000e+00
   0.0000000e+00
   0.0000000e+00
   0.0000000e+00
   0.0000000e+00
   0.0000000e+00
   0.0000000e+00
   0.0000000e+00
   0.0000000e+00
   0.0000000e+00
   0.0000000e+00
   0.0000000e+00
   0.0000000e+00
   9.3787575e-02
   9.4330758e-02
   8.1600830e-02
   6.8988048e-02
   5.9105150e-02
   5.2241307e-02
   4.7814019e-02
   4.4184528e-02
   4.0736653e-02
   3.7390258e-02
   3.5091393e-02
   3.5539217e-02
   3.8494904e-02
   4.3567944e-02
   4.7613155e-02
   5.0146751e-02
   4.9372721e-02
   4.6425066e-02
   0.0000000e+00
   3.8650665e-02
   0.0000000e+00
   0.0000000e+00
   0.0000000e+00
   0.0000000e+00
   0.0000000e+00
   0.0000000e+00
   0.0000000e+00
   0.0000000e+00
   0.0000000e+00
   0.0000000e+00
   0.0000000e+00
   0.0000000e+00
   0.0000000e+00
   0.0000000e+00
   0.0000000e+00
   0.0000000e+00
   0.0000000e+00
   7.2697483e-02
   7.5019272e-02
   7.9358175e-02
   8.1757501e-02
   8.2361797e-02
   8.3947390e-02
   8.4034100e-02
   8.3687166e-02
   8.2727216e-02
   8.2181938e-02
   8.3226646e-02
   8.5395642e-02
   8.8847592e-02
   9.1645825e-02
   9.3259506e-02
   9.1362163e-02
   8.5561486e-02
   8.5447903e-02
   6.7889490e-02
   6.9651076e-02
   0.0000000e+00
   0.0000000e+00
   0.0000000e+00
   0.0000000e+00
   0.0000000e+00
   0.0000000e+00
   0.0000000e+00
   0.0000000e+00
   0.0000000e+00
   0.0000000e+00
   0.0000000e+00
   0.0000000e+00
   0.0000000e+00
   0.0000000e+00
   0.0000000e+00
   0.0000000e+00
   3.3703699e-02
   5.4226208e-02
   7.3293178e-02
   8.7045659e-02
   9.6686736e-02
   1.0506703e-01
   1.1078236e-01
   1.1560900e-01
   1.1872608e-01
   1.2145086e-01
   1.2417901e-01
   1.2673381e-01
   1.2872420e-01
   1.2971413e-01
   1.2884442e-01
   1.2428959e-01
   1.1651736e-01
   1.0620150e-01
   8.4481437e-02
   7.6208629e-02
   0.0000000e+00
   0.0000000e+00
   0.0000000e+00
   0.0000000e+00
   0.0000000e+00
   0.0000000e+00
   0.0000000e+00
   0.0000000e+00
   0.0000000e+00
   0.0000000e+00
   0.0000000e+00
   0.0000000e+00
   0.0000000e+00
   0.0000000e+00
   0.0000000e+00
   2.9116173e-02
   3.2938994e-02
   4.9319736e-02
   6.6931069e-02
   8.4409788e-02
   9.8575233e-02
   1.0974087e-01
   1.1808065e-01
   1.2333064e-01
   1.2749653e-01
   1.3195640e-01
   1.3603335e-01
   1.3951966e-01
   1.4099883e-01
   1.4013269e-01
   1.3669214e-01
   1.2856358e-01
   1.1658861e-01
   1.0179485e-01
   6.9489017e-02
   6.5634270e-02
   5.3231898e-02
   4.0302876e-02
   3.2565625e-02
   0.0000000e+00
   0.0000000e+00
   0.0000000e+00
   0.0000000e+00
   0.0000000e+00
   0.0000000e+00
   0.0000000e+00
  -1.2455954e-02
  -2.6243211e-03
   1.2343493e-02
   3.7143617e-02
   3.8379045e-02
   3.4246486e-02
   3.4767777e-02
   4.0753320e-02
   5.0115574e-02
   6.2287625e-02
   7.4732944e-02
   8.5488871e-02
   9.3700983e-02
   9.8517813e-02
   1.0199471e-01
   1.0529494e-01
   1.0863169e-01
   1.1097933e-01
   1.1126778e-01
   1.0867181e-01
   1.0351688e-01
   9.4327457e-02
   8.2142653e-02
   8.0043484e-02
   0.0000000e+00
   4.0163526e-02
   3.5738274e-02
   3.0774677e-02
   2.5055016e-02
   0.0000000e+00
   0.0000000e+00
   0.0000000e+00
   0.0000000e+00
   0.0000000e+00
   0.0000000e+00
   0.0000000e+00
   1.0718711e-02
   1.7355185e-02
   2.6496395e-02
   2.5518065e-02
   2.2631710e-02
   1.8967278e-02
   1.5819989e-02
   1.4902468e-02
   1.6506493e-02
   2.1250805e-02
   2.6095642e-02
   3.1445596e-02
   3.5418976e-02
   3.8711126e-02
   4.1421819e-02
   4.4161730e-02
   4.5231490e-02
   4.5640185e-02
   4.4581495e-02
   4.2614507e-02
   3.9239671e-02
   3.4794450e-02
   3.0475552e-02
   2.4217543e-02
   2.0885594e-02
   1.4524418e-02
   1.7675589e-02
   1.4192761e-02
   0.0000000e+00
   0.0000000e+00
   0.0000000e+00
   0.0000000e+00
   0.0000000e+00
   0.0000000e+00
   0.0000000e+00
   0.0000000e+00
   2.3040993e-02
   2.4713307e-02
   2.7190015e-02
   1.4268053e-02
   1.0211279e-02
   5.6308567e-03
   1.7457506e-03
  -1.6221312e-03
  -3.9902892e-03
  -5.3396136e-03
  -6.5920546e-03
  -6.9010171e-03
  -7.2664946e-03
  -7.7193420e-03
  -7.8978881e-03
  -8.6567126e-03
  -9.5886377e-03
  -1.0420576e-02
  -1.1334195e-02
  -1.2364248e-02
  -1.2475108e-02
  -1.1076729e-02
  -9.2540140e-03
  -5.2717292e-03
  -6.6638633e-04
   8.2353440e-03
   0.0000000e+00
   0.0000000e+00
   0.0000000e+00
   0.0000000e+00
   0.0000000e+00
   0.0000000e+00
   0.0000000e+00
   0.0000000e+00
   0.0000000e+00
   2.7848563e-02
   2.6190087e-02
   2.0741139e-02
   1.8697731e-02
