  -3.9278454e-01
  -2.3387498e-01
  -1.7624916e-01
   1.6017254e-01
   2.3495343e-01
   8.7958887e-02
   4.1742960e-01
   8.4403467e-01
   6.8783474e-01
  -2.3426150e-01
  -6.0495055e-01
  -7.6883847e-01
  -9.0180838e-01
  -9.5184052e-01
  -9.8887283e-01
  -9.8284411e-01
  -9.2352623e-01
  -8.5747373e-01
  -8.8008624e-01
  -9.0554172e-01
  -4.7592533e-01
  -3.8407755e-01
  -4.0473199e-01
  -5.0252491e-01
  -5.5791008e-01
  -8.8238943e-01
  -9.6547306e-01
  -4.7928926e-01
  -3.4808612e-01
  -1.4418514e-01
  -1.8236014e-01
  -2.5820756e-01
  -5.9921347e-02
  -1.5401481e-01
  -3.5740796e-01
  -4.6215120e-01
  -2.3308642e-01
  -6.9175094e-02
  -2.6964790e-01
  -2.6300898e-01
   2.6808697e-01
  -2.3592958e-01
  -1.0321940e+00
  -1.3502496e+00
  -1.0282631e+00
  -7.7852154e-01
  -6.5224624e-01
  -5.7863480e-01
  -5.2988744e-01
  -5.1335758e-01
  -4.7503617e-01
  -4.3091092e-01
  -3.7561724e-01
  -3.6803424e-01
  -3.6554992e-01
  -4.1178015e-01
  -2.6702067e-01
  -2.0394278e-01
  -8.8861603e-03
   1.7014500e-01
   2.6876330e-01
   4.5157653e-01
   4.0034407e-01
   4.4404939e-03
  -1.5869895e-01
   3.2163948e-02
   1.4652692e-01
  -2.3320800e-01
  -3.0885571e-01
   6.3866496e-02
  -9.5010012e-02
  -3.5833308e-01
  -9.0904236e-02
   6.1144210e-02
   2.1667968e-01
  -3.2095686e-01
   7.2055787e-01
  -1.1663563e+00
  -1.1114658e+00
  -8.4415942e-01
  -3.6756402e-01
   1.3518158e-01
   5.2281147e-01
   7.8548688e-01
   9.8091769e-01
   1.1063576e+00
   1.1962647e+00
   1.2497131e+00
   1.2694290e+00
   1.2039071e+00
   1.0712361e+00
   9.6163130e-01
   5.6827438e-01
   6.7629272e-01
   5.7947958e-01
   9.5490491e-01
   9.0344197e-01
   1.0145558e+00
   1.5403733e+00
   2.0513093e+00
   2.1658165e+00
   1.3116634e+00
   4.3439561e-01
   5.7974273e-01
   3.3037961e-01
   6.7483559e-02
  -1.4983608e-01
  -1.4341769e-01
   3.2344109e-01
   4.7858036e-01
   4.8456040e-01
   3.9800754e-01
   7.4023706e-01
   4.0218055e-01
   4.7869605e-01
   7.5254691e-01
   1.2404271e+00
   1.7349255e+00
   2.1281404e+00
   2.3921719e+00
   2.5831034e+00
   2.7751892e+00
   2.9262922e+00
   3.0237966e+00
   3.0910721e+00
   3.0383487e+00
   2.8851767e+00
   2.6956301e+00
   2.0762162e+00
   5.7904792e-01
   9.2792004e-01
   1.4791498e+00
   1.5439256e+00
   9.8484617e-01
   1.2226268e+00
   1.5798774e+00
   2.0067353e+00
   2.2975717e+00
   2.2704430e+00
   1.9762964e+00
   1.5428225e+00
   1.4929988e+00
   1.0028101e+00
   3.5482189e-01
   7.7735698e-01
   7.1455705e-01
   7.0099467e-01
   1.2982367e+00
   2.6814899e+00
   2.6593087e+00
   2.6585433e+00
   2.7774618e+00
   2.9859066e+00
   3.2012448e+00
   3.4191656e+00
   3.5670774e+00
   3.7021604e+00
   3.8329599e+00
   3.9904177e+00
   4.1273398e+00
   4.2001133e+00
   4.2015381e+00
   4.0980978e+00
   3.8092182e+00
   2.7729635e+00
   9.5848238e-01
   5.7990128e-01
   1.5864397e+00
   2.1301823e+00
   1.2226368e+00
   8.0969334e-01
   9.5307356e-01
   1.5041755e+00
   1.3789500e+00
   1.3012984e+00
   1.8915505e+00
   1.9314898e+00
   2.2443917e+00
   2.0994093e+00
   8.1992394e-01
   2.3378435e+00
   1.4757874e+00
   1.8179008e+00
   2.3894055e+00
   4.7801564e+00
   4.4485758e+00
   4.3348136e+00
   4.1186893e+00
   3.9897401e+00
   3.9265256e+00
   3.8870671e+00
   3.8923135e+00
   3.9353294e+00
   3.9553726e+00
   3.9957516e+00
   4.0541554e+00
   4.1344078e+00
   4.1730321e+00
   4.2106357e+00
   4.0600631e+00
   3.4039120e+00
   1.5729842e+00
   3.8026985e-01
   9.7976094e-01
   2.0068045e+00
   1.3345027e+00
   9.6036345e-01
   7.5035766e-01
   1.3668435e+00
   6.7556636e-01
   6.7112454e-01
   8.4107189e-01
   1.9419541e+00
   2.7017046e+00
   3.1138772e+00
   3.2515533e+00
   3.9486325e+00
   3.5906551e+00
   3.1466088e+00
   1.9201806e+00
   4.3676820e+00
   4.7929564e+00
   4.5477791e+00
   4.1678176e+00
   3.8558164e+00
   3.6505973e+00
   3.4673629e+00
   3.3551061e+00
   3.2468016e+00
   3.1243663e+00
   3.0285735e+00
   3.0126998e+00
   3.1027122e+00
   3.2270045e+00
   3.3414516e+00
   3.3312192e+00
   2.7269981e+00
   1.3540190e+00
   5.2701497e-01
   3.4053802e-01
   1.2967348e+00
   9.6930772e-01
   1.3885157e+00
   9.4500101e-01
   1.1500263e+00
   8.5046709e-01
   6.9353378e-01
   9.7532493e-01
   2.2885270e+00
   2.5480075e+00
   2.8777099e+00
   3.5148304e+00
   2.3146054e+00
   2.7912204e+00
   1.9889911e+00
   1.4059610e+00
   3.4436693e+00
   3.5337899e+00
   3.1771022e+00
   2.7293134e+00
   2.3680317e+00
   2.1589894e+00
   2.0082543e+00
   1.8306807e+00
   1.6443038e+00
   1.4342010e+00
   1.2764739e+00
   1.2532406e+00
   1.3476288e+00
   1.5391591e+00
   1.7065059e+00
   1.7255926e+00
   1.2994144e+00
   9.7282511e-01
   6.0044694e-01
   1.0287921e-01
  -5.5606988e-02
   6.2769037e-01
   1.3430111e+00
   1.2977202e+00
   5.9133285e-01
   1.7703812e+00
   8.9203729e-01
   1.3141642e+00
   1.5768319e+00
   1.5147549e+00
   1.5096469e+00
   1.8927963e+00
   3.9470628e-01
   7.2943753e-01
   1.2643303e+00
   1.8361568e+00
   2.0087135e+00
   1.6615685e+00
   1.2473037e+00
   8.5211664e-01
   5.6245404e-01
   4.0188986e-01
   3.0868652e-01
   1.8319449e-01
   2.4620119e-02
  -1.6400602e-01
  -3.1000593e-01
  -3.1315562e-01
  -2.3143217e-01
  -6.6270262e-02
   6.4601406e-02
   3.8080350e-02
  -2.1974200e-02
   1.1403126e+00
   6.2826288e-01
  -4.2592171e-01
  -1.0760803e+00
   2.8484690e-01
   8.9810658e-01
   2.7519026e-01
  -1.8786933e-01
   6.9236743e-01
   6.8650472e-01
   5.1602995e-01
   1.7781658e-01
   2.2124186e-01
   1.1539608e-01
   1.8408135e-01
  -1.9550213e+00
  -1.7939429e+00
  -1.2198949e+00
  -6.5835261e-01
  -8.1187791e-01
  -1.0148153e+00
  -1.2614175e+00
  -1.4942757e+00
  -1.6863583e+00
  -1.7503004e+00
  -1.7051017e+00
  -1.6914004e+00
  -1.7303998e+00
  -1.7957802e+00
  -1.8733184e+00
  -1.8961859e+00
  -1.8659035e+00
  -1.8400170e+00
  -1.8566244e+00
  -2.0089669e+00
  -1.9547791e+00
   1.6494042e-01
  -4.9568254e-01
  -1.2905327e+00
  -1.1945515e+00
  -7.2043908e-01
  -8.7039065e-01
  -9.2610681e-01
  -1.1197035e+00
  -1.4388726e+00
  -7.0158947e-01
  -1.2042704e+00
  -1.6601298e+00
  -1.6510584e+00
  -1.8290019e+00
  -1.9669069e+00
  -3.4488022e+00
  -3.3099155e+00
  -2.8748918e+00
  -2.5247276e+00
  -2.5742383e+00
  -2.6505165e+00
  -2.8166916e+00
  -2.9831007e+00
  -3.0904117e+00
  -3.0356543e+00
  -2.8958504e+00
  -2.7545989e+00
  -2.6610978e+00
  -2.6149137e+00
  -2.6876717e+00
  -2.7862670e+00
  -2.8487377e+00
  -2.9388428e+00
  -3.0816185e+00
  -3.3375993e+00
  -3.2075756e+00
  -9.0807056e-01
  -1.6958566e+00
  -8.4806740e-01
  -1.4730414e+00
  -1.4157326e+00
  -1.7675724e+00
  -1.5494243e+00
  -1.0721724e+00
  -1.9855269e+00
  -2.2643411e+00
  -2.5079410e+00
  -2.8266830e+00
  -3.0239420e+00
  -3.2484789e+00
  -3.4118137e+00
  -4.2507863e+00
  -4.1166105e+00
  -3.7646554e+00
  -3.5456445e+00
  -3.4915919e+00
  -3.5008581e+00
  -3.6294897e+00
  -3.7593391e+00
  -3.7923427e+00
  -3.6782899e+00
  -3.4928019e+00
  -3.2584064e+00
  -3.0886080e+00
  -3.0704896e+00
  -3.2290778e+00
  -3.4221075e+00
  -3.6057630e+00
  -3.8074017e+00
  -4.0476594e+00
  -4.2636023e+00
  -2.9628732e+00
  -1.2671547e+00
  -1.6580682e+00
  -6.3714933e-01
  -1.6757785e+00
  -2.0068765e+00
  -2.3195381e+00
  -1.4064921e+00
  -8.5729641e-01
  -2.5335033e+00
  -2.9951191e+00
  -3.0867345e+00
  -3.5179527e+00
  -3.8124361e+00
  -4.0189519e+00
  -4.2013435e+00
  -4.1126747e+00
  -3.9369986e+00
  -3.5947714e+00
  -3.3730922e+00
  -3.3091514e+00
  -3.3255112e+00
  -3.4201066e+00
  -3.5598269e+00
  -3.6301522e+00
  -3.5953438e+00
  -3.4535730e+00
  -3.2808514e+00
  -3.2469597e+00
  -3.3856058e+00
  -3.6455419e+00
  -3.8873503e+00
  -4.1219344e+00
  -4.3725133e+00
  -4.5665083e+00
  -4.3559089e+00
  -1.7489809e+00
  -5.7418066e-01
  -5.1010680e-01
  -3.9993197e-01
  -1.2628096e+00
  -1.2133232e+00
  -1.0200847e+00
  -6.2626505e-01
  -7.7040040e-01
  -2.6365991e+00
  -2.7860086e+00
  -2.9484448e+00
  -3.3410649e+00
  -3.6243501e+00
  -3.8486655e+00
  -4.0572877e+00
  -3.3055692e+00
  -3.1003859e+00
  -2.7502785e+00
  -2.5536590e+00
  -2.5431156e+00
  -2.6444271e+00
  -2.7978101e+00
  -2.9909680e+00
  -3.1933727e+00
  -3.3222146e+00
  -3.3925269e+00
  -3.4754972e+00
  -3.6580534e+00
  -3.9197860e+00
  -4.1822815e+00
  -4.3984461e+00
  -4.5907106e+00
  -4.7309752e+00
  -4.6161366e+00
  -3.6634979e+00
   1.2566149e-04
   5.8449531e-01
   5.7147350e-02
  -1.9205385e-01
  -7.2385085e-01
  -2.7189818e-01
  -1.7680009e-01
  -3.1033960e-01
  -7.1320963e-01
  -1.9643055e+00
  -2.2921627e+00
  -2.3768814e+00
  -2.6382630e+00
  -2.8779950e+00
  -3.0901382e+00
  -3.2570014e+00
  -2.1407616e+00
  -2.0648625e+00
  -1.7917455e+00
  -1.7986860e+00
  -2.0140808e+00
  -2.2754734e+00
  -2.5286665e+00
  -2.7859862e+00
  -3.0741606e+00
  -3.3596401e+00
  -3.6679504e+00
  -4.0070543e+00
  -4.3380256e+00
  -4.6334810e+00
  -4.8365378e+00
  -4.9589787e+00
  -4.9914713e+00
  -4.8321090e+00
  -4.2222428e+00
  -2.3830514e+00
   1.4042547e+00
   1.3333440e+00
   2.2423933e-01
  -7.0011139e-02
  -4.4692138e-01
   4.8168781e-01
   4.4523172e-02
  -2.7262712e-01
  -6.2900633e-01
  -1.2589561e+00
  -1.7575363e+00
  -1.6020640e+00
  -1.5922031e+00
  -1.7104892e+00
  -1.8418547e+00
  -1.9826112e+00
  -1.1568537e+00
  -1.5302629e+00
  -1.5042783e+00
  -1.8299837e+00
  -2.3848910e+00
  -2.8188133e+00
  -3.1446357e+00
  -3.4201303e+00
  -3.6867425e+00
  -3.9580534e+00
  -4.2522864e+00
  -4.5814810e+00
  -4.8804188e+00
  -5.1282988e+00
  -5.2737007e+00
  -5.2644253e+00
  -5.0831575e+00
  -4.6437840e+00
  -3.6875393e+00
  -1.4128413e+00
   7.8383946e-01
   1.2648110e+00
   8.0361471e-02
   6.2950402e-02
  -1.1460230e-01
   1.5801285e-01
   1.0012306e-01
  -2.5810215e-01
  -5.5771178e-01
  -8.9321268e-01
  -1.1378987e+00
  -8.2234740e-01
  -5.3194261e-01
  -4.6987221e-01
  -5.0818825e-01
  -6.8353832e-01
  -5.5749899e-01
  -1.5929359e+00
  -1.9356937e+00
  -2.5169215e+00
  -3.4345202e+00
  -4.0957246e+00
  -4.5420642e+00
  -4.8861847e+00
  -5.1761580e+00
  -5.4013000e+00
  -5.5779700e+00
  -5.7125130e+00
  -5.7911406e+00
  -5.8388777e+00
  -5.8161936e+00
  -5.6549211e+00
  -5.3305607e+00
  -4.7795925e+00
  -3.8248534e+00
  -1.7270343e+00
   7.2901392e-01
   1.4015650e+00
  -1.2914278e-01
   4.8793918e-01
   4.1139799e-01
   8.6689010e-02
  -1.1358562e-01
  -3.0018952e-01
  -4.6422213e-01
  -9.1111112e-01
  -8.0410361e-01
  -3.4967428e-01
   1.3642606e-01
   3.8709351e-01
   4.6458229e-01
   2.6724413e-01
  -1.1698771e-01
  -1.5847412e+00
  -2.4330646e+00
  -3.2520367e+00
  -4.4629354e+00
  -5.3268779e+00
  -5.8639791e+00
  -6.2609641e+00
  -6.5757682e+00
  -6.7850367e+00
  -6.8959161e+00
  -6.9037529e+00
  -6.8035528e+00
  -6.6384517e+00
  -6.3896725e+00
  -6.0603583e+00
  -5.6310418e+00
  -5.0253586e+00
  -4.2198400e+00
  -2.8182541e+00
  -7.4065462e-01
   4.8756290e-01
  -2.2082551e-01
   1.3094564e+00
   6.5124176e-01
   2.0761094e-01
  -4.2122073e-01
  -3.3011722e-01
  -3.8137229e-01
  -1.1328015e+00
  -7.1475843e-01
  -1.1183325e-01
   5.0579864e-01
   8.5570128e-01
   9.5472020e-01
   7.6844957e-01
   3.2560959e-01
  -1.1661793e+00
  -2.0757430e+00
  -2.9709321e+00
  -4.2252350e+00
  -5.0823477e+00
  -5.6213024e+00
  -6.0330403e+00
  -6.3636815e+00
  -6.5873625e+00
  -6.7064826e+00
  -6.7124216e+00
  -6.5811388e+00
  -6.3583781e+00
  -6.0466807e+00
  -5.7017749e+00
  -5.3564041e+00
  -4.9773496e+00
  -4.6521434e+00
  -4.1974010e+00
  -2.9341809e+00
  -1.8984693e+00
  -1.2710969e+00
   8.5739245e-01
   8.6403014e-01
   3.6541258e-01
  -6.5250311e-01
  -3.4458478e-01
  -2.7882334e-01
  -1.2802676e+00
  -8.1595071e-01
  -3.3058781e-02
   7.5938341e-01
   1.2093714e+00
   1.2226217e+00
   9.9296784e-01
   9.5545506e-01
   4.8690251e-01
  -1.2034329e+00
  -2.3607457e+00
  -3.2247946e+00
  -3.8357687e+00
  -4.2622781e+00
  -4.6424685e+00
  -5.0025024e+00
  -5.2917976e+00
  -5.4936709e+00
  -5.5808425e+00
  -5.5105600e+00
  -5.3306737e+00
  -5.0338306e+00
  -4.6668596e+00
  -4.3859043e+00
  -4.3923178e+00
  -4.7895160e+00
  -5.2789326e+00
  -4.3053498e+00
  -4.3575592e+00
  -2.9930255e+00
   1.6373117e-01
   8.6292416e-01
   1.8008353e-01
  -8.7270069e-01
  -5.0061440e-01
  -3.6432078e-01
  -1.7377231e+00
  -1.2643499e+00
  -1.9651707e-01
   6.8987215e-01
   1.4541825e+00
   1.4825199e+00
   1.3686720e+00
   1.5929843e+00
   1.2089164e+00
  -9.9297011e-01
  -2.0637381e+00
  -3.0526812e+00
  -3.5512176e+00
  -3.9435880e+00
  -4.3556552e+00
  -4.8340540e+00
  -5.2962337e+00
  -5.6636410e+00
  -5.8685837e+00
  -5.8493767e+00
  -5.6545620e+00
  -5.2474527e+00
  -4.6977510e+00
  -4.0852780e+00
  -3.4650688e+00
  -3.3197982e+00
  -4.4315596e+00
  -5.0410624e+00
  -4.8459611e+00
  -3.5713582e+00
  -8.2944530e-01
   6.0749370e-01
  -2.6136428e-01
  -1.2809539e+00
  -1.4833151e+00
  -1.2142657e+00
  -2.0593493e+00
  -1.8206117e+00
  -3.2099381e-01
   6.5806687e-01
   1.9965209e+00
   2.5381641e+00
   1.2014365e+00
   8.4582484e-01
   1.0318172e+00
  -9.2655396e-01
  -2.2974339e+00
  -3.6954372e+00
  -4.2976904e+00
  -4.7461133e+00
  -5.2154751e+00
  -5.7952576e+00
  -6.3888454e+00
  -6.9110556e+00
  -7.2558265e+00
  -7.3396001e+00
  -7.1746025e+00
  -6.6615133e+00
  -5.8078866e+00
  -4.6511188e+00
  -3.0310740e+00
  -7.8557408e-01
  -1.0442053e+00
  -4.5247612e+00
  -4.7918739e+00
  -3.6340916e+00
  -1.8495164e+00
   1.8674673e-01
  -8.4825730e-01
  -1.6756214e+00
  -3.8660696e+00
  -3.8322411e+00
  -2.4619012e+00
  -2.2203650e+00
  -5.0781524e-01
   1.1704447e+00
   8.7892652e-01
   8.0329078e-01
   6.3401669e-01
   3.6213404e-01
  -2.5499198e-01
  -1.0780777e+00
  -3.3647330e+00
  -4.4152808e+00
  -5.1122169e+00
  -5.5848317e+00
  -6.0036840e+00
  -6.4679151e+00
  -6.9287453e+00
  -7.3735394e+00
  -7.7189984e+00
  -7.8765635e+00
  -7.8103108e+00
  -7.4125681e+00
  -6.5335808e+00
  -4.9804530e+00
  -2.5536537e+00
  -1.2661152e-02
  -1.1486776e+00
  -4.0222378e+00
  -4.3034263e+00
  -3.6843867e+00
  -2.7422125e+00
  -6.4743036e-01
  -1.0803967e+00
  -1.9374923e+00
  -3.9465508e+00
  -4.0649219e+00
  -3.2761736e+00
  -2.5070510e+00
  -1.5718296e+00
   2.5446603e-01
   6.2195975e-01
   1.6153741e+00
   1.8081560e+00
  -9.3535110e-02
  -7.2757661e-01
  -1.3587002e+00
  -4.0035787e+00
  -4.7519555e+00
  -5.4958615e+00
  -5.9574261e+00
  -6.2621222e+00
  -6.4793544e+00
  -6.6440187e+00
  -6.8674712e+00
  -7.1429539e+00
  -7.3632321e+00
  -7.4410152e+00
  -7.2489290e+00
  -6.6162777e+00
  -5.1730943e+00
  -2.2009909e+00
   2.1449271e-01
  -2.3328624e+00
  -3.6680553e+00
  -3.5760465e+00
  -3.6569889e+00
  -3.4120855e+00
  -1.9538255e+00
  -8.3889073e-01
  -2.8830109e+00
  -4.3192687e+00
  -4.0467453e+00
  -3.1327684e+00
  -2.3443398e+00
  -2.6937740e+00
  -9.2275101e-01
   2.3870664e+00
   4.0080857e+00
   1.3157350e+00
  -1.9172156e-01
  -1.4216518e+00
  -2.4550505e+00
  -3.8904762e+00
  -4.5688272e+00
  -5.3098774e+00
  -5.7840853e+00
  -6.0092173e+00
  -6.0151987e+00
  -5.9008374e+00
  -5.8335004e+00
  -5.9385800e+00
  -6.1666789e+00
  -6.3881516e+00
  -6.4274797e+00
  -6.1048269e+00
  -5.0564623e+00
  -2.0928624e+00
   4.6106333e-01
  -2.6141913e+00
  -2.1220675e+00
  -2.0474977e+00
  -3.0988679e+00
  -3.6211715e+00
  -3.6079278e+00
  -2.4819856e+00
  -4.3521075e+00
  -4.0818629e+00
  -3.9053218e+00
  -3.0934527e+00
  -1.2740867e+00
  -2.2947750e+00
  -1.7296793e+00
   1.8650485e+00
   1.5386362e+00
   8.0790734e-01
  -5.3132170e-01
  -2.2690494e+00
  -3.1461384e+00
  -3.0732241e+00
  -3.7034833e+00
  -4.4281597e+00
  -4.9560947e+00
  -5.1839213e+00
  -5.1494508e+00
  -4.9306951e+00
  -4.6668963e+00
  -4.5462575e+00
  -4.6590433e+00
  -4.9063387e+00
  -5.0884099e+00
  -5.0101252e+00
  -4.3611851e+00
  -2.0684962e+00
   4.3081859e-01
  -1.4997809e+00
   6.0725510e-01
   5.5646662e-02
  -1.5847077e+00
  -2.7556012e+00
  -3.2859566e+00
  -3.2974315e+00
  -3.2750719e+00
  -2.9674652e+00
  -2.9457331e+00
  -2.8283651e+00
  -1.6332278e+00
  -1.8564087e+00
  -4.8847818e-01
   4.5208526e-01
   2.4583866e-01
   7.0487982e-01
  -8.1753749e-01
  -1.5659821e+00
  -2.0857973e+00
  -2.0539398e+00
  -2.5073352e+00
  -3.1821926e+00
  -3.7624454e+00
  -4.0480762e+00
  -4.0379200e+00
  -3.8190114e+00
  -3.5306025e+00
  -3.2955348e+00
  -3.2812181e+00
  -3.4555042e+00
  -3.6458828e+00
  -3.6739469e+00
  -3.2885752e+00
  -1.5370181e+00
  -2.2811615e-01
  -4.9622560e-01
   1.1369669e+00
   2.7925119e-01
   7.0902728e-02
  -8.2383740e-01
  -1.6713654e+00
  -8.9358342e-01
  -1.1135323e+00
  -1.4043789e+00
  -1.4077396e+00
  -1.9248523e+00
  -1.6028347e+00
  -5.0207818e-01
   1.2834096e+00
   6.1882764e-01
   2.2000568e-01
   5.5725616e-01
  -8.7321863e-02
  -3.9827895e-01
  -6.5436673e-01
  -4.8278612e-01
  -7.6285601e-01
  -1.3320906e+00
  -1.8918505e+00
  -2.2252221e+00
  -2.2645683e+00
  -2.0940845e+00
  -1.8582319e+00
  -1.6502419e+00
  -1.5556506e+00
  -1.5899768e+00
  -1.6680343e+00
  -1.6996711e+00
  -1.5983002e+00
  -3.7688854e-01
   5.0949180e-01
   1.9489615e-01
   4.8660871e-01
   3.0179352e-01
   1.2444181e+00
   1.9852526e+00
   1.1446596e+00
   2.4427348e-01
   2.5754070e-01
   5.9835804e-01
   3.0928797e-01
   5.0118610e-02
   1.3828143e-01
   1.7734208e+00
   3.3366394e+00
   2.4323676e+00
   1.3319558e+00
   7.7318633e-01
   3.8714625e-01
  -2.0336422e-01
   3.0178517e-01
   7.6038226e-01
   6.3177675e-01
   1.8910879e-01
  -2.2696102e-01
  -4.9827594e-01
  -5.4491317e-01
  -4.1739098e-01
  -2.1145162e-01
  -8.4249094e-02
  -2.4264154e-02
  -9.0245949e-03
  -1.0623167e-02
  -1.6876522e-02
  -6.2977329e-02
   9.5863983e-02
   6.2834160e-01
   3.0820534e-01
   2.4788366e-01
   3.8535638e-01
   8.6917454e-01
   1.8975543e+00
   2.3449251e+00
   1.7483969e+00
   9.1168821e-01
   1.4994516e+00
   1.4090800e+00
   1.4289342e+00
   1.7976432e+00
   2.5372820e+00
   1.7826800e+00
   2.2967929e+00
   1.7216308e+00
   6.7437243e-01
  -3.6847526e-01
  -5.7156718e-01
   4.6890432e-01
   1.5075617e+00
   1.7939129e+00
   1.6991509e+00
   1.5905004e+00
   1.5288155e+00
   1.5467930e+00
   1.6390762e+00
   1.7993295e+00
   1.8862017e+00
   1.9177200e+00
   1.9252086e+00
   1.9154643e+00
   1.8799835e+00
   1.6839936e+00
   1.0644802e+00
   9.3515438e-01
   4.5027310e-01
   2.5720274e-01
   4.9729124e-01
   7.7397925e-01
   1.0165291e+00
   2.3905916e+00
   1.6611993e+00
   1.4638938e+00
   2.2129390e+00
   2.2880268e+00
   2.4198189e+00
   2.7728331e+00
   2.0391686e+00
   4.3388218e-01
   2.7241191e-01
   3.6815536e-01
   9.3433934e-01
  -2.3692538e-02
  -4.2156875e-01
   6.9348514e-01
   1.5714578e+00
   1.9141835e+00
   2.3883677e+00
   2.7372085e+00
   2.9907389e+00
   3.1875129e+00
   3.3229679e+00
   3.4389610e+00
   3.4823229e+00
   3.4806988e+00
   3.4549403e+00
   3.4195492e+00
   3.3025402e+00
   2.9619250e+00
   2.2378714e+00
   1.2943770e+00
   5.2175736e-01
   2.8458163e-01
   5.5364353e-01
   6.6415739e-01
   7.7111542e-01
   1.2670019e+00
   1.2443950e+00
   1.5759689e+00
   1.5663608e+00
   1.4929650e+00
   1.8886418e+00
   2.1017513e+00
   4.6173674e-01
   2.9915139e-02
   5.0567472e-01
   7.6216704e-01
   5.7484847e-01
  -1.4150855e-02
   2.3737642e-01
   6.3352637e-01
   1.0206084e+00
   1.5281212e+00
   2.4665703e+00
   3.2211177e+00
   3.7926252e+00
   4.1874408e+00
   4.3858142e+00
   4.4526066e+00
   4.4563345e+00
   4.4197507e+00
   4.3566532e+00
   4.2699032e+00
   4.0563335e+00
   3.6201826e+00
   2.8423170e+00
   1.3736314e+00
   4.2321534e-01
   2.2809559e-01
   6.2035084e-01
   4.4125707e-01
   2.3451917e-01
   7.7604568e-01
   7.0393155e-01
   6.0332142e-01
   3.4853655e-01
   3.8412465e-01
   5.1247161e-01
   3.6386719e-01
  -1.8486840e-02
   8.4367690e-02
   1.9678971e-01
   4.6575475e-01
   4.9918386e-01
   1.4379559e-01
   2.7123821e-01
   5.2163166e-01
   7.6851462e-01
   1.3885067e+00
   2.3318315e+00
   3.0796000e+00
   3.7065966e+00
   4.1672645e+00
   4.3717678e+00
   4.4090323e+00
   4.3412275e+00
   4.2544115e+00
   4.1709929e+00
   4.0090809e+00
   3.7261920e+00
   3.2617650e+00
   1.8028178e+00
   1.0552729e+00
   1.2327538e-01
  -8.6699240e-02
   3.0932771e-01
   3.0505240e-01
   4.2941928e-02
   8.0992137e-01
   3.5176012e-01
   1.0710680e-01
   4.8082260e-03
  -4.9884081e-02
   1.2030572e-01
   1.1966961e-02
  -1.0449048e-01
   1.0600640e-01
   9.9420151e-02
   3.4373036e-01
   3.2723212e-01
   5.1714557e-01
   3.5733438e-01
   5.5232424e-01
   1.6148032e+00
   1.6991787e+00
   1.7626855e+00
   2.1600547e+00
   2.6113710e+00
   2.9035740e+00
   3.0117190e+00
   2.9636095e+00
   2.7915754e+00
   2.6164298e+00
   2.4791327e+00
   2.2651072e+00
   1.9699928e+00
   1.4162405e+00
  -5.5677824e-02
   8.6607265e-01
  -4.1473165e-02
  -3.2053962e-01
   7.6349182e-03
   7.5444192e-02
  -2.0197481e-01
   7.8166157e-01
   3.9273593e-01
  -2.7971312e-01
  -4.1490546e-01
  -4.8644716e-01
  -8.1850626e-02
   5.6499075e-02
  -3.2236971e-02
  -2.3928288e-02
  -1.8811199e-01
   9.5631704e-02
   1.5057829e-01
   6.8646679e-01
   7.4317098e-01
   1.1842103e+00
   1.0540309e+00
   2.4773715e-01
   2.7393314e-01
   4.2295513e-01
   6.1039615e-01
   5.4591143e-01
   4.6559227e-01
   1.8503498e-01
  -1.7480431e-01
  -7.7371630e-01
  -8.8147098e-01
  -8.5211128e-01
  -6.7669980e-01
  -9.2736885e-02
   5.2668798e-01
   5.3482896e-01
  -2.7978051e-01
  -5.9312952e-01
  -2.8888151e-01
  -1.2680671e-01
  -4.1974537e-02
   5.9602230e-01
   2.3833674e-01
  -3.4986120e-01
  -1.4251159e-01
  -1.0348007e-01
  -1.0634945e-01
  -9.5058899e-02
  -4.4730045e-02
  -2.9457080e-01
   2.4135337e-02
   2.7178201e-01
   4.0868598e-01
   1.7740238e-01
   9.2071533e-02
   4.2695496e-02
   1.5956002e-01
   3.0572802e-01
   2.5454341e-02
  -3.0442995e-01
  -2.6923242e-01
  -8.6767071e-01
  -1.2439210e+00
  -1.1789733e+00
  -8.2458764e-01
  -4.1549468e-01
  -2.5488053e-02
  -1.7158908e-01
  -4.5493919e-01
  -6.3271785e-01
  -5.1700628e-01
  -4.6149567e-01
  -6.7470163e-01
  -6.8261653e-01
  -4.6501499e-01
  -4.0203723e-01
  -3.6270997e-01
  -3.0327123e-01
  -2.4619168e-01
  -5.2344523e-02
   4.2326976e-02
   1.1001544e-01
   1.4510666e-02
  -1.5157352e-01
  -1.1861982e-01
   1.7777095e-02
   7.0319586e-02
   1.1507773e-01
   4.0018074e-02
