-START-OF-DATA-
0 0.000278
10 0.000278
20 0.000278
30 0.000278
40 0.000278
50 0.000278
60 0.000278
70 0.000278
80 0.000278
90 0.000278
100 0.000278
110 0.000278
120 0.000278
130 0.000278
140 0.000278
150 0.000278
160 0.000278
170 0.000278
180 0.000278
190 0.000278
200 0.000278
210 0.000278
220 0.000278
230 0.000278
240 0.000278
250 0.000278
260 0.000278
270 0.000278
280 0.000278
290 0.000278
300 0.000278
310 0.000278
320 0.000278
330 0.000278
340 0.000278
350 0.000278
360 0.000278
370 0.000278
380 0.000278
390 0.000278
400 0.000278
410 0.000278
420 0.000278
430 0.000278
440 0.000278
450 0.000278
460 0.000278
470 0.000278
480 0.000278
490 0.000278
500 0.000278
510 0.000278
520 0.000278
530 0.000278
540 0.000278
550 0.000278
560 0.000278
570 0.000278
580 0.000278
590 0.000278
600 0.000278
610 0.000278
620 0.000278
630 0.000278
640 0.000278
650 0.000278
660 0.000278
670 0.000278
680 0.000278
690 0.000278
700 0.000278
710 0.000278
720 0.000278
730 0.000278
740 0.000278
750 0.000278
760 0.000278
770 0.000278
780 0.000278
790 0.000278
800 0.000278
810 0.000278
820 0.000278
830 0.000278
840 0.000278
850 0.000278
860 0.000278
870 0.000278
880 0.000278
890 0.000278
900 0.000278
910 0.000278
920 0.000278
930 0.000278
940 0.000278
950 0.000278
960 0.000278
970 0.000278
980 0.000278
990 0.000278
1000 0.000278
1010 0.000278
1020 0.000278
1030 0.000278
1040 0.000278
1050 0.000278
1060 0.000278
1070 0.000278
1080 0.000278
1090 0.000278
1100 0.000278
1110 0.000278
1120 0.000278
1130 0.000278
1140 0.000278
1150 0.000278
1160 0.000278
1170 0.000278
1180 0.000278
1190 0.000278
1200 0.000278
1210 0.000278
1220 0.000278
1230 0.000278
1240 0.000278
1250 0.000278
1260 0.000278
1270 0.000278
1280 0.000278
1290 0.000278
1300 0.000278
1310 0.000278
1320 0.000278
1330 0.000278
1340 0.000278
1350 0.000278
1360 0.000278
1370 0.000278
1380 0.000278
1390 0.000278
1400 0.000278
1410 0.000278
1420 0.000278
1430 0.000278
1440 0.000278
1450 0.000278
1460 0.000278
1470 0.000278
1480 0.000278
1490 0.000278
1500 0.000278
1510 0.000278
1520 0.000278
1530 0.000278
1540 0.000278
1550 0.000278
1560 0.000278
1570 0.000278
1580 0.000278
1590 0.000278
1600 0.000278
1610 0.000278
1620 0.000278
1630 0.000278
1640 0.000278
1650 0.000278
1660 0.000278
1670 0.000278
1680 0.000278
1690 0.000278
1700 0.000278
1710 0.000278
1720 0.000278
1730 0.000278
1740 0.000278
1750 0.000278
1760 0.000278
1770 0.000278
1780 0.000278
1790 0.000278
1800 0.000278
1810 0.000278
1820 0.000278
1830 0.000278
1840 0.000278
1850 0.000278
1860 0.000278
1870 0.000278
1880 0.000278
1890 0.000278
1900 0.000278
1910 0.000278
1920 0.000278
1930 0.000278
1940 0.000278
1950 0.000278
1960 0.000278
1970 0.000278
1980 0.000278
1990 0.000278
2000 0.000278
2010 0.000278
2020 0.000278
2030 0.000278
2040 0.000278
2050 0.000278
2060 0.000278
2070 0.000278
2080 0.000278
2090 0.000278
2100 0.000278
2110 0.000278
2120 0.000278
2130 0.000278
2140 0.000278
2150 0.000278
2160 0.000278
2170 0.000278
2180 0.000278
2190 0.000278
2200 0.000278
2210 0.000278
2220 0.000278
2230 0.000278
2240 0.000278
2250 0.000278
2260 0.000278
2270 0.000278
2280 0.000278
2290 0.000278
2300 0.000278
2310 0.000278
2320 0.000278
2330 0.000278
2340 0.000278
2350 0.000278
2360 0.000278
2370 0.000278
2380 0.000278
2390 0.000278
2400 0.000278
2410 0.000278
2420 0.000278
2430 0.000278
2440 0.000278
2450 0.000278
2460 0.000278
2470 0.000278
2480 0.000278
2490 0.000278
2500 0.000278
2510 0.000278
2520 0.000278
2530 0.000278
2540 0.000278
2550 0.000278
2560 0.000278
2570 0.000278
2580 0.000278
2590 0.000278
2600 0.000278
2610 0.000278
2620 0.000278
2630 0.000278
2640 0.000278
2650 0.000278
2660 0.000278
2670 0.000278
2680 0.000278
2690 0.000278
2700 0.000278
2710 0.000278
2720 0.000278
2730 0.000278
2740 0.000278
2750 0.000278
2760 0.000278
2770 0.000278
2780 0.000278
2790 0.000278
2800 0.000278
2810 0.000278
2820 0.000278
2830 0.000278
2840 0.000278
2850 0.000278
2860 0.000278
2870 0.000278
2880 0.000278
2890 0.000278
2900 0.000278
2910 0.000278
2920 0.000278
2930 0.000278
2940 0.000278
2950 0.000278
2960 0.000278
2970 0.000278
2980 0.000278
2990 0.000278
3000 0.000278
3010 0.000278
3020 0.000278
3030 0.000278
3040 0.000278
3050 0.000278
3060 0.000278
3070 0.000278
3080 0.000278
3090 0.000278
3100 0.000278
3110 0.000278
3120 0.000278
3130 0.000278
3140 0.000278
3150 0.000278
3160 0.000278
3170 0.000278
3180 0.000278
3190 0.000278
3200 0.000278
3210 0.000278
3220 0.000278
3230 0.000278
3240 0.000278
3250 0.000278
3260 0.000278
3270 0.000278
3280 0.000278
3290 0.000278
3300 0.000278
3310 0.000278
3320 0.000278
3330 0.000278
3340 0.000278
3350 0.000278
3360 0.000278
3370 0.000278
3380 0.000278
3390 0.000278
3400 0.000278
3410 0.000278
3420 0.000278
3430 0.000278
3440 0.000278
3450 0.000278
3460 0.000278
3470 0.000278
3480 0.000278
3490 0.000278
3500 0.000278
3510 0.000278
3520 0.000278
3530 0.000278
3540 0.000278
3550 0.000278
3560 0.000278
3570 0.000278
3580 0.000278
3590 0.000278
3600 0.000278
3610 0.000278
3620 0.000278
3630 0.000278
3640 0.000278
3650 0.000278
3660 0.000278
3670 0.000278
3680 0.000278
3690 0.000278
3700 0.000278
3710 0.000278
3720 0.000278
3730 0.000278
3740 0.000278
3750 0.000278
3760 0.000278
3770 0.000278
3780 0.000278
3790 0.000278
3800 0.000278
3810 0.000278
3820 0.000278
3830 0.000278
3840 0.000278
3850 0.000278
3860 0.000278
3870 0.000278
3880 0.000278
3890 0.000278
3900 0.000278
3910 0.000278
3920 0.000278
3930 0.000278
3940 0.000278
3950 0.000278
3960 0.000278
3970 0.000278
3980 0.000278
3990 0.000278
4000 0.000278
4010 0.000278
4020 0.000278
4030 0.000278
4040 0.000278
4050 0.000278
4060 0.000278
4070 0.000278
4080 0.000278
4090 0.000278
4100 0.000278
4110 0.000278
4120 0.000278
4130 0.000278
4140 0.000278
4150 0.000278
4160 0.000278
4170 0.000278
4180 0.000278
4190 0.000278
4200 0.000278
4210 0.000278
4220 0.000278
4230 0.000278
4240 0.000278
4250 0.000278
4260 0.000278
4270 0.000278
4280 0.000278
4290 0.000278
4300 0.000278
4310 0.000278
4320 0.000278
4330 0.000278
4340 0.000278
4350 0.000278
4360 0.000278
4370 0.000278
4380 0.000278
4390 0.000278
4400 0.000278
4410 0.000278
4420 0.000278
4430 0.000278
4440 0.000278
4450 0.000278
4460 0.000278
4470 0.000278
4480 0.000278
4490 0.000278
4500 0.000278
4510 0.000278
4520 0.000278
4530 0.000278
4540 0.000278
4550 0.000278
4560 0.000278
4570 0.000278
4580 0.000278
4590 0.000278
4600 0.000278
4610 0.000278
4620 0.000278
4630 0.000278
4640 0.000278
4650 0.000278
4660 0.000278
4670 0.000278
4680 0.000278
4690 0.000278
4700 0.000278
4710 0.000278
4720 0.000278
4730 0.000278
4740 0.000278
4750 0.000278
4760 0.000278
4770 0.000278
4780 0.000278
4790 0.000278
4800 0.000278
4810 0.000278
4820 0.000278
4830 0.000278
4840 0.000278
4850 0.000278
4860 0.000278
4870 0.000278
4880 0.000278
4890 0.000278
4900 0.000278
4910 0.000278
4920 0.000278
4930 0.000278
4940 0.000278
4950 0.000278
4960 0.000278
4970 0.000278
4980 0.000278
4990 0.000278
5000 0.000278
5010 0.000279831648351648
5020 0.000281663296703297
5030 0.000283494945054945
5040 0.000285326593406593
5050 0.000287158241758242
5060 0.00028898989010989
5070 0.000290821538461538
5080 0.000292653186813187
5090 0.000294484835164835
5100 0.000296316483516483
5110 0.000298148131868132
5120 0.00029997978021978
5130 0.000301811428571429
5140 0.000303643076923077
5150 0.000305474725274725
5160 0.000307306373626374
5170 0.000309138021978022
5180 0.00031096967032967
5190 0.000312801318681319
5200 0.000314632967032967
5210 0.000316464615384615
5220 0.000318296263736264
5230 0.000320127912087912
5240 0.00032195956043956
5250 0.000323791208791209
5260 0.000325622857142857
5270 0.000327454505494505
5280 0.000329286153846154
5290 0.000331117802197802
5300 0.00033294945054945
5310 0.000334781098901099
5320 0.000336612747252747
5330 0.000338444395604396
5340 0.000340276043956044
5350 0.000342107692307692
5360 0.000343939340659341
5370 0.000345770989010989
5380 0.000347602637362637
5390 0.000349434285714286
5400 0.000351265934065934
5410 0.000353097582417582
5420 0.000354929230769231
5430 0.000356760879120879
5440 0.000358592527472527
5450 0.000360424175824176
5460 0.000362255824175824
5470 0.000364087472527473
5480 0.000365919120879121
5490 0.000367750769230769
5500 0.000369582417582418
5510 0.000371414065934066
5520 0.000373245714285714
5530 0.000375077362637363
5540 0.000376909010989011
5550 0.000378740659340659
5560 0.000380572307692308
5570 0.000382403956043956
5580 0.000384235604395604
5590 0.000386067252747253
5600 0.000387898901098901
5610 0.000389730549450549
5620 0.000391562197802198
5630 0.000393393846153846
5640 0.000395225494505495
5650 0.000397057142857143
5660 0.000398888791208791
5670 0.00040072043956044
5680 0.000402552087912088
5690 0.000404383736263736
5700 0.000406215384615385
5710 0.000408047032967033
5720 0.000409878681318681
5730 0.00041171032967033
5740 0.000413541978021978
5750 0.000415373626373626
5760 0.000417205274725275
5770 0.000419036923076923
5780 0.000420868571428571
5790 0.00042270021978022
5800 0.000424531868131868
5810 0.000426363516483516
5820 0.000428195164835165
5830 0.000430026813186813
5840 0.000431858461538462
5850 0.00043369010989011
5860 0.000435521758241758
5870 0.000437353406593407
5880 0.000439185054945055
5890 0.000441016703296703
5900 0.000442848351648352
5910 0.00044468
5920 0.000446511648351648
5930 0.000448343296703297
5940 0.000450174945054945
5950 0.000452006593406593
5960 0.000453838241758242
5970 0.00045566989010989
5980 0.000457501538461538
5990 0.000459333186813187
6000 0.000461164835164835
6010 0.000462996483516483
6020 0.000464828131868132
6030 0.00046665978021978
6040 0.000468491428571429
6050 0.000470323076923077
6060 0.000472154725274725
6070 0.000473986373626374
6080 0.000475818021978022
6090 0.00047764967032967
6100 0.000479481318681319
6110 0.000481312967032967
6120 0.000483144615384615
6130 0.000484976263736264
6140 0.000486807912087912
6150 0.00048863956043956
6160 0.000490471208791209
6170 0.000492302857142857
6180 0.000494134505494506
6190 0.000495966153846154
6200 0.000497797802197802
6210 0.00049962945054945
6220 0.000501461098901099
6230 0.000503292747252747
6240 0.000505124395604396
6250 0.000506956043956044
6260 0.000508787692307692
6270 0.000510619340659341
6280 0.000512450989010989
6290 0.000514282637362637
6300 0.000516114285714286
6310 0.000517945934065934
6320 0.000519777582417582
6330 0.000521609230769231
6340 0.000523440879120879
6350 0.000525272527472527
6360 0.000527104175824176
6370 0.000528935824175824
6380 0.000530767472527473
6390 0.000532599120879121
6400 0.000534430769230769
6410 0.000536262417582418
6420 0.000538094065934066
6430 0.000539925714285714
6440 0.000541757362637363
6450 0.000543589010989011
6460 0.000545420659340659
6470 0.000547252307692308
6480 0.000549083956043956
6490 0.000550915604395604
6500 0.000552747252747253
6510 0.000554578901098901
6520 0.000556410549450549
6530 0.000558242197802198
6540 0.000560073846153846
6550 0.000561905494505495
6560 0.000563737142857143
6570 0.000565568791208791
6580 0.00056740043956044
6590 0.000569232087912088
6600 0.000571063736263736
6610 0.000572895384615385
6620 0.000574727032967033
6630 0.000576558681318681
6640 0.00057839032967033
6650 0.000580221978021978
6660 0.000582053626373626
6670 0.000583885274725275
6680 0.000585716923076923
6690 0.000587548571428571
6700 0.00058938021978022
6710 0.000591211868131868
6720 0.000593043516483516
6730 0.000594875164835165
6740 0.000596706813186813
6750 0.000598538461538462
6760 0.00060037010989011
6770 0.000602201758241758
6780 0.000604033406593407
6790 0.000605865054945055
6800 0.000607696703296703
6810 0.000609528351648352
6820 0.00061136
6830 0.000613191648351648
6840 0.000615023296703297
6850 0.000616854945054945
6860 0.000618686593406593
6870 0.000620518241758242
6880 0.00062234989010989
6890 0.000624181538461539
6900 0.000626013186813187
6910 0.000627844835164835
6920 0.000629676483516484
6930 0.000631508131868132
6940 0.00063333978021978
6950 0.000635171428571429
6960 0.000637003076923077
6970 0.000638834725274725
6980 0.000640666373626374
6990 0.000642498021978022
7000 0.00064432967032967
7010 0.000646161318681319
7020 0.000647992967032967
7030 0.000649824615384615
7040 0.000651656263736264
7050 0.000653487912087912
7060 0.00065531956043956
7070 0.000657151208791209
7080 0.000658982857142857
7090 0.000660814505494506
7100 0.000662646153846154
7110 0.000664477802197802
7120 0.00066630945054945
7130 0.000668141098901099
7140 0.000669972747252747
7150 0.000671804395604396
7160 0.000673636043956044
7170 0.000675467692307692
7180 0.000677299340659341
7190 0.000679130989010989
7200 0.000680962637362637
7210 0.000682794285714286
7220 0.000684625934065934
7230 0.000686457582417582
7240 0.000688289230769231
7250 0.000690120879120879
7260 0.000691952527472527
7270 0.000693784175824176
7280 0.000695615824175824
7290 0.000697447472527473
7300 0.000699279120879121
7310 0.000701110769230769
7320 0.000702942417582418
7330 0.000704774065934066
7340 0.000706605714285714
7350 0.000708437362637363
7360 0.000710269010989011
7370 0.000712100659340659
7380 0.000713932307692308
7390 0.000715763956043956
7400 0.000717595604395604
7410 0.000719427252747253
7420 0.000721258901098901
7430 0.00072309054945055
7440 0.000724922197802198
7450 0.000726753846153846
7460 0.000728585494505495
7470 0.000730417142857143
7480 0.000732248791208791
7490 0.00073408043956044
7500 0.000735912087912088
7510 0.000737743736263736
7520 0.000739575384615385
7530 0.000741407032967033
7540 0.000743238681318681
7550 0.00074507032967033
7560 0.000746901978021978
7570 0.000748733626373626
7580 0.000750565274725275
7590 0.000752396923076923
7600 0.000754228571428571
7610 0.00075606021978022
7620 0.000757891868131868
7630 0.000759723516483516
7640 0.000761555164835165
7650 0.000763386813186813
7660 0.000765218461538462
7670 0.00076705010989011
7680 0.000768881758241758
7690 0.000770713406593407
7700 0.000772545054945055
7710 0.000774376703296703
7720 0.000776208351648352
7730 0.00077804
7740 0.000779871648351648
7750 0.000781703296703297
7760 0.000783534945054945
7770 0.000785366593406593
7780 0.000787198241758242
7790 0.00078902989010989
7800 0.000790861538461539
7810 0.000792693186813187
7820 0.000794524835164835
7830 0.000796356483516484
7840 0.000798188131868132
7850 0.00080001978021978
7860 0.000801851428571428
7870 0.000803683076923077
7880 0.000805514725274725
7890 0.000807346373626374
7900 0.000809178021978022
7910 0.00081100967032967
7920 0.000812841318681319
7930 0.000814672967032967
7940 0.000816504615384615
7950 0.000818336263736264
7960 0.000820167912087912
7970 0.00082199956043956
7980 0.000823831208791209
7990 0.000825662857142857
8000 0.000827494505494506
8010 0.000829326153846154
8020 0.000831157802197802
8030 0.00083298945054945
8040 0.000834821098901099
8050 0.000836652747252747
8060 0.000838484395604396
8070 0.000840316043956044
8080 0.000842147692307692
8090 0.000843979340659341
8100 0.000845810989010989
8110 0.000847642637362638
8120 0.000849474285714286
8130 0.000851305934065934
8140 0.000853137582417582
8150 0.000854969230769231
8160 0.000856800879120879
8170 0.000858632527472527
8180 0.000860464175824176
8190 0.000862295824175824
8200 0.000864127472527473
8210 0.000865959120879121
8220 0.000867790769230769
8230 0.000869622417582418
8240 0.000871454065934066
8250 0.000873285714285714
8260 0.000875117362637363
8270 0.000876949010989011
8280 0.000878780659340659
8290 0.000880612307692308
8300 0.000882443956043956
8310 0.000884275604395604
8320 0.000886107252747253
8330 0.000887938901098901
8340 0.00088977054945055
8350 0.000891602197802198
8360 0.000893433846153846
8370 0.000895265494505494
8380 0.000897097142857143
8390 0.000898928791208791
8400 0.00090076043956044
8410 0.000902592087912088
8420 0.000904423736263736
8430 0.000906255384615385
8440 0.000908087032967033
8450 0.000909918681318681
8460 0.00091175032967033
8470 0.000913581978021978
8480 0.000915413626373626
8490 0.000917245274725275
8500 0.000919076923076923
8510 0.000920908571428572
8520 0.00092274021978022
8530 0.000924571868131868
8540 0.000926403516483516
8550 0.000928235164835165
8560 0.000930066813186813
8570 0.000931898461538462
8580 0.00093373010989011
8590 0.000935561758241758
8600 0.000937393406593407
8610 0.000939225054945055
8620 0.000941056703296703
8630 0.000942888351648352
8640 0.00094472
8650 0.000946551648351648
8660 0.000948383296703297
8670 0.000950214945054945
8680 0.000952046593406593
8690 0.000953878241758242
8700 0.00095570989010989
8710 0.000957541538461538
8720 0.000959373186813187
8730 0.000961204835164835
8740 0.000963036483516484
8750 0.000964868131868132
8760 0.00096669978021978
8770 0.000968531428571429
8780 0.000970363076923077
8790 0.000972194725274725
8800 0.000974026373626374
8810 0.000975858021978022
8820 0.00097768967032967
8830 0.000979521318681319
8840 0.000981352967032967
8850 0.000983184615384615
8860 0.000985016263736264
8870 0.000986847912087912
8880 0.00098867956043956
8890 0.000990511208791209
8900 0.000992342857142857
8910 0.000994174505494505
8920 0.000996006153846154
8930 0.000997837802197802
8940 0.00099966945054945
8950 0.0010015010989011
8960 0.00100333274725275
8970 0.0010051643956044
8980 0.00100699604395604
8990 0.00100882769230769
9000 0.00101065934065934
9010 0.00101249098901099
9020 0.00101432263736264
9030 0.00101615428571429
9040 0.00101798593406593
9050 0.00101981758241758
9060 0.00102164923076923
9070 0.00102348087912088
9080 0.00102531252747253
9090 0.00102714417582418
9100 0.00102897582417582
9110 0.00103080747252747
9120 0.00103263912087912
9130 0.00103447076923077
9140 0.00103630241758242
9150 0.00103813406593407
9160 0.00103996571428571
9170 0.00104179736263736
9180 0.00104362901098901
9190 0.00104546065934066
9200 0.00104729230769231
9210 0.00104912395604396
9220 0.0010509556043956
9230 0.00105278725274725
9240 0.0010546189010989
9250 0.00105645054945055
9260 0.0010582821978022
9270 0.00106011384615385
9280 0.00106194549450549
9290 0.00106377714285714
9300 0.00106560879120879
9310 0.00106744043956044
9320 0.00106927208791209
9330 0.00107110373626374
9340 0.00107293538461538
9350 0.00107476703296703
9360 0.00107659868131868
9370 0.00107843032967033
9380 0.00108026197802198
9390 0.00108209362637363
9400 0.00108392527472527
9410 0.00108575692307692
9420 0.00108758857142857
9430 0.00108942021978022
9440 0.00109125186813187
9450 0.00109308351648352
9460 0.00109491516483516
9470 0.00109674681318681
9480 0.00109857846153846
9490 0.00110041010989011
9500 0.00110224175824176
9510 0.00110407340659341
9520 0.00110590505494505
9530 0.0011077367032967
9540 0.00110956835164835
9550 0.0011114
9560 0.00111323164835165
9570 0.0011150632967033
9580 0.00111689494505495
9590 0.00111872659340659
9600 0.00112055824175824
9610 0.00112238989010989
9620 0.00112422153846154
9630 0.00112605318681319
9640 0.00112788483516484
9650 0.00112971648351648
9660 0.00113154813186813
9670 0.00113337978021978
9680 0.00113521142857143
9690 0.00113704307692308
9700 0.00113887472527473
9710 0.00114070637362637
9720 0.00114253802197802
9730 0.00114436967032967
9740 0.00114620131868132
9750 0.00114803296703297
9760 0.00114986461538462
9770 0.00115169626373626
9780 0.00115352791208791
9790 0.00115535956043956
9800 0.00115719120879121
9810 0.00115902285714286
9820 0.00116085450549451
9830 0.00116268615384615
9840 0.0011645178021978
9850 0.00116634945054945
9860 0.0011681810989011
9870 0.00117001274725275
9880 0.0011718443956044
9890 0.00117367604395604
9900 0.00117550769230769
9910 0.00117733934065934
9920 0.00117917098901099
9930 0.00118100263736264
9940 0.00118283428571429
9950 0.00118466593406593
9960 0.00118649758241758
9970 0.00118832923076923
9980 0.00119016087912088
9990 0.00119199252747253
10000 0.00119382417582418
10010 0.00119565582417582
10020 0.00119748747252747
10030 0.00119931912087912
10040 0.00120115076923077
10050 0.00120298241758242
10060 0.00120481406593407
10070 0.00120664571428571
10080 0.00120847736263736
10090 0.00121030901098901
10100 0.00121214065934066
10110 0.00121397230769231
10120 0.00121580395604396
10130 0.0012176356043956
10140 0.00121946725274725
10150 0.0012212989010989
10160 0.00122313054945055
10170 0.0012249621978022
10180 0.00122679384615385
10190 0.00122862549450549
10200 0.00123045714285714
10210 0.00123228879120879
10220 0.00123412043956044
10230 0.00123595208791209
10240 0.00123778373626374
10250 0.00123961538461538
10260 0.00124144703296703
10270 0.00124327868131868
10280 0.00124511032967033
10290 0.00124694197802198
10300 0.00124877362637363
10310 0.00125060527472527
10320 0.00125243692307692
10330 0.00125426857142857
10340 0.00125610021978022
10350 0.00125793186813187
10360 0.00125976351648352
10370 0.00126159516483516
10380 0.00126342681318681
10390 0.00126525846153846
10400 0.00126709010989011
10410 0.00126892175824176
10420 0.00127075340659341
10430 0.00127258505494505
10440 0.0012744167032967
10450 0.00127624835164835
10460 0.00127808
10470 0.00127991164835165
10480 0.0012817432967033
10490 0.00128357494505495
10500 0.00128540659340659
10510 0.00128723824175824
10520 0.00128906989010989
10530 0.00129090153846154
10540 0.00129273318681319
10550 0.00129456483516484
10560 0.00129639648351648
10570 0.00129822813186813
10580 0.00130005978021978
10590 0.00130189142857143
10600 0.00130372307692308
10610 0.00130555472527473
10620 0.00130738637362637
10630 0.00130921802197802
10640 0.00131104967032967
10650 0.00131288131868132
10660 0.00131471296703297
10670 0.00131654461538462
10680 0.00131837626373626
10690 0.00132020791208791
10700 0.00132203956043956
10710 0.00132387120879121
10720 0.00132570285714286
10730 0.00132753450549451
10740 0.00132936615384615
10750 0.0013311978021978
10760 0.00133302945054945
10770 0.0013348610989011
10780 0.00133669274725275
10790 0.0013385243956044
10800 0.00134035604395604
10810 0.00134218769230769
10820 0.00134401934065934
10830 0.00134585098901099
10840 0.00134768263736264
10850 0.00134951428571429
10860 0.00135134593406593
10870 0.00135317758241758
10880 0.00135500923076923
10890 0.00135684087912088
10900 0.00135867252747253
10910 0.00136050417582418
10920 0.00136233582417582
10930 0.00136416747252747
10940 0.00136599912087912
10950 0.00136783076923077
10960 0.00136966241758242
10970 0.00137149406593407
10980 0.00137332571428571
10990 0.00137515736263736
11000 0.00137698901098901
11010 0.00137882065934066
11020 0.00138065230769231
11030 0.00138248395604396
11040 0.0013843156043956
11050 0.00138614725274725
11060 0.0013879789010989
11070 0.00138981054945055
11080 0.0013916421978022
11090 0.00139347384615385
11100 0.00139530549450549
11110 0.00139713714285714
11120 0.00139896879120879
11130 0.00140080043956044
11140 0.00140263208791209
11150 0.00140446373626374
11160 0.00140629538461538
11170 0.00140812703296703
11180 0.00140995868131868
11190 0.00141179032967033
11200 0.00141362197802198
11210 0.00141545362637363
11220 0.00141728527472527
11230 0.00141911692307692
11240 0.00142094857142857
11250 0.00142278021978022
11260 0.00142461186813187
11270 0.00142644351648352
11280 0.00142827516483516
11290 0.00143010681318681
11300 0.00143193846153846
11310 0.00143377010989011
11320 0.00143560175824176
11330 0.00143743340659341
11340 0.00143926505494506
11350 0.0014410967032967
11360 0.00144292835164835
11370 0.00144476
11380 0.00144659164835165
11390 0.0014484232967033
11400 0.00145025494505495
11410 0.00145208659340659
11420 0.00145391824175824
11430 0.00145574989010989
11440 0.00145758153846154
11450 0.00145941318681319
11460 0.00146124483516484
11470 0.00146307648351648
11480 0.00146490813186813
11490 0.00146673978021978
11500 0.00146857142857143
11510 0.00147040307692308
11520 0.00147223472527473
11530 0.00147406637362637
11540 0.00147589802197802
11550 0.00147772967032967
11560 0.00147956131868132
11570 0.00148139296703297
11580 0.00148322461538462
11590 0.00148505626373626
11600 0.00148688791208791
11610 0.00148871956043956
11620 0.00149055120879121
11630 0.00149238285714286
11640 0.00149421450549451
11650 0.00149604615384615
11660 0.0014978778021978
11670 0.00149970945054945
11680 0.0015015410989011
11690 0.00150337274725275
11700 0.0015052043956044
11710 0.00150703604395604
11720 0.00150886769230769
11730 0.00151069934065934
11740 0.00151253098901099
11750 0.00151436263736264
11760 0.00151619428571429
11770 0.00151802593406593
11780 0.00151985758241758
11790 0.00152168923076923
11800 0.00152352087912088
11810 0.00152535252747253
11820 0.00152718417582418
11830 0.00152901582417582
11840 0.00153084747252747
11850 0.00153267912087912
11860 0.00153451076923077
11870 0.00153634241758242
11880 0.00153817406593407
11890 0.00154000571428571
11900 0.00154183736263736
11910 0.00154366901098901
11920 0.00154550065934066
11930 0.00154733230769231
11940 0.00154916395604396
11950 0.0015509956043956
11960 0.00155282725274725
11970 0.0015546589010989
11980 0.00155649054945055
11990 0.0015583221978022
12000 0.00156015384615385
12010 0.00156198549450549
12020 0.00156381714285714
12030 0.00156564879120879
12040 0.00156748043956044
12050 0.00156931208791209
12060 0.00157114373626374
12070 0.00157297538461538
12080 0.00157480703296703
12090 0.00157663868131868
12100 0.00157847032967033
12110 0.00158030197802198
12120 0.00158213362637363
12130 0.00158396527472527
12140 0.00158579692307692
12150 0.00158762857142857
12160 0.00158946021978022
12170 0.00159129186813187
12180 0.00159312351648352
12190 0.00159495516483516
12200 0.00159678681318681
12210 0.00159861846153846
12220 0.00160045010989011
12230 0.00160228175824176
12240 0.00160411340659341
12250 0.00160594505494506
12260 0.0016077767032967
12270 0.00160960835164835
12280 0.00161144
12290 0.00161327164835165
12300 0.0016151032967033
12310 0.00161693494505495
12320 0.00161876659340659
12330 0.00162059824175824
12340 0.00162242989010989
12350 0.00162426153846154
12360 0.00162609318681319
12370 0.00162792483516484
12380 0.00162975648351648
12390 0.00163158813186813
12400 0.00163341978021978
12410 0.00163525142857143
12420 0.00163708307692308
12430 0.00163891472527473
12440 0.00164074637362637
12450 0.00164257802197802
12460 0.00164440967032967
12470 0.00164624131868132
12480 0.00164807296703297
12490 0.00164990461538462
12500 0.00165173626373626
12510 0.00165356791208791
12520 0.00165539956043956
12530 0.00165723120879121
12540 0.00165906285714286
12550 0.00166089450549451
12560 0.00166272615384615
12570 0.0016645578021978
12580 0.00166638945054945
12590 0.0016682210989011
12600 0.00167005274725275
12610 0.0016718843956044
12620 0.00167371604395604
12630 0.00167554769230769
12640 0.00167737934065934
12650 0.00167921098901099
12660 0.00168104263736264
12670 0.00168287428571429
12680 0.00168470593406593
12690 0.00168653758241758
12700 0.00168836923076923
12710 0.00169020087912088
12720 0.00169203252747253
12730 0.00169386417582418
12740 0.00169569582417582
12750 0.00169752747252747
12760 0.00169935912087912
12770 0.00170119076923077
12780 0.00170302241758242
12790 0.00170485406593407
12800 0.00170668571428571
12810 0.00170851736263736
12820 0.00171034901098901
12830 0.00171218065934066
12840 0.00171401230769231
12850 0.00171584395604396
12860 0.0017176756043956
12870 0.00171950725274725
12880 0.0017213389010989
12890 0.00172317054945055
12900 0.0017250021978022
12910 0.00172683384615385
12920 0.00172866549450549
12930 0.00173049714285714
12940 0.00173232879120879
12950 0.00173416043956044
12960 0.00173599208791209
12970 0.00173782373626374
12980 0.00173965538461538
12990 0.00174148703296703
13000 0.00174331868131868
13010 0.00174515032967033
13020 0.00174698197802198
13030 0.00174881362637363
13040 0.00175064527472527
13050 0.00175247692307692
13060 0.00175430857142857
13070 0.00175614021978022
13080 0.00175797186813187
13090 0.00175980351648352
13100 0.00176163516483517
13110 0.00176346681318681
13120 0.00176529846153846
13130 0.00176713010989011
13140 0.00176896175824176
13150 0.00177079340659341
13160 0.00177262505494506
13170 0.0017744567032967
13180 0.00177628835164835
13190 0.00177812
13200 0.00177995164835165
13210 0.0017817832967033
13220 0.00178361494505495
13230 0.00178544659340659
13240 0.00178727824175824
13250 0.00178910989010989
13260 0.00179094153846154
13270 0.00179277318681319
13280 0.00179460483516484
13290 0.00179643648351648
13300 0.00179826813186813
13310 0.00180009978021978
13320 0.00180193142857143
13330 0.00180376307692308
13340 0.00180559472527473
13350 0.00180742637362637
13360 0.00180925802197802
13370 0.00181108967032967
13380 0.00181292131868132
13390 0.00181475296703297
13400 0.00181658461538462
13410 0.00181841626373626
13420 0.00182024791208791
13430 0.00182207956043956
13440 0.00182391120879121
13450 0.00182574285714286
13460 0.00182757450549451
13470 0.00182940615384615
13480 0.0018312378021978
13490 0.00183306945054945
13500 0.0018349010989011
13510 0.00183673274725275
13520 0.0018385643956044
13530 0.00184039604395604
13540 0.00184222769230769
13550 0.00184405934065934
13560 0.00184589098901099
13570 0.00184772263736264
13580 0.00184955428571429
13590 0.00185138593406593
13600 0.00185321758241758
13610 0.00185504923076923
13620 0.00185688087912088
13630 0.00185871252747253
13640 0.00186054417582418
13650 0.00186237582417582
13660 0.00186420747252747
13670 0.00186603912087912
13680 0.00186787076923077
13690 0.00186970241758242
13700 0.00187153406593407
13710 0.00187336571428571
13720 0.00187519736263736
13730 0.00187702901098901
13740 0.00187886065934066
13750 0.00188069230769231
13760 0.00188252395604396
13770 0.0018843556043956
13780 0.00188618725274725
13790 0.0018880189010989
13800 0.00188985054945055
13810 0.0018916821978022
13820 0.00189351384615385
13830 0.00189534549450549
13840 0.00189717714285714
13850 0.00189900879120879
13860 0.00190084043956044
13870 0.00190267208791209
13880 0.00190450373626374
13890 0.00190633538461538
13900 0.00190816703296703
13910 0.00190999868131868
13920 0.00191183032967033
13930 0.00191366197802198
13940 0.00191549362637363
13950 0.00191732527472527
13960 0.00191915692307692
13970 0.00192098857142857
13980 0.00192282021978022
13990 0.00192465186813187
14000 0.00192648351648352
14010 0.00192831516483517
14020 0.00193014681318681
14030 0.00193197846153846
14040 0.00193381010989011
14050 0.00193564175824176
14060 0.00193747340659341
14070 0.00193930505494506
14080 0.0019411367032967
14090 0.00194296835164835
14100 0.0019448
14110 0.00194663164835165
14120 0.0019484632967033
14130 0.00195029494505495
14140 0.00195212659340659
14150 0.00195395824175824
14160 0.00195578989010989
14170 0.00195762153846154
14180 0.00195945318681319
14190 0.00196128483516484
14200 0.00196311648351648
14210 0.00196494813186813
14220 0.00196677978021978
14230 0.00196861142857143
14240 0.00197044307692308
14250 0.00197227472527473
14260 0.00197410637362637
14270 0.00197593802197802
14280 0.00197776967032967
14290 0.00197960131868132
14300 0.00198143296703297
14310 0.00198326461538462
14320 0.00198509626373626
14330 0.00198692791208791
14340 0.00198875956043956
14350 0.00199059120879121
14360 0.00199242285714286
14370 0.00199425450549451
14380 0.00199608615384615
14390 0.0019979178021978
14400 0.00199974945054945
14410 0.0020015810989011
14420 0.00200341274725275
14430 0.0020052443956044
14440 0.00200707604395604
14450 0.00200890769230769
14460 0.00201073934065934
14470 0.00201257098901099
14480 0.00201440263736264
14490 0.00201623428571429
14500 0.00201806593406593
14510 0.00201989758241758
14520 0.00202172923076923
14530 0.00202356087912088
14540 0.00202539252747253
14550 0.00202722417582418
14560 0.00202905582417582
14570 0.00203088747252747
14580 0.00203271912087912
14590 0.00203455076923077
14600 0.00203638241758242
14610 0.00203821406593407
14620 0.00204004571428571
14630 0.00204187736263736
14640 0.00204370901098901
14650 0.00204554065934066
14660 0.00204737230769231
14670 0.00204920395604396
14680 0.0020510356043956
14690 0.00205286725274725
14700 0.0020546989010989
14710 0.00205653054945055
14720 0.0020583621978022
14730 0.00206019384615385
14740 0.00206202549450549
14750 0.00206385714285714
14760 0.00206568879120879
14770 0.00206752043956044
14780 0.00206935208791209
14790 0.00207118373626374
14800 0.00207301538461538
14810 0.00207484703296703
14820 0.00207667868131868
14830 0.00207851032967033
14840 0.00208034197802198
14850 0.00208217362637363
14860 0.00208400527472527
14870 0.00208583692307692
14880 0.00208766857142857
14890 0.00208950021978022
14900 0.00209133186813187
14910 0.00209316351648352
14920 0.00209499516483516
14930 0.00209682681318681
14940 0.00209865846153846
14950 0.00210049010989011
14960 0.00210232175824176
14970 0.00210415340659341
14980 0.00210598505494505
14990 0.0021078167032967
15000 0.00210964835164835
15010 0.00211148
15020 0.00211148
15030 0.00211148
15040 0.00211148
15050 0.00211148
15060 0.00211148
15070 0.00211148
15080 0.00211148
15090 0.00211148
15100 0.00211148
15110 0.00211148
15120 0.00211148
15130 0.00211148
15140 0.00211148
15150 0.00211148
15160 0.00211148
15170 0.00211148
15180 0.00211148
15190 0.00211148
15200 0.00211148
15210 0.00211148
15220 0.00211148
15230 0.00211148
15240 0.00211148
15250 0.00211148
15260 0.00211148
15270 0.00211148
15280 0.00211148
15290 0.00211148
15300 0.00211148
15310 0.00211148
15320 0.00211148
15330 0.00211148
15340 0.00211148
15350 0.00211148
15360 0.00211148
15370 0.00211148
15380 0.00211148
15390 0.00211148
15400 0.00211148
15410 0.00211148
15420 0.00211148
15430 0.00211148
15440 0.00211148
15450 0.00211148
15460 0.00211148
15470 0.00211148
15480 0.00211148
15490 0.00211148
15500 0.00211148
15510 0.00211148
15520 0.00211148
15530 0.00211148
15540 0.00211148
15550 0.00211148
15560 0.00211148
15570 0.00211148
15580 0.00211148
15590 0.00211148
15600 0.00211148
15610 0.00211148
15620 0.00211148
15630 0.00211148
15640 0.00211148
15650 0.00211148
15660 0.00211148
15670 0.00211148
15680 0.00211148
15690 0.00211148
15700 0.00211148
15710 0.00211148
15720 0.00211148
15730 0.00211148
15740 0.00211148
15750 0.00211148
15760 0.00211148
15770 0.00211148
15780 0.00211148
15790 0.00211148
15800 0.00211148
15810 0.00211148
15820 0.00211148
15830 0.00211148
15840 0.00211148
15850 0.00211148
15860 0.00211148
15870 0.00211148
15880 0.00211148
15890 0.00211148
15900 0.00211148
15910 0.00211148
15920 0.00211148
15930 0.00211148
15940 0.00211148
15950 0.00211148
15960 0.00211148
15970 0.00211148
15980 0.00211148
15990 0.00211148
16000 0.00211148
16010 0.00211148
16020 0.00211148
16030 0.00211148
16040 0.00211148
16050 0.00211148
16060 0.00211148
16070 0.00211148
16080 0.00211148
16090 0.00211148
16100 0.00211148
16110 0.00211148
16120 0.00211148
16130 0.00211148
16140 0.00211148
16150 0.00211148
16160 0.00211148
16170 0.00211148
16180 0.00211148
16190 0.00211148
16200 0.00211148
16210 0.00211148
16220 0.00211148
16230 0.00211148
16240 0.00211148
16250 0.00211148
16260 0.00211148
16270 0.00211148
16280 0.00211148
16290 0.00211148
16300 0.00211148
16310 0.00211148
16320 0.00211148
16330 0.00211148
16340 0.00211148
16350 0.00211148
16360 0.00211148
16370 0.00211148
16380 0.00211148
16390 0.00211148
16400 0.00211148
16410 0.00211148
16420 0.00211148
16430 0.00211148
16440 0.00211148
16450 0.00211148
16460 0.00211148
16470 0.00211148
16480 0.00211148
16490 0.00211148
16500 0.00211148
16510 0.00211148
16520 0.00211148
16530 0.00211148
16540 0.00211148
16550 0.00211148
16560 0.00211148
16570 0.00211148
16580 0.00211148
16590 0.00211148
16600 0.00211148
16610 0.00211148
16620 0.00211148
16630 0.00211148
16640 0.00211148
16650 0.00211148
16660 0.00211148
16670 0.00211148
16680 0.00211148
16690 0.00211148
16700 0.00211148
16710 0.00211148
16720 0.00211148
16730 0.00211148
16740 0.00211148
16750 0.00211148
16760 0.00211148
16770 0.00211148
16780 0.00211148
16790 0.00211148
16800 0.00211148
16810 0.00211148
16820 0.00211148
16830 0.00211148
16840 0.00211148
16850 0.00211148
16860 0.00211148
16870 0.00211148
16880 0.00211148
16890 0.00211148
16900 0.00211148
16910 0.00211148
16920 0.00211148
16930 0.00211148
16940 0.00211148
16950 0.00211148
16960 0.00211148
16970 0.00211148
16980 0.00211148
16990 0.00211148
17000 0.00211148
17010 0.00211148
17020 0.00211148
17030 0.00211148
17040 0.00211148
17050 0.00211148
17060 0.00211148
17070 0.00211148
17080 0.00211148
17090 0.00211148
17100 0.00211148
17110 0.00211148
17120 0.00211148
17130 0.00211148
17140 0.00211148
17150 0.00211148
17160 0.00211148
17170 0.00211148
17180 0.00211148
17190 0.00211148
17200 0.00211148
17210 0.00211148
17220 0.00211148
17230 0.00211148
17240 0.00211148
17250 0.00211148
17260 0.00211148
17270 0.00211148
17280 0.00211148
17290 0.00211148
17300 0.00211148
17310 0.00211148
17320 0.00211148
17330 0.00211148
17340 0.00211148
17350 0.00211148
17360 0.00211148
17370 0.00211148
17380 0.00211148
17390 0.00211148
17400 0.00211148
17410 0.00211148
17420 0.00211148
17430 0.00211148
17440 0.00211148
17450 0.00211148
17460 0.00211148
17470 0.00211148
17480 0.00211148
17490 0.00211148
17500 0.00211148
17510 0.00211148
17520 0.00211148
17530 0.00211148
17540 0.00211148
17550 0.00211148
17560 0.00211148
17570 0.00211148
17580 0.00211148
17590 0.00211148
17600 0.00211148
17610 0.00211148
17620 0.00211148
17630 0.00211148
17640 0.00211148
17650 0.00211148
17660 0.00211148
17670 0.00211148
17680 0.00211148
17690 0.00211148
17700 0.00211148
17710 0.00211148
17720 0.00211148
17730 0.00211148
17740 0.00211148
17750 0.00211148
17760 0.00211148
17770 0.00211148
17780 0.00211148
17790 0.00211148
17800 0.00211148
17810 0.00211148
17820 0.00211148
17830 0.00211148
17840 0.00211148
17850 0.00211148
17860 0.00211148
17870 0.00211148
17880 0.00211148
17890 0.00211148
17900 0.00211148
17910 0.00211148
17920 0.00211148
17930 0.00211148
17940 0.00211148
17950 0.00211148
17960 0.00211148
17970 0.00211148
17980 0.00211148
17990 0.00211148
18000 0.00211148
18010 0.00211148
18020 0.00211148
18030 0.00211148
18040 0.00211148
18050 0.00211148
18060 0.00211148
18070 0.00211148
18080 0.00211148
18090 0.00211148
18100 0.00211148
18110 0.00211148
18120 0.00211148
18130 0.00211148
18140 0.00211148
18150 0.00211148
18160 0.00211148
18170 0.00211148
18180 0.00211148
18190 0.00211148
18200 0.00211148
18210 0.00211148
18220 0.00211148
18230 0.00211148
18240 0.00211148
18250 0.00211148
18260 0.00211148
18270 0.00211148
18280 0.00211148
18290 0.00211148
18300 0.00211148
18310 0.00211148
18320 0.00211148
18330 0.00211148
18340 0.00211148
18350 0.00211148
18360 0.00211148
18370 0.00211148
18380 0.00211148
18390 0.00211148
18400 0.00211148
18410 0.00211148
18420 0.00211148
18430 0.00211148
18440 0.00211148
18450 0.00211148
18460 0.00211148
18470 0.00211148
18480 0.00211148
18490 0.00211148
18500 0.00211148
18510 0.00211148
18520 0.00211148
18530 0.00211148
18540 0.00211148
18550 0.00211148
18560 0.00211148
18570 0.00211148
18580 0.00211148
18590 0.00211148
18600 0.00211148
18610 0.00211148
18620 0.00211148
18630 0.00211148
18640 0.00211148
18650 0.00211148
18660 0.00211148
18670 0.00211148
18680 0.00211148
18690 0.00211148
18700 0.00211148
18710 0.00211148
18720 0.00211148
18730 0.00211148
18740 0.00211148
18750 0.00211148
18760 0.00211148
18770 0.00211148
18780 0.00211148
18790 0.00211148
18800 0.00211148
18810 0.00211148
18820 0.00211148
18830 0.00211148
18840 0.00211148
18850 0.00211148
18860 0.00211148
18870 0.00211148
18880 0.00211148
18890 0.00211148
18900 0.00211148
18910 0.00211148
18920 0.00211148
18930 0.00211148
18940 0.00211148
18950 0.00211148
18960 0.00211148
18970 0.00211148
18980 0.00211148
18990 0.00211148
19000 0.00211148
19010 0.00211148
19020 0.00211148
19030 0.00211148
19040 0.00211148
19050 0.00211148
19060 0.00211148
19070 0.00211148
19080 0.00211148
19090 0.00211148
19100 0.00211148
19110 0.00211148
19120 0.00211148
19130 0.00211148
19140 0.00211148
19150 0.00211148
19160 0.00211148
19170 0.00211148
19180 0.00211148
19190 0.00211148
19200 0.00211148
19210 0.00211148
19220 0.00211148
19230 0.00211148
19240 0.00211148
19250 0.00211148
19260 0.00211148
19270 0.00211148
19280 0.00211148
19290 0.00211148
19300 0.00211148
19310 0.00211148
19320 0.00211148
19330 0.00211148
19340 0.00211148
19350 0.00211148
19360 0.00211148
19370 0.00211148
19380 0.00211148
19390 0.00211148
19400 0.00211148
19410 0.00211148
19420 0.00211148
19430 0.00211148
19440 0.00211148
19450 0.00211148
19460 0.00211148
19470 0.00211148
19480 0.00211148
19490 0.00211148
19500 0.00211148
19510 0.00211148
19520 0.00211148
19530 0.00211148
19540 0.00211148
19550 0.00211148
19560 0.00211148
19570 0.00211148
19580 0.00211148
19590 0.00211148
19600 0.00211148
19610 0.00211148
19620 0.00211148
19630 0.00211148
19640 0.00211148
19650 0.00211148
19660 0.00211148
19670 0.00211148
19680 0.00211148
19690 0.00211148
19700 0.00211148
19710 0.00211148
19720 0.00211148
19730 0.00211148
19740 0.00211148
19750 0.00211148
19760 0.00211148
19770 0.00211148
19780 0.00211148
19790 0.00211148
19800 0.00211148
19810 0.00211148
19820 0.00211148
19830 0.00211148
19840 0.00211148
19850 0.00211148
19860 0.00211148
19870 0.00211148
19880 0.00211148
19890 0.00211148
19900 0.00211148
19910 0.00211148
19920 0.00211148
19930 0.00211148
19940 0.00211148
19950 0.00211148
19960 0.00211148
19970 0.00211148
19980 0.00211148
19990 0.00211148
20000 0.00211148
20010 0.00211148
20020 0.00211148
20030 0.00211148
20040 0.00211148
20050 0.00211148
20060 0.00211148
20070 0.00211148
20080 0.00211148
20090 0.00211148
20100 0.00211148
20110 0.00211148
20120 0.00211148
20130 0.00211148
20140 0.00211148
20150 0.00211148
20160 0.00211148
20170 0.00211148
20180 0.00211148
20190 0.00211148
20200 0.00211148
20210 0.00211148
20220 0.00211148
20230 0.00211148
20240 0.00211148
20250 0.00211148
20260 0.00211148
20270 0.00211148
20280 0.00211148
20290 0.00211148
20300 0.00211148
20310 0.00211148
20320 0.00211148
20330 0.00211148
20340 0.00211148
20350 0.00211148
20360 0.00211148
20370 0.00211148
20380 0.00211148
20390 0.00211148
20400 0.00211148
20410 0.00211148
20420 0.00211148
20430 0.00211148
20440 0.00211148
20450 0.00211148
20460 0.00211148
20470 0.00211148
20480 0.00211148
20490 0.00211148
20500 0.00211148
20510 0.00211148
20520 0.00211148
20530 0.00211148
20540 0.00211148
20550 0.00211148
20560 0.00211148
20570 0.00211148
20580 0.00211148
20590 0.00211148
20600 0.00211148
20610 0.00211148
20620 0.00211148
20630 0.00211148
20640 0.00211148
20650 0.00211148
20660 0.00211148
20670 0.00211148
20680 0.00211148
20690 0.00211148
20700 0.00211148
20710 0.00211148
20720 0.00211148
20730 0.00211148
20740 0.00211148
20750 0.00211148
20760 0.00211148
20770 0.00211148
20780 0.00211148
20790 0.00211148
20800 0.00211148
20810 0.00211148
20820 0.00211148
20830 0.00211148
20840 0.00211148
20850 0.00211148
20860 0.00211148
20870 0.00211148
20880 0.00211148
20890 0.00211148
20900 0.00211148
20910 0.00211148
20920 0.00211148
20930 0.00211148
20940 0.00211148
20950 0.00211148
20960 0.00211148
20970 0.00211148
20980 0.00211148
20990 0.00211148
21000 0.00211148
21010 0.00211148
21020 0.00211148
21030 0.00211148
21040 0.00211148
21050 0.00211148
21060 0.00211148
21070 0.00211148
21080 0.00211148
21090 0.00211148
21100 0.00211148
21110 0.00211148
21120 0.00211148
21130 0.00211148
21140 0.00211148
21150 0.00211148
21160 0.00211148
21170 0.00211148
21180 0.00211148
21190 0.00211148
21200 0.00211148
21210 0.00211148
21220 0.00211148
21230 0.00211148
21240 0.00211148
21250 0.00211148
21260 0.00211148
21270 0.00211148
21280 0.00211148
21290 0.00211148
21300 0.00211148
21310 0.00211148
21320 0.00211148
21330 0.00211148
21340 0.00211148
21350 0.00211148
21360 0.00211148
21370 0.00211148
21380 0.00211148
21390 0.00211148
21400 0.00211148
21410 0.00211148
21420 0.00211148
21430 0.00211148
21440 0.00211148
21450 0.00211148
21460 0.00211148
21470 0.00211148
21480 0.00211148
21490 0.00211148
21500 0.00211148
21510 0.00211148
21520 0.00211148
21530 0.00211148
21540 0.00211148
21550 0.00211148
21560 0.00211148
21570 0.00211148
21580 0.00211148
21590 0.00211148
21600 0.00211148
21610 0.00211148
21620 0.00211148
21630 0.00211148
21640 0.00211148
21650 0.00211148
21660 0.00211148
21670 0.00211148
21680 0.00211148
21690 0.00211148
21700 0.00211148
21710 0.00211148
21720 0.00211148
21730 0.00211148
21740 0.00211148
21750 0.00211148
21760 0.00211148
21770 0.00211148
21780 0.00211148
21790 0.00211148
21800 0.00211148
21810 0.00211148
21820 0.00211148
21830 0.00211148
21840 0.00211148
21850 0.00211148
21860 0.00211148
21870 0.00211148
21880 0.00211148
21890 0.00211148
21900 0.00211148
21910 0.00211148
21920 0.00211148
21930 0.00211148
21940 0.00211148
21950 0.00211148
21960 0.00211148
21970 0.00211148
21980 0.00211148
21990 0.00211148
22000 0.00211148
22010 0.00211148
22020 0.00211148
22030 0.00211148
22040 0.00211148
22050 0.00211148
22060 0.00211148
22070 0.00211148
22080 0.00211148
22090 0.00211148
22100 0.00211148
22110 0.00211148
22120 0.00211148
22130 0.00211148
22140 0.00211148
22150 0.00211148
22160 0.00211148
22170 0.00211148
22180 0.00211148
22190 0.00211148
22200 0.00211148
22210 0.00211148
22220 0.00211148
22230 0.00211148
22240 0.00211148
22250 0.00211148
22260 0.00211148
22270 0.00211148
22280 0.00211148
22290 0.00211148
22300 0.00211148
22310 0.00211148
22320 0.00211148
22330 0.00211148
22340 0.00211148
22350 0.00211148
22360 0.00211148
22370 0.00211148
22380 0.00211148
22390 0.00211148
22400 0.00211148
22410 0.00211148
22420 0.00211148
22430 0.00211148
22440 0.00211148
22450 0.00211148
22460 0.00211148
22470 0.00211148
22480 0.00211148
22490 0.00211148
22500 0.00211148
22510 0.00211148
22520 0.00211148
22530 0.00211148
22540 0.00211148
22550 0.00211148
22560 0.00211148
22570 0.00211148
22580 0.00211148
22590 0.00211148
22600 0.00211148
22610 0.00211148
22620 0.00211148
22630 0.00211148
22640 0.00211148
22650 0.00211148
22660 0.00211148
22670 0.00211148
22680 0.00211148
22690 0.00211148
22700 0.00211148
22710 0.00211148
22720 0.00211148
22730 0.00211148
22740 0.00211148
22750 0.00211148
22760 0.00211148
22770 0.00211148
22780 0.00211148
22790 0.00211148
22800 0.00211148
22810 0.00211148
22820 0.00211148
22830 0.00211148
22840 0.00211148
22850 0.00211148
22860 0.00211148
22870 0.00211148
22880 0.00211148
22890 0.00211148
22900 0.00211148
22910 0.00211148
22920 0.00211148
22930 0.00211148
22940 0.00211148
22950 0.00211148
22960 0.00211148
22970 0.00211148
22980 0.00211148
22990 0.00211148
23000 0.00211148
23010 0.00211148
23020 0.00211148
23030 0.00211148
23040 0.00211148
23050 0.00211148
23060 0.00211148
23070 0.00211148
23080 0.00211148
23090 0.00211148
23100 0.00211148
23110 0.00211148
23120 0.00211148
23130 0.00211148
23140 0.00211148
23150 0.00211148
23160 0.00211148
23170 0.00211148
23180 0.00211148
23190 0.00211148
23200 0.00211148
23210 0.00211148
23220 0.00211148
23230 0.00211148
23240 0.00211148
23250 0.00211148
23260 0.00211148
23270 0.00211148
23280 0.00211148
23290 0.00211148
23300 0.00211148
23310 0.00211148
23320 0.00211148
23330 0.00211148
23340 0.00211148
23350 0.00211148
23360 0.00211148
23370 0.00211148
23380 0.00211148
23390 0.00211148
23400 0.00211148
23410 0.00211148
23420 0.00211148
23430 0.00211148
23440 0.00211148
23450 0.00211148
23460 0.00211148
23470 0.00211148
23480 0.00211148
23490 0.00211148
23500 0.00211148
23510 0.00211148
23520 0.00211148
23530 0.00211148
23540 0.00211148
23550 0.00211148
23560 0.00211148
23570 0.00211148
23580 0.00211148
23590 0.00211148
23600 0.00211148
23610 0.00211148
23620 0.00211148
23630 0.00211148
23640 0.00211148
23650 0.00211148
23660 0.00211148
23670 0.00211148
23680 0.00211148
23690 0.00211148
23700 0.00211148
23710 0.00211148
23720 0.00211148
23730 0.00211148
23740 0.00211148
23750 0.00211148
23760 0.00211148
23770 0.00211148
23780 0.00211148
23790 0.00211148
23800 0.00211148
23810 0.00211148
23820 0.00211148
23830 0.00211148
23840 0.00211148
23850 0.00211148
23860 0.00211148
23870 0.00211148
23880 0.00211148
23890 0.00211148
23900 0.00211148
23910 0.00211148
23920 0.00211148
23930 0.00211148
23940 0.00211148
23950 0.00211148
23960 0.00211148
23970 0.00211148
23980 0.00211148
23990 0.00211148
24000 0.00211148
24010 0.00211148
24020 0.00211148
24030 0.00211148
24040 0.00211148
24050 0.00211148
24060 0.00211148
24070 0.00211148
24080 0.00211148
24090 0.00211148
24100 0.00211148
24110 0.00211148
24120 0.00211148
24130 0.00211148
24140 0.00211148
24150 0.00211148
24160 0.00211148
24170 0.00211148
24180 0.00211148
24190 0.00211148
24200 0.00211148
24210 0.00211148
24220 0.00211148
24230 0.00211148
24240 0.00211148
24250 0.00211148
24260 0.00211148
24270 0.00211148
24280 0.00211148
24290 0.00211148
24300 0.00211148
24310 0.00211148
24320 0.00211148
24330 0.00211148
24340 0.00211148
24350 0.00211148
24360 0.00211148
24370 0.00211148
24380 0.00211148
24390 0.00211148
24400 0.00211148
24410 0.00211148
24420 0.00211148
24430 0.00211148
24440 0.00211148
24450 0.00211148
24460 0.00211148
24470 0.00211148
24480 0.00211148
24490 0.00211148
24500 0.00211148
24510 0.00211148
24520 0.00211148
24530 0.00211148
24540 0.00211148
24550 0.00211148
24560 0.00211148
24570 0.00211148
24580 0.00211148
24590 0.00211148
24600 0.00211148
24610 0.00211148
24620 0.00211148
24630 0.00211148
24640 0.00211148
24650 0.00211148
24660 0.00211148
24670 0.00211148
24680 0.00211148
24690 0.00211148
24700 0.00211148
24710 0.00211148
24720 0.00211148
24730 0.00211148
24740 0.00211148
24750 0.00211148
24760 0.00211148
24770 0.00211148
24780 0.00211148
24790 0.00211148
24800 0.00211148
24810 0.00211148
24820 0.00211148
24830 0.00211148
24840 0.00211148
24850 0.00211148
24860 0.00211148
24870 0.00211148
24880 0.00211148
24890 0.00211148
24900 0.00211148
24910 0.00211148
24920 0.00211148
24930 0.00211148
24940 0.00211148
24950 0.00211148
24960 0.00211148
24970 0.00211148
24980 0.00211148
24990 0.00211148
25000 0.00211148
-END-OF-DATA-
