   1.9223798e-02
   1.4518499e-01
   3.5665920e-01
   6.9498783e-01
   1.4179006e+00
   2.7024355e+00
   2.3173664e+00
   5.5771685e-01
  -1.3379949e+00
  -2.6923494e+00
  -3.3897760e+00
  -3.5884697e+00
  -3.7673821e+00
  -3.9757152e+00
  -4.1813493e+00
  -4.6981950e+00
  -5.5870900e+00
  -5.7366090e+00
  -3.6202881e+00
  -1.9865569e+00
  -2.1474364e+00
  -2.4010513e+00
  -2.2717214e+00
  -1.4340726e+00
  -1.3000743e+00
  -1.0236788e+00
  -4.3045732e-01
  -2.2107820e-01
  -1.9929256e-01
  -2.7797437e-01
  -3.5236904e-01
  -4.6348098e-01
  -6.7727125e-01
  -7.5673866e-01
  -6.4496207e-01
  -2.5739008e-01
  -4.9260149e+00
  -4.2912517e+00
  -3.7693219e+00
  -3.1243501e+00
  -1.9640641e+00
   1.5939358e-01
   2.2161584e+00
   1.6918238e+00
   1.3471507e+00
   1.2685124e+00
   1.3123261e+00
   1.3504781e+00
   1.4585632e+00
   1.6518081e+00
   1.8050709e+00
   1.7752262e+00
   1.5620472e+00
   6.6484457e-01
  -3.3861691e-01
   4.0972507e-01
  -1.7114383e-01
  -7.3029500e-01
  -1.5639975e+00
  -1.4147176e+00
  -2.2144496e+00
  -3.2300332e+00
  -2.9562516e+00
  -3.6097779e+00
  -4.5808783e+00
  -4.8114395e+00
  -4.8787336e+00
  -4.9391465e+00
  -5.5887465e+00
  -6.3490462e+00
  -6.6273136e+00
  -5.8864779e+00
  -3.6332386e+00
  -3.6678159e+00
  -3.3058841e+00
  -2.3201928e+00
  -1.4618160e+00
  -4.5082363e-01
   6.0895300e-01
   1.3764974e+00
   2.9002259e+00
   3.7387400e+00
   4.2144785e+00
   4.4631820e+00
   4.5923266e+00
   4.6858950e+00
   4.7749901e+00
   4.7930789e+00
   4.6371260e+00
   4.1218147e+00
   2.4986751e+00
   1.7952299e+00
   7.8083628e-01
   3.2359579e-01
  -1.8522555e+00
  -2.5371795e+00
  -2.9145966e+00
  -3.4906886e+00
  -4.2147326e+00
  -2.7242153e+00
  -3.7501776e+00
  -4.8978233e+00
  -5.0112324e+00
  -4.6257048e+00
  -3.6745446e+00
  -3.5174060e+00
  -4.0360041e+00
  -4.4176455e+00
   1.5804510e+00
   1.4757574e+00
   1.0213491e+00
   8.3811861e-01
   1.0736876e+00
   1.4195993e+00
   1.7316120e+00
   2.7517500e+00
   4.0007024e+00
   4.9350147e+00
   5.6021042e+00
   5.9099531e+00
   5.9605203e+00
   5.9458961e+00
   5.9456420e+00
   5.9461617e+00
   5.8211317e+00
   5.4907436e+00
   4.5168014e+00
   2.1380908e+00
   1.5655124e+00
   1.4317036e+00
   3.6465430e-01
   4.3778160e-01
   1.9279112e-01
   3.1878069e-01
  -1.9829237e-01
  -2.3811674e-01
   7.8725284e-01
   1.2104862e+00
   1.1913553e+00
   1.5523758e+00
   3.0168409e+00
   3.7127218e+00
   3.9910917e+00
   3.3062925e+00
   5.9681907e+00
   5.6115980e+00
   2.8976588e+00
   2.1629477e+00
   2.5497169e+00
   4.6354513e+00
   4.5424337e+00
   4.1695557e+00
   4.5062346e+00
   4.9495406e+00
   5.2142744e+00
   5.4097943e+00
   5.4629312e+00
   5.4947166e+00
   5.5308237e+00
   5.5593839e+00
   5.5732512e+00
   5.5242710e+00
   5.3189387e+00
   3.0080829e+00
   2.3672631e+00
   1.7345253e+00
   2.7322633e+00
   1.4234180e+00
   1.6947594e+00
   1.3676046e+00
   1.5793613e+00
   1.8024830e+00
   2.1391075e+00
   2.5479414e+00
   2.6548278e+00
   3.7660172e+00
   4.7914743e+00
   5.1156836e+00
   5.7965155e+00
   6.1225476e+00
   5.2977463e+00
   5.2344869e+00
   5.0456288e+00
   2.7225779e+00
   3.9538019e+00
   5.3811191e+00
   4.5128117e+00
   3.8114614e+00
   3.5369591e+00
   3.5425767e+00
   3.5995829e+00
   3.7144325e+00
   3.7933566e+00
   3.8573160e+00
   3.9165132e+00
   3.9728885e+00
   4.1240966e+00
   4.3874691e+00
   4.7039314e+00
   4.5881622e+00
   2.5334777e+00
   2.0379980e+00
   2.9877989e+00
   2.0443221e+00
   2.4032062e+00
   1.7285027e+00
   2.2858149e+00
   2.5736039e+00
   2.6371729e+00
   2.7203089e+00
   2.3403988e+00
   3.0438318e+00
   5.3492025e+00
   5.2155296e+00
   5.4445818e+00
   5.3850654e+00
   3.1606865e+00
   2.9390998e+00
   2.8243415e+00
   2.6098089e+00
   3.3514819e+00
   3.0204976e+00
   2.3232083e+00
   1.6500129e+00
   1.2105659e+00
   1.0771847e+00
   1.1305164e+00
   1.2704535e+00
   1.4137392e+00
   1.5011523e+00
   1.5934031e+00
   1.7300552e+00
   2.0129173e+00
   2.5193276e+00
   3.1816299e+00
   4.1217585e+00
   2.7076452e+00
   2.7844238e+00
   2.6709502e+00
   1.9857898e+00
   2.2105970e+00
   2.4622416e+00
   2.8766737e+00
   2.9117398e+00
   2.2740467e+00
   1.9910811e+00
   2.0702682e+00
   3.4110587e+00
   4.6150064e+00
   4.2570939e+00
   3.9521875e+00
   3.5678818e+00
  -5.6645960e-02
  -4.7878453e-01
  -4.8891973e-01
  -2.3807800e-01
   1.3753533e-01
  -1.4371021e-01
  -6.1612867e-01
  -1.1046051e+00
  -1.5050807e+00
  -1.6740022e+00
  -1.6599497e+00
  -1.5105869e+00
  -1.3387203e+00
  -1.1802723e+00
  -9.9321830e-01
  -7.1207080e-01
  -3.1010541e-01
   2.3016359e-01
   9.0040035e-01
   1.7397881e+00
   2.2948489e+00
   2.2976155e+00
   2.4611268e+00
   2.0399516e+00
   1.9062646e+00
   2.0455980e+00
   1.4656234e+00
   1.3446054e+00
   8.5423398e-01
   6.7574257e-01
   9.2964316e-01
   2.4098179e+00
   2.1704352e+00
   1.6459436e+00
   1.0926667e+00
   5.0972384e-01
  -2.8054216e+00
  -3.1216402e+00
  -2.9336643e+00
  -2.6293895e+00
  -2.3626947e+00
  -2.4473350e+00
  -2.6875648e+00
  -3.0174732e+00
  -3.3660936e+00
  -3.5633962e+00
  -3.5788031e+00
  -3.4112525e+00
  -3.1788523e+00
  -2.8643057e+00
  -2.5065715e+00
  -2.1339910e+00
  -1.8225231e+00
  -1.5391176e+00
  -1.1571685e+00
  -5.5065590e-01
   9.2636597e-01
   9.3865424e-01
   6.0748291e-01
   1.1931503e+00
   1.0256873e+00
   1.1924513e-01
   3.2064863e-02
  -1.5086250e-01
  -1.3765328e-01
  -2.9301614e-01
  -7.7676505e-01
  -4.5610157e-01
  -6.4468050e-01
  -1.1592437e+00
  -1.7379370e+00
  -2.2925456e+00
  -5.1215057e+00
  -5.1309605e+00
  -4.8817854e+00
  -4.6056104e+00
  -4.3182445e+00
  -4.2101021e+00
  -4.3092232e+00
  -4.5746241e+00
  -4.9197044e+00
  -5.1131306e+00
  -5.1144781e+00
  -4.8804994e+00
  -4.4475942e+00
  -3.8660502e+00
  -3.3578880e+00
  -3.0927947e+00
  -3.1128380e+00
  -3.3540797e+00
  -3.5340419e+00
  -3.3682694e+00
  -1.5513587e+00
  -8.1095594e-01
  -1.0189129e+00
  -1.5509775e+00
  -2.0813091e+00
  -1.3794312e+00
  -1.5299165e+00
  -9.6109015e-01
  -7.1446049e-01
  -1.0114636e+00
  -2.5487542e+00
  -3.2423940e+00
  -3.5951569e+00
  -4.0720935e+00
  -4.5081649e+00
  -4.8657374e+00
  -5.9597025e+00
  -5.8784208e+00
  -5.5740619e+00
  -5.2543521e+00
  -4.9395413e+00
  -4.8078432e+00
  -4.9324460e+00
  -5.2056565e+00
  -5.5510216e+00
  -5.7345376e+00
  -5.7313519e+00
  -5.3870153e+00
  -4.8142581e+00
  -4.1681499e+00
  -3.7025375e+00
  -3.7233427e+00
  -4.0947657e+00
  -4.6839795e+00
  -5.1564164e+00
  -5.1564879e+00
  -3.9973969e+00
  -2.9621663e+00
  -2.2224324e+00
  -3.3401446e+00
  -3.6442003e+00
  -2.6611156e+00
  -2.4220824e+00
  -1.2861828e+00
  -9.9577910e-01
  -2.2640002e+00
  -3.3842514e+00
  -4.3192053e+00
  -4.8889723e+00
  -5.3436079e+00
  -5.6925092e+00
  -5.8696914e+00
  -5.8255734e+00
  -5.7879653e+00
  -5.4906526e+00
  -5.1508727e+00
  -4.8515391e+00
  -4.7138567e+00
  -4.8542089e+00
  -5.1270304e+00
  -5.4087739e+00
  -5.5470972e+00
  -5.5027080e+00
  -5.1602793e+00
  -4.7308769e+00
  -4.4154568e+00
  -4.4388647e+00
  -4.8598938e+00
  -5.4289627e+00
  -6.0430112e+00
  -6.4568176e+00
  -6.3308077e+00
  -4.7038574e+00
  -4.7013321e+00
  -4.9651589e+00
  -5.3959408e+00
  -3.9157183e+00
  -2.4430149e+00
  -1.9208760e+00
  -2.8712957e+00
  -2.6065862e+00
  -2.9816914e+00
  -3.8008084e+00
  -4.5631413e+00
  -5.1158004e+00
  -5.4911222e+00
  -5.7664256e+00
  -5.8273110e+00
  -4.9772840e+00
  -5.0155783e+00
  -4.7558045e+00
  -4.4245639e+00
  -4.1079116e+00
  -3.8979859e+00
  -3.9553130e+00
  -4.1414661e+00
  -4.2902904e+00
  -4.3351436e+00
  -4.3073564e+00
  -4.2987204e+00
  -4.4871364e+00
  -4.9708624e+00
  -5.6508341e+00
  -6.2479358e+00
  -6.7142243e+00
  -7.0806561e+00
  -7.1387510e+00
  -6.4388289e+00
  -4.8697004e+00
  -5.5257964e+00
  -5.5677757e+00
  -4.4529128e+00
  -2.5943596e+00
  -1.4191958e+00
  -1.2751906e+00
  -3.0599024e+00
  -3.2091594e+00
  -3.0424652e+00
  -3.4977374e+00
  -3.9694302e+00
  -4.3761325e+00
  -4.6404295e+00
  -4.8211999e+00
  -4.9407144e+00
  -3.7719646e+00
  -3.8415699e+00
  -3.5791578e+00
  -3.2150030e+00
  -2.8258028e+00
  -2.5668406e+00
  -2.5317647e+00
  -2.5720015e+00
  -2.5873897e+00
  -2.6454070e+00
  -2.8696322e+00
  -3.4190130e+00
  -4.3056498e+00
  -5.4058824e+00
  -6.4008918e+00
  -6.9646139e+00
  -7.2692013e+00
  -7.3622150e+00
  -7.0352573e+00
  -5.9498887e+00
  -4.4062767e+00
  -3.6534162e+00
  -3.2310374e+00
  -1.6622062e+00
  -7.8145623e-01
  -8.1819373e-01
  -1.0081302e+00
  -2.1978943e+00
  -3.5358441e+00
  -3.0219042e+00
  -3.0096674e+00
  -3.1107304e+00
  -3.2537460e+00
  -3.3422287e+00
  -3.4109535e+00
  -3.6070273e+00
  -1.4796380e+00
  -2.1605122e+00
  -1.9734237e+00
  -1.6653794e+00
  -1.3660181e+00
  -1.2257628e+00
  -1.2111387e+00
  -1.2744206e+00
  -1.4338009e+00
  -1.7891153e+00
  -2.3675265e+00
  -3.2189860e+00
  -4.1980085e+00
  -5.2571421e+00
  -6.1611824e+00
  -6.5732560e+00
  -6.6350770e+00
  -6.3900299e+00
  -5.7384405e+00
  -4.5128784e+00
  -2.3943968e+00
  -3.0826348e-01
  -4.4256821e-01
  -2.9855961e-01
  -1.3645488e-01
  -4.3783584e-01
  -8.8775951e-01
  -1.6503279e+00
  -3.3187022e+00
  -2.7407591e+00
  -2.1721225e+00
  -1.9062854e+00
  -1.7369829e+00
  -1.6290039e+00
  -1.6012939e+00
  -1.7786115e+00
  -1.8202838e-01
  -7.8966784e-01
  -1.0832131e+00
  -1.2792925e+00
  -1.4772319e+00
  -1.7659265e+00
  -2.0701451e+00
  -2.4317336e+00
  -2.8790407e+00
  -3.3858685e+00
  -3.9670796e+00
  -4.5905094e+00
  -5.0796466e+00
  -5.5024109e+00
  -5.8535466e+00
  -5.9509578e+00
  -5.6857672e+00
  -4.9924450e+00
  -3.8922439e+00
  -2.3661637e+00
   3.4280396e-01
   1.4230058e+00
   2.4151534e-01
   1.8233053e-02
  -4.9321882e-02
  -2.7949959e-01
  -7.8477168e-01
  -1.3625846e+00
  -3.1446626e+00
  -2.3456168e+00
  -1.1220565e+00
  -4.5395154e-01
  -1.1497714e-02
   1.8200749e-01
   1.8399391e-01
   1.1802860e-02
   1.0878686e-01
  -5.4978245e-01
  -1.5833095e+00
  -2.4780412e+00
  -3.2087235e+00
  -3.8282423e+00
  -4.3104653e+00
  -4.7730751e+00
  -5.2747312e+00
  -5.7673588e+00
  -6.3087325e+00
  -6.8414631e+00
  -7.1470456e+00
  -7.2104244e+00
  -7.0627317e+00
  -6.7568159e+00
  -6.1803441e+00
  -5.1807427e+00
  -3.6438098e+00
  -1.3173912e+00
   2.2065928e+00
   3.3500023e+00
   1.6452169e+00
   5.6578583e-01
   2.9872932e-02
  -1.7727624e-01
  -5.0317812e-01
  -1.2433878e+00
  -3.1337204e+00
  -2.0470555e+00
  -3.3720294e-01
   7.6502264e-01
   1.4211468e+00
   1.5851129e+00
   1.4001441e+00
   1.0727117e+00
   5.2464304e-02
  -1.0043885e+00
  -2.4611618e+00
  -3.6842599e+00
  -4.5642747e+00
  -5.1780265e+00
  -5.5942133e+00
  -5.9911625e+00
  -6.4345228e+00
  -6.8800970e+00
  -7.3837076e+00
  -7.8919830e+00
  -8.2271852e+00
  -8.3595628e+00
  -8.1930723e+00
  -7.6814866e+00
  -6.8491599e+00
  -5.6542867e+00
  -4.0268965e+00
  -1.3885865e+00
   2.3298196e+00
   4.8041505e+00
   5.3930677e+00
   1.3796302e+00
   2.3944907e-01
  -6.9553330e-02
  -1.9718999e-01
  -8.4859707e-01
  -2.1531682e+00
  -1.7749434e+00
  -1.1359670e-02
   1.3667056e+00
   2.1926179e+00
   2.2542958e+00
   1.7646818e+00
   1.1531241e+00
  -5.4053211e-01
  -1.4165853e+00
  -2.7158436e+00
  -3.8243051e+00
  -4.6399917e+00
  -5.1992529e+00
  -5.6027601e+00
  -6.0047457e+00
  -6.4654071e+00
  -6.9295775e+00
  -7.4513651e+00
  -7.9747052e+00
  -8.3158407e+00
  -8.4380264e+00
  -8.2764749e+00
  -7.7869368e+00
  -6.9844328e+00
  -5.8775127e+00
  -4.4736137e+00
  -2.4844815e+00
   1.1684584e-02
   2.9608415e+00
   2.3449900e+00
   1.3499009e+00
   2.9931548e-01
   3.3476695e-02
  -3.0496719e-01
  -6.5944509e-01
  -8.4454616e-01
  -7.5594911e-01
   7.1976288e-02
   1.0001311e+00
   1.8897523e+00
   1.8823685e+00
   1.1230572e+00
   1.4291084e-02
  -1.6776619e+00
  -1.6141388e+00
  -2.3599706e+00
  -2.9807048e+00
  -3.4983752e+00
  -3.9498367e+00
  -4.3506889e+00
  -4.7786927e+00
  -5.2808394e+00
  -5.8041596e+00
  -6.3730059e+00
  -6.9395900e+00
  -7.3415427e+00
  -7.5417614e+00
  -7.5369544e+00
  -7.3144197e+00
  -6.8980165e+00
  -6.3579721e+00
  -5.6330061e+00
  -4.4924836e+00
  -2.7222335e+00
   2.3645060e-01
   8.6314058e-01
   4.5742789e-01
   1.1029984e-01
  -3.4115117e-02
  -4.4298491e-01
  -4.6429932e-01
  -1.3602656e-01
  -3.7354205e-02
   1.3446991e-01
   2.5503370e-01
   1.0488942e+00
   1.1147594e+00
   2.9326525e-01
  -1.0946423e+00
  -2.4229670e+00
  -2.0914795e+00
  -2.3379409e+00
  -2.2891986e+00
  -2.1896312e+00
  -2.2321324e+00
  -2.4431281e+00
  -2.7513826e+00
  -3.1775627e+00
  -3.7475281e+00
  -4.4741311e+00
  -5.3240347e+00
  -6.0693460e+00
  -6.6287107e+00
  -7.0224490e+00
  -7.2610259e+00
  -7.4056339e+00
  -7.4418206e+00
  -7.1012425e+00
  -6.1864505e+00
  -4.7178073e+00
  -2.0594649e+00
   2.0479369e-01
  -6.1689913e-02
  -1.5164605e-01
  -1.3726601e-01
  -4.4056222e-01
  -7.3107201e-01
  -7.0792145e-01
  -2.0969579e-01
  -3.0093160e-01
  -2.3077777e-01
   2.4527872e-01
   3.9157254e-01
  -2.2920713e-01
  -1.5306416e+00
  -1.3761510e+00
  -2.7890584e+00
  -3.1203544e+00
  -2.7464123e+00
  -2.2282372e+00
  -1.8692424e+00
  -1.7921662e+00
  -1.8914897e+00
  -2.1613095e+00
  -2.6939819e+00
  -3.5601771e+00
  -4.7173147e+00
  -5.7803683e+00
  -6.5959783e+00
  -7.1794639e+00
  -7.5584893e+00
  -7.8089528e+00
  -7.8584833e+00
  -7.5925570e+00
  -7.0486007e+00
  -6.1875753e+00
  -4.1602802e+00
  -7.6489949e-01
  -6.7249453e-01
  -8.7383616e-01
  -4.6477139e-01
  -4.2384747e-01
  -1.0093895e+00
  -2.0467896e+00
  -2.1408870e+00
  -1.1731160e+00
  -4.6135792e-01
  -1.0575514e+00
  -4.8473641e-01
  -1.7470473e-01
  -6.1424994e-01
  -1.6288097e+00
  -4.0556955e+00
  -4.1056185e+00
  -3.7674313e+00
  -3.3170629e+00
  -2.9642918e+00
  -2.8155313e+00
  -2.7879720e+00
  -2.8549490e+00
  -3.0868239e+00
  -3.6258178e+00
  -4.4600286e+00
  -5.3123684e+00
  -5.9922752e+00
  -6.4516325e+00
  -6.7199850e+00
  -6.9316835e+00
  -7.1534057e+00
  -7.3180990e+00
  -7.3317275e+00
  -7.0029964e+00
  -5.7379017e+00
  -2.5268879e+00
  -2.2719710e+00
  -2.7299995e+00
  -1.2349387e+00
  -4.8969826e-01
  -8.0795228e-01
  -4.3906670e+00
  -5.1847048e+00
  -2.2434540e+00
  -1.2715540e+00
  -2.5293949e+00
  -1.6050189e+00
  -1.3039075e-02
  -4.2320627e-01
  -2.6795702e+00
  -4.8078485e+00
  -4.6730227e+00
  -4.4475069e+00
  -4.1975679e+00
  -4.0355906e+00
  -4.0084004e+00
  -4.0373173e+00
  -4.0265007e+00
  -3.9688585e+00
  -3.9442887e+00
  -4.0409327e+00
  -4.3082962e+00
  -4.6782970e+00
  -5.0289803e+00
  -5.2814627e+00
  -5.5441523e+00
  -5.9871340e+00
  -6.5315218e+00
  -6.9703760e+00
  -7.0783730e+00
  -6.3950033e+00
  -4.0629416e+00
  -3.9670038e+00
  -4.7789316e+00
  -2.7040508e+00
  -5.9127486e-01
  -7.3120248e-01
  -4.2627664e+00
  -4.4364347e+00
  -1.1018065e+00
  -9.3084633e-01
  -3.0306444e+00
  -2.4638722e+00
  -4.3405944e-01
  -1.0971305e+00
  -3.7325861e+00
  -4.4522820e+00
  -4.5033655e+00
  -4.4315147e+00
  -4.3869777e+00
  -4.4910755e+00
  -4.6723971e+00
  -4.8417797e+00
  -4.8922267e+00
  -4.7544227e+00
  -4.3867931e+00
  -3.9041591e+00
  -3.5352914e+00
  -3.3797460e+00
  -3.5184650e+00
  -3.7947657e+00
  -4.1136751e+00
  -4.6007919e+00
  -5.2388277e+00
  -5.9009457e+00
  -6.3661528e+00
  -6.2673912e+00
  -4.7918553e+00
  -4.3079038e+00
  -5.3619981e+00
  -4.5811362e+00
  -1.1579989e+00
  -8.1696290e-01
  -3.0312955e+00
  -2.9341013e+00
   1.1281788e+00
   4.5104617e-01
  -1.8318304e+00
  -2.5132556e+00
  -8.9795250e-01
  -1.4917797e+00
  -2.8540514e+00
  -2.9858925e+00
  -3.2502232e+00
  -3.4065511e+00
  -3.5978010e+00
  -3.9481761e+00
  -4.3448887e+00
  -4.6493964e+00
  -4.8086257e+00
  -4.7211523e+00
  -4.4149909e+00
  -3.9157259e+00
  -3.4265127e+00
  -2.9632525e+00
  -2.6966219e+00
  -2.8031404e+00
  -3.0583766e+00
  -3.3969171e+00
  -3.7894185e+00
  -4.2664075e+00
  -4.7714338e+00
  -5.1100845e+00
  -4.6973662e+00
  -3.7485385e+00
  -4.1540623e+00
  -4.7059655e+00
  -2.6911550e+00
  -1.5365663e+00
  -1.5835223e+00
  -6.1805707e-01
   2.1957536e+00
   5.0435901e-01
  -1.2422692e+00
  -1.6468637e+00
  -1.1776862e+00
  -2.2357321e+00
  -1.3983978e+00
  -1.3040307e+00
  -1.4234445e+00
  -1.7125612e+00
  -2.0929387e+00
  -2.6485784e+00
  -3.2116454e+00
  -3.6297188e+00
  -3.8472183e+00
  -3.8289347e+00
  -3.6983869e+00
  -3.4445906e+00
  -3.1515143e+00
  -2.8425562e+00
  -2.4685602e+00
  -2.2957895e+00
  -2.3364313e+00
  -2.3918886e+00
  -2.4011636e+00
  -2.4650714e+00
  -2.6902111e+00
  -3.1102428e+00
  -3.5383959e+00
  -2.8627520e+00
  -2.6684034e+00
  -3.2509596e+00
  -3.9220250e+00
  -3.2391763e+00
  -1.7569538e+00
   1.3090975e+00
   1.1002357e+00
   2.8430238e-01
  -4.1402304e-01
  -1.3837538e+00
  -1.2038850e+00
  -1.8369391e+00
   6.7563027e-01
   7.5301421e-01
   1.1405945e+00
   8.6164260e-01
   4.1626149e-01
  -3.0963224e-01
  -9.8126447e-01
  -1.4629977e+00
  -1.7120394e+00
  -1.7987486e+00
  -1.7734692e+00
  -1.7235949e+00
  -1.6632494e+00
  -1.5932585e+00
  -1.4442602e+00
  -1.1594838e+00
  -8.6790752e-01
  -5.7011324e-01
  -1.4426453e-01
   2.7032709e-01
   4.5133352e-01
   2.2798324e-01
  -5.1255608e-01
  -8.1298000e-01
  -6.1641532e-01
  -1.0670897e+00
  -3.2179687e+00
  -3.4308014e+00
  -1.5332363e+00
   1.7850165e+00
   4.4224459e-01
  -2.6467595e-01
   1.1090742e+00
  -1.8141511e-01
  -7.3562139e-01
   6.5330350e-01
   7.6973387e-01
   8.3688325e-01
   2.5092852e+00
   2.6855270e+00
   2.3422005e+00
   1.7271264e+00
   1.1868369e+00
   7.6569891e-01
   5.4134464e-01
   4.7757688e-01
   4.8038021e-01
   5.1167208e-01
   4.7484231e-01
   4.5243534e-01
   5.0572217e-01
   6.9382206e-01
   1.0924573e+00
   1.6248691e+00
   2.2195101e+00
   2.8064916e+00
   3.1638815e+00
   3.1040274e+00
   2.4725013e+00
   1.5000602e+00
   8.6652733e-01
   3.8048857e-01
  -7.9155093e-01
  -9.5469589e-01
   4.7697699e-01
   4.3738806e-01
   2.0804769e-01
  -1.2315091e-02
   1.8120356e+00
   9.0294183e-01
   1.4049791e+00
   1.3496040e+00
   1.3576424e+00
   1.4177881e+00
   3.2665889e+00
   3.6262269e+00
   3.4538500e+00
   3.3546257e+00
   3.2551785e+00
   3.1479354e+00
   3.0964084e+00
   3.1243801e+00
   3.1940420e+00
   3.2974701e+00
   3.3477688e+00
   3.3967130e+00
   3.4589362e+00
   3.6258771e+00
   3.9718337e+00
   4.5278444e+00
   5.1120577e+00
   5.6485791e+00
   6.0086265e+00
   5.9848304e+00
   5.4754710e+00
   4.4919853e+00
   3.2382784e+00
   1.7053604e+00
   1.5554105e+00
   1.5012994e+00
   1.5377157e+00
   1.0662323e+00
   7.4895328e-01
   1.4791838e+00
   2.4084890e+00
   1.7662168e+00
   2.5946984e+00
   2.4186230e+00
   3.1722676e+00
   3.1996448e+00
   3.8915300e+00
   3.2316333e+00
   3.2406101e+00
   3.6893075e+00
   3.9788177e+00
   4.1749411e+00
   4.4345436e+00
   4.6418148e+00
   4.8340273e+00
   5.0858603e+00
   5.2798983e+00
   5.5059390e+00
   5.7073774e+00
   5.9458997e+00
   6.2739844e+00
   6.7163649e+00
   7.1330956e+00
   7.4612174e+00
   7.6594591e+00
   7.5768666e+00
   7.1522174e+00
   6.3509626e+00
   5.2634102e+00
   3.5623820e+00
   3.0441377e+00
   2.4671987e+00
   9.6998078e-01
   1.2556505e+00
   1.3308026e+00
   1.5443716e+00
   2.2151003e+00
   1.6561949e+00
   2.4455733e+00
   3.0627220e+00
   3.2937112e+00
   3.5978184e+00
   3.6811917e+00
   3.0926178e+00
   3.1592692e+00
   3.6009906e+00
   3.9767113e+00
   4.3787307e+00
   4.8077849e+00
   5.1100731e+00
   5.3889745e+00
   5.6939962e+00
   5.9683199e+00
   6.3195622e+00
   6.6847078e+00
   7.0353947e+00
   7.3858281e+00
   7.7181492e+00
   7.9452710e+00
   8.0487938e+00
   8.0114584e+00
   7.7798510e+00
   7.3669368e+00
   6.7681476e+00
   6.0336204e+00
   5.2645086e+00
   4.3974361e+00
   3.3697982e+00
   1.6918470e+00
   9.7280240e-01
   1.1468923e+00
   8.3646353e-01
   2.2808044e+00
   1.6102144e+00
   1.7579551e+00
   2.7776307e+00
   2.4944636e+00
   2.8313739e+00
   2.9976690e+00
   2.8999020e+00
   2.8847072e+00
   3.0458128e+00
   3.3284347e+00
   3.7221584e+00
   4.1483583e+00
   4.4761131e+00
   4.7718110e+00
   5.0135655e+00
   5.2603033e+00
   5.5811009e+00
   5.9645252e+00
   6.3213200e+00
   6.6130180e+00
   6.7960181e+00
   6.8175444e+00
   6.7067261e+00
   6.4504576e+00
   6.1374601e+00
   5.7735710e+00
   5.4139476e+00
   5.1206926e+00
   4.8126321e+00
   4.3191419e+00
   3.7947018e+00
   2.1245563e+00
   9.3893373e-01
   6.3245735e-01
   7.6019138e-01
   2.6458428e+00
   1.0132919e+00
   1.3103292e+00
   2.0989730e+00
   1.2817173e+00
   1.3325417e+00
   1.4150413e+00
   1.4189452e+00
   1.4344132e+00
   1.5416396e+00
   1.7464951e+00
   2.0248308e+00
   2.3662884e+00
   2.6557903e+00
   2.8610134e+00
   3.0372124e+00
   3.2083302e+00
   3.3885262e+00
   3.5800140e+00
   3.7564769e+00
   3.8925402e+00
   3.8864262e+00
   3.7560613e+00
   3.5457487e+00
   3.2835927e+00
   3.0177565e+00
   2.8169522e+00
   2.7712178e+00
   2.8820672e+00
   3.0335171e+00
   3.0087702e+00
   2.9463692e+00
   2.5520682e+00
   1.0947504e+00
   1.0423484e+00
   2.3456025e+00
   1.7463460e+00
   1.1212053e+00
   1.3328999e+00
   1.3752633e+00
   3.3789741e-01
   1.6711423e-01
   6.1777178e-02
  -1.4121042e-03
  -3.1492211e-02
  -4.4979040e-02
   5.5701940e-03
   1.2020992e-01
   2.3220348e-01
   3.2415130e-01
   4.0389538e-01
   4.3379742e-01
   4.2355592e-01
   3.8837346e-01
   3.2574731e-01
   2.5025880e-01
   1.6084710e-01
   4.8144449e-02
  -8.1593884e-02
  -2.2132662e-01
  -3.6848566e-01
  -4.4945410e-01
  -3.8945305e-01
  -1.8024941e-01
   1.5626654e-01
   5.8299685e-01
   9.5706314e-01
   1.3028726e+00
   1.6442006e+00
   1.8161271e+00
   1.3699784e+00
   2.0379906e+00
   1.4430171e+00
   1.0709944e+00
   1.0645058e+00
   6.8056232e-01
   1.9784968e-01
   8.2252078e-02
  -6.7518437e-03
  -7.1207054e-02
  -1.2438031e-01
  -1.7777511e-01
  -2.3732015e-01
  -3.2475078e-01
  -4.4216248e-01
  -5.6766117e-01
  -7.0113230e-01
  -8.5208124e-01
  -1.0041887e+00
  -1.1613988e+00
  -1.3209376e+00
  -1.4584132e+00
  -1.5697362e+00
  -1.6680249e+00
  -1.7380284e+00
  -1.7856060e+00
  -1.8097905e+00
  -1.7971081e+00
  -1.7382412e+00
  -1.5924435e+00
  -1.3692842e+00
  -1.1011149e+00
  -7.9323632e-01
  -4.7421220e-01
  -1.5105808e-01
   1.2855491e-01
   2.6814580e-01
   3.2707378e-01
   3.4595782e-01
   4.4117722e-01
   4.6547064e-01
   3.3181170e-01
