-START-OF-DATA-
1759.5 0.00059028
1769.5 0.00059028
1779.5 0.00059028
1789.5 0.00059028
1799.5 0.00059028
1809.5 0.00059028
1819.5 0.00059028
1829.5 0.00059028
1839.5 0.00059028
1849.5 0.00059028
1859.5 0.00059028
1869.5 0.00059028
1879.5 0.00059028
1889.5 0.00059028
1899.5 0.00059028
1909.5 0.00059028
1919.5 0.00059028
1929.5 0.00059028
1939.5 0.00059028
1949.5 0.000628
2049.5 0.000641
2149.5 0.000662
2249.5 0.000692
2349.5 0.000728
2449.5 0.000769
2549.5 0.00082
2649.5 0.000888
2749.5 0.000975
2849.5 0.001085
2949.5 0.001223
3049.5 0.001391
3149.5 0.00159
3249.5 0.001822
3349.5 0.002085
3449.5 0.002378
3549.5 0.002654
3649.5 0.002951
3749.5 0.003249
3849.5 0.003503
3949.5 0.003737
4049.5 0.003928
4149.5 0.004098
4249.5 0.004225
4349.5 0.00431
4449.5 0.004395
4549.5 0.004438
4649.5 0.00448
4749.5 0.004501
4849.5 0.004523
4949.5 0.004523
5049.5 0.004523
5149.5 0.004501
5249.5 0.004501
5349.5 0.00448
5449.5 0.004459
5549.5 0.004459
5649.5 0.004438
5749.5 0.004416
5849.5 0.004395
5949.5 0.004374
6049.5 0.004353
6149.5 0.004332
6249.5 0.00431
6349.5 0.004289
6449.5 0.004268
6549.5 0.004268
6649.5 0.004247
6749.5 0.004225
6849.5 0.004204
6949.5 0.004183
7049.5 0.004162
7149.5 0.004162
7249.5 0.00414
7349.5 0.004119
7449.5 0.004098
7549.5 0.004077
7649.5 0.004077
7749.5 0.004056
7849.5 0.004034
7949.5 0.004034
8049.5 0.004013
8149.5 0.003992
8249.5 0.003971
8349.5 0.003971
8449.5 0.003949
8549.5 0.003928
8649.5 0.003928
8749.5 0.003907
8849.5 0.003886
8949.5 0.003886
9049.5 0.003864
9149.5 0.003843
9249.5 0.003843
9349.5 0.003822
9449.5 0.003801
9549.5 0.003801
9649.5 0.003779
9749.5 0.003779
9849.5 0.003758
9949.5 0.003737
10049.5 0.003737
10149.5 0.003716
10249.5 0.003716
10349.5 0.003695
10449.5 0.003673
10549.5 0.003673
10649.5 0.003652
10749.5 0.003652
10849.5 0.003631
10949.5 0.003631
11049.5 0.00361
11149.5 0.003588
11249.5 0.003588
11349.5 0.003567
11449.5 0.003567
11549.5 0.003546
11649.5 0.003546
11749.5 0.003525
11849.5 0.003525
11949.5 0.003503
12049.5 0.003503
12149.5 0.003482
12249.5 0.003482
12349.5 0.003461
12449.5 0.003461
12549.5 0.00344
12649.5 0.00344
12749.5 0.003419
12849.5 0.003419
12949.5 0.003397
13049.5 0.003397
13149.5 0.003376
13249.5 0.003376
13349.5 0.003355
13449.5 0.003355
13549.5 0.003334
13649.5 0.003334
13749.5 0.003334
13849.5 0.003312
13949.5 0.003312
14049.5 0.003291
14149.5 0.003291
14249.5 0.00327
14349.5 0.00327
14449.5 0.003249
14549.5 0.003249
14649.5 0.003249
14749.5 0.003227
14849.5 0.003227
14949.5 0.003206
15049.5 0.003206
15149.5 0.003185
15249.5 0.003185
15349.5 0.003185
15449.5 0.003164
15549.5 0.003164
15649.5 0.003142
15749.5 0.003142
15849.5 0.003142
15949.5 0.003121
16049.5 0.003121
16149.5 0.0031
16249.5 0.0031
16349.5 0.0031
16449.5 0.003079
16549.5 0.003079
16649.5 0.003079
16749.5 0.003058
16849.5 0.003058
16949.5 0.003036
17049.5 0.003036
17149.5 0.003036
17249.5 0.003015
17349.5 0.003015
17449.5 0.003015
17549.5 0.002994
17649.5 0.002994
17749.5 0.002973
17849.5 0.002973
17949.5 0.002973
18049.5 0.002951
18149.5 0.002951
18249.5 0.002951
18349.5 0.00293
18449.5 0.00293
18549.5 0.00293
18649.5 0.002909
18749.5 0.002909
18849.5 0.002909
18949.5 0.002888
19049.5 0.002888
19149.5 0.002888
19249.5 0.002866
19349.5 0.002866
19449.5 0.002866
19549.5 0.002845
19649.5 0.002845
19749.5 0.002845
19849.5 0.002824
19949.5 0.002824
20049.5 0.002824
20149.5 0.002824
20249.5 0.002803
20349.5 0.002803
20449.5 0.002803
20549.5 0.002782
20649.5 0.002782
20749.5 0.002782
20849.5 0.00276
20949.5 0.00276
21049.5 0.00276
21149.5 0.00276
21249.5 0.002739
21349.5 0.002739
21449.5 0.002739
21549.5 0.002718
21649.5 0.002718
21749.5 0.002718
21849.5 0.002718
21949.5 0.002697
22049.5 0.002697
22149.5 0.002697
22249.5 0.002697
22349.5 0.002675
22449.5 0.002675
22549.5 0.002675
22649.5 0.002654
22749.5 0.002654
22849.5 0.002654
22949.5 0.002654
23049.5 0.002633
23149.5 0.002633
23249.5 0.002633
23349.5 0.002633
23449.5 0.002612
23549.5 0.002612
23649.5 0.002612
23749.5 0.002612
23849.5 0.00259
23949.5 0.00259
24049.5 0.00259
24149.5 0.00259
24249.5 0.00259
24349.5 0.002569
24449.5 0.002569
24549.5 0.002569
24649.5 0.002569
24749.5 0.002548
24849.5 0.002548
24949.5 0.002548
25049.5 0.002548
25149.5 0.002527
25249.5 0.002527
25349.5 0.002527
25449.5 0.002527
25549.5 0.002527
25649.5 0.002506
25749.5 0.002506
25849.5 0.002506
25949.5 0.002506
26049.5 0.002506
26149.5 0.002484
26249.5 0.002484
26349.5 0.002484
26449.5 0.002484
26549.5 0.002484
26649.5 0.002463
26749.5 0.002463
26849.5 0.002463
26949.5 0.002463
27049.5 0.002463
27149.5 0.002442
27249.5 0.002442
27349.5 0.002442
27449.5 0.002442
27549.5 0.002442
27649.5 0.002421
27749.5 0.002421
27849.5 0.002421
27949.5 0.002421
28049.5 0.002421
28149.5 0.002421
28249.5 0.002399
28349.5 0.002399
28449.5 0.002399
28549.5 0.002399
28649.5 0.002399
28749.5 0.002378
28849.5 0.002378
28949.5 0.002378
29049.5 0.002378
29149.5 0.002378
29249.5 0.002378
29349.5 0.002357
29449.5 0.002357
29549.5 0.002357
29649.5 0.002357
29749.5 0.002357
29849.5 0.002357
29949.5 0.002357
30049.5 0.002336
30149.5 0.002336
30249.5 0.002336
30349.5 0.002336
30449.5 0.002336
30549.5 0.002336
30649.5 0.002314
30749.5 0.002314
30849.5 0.002314
30949.5 0.002314
31049.5 0.002314
31149.5 0.002314
31249.5 0.002314
31349.5 0.002293
31449.5 0.002293
31549.5 0.002293
31649.5 0.002293
31749.5 0.002293
31849.5 0.002293
31949.5 0.002293
32049.5 0.002272
32149.5 0.002272
32249.5 0.002272
32349.5 0.002272
32449.5 0.002272
32549.5 0.002272
32649.5 0.002272
32749.5 0.002272
32849.5 0.002251
32949.5 0.002251
33049.5 0.002251
33149.5 0.002251
33249.5 0.002251
33349.5 0.002251
33449.5 0.002251
33549.5 0.002251
33649.5 0.002229
33749.5 0.002229
33849.5 0.002229
33949.5 0.002229
34049.5 0.002229
34149.5 0.002229
34249.5 0.002229
34349.5 0.002229
34449.5 0.002208
34549.5 0.002208
34649.5 0.002208
34749.5 0.002208
34849.5 0.002208
34949.5 0.002208
35049.5 0.002208
35149.5 0.002208
35249.5 0.002208
35349.5 0.002187
35449.5 0.002187
35549.5 0.002187
35649.5 0.002187
35749.5 0.002187
35849.5 0.002187
35949.5 0.002187
36049.5 0.002187
36149.5 0.002187
36249.5 0.002166
36349.5 0.002166
36449.5 0.002166
36549.5 0.002166
36649.5 0.002166
36749.5 0.002166
36849.5 0.002166
36949.5 0.002166
37049.5 0.002166
37149.5 0.002166
37249.5 0.002145
37349.5 0.002145
37449.5 0.002145
37549.5 0.002145
37649.5 0.002145
37749.5 0.002145
37849.5 0.002145
37949.5 0.002145
38049.5 0.002145
38149.5 0.002145
38249.5 0.002123
38349.5 0.002123
38449.5 0.002123
38549.5 0.002123
38649.5 0.002123
38749.5 0.002123
38849.5 0.002121
38949.5 0.002119
39049.5 0.002117
39149.5 0.002115
39249.5 0.002115
39349.5 0.002113
39449.5 0.002111
39549.5 0.002108
39649.5 0.002106
39749.5 0.002104
39849.5 0.002102
39949.5 0.0021
40049.5 0.0021
40149.5 0.002098
40249.5 0.002096
40349.5 0.002094
40449.5 0.002091
40549.5 0.002089
40649.5 0.002089
40749.5 0.002087
40849.5 0.002085
40949.5 0.002083
41049.5 0.002081
41149.5 0.002081
41249.5 0.002079
41349.5 0.002077
41449.5 0.002074
41549.5 0.002074
41649.5 0.002072
41749.5 0.00207
41849.5 0.002068
41949.5 0.002066
42049.5 0.002066
42149.5 0.002064
42249.5 0.002062
42349.5 0.00206
42449.5 0.00206
42549.5 0.002057
42649.5 0.002055
42749.5 0.002055
42849.5 0.002053
42949.5 0.002051
43049.5 0.002049
43149.5 0.002049
43249.5 0.002047
43349.5 0.002045
43449.5 0.002045
43549.5 0.002043
43649.5 0.002041
43749.5 0.002041
43849.5 0.002038
43949.5 0.002036
44049.5 0.002036
44149.5 0.002034
44249.5 0.002032
44349.5 0.002032
44449.5 0.00203
44549.5 0.002028
44649.5 0.002028
44749.5 0.002026
44849.5 0.002024
44949.5 0.002024
45049.5 0.002021
45149.5 0.002019
45249.5 0.002019
45349.5 0.002017
45449.5 0.002017
45549.5 0.002015
45649.5 0.002013
45749.5 0.002013
45849.5 0.002011
45949.5 0.002009
46049.5 0.002009
46149.5 0.002007
46249.5 0.002007
46349.5 0.002004
46449.5 0.002004
46549.5 0.002002
46649.5 0.002
46749.5 0.002
46849.5 0.001998
46949.5 0.001998
47049.5 0.001996
47149.5 0.001994
47249.5 0.001994
47349.5 0.001992
47449.5 0.001992
47549.5 0.00199
47649.5 0.00199
47749.5 0.001987
47849.5 0.001985
47949.5 0.001985
48049.5 0.001983
48149.5 0.001983
48249.5 0.001981
48349.5 0.001981
48449.5 0.001979
48549.5 0.001979
48649.5 0.001977
48749.5 0.001977
48849.5 0.001975
48949.5 0.001973
49049.5 0.001973
49149.5 0.00197
49249.5 0.00197
49349.5 0.001968
49449.5 0.001968
49549.5 0.001966
49649.5 0.001966
49749.5 0.001964
49849.5 0.001964
49949.5 0.001962
50049.5 0.001962
50149.5 0.00196
50249.5 0.00196
50349.5 0.001958
50449.5 0.001958
50549.5 0.001956
50649.5 0.001953
50749.5 0.001953
50849.5 0.001951
50949.5 0.001951
51049.5 0.001949
51149.5 0.001949
51249.5 0.001947
51349.5 0.001947
51449.5 0.001945
51549.5 0.001945
51649.5 0.001943
51749.5 0.001943
51849.5 0.001941
51949.5 0.001941
52049.5 0.001939
52149.5 0.001939
52249.5 0.001936
52349.5 0.001936
52449.5 0.001934
52549.5 0.001934
52649.5 0.001932
52749.5 0.001932
52849.5 0.00193
52949.5 0.00193
53049.5 0.001928
53149.5 0.001928
53249.5 0.001926
53349.5 0.001926
53449.5 0.001924
53549.5 0.001924
53649.5 0.001922
53749.5 0.001922
53849.5 0.001919
53949.5 0.001919
54049.5 0.001917
54149.5 0.001917
54249.5 0.001915
54349.5 0.001915
54449.5 0.001913
54549.5 0.001913
54649.5 0.001911
54749.5 0.001911
54849.5 0.001911
54949.5 0.001909
55049.5 0.001909
55149.5 0.001907
55249.5 0.001907
55349.5 0.001905
55449.5 0.001905
55549.5 0.001902
55649.5 0.001902
55749.5 0.0019
55849.5 0.0019
55949.5 0.001898
56049.5 0.001898
56149.5 0.001896
56249.5 0.001896
56349.5 0.001894
56449.5 0.001894
56549.5 0.001892
56649.5 0.001892
56749.5 0.00189
56849.5 0.00189
56949.5 0.00189
57049.5 0.001888
57149.5 0.001888
57249.5 0.001885
57349.5 0.001885
57449.5 0.001883
57549.5 0.001883
57649.5 0.001881
57749.5 0.001881
57849.5 0.001879
57949.5 0.001879
58049.5 0.001877
58149.5 0.001877
58249.5 0.001875
58349.5 0.001875
58449.5 0.001875
58549.5 0.001873
58649.5 0.001873
58749.5 0.001871
58849.5 0.001871
58949.5 0.001869
59049.5 0.001869
59149.5 0.001866
59249.5 0.001866
59349.5 0.001864
59449.5 0.001864
59549.5 0.001864
59649.5 0.001862
59749.5 0.001862
59849.5 0.00186
59949.5 0.00186
60049.5 0.001858
60149.5 0.001858
60249.5 0.001856
60349.5 0.001856
60449.5 0.001854
60549.5 0.001854
60649.5 0.001854
60749.5 0.001852
60849.5 0.001852
60949.5 0.001849
61049.5 0.001849
61149.5 0.001847
61249.5 0.001847
61349.5 0.001845
61449.5 0.001845
61549.5 0.001845
61649.5 0.001843
61749.5 0.001843
61849.5 0.001841
61949.5 0.001841
62049.5 0.001839
62149.5 0.001839
62249.5 0.001837
62349.5 0.001837
62449.5 0.001837
62549.5 0.001835
62649.5 0.001835
62749.5 0.001832
62849.5 0.001832
62949.5 0.00183
63049.5 0.00183
63149.5 0.00183
63249.5 0.001828
63349.5 0.001828
63449.5 0.001826
63549.5 0.001826
63649.5 0.001824
63749.5 0.001824
63849.5 0.001824
63949.5 0.001822
64049.5 0.001822
64149.5 0.00182
64249.5 0.00182
64349.5 0.001818
64449.5 0.001818
64549.5 0.001818
64649.5 0.001815
64749.5 0.001815
64849.5 0.001813
64949.5 0.001813
65049.5 0.001811
65149.5 0.001811
65249.5 0.001811
65349.5 0.001809
65449.5 0.001809
65549.5 0.001807
65649.5 0.001807
65749.5 0.001805
65849.5 0.001805
65949.5 0.001805
66049.5 0.001803
66149.5 0.001803
66249.5 0.001801
66349.5 0.001801
66449.5 0.001798
66549.5 0.001798
66649.5 0.001798
66749.5 0.001796
66849.5 0.001796
66949.5 0.001794
67049.5 0.001794
67149.5 0.001794
67249.5 0.001792
67349.5 0.001792
67449.5 0.00179
67549.5 0.00179
67649.5 0.00179
67749.5 0.001788
67849.5 0.001788
67949.5 0.001786
68049.5 0.001786
68149.5 0.001784
68249.5 0.001784
68349.5 0.001784
68449.5 0.001781
68549.5 0.001781
68649.5 0.001779
68749.5 0.001779
68849.5 0.001779
68949.5 0.001777
69049.5 0.001777
69149.5 0.001775
69249.5 0.001775
69349.5 0.001775
69449.5 0.001773
69549.5 0.001773
69649.5 0.001771
69749.5 0.001771
69849.5 0.001771
69949.5 0.001769
70049.5 0.001769
70149.5 0.001767
70249.5 0.001767
70349.5 0.001767
70449.5 0.001764
70549.5 0.001764
70649.5 0.001764
70749.5 0.001762
70849.5 0.001762
70949.5 0.00176
71049.5 0.00176
71149.5 0.00176
71249.5 0.001758
71349.5 0.001758
71449.5 0.001756
71549.5 0.001756
71649.5 0.001756
71749.5 0.001754
71849.5 0.001754
71949.5 0.001752
72049.5 0.001752
72149.5 0.001752
72249.5 0.00175
72349.5 0.00175
72449.5 0.00175
72549.5 0.001747
72649.5 0.001747
72749.5 0.001745
72849.5 0.001745
72949.5 0.001745
73049.5 0.001743
73149.5 0.001743
73249.5 0.001741
73349.5 0.001741
73449.5 0.001741
73549.5 0.001739
73649.5 0.001739
73749.5 0.001739
73849.5 0.001737
73949.5 0.001737
74049.5 0.001735
74149.5 0.001735
74249.5 0.001735
74349.5 0.001733
74449.5 0.001733
74549.5 0.001733
74649.5 0.00173
74749.5 0.00173
74849.5 0.001728
74949.5 0.001728
75049.5 0.001728
75149.5 0.001726
75249.5 0.001726
75349.5 0.001726
75449.5 0.001724
75549.5 0.001724
75649.5 0.001724
75749.5 0.001722
75849.5 0.001722
75949.5 0.00172
76049.5 0.00172
76149.5 0.00172
76249.5 0.001718
76349.5 0.001718
76449.5 0.001718
76549.5 0.001716
76649.5 0.001716
76749.5 0.001714
76849.5 0.001714
76949.5 0.001714
77049.5 0.001711
77149.5 0.001711
77249.5 0.001711
77349.5 0.001709
77449.5 0.001709
77549.5 0.001709
77649.5 0.001707
77749.5 0.001707
77849.5 0.001705
77949.5 0.001705
78049.5 0.001705
78149.5 0.001703
78249.5 0.001703
78349.5 0.001703
78449.5 0.001701
78549.5 0.001701
78649.5 0.001699
78749.5 0.001699
78849.5 0.001699
78949.5 0.001697
79049.5 0.001697
79149.5 0.001694
79249.5 0.001694
79349.5 0.001694
79449.5 0.001692
79549.5 0.001692
79649.5 0.00169
79749.5 0.00169
79849.5 0.00169
79949.5 0.001688
80049.5 0.001688
80149.5 0.001688
80249.5 0.001686
80349.5 0.001686
80449.5 0.001684
80549.5 0.001684
80649.5 0.001684
80749.5 0.001682
80849.5 0.001682
80949.5 0.001682
81049.5 0.00168
81149.5 0.00168
81249.5 0.001677
81349.5 0.001677
81449.5 0.001677
81549.5 0.001675
81649.5 0.001675
81749.5 0.001675
81849.5 0.001673
81949.5 0.001673
82049.5 0.001673
82149.5 0.001671
82249.5 0.001671
82349.5 0.001669
82449.5 0.001669
82549.5 0.001669
82649.5 0.001667
82749.5 0.001667
82849.5 0.001667
82949.5 0.001665
83049.5 0.001665
83149.5 0.001665
83249.5 0.001663
83349.5 0.001663
83449.5 0.001663
83549.5 0.00166
83649.5 0.00166
83749.5 0.00166
83849.5 0.001658
83949.5 0.001658
84049.5 0.001658
84149.5 0.001656
84249.5 0.001656
84349.5 0.001656
84449.5 0.001654
84549.5 0.001654
84649.5 0.001654
84749.5 0.001652
84849.5 0.001652
84949.5 0.001652
85049.5 0.00165
85149.5 0.00165
85249.5 0.00165
85349.5 0.001648
85449.5 0.001648
85549.5 0.001648
85649.5 0.001646
85749.5 0.001646
85849.5 0.001646
85949.5 0.001643
86049.5 0.001643
86149.5 0.001643
86249.5 0.001641
86349.5 0.001641
86449.5 0.001641
86549.5 0.001641
86649.5 0.001639
86749.5 0.001639
86849.5 0.001639
86949.5 0.001637
87049.5 0.001637
87149.5 0.001637
87249.5 0.001635
87349.5 0.001635
87449.5 0.001635
87549.5 0.001633
87649.5 0.001633
87749.5 0.001633
87849.5 0.001631
87949.5 0.001631
88049.5 0.001631
88149.5 0.001631
88249.5 0.001629
88349.5 0.001629
88449.5 0.001629
88549.5 0.001626
88649.5 0.001626
88749.5 0.001626
88849.5 0.001626
88949.5 0.001624
89049.5 0.001624
89149.5 0.001624
89249.5 0.001622
89349.5 0.001622
89449.5 0.001622
89549.5 0.00162
89649.5 0.00162
89749.5 0.00162
89849.5 0.00162
89949.5 0.001618
90049.5 0.001618
90149.5 0.001618
90249.5 0.001616
90349.5 0.001616
90449.5 0.001616
90549.5 0.001616
90649.5 0.001614
90749.5 0.001614
90849.5 0.001614
90949.5 0.001612
91049.5 0.001612
91149.5 0.001612
91249.5 0.001612
91349.5 0.001609
91449.5 0.001609
91549.5 0.001609
91649.5 0.001607
91749.5 0.001607
91849.5 0.001607
91949.5 0.001605
92049.5 0.001605
92149.5 0.001605
92249.5 0.001605
92349.5 0.001603
92449.5 0.001603
92549.5 0.001603
92649.5 0.001601
92749.5 0.001601
92849.5 0.001601
92949.5 0.001601
93049.5 0.001599
93149.5 0.001599
93249.5 0.001599
93349.5 0.001597
93449.5 0.001597
93549.5 0.001597
93649.5 0.001597
93749.5 0.001595
93849.5 0.001595
93949.5 0.001595
94049.5 0.001592
94149.5 0.001592
94249.5 0.001592
94349.5 0.001592
94449.5 0.00159
94549.5 0.00159
94649.5 0.00159
94749.5 0.001588
94849.5 0.001588
94949.5 0.001588
95049.5 0.001586
95149.5 0.001586
95249.5 0.001586
95349.5 0.001586
95449.5 0.001584
95549.5 0.001584
95649.5 0.001584
95749.5 0.001582
95849.5 0.001582
95949.5 0.001582
96049.5 0.00158
96149.5 0.00158
96249.5 0.00158
96349.5 0.00158
96449.5 0.001578
96549.5 0.001578
96649.5 0.001578
96749.5 0.001575
96849.5 0.001575
96949.5 0.001575
97049.5 0.001575
97149.5 0.001573
97249.5 0.001573
97349.5 0.001573
97449.5 0.001571
97549.5 0.001571
97649.5 0.001571
97749.5 0.001571
97849.5 0.001569
97949.5 0.001569
98049.5 0.001569
98149.5 0.001567
98249.5 0.001567
98349.5 0.001567
98449.5 0.001567
98549.5 0.001565
98649.5 0.001565
98749.5 0.001565
98849.5 0.001563
98949.5 0.001563
99049.5 0.001563
99149.5 0.001563
99249.5 0.001561
99349.5 0.001561
99449.5 0.001561
99549.5 0.001559
99649.5 0.001559
99749.5 0.001559
99849.5 0.001559
99949.5 0.001556
100049.5 0.001556
100149.5 0.001556
100249.5 0.001556
100349.5 0.001554
100449.5 0.001554
100549.5 0.001554
100649.5 0.001552
100749.5 0.001552
100849.5 0.001552
100949.5 0.001552
101049.5 0.00155
101149.5 0.00155
101249.5 0.00155
101349.5 0.00155
101449.5 0.001548
101549.5 0.001548
101649.5 0.001548
101749.5 0.001548
101849.5 0.001546
101949.5 0.001546
102049.5 0.001546
102149.5 0.001544
102249.5 0.001544
102349.5 0.001544
102449.5 0.001544
102549.5 0.001542
9999982445 0.00059
-END-OF-DATA-
