-START-OF-DATA-
1759.5 0.00055927
1769.5 0.00055927
1779.5 0.00055927
1789.5 0.00055927
1799.5 0.00055927
1809.5 0.00055927
1819.5 0.00055927
1829.5 0.00055927
1839.5 0.00055927
1849.5 0.00055927
1859.5 0.00055927
1869.5 0.00055927
1879.5 0.00055927
1889.5 0.00055927
1899.5 0.00055927
1909.5 0.00055927
1919.5 0.00055927
1929.5 0.00055927
1939.5 0.00055927
1949.5 0.000595
2949.5 0.000608
3949.5 0.000628
4949.5 0.000656
5949.5 0.00069
6949.5 0.000728
7949.5 0.000777
8949.5 0.000837
9949.5 0.000895
10949.5 0.00095
11949.5 0.000996
12949.5 0.00103
13949.5 0.001052
14949.5 0.001064
15949.5 0.00107
16949.5 0.00107
17949.5 0.001066
18949.5 0.00106
19949.5 0.001052
20949.5 0.001044
21949.5 0.001036
22949.5 0.001026
23949.5 0.001018
24949.5 0.00101
25949.5 0.001002
26949.5 0.000994
27949.5 0.000988
28949.5 0.00098
29949.5 0.000974
30949.5 0.000968
31949.5 0.000962
32949.5 0.000956
33949.5 0.00095
34949.5 0.000944
35949.5 0.000939
36949.5 0.000933
37949.5 0.000929
38949.5 0.000925
39949.5 0.000919
40949.5 0.000915
41949.5 0.000911
42949.5 0.000907
43949.5 0.000903
44949.5 0.000901
45949.5 0.000897
46949.5 0.000893
47949.5 0.000891
48949.5 0.000887
49949.5 0.000883
50949.5 0.000881
51949.5 0.000877
52949.5 0.000875
53949.5 0.000873
54949.5 0.000869
55949.5 0.000867
56949.5 0.000865
57949.5 0.000861
58949.5 0.000859
59949.5 0.000857
60949.5 0.000855
61949.5 0.000853
62949.5 0.000851
63949.5 0.000847
64949.5 0.000845
65949.5 0.000843
66949.5 0.000841
67949.5 0.000839
68949.5 0.000837
69949.5 0.000837
70949.5 0.000835
71949.5 0.000833
72949.5 0.000831
73949.5 0.000829
74949.5 0.000827
75949.5 0.000825
76949.5 0.000825
77949.5 0.000823
78949.5 0.000821
79949.5 0.000819
80949.5 0.000819
81949.5 0.000817
82949.5 0.000815
83949.5 0.000813
84949.5 0.000813
85949.5 0.000811
86949.5 0.000809
87949.5 0.000809
88949.5 0.000807
89949.5 0.000807
90949.5 0.000805
91949.5 0.000803
92949.5 0.000803
93949.5 0.000801
94949.5 0.000801
95949.5 0.000799
96949.5 0.000797
97949.5 0.000797
98949.5 0.000795
99949.5 0.000795
100949.5 0.000793
101949.5 0.000793
102949.5 0.000791
103949.5 0.000791
104949.5 0.000789
105949.5 0.000789
106949.5 0.000787
107949.5 0.000787
108949.5 0.000787
109949.5 0.000785
110949.5 0.000785
111949.5 0.000783
112949.5 0.000783
113949.5 0.000781
114949.5 0.000781
115949.5 0.000779
116949.5 0.000779
117949.5 0.000779
118949.5 0.000777
119949.5 0.000777
120949.5 0.000777
121949.5 0.000775
122949.5 0.000775
123949.5 0.000773
124949.5 0.000773
125949.5 0.000773
126949.5 0.000771
127949.5 0.000771
128949.5 0.000771
129949.5 0.000768
130949.5 0.000768
131949.5 0.000768
132949.5 0.000766
133949.5 0.000766
134949.5 0.000766
135949.5 0.000764
136949.5 0.000764
137949.5 0.000764
138949.5 0.000762
139949.5 0.000762
140949.5 0.000762
141949.5 0.000762
142949.5 0.00076
143949.5 0.00076
144949.5 0.00076
145949.5 0.000758
146949.5 0.000758
147949.5 0.000758
148949.5 0.000758
149949.5 0.000756
150949.5 0.000756
151949.5 0.000756
152949.5 0.000754
153949.5 0.000754
154949.5 0.000754
155949.5 0.000754
156949.5 0.000752
157949.5 0.000752
158949.5 0.000752
159949.5 0.00075
160949.5 0.00075
161949.5 0.00075
162949.5 0.00075
163949.5 0.000748
164949.5 0.000748
165949.5 0.000748
166949.5 0.000748
167949.5 0.000746
168949.5 0.000746
169949.5 0.000746
170949.5 0.000746
171949.5 0.000744
172949.5 0.000744
173949.5 0.000744
174949.5 0.000744
175949.5 0.000742
176949.5 0.000742
177949.5 0.000742
178949.5 0.00074
179949.5 0.00074
180949.5 0.00074
181949.5 0.00074
182949.5 0.000738
183949.5 0.000738
184949.5 0.000738
185949.5 0.000738
186949.5 0.000736
187949.5 0.000736
188949.5 0.000736
189949.5 0.000736
190949.5 0.000734
191949.5 0.000734
192949.5 0.000734
193949.5 0.000734
194949.5 0.000732
195949.5 0.000732
196949.5 0.000732
197949.5 0.000732
198949.5 0.00073
199949.5 0.00073
200949.5 0.00073
201949.5 0.00073
202949.5 0.000728
203949.5 0.000728
204949.5 0.000728
205949.5 0.000728
206949.5 0.000728
207949.5 0.000726
208949.5 0.000726
209949.5 0.000726
210949.5 0.000726
211949.5 0.000724
212949.5 0.000724
213949.5 0.000724
214949.5 0.000724
215949.5 0.000724
216949.5 0.000722
217949.5 0.000722
218949.5 0.000722
219949.5 0.000722
220949.5 0.000722
221949.5 0.00072
222949.5 0.00072
223949.5 0.00072
224949.5 0.00072
225949.5 0.000718
226949.5 0.000718
227949.5 0.000718
228949.5 0.000718
229949.5 0.000718
230949.5 0.000718
231949.5 0.000716
232949.5 0.000716
233949.5 0.000716
234949.5 0.000716
235949.5 0.000716
236949.5 0.000714
237949.5 0.000714
238949.5 0.000714
239949.5 0.000714
240949.5 0.000714
241949.5 0.000714
242949.5 0.000712
243949.5 0.000712
244949.5 0.000712
245949.5 0.000712
246949.5 0.000712
247949.5 0.00071
248949.5 0.00071
249949.5 0.00071
250949.5 0.00071
251949.5 0.00071
252949.5 0.00071
253949.5 0.00071
254949.5 0.000708
255949.5 0.000708
256949.5 0.000708
257949.5 0.000708
258949.5 0.000708
259949.5 0.000708
260949.5 0.000706
261949.5 0.000706
262949.5 0.000706
263949.5 0.000706
264949.5 0.000706
265949.5 0.000706
266949.5 0.000706
267949.5 0.000704
268949.5 0.000704
269949.5 0.000704
270949.5 0.000704
271949.5 0.000704
272949.5 0.000704
273949.5 0.000704
274949.5 0.000704
275949.5 0.000702
276949.5 0.000702
277949.5 0.000702
278949.5 0.000702
279949.5 0.000702
280949.5 0.000702
281949.5 0.000702
282949.5 0.000702
283949.5 7e-04
284949.5 7e-04
285949.5 7e-04
286949.5 7e-04
287949.5 7e-04
288949.5 7e-04
289949.5 7e-04
290949.5 7e-04
291949.5 0.000698
292949.5 0.000698
293949.5 0.000698
294949.5 0.000698
295949.5 0.000698
296949.5 0.000698
297949.5 0.000698
298949.5 0.000698
299949.5 0.000698
300949.5 0.000698
301949.5 0.000696
302949.5 0.000696
303949.5 0.000696
304949.5 0.000696
305949.5 0.000696
306949.5 0.000696
307949.5 0.000696
308949.5 0.000696
309949.5 0.000696
310949.5 0.000696
311949.5 0.000694
312949.5 0.000694
313949.5 0.000694
314949.5 0.000694
315949.5 0.000694
316949.5 0.000694
317949.5 0.000694
318949.5 0.000694
319949.5 0.000694
320949.5 0.000694
321949.5 0.000694
322949.5 0.000694
323949.5 0.000692
324949.5 0.000692
325949.5 0.000692
326949.5 0.000692
327949.5 0.000692
328949.5 0.000692
329949.5 0.000692
330949.5 0.000692
331949.5 0.000692
332949.5 0.000692
333949.5 0.000692
334949.5 0.000692
335949.5 0.000692
336949.5 0.00069
337949.5 0.00069
338949.5 0.00069
339949.5 0.00069
340949.5 0.00069
341949.5 0.00069
342949.5 0.00069
343949.5 0.00069
344949.5 0.00069
345949.5 0.00069
346949.5 0.00069
347949.5 0.00069
348949.5 0.00069
349949.5 0.00069
350949.5 0.00069
351949.5 0.000688
352949.5 0.000688
353949.5 0.000688
354949.5 0.000688
355949.5 0.000688
356949.5 0.000688
357949.5 0.000688
358949.5 0.000688
359949.5 0.000688
360949.5 0.000688
361949.5 0.000688
362949.5 0.000688
363949.5 0.000688
364949.5 0.000688
365949.5 0.000688
366949.5 0.000688
367949.5 0.000686
368949.5 0.000686
369949.5 0.000686
370949.5 0.000686
371949.5 0.000686
372949.5 0.000686
373949.5 0.000686
374949.5 0.000686
375949.5 0.000686
376949.5 0.000686
377949.5 0.000686
378949.5 0.000686
379949.5 0.000686
380949.5 0.000686
381949.5 0.000686
382949.5 0.000686
383949.5 0.000684
384949.5 0.000684
385949.5 0.000684
386949.5 0.000684
387949.5 0.000684
388949.5 0.000684
389949.5 0.000684
390949.5 0.000684
391949.5 0.000684
392949.5 0.000684
393949.5 0.000684
394949.5 0.000684
395949.5 0.000684
396949.5 0.000684
397949.5 0.000684
398949.5 0.000684
399949.5 0.000684
400949.5 0.000684
401949.5 0.000682
402949.5 0.000682
403949.5 0.000682
404949.5 0.000682
405949.5 0.000682
406949.5 0.000682
407949.5 0.000682
408949.5 0.000682
409949.5 0.000682
410949.5 0.000682
411949.5 0.000682
412949.5 0.000682
413949.5 0.000682
414949.5 0.000682
415949.5 0.000682
416949.5 0.000682
417949.5 0.000682
418949.5 0.000682
419949.5 0.00068
420949.5 0.00068
421949.5 0.00068
422949.5 0.00068
423949.5 0.00068
424949.5 0.00068
425949.5 0.00068
426949.5 0.00068
427949.5 0.00068
428949.5 0.00068
429949.5 0.00068
430949.5 0.00068
431949.5 0.00068
432949.5 0.00068
433949.5 0.00068
434949.5 0.00068
435949.5 0.00068
436949.5 0.00068
437949.5 0.00068
438949.5 0.000678
439949.5 0.000678
440949.5 0.000678
441949.5 0.000678
442949.5 0.000678
443949.5 0.000678
444949.5 0.000678
445949.5 0.000678
446949.5 0.000678
447949.5 0.000678
448949.5 0.000678
449949.5 0.000678
450949.5 0.000678
451949.5 0.000678
452949.5 0.000678
453949.5 0.000678
454949.5 0.000678
455949.5 0.000678
456949.5 0.000678
457949.5 0.000678
458949.5 0.000678
459949.5 0.000676
460949.5 0.000676
461949.5 0.000676
462949.5 0.000676
463949.5 0.000676
464949.5 0.000676
465949.5 0.000676
466949.5 0.000676
467949.5 0.000676
468949.5 0.000676
469949.5 0.000676
470949.5 0.000676
471949.5 0.000676
472949.5 0.000676
473949.5 0.000676
474949.5 0.000676
475949.5 0.000676
476949.5 0.000676
477949.5 0.000676
478949.5 0.000676
479949.5 0.000676
480949.5 0.000676
481949.5 0.000676
482949.5 0.000674
483949.5 0.000674
484949.5 0.000674
485949.5 0.000674
486949.5 0.000674
487949.5 0.000674
488949.5 0.000674
489949.5 0.000674
490949.5 0.000674
491949.5 0.000674
492949.5 0.000674
493949.5 0.000674
494949.5 0.000674
495949.5 0.000674
496949.5 0.000674
497949.5 0.000674
498949.5 0.000674
499949.5 0.000674
500949.5 0.000674
501949.5 0.000674
502949.5 0.000674
503949.5 0.000674
504949.5 0.000674
505949.5 0.000674
506949.5 0.000672
507949.5 0.000672
508949.5 0.000672
509949.5 0.000672
510949.5 0.000672
511949.5 0.000672
512949.5 0.000672
513949.5 0.000672
514949.5 0.000672
515949.5 0.000672
516949.5 0.000672
517949.5 0.000672
518949.5 0.000672
519949.5 0.000672
520949.5 0.000672
521949.5 0.000672
522949.5 0.000672
523949.5 0.000672
524949.5 0.000672
525949.5 0.000672
526949.5 0.000672
527949.5 0.000672
528949.5 0.000672
529949.5 0.000672
530949.5 0.000672
531949.5 0.00067
532949.5 0.00067
533949.5 0.00067
534949.5 0.00067
535949.5 0.00067
536949.5 0.00067
537949.5 0.00067
538949.5 0.00067
539949.5 0.00067
540949.5 0.00067
541949.5 0.00067
542949.5 0.00067
543949.5 0.00067
544949.5 0.00067
545949.5 0.00067
546949.5 0.00067
547949.5 0.00067
548949.5 0.00067
549949.5 0.00067
550949.5 0.00067
551949.5 0.00067
552949.5 0.00067
553949.5 0.00067
554949.5 0.00067
555949.5 0.000668
556949.5 0.000668
557949.5 0.000668
558949.5 0.000668
559949.5 0.000668
560949.5 0.000668
561949.5 0.000668
562949.5 0.000668
563949.5 0.000668
564949.5 0.000668
565949.5 0.000668
566949.5 0.000668
567949.5 0.000668
568949.5 0.000668
569949.5 0.000668
570949.5 0.000668
571949.5 0.000668
572949.5 0.000668
573949.5 0.000668
574949.5 0.000668
575949.5 0.000668
576949.5 0.000668
577949.5 0.000668
578949.5 0.000668
579949.5 0.000666
580949.5 0.000666
581949.5 0.000666
582949.5 0.000666
583949.5 0.000666
584949.5 0.000666
585949.5 0.000666
586949.5 0.000666
587949.5 0.000666
588949.5 0.000666
589949.5 0.000666
590949.5 0.000666
591949.5 0.000666
592949.5 0.000666
593949.5 0.000666
594949.5 0.000666
595949.5 0.000666
596949.5 0.000666
597949.5 0.000666
598949.5 0.000666
599949.5 0.000666
600949.5 0.000666
601949.5 0.000666
602949.5 0.000666
603949.5 0.000666
604949.5 0.000666
605949.5 0.000666
606949.5 0.000664
607949.5 0.000664
608949.5 0.000664
609949.5 0.000664
610949.5 0.000664
611949.5 0.000664
612949.5 0.000664
613949.5 0.000664
614949.5 0.000664
615949.5 0.000664
616949.5 0.000664
617949.5 0.000664
618949.5 0.000664
619949.5 0.000664
620949.5 0.000664
621949.5 0.000664
622949.5 0.000664
623949.5 0.000664
624949.5 0.000664
625949.5 0.000664
626949.5 0.000664
627949.5 0.000664
628949.5 0.000664
629949.5 0.000664
630949.5 0.000664
631949.5 0.000664
632949.5 0.000664
633949.5 0.000664
634949.5 0.000664
635949.5 0.000664
636949.5 0.000664
637949.5 0.000662
638949.5 0.000662
639949.5 0.000662
640949.5 0.000662
641949.5 0.000662
642949.5 0.000662
643949.5 0.000662
644949.5 0.000662
645949.5 0.000662
646949.5 0.000662
647949.5 0.000662
648949.5 0.000662
649949.5 0.000662
650949.5 0.000662
651949.5 0.000662
652949.5 0.000662
653949.5 0.000662
654949.5 0.000662
655949.5 0.000662
656949.5 0.000662
657949.5 0.000662
658949.5 0.000662
659949.5 0.000662
660949.5 0.000662
661949.5 0.000662
662949.5 0.000662
663949.5 0.000662
664949.5 0.000662
665949.5 0.000662
666949.5 0.000662
667949.5 0.000662
668949.5 0.000662
669949.5 0.00066
670949.5 0.00066
671949.5 0.00066
672949.5 0.00066
673949.5 0.00066
674949.5 0.00066
675949.5 0.00066
676949.5 0.00066
677949.5 0.00066
678949.5 0.00066
679949.5 0.00066
680949.5 0.00066
681949.5 0.00066
682949.5 0.00066
683949.5 0.00066
684949.5 0.00066
685949.5 0.00066
686949.5 0.00066
687949.5 0.00066
688949.5 0.00066
689949.5 0.00066
690949.5 0.00066
691949.5 0.00066
692949.5 0.00066
693949.5 0.00066
694949.5 0.00066
695949.5 0.00066
696949.5 0.00066
697949.5 0.00066
698949.5 0.00066
699949.5 0.00066
700949.5 0.00066
701949.5 0.00066
702949.5 0.000658
703949.5 0.000658
704949.5 0.000658
705949.5 0.000658
706949.5 0.000658
707949.5 0.000658
708949.5 0.000658
709949.5 0.000658
710949.5 0.000658
711949.5 0.000658
712949.5 0.000658
713949.5 0.000658
714949.5 0.000658
715949.5 0.000658
716949.5 0.000658
717949.5 0.000658
718949.5 0.000658
719949.5 0.000658
720949.5 0.000658
721949.5 0.000658
722949.5 0.000658
723949.5 0.000658
724949.5 0.000658
725949.5 0.000658
726949.5 0.000658
727949.5 0.000658
728949.5 0.000658
729949.5 0.000658
730949.5 0.000658
731949.5 0.000658
732949.5 0.000658
733949.5 0.000656
734949.5 0.000656
735949.5 0.000656
736949.5 0.000656
737949.5 0.000656
738949.5 0.000656
739949.5 0.000656
740949.5 0.000656
741949.5 0.000656
742949.5 0.000656
743949.5 0.000656
744949.5 0.000656
745949.5 0.000656
746949.5 0.000656
747949.5 0.000656
748949.5 0.000656
749949.5 0.000656
750949.5 0.000656
751949.5 0.000656
752949.5 0.000656
753949.5 0.000656
754949.5 0.000656
755949.5 0.000656
756949.5 0.000656
757949.5 0.000656
758949.5 0.000656
759949.5 0.000656
760949.5 0.000656
761949.5 0.000656
762949.5 0.000656
763949.5 0.000656
764949.5 0.000656
765949.5 0.000656
766949.5 0.000656
767949.5 0.000654
768949.5 0.000654
769949.5 0.000654
770949.5 0.000654
771949.5 0.000654
772949.5 0.000654
773949.5 0.000654
774949.5 0.000654
775949.5 0.000654
776949.5 0.000654
777949.5 0.000654
778949.5 0.000654
779949.5 0.000654
780949.5 0.000654
781949.5 0.000654
782949.5 0.000654
783949.5 0.000654
784949.5 0.000654
785949.5 0.000654
786949.5 0.000654
787949.5 0.000654
788949.5 0.000654
789949.5 0.000654
790949.5 0.000654
791949.5 0.000654
792949.5 0.000654
793949.5 0.000654
794949.5 0.000654
795949.5 0.000654
796949.5 0.000654
797949.5 0.000654
798949.5 0.000654
799949.5 0.000654
800949.5 0.000654
801949.5 0.000654
802949.5 0.000654
803949.5 0.000654
804949.5 0.000654
805949.5 0.000652
806949.5 0.000652
807949.5 0.000652
808949.5 0.000652
809949.5 0.000652
810949.5 0.000652
811949.5 0.000652
812949.5 0.000652
813949.5 0.000652
814949.5 0.000652
815949.5 0.000652
816949.5 0.000652
817949.5 0.000652
818949.5 0.000652
819949.5 0.000652
820949.5 0.000652
821949.5 0.000652
822949.5 0.000652
823949.5 0.000652
824949.5 0.000652
825949.5 0.000652
826949.5 0.000652
827949.5 0.000652
828949.5 0.000652
829949.5 0.000652
830949.5 0.000652
831949.5 0.000652
832949.5 0.000652
833949.5 0.000652
834949.5 0.000652
835949.5 0.000652
836949.5 0.000652
837949.5 0.000652
838949.5 0.000652
839949.5 0.000652
840949.5 0.000652
841949.5 0.000652
842949.5 0.000652
843949.5 0.000652
844949.5 0.00065
845949.5 0.00065
846949.5 0.00065
847949.5 0.00065
848949.5 0.00065
849949.5 0.00065
850949.5 0.00065
851949.5 0.00065
852949.5 0.00065
853949.5 0.00065
854949.5 0.00065
855949.5 0.00065
856949.5 0.00065
857949.5 0.00065
858949.5 0.00065
859949.5 0.00065
860949.5 0.00065
861949.5 0.00065
862949.5 0.00065
863949.5 0.00065
864949.5 0.00065
865949.5 0.00065
866949.5 0.00065
867949.5 0.00065
868949.5 0.00065
869949.5 0.00065
870949.5 0.00065
871949.5 0.00065
872949.5 0.00065
873949.5 0.00065
874949.5 0.00065
875949.5 0.00065
876949.5 0.00065
877949.5 0.00065
878949.5 0.00065
879949.5 0.00065
880949.5 0.00065
881949.5 0.00065
882949.5 0.00065
883949.5 0.00065
884949.5 0.00065
885949.5 0.00065
886949.5 0.00065
887949.5 0.00065
888949.5 0.00065
889949.5 0.00065
890949.5 0.00065
891949.5 0.00065
892949.5 0.000648
893949.5 0.000648
894949.5 0.000648
895949.5 0.000648
896949.5 0.000648
897949.5 0.000648
898949.5 0.000648
899949.5 0.000648
900949.5 0.000648
901949.5 0.000648
902949.5 0.000648
903949.5 0.000648
904949.5 0.000648
905949.5 0.000648
906949.5 0.000648
907949.5 0.000648
908949.5 0.000648
909949.5 0.000648
910949.5 0.000648
911949.5 0.000648
912949.5 0.000648
913949.5 0.000648
914949.5 0.000648
915949.5 0.000648
916949.5 0.000648
917949.5 0.000648
918949.5 0.000648
919949.5 0.000648
920949.5 0.000648
921949.5 0.000648
922949.5 0.000648
923949.5 0.000648
924949.5 0.000648
925949.5 0.000648
926949.5 0.000648
927949.5 0.000648
928949.5 0.000648
929949.5 0.000648
930949.5 0.000648
931949.5 0.000648
932949.5 0.000648
933949.5 0.000648
934949.5 0.000648
935949.5 0.000648
936949.5 0.000648
937949.5 0.000648
938949.5 0.000648
939949.5 0.000648
940949.5 0.000648
941949.5 0.000648
942949.5 0.000648
943949.5 0.000648
944949.5 0.000648
945949.5 0.000648
946949.5 0.000646
947949.5 0.000646
948949.5 0.000646
949949.5 0.000646
950949.5 0.000646
951949.5 0.000646
952949.5 0.000646
953949.5 0.000646
954949.5 0.000646
955949.5 0.000646
956949.5 0.000646
957949.5 0.000646
958949.5 0.000646
959949.5 0.000646
960949.5 0.000646
961949.5 0.000646
962949.5 0.000646
963949.5 0.000646
964949.5 0.000646
965949.5 0.000646
966949.5 0.000646
967949.5 0.000646
968949.5 0.000646
969949.5 0.000646
970949.5 0.000646
971949.5 0.000646
972949.5 0.000646
973949.5 0.000646
974949.5 0.000646
975949.5 0.000646
976949.5 0.000646
977949.5 0.000646
978949.5 0.000646
979949.5 0.000646
980949.5 0.000646
981949.5 0.000646
982949.5 0.000646
983949.5 0.000646
984949.5 0.000646
985949.5 0.000646
986949.5 0.000646
987949.5 0.000646
988949.5 0.000646
989949.5 0.000646
990949.5 0.000646
991949.5 0.000646
992949.5 0.000646
993949.5 0.000646
994949.5 0.000646
995949.5 0.000646
996949.5 0.000646
997949.5 0.000646
998949.5 0.000646
999949.5 0.000646
1000949.5 0.000646
1001949.5 0.000646
1002949.5 0.000646
1003949.5 0.000646
1004949.5 0.000646
1005949.5 0.000644
1006949.5 0.000644
1007949.5 0.000644
99999806900 0.000559
-END-OF-DATA-
