  -0.0000000e+00
  -0.0000000e+00
  -0.0000000e+00
  -0.0000000e+00
   4.3629864e-03
   1.1686176e-02
   1.0438550e-02
   9.3250075e-03
   8.2731638e-03
   7.0412476e-03
   5.2769847e-03
   3.4513317e-03
   2.4899581e-03
   1.6598693e-03
   4.5567139e-04
  -7.8125536e-04
  -1.2139885e-03
  -4.8392518e-04
  -7.9594754e-05
  -4.0829267e-04
  -5.7299728e-04
   1.1275868e-04
   4.7671796e-04
   2.3091663e-03
  -1.7570841e-03
  -1.1561274e-02
  -0.0000000e+00
  -0.0000000e+00
  -0.0000000e+00
  -0.0000000e+00
  -0.0000000e+00
  -0.0000000e+00
  -0.0000000e+00
  -0.0000000e+00
  -0.0000000e+00
  -0.0000000e+00
   0.0000000e+00
   0.0000000e+00
   0.0000000e+00
   0.0000000e+00
   2.0309035e-02
   1.9217772e-02
   1.6663540e-02
   1.2821134e-02
   9.5452257e-03
   7.5158272e-03
   5.5887997e-03
   4.2733746e-03
   3.3176146e-03
   2.2356578e-03
  -2.2163091e-04
  -2.2353849e-03
  -3.3456127e-03
  -4.0527117e-03
  -3.5202208e-03
  -2.8380360e-03
  -3.3790737e-03
  -3.7684585e-03
  -5.4069492e-03
  -2.8896689e-03
  -1.9603233e-03
  -5.7130503e-03
  -0.0000000e+00
  -0.0000000e+00
   0.0000000e+00
   0.0000000e+00
   0.0000000e+00
   0.0000000e+00
   0.0000000e+00
   0.0000000e+00
   0.0000000e+00
   0.0000000e+00
   0.0000000e+00
   0.0000000e+00
   0.0000000e+00
   1.2563754e-02
   1.5016908e-02
   1.5863962e-02
   1.2810083e-02
   9.5189149e-03
   7.2293594e-03
   5.0152897e-03
   3.9383946e-03
   3.0952829e-03
   9.6263411e-04
  -1.6778393e-03
  -5.4797684e-03
  -8.3646010e-03
  -8.5540153e-03
  -8.2722316e-03
  -7.6234676e-03
  -6.3735479e-03
  -8.0498699e-03
  -1.0132699e-02
  -1.2491971e-02
  -8.5148091e-03
  -4.5337551e-03
  -2.1205293e-03
  -0.0000000e+00
  -0.0000000e+00
   0.0000000e+00
   0.0000000e+00
   0.0000000e+00
   0.0000000e+00
   0.0000000e+00
   0.0000000e+00
   0.0000000e+00
   0.0000000e+00
   0.0000000e+00
   0.0000000e+00
  -2.1475728e-03
   2.8524939e-03
   5.2877869e-03
   5.7763071e-03
   2.3951630e-03
   2.1219280e-04
  -1.4391271e-03
  -2.4859367e-03
  -3.2342044e-03
  -4.8313309e-03
  -7.7738334e-03
  -1.1410772e-02
  -1.4963624e-02
  -1.6467338e-02
  -1.5412297e-02
  -1.3331058e-02
  -1.1666502e-02
  -1.0478626e-02
  -1.2545468e-02
  -1.7684944e-02
  -1.8166093e-02
  -1.1552804e-02
  -6.7258693e-03
  -2.4639233e-04
   1.1219024e-03
  -1.9783847e-03
  -0.0000000e+00
   0.0000000e+00
   0.0000000e+00
   1.8009434e-02
   2.0026086e-02
   0.0000000e+00
   0.0000000e+00
   0.0000000e+00
   0.0000000e+00
  -8.9962238e-03
  -7.0892177e-03
  -4.4087744e-03
  -1.7019261e-03
  -4.1095396e-03
  -7.1285716e-03
  -8.9474628e-03
  -1.0575714e-02
  -1.1346406e-02
  -1.1945003e-02
  -1.3164772e-02
  -1.5556154e-02
  -1.9393718e-02
  -2.2358704e-02
  -2.2255780e-02
  -2.0475060e-02
  -1.7358983e-02
  -1.4765016e-02
  -1.3407832e-02
  -1.6127970e-02
  -2.0124535e-02
  -0.0000000e+00
  -1.2466576e-02
  -1.1800656e-02
  -4.7797333e-03
   9.1905764e-04
  -1.9154587e-03
  -0.0000000e+00
   0.0000000e+00
   0.0000000e+00
   1.4988738e-02
   1.6311197e-02
   1.0980212e-02
  -5.3583275e-03
   0.0000000e+00
  -1.2823537e-02
  -1.2746711e-02
  -1.1674798e-02
  -7.2124340e-03
  -6.4213087e-03
  -1.1581245e-02
  -1.4132006e-02
  -1.5813367e-02
  -1.7210617e-02
  -1.7089207e-02
  -1.6760820e-02
  -1.7369108e-02
  -1.9375916e-02
  -2.2872110e-02
  -2.4939236e-02
  -2.4117132e-02
  -2.1048968e-02
  -1.7897326e-02
  -1.5023762e-02
  -1.4022774e-02
  -1.7312316e-02
  -2.1837119e-02
   0.0000000e+00
  -1.2061809e-02
  -1.4457604e-02
   0.0000000e+00
   0.0000000e+00
   1.0655703e-03
   0.0000000e+00
   0.0000000e+00
   1.4693196e-03
   8.4119346e-03
   9.3804568e-03
   6.1032595e-03
  -5.4981749e-03
  -1.0763583e-02
  -1.7174954e-02
  -1.4330120e-02
  -1.0061061e-02
  -8.0248509e-03
  -1.0142273e-02
  -1.3994977e-02
  -1.6235517e-02
  -1.7795336e-02
  -1.7825311e-02
  -1.6004464e-02
  -1.5167736e-02
  -1.5381848e-02
  -1.7150097e-02
  -1.9880081e-02
  -2.0851444e-02
  -1.9620443e-02
  -1.6715256e-02
  -1.4234479e-02
  -1.2156528e-02
  -1.1951744e-02
  -1.4657484e-02
  -1.6714139e-02
   0.0000000e+00
  -1.1241157e-02
  -9.3040430e-03
   0.0000000e+00
   0.0000000e+00
   3.3658032e-03
   0.0000000e+00
   0.0000000e+00
  -4.0990089e-03
   4.1922419e-03
   3.5570331e-03
   8.5944327e-04
  -1.1450514e-02
  -1.6484397e-02
  -1.4724972e-02
  -1.0978497e-02
  -6.5824329e-03
  -8.1211459e-03
  -9.7541809e-03
  -1.1335753e-02
  -1.2330735e-02
  -1.2329441e-02
  -1.0328090e-02
  -8.1824818e-03
  -7.2123576e-03
  -7.6714326e-03
  -9.1975991e-03
  -1.1355289e-02
  -1.1707946e-02
  -1.0915978e-02
  -9.2582349e-03
  -8.0295717e-03
  -6.9816523e-03
  -7.3693199e-03
  -8.0278255e-03
  -4.6700784e-03
   0.0000000e+00
  -0.0000000e+00
  -0.0000000e+00
   0.0000000e+00
   0.0000000e+00
   0.0000000e+00
   3.9274600e-03
   0.0000000e+00
  -9.3371069e-03
   1.3318958e-03
  -3.0411026e-03
  -7.3788921e-03
  -1.5000707e-02
  -1.6371094e-02
  -6.5450701e-03
  -4.2469064e-03
  -2.2467035e-03
  -2.1499952e-03
  -1.3170405e-03
  -2.2953302e-03
  -2.6331372e-03
  -2.2869701e-03
  -8.5810112e-04
   5.3828751e-04
   1.0076605e-03
   3.5625329e-05
  -1.5746348e-03
  -3.1295486e-03
  -3.8259246e-03
  -3.7311679e-03
  -3.0396399e-03
  -2.5346202e-03
  -2.0543730e-03
  -2.6439154e-03
  -9.3790732e-04
   8.7851297e-03
   0.0000000e+00
   0.0000000e+00
  -0.0000000e+00
   0.0000000e+00
   0.0000000e+00
   0.0000000e+00
   2.9710961e-03
   4.5154778e-04
  -3.0231088e-03
   7.2791154e-04
  -4.7615119e-03
  -7.3668873e-03
  -9.2961639e-03
  -8.2846740e-03
   3.3516313e-03
   4.2682015e-03
   6.2682442e-03
   7.8223934e-03
   8.3321063e-03
   6.8100230e-03
   6.0668467e-03
   5.8101779e-03
   6.4211469e-03
   7.2761760e-03
   7.0482129e-03
   5.8588642e-03
   4.1472530e-03
   2.5044982e-03
   1.4260099e-03
   1.3538742e-03
   1.5366173e-03
   1.6558426e-03
   1.5791226e-03
   9.4791746e-04
   5.4068663e-03
   2.0317329e-02
   0.0000000e+00
   0.0000000e+00
   0.0000000e+00
   0.0000000e+00
   0.0000000e+00
   0.0000000e+00
   2.1914421e-03
   2.1806685e-03
   4.2264205e-03
   8.3490374e-04
   9.1998093e-04
   1.4810563e-03
   1.8626975e-03
   2.6750248e-03
   1.1322508e-02
   1.1845486e-02
   1.3652672e-02
   1.4706280e-02
   1.4641332e-02
   1.2518741e-02
   1.1332731e-02
   1.1111710e-02
   1.1494034e-02
   1.1595534e-02
   1.0808642e-02
   9.2460271e-03
   7.0989431e-03
   5.1342375e-03
   4.2612245e-03
   3.9956598e-03
   3.6586188e-03
   3.2598532e-03
   2.7308475e-03
   2.9569028e-03
   1.1295392e-02
   3.0246611e-02
   0.0000000e+00
   0.0000000e+00
   0.0000000e+00
   0.0000000e+00
   0.0000000e+00
   0.0000000e+00
   2.1339485e-03
   1.5513045e-03
   5.4760629e-03
   7.3315180e-03
   1.0721398e-02
   1.1540338e-02
   1.1511530e-02
   1.1405501e-02
   1.7806048e-02
   1.7639892e-02
   1.8455362e-02
   1.8785059e-02
   1.7956836e-02
   1.5261084e-02
   1.4220173e-02
   1.4197982e-02
   1.3924183e-02
   1.3149275e-02
   1.1624346e-02
   9.3120607e-03
   6.4548603e-03
   4.6157045e-03
   3.9706957e-03
   3.3295115e-03
   2.6986247e-03
   2.0915514e-03
   2.3396250e-03
   5.3063049e-03
   1.9274591e-02
   4.1061695e-02
   0.0000000e+00
   0.0000000e+00
   0.0000000e+00
   0.0000000e+00
   0.0000000e+00
   0.0000000e+00
   0.0000000e+00
   3.6011385e-03
   1.1455270e-02
   1.6109131e-02
   1.9291863e-02
   1.9590855e-02
   1.8970005e-02
   1.8290462e-02
   2.1318771e-02
   2.0351646e-02
   2.0319754e-02
   1.9765720e-02
   1.8059876e-02
   1.5299926e-02
   1.4281441e-02
   1.3463773e-02
   1.2031105e-02
   1.0070101e-02
   7.6688877e-03
   4.7700731e-03
   2.0281496e-03
   8.8101171e-04
   3.6406080e-04
  -3.0228827e-04
  -3.1329037e-04
   2.4792249e-04
   2.4976684e-03
   9.0624550e-03
   2.8337993e-02
   4.3053171e-02
   0.0000000e+00
   0.0000000e+00
   0.0000000e+00
   0.0000000e+00
   0.0000000e+00
   0.0000000e+00
   0.0000000e+00
   8.6610247e-03
   1.6074494e-02
   2.0996395e-02
   2.3861196e-02
   2.3821771e-02
   2.3083560e-02
   2.2306796e-02
   2.1897104e-02
   2.0701399e-02
   1.9664537e-02
   1.7488163e-02
   1.4512724e-02
   1.1015096e-02
   9.0526864e-03
   6.7753852e-03
   4.2761429e-03
   1.8030867e-03
  -2.4341141e-04
  -2.3419450e-03
  -3.7372652e-03
  -3.9838892e-03
  -4.2069000e-03
  -3.9567361e-03
  -2.6361397e-03
  -2.3539380e-04
   4.8836926e-03
   1.5432494e-02
   3.7751656e-02
   4.8295032e-02
   0.0000000e+00
   0.0000000e+00
   0.0000000e+00
   0.0000000e+00
   0.0000000e+00
   0.0000000e+00
   0.0000000e+00
   0.0000000e+00
   1.7489254e-02
   2.2570239e-02
   2.4765186e-02
   2.4352737e-02
   2.3948638e-02
   2.3296161e-02
   1.8243901e-02
   1.6573815e-02
   1.3300353e-02
   9.3850903e-03
   5.3094244e-03
   1.3185976e-03
  -1.2718631e-03
  -3.4423706e-03
  -4.8319004e-03
  -5.8010630e-03
  -6.3006016e-03
  -6.6902037e-03
  -6.3386150e-03
  -5.3095045e-03
  -4.3625128e-03
  -3.2465982e-03
  -1.3854012e-03
   2.2862358e-03
   9.4459224e-03
   2.1409448e-02
   3.7368409e-02
   3.8976506e-02
   0.0000000e+00
   0.0000000e+00
   0.0000000e+00
   0.0000000e+00
   0.0000000e+00
   0.0000000e+00
   0.0000000e+00
   0.0000000e+00
   1.6205942e-02
   2.1277254e-02
   2.2146853e-02
   2.1163706e-02
   2.0946899e-02
   2.0060036e-02
   1.1261456e-02
   8.4823780e-03
   3.3059942e-03
  -8.4973988e-04
  -4.6451092e-03
  -8.0406582e-03
  -1.0169305e-02
  -1.1476577e-02
  -1.2045318e-02
  -1.2109755e-02
  -1.1779901e-02
  -1.0793741e-02
  -8.7747518e-03
  -6.0051996e-03
  -3.2157917e-03
  -8.7018276e-04
   1.7724375e-03
   6.3589667e-03
   1.3420191e-02
   2.2387207e-02
   2.9601356e-02
   0.0000000e+00
   0.0000000e+00
   0.0000000e+00
   0.0000000e+00
   0.0000000e+00
   0.0000000e+00
   0.0000000e+00
   0.0000000e+00
   0.0000000e+00
   1.3831769e-02
   1.8534172e-02
   1.7607521e-02
   1.5813254e-02
   1.5283579e-02
   1.3819188e-02
   4.5253583e-03
   1.9268884e-03
  -3.5855083e-03
  -8.3107399e-03
  -1.2305874e-02
  -1.5269891e-02
  -1.7168365e-02
  -1.8365575e-02
  -1.9179793e-02
  -1.9705517e-02
  -1.9612899e-02
  -1.8547183e-02
  -1.6448604e-02
  -1.3283800e-02
  -9.0329442e-03
  -4.4386438e-03
   4.4453150e-04
   6.0613621e-03
   1.1490906e-02
   1.5196922e-02
   1.4053220e-02
   7.1188260e-03
   0.0000000e+00
   0.0000000e+00
   0.0000000e+00
   0.0000000e+00
   0.0000000e+00
   0.0000000e+00
   0.0000000e+00
   0.0000000e+00
   8.8864010e-03
   1.3734442e-02
   1.1541855e-02
   9.1475490e-03
   8.3093001e-03
   7.0382603e-03
   3.0284118e-03
   3.1786677e-03
   6.8399851e-05
  -5.6800352e-03
  -9.8510282e-03
  -1.0839615e-02
  -1.1564540e-02
  -1.2393894e-02
  -1.3497973e-02
  -1.4674631e-02
  -1.5794374e-02
  -1.6475642e-02
  -1.6435503e-02
  -1.5466465e-02
  -1.3210816e-02
  -9.5641051e-03
  -4.8777270e-03
  -3.3028037e-04
   2.4539837e-03
   2.2425822e-03
  -3.2782685e-03
  -3.8383907e-03
   0.0000000e+00
   0.0000000e+00
   0.0000000e+00
   0.0000000e+00
   0.0000000e+00
   0.0000000e+00
   0.0000000e+00
   0.0000000e+00
   7.7928721e-04
   6.6023055e-03
   6.0009165e-03
   4.2393373e-03
   4.0542004e-03
   4.4926857e-03
   3.3891075e-03
   5.8453880e-03
   0.0000000e+00
   1.6213651e-03
   1.6028911e-03
   1.9090653e-03
   1.9537387e-03
   1.9479818e-03
   1.7089115e-03
   1.2759657e-03
   5.3928385e-04
  -4.2395288e-04
  -1.3100785e-03
  -1.6655318e-03
  -1.0081227e-03
   5.9481000e-04
   2.6425170e-03
   4.0067327e-03
   3.4707072e-03
  -3.7190760e-04
  -9.8214243e-03
  -1.3190537e-02
   0.0000000e+00
   0.0000000e+00
   0.0000000e+00
   0.0000000e+00
   0.0000000e+00
   0.0000000e+00
   0.0000000e+00
   0.0000000e+00
  -5.6743111e-03
  -9.5764815e-05
   1.9227855e-03
   1.7502754e-03
   2.2248616e-03
   5.2387239e-03
   6.2661518e-03
   6.3333636e-03
   0.0000000e+00
   0.0000000e+00
   1.0088683e-02
   1.1398512e-02
   1.2183149e-02
   1.2913630e-02
   1.3360122e-02
   1.3345134e-02
   1.2594864e-02
   1.0983722e-02
   9.1066934e-03
   7.6045086e-03
   6.8345525e-03
   7.2478070e-03
   8.4512207e-03
   8.6013778e-03
   5.7526989e-03
  -2.4088859e-03
  -1.6597057e-02
  -2.6214962e-02
   0.0000000e+00
   0.0000000e+00
   0.0000000e+00
   0.0000000e+00
   0.0000000e+00
   0.0000000e+00
   0.0000000e+00
   0.0000000e+00
  -1.0992204e-02
  -7.5024902e-03
  -2.9830680e-03
  -1.2864310e-04
  -4.0028424e-05
   4.9554558e-03
   0.0000000e+00
   9.7026568e-03
  -3.7105203e-04
  -2.0235698e-03
   7.1234827e-03
   6.7223702e-03
   7.3603285e-03
   7.7712992e-03
   7.4443705e-03
   6.3501410e-03
   4.3125646e-03
   1.2128146e-03
  -2.1579931e-03
  -5.2918037e-03
  -7.7371933e-03
  -8.4360773e-03
  -6.8724086e-03
  -3.8633691e-03
  -2.8782478e-03
  -7.1429941e-03
  -2.6087943e-02
  -3.6226043e-02
   0.0000000e+00
  -0.0000000e+00
   0.0000000e+00
   0.0000000e+00
   0.0000000e+00
   0.0000000e+00
  -0.0000000e+00
   0.0000000e+00
  -1.7253254e-02
  -1.7705195e-02
  -1.1468230e-02
  -1.7653604e-03
  -2.7047521e-03
   7.8942113e-04
   0.0000000e+00
   0.0000000e+00
   5.3424581e-03
  -6.9071452e-04
  -8.1265334e-04
  -4.1625798e-03
  -5.3587300e-03
  -5.9375251e-03
  -6.9114566e-03
  -8.6704427e-03
  -1.1647105e-02
  -1.5825570e-02
  -2.0246159e-02
  -2.4514826e-02
  -2.8413448e-02
  -3.0768828e-02
  -2.9950101e-02
  -2.3195527e-02
  -1.3342304e-02
  -6.5157870e-03
  -2.4555721e-02
  -3.7167828e-02
  -3.1668914e-02
  -4.4065206e-02
   0.0000000e+00
   0.0000000e+00
   0.0000000e+00
   0.0000000e+00
  -3.5090834e-02
  -2.3744329e-02
  -2.1318552e-02
  -2.2401277e-02
  -2.0773536e-02
  -7.5451727e-03
   0.0000000e+00
  -7.1105566e-03
   0.0000000e+00
   0.0000000e+00
   0.0000000e+00
  -8.6142508e-04
  -2.9557883e-03
  -8.8267224e-03
  -1.1997270e-02
  -1.3487918e-02
  -1.4678533e-02
  -1.6154688e-02
  -1.8826477e-02
  -2.2853758e-02
  -2.7338482e-02
  -3.1853504e-02
  -3.6394231e-02
  -3.9844066e-02
  -4.0915370e-02
  -3.6355555e-02
  -2.2992410e-02
  -9.6176229e-03
  -0.0000000e+00
  -2.9963152e-02
  -3.2621775e-02
  -4.8685646e-02
  -0.0000000e+00
   0.0000000e+00
   0.0000000e+00
  -2.5055133e-02
  -2.8261141e-02
  -2.6975457e-02
  -2.3654670e-02
  -2.1361869e-02
  -2.5692243e-02
  -2.0777686e-02
  -1.6354999e-02
  -1.1144429e-02
   0.0000000e+00
   0.0000000e+00
   6.4479763e-03
   9.6672470e-04
  -2.0679610e-03
  -8.2107848e-03
  -1.3431631e-02
  -1.6408153e-02
  -1.8100154e-02
  -1.8379537e-02
  -1.8806327e-02
  -2.0177463e-02
  -2.2659651e-02
  -2.5819544e-02
  -2.9596185e-02
  -3.3447008e-02
  -3.6856502e-02
  -3.8442437e-02
  -3.1546630e-02
  -1.6176429e-02
  -0.0000000e+00
  -1.9937440e-02
  -2.9216208e-02
  -5.1225364e-02
  -6.1270043e-02
   0.0000000e+00
  -0.0000000e+00
  -1.3796760e-02
  -2.5459021e-02
  -2.9492613e-02
  -2.6752608e-02
  -2.1273805e-02
  -2.0966405e-02
  -1.0526142e-02
  -1.9299753e-02
  -1.1287280e-02
   0.0000000e+00
   0.0000000e+00
   7.2749173e-03
   6.1095096e-03
   4.4067297e-04
  -4.6861079e-03
  -1.1187933e-02
  -1.5674073e-02
  -1.7994348e-02
  -1.7288653e-02
  -1.5373953e-02
  -1.3791814e-02
  -1.4012835e-02
  -1.5823286e-02
  -1.9184390e-02
  -2.3855286e-02
  -2.9528458e-02
  -3.6081303e-02
  -3.8331531e-02
  -2.3735672e-02
  -0.0000000e+00
  -9.3946811e-03
  -2.1694276e-02
  -4.1718662e-02
  -5.6446459e-02
   0.0000000e+00
  -0.0000000e+00
  -5.3341365e-03
  -1.7902188e-02
  -2.6011799e-02
  -2.7870070e-02
  -2.1694356e-02
  -1.5448509e-02
  -1.0782401e-02
  -1.9971468e-02
  -0.0000000e+00
   0.0000000e+00
   0.0000000e+00
   8.4659730e-03
   7.9353740e-03
   3.0720301e-03
  -7.8617380e-04
  -6.9973371e-03
  -1.2348572e-02
  -1.5551042e-02
  -1.5413787e-02
  -1.3221767e-02
  -1.0725451e-02
  -9.6776187e-03
  -1.0500167e-02
  -1.3464151e-02
  -1.8821932e-02
  -2.6047291e-02
  -3.5226695e-02
  -4.2237997e-02
  -3.1851916e-02
   6.0664034e-03
  -4.4263252e-03
  -1.4209851e-02
  -2.8613621e-02
  -3.7603084e-02
  -3.5486094e-02
   4.2009507e-03
  -2.3685179e-03
  -1.1501218e-02
  -2.0501994e-02
  -2.6795570e-02
  -2.1744899e-02
  -1.9466517e-02
  -1.1853509e-02
  -1.7779342e-02
   0.0000000e+00
   0.0000000e+00
   0.0000000e+00
   0.0000000e+00
   1.0039453e-02
   6.5100413e-03
   4.3084817e-03
  -7.6842235e-04
  -6.5806659e-03
  -1.0903900e-02
  -1.2013050e-02
  -1.0550839e-02
  -8.3493748e-03
  -6.8190770e-03
  -7.0102491e-03
  -8.9595559e-03
  -1.4266913e-02
  -2.3101640e-02
  -3.5334069e-02
  -4.3692688e-02
  -3.7985067e-02
   9.7994693e-03
   4.4321900e-04
  -6.1095513e-03
  -1.4477188e-02
  -2.3717805e-02
  -1.9309753e-02
   6.3886403e-03
  -1.8638062e-03
  -8.4789693e-03
  -1.5433522e-02
  -2.4551551e-02
  -0.0000000e+00
  -2.7258235e-02
  -1.1459227e-02
  -0.0000000e+00
   0.0000000e+00
   0.0000000e+00
   0.0000000e+00
   0.0000000e+00
   1.4031668e-02
   1.2214874e-02
   1.0965952e-02
   6.2739849e-03
   2.3562228e-05
  -5.4172459e-03
  -7.8091528e-03
  -7.2408072e-03
  -5.5061821e-03
  -3.9778645e-03
  -4.1870852e-03
  -5.7455641e-03
  -1.0427939e-02
  -2.0119479e-02
  -3.5841335e-02
  -4.5198182e-02
  -0.0000000e+00
   0.0000000e+00
   0.0000000e+00
   0.0000000e+00
  -3.2041855e-03
  -1.3115514e-02
  -1.5446247e-02
   0.0000000e+00
   1.7982485e-04
  -8.0059534e-03
  -1.2338672e-02
  -2.0152824e-02
  -3.0354768e-02
  -2.9199988e-02
  -0.0000000e+00
   0.0000000e+00
   0.0000000e+00
   0.0000000e+00
   0.0000000e+00
   9.6141510e-03
   1.5763463e-02
   2.0607602e-02
   2.1022473e-02
   1.5612311e-02
   8.3132731e-03
   1.6233420e-03
  -2.0232606e-03
  -2.4610672e-03
  -1.4050407e-03
  -2.2095045e-04
  -1.9679691e-04
  -2.1000146e-03
  -6.5842425e-03
  -1.6442830e-02
  -3.5419043e-02
  -4.6265943e-02
   0.0000000e+00
   0.0000000e+00
   0.0000000e+00
   0.0000000e+00
   0.0000000e+00
  -3.3421691e-03
  -9.1530178e-03
  -2.8164163e-03
   0.0000000e+00
  -5.1662304e-03
  -8.8815792e-03
  -1.5975045e-02
  -2.7922858e-02
  -0.0000000e+00
   0.0000000e+00
   0.0000000e+00
   0.0000000e+00
   0.0000000e+00
   0.0000000e+00
  -3.9585919e-03
   5.2458037e-03
   2.1331528e-02
   3.0091103e-02
   2.5808663e-02
   1.7696563e-02
   1.0156956e-02
   5.6150065e-03
   4.3597845e-03
   4.6112742e-03
   5.3154112e-03
   5.2721212e-03
   2.9427134e-03
  -1.9325550e-03
  -1.1829964e-02
  -3.1243104e-02
  -4.4212084e-02
   0.0000000e+00
   0.0000000e+00
   0.0000000e+00
   0.0000000e+00
   0.0000000e+00
   0.0000000e+00
  -1.2106713e-03
  -2.1995059e-03
   0.0000000e+00
  -0.0000000e+00
  -7.0129380e-03
  -1.3552621e-02
  -2.4490719e-02
   0.0000000e+00
   0.0000000e+00
   0.0000000e+00
   0.0000000e+00
   0.0000000e+00
   0.0000000e+00
  -0.0000000e+00
  -2.9078369e-03
   1.0431648e-02
   3.0425888e-02
   3.0962411e-02
   2.4408678e-02
   1.7482230e-02
   1.3783025e-02
   1.2954612e-02
   1.2948734e-02
   1.3494045e-02
   1.2918061e-02
   9.9809077e-03
   4.6603624e-03
  -5.2037402e-03
  -2.0335706e-02
  -4.0516954e-02
   0.0000000e+00
   0.0000000e+00
   0.0000000e+00
   0.0000000e+00
   0.0000000e+00
   0.0000000e+00
   2.2420196e-03
   1.1141907e-03
   4.7119650e-03
   0.0000000e+00
  -0.0000000e+00
  -1.1582366e-02
  -1.6900933e-02
   0.0000000e+00
   0.0000000e+00
   0.0000000e+00
   0.0000000e+00
   0.0000000e+00
   0.0000000e+00
   0.0000000e+00
  -0.0000000e+00
  -1.6430519e-03
   1.7893389e-02
   2.4690521e-02
   2.3163805e-02
   1.9115362e-02
   1.7502434e-02
   1.8426649e-02
   1.9805294e-02
   2.0312972e-02
   2.0024957e-02
   1.6793402e-02
   1.0917049e-02
   6.2233320e-04
  -8.1732442e-03
  -1.3235850e-02
   0.0000000e+00
   0.0000000e+00
   0.0000000e+00
   0.0000000e+00
   0.0000000e+00
   0.0000000e+00
   0.0000000e+00
   5.6626690e-03
   5.6737402e-03
   0.0000000e+00
   0.0000000e+00
  -1.6828276e-02
  -0.0000000e+00
   0.0000000e+00
   0.0000000e+00
   0.0000000e+00
   0.0000000e+00
   0.0000000e+00
   0.0000000e+00
   0.0000000e+00
   0.0000000e+00
  -1.7513348e-02
   2.9192701e-03
   1.3254324e-02
   1.6232397e-02
   1.6021337e-02
   1.6626045e-02
   1.9856484e-02
   2.2876409e-02
   2.3895076e-02
   2.3509000e-02
   2.1428890e-02
   1.6148038e-02
   6.0994935e-03
  -0.0000000e+00
  -0.0000000e+00
   0.0000000e+00
   0.0000000e+00
   0.0000000e+00
   0.0000000e+00
   0.0000000e+00
   0.0000000e+00
   0.0000000e+00
   0.0000000e+00
   1.1232764e-02
   0.0000000e+00
   0.0000000e+00
  -1.5549984e-02
  -0.0000000e+00
   0.0000000e+00
   0.0000000e+00
   0.0000000e+00
   0.0000000e+00
   0.0000000e+00
   0.0000000e+00
   0.0000000e+00
   0.0000000e+00
  -2.6185716e-02
  -8.5527077e-03
  -6.3835461e-04
   3.5583777e-03
   5.0338991e-03
   8.3612510e-03
   1.3627634e-02
   1.9173013e-02
   2.1830754e-02
   2.2445899e-02
   2.1971457e-02
   1.9743196e-02
   1.5503967e-02
   5.9767840e-03
   0.0000000e+00
   0.0000000e+00
   0.0000000e+00
   0.0000000e+00
   0.0000000e+00
   0.0000000e+00
   0.0000000e+00
   0.0000000e+00
   0.0000000e+00
   6.2720740e-03
   0.0000000e+00
   0.0000000e+00
   0.0000000e+00
   0.0000000e+00
   0.0000000e+00
   0.0000000e+00
   0.0000000e+00
   0.0000000e+00
   0.0000000e+00
   0.0000000e+00
   0.0000000e+00
  -0.0000000e+00
  -2.9330075e-02
  -2.2106569e-02
  -1.5478021e-02
  -1.2039460e-02
  -1.0842402e-02
  -7.9040965e-03
  -2.7485196e-03
   4.4671572e-03
   1.0139310e-02
   1.4551377e-02
   1.8021919e-02
   2.0086502e-02
   2.0763960e-02
   1.5814013e-02
   0.0000000e+00
   0.0000000e+00
   0.0000000e+00
   0.0000000e+00
   0.0000000e+00
   0.0000000e+00
   0.0000000e+00
   0.0000000e+00
   0.0000000e+00
  -2.3667530e-03
   1.8975272e-03
   1.3655687e-03
  -1.2888505e-03
   2.6826323e-03
   4.2189344e-03
   0.0000000e+00
   0.0000000e+00
   0.0000000e+00
   0.0000000e+00
   0.0000000e+00
   0.0000000e+00
   0.0000000e+00
   0.0000000e+00
  -0.0000000e+00
  -0.0000000e+00
  -0.0000000e+00
  -2.7741884e-02
  -2.5486156e-02
  -2.9712689e-02
  -2.4291227e-02
  -1.3721710e-02
  -4.2202463e-03
   4.7012498e-03
   1.4226002e-02
   1.6382111e-02
   2.0394554e-02
   2.0795733e-02
   0.0000000e+00
   1.2780126e-02
   2.1317884e-02
   2.1055190e-02
   2.0865713e-02
   1.7873817e-02
   1.4610084e-02
   1.0998089e-02
   5.5883139e-03
   7.7773361e-03
   8.1040533e-03
   6.1575525e-03
   4.0327445e-03
   8.2558769e-03
   1.4896953e-02
   0.0000000e+00
   0.0000000e+00
