   0.0000000e+00
   0.0000000e+00
   0.0000000e+00
   0.0000000e+00
   6.9460518e-03
   4.2482303e-03
   9.3052305e-04
  -9.6574124e-04
  -3.3522198e-03
  -4.9572483e-03
  -6.2179453e-03
  -7.5024431e-03
  -8.1759557e-03
  -8.7814025e-03
  -9.7864563e-03
  -1.0015558e-02
  -9.4508591e-03
  -9.1990942e-03
  -8.9251073e-03
  -7.5877209e-03
  -6.6849146e-03
  -6.1692951e-03
  -5.9447469e-03
  -5.6718005e-03
  -4.9689035e-03
  -6.4992703e-03
  -0.0000000e+00
  -0.0000000e+00
  -0.0000000e+00
  -0.0000000e+00
  -0.0000000e+00
   0.0000000e+00
   0.0000000e+00
   0.0000000e+00
   0.0000000e+00
   0.0000000e+00
  -0.0000000e+00
   0.0000000e+00
   0.0000000e+00
   0.0000000e+00
  -4.5872362e-03
  -6.4062523e-03
  -8.8794809e-03
  -1.2166566e-02
  -1.4460636e-02
  -1.5492047e-02
  -1.6084393e-02
  -1.6283868e-02
  -1.6601292e-02
  -1.6274832e-02
  -1.6211696e-02
  -1.4943572e-02
  -1.3703264e-02
  -1.1899481e-02
  -9.8692076e-03
  -7.7838958e-03
  -6.2205466e-03
  -3.7195687e-03
  -1.6517270e-03
   2.0005815e-03
   3.0703067e-03
   1.6573907e-03
   0.0000000e+00
   0.0000000e+00
   0.0000000e+00
   0.0000000e+00
   0.0000000e+00
   0.0000000e+00
   0.0000000e+00
  -0.0000000e+00
  -0.0000000e+00
  -0.0000000e+00
   0.0000000e+00
   0.0000000e+00
   0.0000000e+00
  -2.9089675e-03
  -2.1617599e-03
   1.8466323e-03
   1.8693378e-03
   1.7388986e-03
   2.4318409e-03
   2.7357490e-03
   2.5457735e-03
   2.0054067e-03
   1.5543065e-03
   2.0236715e-03
   2.9048587e-03
   4.2959898e-03
   6.0778623e-03
   6.5246634e-03
   6.2185970e-03
   6.2857373e-03
   6.9394344e-03
   7.4154470e-03
   1.1297419e-02
   1.5116692e-02
   1.4383999e-02
   1.3013062e-02
   0.0000000e+00
   0.0000000e+00
   0.0000000e+00
   0.0000000e+00
   0.0000000e+00
   0.0000000e+00
   0.0000000e+00
  -0.0000000e+00
   0.0000000e+00
   0.0000000e+00
   0.0000000e+00
   0.0000000e+00
   2.1601665e-02
   1.5000305e-02
   2.1686388e-02
   3.1174242e-02
   3.5903617e-02
   3.8639907e-02
   4.0553022e-02
   4.1590660e-02
   4.2178918e-02
   4.2707182e-02
   4.2791209e-02
   4.2590290e-02
   4.2864721e-02
   4.2443252e-02
   4.2043209e-02
   4.1376296e-02
   3.8917623e-02
   3.5653092e-02
   3.2562565e-02
   3.0746039e-02
   3.0130072e-02
   2.9753599e-02
   3.1234240e-02
   3.4095701e-02
   4.5071693e-02
   4.0187852e-02
   0.0000000e+00
   0.0000000e+00
   0.0000000e+00
   1.2256235e-02
   1.2325809e-02
   0.0000000e+00
   0.0000000e+00
   0.0000000e+00
   0.0000000e+00
   4.1510786e-02
   3.5766072e-02
   4.2400680e-02
   5.0097845e-02
   5.8055878e-02
   6.5172866e-02
   7.1218796e-02
   7.4120268e-02
   7.5496852e-02
   7.6698616e-02
   7.7385724e-02
   7.7388324e-02
   7.6236576e-02
   7.5088710e-02
   7.4601524e-02
   7.3340103e-02
   7.1300685e-02
   6.8534397e-02
   6.4489171e-02
   5.9837379e-02
   5.5161800e-02
   0.0000000e+00
   3.7045762e-02
   4.2212118e-02
   4.8139795e-02
   5.0787743e-02
   4.6814099e-02
   0.0000000e+00
   0.0000000e+00
   0.0000000e+00
   3.1942623e-02
   3.6648494e-02
   4.6474323e-02
   4.0974886e-02
   0.0000000e+00
   6.8707277e-02
   7.1146606e-02
   6.7459972e-02
   6.2628701e-02
   7.0027730e-02
   7.3983482e-02
   7.8995658e-02
   8.4206608e-02
   8.7734875e-02
   8.9708072e-02
   9.0533119e-02
   9.0212446e-02
   9.0290118e-02
   8.9357470e-02
   8.7188263e-02
   8.5888614e-02
   8.4625130e-02
   8.3172706e-02
   8.1471232e-02
   7.8795126e-02
   7.4461876e-02
   6.7050505e-02
   0.0000000e+00
   4.0159876e-02
   4.3372762e-02
   0.0000000e+00
   0.0000000e+00
   4.3756011e-02
   0.0000000e+00
   0.0000000e+00
   5.0004930e-02
   4.8395210e-02
   5.6024489e-02
   6.5220374e-02
   6.0105453e-02
   6.5395673e-02
   7.5378440e-02
   7.3930435e-02
   7.6247163e-02
   6.9972768e-02
   7.1070336e-02
   7.1379796e-02
   7.2542772e-02
   7.4547373e-02
   7.6592736e-02
   7.8077592e-02
   7.8674532e-02
   7.8516401e-02
   7.8509755e-02
   7.7430144e-02
   7.5627804e-02
   7.4002691e-02
   7.3372491e-02
   7.3703796e-02
   7.4099958e-02
   7.4258789e-02
   7.0913523e-02
   6.1135245e-02
   0.0000000e+00
   3.5286454e-02
   3.9008945e-02
   0.0000000e+00
   0.0000000e+00
   3.5217465e-02
   0.0000000e+00
   0.0000000e+00
   5.3504444e-02
   6.3862957e-02
   6.7037687e-02
   7.8212589e-02
   7.7345997e-02
   7.6761961e-02
   6.1839290e-02
   5.8194440e-02
   5.8178402e-02
   5.6232520e-02
   5.2961029e-02
   4.9661838e-02
   4.7155051e-02
   4.5394227e-02
   4.4801652e-02
   4.5588961e-02
   4.6023380e-02
   4.6407633e-02
   4.6911491e-02
   4.6388678e-02
   4.5307361e-02
   4.4627404e-02
   4.5235749e-02
   4.7018901e-02
   4.9342690e-02
   5.1428840e-02
   5.0090764e-02
   4.0445908e-02
   0.0000000e+00
   0.0000000e+00
   0.0000000e+00
   0.0000000e+00
   0.0000000e+00
   0.0000000e+00
   3.2013397e-02
   0.0000000e+00
   5.4563298e-02
   6.9204830e-02
   6.8024427e-02
   7.4874273e-02
   7.3654115e-02
   6.8140134e-02
   3.2980390e-02
   2.8840203e-02
   2.7393984e-02
   2.4813620e-02
   2.1042489e-02
   1.6907226e-02
   1.4073077e-02
   1.1580616e-02
   1.0343404e-02
   1.0737539e-02
   1.1767118e-02
   1.3215953e-02
   1.4289482e-02
   1.4645716e-02
   1.4747174e-02
   1.5119710e-02
   1.6402734e-02
   1.8681115e-02
   2.1567557e-02
   2.4479726e-02
   2.4622217e-02
   1.7627580e-02
   0.0000000e+00
   0.0000000e+00
   0.0000000e+00
   0.0000000e+00
   0.0000000e+00
   0.0000000e+00
   2.2474030e-02
   2.5408749e-02
   3.7565074e-02
   4.7745876e-02
   4.9215570e-02
   5.0898943e-02
   4.7106024e-02
   3.9931249e-02
  -2.9414811e-04
  -4.3526213e-03
  -6.8083834e-03
  -8.9622624e-03
  -1.1128740e-02
  -1.3980567e-02
  -1.5646357e-02
  -1.7505951e-02
  -1.8683314e-02
  -1.8409165e-02
  -1.6705761e-02
  -1.4422405e-02
  -1.2550754e-02
  -1.0881342e-02
  -9.5657799e-03
  -8.5524945e-03
  -6.9124065e-03
  -4.4895392e-03
  -1.4568331e-03
   1.2967044e-03
   1.4145658e-03
  -1.5226525e-03
   0.0000000e+00
   0.0000000e+00
   0.0000000e+00
   0.0000000e+00
   0.0000000e+00
   0.0000000e+00
  -2.5025556e-03
   5.2615427e-03
   1.1181682e-02
   1.6859084e-02
   1.7285474e-02
   1.5184594e-02
   1.1032105e-02
   5.2551175e-03
  -2.7236250e-02
  -3.0733118e-02
  -3.2561157e-02
  -3.3232581e-02
  -3.3859551e-02
  -3.4880295e-02
  -3.5644642e-02
  -3.7101582e-02
  -3.8219385e-02
  -3.7185925e-02
  -3.4737937e-02
  -3.1493295e-02
  -2.8368352e-02
  -2.5602277e-02
  -2.3784619e-02
  -2.2146451e-02
  -2.0043075e-02
  -1.7514430e-02
  -1.4818444e-02
  -1.3811338e-02
  -1.6401812e-02
  -1.6574552e-02
   0.0000000e+00
   0.0000000e+00
   0.0000000e+00
   0.0000000e+00
   0.0000000e+00
   0.0000000e+00
  -1.9797865e-02
  -1.5087401e-02
  -1.2336851e-02
  -1.2324532e-02
  -1.3993580e-02
  -1.6217556e-02
  -1.9173983e-02
  -2.3171376e-02
  -4.6535108e-02
  -4.8605856e-02
  -4.8811261e-02
  -4.7768295e-02
  -4.6650436e-02
  -4.5731876e-02
  -4.5902930e-02
  -4.6572275e-02
  -4.6470720e-02
  -4.4606987e-02
  -4.1317023e-02
  -3.6900558e-02
  -3.2451466e-02
  -2.9425938e-02
  -2.7651941e-02
  -2.5892807e-02
  -2.3858545e-02
  -2.2225492e-02
  -2.1959214e-02
  -2.4800325e-02
  -3.1752225e-02
  -2.8560900e-02
   0.0000000e+00
   0.0000000e+00
   0.0000000e+00
   0.0000000e+00
   0.0000000e+00
   0.0000000e+00
   0.0000000e+00
  -3.3978380e-02
  -3.3439070e-02
  -3.5959825e-02
  -3.7765812e-02
  -3.9194845e-02
  -4.0946003e-02
  -4.3693732e-02
  -5.3159136e-02
  -5.4094978e-02
  -5.3211708e-02
  -5.0597101e-02
  -4.7784522e-02
  -4.5866534e-02
  -4.4957779e-02
  -4.3443400e-02
  -4.1168705e-02
  -3.8226787e-02
  -3.4522504e-02
  -3.0148542e-02
  -2.6570166e-02
  -2.4705237e-02
  -2.3591734e-02
  -2.2573391e-02
  -2.2118440e-02
  -2.3088006e-02
  -2.6328364e-02
  -3.2892037e-02
  -4.1638602e-02
  -3.3065713e-02
   0.0000000e+00
   0.0000000e+00
   0.0000000e+00
   0.0000000e+00
   0.0000000e+00
   0.0000000e+00
   0.0000000e+00
  -4.3158494e-02
  -4.2650640e-02
  -4.5533091e-02
  -4.7608364e-02
  -4.8389226e-02
  -4.9350072e-02
  -5.1357303e-02
  -4.9185503e-02
  -4.9955048e-02
  -4.8529673e-02
  -4.4133179e-02
  -3.9271701e-02
  -3.5523906e-02
  -3.2656416e-02
  -2.8874960e-02
  -2.4964847e-02
  -2.2238163e-02
  -2.0623911e-02
  -1.9955656e-02
  -2.0417333e-02
  -2.1251446e-02
  -2.1886244e-02
  -2.3003444e-02
  -2.5016183e-02
  -2.8429419e-02
  -3.3747416e-02
  -4.0709693e-02
  -4.5151643e-02
  -3.4271666e-02
   0.0000000e+00
   0.0000000e+00
   0.0000000e+00
   0.0000000e+00
   0.0000000e+00
   0.0000000e+00
   0.0000000e+00
  -0.0000000e+00
  -4.0545803e-02
  -4.3704364e-02
  -4.5948941e-02
  -4.6144009e-02
  -4.6617106e-02
  -4.8049591e-02
  -3.6489014e-02
  -3.7238382e-02
  -3.5181362e-02
  -2.9776270e-02
  -2.4102375e-02
  -1.9481387e-02
  -1.6004235e-02
  -1.3239666e-02
  -1.1862298e-02
  -1.2310239e-02
  -1.4542802e-02
  -1.8633386e-02
  -2.3445133e-02
  -2.7658081e-02
  -3.0993154e-02
  -3.3827905e-02
  -3.6747262e-02
  -3.9824165e-02
  -4.2433381e-02
  -4.3738086e-02
  -3.5828833e-02
  -2.0902133e-02
   0.0000000e+00
   0.0000000e+00
   0.0000000e+00
   0.0000000e+00
   0.0000000e+00
   0.0000000e+00
   0.0000000e+00
  -0.0000000e+00
  -3.2027088e-02
  -3.4041271e-02
  -3.5232570e-02
  -3.4699421e-02
  -3.4524739e-02
  -3.5401966e-02
  -2.0772412e-02
  -2.2071097e-02
  -2.0866346e-02
  -1.7270243e-02
  -1.4193443e-02
  -1.2324095e-02
  -1.1618233e-02
  -1.1866588e-02
  -1.3141707e-02
  -1.5623515e-02
  -1.9303257e-02
  -2.4538290e-02
  -3.0539904e-02
  -3.6473554e-02
  -4.2001620e-02
  -4.6242252e-02
  -4.9328066e-02
  -5.0194591e-02
  -4.7231719e-02
  -3.9520733e-02
  -1.9988785e-02
  -0.0000000e+00
   0.0000000e+00
   0.0000000e+00
   0.0000000e+00
   0.0000000e+00
   0.0000000e+00
   0.0000000e+00
   0.0000000e+00
  -0.0000000e+00
  -2.3496412e-02
  -2.2044901e-02
  -2.0836135e-02
  -1.9413294e-02
  -1.8515067e-02
  -1.9204658e-02
  -7.6821330e-03
  -1.2388670e-02
  -1.5899269e-02
  -1.7105259e-02
  -1.9051723e-02
  -2.1938954e-02
  -2.4883941e-02
  -2.7692368e-02
  -3.0845502e-02
  -3.4225337e-02
  -3.7719134e-02
  -4.1126594e-02
  -4.4461839e-02
  -4.7844119e-02
  -5.1819246e-02
  -5.5144563e-02
  -5.6504801e-02
  -5.3929109e-02
  -4.6064384e-02
  -3.1218292e-02
  -3.2176017e-03
   2.1434841e-02
   0.0000000e+00
   0.0000000e+00
   0.0000000e+00
   0.0000000e+00
   0.0000000e+00
   0.0000000e+00
   0.0000000e+00
  -0.0000000e+00
  -1.4184123e-02
  -9.5253531e-03
  -5.5160210e-03
  -3.4876631e-03
  -1.9379539e-03
  -3.6209538e-03
   6.0550895e-04
  -8.4197894e-03
  -1.9675389e-02
  -2.7468191e-02
  -3.2457530e-02
  -3.7769344e-02
  -4.2412116e-02
  -4.6614926e-02
  -5.1295429e-02
  -5.5832073e-02
  -6.0033940e-02
  -6.3050464e-02
  -6.4416047e-02
  -6.4126894e-02
  -6.2659733e-02
  -6.0298167e-02
  -5.6231491e-02
  -4.8979029e-02
  -3.8964460e-02
  -2.4883512e-02
  -6.2527205e-04
   3.8030625e-02
   0.0000000e+00
   0.0000000e+00
   0.0000000e+00
   0.0000000e+00
   0.0000000e+00
   0.0000000e+00
   0.0000000e+00
   0.0000000e+00
  -6.9650826e-03
  -9.6170101e-05
   5.5519976e-03
   8.0268462e-03
   1.0237658e-02
   7.7610645e-03
   9.3492642e-03
  -8.6361691e-04
  -0.0000000e+00
  -3.1869325e-02
  -3.5728309e-02
  -3.9992474e-02
  -4.4389445e-02
  -4.8509035e-02
  -5.3107969e-02
  -5.7583943e-02
  -6.1654318e-02
  -6.4397126e-02
  -6.5113194e-02
  -6.3742355e-02
  -6.0359094e-02
  -5.5664741e-02
  -4.9849391e-02
  -4.2224661e-02
  -3.3172984e-02
  -2.2841973e-02
  -7.8851990e-03
   3.8581854e-04
   0.0000000e+00
   0.0000000e+00
   0.0000000e+00
   0.0000000e+00
   0.0000000e+00
   0.0000000e+00
   0.0000000e+00
   0.0000000e+00
  -5.9177077e-03
   2.4706558e-03
   9.8768175e-03
   1.3441865e-02
   1.6680928e-02
   1.5965383e-02
   1.7481778e-02
   1.2282104e-02
   0.0000000e+00
  -0.0000000e+00
  -3.1075177e-02
  -3.4928188e-02
  -3.8970268e-02
  -4.2947387e-02
  -4.7502762e-02
  -5.2042007e-02
  -5.6286792e-02
  -5.9279523e-02
  -6.0438219e-02
  -6.0066960e-02
  -5.8082446e-02
  -5.4288007e-02
  -4.9088897e-02
  -4.2825037e-02
  -3.5558230e-02
  -2.9150937e-02
  -2.0486743e-02
  -5.1634212e-03
   0.0000000e+00
   0.0000000e+00
   0.0000000e+00
   0.0000000e+00
   0.0000000e+00
   0.0000000e+00
   0.0000000e+00
   0.0000000e+00
  -9.6727691e-03
  -1.0870086e-03
   9.2965264e-03
   1.5441455e-02
   1.8340903e-02
   2.1845826e-02
   0.0000000e+00
  -5.3392535e-03
  -2.3926969e-02
  -2.8604483e-02
  -2.6619439e-02
  -2.8818797e-02
  -3.0638410e-02
  -3.2488871e-02
  -3.5211481e-02
  -3.9108090e-02
  -4.3973159e-02
  -4.9132150e-02
  -5.3381279e-02
  -5.6682132e-02
  -5.8164068e-02
  -5.6282416e-02
  -5.1366393e-02
  -4.4861756e-02
  -3.8616814e-02
  -3.6662612e-02
  -4.0310666e-02
  -2.7662618e-02
   0.0000000e+00
  -0.0000000e+00
   0.0000000e+00
   0.0000000e+00
   0.0000000e+00
   0.0000000e+00
  -0.0000000e+00
   0.0000000e+00
  -1.9221600e-02
  -1.1077114e-02
   4.0073059e-03
   1.6849660e-02
   2.0160902e-02
   2.3946883e-02
   0.0000000e+00
  -0.0000000e+00
  -7.7546692e-03
  -3.5704295e-02
  -3.2845342e-02
  -3.5767928e-02
  -3.8042959e-02
  -4.0094227e-02
  -4.3443602e-02
  -4.9383130e-02
  -5.7340350e-02
  -6.6591449e-02
  -7.4299775e-02
  -7.9889379e-02
  -8.2059443e-02
  -7.8825578e-02
  -6.9343232e-02
  -5.3245865e-02
  -3.6574081e-02
  -2.4851007e-02
  -4.4650906e-02
  -4.3540577e-02
  -4.1348248e-02
  -1.1763979e-02
   0.0000000e+00
   0.0000000e+00
   0.0000000e+00
   0.0000000e+00
  -5.0413917e-02
  -4.4714141e-02
  -2.7485907e-02
  -1.8125152e-02
  -3.7307404e-03
   1.6452509e-02
   0.0000000e+00
   1.6774910e-02
   0.0000000e+00
   0.0000000e+00
   0.0000000e+00
  -3.6803651e-02
  -3.8749017e-02
  -4.5763168e-02
  -5.1076163e-02
  -5.5346336e-02
  -6.0672507e-02
  -6.8250425e-02
  -7.7739753e-02
  -8.8337913e-02
  -9.6706286e-02
  -1.0229473e-01
  -1.0350505e-01
  -9.8255992e-02
  -8.5242033e-02
  -6.2157854e-02
  -3.3557724e-02
  -1.1407180e-02
  -0.0000000e+00
  -4.5134365e-02
  -4.2024180e-02
  -2.5592671e-02
  -0.0000000e+00
   0.0000000e+00
   0.0000000e+00
  -5.0815939e-02
  -5.3187677e-02
  -4.5823559e-02
  -3.0405803e-02
  -1.7894074e-02
  -1.1307868e-02
  -5.4686608e-03
   1.0216370e-02
   1.6872689e-02
   0.0000000e+00
   0.0000000e+00
  -3.6723583e-02
  -3.6718178e-02
  -4.2666748e-02
  -5.2918274e-02
  -6.1979454e-02
  -6.8698518e-02
  -7.4428111e-02
  -7.9632861e-02
  -8.5601129e-02
  -9.2070505e-02
  -9.7575780e-02
  -1.0113868e-01
  -1.0123298e-01
  -9.6037317e-02
  -8.4204338e-02
  -6.2895603e-02
  -3.1516641e-02
  -7.0170415e-03
  -0.0000000e+00
  -4.3070351e-02
  -4.2785954e-02
  -4.0353000e-02
  -3.8948663e-02
   0.0000000e+00
  -0.0000000e+00
  -5.1531163e-02
  -5.3598702e-02
  -4.7626305e-02
  -3.2537240e-02
  -1.5959324e-02
  -1.0654423e-02
  -9.0681074e-04
   1.6725084e-02
   2.4595694e-02
   0.0000000e+00
   0.0000000e+00
  -3.5902657e-02
  -3.7573580e-02
  -4.3784708e-02
  -5.6042582e-02
  -6.7504205e-02
  -7.5176433e-02
  -7.8733407e-02
  -7.9315484e-02
  -7.9180524e-02
  -7.9659291e-02
  -8.1337228e-02
  -8.3217554e-02
  -8.4089853e-02
  -8.1412107e-02
  -7.3652476e-02
  -5.7372808e-02
  -3.0409697e-02
  -6.6883512e-03
  -0.0000000e+00
  -3.3077188e-02
  -3.6398835e-02
  -4.5984998e-02
  -5.0895289e-02
   0.0000000e+00
  -0.0000000e+00
  -4.7121752e-02
  -4.5972489e-02
  -4.3642249e-02
  -3.2256935e-02
  -1.4306908e-02
   1.2784533e-04
   1.1080448e-02
   2.0075813e-02
   0.0000000e+00
   0.0000000e+00
   0.0000000e+00
  -3.2561689e-02
  -3.5085924e-02
  -4.2993054e-02
  -5.4664321e-02
  -6.5187402e-02
  -7.2037533e-02
  -7.3693506e-02
  -7.2154835e-02
  -6.9076948e-02
  -6.6627339e-02
  -6.5962657e-02
  -6.6781253e-02
  -6.8227880e-02
  -6.7623362e-02
  -6.2704496e-02
  -4.9776718e-02
  -2.6893245e-02
  -8.0766150e-03
  -2.1509223e-02
  -1.8940488e-02
  -2.3220528e-02
  -3.7959784e-02
  -5.3171220e-02
  -5.3146821e-02
  -3.3902694e-02
  -3.4536704e-02
  -3.3428021e-02
  -3.3197828e-02
  -2.5997922e-02
  -1.4185350e-02
   7.3506627e-03
   1.9340299e-02
   1.8079408e-02
   0.0000000e+00
   0.0000000e+00
   0.0000000e+00
  -0.0000000e+00
  -3.0403381e-02
  -3.7377051e-02
  -4.6048967e-02
  -5.3792891e-02
  -5.8917910e-02
  -5.9897840e-02
  -5.8005896e-02
  -5.4807370e-02
  -5.1986331e-02
  -5.0733154e-02
  -5.0572512e-02
  -5.0967207e-02
  -5.1113763e-02
  -4.8241900e-02
  -3.7422310e-02
  -1.6417699e-02
  -4.7361934e-03
  -1.4049964e-02
   1.8250878e-03
  -1.2477994e-02
  -2.0000288e-02
  -3.3450991e-02
  -3.6650106e-02
  -3.2820729e-02
  -1.8960707e-02
  -1.7483260e-02
  -1.7294666e-02
  -1.6062118e-02
  -0.0000000e+00
   1.9037932e-02
   2.9381704e-02
   0.0000000e+00
   0.0000000e+00
   0.0000000e+00
   0.0000000e+00
  -0.0000000e+00
  -1.8592149e-02
  -2.1898836e-02
  -2.8954640e-02
  -3.5327755e-02
  -3.9514739e-02
  -4.0968202e-02
  -3.9879654e-02
  -3.8187612e-02
  -3.6567945e-02
  -3.5794571e-02
  -3.5556104e-02
  -3.4972906e-02
  -3.4409154e-02
  -3.2239899e-02
  -2.2907354e-02
  -2.2910836e-03
   0.0000000e+00
   0.0000000e+00
   0.0000000e+00
   0.0000000e+00
  -8.4024310e-04
  -7.2912062e-03
  -1.0632083e-02
   0.0000000e+00
  -2.5255148e-03
  -1.2634371e-03
   7.2619133e-04
  -1.1110543e-03
   2.1064252e-02
   2.3930100e-02
   0.0000000e+00
   0.0000000e+00
   0.0000000e+00
   0.0000000e+00
   0.0000000e+00
   1.5286813e-03
   2.4642965e-03
   4.2816224e-03
  -2.7703126e-03
  -9.3724728e-03
  -1.3705832e-02
  -1.6262311e-02
  -1.6599339e-02
  -1.6934786e-02
  -1.7105212e-02
  -1.7030235e-02
  -1.6742708e-02
  -1.6012346e-02
  -1.4731959e-02
  -1.2656861e-02
  -5.6174481e-03
   1.0263343e-02
   0.0000000e+00
   0.0000000e+00
   0.0000000e+00
   0.0000000e+00
   0.0000000e+00
   2.0329533e-02
   1.6756909e-02
   2.6302794e-02
   0.0000000e+00
   1.6648016e-02
   1.9924553e-02
   1.5357701e-02
   1.8324985e-02
   0.0000000e+00
   0.0000000e+00
   0.0000000e+00
   0.0000000e+00
   0.0000000e+00
   0.0000000e+00
   6.6498468e-03
   1.5062342e-02
   2.5335161e-02
   2.3874516e-02
   1.9390841e-02
   1.5692856e-02
   1.3260828e-02
   1.1862746e-02
   9.9433651e-03
   8.1768101e-03
   7.3506591e-03
   7.4094734e-03
   7.9946434e-03
   9.1504369e-03
   1.0582164e-02
   1.4328391e-02
   1.5907785e-02
   0.0000000e+00
   0.0000000e+00
   0.0000000e+00
   0.0000000e+00
   0.0000000e+00
   0.0000000e+00
   3.7307072e-02
   3.3635467e-02
   0.0000000e+00
   0.0000000e+00
   2.9526245e-02
   2.2238369e-02
   2.5072616e-02
   0.0000000e+00
   0.0000000e+00
   0.0000000e+00
   0.0000000e+00
   0.0000000e+00
   0.0000000e+00
   0.0000000e+00
   2.7723826e-02
   3.8017474e-02
   4.0942766e-02
   4.3243192e-02
   4.4659320e-02
   4.6077311e-02
   4.5862094e-02
   4.4187631e-02
   4.1824289e-02
   4.0741194e-02
   4.0262744e-02
   4.0304445e-02
   4.0456649e-02
   4.0630203e-02
   3.8926797e-02
   1.7752163e-02
   0.0000000e+00
   0.0000000e+00
   0.0000000e+00
   0.0000000e+00
   0.0000000e+00
   0.0000000e+00
   4.7686979e-02
   4.7088589e-02
   2.3663482e-02
   0.0000000e+00
   0.0000000e+00
   2.3160913e-02
   2.8170049e-02
   0.0000000e+00
   0.0000000e+00
   0.0000000e+00
   0.0000000e+00
   0.0000000e+00
   0.0000000e+00
   0.0000000e+00
   0.0000000e+00
   3.1059676e-02
   3.8689036e-02
   5.1009168e-02
   6.1721314e-02
   6.8650879e-02
   7.1766711e-02
   7.2905578e-02
   7.2680041e-02
   7.2280726e-02
   7.2335258e-02
   7.1644746e-02
   7.0077485e-02
   6.8675660e-02
   6.4011958e-02
   5.8708157e-02
   0.0000000e+00
   0.0000000e+00
   0.0000000e+00
   0.0000000e+00
   0.0000000e+00
   0.0000000e+00
   0.0000000e+00
   2.7563331e-02
   2.3526838e-02
   0.0000000e+00
   0.0000000e+00
   1.6278611e-02
   0.0000000e+00
   0.0000000e+00
   0.0000000e+00
   0.0000000e+00
   0.0000000e+00
   0.0000000e+00
   0.0000000e+00
   0.0000000e+00
   0.0000000e+00
   1.9087822e-02
   3.1836342e-02
   4.9663395e-02
   6.5413415e-02
   7.7094717e-02
   8.4593512e-02
   8.8992712e-02
   9.1544573e-02
   9.2563249e-02
   9.3383279e-02
   9.3299266e-02
   8.9567997e-02
   8.3847885e-02
   0.0000000e+00
   0.0000000e+00
   0.0000000e+00
   0.0000000e+00
   0.0000000e+00
   0.0000000e+00
   0.0000000e+00
   0.0000000e+00
   0.0000000e+00
   0.0000000e+00
   1.3709249e-02
   0.0000000e+00
   0.0000000e+00
   4.5589547e-03
  -0.0000000e+00
   0.0000000e+00
   0.0000000e+00
   0.0000000e+00
   0.0000000e+00
   0.0000000e+00
   0.0000000e+00
   0.0000000e+00
   0.0000000e+00
   1.3522650e-02
   1.9032910e-02
   3.2286059e-02
   4.6704441e-02
   6.0374722e-02
   7.1054905e-02
   7.8758948e-02
   8.4928766e-02
   8.9133617e-02
   9.0861157e-02
   9.0017095e-02
   8.4951845e-02
   8.0385854e-02
   4.9768102e-02
   0.0000000e+00
   0.0000000e+00
   0.0000000e+00
   0.0000000e+00
   0.0000000e+00
   0.0000000e+00
   0.0000000e+00
   0.0000000e+00
   0.0000000e+00
   1.2849427e-03
   0.0000000e+00
   0.0000000e+00
   0.0000000e+00
   0.0000000e+00
   0.0000000e+00
   0.0000000e+00
   0.0000000e+00
   0.0000000e+00
   0.0000000e+00
   0.0000000e+00
   0.0000000e+00
   0.0000000e+00
  -4.0297785e-03
  -1.8658262e-03
   2.7310305e-03
   1.1214157e-02
   2.2305865e-02
   3.1181302e-02
   3.8953710e-02
   4.6391208e-02
   5.2325526e-02
   5.5922367e-02
   5.6346722e-02
   5.3297897e-02
   4.8617402e-02
   4.5114926e-02
   0.0000000e+00
   0.0000000e+00
   0.0000000e+00
   0.0000000e+00
   0.0000000e+00
   0.0000000e+00
   0.0000000e+00
   0.0000000e+00
   0.0000000e+00
  -2.7601730e-03
  -4.4562012e-03
  -4.2599321e-03
  -6.3406556e-03
  -8.3920532e-03
  -5.8324238e-03
   0.0000000e+00
   0.0000000e+00
   0.0000000e+00
   0.0000000e+00
   0.0000000e+00
   0.0000000e+00
   0.0000000e+00
   0.0000000e+00
  -0.0000000e+00
  -0.0000000e+00
  -0.0000000e+00
  -9.6546183e-03
  -1.1121401e-02
  -6.9999948e-03
  -4.6031671e-03
  -1.2538149e-03
  -8.8696019e-05
  -1.5280495e-04
  -1.2568308e-03
   1.7181091e-03
  -1.2685122e-02
  -1.6940702e-02
   0.0000000e+00
  -6.0547961e-03
  -5.2007863e-03
  -2.4084723e-04
   2.2963969e-03
   5.2731966e-03
   8.9761807e-03
   8.6705650e-03
   5.2281028e-03
   7.9899122e-04
  -4.3061870e-04
   5.6148357e-04
  -4.6469593e-04
   8.9742659e-04
   9.6193445e-03
   0.0000000e+00
   0.0000000e+00
