-START-OF-DATA-
1759.5 0.00179869
1769.5 0.00179869
1779.5 0.00179869
1789.5 0.00179869
1799.5 0.00179869
1809.5 0.00179869
1819.5 0.00179869
1829.5 0.00179869
1839.5 0.00179869
1849.5 0.00179869
1859.5 0.00179869
1869.5 0.00179869
1879.5 0.00179869
1889.5 0.00179869
1899.5 0.00179869
1909.5 0.00179869
1919.5 0.00179869
1929.5 0.00179869
1939.5 0.00179869
1949.5 0.001915
2949.5 0.001954
3949.5 0.002019
4949.5 0.002109
5949.5 0.002219
6949.5 0.002342
7949.5 0.002497
8949.5 0.002705
9949.5 0.00297
10949.5 0.003306
11949.5 0.003727
12949.5 0.004238
13949.5 0.004846
14949.5 0.005551
15949.5 0.006354
16949.5 0.007247
17949.5 0.008088
18949.5 0.008993
19949.5 0.009899
20949.5 0.010676
21949.5 0.011387
22949.5 0.01197
23949.5 0.012487
24949.5 0.012876
25949.5 0.013134
26949.5 0.013393
27949.5 0.013523
28949.5 0.013652
29949.5 0.013717
30949.5 0.013781
31949.5 0.013781
32949.5 0.013781
33949.5 0.013717
34949.5 0.013717
35949.5 0.013652
36949.5 0.013587
37949.5 0.013587
38949.5 0.013523
39949.5 0.013458
40949.5 0.013393
41949.5 0.013328
42949.5 0.013264
43949.5 0.013199
44949.5 0.013134
45949.5 0.01307
46949.5 0.013005
47949.5 0.013005
48949.5 0.01294
49949.5 0.012876
50949.5 0.012811
51949.5 0.012746
52949.5 0.012681
53949.5 0.012681
54949.5 0.012617
55949.5 0.012552
56949.5 0.012487
57949.5 0.012423
58949.5 0.012423
59949.5 0.012358
60949.5 0.012293
61949.5 0.012293
62949.5 0.012229
63949.5 0.012164
64949.5 0.012099
65949.5 0.012099
66949.5 0.012034
67949.5 0.01197
68949.5 0.01197
69949.5 0.011905
70949.5 0.01184
71949.5 0.01184
72949.5 0.011776
73949.5 0.011711
74949.5 0.011711
75949.5 0.011646
76949.5 0.011581
77949.5 0.011581
78949.5 0.011517
79949.5 0.011517
80949.5 0.011452
81949.5 0.011387
82949.5 0.011387
83949.5 0.011323
84949.5 0.011323
85949.5 0.011258
86949.5 0.011193
87949.5 0.011193
88949.5 0.011129
89949.5 0.011129
90949.5 0.011064
91949.5 0.011064
92949.5 0.010999
93949.5 0.010934
94949.5 0.010934
95949.5 0.01087
96949.5 0.01087
97949.5 0.010805
98949.5 0.010805
99949.5 0.01074
100949.5 0.01074
101949.5 0.010676
102949.5 0.010676
103949.5 0.010611
104949.5 0.010611
105949.5 0.010546
106949.5 0.010546
107949.5 0.010482
108949.5 0.010482
109949.5 0.010417
110949.5 0.010417
111949.5 0.010352
112949.5 0.010352
113949.5 0.010287
114949.5 0.010287
115949.5 0.010223
116949.5 0.010223
117949.5 0.010158
118949.5 0.010158
119949.5 0.010158
120949.5 0.010093
121949.5 0.010093
122949.5 0.010029
123949.5 0.010029
124949.5 0.009964
125949.5 0.009964
126949.5 0.009899
127949.5 0.009899
128949.5 0.009899
129949.5 0.009835
130949.5 0.009835
131949.5 0.00977
132949.5 0.00977
133949.5 0.009705
134949.5 0.009705
135949.5 0.009705
136949.5 0.00964
137949.5 0.00964
138949.5 0.009576
139949.5 0.009576
140949.5 0.009576
141949.5 0.009511
142949.5 0.009511
143949.5 0.009446
144949.5 0.009446
145949.5 0.009446
146949.5 0.009382
147949.5 0.009382
148949.5 0.009382
149949.5 0.009317
150949.5 0.009317
151949.5 0.009252
152949.5 0.009252
153949.5 0.009252
154949.5 0.009188
155949.5 0.009188
156949.5 0.009188
157949.5 0.009123
158949.5 0.009123
159949.5 0.009058
160949.5 0.009058
161949.5 0.009058
162949.5 0.008993
163949.5 0.008993
164949.5 0.008993
165949.5 0.008929
166949.5 0.008929
167949.5 0.008929
168949.5 0.008864
169949.5 0.008864
170949.5 0.008864
171949.5 0.008799
172949.5 0.008799
173949.5 0.008799
174949.5 0.008735
175949.5 0.008735
176949.5 0.008735
177949.5 0.00867
178949.5 0.00867
179949.5 0.00867
180949.5 0.008605
181949.5 0.008605
182949.5 0.008605
183949.5 0.008605
184949.5 0.008541
185949.5 0.008541
186949.5 0.008541
187949.5 0.008476
188949.5 0.008476
189949.5 0.008476
190949.5 0.008411
191949.5 0.008411
192949.5 0.008411
193949.5 0.008411
194949.5 0.008346
195949.5 0.008346
196949.5 0.008346
197949.5 0.008282
198949.5 0.008282
199949.5 0.008282
200949.5 0.008282
201949.5 0.008217
202949.5 0.008217
203949.5 0.008217
204949.5 0.008217
205949.5 0.008152
206949.5 0.008152
207949.5 0.008152
208949.5 0.008088
209949.5 0.008088
210949.5 0.008088
211949.5 0.008088
212949.5 0.008023
213949.5 0.008023
214949.5 0.008023
215949.5 0.008023
216949.5 0.007958
217949.5 0.007958
218949.5 0.007958
219949.5 0.007958
220949.5 0.007894
221949.5 0.007894
222949.5 0.007894
223949.5 0.007894
224949.5 0.007894
225949.5 0.007829
226949.5 0.007829
227949.5 0.007829
228949.5 0.007829
229949.5 0.007764
230949.5 0.007764
231949.5 0.007764
232949.5 0.007764
233949.5 0.007699
234949.5 0.007699
235949.5 0.007699
236949.5 0.007699
237949.5 0.007699
238949.5 0.007635
239949.5 0.007635
240949.5 0.007635
241949.5 0.007635
242949.5 0.007635
243949.5 0.00757
244949.5 0.00757
245949.5 0.00757
246949.5 0.00757
247949.5 0.00757
248949.5 0.007505
249949.5 0.007505
250949.5 0.007505
251949.5 0.007505
252949.5 0.007505
253949.5 0.007441
254949.5 0.007441
255949.5 0.007441
256949.5 0.007441
257949.5 0.007441
258949.5 0.007376
259949.5 0.007376
260949.5 0.007376
261949.5 0.007376
262949.5 0.007376
263949.5 0.007376
264949.5 0.007311
265949.5 0.007311
266949.5 0.007311
267949.5 0.007311
268949.5 0.007311
269949.5 0.007247
270949.5 0.007247
271949.5 0.007247
272949.5 0.007247
273949.5 0.007247
274949.5 0.007247
275949.5 0.007182
276949.5 0.007182
277949.5 0.007182
278949.5 0.007182
279949.5 0.007182
280949.5 0.007182
281949.5 0.007182
282949.5 0.007117
283949.5 0.007117
284949.5 0.007117
285949.5 0.007117
286949.5 0.007117
287949.5 0.007117
288949.5 0.007052
289949.5 0.007052
290949.5 0.007052
291949.5 0.007052
292949.5 0.007052
293949.5 0.007052
294949.5 0.007052
295949.5 0.006988
296949.5 0.006988
297949.5 0.006988
298949.5 0.006988
299949.5 0.006988
300949.5 0.006988
301949.5 0.006988
302949.5 0.006923
303949.5 0.006923
304949.5 0.006923
305949.5 0.006923
306949.5 0.006923
307949.5 0.006923
308949.5 0.006923
309949.5 0.006923
310949.5 0.006858
311949.5 0.006858
312949.5 0.006858
313949.5 0.006858
314949.5 0.006858
315949.5 0.006858
316949.5 0.006858
317949.5 0.006858
318949.5 0.006794
319949.5 0.006794
320949.5 0.006794
321949.5 0.006794
322949.5 0.006794
323949.5 0.006794
324949.5 0.006794
325949.5 0.006794
326949.5 0.006729
327949.5 0.006729
328949.5 0.006729
329949.5 0.006729
330949.5 0.006729
331949.5 0.006729
332949.5 0.006729
333949.5 0.006729
334949.5 0.006729
335949.5 0.006664
336949.5 0.006664
337949.5 0.006664
338949.5 0.006664
339949.5 0.006664
340949.5 0.006664
341949.5 0.006664
342949.5 0.006664
343949.5 0.006664
344949.5 0.0066
345949.5 0.0066
346949.5 0.0066
347949.5 0.0066
348949.5 0.0066
349949.5 0.0066
350949.5 0.0066
351949.5 0.0066
352949.5 0.0066
353949.5 0.0066
354949.5 0.006535
355949.5 0.006535
356949.5 0.006535
357949.5 0.006535
358949.5 0.006535
359949.5 0.006535
360949.5 0.006535
361949.5 0.006535
362949.5 0.006535
363949.5 0.006535
364949.5 0.00647
365949.5 0.00647
366949.5 0.00647
367949.5 0.00647
368949.5 0.00647
369949.5 0.00647
370949.5 0.006464
371949.5 0.006457
372949.5 0.006451
373949.5 0.006444
374949.5 0.006444
375949.5 0.006438
376949.5 0.006431
377949.5 0.006425
378949.5 0.006418
379949.5 0.006412
380949.5 0.006405
381949.5 0.006399
382949.5 0.006399
383949.5 0.006392
384949.5 0.006386
385949.5 0.00638
386949.5 0.006373
387949.5 0.006367
388949.5 0.006367
389949.5 0.00636
390949.5 0.006354
391949.5 0.006347
392949.5 0.006341
393949.5 0.006341
394949.5 0.006334
395949.5 0.006328
396949.5 0.006321
397949.5 0.006321
398949.5 0.006315
399949.5 0.006308
400949.5 0.006302
401949.5 0.006295
402949.5 0.006295
403949.5 0.006289
404949.5 0.006282
405949.5 0.006276
406949.5 0.006276
407949.5 0.00627
408949.5 0.006263
409949.5 0.006263
410949.5 0.006257
411949.5 0.00625
412949.5 0.006244
413949.5 0.006244
414949.5 0.006237
415949.5 0.006231
416949.5 0.006231
417949.5 0.006224
418949.5 0.006218
419949.5 0.006218
420949.5 0.006211
421949.5 0.006205
422949.5 0.006205
423949.5 0.006198
424949.5 0.006192
425949.5 0.006192
426949.5 0.006185
427949.5 0.006179
428949.5 0.006179
429949.5 0.006172
430949.5 0.006166
431949.5 0.006166
432949.5 0.00616
433949.5 0.006153
434949.5 0.006153
435949.5 0.006147
436949.5 0.006147
437949.5 0.00614
438949.5 0.006134
439949.5 0.006134
440949.5 0.006127
441949.5 0.006121
442949.5 0.006121
443949.5 0.006114
444949.5 0.006114
445949.5 0.006108
446949.5 0.006108
447949.5 0.006101
448949.5 0.006095
449949.5 0.006095
450949.5 0.006088
451949.5 0.006088
452949.5 0.006082
453949.5 0.006075
454949.5 0.006075
455949.5 0.006069
456949.5 0.006069
457949.5 0.006062
458949.5 0.006062
459949.5 0.006056
460949.5 0.00605
461949.5 0.00605
462949.5 0.006043
463949.5 0.006043
464949.5 0.006037
465949.5 0.006037
466949.5 0.00603
467949.5 0.00603
468949.5 0.006024
469949.5 0.006024
470949.5 0.006017
471949.5 0.006011
472949.5 0.006011
473949.5 0.006004
474949.5 0.006004
475949.5 0.005998
476949.5 0.005998
477949.5 0.005991
478949.5 0.005991
479949.5 0.005985
480949.5 0.005985
481949.5 0.005978
482949.5 0.005978
483949.5 0.005972
484949.5 0.005972
485949.5 0.005965
486949.5 0.005965
487949.5 0.005959
488949.5 0.005952
489949.5 0.005952
490949.5 0.005946
491949.5 0.005946
492949.5 0.00594
493949.5 0.00594
494949.5 0.005933
495949.5 0.005933
496949.5 0.005927
497949.5 0.005927
498949.5 0.00592
499949.5 0.00592
500949.5 0.005914
501949.5 0.005914
502949.5 0.005907
503949.5 0.005907
504949.5 0.005901
505949.5 0.005901
506949.5 0.005894
507949.5 0.005894
508949.5 0.005888
509949.5 0.005888
510949.5 0.005881
511949.5 0.005881
512949.5 0.005875
513949.5 0.005875
514949.5 0.005868
515949.5 0.005868
516949.5 0.005862
517949.5 0.005862
518949.5 0.005855
519949.5 0.005855
520949.5 0.005849
521949.5 0.005849
522949.5 0.005843
523949.5 0.005843
524949.5 0.005836
525949.5 0.005836
526949.5 0.00583
527949.5 0.00583
528949.5 0.005823
529949.5 0.005823
530949.5 0.005823
531949.5 0.005817
532949.5 0.005817
533949.5 0.00581
534949.5 0.00581
535949.5 0.005804
536949.5 0.005804
537949.5 0.005797
538949.5 0.005797
539949.5 0.005791
540949.5 0.005791
541949.5 0.005784
542949.5 0.005784
543949.5 0.005778
544949.5 0.005778
545949.5 0.005771
546949.5 0.005771
547949.5 0.005765
548949.5 0.005765
549949.5 0.005758
550949.5 0.005758
551949.5 0.005758
552949.5 0.005752
553949.5 0.005752
554949.5 0.005745
555949.5 0.005745
556949.5 0.005739
557949.5 0.005739
558949.5 0.005733
559949.5 0.005733
560949.5 0.005726
561949.5 0.005726
562949.5 0.00572
563949.5 0.00572
564949.5 0.005713
565949.5 0.005713
566949.5 0.005713
567949.5 0.005707
568949.5 0.005707
569949.5 0.0057
570949.5 0.0057
571949.5 0.005694
572949.5 0.005694
573949.5 0.005687
574949.5 0.005687
575949.5 0.005681
576949.5 0.005681
577949.5 0.005681
578949.5 0.005674
579949.5 0.005674
580949.5 0.005668
581949.5 0.005668
582949.5 0.005661
583949.5 0.005661
584949.5 0.005655
585949.5 0.005655
586949.5 0.005648
587949.5 0.005648
588949.5 0.005648
589949.5 0.005642
590949.5 0.005642
591949.5 0.005635
592949.5 0.005635
593949.5 0.005629
594949.5 0.005629
595949.5 0.005623
596949.5 0.005623
597949.5 0.005623
598949.5 0.005616
599949.5 0.005616
600949.5 0.00561
601949.5 0.00561
602949.5 0.005603
603949.5 0.005603
604949.5 0.005597
605949.5 0.005597
606949.5 0.005597
607949.5 0.00559
608949.5 0.00559
609949.5 0.005584
610949.5 0.005584
611949.5 0.005577
612949.5 0.005577
613949.5 0.005577
614949.5 0.005571
615949.5 0.005571
616949.5 0.005564
617949.5 0.005564
618949.5 0.005558
619949.5 0.005558
620949.5 0.005558
621949.5 0.005551
622949.5 0.005551
623949.5 0.005545
624949.5 0.005545
625949.5 0.005538
626949.5 0.005538
627949.5 0.005538
628949.5 0.005532
629949.5 0.005532
630949.5 0.005525
631949.5 0.005525
632949.5 0.005519
633949.5 0.005519
634949.5 0.005519
635949.5 0.005513
636949.5 0.005513
637949.5 0.005506
638949.5 0.005506
639949.5 0.0055
640949.5 0.0055
641949.5 0.0055
642949.5 0.005493
643949.5 0.005493
644949.5 0.005487
645949.5 0.005487
646949.5 0.00548
647949.5 0.00548
648949.5 0.00548
649949.5 0.005474
650949.5 0.005474
651949.5 0.005467
652949.5 0.005467
653949.5 0.005467
654949.5 0.005461
655949.5 0.005461
656949.5 0.005454
657949.5 0.005454
658949.5 0.005454
659949.5 0.005448
660949.5 0.005448
661949.5 0.005441
662949.5 0.005441
663949.5 0.005435
664949.5 0.005435
665949.5 0.005435
666949.5 0.005428
667949.5 0.005428
668949.5 0.005422
669949.5 0.005422
670949.5 0.005422
671949.5 0.005415
672949.5 0.005415
673949.5 0.005409
674949.5 0.005409
675949.5 0.005409
676949.5 0.005403
677949.5 0.005403
678949.5 0.005396
679949.5 0.005396
680949.5 0.005396
681949.5 0.00539
682949.5 0.00539
683949.5 0.005383
684949.5 0.005383
685949.5 0.005383
686949.5 0.005377
687949.5 0.005377
688949.5 0.005377
689949.5 0.00537
690949.5 0.00537
691949.5 0.005364
692949.5 0.005364
693949.5 0.005364
694949.5 0.005357
695949.5 0.005357
696949.5 0.005351
697949.5 0.005351
698949.5 0.005351
699949.5 0.005344
700949.5 0.005344
701949.5 0.005338
702949.5 0.005338
703949.5 0.005338
704949.5 0.005331
705949.5 0.005331
706949.5 0.005331
707949.5 0.005325
708949.5 0.005325
709949.5 0.005318
710949.5 0.005318
711949.5 0.005318
712949.5 0.005312
713949.5 0.005312
714949.5 0.005305
715949.5 0.005305
716949.5 0.005305
717949.5 0.005299
718949.5 0.005299
719949.5 0.005299
720949.5 0.005293
721949.5 0.005293
722949.5 0.005286
723949.5 0.005286
724949.5 0.005286
725949.5 0.00528
726949.5 0.00528
727949.5 0.00528
728949.5 0.005273
729949.5 0.005273
730949.5 0.005267
731949.5 0.005267
732949.5 0.005267
733949.5 0.00526
734949.5 0.00526
735949.5 0.00526
736949.5 0.005254
737949.5 0.005254
738949.5 0.005254
739949.5 0.005247
740949.5 0.005247
741949.5 0.005241
742949.5 0.005241
743949.5 0.005241
744949.5 0.005234
745949.5 0.005234
746949.5 0.005234
747949.5 0.005228
748949.5 0.005228
749949.5 0.005221
750949.5 0.005221
751949.5 0.005221
752949.5 0.005215
753949.5 0.005215
754949.5 0.005215
755949.5 0.005208
756949.5 0.005208
757949.5 0.005208
758949.5 0.005202
759949.5 0.005202
760949.5 0.005195
761949.5 0.005195
762949.5 0.005195
763949.5 0.005189
764949.5 0.005189
765949.5 0.005189
766949.5 0.005183
767949.5 0.005183
768949.5 0.005176
769949.5 0.005176
770949.5 0.005176
771949.5 0.00517
772949.5 0.00517
773949.5 0.005163
774949.5 0.005163
775949.5 0.005163
776949.5 0.005157
777949.5 0.005157
778949.5 0.00515
779949.5 0.00515
780949.5 0.00515
781949.5 0.005144
782949.5 0.005144
783949.5 0.005144
784949.5 0.005137
785949.5 0.005137
786949.5 0.005131
787949.5 0.005131
788949.5 0.005131
789949.5 0.005124
790949.5 0.005124
791949.5 0.005124
792949.5 0.005118
793949.5 0.005118
794949.5 0.005111
795949.5 0.005111
796949.5 0.005111
797949.5 0.005105
798949.5 0.005105
799949.5 0.005105
800949.5 0.005098
801949.5 0.005098
802949.5 0.005098
803949.5 0.005092
804949.5 0.005092
805949.5 0.005086
806949.5 0.005086
807949.5 0.005086
808949.5 0.005079
809949.5 0.005079
810949.5 0.005079
811949.5 0.005073
812949.5 0.005073
813949.5 0.005073
814949.5 0.005066
815949.5 0.005066
816949.5 0.005066
817949.5 0.00506
818949.5 0.00506
819949.5 0.00506
820949.5 0.005053
821949.5 0.005053
822949.5 0.005053
823949.5 0.005047
824949.5 0.005047
825949.5 0.005047
826949.5 0.00504
827949.5 0.00504
828949.5 0.00504
829949.5 0.005034
830949.5 0.005034
831949.5 0.005034
832949.5 0.005027
833949.5 0.005027
834949.5 0.005027
835949.5 0.005021
836949.5 0.005021
837949.5 0.005021
838949.5 0.005014
839949.5 0.005014
840949.5 0.005014
841949.5 0.005008
842949.5 0.005008
843949.5 0.005008
844949.5 0.005001
845949.5 0.005001
846949.5 0.005001
847949.5 0.005001
848949.5 0.004995
849949.5 0.004995
850949.5 0.004995
851949.5 0.004988
852949.5 0.004988
853949.5 0.004988
854949.5 0.004982
855949.5 0.004982
856949.5 0.004982
857949.5 0.004976
858949.5 0.004976
859949.5 0.004976
860949.5 0.004969
861949.5 0.004969
862949.5 0.004969
863949.5 0.004969
864949.5 0.004963
865949.5 0.004963
866949.5 0.004963
867949.5 0.004956
868949.5 0.004956
869949.5 0.004956
870949.5 0.004956
871949.5 0.00495
872949.5 0.00495
873949.5 0.00495
874949.5 0.004943
875949.5 0.004943
876949.5 0.004943
877949.5 0.004937
878949.5 0.004937
879949.5 0.004937
880949.5 0.004937
881949.5 0.00493
882949.5 0.00493
883949.5 0.00493
884949.5 0.004924
885949.5 0.004924
886949.5 0.004924
887949.5 0.004924
888949.5 0.004917
889949.5 0.004917
890949.5 0.004917
891949.5 0.004911
892949.5 0.004911
893949.5 0.004911
894949.5 0.004911
895949.5 0.004904
896949.5 0.004904
897949.5 0.004904
898949.5 0.004898
899949.5 0.004898
900949.5 0.004898
901949.5 0.004891
902949.5 0.004891
903949.5 0.004891
904949.5 0.004891
905949.5 0.004885
906949.5 0.004885
907949.5 0.004885
908949.5 0.004878
909949.5 0.004878
910949.5 0.004878
911949.5 0.004878
912949.5 0.004872
913949.5 0.004872
914949.5 0.004872
915949.5 0.004866
916949.5 0.004866
917949.5 0.004866
918949.5 0.004866
919949.5 0.004859
920949.5 0.004859
921949.5 0.004859
922949.5 0.004853
923949.5 0.004853
924949.5 0.004853
925949.5 0.004853
926949.5 0.004846
927949.5 0.004846
928949.5 0.004846
929949.5 0.00484
930949.5 0.00484
931949.5 0.00484
932949.5 0.004833
933949.5 0.004833
934949.5 0.004833
935949.5 0.004833
936949.5 0.004827
937949.5 0.004827
938949.5 0.004827
939949.5 0.00482
940949.5 0.00482
941949.5 0.00482
942949.5 0.004814
943949.5 0.004814
944949.5 0.004814
945949.5 0.004814
946949.5 0.004807
947949.5 0.004807
948949.5 0.004807
949949.5 0.004801
950949.5 0.004801
951949.5 0.004801
952949.5 0.004801
953949.5 0.004794
954949.5 0.004794
955949.5 0.004794
956949.5 0.004788
957949.5 0.004788
958949.5 0.004788
959949.5 0.004788
960949.5 0.004781
961949.5 0.004781
962949.5 0.004781
963949.5 0.004775
964949.5 0.004775
965949.5 0.004775
966949.5 0.004775
967949.5 0.004768
968949.5 0.004768
969949.5 0.004768
970949.5 0.004762
971949.5 0.004762
972949.5 0.004762
973949.5 0.004762
974949.5 0.004756
975949.5 0.004756
976949.5 0.004756
977949.5 0.004749
978949.5 0.004749
979949.5 0.004749
980949.5 0.004749
981949.5 0.004743
982949.5 0.004743
983949.5 0.004743
984949.5 0.004743
985949.5 0.004736
986949.5 0.004736
987949.5 0.004736
988949.5 0.00473
989949.5 0.00473
990949.5 0.00473
991949.5 0.00473
992949.5 0.004723
993949.5 0.004723
994949.5 0.004723
995949.5 0.004723
996949.5 0.004717
997949.5 0.004717
998949.5 0.004717
999949.5 0.004717
1000949.5 0.00471
1001949.5 0.00471
1002949.5 0.00471
1003949.5 0.004704
1004949.5 0.004704
1005949.5 0.004704
1006949.5 0.004704
1007949.5 0.004697
99999806900 0.001799
-END-OF-DATA-
