   4.8386610e-03
   5.4274578e-03
   5.7884165e-03
   6.0477068e-03
   6.1408324e-03
   6.0116704e-03
   5.7897956e-03
   5.3047800e-03
   4.4832466e-03
   3.1949087e-03
   1.6689764e-03
   4.8010929e-05
  -1.5657009e-03
  -2.7761335e-03
  -3.5296743e-03
  -3.9788766e-03
  -4.7323222e-03
  -5.7166967e-03
  -6.4436087e-03
  -7.0521922e-03
  -8.0299552e-03
  -9.7526620e-03
  -1.1765216e-02
  -1.3083819e-02
  -1.2921720e-02
  -1.2078332e-02
  -1.0811777e-02
  -8.8499101e-03
  -6.5900496e-03
  -4.5715747e-03
  -2.7575782e-03
  -1.0989468e-03
   5.0719137e-04
   2.0125887e-03
   3.0802665e-03
   3.9842500e-03
   1.0381045e-03
  -1.6648561e-04
   1.5500418e-04
   1.0239858e-03
   2.5720666e-03
   3.4963773e-03
   4.4909585e-03
   4.1358727e-03
   2.8287987e-03
   1.2227127e-03
  -4.6587427e-04
  -2.6250295e-03
  -4.0126764e-03
  -3.9377552e-03
  -3.1014641e-03
  -1.9338322e-03
  -5.2750017e-03
  -6.4985814e-03
  -9.5785763e-03
  -0.0000000e+00
  -0.0000000e+00
  -0.0000000e+00
  -0.0000000e+00
  -0.0000000e+00
  -0.0000000e+00
  -0.0000000e+00
  -4.9094624e-03
  -2.2556884e-03
   1.7402396e-03
   3.5195930e-03
   4.0438138e-03
   3.4966262e-03
   3.4807383e-03
   3.9104768e-03
   3.5978807e-03
   2.4350700e-03
  -2.6201706e-03
  -5.0042540e-03
  -4.7810841e-03
  -3.1235064e-03
  -7.8816737e-04
   2.2275553e-03
   3.7396972e-03
   4.0198546e-03
   2.7887619e-03
   4.0848387e-04
  -1.4665924e-03
  -3.8367503e-03
  -5.3158416e-03
  -5.6755187e-03
  -4.6423883e-03
  -5.1759614e-03
  -7.4708335e-03
   1.8602957e-05
   0.0000000e+00
   0.0000000e+00
   0.0000000e+00
   0.0000000e+00
   0.0000000e+00
   0.0000000e+00
   0.0000000e+00
   0.0000000e+00
   0.0000000e+00
   0.0000000e+00
   1.2232539e-02
   1.1832355e-02
   8.6864410e-03
   6.3232441e-03
   5.2661020e-03
   4.7285538e-03
   2.7921469e-03
   4.7406196e-04
  -3.8402397e-03
  -7.1702530e-03
  -7.7602081e-03
  -5.4741260e-03
  -2.1603370e-03
   2.5757717e-04
   1.2036073e-03
   1.5976289e-03
   4.7069648e-04
  -2.0949454e-03
  -4.2561902e-03
  -6.2255957e-03
  -7.9424558e-03
  -8.1094233e-03
  -7.4747298e-03
  -0.0000000e+00
  -0.0000000e+00
   0.0000000e+00
   0.0000000e+00
   0.0000000e+00
   0.0000000e+00
   0.0000000e+00
   0.0000000e+00
   0.0000000e+00
   0.0000000e+00
   0.0000000e+00
   0.0000000e+00
   0.0000000e+00
   1.9768937e-02
   1.2954433e-02
   6.1415867e-03
   4.6370681e-03
   4.3883082e-03
   4.0103500e-03
   2.7371616e-03
   4.4921014e-04
  -5.5618938e-03
  -9.0001402e-03
  -9.8285908e-03
  -7.2442684e-03
  -4.4600829e-03
  -2.6592908e-03
  -2.5680801e-03
  -3.0401810e-03
  -3.9997511e-03
  -4.9009142e-03
  -5.8800755e-03
  -7.4253837e-03
  -8.4647248e-03
  -7.5927651e-03
  -4.5056692e-03
   0.0000000e+00
   0.0000000e+00
   0.0000000e+00
   0.0000000e+00
   0.0000000e+00
   0.0000000e+00
   0.0000000e+00
   0.0000000e+00
   0.0000000e+00
   0.0000000e+00
   0.0000000e+00
   0.0000000e+00
   0.0000000e+00
   1.7353496e-02
   9.0925209e-03
   1.7998663e-03
   1.0735547e-03
   2.0883202e-03
   2.6776053e-03
   2.0397177e-03
  -6.4053846e-04
  -8.6265271e-03
  -1.2101721e-02
  -1.2460759e-02
  -9.6870537e-03
  -6.6488359e-03
  -5.5114276e-03
  -5.9449721e-03
  -6.9000513e-03
  -6.6870788e-03
  -6.0506460e-03
  -5.4449130e-03
  -6.5947903e-03
  -7.4436935e-03
  -3.8548531e-03
   1.9088172e-04
   0.0000000e+00
   0.0000000e+00
   0.0000000e+00
   0.0000000e+00
   0.0000000e+00
   0.0000000e+00
   0.0000000e+00
   0.0000000e+00
   0.0000000e+00
   0.0000000e+00
   0.0000000e+00
   0.0000000e+00
   0.0000000e+00
   1.1991394e-02
   5.8365671e-03
  -2.4642692e-03
  -3.0000698e-03
  -8.0473746e-04
   4.7640471e-04
  -9.5922139e-05
  -3.1946870e-03
  -1.1746638e-02
  -1.4982138e-02
  -1.4499359e-02
  -1.0676003e-02
  -7.5353058e-03
  -7.0191221e-03
  -7.9784933e-03
  -8.4947869e-03
  -7.8328988e-03
  -6.1333687e-03
  -4.4001113e-03
  -5.2670962e-03
  -4.9863434e-03
   2.6291816e-03
   1.1223638e-02
   0.0000000e+00
   0.0000000e+00
   0.0000000e+00
   0.0000000e+00
   0.0000000e+00
   0.0000000e+00
   0.0000000e+00
   0.0000000e+00
   0.0000000e+00
   0.0000000e+00
   0.0000000e+00
   0.0000000e+00
   0.0000000e+00
   0.0000000e+00
   5.8442671e-03
  -4.7853119e-03
  -5.8921804e-03
  -3.1106696e-03
  -7.2981307e-04
  -1.6193114e-03
  -6.0803974e-03
  -1.3545254e-02
  -1.5767515e-02
  -1.3861729e-02
  -9.1843670e-03
  -6.5509664e-03
  -6.4893109e-03
  -7.8680906e-03
  -8.8607193e-03
  -8.0427304e-03
  -5.1191417e-03
  -3.1952598e-03
  -2.9039087e-03
  -8.5343746e-04
   1.0822784e-02
   1.8284958e-02
   0.0000000e+00
   0.0000000e+00
   0.0000000e+00
   0.0000000e+00
   0.0000000e+00
   0.0000000e+00
   0.0000000e+00
   0.0000000e+00
   0.0000000e+00
   0.0000000e+00
   0.0000000e+00
   0.0000000e+00
   0.0000000e+00
   8.6654583e-03
   3.7579094e-03
  -6.9774757e-03
  -7.7085309e-03
  -3.7701917e-03
  -1.7148857e-05
  -1.6219273e-03
  -7.6546357e-03
  -1.1252110e-02
  -1.2142349e-02
  -9.5239440e-03
  -5.3435462e-03
  -3.6345238e-03
  -4.1729282e-03
  -6.0641584e-03
  -7.6647252e-03
  -6.6795200e-03
  -3.7560768e-03
  -1.9940729e-03
  -3.0995856e-04
   4.0211515e-03
   2.2966456e-02
   0.0000000e+00
   0.0000000e+00
   0.0000000e+00
   0.0000000e+00
   0.0000000e+00
   0.0000000e+00
   0.0000000e+00
   0.0000000e+00
   0.0000000e+00
   0.0000000e+00
   0.0000000e+00
   0.0000000e+00
   0.0000000e+00
   0.0000000e+00
   4.0649110e-03
  -4.2918343e-03
  -9.3034180e-03
  -8.4936954e-03
  -3.2297778e-03
   9.7508042e-04
  -5.6493346e-04
  -6.3565797e-03
  -3.6011192e-03
  -4.2236331e-03
  -2.4517761e-03
  -8.5261679e-05
   2.6381173e-04
  -1.1754355e-03
  -3.7712483e-03
  -5.8001587e-03
  -5.3164801e-03
  -2.9506972e-03
  -4.8363686e-04
   2.8197574e-03
   1.0995328e-02
   3.6205884e-02
   0.0000000e+00
   0.0000000e+00
   0.0000000e+00
   0.0000000e+00
   0.0000000e+00
   0.0000000e+00
   0.0000000e+00
   0.0000000e+00
   0.0000000e+00
   0.0000000e+00
   0.0000000e+00
   0.0000000e+00
   0.0000000e+00
  -8.8098651e-03
   2.0903432e-03
  -3.1382849e-03
  -4.9155494e-03
  -2.7977212e-03
   2.0059110e-03
   5.5829566e-03
   4.1443603e-03
  -4.3850899e-04
   6.1092940e-03
   4.2312946e-03
   4.1304342e-03
   4.4552302e-03
   3.7028683e-03
   1.4155285e-03
  -2.0049559e-03
  -4.6598063e-03
  -4.4851755e-03
  -1.5718221e-03
   2.4879493e-03
   8.4562115e-03
   2.2650966e-02
   4.4157908e-02
   0.0000000e+00
   0.0000000e+00
   0.0000000e+00
   0.0000000e+00
   0.0000000e+00
   0.0000000e+00
   0.0000000e+00
   0.0000000e+00
   0.0000000e+00
   0.0000000e+00
   0.0000000e+00
  -7.7753951e-03
  -3.7296110e-03
   4.7213007e-03
   4.4369368e-03
   1.6255293e-03
   3.1674940e-03
   5.7973142e-03
   9.6318526e-03
   1.2977686e-02
   1.2142994e-02
   9.0363901e-03
   1.3711980e-02
   1.0583051e-02
   8.7947883e-03
   7.8666043e-03
   6.0479334e-03
   2.7012290e-03
  -1.9075408e-03
  -4.4448311e-03
  -2.9106555e-03
   2.0304124e-03
   8.5064070e-03
   1.8627681e-02
   3.9047033e-02
   5.2178107e-02
   0.0000000e+00
   0.0000000e+00
   0.0000000e+00
   0.0000000e+00
   0.0000000e+00
   0.0000000e+00
   0.0000000e+00
   0.0000000e+00
   0.0000000e+00
   0.0000000e+00
  -1.4661364e-02
  -2.4065339e-03
   3.4653514e-03
   8.0452533e-03
   6.9615417e-03
   7.4632606e-03
   9.2332736e-03
   1.1771157e-02
   1.5896937e-02
   1.9620612e-02
   1.9813634e-02
   1.7469574e-02
   1.6501399e-02
   1.2723125e-02
   1.0432554e-02
   8.9111794e-03
   6.2962482e-03
   1.7623779e-03
  -2.8578846e-03
  -3.5713501e-03
   2.8365589e-04
   7.2281100e-03
   1.5924318e-02
   2.9302828e-02
   5.2076444e-02
   5.3884048e-02
   0.0000000e+00
   0.0000000e+00
   0.0000000e+00
   0.0000000e+00
   0.0000000e+00
   0.0000000e+00
   0.0000000e+00
   0.0000000e+00
   0.0000000e+00
  -2.8212457e-02
  -9.6688364e-03
   4.1878410e-03
   7.4718702e-03
   1.0148055e-02
   9.8281754e-03
   9.8713934e-03
   1.1545951e-02
   1.4662665e-02
   1.9309420e-02
   2.2937369e-02
   2.3519248e-02
   2.0933684e-02
   1.3908133e-02
   1.0074190e-02
   8.4354095e-03
   7.2775395e-03
   5.1678768e-03
   1.9837113e-03
  -5.0269751e-05
   1.2204623e-03
   5.7639545e-03
   1.3264803e-02
   2.3104593e-02
   3.6700912e-02
   5.7569429e-02
   0.0000000e+00
   0.0000000e+00
   0.0000000e+00
   0.0000000e+00
   0.0000000e+00
   0.0000000e+00
   0.0000000e+00
   0.0000000e+00
   0.0000000e+00
   0.0000000e+00
  -2.0645955e-02
  -7.3426013e-04
   1.1009416e-02
   1.3912927e-02
   1.4342343e-02
   1.2093540e-02
   1.1407155e-02
   1.3575274e-02
   1.7012533e-02
   2.1192644e-02
   2.3604393e-02
   2.3362815e-02
   1.9396920e-02
   7.3786457e-03
   4.8008212e-03
   4.4467300e-03
   4.5493389e-03
   4.4593848e-03
   4.7150510e-03
   6.3377069e-03
   9.3005057e-03
   1.3348574e-02
   1.9335030e-02
   2.7325908e-02
   3.6938328e-02
   4.4217382e-02
   0.0000000e+00
   0.0000000e+00
   0.0000000e+00
   0.0000000e+00
   0.0000000e+00
   0.0000000e+00
   0.0000000e+00
   0.0000000e+00
   0.0000000e+00
  -0.0000000e+00
  -4.6294196e-03
   9.6045658e-03
   1.7177721e-02
   1.7873215e-02
   1.5974933e-02
   1.2925604e-02
   1.2966818e-02
   1.5541194e-02
   1.8514562e-02
   2.0995650e-02
   2.1417195e-02
   1.9011617e-02
   1.3077077e-02
   1.3550788e-03
  -4.9350114e-05
   1.4131298e-04
   5.6269061e-04
   1.3813571e-03
   3.3888058e-03
   7.6131504e-03
   1.3241069e-02
   1.9067997e-02
   2.4922671e-02
   2.9812725e-02
   3.2768991e-02
   3.0704682e-02
   0.0000000e+00
   0.0000000e+00
   0.0000000e+00
   0.0000000e+00
   0.0000000e+00
   0.0000000e+00
   0.0000000e+00
   0.0000000e+00
   0.0000000e+00
   4.3147053e-03
   5.0091157e-03
   1.2799009e-02
   1.6395058e-02
   1.5916586e-02
   1.3898293e-02
   1.2091463e-02
   1.3374957e-02
   1.6141187e-02
   1.8177353e-02
   1.8571027e-02
   1.6748274e-02
   1.2347924e-02
   5.8345594e-03
  -3.4966306e-03
  -4.8949239e-03
  -5.5471743e-03
  -6.2876926e-03
  -6.2234616e-03
  -4.4122613e-03
   3.6274921e-04
   7.0982622e-03
   1.3959057e-02
   2.0131633e-02
   2.4626415e-02
   2.4533350e-02
   1.6318820e-02
   0.0000000e+00
   0.0000000e+00
   0.0000000e+00
   0.0000000e+00
   0.0000000e+00
   0.0000000e+00
   0.0000000e+00
   0.0000000e+00
   0.0000000e+00
   4.8136390e-03
   6.6262558e-03
   8.2791001e-03
   9.5267454e-03
   9.2823151e-03
   8.6091449e-03
   8.5568978e-03
   1.0502185e-02
   1.3232316e-02
   1.4183615e-02
   1.3103543e-02
   9.9766087e-03
   5.2026734e-03
  -1.8992521e-04
  -4.9171834e-03
  -6.5205027e-03
  -8.1701130e-03
  -9.9979974e-03
  -1.1165483e-02
  -1.0618928e-02
  -6.9626104e-03
  -1.1060402e-03
   5.0087874e-03
   1.0142490e-02
   1.4333809e-02
   1.5528657e-02
   7.7068315e-03
   0.0000000e+00
   0.0000000e+00
   0.0000000e+00
   0.0000000e+00
   0.0000000e+00
   0.0000000e+00
   0.0000000e+00
   0.0000000e+00
   0.0000000e+00
   8.3627052e-03
   3.0742316e-03
   1.9959896e-03
   2.4306631e-03
   3.2900632e-03
   4.1098082e-03
   4.6449651e-03
   5.2021784e-03
   6.9034058e-03
   7.1314675e-03
   5.6425030e-03
   3.2015527e-03
   1.6416233e-04
  -2.8373168e-03
  -5.5512425e-04
  -1.4935176e-04
  -1.5473680e-04
  -6.9360732e-04
  -1.5331301e-03
  -2.1296660e-03
  -1.5394085e-03
   2.9380483e-04
   2.5499819e-03
   5.3057419e-03
   8.8937849e-03
   1.2714886e-02
   5.6446083e-03
   0.0000000e+00
   0.0000000e+00
   0.0000000e+00
   0.0000000e+00
   0.0000000e+00
   0.0000000e+00
   0.0000000e+00
   0.0000000e+00
   0.0000000e+00
   9.7575516e-03
   4.8217331e-03
   2.6882775e-03
   2.3416425e-03
   3.5805006e-03
   5.3519886e-03
   6.0287793e-03
   4.6444703e-03
   4.9726074e-03
   4.7081085e-03
   2.3280655e-03
   2.9485702e-04
  -8.3079649e-04
  -1.0862891e-03
   3.1747803e-03
   6.2392237e-03
   8.2978178e-03
   8.8386248e-03
   7.7639958e-03
   5.5563904e-03
   3.2866080e-03
   2.1045179e-03
   1.5361551e-03
   1.6360865e-03
   1.4081626e-03
   2.8650167e-03
   5.8908300e-03
   0.0000000e+00
   0.0000000e+00
   0.0000000e+00
   0.0000000e+00
   0.0000000e+00
   0.0000000e+00
   0.0000000e+00
   0.0000000e+00
   0.0000000e+00
   7.7256565e-03
   4.0555815e-03
   1.0782190e-03
  -1.9550274e-04
   1.6479670e-03
   5.8171728e-03
   8.2099647e-03
   5.0732285e-03
   2.9005905e-03
   3.4213261e-03
  -1.4668897e-04
  -2.3429038e-03
  -2.1985645e-03
  -1.9707874e-04
  -1.5195283e-03
   2.7481548e-03
   5.2285520e-03
   5.0321235e-03
   2.1615180e-03
  -2.2942524e-03
  -6.9566038e-03
  -1.0083006e-02
  -1.2216040e-02
  -1.2543378e-02
  -1.0110306e-02
  -6.2323741e-03
   3.7870401e-03
   0.0000000e+00
   0.0000000e+00
   0.0000000e+00
   0.0000000e+00
   0.0000000e+00
   0.0000000e+00
   0.0000000e+00
   0.0000000e+00
   5.4917946e-03
   1.4866585e-03
  -3.1231404e-03
  -6.2961802e-03
  -8.5196598e-03
  -6.9679902e-03
   6.8435376e-04
   8.7283201e-03
   8.3537832e-03
  -4.2020729e-04
  -3.0475674e-04
  -5.4689795e-03
  -8.4657883e-03
  -8.4781293e-03
  -6.1036674e-03
  -1.1367417e-02
  -6.7189001e-03
  -3.2213898e-03
  -2.8092023e-03
  -5.6569227e-03
  -1.0033644e-02
  -1.4784425e-02
  -1.8902617e-02
  -2.2337494e-02
  -2.3502590e-02
  -2.0136846e-02
  -1.2458569e-02
  -1.4988628e-03
   0.0000000e+00
   0.0000000e+00
   0.0000000e+00
   0.0000000e+00
   0.0000000e+00
   0.0000000e+00
   0.0000000e+00
   0.0000000e+00
  -4.3992656e-03
  -4.2815092e-03
  -7.1946476e-03
  -8.1406385e-03
  -1.0798035e-02
  -1.1382690e-02
  -3.6343357e-03
   7.5602953e-03
   0.0000000e+00
   7.8338217e-03
   1.8107424e-03
  -6.9448994e-03
  -1.2400995e-02
  -1.4632138e-02
  -1.4578169e-02
  -1.8816046e-02
  -1.4933090e-02
  -9.9535622e-03
  -7.2742477e-03
  -7.9855816e-03
  -1.0639737e-02
  -1.5048054e-02
  -2.0555386e-02
  -2.6343631e-02
  -3.1372786e-02
  -3.1475581e-02
  -2.0614885e-02
  -0.0000000e+00
   0.0000000e+00
   0.0000000e+00
   0.0000000e+00
   0.0000000e+00
   0.0000000e+00
   0.0000000e+00
   0.0000000e+00
  -2.7182718e-02
  -1.7831204e-02
  -1.1590718e-02
  -8.5200630e-03
  -5.4530292e-03
  -7.2624059e-03
  -9.5190397e-03
  -4.0102256e-03
   0.0000000e+00
   0.0000000e+00
   0.0000000e+00
   7.2096023e-03
  -3.1533295e-03
  -1.1411575e-02
  -1.6226176e-02
  -1.9008068e-02
  -2.1916330e-02
  -2.0319197e-02
  -1.5277806e-02
  -1.0160565e-02
  -7.9622213e-03
  -8.2965409e-03
  -1.1643321e-02
  -1.7631249e-02
  -2.5576601e-02
  -3.5758495e-02
  -4.1141989e-02
  -2.6744281e-02
   0.0000000e+00
   0.0000000e+00
   0.0000000e+00
   0.0000000e+00
   0.0000000e+00
   0.0000000e+00
   0.0000000e+00
  -1.4171817e-02
  -2.5397538e-02
  -2.7064890e-02
  -1.9178832e-02
  -1.1242794e-02
  -4.8092720e-03
  -4.9812550e-03
  -8.4725339e-03
  -6.6486542e-03
   0.0000000e+00
   0.0000000e+00
   0.0000000e+00
   7.4906394e-03
   1.5877478e-05
  -8.4865419e-03
  -1.4831513e-02
  -1.9287312e-02
  -2.1273375e-02
  -2.1470044e-02
  -1.7743871e-02
  -1.1672804e-02
  -7.7126017e-03
  -6.2854141e-03
  -8.0346242e-03
  -1.3047446e-02
  -2.1405814e-02
  -3.2837287e-02
  -4.2294268e-02
  -3.5204674e-02
   0.0000000e+00
   0.0000000e+00
   0.0000000e+00
   0.0000000e+00
   0.0000000e+00
   0.0000000e+00
   0.0000000e+00
  -1.0987217e-02
  -1.8796621e-02
  -2.6150670e-02
  -2.2580765e-02
  -1.5552418e-02
  -5.1658185e-03
  -3.9990301e-03
  -1.2385474e-02
  -0.0000000e+00
   0.0000000e+00
   0.0000000e+00
   0.0000000e+00
   5.3154933e-03
  -5.6482161e-04
  -7.1135028e-03
  -1.2984858e-02
  -1.7694555e-02
  -1.8961396e-02
  -1.9467039e-02
  -1.6789041e-02
  -1.1477156e-02
  -7.2671529e-03
  -5.1368820e-03
  -5.9724608e-03
  -9.9772280e-03
  -1.7493298e-02
  -2.6473615e-02
  -3.1379777e-02
  -4.2294515e-02
   0.0000000e+00
   0.0000000e+00
   0.0000000e+00
   0.0000000e+00
   0.0000000e+00
   0.0000000e+00
  -3.5978495e-03
  -6.3451848e-03
  -1.2839693e-02
  -1.9532522e-02
  -2.1057494e-02
  -1.8070452e-02
   0.0000000e+00
  -1.1597940e-02
  -1.6170295e-02
   0.0000000e+00
   0.0000000e+00
   0.0000000e+00
   7.0903068e-03
   6.8570091e-03
  -1.4625719e-03
  -6.4932723e-03
  -1.1330134e-02
  -1.5612409e-02
  -1.5110704e-02
  -1.5878631e-02
  -1.3387633e-02
  -9.0056777e-03
  -5.4734748e-03
  -3.1964573e-03
  -3.2308400e-03
  -5.9745631e-03
  -1.1958577e-02
  -2.1230898e-02
  -1.7513837e-02
  -3.8071544e-02
   0.0000000e+00
   0.0000000e+00
   0.0000000e+00
   0.0000000e+00
   0.0000000e+00
   0.0000000e+00
   1.2902164e-03
  -5.7887437e-03
  -1.0404944e-02
  -1.4190678e-02
  -1.6578636e-02
  -1.5833126e-02
  -1.2912921e-02
  -1.0608516e-02
  -1.4135962e-02
   0.0000000e+00
   0.0000000e+00
   0.0000000e+00
   6.7981644e-03
   5.6591142e-03
   9.4990499e-04
  -3.4464568e-03
  -7.6927971e-03
  -1.1793251e-02
  -1.0140229e-02
  -1.1382491e-02
  -9.0663182e-03
  -5.1533636e-03
  -2.3126190e-03
  -6.6497800e-04
  -6.8577449e-04
  -2.2690012e-03
  -6.0835588e-03
  -1.6620874e-02
  -2.0115739e-02
  -2.8718604e-02
  -0.0000000e+00
   0.0000000e+00
   0.0000000e+00
   0.0000000e+00
   0.0000000e+00
   0.0000000e+00
   0.0000000e+00
  -2.5140851e-03
  -9.7827148e-03
  -1.1972945e-02
  -1.3271841e-02
  -1.2136857e-02
  -0.0000000e+00
   0.0000000e+00
   0.0000000e+00
   0.0000000e+00
   0.0000000e+00
   0.0000000e+00
   0.0000000e+00
   7.1232803e-03
   5.5787726e-03
   3.4167352e-03
  -8.7731687e-04
  -5.9529343e-03
  -3.5815930e-03
  -5.6751384e-03
  -3.9267614e-03
  -6.0375116e-04
   1.6478089e-03
   2.1411180e-03
   1.6531970e-03
   1.5409938e-04
  -1.6366363e-03
  -6.6333036e-03
  -4.2781870e-03
  -1.4664633e-02
  -0.0000000e+00
   0.0000000e+00
   0.0000000e+00
   0.0000000e+00
   0.0000000e+00
   0.0000000e+00
   0.0000000e+00
   1.2992922e-03
  -6.2734820e-03
  -1.1765065e-02
  -1.4183347e-02
  -7.2650471e-03
  -1.5437762e-03
  -2.6428286e-03
  -8.8109842e-03
   0.0000000e+00
   0.0000000e+00
   0.0000000e+00
   0.0000000e+00
   5.8610323e-03
   9.4778575e-03
   1.1176910e-02
   8.2151433e-03
   2.2226197e-03
   2.7697950e-03
   1.1147561e-04
   1.0738882e-03
   3.6329243e-03
   5.5350888e-03
   4.9276818e-03
   3.6935131e-03
   1.7655767e-03
   4.9208238e-04
   5.2108918e-04
   7.0905363e-06
  -7.9268692e-03
   0.0000000e+00
   0.0000000e+00
   0.0000000e+00
   0.0000000e+00
   0.0000000e+00
   0.0000000e+00
   0.0000000e+00
   0.0000000e+00
  -0.0000000e+00
  -0.0000000e+00
  -0.0000000e+00
   0.0000000e+00
  -0.0000000e+00
  -6.9942056e-04
  -5.9858436e-03
   0.0000000e+00
   0.0000000e+00
   0.0000000e+00
   0.0000000e+00
  -1.1468768e-03
   5.2808141e-03
   1.2635482e-02
   1.3612737e-02
   9.0699987e-03
   7.9556722e-03
   5.3685633e-03
   5.8230814e-03
   7.2590392e-03
   8.2932943e-03
   6.7534461e-03
   4.7246525e-03
   2.5361371e-03
   1.1190800e-03
   4.1722112e-03
   4.2159874e-03
  -9.6370529e-04
   0.0000000e+00
   0.0000000e+00
   0.0000000e+00
   0.0000000e+00
   0.0000000e+00
   0.0000000e+00
   0.0000000e+00
   0.0000000e+00
   0.0000000e+00
  -0.0000000e+00
  -0.0000000e+00
   0.0000000e+00
   0.0000000e+00
   0.0000000e+00
  -0.0000000e+00
   0.0000000e+00
   0.0000000e+00
   0.0000000e+00
   0.0000000e+00
  -0.0000000e+00
  -5.5945092e-05
   9.1820844e-03
   1.3917927e-02
   1.2580340e-02
   1.1609344e-02
   9.3144875e-03
   9.2411917e-03
   9.5690787e-03
   9.4933499e-03
   6.8144556e-03
   3.6866781e-03
   1.0110646e-03
   1.0561178e-04
   2.9564993e-03
   4.3574105e-03
   4.0406185e-03
   0.0000000e+00
   0.0000000e+00
   0.0000000e+00
   0.0000000e+00
   0.0000000e+00
   0.0000000e+00
   0.0000000e+00
   0.0000000e+00
   0.0000000e+00
   0.0000000e+00
   0.0000000e+00
   0.0000000e+00
   0.0000000e+00
   0.0000000e+00
   0.0000000e+00
   0.0000000e+00
   0.0000000e+00
   0.0000000e+00
   0.0000000e+00
   0.0000000e+00
   0.0000000e+00
   0.0000000e+00
   1.2973245e-02
   1.3836054e-02
   1.3451680e-02
   1.3036324e-02
   1.2162868e-02
   1.0620850e-02
   9.1757756e-03
   5.8142457e-03
   1.8442199e-03
  -1.5218221e-03
  -1.8327899e-03
   7.6417431e-04
   2.7366610e-03
   5.5214793e-03
   0.0000000e+00
   0.0000000e+00
   0.0000000e+00
   0.0000000e+00
   0.0000000e+00
   0.0000000e+00
   0.0000000e+00
   0.0000000e+00
   0.0000000e+00
   0.0000000e+00
   0.0000000e+00
   0.0000000e+00
   0.0000000e+00
   0.0000000e+00
   0.0000000e+00
   0.0000000e+00
   0.0000000e+00
   0.0000000e+00
   0.0000000e+00
   0.0000000e+00
   0.0000000e+00
   0.0000000e+00
   7.2295708e-03
   1.1534063e-02
   9.9868001e-03
   1.3512767e-02
   1.3891943e-02
   1.1458272e-02
   7.9384064e-03
   3.6487915e-03
  -2.8565346e-04
  -2.6823842e-03
  -3.1921873e-03
  -7.1225850e-04
  -7.0807889e-05
   4.7389027e-03
   0.0000000e+00
   0.0000000e+00
   0.0000000e+00
   0.0000000e+00
   0.0000000e+00
   0.0000000e+00
   0.0000000e+00
   0.0000000e+00
   0.0000000e+00
   0.0000000e+00
   0.0000000e+00
   0.0000000e+00
   0.0000000e+00
   0.0000000e+00
   0.0000000e+00
   0.0000000e+00
   0.0000000e+00
   0.0000000e+00
   0.0000000e+00
   0.0000000e+00
   0.0000000e+00
   0.0000000e+00
  -5.0873295e-03
   2.2875271e-03
  -6.9705240e-04
   6.1185767e-03
   9.0674330e-03
   8.2757873e-03
   3.6344165e-03
  -3.2270281e-04
  -3.2296097e-03
  -2.7793279e-03
  -3.3339196e-03
  -4.6647634e-03
  -6.0628257e-03
  -1.2368938e-03
   5.1608038e-03
   6.5789299e-03
   8.1872252e-03
   0.0000000e+00
   0.0000000e+00
  -2.0535048e-03
   8.8119208e-04
   0.0000000e+00
   0.0000000e+00
   0.0000000e+00
   0.0000000e+00
   0.0000000e+00
   0.0000000e+00
   0.0000000e+00
   0.0000000e+00
   0.0000000e+00
   0.0000000e+00
   0.0000000e+00
  -0.0000000e+00
  -0.0000000e+00
  -0.0000000e+00
  -2.8987878e-02
  -2.0695609e-02
  -1.0585579e-02
  -0.0000000e+00
  -0.0000000e+00
   0.0000000e+00
  -0.0000000e+00
  -0.0000000e+00
  -9.8476396e-03
  -1.2156434e-02
  -6.4168853e-03
  -1.4049342e-02
  -1.1799763e-02
  -7.2078770e-03
  -3.8622697e-03
   1.6716382e-03
   5.1602102e-03
   1.0633473e-02
   1.2442089e-02
   1.1641664e-02
   1.0920785e-02
   1.0036777e-02
   0.0000000e+00
   0.0000000e+00
   0.0000000e+00
   0.0000000e+00
   0.0000000e+00
   0.0000000e+00
   0.0000000e+00
   0.0000000e+00
   0.0000000e+00
   0.0000000e+00
   0.0000000e+00
   0.0000000e+00
  -0.0000000e+00
  -0.0000000e+00
  -0.0000000e+00
  -0.0000000e+00
  -0.0000000e+00
