-START-OF-DATA-
0 0.000278
10 0.000278
20 0.000278
30 0.000278
40 0.000278
50 0.000278
60 0.000278
70 0.000278
80 0.000278
90 0.000278
100 0.000278
110 0.000278
120 0.000278
130 0.000278
140 0.000278
150 0.000278
160 0.000278
170 0.000278
180 0.000278
190 0.000278
200 0.000278
210 0.000278
220 0.000278
230 0.000278
240 0.000278
250 0.000278
260 0.000278
270 0.000278
280 0.000278
290 0.000278
300 0.000278
310 0.000278
320 0.000278
330 0.000278
340 0.000278
350 0.000278
360 0.000278
370 0.000278
380 0.000278
390 0.000278
400 0.000278
410 0.000278
420 0.000278
430 0.000278
440 0.000278
450 0.000278
460 0.000278
470 0.000278
480 0.000278
490 0.000278
500 0.000278
510 0.000278
520 0.000278
530 0.000278
540 0.000278
550 0.000278
560 0.000278
570 0.000278
580 0.000278
590 0.000278
600 0.000278
610 0.000278
620 0.000278
630 0.000278
640 0.000278
650 0.000278
660 0.000278
670 0.000278
680 0.000278
690 0.000278
700 0.000278
710 0.000278
720 0.000278
730 0.000278
740 0.000278
750 0.000278
760 0.000278
770 0.000278
780 0.000278
790 0.000278
800 0.000278
810 0.000278
820 0.000278
830 0.000278
840 0.000278
850 0.000278
860 0.000278
870 0.000278
880 0.000278
890 0.000278
900 0.000278
910 0.000278
920 0.000278
930 0.000278
940 0.000278
950 0.000278
960 0.000278
970 0.000278
980 0.000278
990 0.000278
1000 0.000278
1010 0.000278
1020 0.000278
1030 0.000278
1040 0.000278
1050 0.000278
1060 0.000278
1070 0.000278
1080 0.000278
1090 0.000278
1100 0.000278
1110 0.000278
1120 0.000278
1130 0.000278
1140 0.000278
1150 0.000278
1160 0.000278
1170 0.000278
1180 0.000278
1190 0.000278
1200 0.000278
1210 0.000278
1220 0.000278
1230 0.000278
1240 0.000278
1250 0.000278
1260 0.000278
1270 0.000278
1280 0.000278
1290 0.000278
1300 0.000278
1310 0.000278
1320 0.000278
1330 0.000278
1340 0.000278
1350 0.000278
1360 0.000278
1370 0.000278
1380 0.000278
1390 0.000278
1400 0.000278
1410 0.000278
1420 0.000278
1430 0.000278
1440 0.000278
1450 0.000278
1460 0.000278
1470 0.000278
1480 0.000278
1490 0.000278
1500 0.000278
1510 0.000278
1520 0.000278
1530 0.000278
1540 0.000278
1550 0.000278
1560 0.000278
1570 0.000278
1580 0.000278
1590 0.000278
1600 0.000278
1610 0.000278
1620 0.000278
1630 0.000278
1640 0.000278
1650 0.000278
1660 0.000278
1670 0.000278
1680 0.000278
1690 0.000278
1700 0.000278
1710 0.000278
1720 0.000278
1730 0.000278
1740 0.000278
1750 0.000278
1760 0.000278
1770 0.000278
1780 0.000278
1790 0.000278
1800 0.000278
1810 0.000278
1820 0.000278
1830 0.000278
1840 0.000278
1850 0.000278
1860 0.000278
1870 0.000278
1880 0.000278
1890 0.000278
1900 0.000278
1910 0.000278
1920 0.000278
1930 0.000278
1940 0.000278
1950 0.000278
1960 0.000278
1970 0.000278
1980 0.000278
1990 0.000278
2000 0.000278
2010 0.000278
2020 0.000278
2030 0.000278
2040 0.000278
2050 0.000278
2060 0.000278
2070 0.000278
2080 0.000278
2090 0.000278
2100 0.000278
2110 0.000278
2120 0.000278
2130 0.000278
2140 0.000278
2150 0.000278
2160 0.000278
2170 0.000278
2180 0.000278
2190 0.000278
2200 0.000278
2210 0.000278
2220 0.000278
2230 0.000278
2240 0.000278
2250 0.000278
2260 0.000278
2270 0.000278
2280 0.000278
2290 0.000278
2300 0.000278
2310 0.000278
2320 0.000278
2330 0.000278
2340 0.000278
2350 0.000278
2360 0.000278
2370 0.000278
2380 0.000278
2390 0.000278
2400 0.000278
2410 0.000278
2420 0.000278
2430 0.000278
2440 0.000278
2450 0.000278
2460 0.000278
2470 0.000278
2480 0.000278
2490 0.000278
2500 0.000278
2510 0.000278
2520 0.000278
2530 0.000278
2540 0.000278
2550 0.000278
2560 0.000278
2570 0.000278
2580 0.000278
2590 0.000278
2600 0.000278
2610 0.000278
2620 0.000278
2630 0.000278
2640 0.000278
2650 0.000278
2660 0.000278
2670 0.000278
2680 0.000278
2690 0.000278
2700 0.000278
2710 0.000278
2720 0.000278
2730 0.000278
2740 0.000278
2750 0.000278
2760 0.000278
2770 0.000278
2780 0.000278
2790 0.000278
2800 0.000278
2810 0.000278
2820 0.000278
2830 0.000278
2840 0.000278
2850 0.000278
2860 0.000278
2870 0.000278
2880 0.000278
2890 0.000278
2900 0.000278
2910 0.000278
2920 0.000278
2930 0.000278
2940 0.000278
2950 0.000278
2960 0.000278
2970 0.000278
2980 0.000278
2990 0.000278
3000 0.000278
3010 0.000278
3020 0.000278
3030 0.000278
3040 0.000278
3050 0.000278
3060 0.000278
3070 0.000278
3080 0.000278
3090 0.000278
3100 0.000278
3110 0.000278
3120 0.000278
3130 0.000278
3140 0.000278
3150 0.000278
3160 0.000278
3170 0.000278
3180 0.000278
3190 0.000278
3200 0.000278
3210 0.000278
3220 0.000278
3230 0.000278
3240 0.000278
3250 0.000278
3260 0.000278
3270 0.000278
3280 0.000278
3290 0.000278
3300 0.000278
3310 0.000278
3320 0.000278
3330 0.000278
3340 0.000278
3350 0.000278
3360 0.000278
3370 0.000278
3380 0.000278
3390 0.000278
3400 0.000278
3410 0.000278
3420 0.000278
3430 0.000278
3440 0.000278
3450 0.000278
3460 0.000278
3470 0.000278
3480 0.000278
3490 0.000278
3500 0.000278
3510 0.000278
3520 0.000278
3530 0.000278
3540 0.000278
3550 0.000278
3560 0.000278
3570 0.000278
3580 0.000278
3590 0.000278
3600 0.000278
3610 0.000278
3620 0.000278
3630 0.000278
3640 0.000278
3650 0.000278
3660 0.000278
3670 0.000278
3680 0.000278
3690 0.000278
3700 0.000278
3710 0.000278
3720 0.000278
3730 0.000278
3740 0.000278
3750 0.000278
3760 0.000278
3770 0.000278
3780 0.000278
3790 0.000278
3800 0.000278
3810 0.000278
3820 0.000278
3830 0.000278
3840 0.000278
3850 0.000278
3860 0.000278
3870 0.000278
3880 0.000278
3890 0.000278
3900 0.000278
3910 0.000278
3920 0.000278
3930 0.000278
3940 0.000278
3950 0.000278
3960 0.000278
3970 0.000278
3980 0.000278
3990 0.000278
4000 0.000278
4010 0.000278
4020 0.000278
4030 0.000278
4040 0.000278
4050 0.000278
4060 0.000278
4070 0.000278
4080 0.000278
4090 0.000278
4100 0.000278
4110 0.000278
4120 0.000278
4130 0.000278
4140 0.000278
4150 0.000278
4160 0.000278
4170 0.000278
4180 0.000278
4190 0.000278
4200 0.000278
4210 0.000278
4220 0.000278
4230 0.000278
4240 0.000278
4250 0.000278
4260 0.000278
4270 0.000278
4280 0.000278
4290 0.000278
4300 0.000278
4310 0.000278
4320 0.000278
4330 0.000278
4340 0.000278
4350 0.000278
4360 0.000278
4370 0.000278
4380 0.000278
4390 0.000278
4400 0.000278
4410 0.000278
4420 0.000278
4430 0.000278
4440 0.000278
4450 0.000278
4460 0.000278
4470 0.000278
4480 0.000278
4490 0.000278
4500 0.000278
4510 0.000278
4520 0.000278
4530 0.000278
4540 0.000278
4550 0.000278
4560 0.000278
4570 0.000278
4580 0.000278
4590 0.000278
4600 0.000278
4610 0.000278
4620 0.000278
4630 0.000278
4640 0.000278
4650 0.000278
4660 0.000278
4670 0.000278
4680 0.000278
4690 0.000278
4700 0.000278
4710 0.000278
4720 0.000278
4730 0.000278
4740 0.000278
4750 0.000278
4760 0.000278
4770 0.000278
4780 0.000278
4790 0.000278
4800 0.000278
4810 0.000278
4820 0.000278
4830 0.000278
4840 0.000278
4850 0.000278
4860 0.000278
4870 0.000278
4880 0.000278
4890 0.000278
4900 0.000278
4910 0.000278
4920 0.000278
4930 0.000278
4940 0.000278
4950 0.000278
4960 0.000278
4970 0.000278
4980 0.000278
4990 0.000278
5000 0.000278
5010 0.00027921032967033
5020 0.000280420659340659
5030 0.000281630989010989
5040 0.000282841318681319
5050 0.000284051648351648
5060 0.000285261978021978
5070 0.000286472307692308
5080 0.000287682637362637
5090 0.000288892967032967
5100 0.000290103296703297
5110 0.000291313626373626
5120 0.000292523956043956
5130 0.000293734285714286
5140 0.000294944615384615
5150 0.000296154945054945
5160 0.000297365274725275
5170 0.000298575604395604
5180 0.000299785934065934
5190 0.000300996263736264
5200 0.000302206593406593
5210 0.000303416923076923
5220 0.000304627252747253
5230 0.000305837582417582
5240 0.000307047912087912
5250 0.000308258241758242
5260 0.000309468571428571
5270 0.000310678901098901
5280 0.000311889230769231
5290 0.00031309956043956
5300 0.00031430989010989
5310 0.00031552021978022
5320 0.000316730549450549
5330 0.000317940879120879
5340 0.000319151208791209
5350 0.000320361538461538
5360 0.000321571868131868
5370 0.000322782197802198
5380 0.000323992527472527
5390 0.000325202857142857
5400 0.000326413186813187
5410 0.000327623516483516
5420 0.000328833846153846
5430 0.000330044175824176
5440 0.000331254505494505
5450 0.000332464835164835
5460 0.000333675164835165
5470 0.000334885494505494
5480 0.000336095824175824
5490 0.000337306153846154
5500 0.000338516483516483
5510 0.000339726813186813
5520 0.000340937142857143
5530 0.000342147472527473
5540 0.000343357802197802
5550 0.000344568131868132
5560 0.000345778461538462
5570 0.000346988791208791
5580 0.000348199120879121
5590 0.00034940945054945
5600 0.00035061978021978
5610 0.00035183010989011
5620 0.00035304043956044
5630 0.000354250769230769
5640 0.000355461098901099
5650 0.000356671428571429
5660 0.000357881758241758
5670 0.000359092087912088
5680 0.000360302417582418
5690 0.000361512747252747
5700 0.000362723076923077
5710 0.000363933406593407
5720 0.000365143736263736
5730 0.000366354065934066
5740 0.000367564395604396
5750 0.000368774725274725
5760 0.000369985054945055
5770 0.000371195384615385
5780 0.000372405714285714
5790 0.000373616043956044
5800 0.000374826373626374
5810 0.000376036703296703
5820 0.000377247032967033
5830 0.000378457362637363
5840 0.000379667692307692
5850 0.000380878021978022
5860 0.000382088351648352
5870 0.000383298681318681
5880 0.000384509010989011
5890 0.000385719340659341
5900 0.00038692967032967
5910 0.00038814
5920 0.00038935032967033
5930 0.000390560659340659
5940 0.000391770989010989
5950 0.000392981318681319
5960 0.000394191648351648
5970 0.000395401978021978
5980 0.000396612307692308
5990 0.000397822637362637
6000 0.000399032967032967
6010 0.000400243296703297
6020 0.000401453626373626
6030 0.000402663956043956
6040 0.000403874285714286
6050 0.000405084615384615
6060 0.000406294945054945
6070 0.000407505274725275
6080 0.000408715604395604
6090 0.000409925934065934
6100 0.000411136263736264
6110 0.000412346593406593
6120 0.000413556923076923
6130 0.000414767252747253
6140 0.000415977582417582
6150 0.000417187912087912
6160 0.000418398241758242
6170 0.000419608571428571
6180 0.000420818901098901
6190 0.000422029230769231
6200 0.00042323956043956
6210 0.00042444989010989
6220 0.00042566021978022
6230 0.000426870549450549
6240 0.000428080879120879
6250 0.000429291208791209
6260 0.000430501538461538
6270 0.000431711868131868
6280 0.000432922197802198
6290 0.000434132527472527
6300 0.000435342857142857
6310 0.000436553186813187
6320 0.000437763516483516
6330 0.000438973846153846
6340 0.000440184175824176
6350 0.000441394505494505
6360 0.000442604835164835
6370 0.000443815164835165
6380 0.000445025494505494
6390 0.000446235824175824
6400 0.000447446153846154
6410 0.000448656483516483
6420 0.000449866813186813
6430 0.000451077142857143
6440 0.000452287472527473
6450 0.000453497802197802
6460 0.000454708131868132
6470 0.000455918461538462
6480 0.000457128791208791
6490 0.000458339120879121
6500 0.00045954945054945
6510 0.00046075978021978
6520 0.00046197010989011
6530 0.00046318043956044
6540 0.000464390769230769
6550 0.000465601098901099
6560 0.000466811428571429
6570 0.000468021758241758
6580 0.000469232087912088
6590 0.000470442417582418
6600 0.000471652747252747
6610 0.000472863076923077
6620 0.000474073406593407
6630 0.000475283736263736
6640 0.000476494065934066
6650 0.000477704395604396
6660 0.000478914725274725
6670 0.000480125054945055
6680 0.000481335384615385
6690 0.000482545714285714
6700 0.000483756043956044
6710 0.000484966373626374
6720 0.000486176703296703
6730 0.000487387032967033
6740 0.000488597362637363
6750 0.000489807692307692
6760 0.000491018021978022
6770 0.000492228351648352
6780 0.000493438681318681
6790 0.000494649010989011
6800 0.000495859340659341
6810 0.00049706967032967
6820 0.00049828
6830 0.00049949032967033
6840 0.000500700659340659
6850 0.000501910989010989
6860 0.000503121318681319
6870 0.000504331648351648
6880 0.000505541978021978
6890 0.000506752307692308
6900 0.000507962637362637
6910 0.000509172967032967
6920 0.000510383296703297
6930 0.000511593626373626
6940 0.000512803956043956
6950 0.000514014285714286
6960 0.000515224615384615
6970 0.000516434945054945
6980 0.000517645274725275
6990 0.000518855604395604
7000 0.000520065934065934
7010 0.000521276263736264
7020 0.000522486593406593
7030 0.000523696923076923
7040 0.000524907252747253
7050 0.000526117582417582
7060 0.000527327912087912
7070 0.000528538241758242
7080 0.000529748571428571
7090 0.000530958901098901
7100 0.000532169230769231
7110 0.00053337956043956
7120 0.00053458989010989
7130 0.00053580021978022
7140 0.000537010549450549
7150 0.000538220879120879
7160 0.000539431208791209
7170 0.000540641538461538
7180 0.000541851868131868
7190 0.000543062197802198
7200 0.000544272527472527
7210 0.000545482857142857
7220 0.000546693186813187
7230 0.000547903516483517
7240 0.000549113846153846
7250 0.000550324175824176
7260 0.000551534505494505
7270 0.000552744835164835
7280 0.000553955164835165
7290 0.000555165494505495
7300 0.000556375824175824
7310 0.000557586153846154
7320 0.000558796483516483
7330 0.000560006813186813
7340 0.000561217142857143
7350 0.000562427472527472
7360 0.000563637802197802
7370 0.000564848131868132
7380 0.000566058461538461
7390 0.000567268791208791
7400 0.000568479120879121
7410 0.000569689450549451
7420 0.00057089978021978
7430 0.00057211010989011
7440 0.00057332043956044
7450 0.000574530769230769
7460 0.000575741098901099
7470 0.000576951428571429
7480 0.000578161758241758
7490 0.000579372087912088
7500 0.000580582417582417
7510 0.000581792747252747
7520 0.000583003076923077
7530 0.000584213406593407
7540 0.000585423736263736
7550 0.000586634065934066
7560 0.000587844395604396
7570 0.000589054725274725
7580 0.000590265054945055
7590 0.000591475384615385
7600 0.000592685714285714
7610 0.000593896043956044
7620 0.000595106373626374
7630 0.000596316703296703
7640 0.000597527032967033
7650 0.000598737362637363
7660 0.000599947692307692
7670 0.000601158021978022
7680 0.000602368351648352
7690 0.000603578681318681
7700 0.000604789010989011
7710 0.000605999340659341
7720 0.00060720967032967
7730 0.00060842
7740 0.00060963032967033
7750 0.000610840659340659
7760 0.000612050989010989
7770 0.000613261318681319
7780 0.000614471648351648
7790 0.000615681978021978
7800 0.000616892307692308
7810 0.000618102637362637
7820 0.000619312967032967
7830 0.000620523296703297
7840 0.000621733626373626
7850 0.000622943956043956
7860 0.000624154285714286
7870 0.000625364615384615
7880 0.000626574945054945
7890 0.000627785274725275
7900 0.000628995604395604
7910 0.000630205934065934
7920 0.000631416263736264
7930 0.000632626593406593
7940 0.000633836923076923
7950 0.000635047252747253
7960 0.000636257582417582
7970 0.000637467912087912
7980 0.000638678241758242
7990 0.000639888571428571
8000 0.000641098901098901
8010 0.000642309230769231
8020 0.00064351956043956
8030 0.00064472989010989
8040 0.00064594021978022
8050 0.000647150549450549
8060 0.000648360879120879
8070 0.000649571208791209
8080 0.000650781538461538
8090 0.000651991868131868
8100 0.000653202197802198
8110 0.000654412527472528
8120 0.000655622857142857
8130 0.000656833186813187
8140 0.000658043516483516
8150 0.000659253846153846
8160 0.000660464175824176
8170 0.000661674505494505
8180 0.000662884835164835
8190 0.000664095164835165
8200 0.000665305494505494
8210 0.000666515824175824
8220 0.000667726153846154
8230 0.000668936483516484
8240 0.000670146813186813
8250 0.000671357142857143
8260 0.000672567472527472
8270 0.000673777802197802
8280 0.000674988131868132
8290 0.000676198461538461
8300 0.000677408791208791
8310 0.000678619120879121
8320 0.00067982945054945
8330 0.00068103978021978
8340 0.00068225010989011
8350 0.00068346043956044
8360 0.000684670769230769
8370 0.000685881098901099
8380 0.000687091428571428
8390 0.000688301758241758
8400 0.000689512087912088
8410 0.000690722417582418
8420 0.000691932747252747
8430 0.000693143076923077
8440 0.000694353406593406
8450 0.000695563736263736
8460 0.000696774065934066
8470 0.000697984395604396
8480 0.000699194725274725
8490 0.000700405054945055
8500 0.000701615384615385
8510 0.000702825714285714
8520 0.000704036043956044
8530 0.000705246373626374
8540 0.000706456703296703
8550 0.000707667032967033
8560 0.000708877362637363
8570 0.000710087692307692
8580 0.000711298021978022
8590 0.000712508351648352
8600 0.000713718681318681
8610 0.000714929010989011
8620 0.00071613934065934
8630 0.00071734967032967
8640 0.00071856
8650 0.00071977032967033
8660 0.000720980659340659
8670 0.000722190989010989
8680 0.000723401318681319
8690 0.000724611648351648
8700 0.000725821978021978
8710 0.000727032307692308
8720 0.000728242637362637
8730 0.000729452967032967
8740 0.000730663296703297
8750 0.000731873626373626
8760 0.000733083956043956
8770 0.000734294285714286
8780 0.000735504615384615
8790 0.000736714945054945
8800 0.000737925274725275
8810 0.000739135604395604
8820 0.000740345934065934
8830 0.000741556263736264
8840 0.000742766593406593
8850 0.000743976923076923
8860 0.000745187252747253
8870 0.000746397582417582
8880 0.000747607912087912
8890 0.000748818241758242
8900 0.000750028571428571
8910 0.000751238901098901
8920 0.000752449230769231
8930 0.00075365956043956
8940 0.00075486989010989
8950 0.00075608021978022
8960 0.000757290549450549
8970 0.000758500879120879
8980 0.000759711208791209
8990 0.000760921538461538
9000 0.000762131868131868
9010 0.000763342197802198
9020 0.000764552527472527
9030 0.000765762857142857
9040 0.000766973186813187
9050 0.000768183516483517
9060 0.000769393846153846
9070 0.000770604175824176
9080 0.000771814505494505
9090 0.000773024835164835
9100 0.000774235164835165
9110 0.000775445494505494
9120 0.000776655824175824
9130 0.000777866153846154
9140 0.000779076483516483
9150 0.000780286813186813
9160 0.000781497142857143
9170 0.000782707472527473
9180 0.000783917802197802
9190 0.000785128131868132
9200 0.000786338461538461
9210 0.000787548791208791
9220 0.000788759120879121
9230 0.000789969450549451
9240 0.00079117978021978
9250 0.00079239010989011
9260 0.00079360043956044
9270 0.000794810769230769
9280 0.000796021098901099
9290 0.000797231428571428
9300 0.000798441758241758
9310 0.000799652087912088
9320 0.000800862417582417
9330 0.000802072747252747
9340 0.000803283076923077
9350 0.000804493406593407
9360 0.000805703736263736
9370 0.000806914065934066
9380 0.000808124395604396
9390 0.000809334725274725
9400 0.000810545054945055
9410 0.000811755384615385
9420 0.000812965714285714
9430 0.000814176043956044
9440 0.000815386373626374
9450 0.000816596703296703
9460 0.000817807032967033
9470 0.000819017362637363
9480 0.000820227692307692
9490 0.000821438021978022
9500 0.000822648351648352
9510 0.000823858681318681
9520 0.000825069010989011
9530 0.000826279340659341
9540 0.00082748967032967
9550 0.0008287
9560 0.00082991032967033
9570 0.000831120659340659
9580 0.000832330989010989
9590 0.000833541318681319
9600 0.000834751648351648
9610 0.000835961978021978
9620 0.000837172307692308
9630 0.000838382637362637
9640 0.000839592967032967
9650 0.000840803296703297
9660 0.000842013626373626
9670 0.000843223956043956
9680 0.000844434285714286
9690 0.000845644615384615
9700 0.000846854945054945
9710 0.000848065274725275
9720 0.000849275604395604
9730 0.000850485934065934
9740 0.000851696263736264
9750 0.000852906593406593
9760 0.000854116923076923
9770 0.000855327252747253
9780 0.000856537582417582
9790 0.000857747912087912
9800 0.000858958241758242
9810 0.000860168571428571
9820 0.000861378901098901
9830 0.000862589230769231
9840 0.00086379956043956
9850 0.00086500989010989
9860 0.00086622021978022
9870 0.00086743054945055
9880 0.000868640879120879
9890 0.000869851208791209
9900 0.000871061538461538
9910 0.000872271868131868
9920 0.000873482197802198
9930 0.000874692527472527
9940 0.000875902857142857
9950 0.000877113186813187
9960 0.000878323516483516
9970 0.000879533846153846
9980 0.000880744175824176
9990 0.000881954505494505
10000 0.000883164835164835
10010 0.000884375164835165
10020 0.000885585494505494
10030 0.000886795824175824
10040 0.000888006153846154
10050 0.000889216483516484
10060 0.000890426813186813
10070 0.000891637142857143
10080 0.000892847472527472
10090 0.000894057802197802
10100 0.000895268131868132
10110 0.000896478461538462
10120 0.000897688791208791
10130 0.000898899120879121
10140 0.00090010945054945
10150 0.00090131978021978
10160 0.00090253010989011
10170 0.00090374043956044
10180 0.000904950769230769
10190 0.000906161098901099
10200 0.000907371428571428
10210 0.000908581758241758
10220 0.000909792087912088
10230 0.000911002417582417
10240 0.000912212747252747
10250 0.000913423076923077
10260 0.000914633406593406
10270 0.000915843736263736
10280 0.000917054065934066
10290 0.000918264395604395
10300 0.000919474725274725
10310 0.000920685054945055
10320 0.000921895384615385
10330 0.000923105714285714
10340 0.000924316043956044
10350 0.000925526373626374
10360 0.000926736703296703
10370 0.000927947032967033
10380 0.000929157362637363
10390 0.000930367692307692
10400 0.000931578021978022
10410 0.000932788351648352
10420 0.000933998681318681
10430 0.000935209010989011
10440 0.00093641934065934
10450 0.00093762967032967
10460 0.00093884
10470 0.00094005032967033
10480 0.000941260659340659
10490 0.000942470989010989
10500 0.000943681318681319
10510 0.000944891648351648
10520 0.000946101978021978
10530 0.000947312307692307
10540 0.000948522637362637
10550 0.000949732967032967
10560 0.000950943296703297
10570 0.000952153626373626
10580 0.000953363956043956
10590 0.000954574285714285
10600 0.000955784615384615
10610 0.000956994945054945
10620 0.000958205274725275
10630 0.000959415604395604
10640 0.000960625934065934
10650 0.000961836263736264
10660 0.000963046593406593
10670 0.000964256923076923
10680 0.000965467252747253
10690 0.000966677582417582
10700 0.000967887912087912
10710 0.000969098241758242
10720 0.000970308571428571
10730 0.000971518901098901
10740 0.000972729230769231
10750 0.00097393956043956
10760 0.00097514989010989
10770 0.00097636021978022
10780 0.000977570549450549
10790 0.000978780879120879
10800 0.000979991208791209
10810 0.000981201538461538
10820 0.000982411868131868
10830 0.000983622197802198
10840 0.000984832527472527
10850 0.000986042857142857
10860 0.000987253186813187
10870 0.000988463516483517
10880 0.000989673846153846
10890 0.000990884175824176
10900 0.000992094505494505
10910 0.000993304835164835
10920 0.000994515164835165
10930 0.000995725494505495
10940 0.000996935824175824
10950 0.000998146153846154
10960 0.000999356483516483
10970 0.00100056681318681
10980 0.00100177714285714
10990 0.00100298747252747
11000 0.0010041978021978
11010 0.00100540813186813
11020 0.00100661846153846
11030 0.00100782879120879
11040 0.00100903912087912
11050 0.00101024945054945
11060 0.00101145978021978
11070 0.00101267010989011
11080 0.00101388043956044
11090 0.00101509076923077
11100 0.0010163010989011
11110 0.00101751142857143
11120 0.00101872175824176
11130 0.00101993208791209
11140 0.00102114241758242
11150 0.00102235274725275
11160 0.00102356307692308
11170 0.00102477340659341
11180 0.00102598373626374
11190 0.00102719406593407
11200 0.0010284043956044
11210 0.00102961472527473
11220 0.00103082505494505
11230 0.00103203538461538
11240 0.00103324571428571
11250 0.00103445604395604
11260 0.00103566637362637
11270 0.0010368767032967
11280 0.00103808703296703
11290 0.00103929736263736
11300 0.00104050769230769
11310 0.00104171802197802
11320 0.00104292835164835
11330 0.00104413868131868
11340 0.00104534901098901
11350 0.00104655934065934
11360 0.00104776967032967
11370 0.00104898
11380 0.00105019032967033
11390 0.00105140065934066
11400 0.00105261098901099
11410 0.00105382131868132
11420 0.00105503164835165
11430 0.00105624197802198
11440 0.00105745230769231
11450 0.00105866263736264
11460 0.00105987296703297
11470 0.0010610832967033
11480 0.00106229362637363
11490 0.00106350395604396
11500 0.00106471428571429
11510 0.00106592461538462
11520 0.00106713494505495
11530 0.00106834527472527
11540 0.0010695556043956
11550 0.00107076593406593
11560 0.00107197626373626
11570 0.00107318659340659
11580 0.00107439692307692
11590 0.00107560725274725
11600 0.00107681758241758
11610 0.00107802791208791
11620 0.00107923824175824
11630 0.00108044857142857
11640 0.0010816589010989
11650 0.00108286923076923
11660 0.00108407956043956
11670 0.00108528989010989
11680 0.00108650021978022
11690 0.00108771054945055
11700 0.00108892087912088
11710 0.00109013120879121
11720 0.00109134153846154
11730 0.00109255186813187
11740 0.0010937621978022
11750 0.00109497252747253
11760 0.00109618285714286
11770 0.00109739318681319
11780 0.00109860351648352
11790 0.00109981384615385
11800 0.00110102417582418
11810 0.00110223450549451
11820 0.00110344483516484
11830 0.00110465516483516
11840 0.00110586549450549
11850 0.00110707582417582
11860 0.00110828615384615
11870 0.00110949648351648
11880 0.00111070681318681
11890 0.00111191714285714
11900 0.00111312747252747
11910 0.0011143378021978
11920 0.00111554813186813
11930 0.00111675846153846
11940 0.00111796879120879
11950 0.00111917912087912
11960 0.00112038945054945
11970 0.00112159978021978
11980 0.00112281010989011
11990 0.00112402043956044
12000 0.00112523076923077
12010 0.0011264410989011
12020 0.00112765142857143
12030 0.00112886175824176
12040 0.00113007208791209
12050 0.00113128241758242
12060 0.00113249274725275
12070 0.00113370307692308
12080 0.00113491340659341
12090 0.00113612373626374
12100 0.00113733406593407
12110 0.0011385443956044
12120 0.00113975472527473
12130 0.00114096505494505
12140 0.00114217538461538
12150 0.00114338571428571
12160 0.00114459604395604
12170 0.00114580637362637
12180 0.0011470167032967
12190 0.00114822703296703
12200 0.00114943736263736
12210 0.00115064769230769
12220 0.00115185802197802
12230 0.00115306835164835
12240 0.00115427868131868
12250 0.00115548901098901
12260 0.00115669934065934
12270 0.00115790967032967
12280 0.00115912
12290 0.00116033032967033
12300 0.00116154065934066
12310 0.00116275098901099
12320 0.00116396131868132
12330 0.00116517164835165
12340 0.00116638197802198
12350 0.00116759230769231
12360 0.00116880263736264
12370 0.00117001296703297
12380 0.0011712232967033
12390 0.00117243362637363
12400 0.00117364395604396
12410 0.00117485428571429
12420 0.00117606461538462
12430 0.00117727494505494
12440 0.00117848527472527
12450 0.0011796956043956
12460 0.00118090593406593
12470 0.00118211626373626
12480 0.00118332659340659
12490 0.00118453692307692
12500 0.00118574725274725
12510 0.00118695758241758
12520 0.00118816791208791
12530 0.00118937824175824
12540 0.00119058857142857
12550 0.0011917989010989
12560 0.00119300923076923
12570 0.00119421956043956
12580 0.00119542989010989
12590 0.00119664021978022
12600 0.00119785054945055
12610 0.00119906087912088
12620 0.00120027120879121
12630 0.00120148153846154
12640 0.00120269186813187
12650 0.0012039021978022
12660 0.00120511252747253
12670 0.00120632285714286
12680 0.00120753318681319
12690 0.00120874351648352
12700 0.00120995384615385
12710 0.00121116417582418
12720 0.00121237450549451
12730 0.00121358483516484
12740 0.00121479516483516
12750 0.00121600549450549
12760 0.00121721582417582
12770 0.00121842615384615
12780 0.00121963648351648
12790 0.00122084681318681
12800 0.00122205714285714
12810 0.00122326747252747
12820 0.0012244778021978
12830 0.00122568813186813
12840 0.00122689846153846
12850 0.00122810879120879
12860 0.00122931912087912
12870 0.00123052945054945
12880 0.00123173978021978
12890 0.00123295010989011
12900 0.00123416043956044
12910 0.00123537076923077
12920 0.0012365810989011
12930 0.00123779142857143
12940 0.00123900175824176
12950 0.00124021208791209
12960 0.00124142241758242
12970 0.00124263274725275
12980 0.00124384307692308
12990 0.00124505340659341
13000 0.00124626373626374
13010 0.00124747406593407
13020 0.0012486843956044
13030 0.00124989472527473
13040 0.00125110505494505
13050 0.00125231538461538
13060 0.00125352571428571
13070 0.00125473604395604
13080 0.00125594637362637
13090 0.0012571567032967
13100 0.00125836703296703
13110 0.00125957736263736
13120 0.00126078769230769
13130 0.00126199802197802
13140 0.00126320835164835
13150 0.00126441868131868
13160 0.00126562901098901
13170 0.00126683934065934
13180 0.00126804967032967
13190 0.00126926
13200 0.00127047032967033
13210 0.00127168065934066
13220 0.00127289098901099
13230 0.00127410131868132
13240 0.00127531164835165
13250 0.00127652197802198
13260 0.00127773230769231
13270 0.00127894263736264
13280 0.00128015296703297
13290 0.0012813632967033
13300 0.00128257362637363
13310 0.00128378395604396
13320 0.00128499428571429
13330 0.00128620461538462
13340 0.00128741494505495
13350 0.00128862527472527
13360 0.0012898356043956
13370 0.00129104593406593
13380 0.00129225626373626
13390 0.00129346659340659
13400 0.00129467692307692
13410 0.00129588725274725
13420 0.00129709758241758
13430 0.00129830791208791
13440 0.00129951824175824
13450 0.00130072857142857
13460 0.0013019389010989
13470 0.00130314923076923
13480 0.00130435956043956
13490 0.00130556989010989
13500 0.00130678021978022
13510 0.00130799054945055
13520 0.00130920087912088
13530 0.00131041120879121
13540 0.00131162153846154
13550 0.00131283186813187
13560 0.0013140421978022
13570 0.00131525252747253
13580 0.00131646285714286
13590 0.00131767318681319
13600 0.00131888351648352
13610 0.00132009384615385
13620 0.00132130417582418
13630 0.00132251450549451
13640 0.00132372483516484
13650 0.00132493516483516
13660 0.00132614549450549
13670 0.00132735582417582
13680 0.00132856615384615
13690 0.00132977648351648
13700 0.00133098681318681
13710 0.00133219714285714
13720 0.00133340747252747
13730 0.0013346178021978
13740 0.00133582813186813
13750 0.00133703846153846
13760 0.00133824879120879
13770 0.00133945912087912
13780 0.00134066945054945
13790 0.00134187978021978
13800 0.00134309010989011
13810 0.00134430043956044
13820 0.00134551076923077
13830 0.0013467210989011
13840 0.00134793142857143
13850 0.00134914175824176
13860 0.00135035208791209
13870 0.00135156241758242
13880 0.00135277274725275
13890 0.00135398307692308
13900 0.00135519340659341
13910 0.00135640373626374
13920 0.00135761406593407
13930 0.0013588243956044
13940 0.00136003472527473
13950 0.00136124505494505
13960 0.00136245538461538
13970 0.00136366571428571
13980 0.00136487604395604
13990 0.00136608637362637
14000 0.0013672967032967
14010 0.00136850703296703
14020 0.00136971736263736
14030 0.00137092769230769
14040 0.00137213802197802
14050 0.00137334835164835
14060 0.00137455868131868
14070 0.00137576901098901
14080 0.00137697934065934
14090 0.00137818967032967
14100 0.0013794
14110 0.00138061032967033
14120 0.00138182065934066
14130 0.00138303098901099
14140 0.00138424131868132
14150 0.00138545164835165
14160 0.00138666197802198
14170 0.00138787230769231
14180 0.00138908263736264
14190 0.00139029296703297
14200 0.0013915032967033
14210 0.00139271362637363
14220 0.00139392395604396
14230 0.00139513428571429
14240 0.00139634461538462
14250 0.00139755494505494
14260 0.00139876527472527
14270 0.0013999756043956
14280 0.00140118593406593
14290 0.00140239626373626
14300 0.00140360659340659
14310 0.00140481692307692
14320 0.00140602725274725
14330 0.00140723758241758
14340 0.00140844791208791
14350 0.00140965824175824
14360 0.00141086857142857
14370 0.0014120789010989
14380 0.00141328923076923
14390 0.00141449956043956
14400 0.00141570989010989
14410 0.00141692021978022
14420 0.00141813054945055
14430 0.00141934087912088
14440 0.00142055120879121
14450 0.00142176153846154
14460 0.00142297186813187
14470 0.0014241821978022
14480 0.00142539252747253
14490 0.00142660285714286
14500 0.00142781318681319
14510 0.00142902351648352
14520 0.00143023384615385
14530 0.00143144417582418
14540 0.00143265450549451
14550 0.00143386483516484
14560 0.00143507516483516
14570 0.00143628549450549
14580 0.00143749582417582
14590 0.00143870615384615
14600 0.00143991648351648
14610 0.00144112681318681
14620 0.00144233714285714
14630 0.00144354747252747
14640 0.0014447578021978
14650 0.00144596813186813
14660 0.00144717846153846
14670 0.00144838879120879
14680 0.00144959912087912
14690 0.00145080945054945
14700 0.00145201978021978
14710 0.00145323010989011
14720 0.00145444043956044
14730 0.00145565076923077
14740 0.0014568610989011
14750 0.00145807142857143
14760 0.00145928175824176
14770 0.00146049208791209
14780 0.00146170241758242
14790 0.00146291274725275
14800 0.00146412307692308
14810 0.00146533340659341
14820 0.00146654373626374
14830 0.00146775406593407
14840 0.0014689643956044
14850 0.00147017472527473
14860 0.00147138505494505
14870 0.00147259538461538
14880 0.00147380571428571
14890 0.00147501604395604
14900 0.00147622637362637
14910 0.0014774367032967
14920 0.00147864703296703
14930 0.00147985736263736
14940 0.00148106769230769
14950 0.00148227802197802
14960 0.00148348835164835
14970 0.00148469868131868
14980 0.00148590901098901
14990 0.00148711934065934
15000 0.00148832967032967
15010 0.00148954
15020 0.00148954
15030 0.00148954
15040 0.00148954
15050 0.00148954
15060 0.00148954
15070 0.00148954
15080 0.00148954
15090 0.00148954
15100 0.00148954
15110 0.00148954
15120 0.00148954
15130 0.00148954
15140 0.00148954
15150 0.00148954
15160 0.00148954
15170 0.00148954
15180 0.00148954
15190 0.00148954
15200 0.00148954
15210 0.00148954
15220 0.00148954
15230 0.00148954
15240 0.00148954
15250 0.00148954
15260 0.00148954
15270 0.00148954
15280 0.00148954
15290 0.00148954
15300 0.00148954
15310 0.00148954
15320 0.00148954
15330 0.00148954
15340 0.00148954
15350 0.00148954
15360 0.00148954
15370 0.00148954
15380 0.00148954
15390 0.00148954
15400 0.00148954
15410 0.00148954
15420 0.00148954
15430 0.00148954
15440 0.00148954
15450 0.00148954
15460 0.00148954
15470 0.00148954
15480 0.00148954
15490 0.00148954
15500 0.00148954
15510 0.00148954
15520 0.00148954
15530 0.00148954
15540 0.00148954
15550 0.00148954
15560 0.00148954
15570 0.00148954
15580 0.00148954
15590 0.00148954
15600 0.00148954
15610 0.00148954
15620 0.00148954
15630 0.00148954
15640 0.00148954
15650 0.00148954
15660 0.00148954
15670 0.00148954
15680 0.00148954
15690 0.00148954
15700 0.00148954
15710 0.00148954
15720 0.00148954
15730 0.00148954
15740 0.00148954
15750 0.00148954
15760 0.00148954
15770 0.00148954
15780 0.00148954
15790 0.00148954
15800 0.00148954
15810 0.00148954
15820 0.00148954
15830 0.00148954
15840 0.00148954
15850 0.00148954
15860 0.00148954
15870 0.00148954
15880 0.00148954
15890 0.00148954
15900 0.00148954
15910 0.00148954
15920 0.00148954
15930 0.00148954
15940 0.00148954
15950 0.00148954
15960 0.00148954
15970 0.00148954
15980 0.00148954
15990 0.00148954
16000 0.00148954
16010 0.00148954
16020 0.00148954
16030 0.00148954
16040 0.00148954
16050 0.00148954
16060 0.00148954
16070 0.00148954
16080 0.00148954
16090 0.00148954
16100 0.00148954
16110 0.00148954
16120 0.00148954
16130 0.00148954
16140 0.00148954
16150 0.00148954
16160 0.00148954
16170 0.00148954
16180 0.00148954
16190 0.00148954
16200 0.00148954
16210 0.00148954
16220 0.00148954
16230 0.00148954
16240 0.00148954
16250 0.00148954
16260 0.00148954
16270 0.00148954
16280 0.00148954
16290 0.00148954
16300 0.00148954
16310 0.00148954
16320 0.00148954
16330 0.00148954
16340 0.00148954
16350 0.00148954
16360 0.00148954
16370 0.00148954
16380 0.00148954
16390 0.00148954
16400 0.00148954
16410 0.00148954
16420 0.00148954
16430 0.00148954
16440 0.00148954
16450 0.00148954
16460 0.00148954
16470 0.00148954
16480 0.00148954
16490 0.00148954
16500 0.00148954
16510 0.00148954
16520 0.00148954
16530 0.00148954
16540 0.00148954
16550 0.00148954
16560 0.00148954
16570 0.00148954
16580 0.00148954
16590 0.00148954
16600 0.00148954
16610 0.00148954
16620 0.00148954
16630 0.00148954
16640 0.00148954
16650 0.00148954
16660 0.00148954
16670 0.00148954
16680 0.00148954
16690 0.00148954
16700 0.00148954
16710 0.00148954
16720 0.00148954
16730 0.00148954
16740 0.00148954
16750 0.00148954
16760 0.00148954
16770 0.00148954
16780 0.00148954
16790 0.00148954
16800 0.00148954
16810 0.00148954
16820 0.00148954
16830 0.00148954
16840 0.00148954
16850 0.00148954
16860 0.00148954
16870 0.00148954
16880 0.00148954
16890 0.00148954
16900 0.00148954
16910 0.00148954
16920 0.00148954
16930 0.00148954
16940 0.00148954
16950 0.00148954
16960 0.00148954
16970 0.00148954
16980 0.00148954
16990 0.00148954
17000 0.00148954
17010 0.00148954
17020 0.00148954
17030 0.00148954
17040 0.00148954
17050 0.00148954
17060 0.00148954
17070 0.00148954
17080 0.00148954
17090 0.00148954
17100 0.00148954
17110 0.00148954
17120 0.00148954
17130 0.00148954
17140 0.00148954
17150 0.00148954
17160 0.00148954
17170 0.00148954
17180 0.00148954
17190 0.00148954
17200 0.00148954
17210 0.00148954
17220 0.00148954
17230 0.00148954
17240 0.00148954
17250 0.00148954
17260 0.00148954
17270 0.00148954
17280 0.00148954
17290 0.00148954
17300 0.00148954
17310 0.00148954
17320 0.00148954
17330 0.00148954
17340 0.00148954
17350 0.00148954
17360 0.00148954
17370 0.00148954
17380 0.00148954
17390 0.00148954
17400 0.00148954
17410 0.00148954
17420 0.00148954
17430 0.00148954
17440 0.00148954
17450 0.00148954
17460 0.00148954
17470 0.00148954
17480 0.00148954
17490 0.00148954
17500 0.00148954
17510 0.00148954
17520 0.00148954
17530 0.00148954
17540 0.00148954
17550 0.00148954
17560 0.00148954
17570 0.00148954
17580 0.00148954
17590 0.00148954
17600 0.00148954
17610 0.00148954
17620 0.00148954
17630 0.00148954
17640 0.00148954
17650 0.00148954
17660 0.00148954
17670 0.00148954
17680 0.00148954
17690 0.00148954
17700 0.00148954
17710 0.00148954
17720 0.00148954
17730 0.00148954
17740 0.00148954
17750 0.00148954
17760 0.00148954
17770 0.00148954
17780 0.00148954
17790 0.00148954
17800 0.00148954
17810 0.00148954
17820 0.00148954
17830 0.00148954
17840 0.00148954
17850 0.00148954
17860 0.00148954
17870 0.00148954
17880 0.00148954
17890 0.00148954
17900 0.00148954
17910 0.00148954
17920 0.00148954
17930 0.00148954
17940 0.00148954
17950 0.00148954
17960 0.00148954
17970 0.00148954
17980 0.00148954
17990 0.00148954
18000 0.00148954
18010 0.00148954
18020 0.00148954
18030 0.00148954
18040 0.00148954
18050 0.00148954
18060 0.00148954
18070 0.00148954
18080 0.00148954
18090 0.00148954
18100 0.00148954
18110 0.00148954
18120 0.00148954
18130 0.00148954
18140 0.00148954
18150 0.00148954
18160 0.00148954
18170 0.00148954
18180 0.00148954
18190 0.00148954
18200 0.00148954
18210 0.00148954
18220 0.00148954
18230 0.00148954
18240 0.00148954
18250 0.00148954
18260 0.00148954
18270 0.00148954
18280 0.00148954
18290 0.00148954
18300 0.00148954
18310 0.00148954
18320 0.00148954
18330 0.00148954
18340 0.00148954
18350 0.00148954
18360 0.00148954
18370 0.00148954
18380 0.00148954
18390 0.00148954
18400 0.00148954
18410 0.00148954
18420 0.00148954
18430 0.00148954
18440 0.00148954
18450 0.00148954
18460 0.00148954
18470 0.00148954
18480 0.00148954
18490 0.00148954
18500 0.00148954
18510 0.00148954
18520 0.00148954
18530 0.00148954
18540 0.00148954
18550 0.00148954
18560 0.00148954
18570 0.00148954
18580 0.00148954
18590 0.00148954
18600 0.00148954
18610 0.00148954
18620 0.00148954
18630 0.00148954
18640 0.00148954
18650 0.00148954
18660 0.00148954
18670 0.00148954
18680 0.00148954
18690 0.00148954
18700 0.00148954
18710 0.00148954
18720 0.00148954
18730 0.00148954
18740 0.00148954
18750 0.00148954
18760 0.00148954
18770 0.00148954
18780 0.00148954
18790 0.00148954
18800 0.00148954
18810 0.00148954
18820 0.00148954
18830 0.00148954
18840 0.00148954
18850 0.00148954
18860 0.00148954
18870 0.00148954
18880 0.00148954
18890 0.00148954
18900 0.00148954
18910 0.00148954
18920 0.00148954
18930 0.00148954
18940 0.00148954
18950 0.00148954
18960 0.00148954
18970 0.00148954
18980 0.00148954
18990 0.00148954
19000 0.00148954
19010 0.00148954
19020 0.00148954
19030 0.00148954
19040 0.00148954
19050 0.00148954
19060 0.00148954
19070 0.00148954
19080 0.00148954
19090 0.00148954
19100 0.00148954
19110 0.00148954
19120 0.00148954
19130 0.00148954
19140 0.00148954
19150 0.00148954
19160 0.00148954
19170 0.00148954
19180 0.00148954
19190 0.00148954
19200 0.00148954
19210 0.00148954
19220 0.00148954
19230 0.00148954
19240 0.00148954
19250 0.00148954
19260 0.00148954
19270 0.00148954
19280 0.00148954
19290 0.00148954
19300 0.00148954
19310 0.00148954
19320 0.00148954
19330 0.00148954
19340 0.00148954
19350 0.00148954
19360 0.00148954
19370 0.00148954
19380 0.00148954
19390 0.00148954
19400 0.00148954
19410 0.00148954
19420 0.00148954
19430 0.00148954
19440 0.00148954
19450 0.00148954
19460 0.00148954
19470 0.00148954
19480 0.00148954
19490 0.00148954
19500 0.00148954
19510 0.00148954
19520 0.00148954
19530 0.00148954
19540 0.00148954
19550 0.00148954
19560 0.00148954
19570 0.00148954
19580 0.00148954
19590 0.00148954
19600 0.00148954
19610 0.00148954
19620 0.00148954
19630 0.00148954
19640 0.00148954
19650 0.00148954
19660 0.00148954
19670 0.00148954
19680 0.00148954
19690 0.00148954
19700 0.00148954
19710 0.00148954
19720 0.00148954
19730 0.00148954
19740 0.00148954
19750 0.00148954
19760 0.00148954
19770 0.00148954
19780 0.00148954
19790 0.00148954
19800 0.00148954
19810 0.00148954
19820 0.00148954
19830 0.00148954
19840 0.00148954
19850 0.00148954
19860 0.00148954
19870 0.00148954
19880 0.00148954
19890 0.00148954
19900 0.00148954
19910 0.00148954
19920 0.00148954
19930 0.00148954
19940 0.00148954
19950 0.00148954
19960 0.00148954
19970 0.00148954
19980 0.00148954
19990 0.00148954
20000 0.00148954
20010 0.00148954
20020 0.00148954
20030 0.00148954
20040 0.00148954
20050 0.00148954
20060 0.00148954
20070 0.00148954
20080 0.00148954
20090 0.00148954
20100 0.00148954
20110 0.00148954
20120 0.00148954
20130 0.00148954
20140 0.00148954
20150 0.00148954
20160 0.00148954
20170 0.00148954
20180 0.00148954
20190 0.00148954
20200 0.00148954
20210 0.00148954
20220 0.00148954
20230 0.00148954
20240 0.00148954
20250 0.00148954
20260 0.00148954
20270 0.00148954
20280 0.00148954
20290 0.00148954
20300 0.00148954
20310 0.00148954
20320 0.00148954
20330 0.00148954
20340 0.00148954
20350 0.00148954
20360 0.00148954
20370 0.00148954
20380 0.00148954
20390 0.00148954
20400 0.00148954
20410 0.00148954
20420 0.00148954
20430 0.00148954
20440 0.00148954
20450 0.00148954
20460 0.00148954
20470 0.00148954
20480 0.00148954
20490 0.00148954
20500 0.00148954
20510 0.00148954
20520 0.00148954
20530 0.00148954
20540 0.00148954
20550 0.00148954
20560 0.00148954
20570 0.00148954
20580 0.00148954
20590 0.00148954
20600 0.00148954
20610 0.00148954
20620 0.00148954
20630 0.00148954
20640 0.00148954
20650 0.00148954
20660 0.00148954
20670 0.00148954
20680 0.00148954
20690 0.00148954
20700 0.00148954
20710 0.00148954
20720 0.00148954
20730 0.00148954
20740 0.00148954
20750 0.00148954
20760 0.00148954
20770 0.00148954
20780 0.00148954
20790 0.00148954
20800 0.00148954
20810 0.00148954
20820 0.00148954
20830 0.00148954
20840 0.00148954
20850 0.00148954
20860 0.00148954
20870 0.00148954
20880 0.00148954
20890 0.00148954
20900 0.00148954
20910 0.00148954
20920 0.00148954
20930 0.00148954
20940 0.00148954
20950 0.00148954
20960 0.00148954
20970 0.00148954
20980 0.00148954
20990 0.00148954
21000 0.00148954
21010 0.00148954
21020 0.00148954
21030 0.00148954
21040 0.00148954
21050 0.00148954
21060 0.00148954
21070 0.00148954
21080 0.00148954
21090 0.00148954
21100 0.00148954
21110 0.00148954
21120 0.00148954
21130 0.00148954
21140 0.00148954
21150 0.00148954
21160 0.00148954
21170 0.00148954
21180 0.00148954
21190 0.00148954
21200 0.00148954
21210 0.00148954
21220 0.00148954
21230 0.00148954
21240 0.00148954
21250 0.00148954
21260 0.00148954
21270 0.00148954
21280 0.00148954
21290 0.00148954
21300 0.00148954
21310 0.00148954
21320 0.00148954
21330 0.00148954
21340 0.00148954
21350 0.00148954
21360 0.00148954
21370 0.00148954
21380 0.00148954
21390 0.00148954
21400 0.00148954
21410 0.00148954
21420 0.00148954
21430 0.00148954
21440 0.00148954
21450 0.00148954
21460 0.00148954
21470 0.00148954
21480 0.00148954
21490 0.00148954
21500 0.00148954
21510 0.00148954
21520 0.00148954
21530 0.00148954
21540 0.00148954
21550 0.00148954
21560 0.00148954
21570 0.00148954
21580 0.00148954
21590 0.00148954
21600 0.00148954
21610 0.00148954
21620 0.00148954
21630 0.00148954
21640 0.00148954
21650 0.00148954
21660 0.00148954
21670 0.00148954
21680 0.00148954
21690 0.00148954
21700 0.00148954
21710 0.00148954
21720 0.00148954
21730 0.00148954
21740 0.00148954
21750 0.00148954
21760 0.00148954
21770 0.00148954
21780 0.00148954
21790 0.00148954
21800 0.00148954
21810 0.00148954
21820 0.00148954
21830 0.00148954
21840 0.00148954
21850 0.00148954
21860 0.00148954
21870 0.00148954
21880 0.00148954
21890 0.00148954
21900 0.00148954
21910 0.00148954
21920 0.00148954
21930 0.00148954
21940 0.00148954
21950 0.00148954
21960 0.00148954
21970 0.00148954
21980 0.00148954
21990 0.00148954
22000 0.00148954
22010 0.00148954
22020 0.00148954
22030 0.00148954
22040 0.00148954
22050 0.00148954
22060 0.00148954
22070 0.00148954
22080 0.00148954
22090 0.00148954
22100 0.00148954
22110 0.00148954
22120 0.00148954
22130 0.00148954
22140 0.00148954
22150 0.00148954
22160 0.00148954
22170 0.00148954
22180 0.00148954
22190 0.00148954
22200 0.00148954
22210 0.00148954
22220 0.00148954
22230 0.00148954
22240 0.00148954
22250 0.00148954
22260 0.00148954
22270 0.00148954
22280 0.00148954
22290 0.00148954
22300 0.00148954
22310 0.00148954
22320 0.00148954
22330 0.00148954
22340 0.00148954
22350 0.00148954
22360 0.00148954
22370 0.00148954
22380 0.00148954
22390 0.00148954
22400 0.00148954
22410 0.00148954
22420 0.00148954
22430 0.00148954
22440 0.00148954
22450 0.00148954
22460 0.00148954
22470 0.00148954
22480 0.00148954
22490 0.00148954
22500 0.00148954
22510 0.00148954
22520 0.00148954
22530 0.00148954
22540 0.00148954
22550 0.00148954
22560 0.00148954
22570 0.00148954
22580 0.00148954
22590 0.00148954
22600 0.00148954
22610 0.00148954
22620 0.00148954
22630 0.00148954
22640 0.00148954
22650 0.00148954
22660 0.00148954
22670 0.00148954
22680 0.00148954
22690 0.00148954
22700 0.00148954
22710 0.00148954
22720 0.00148954
22730 0.00148954
22740 0.00148954
22750 0.00148954
22760 0.00148954
22770 0.00148954
22780 0.00148954
22790 0.00148954
22800 0.00148954
22810 0.00148954
22820 0.00148954
22830 0.00148954
22840 0.00148954
22850 0.00148954
22860 0.00148954
22870 0.00148954
22880 0.00148954
22890 0.00148954
22900 0.00148954
22910 0.00148954
22920 0.00148954
22930 0.00148954
22940 0.00148954
22950 0.00148954
22960 0.00148954
22970 0.00148954
22980 0.00148954
22990 0.00148954
23000 0.00148954
23010 0.00148954
23020 0.00148954
23030 0.00148954
23040 0.00148954
23050 0.00148954
23060 0.00148954
23070 0.00148954
23080 0.00148954
23090 0.00148954
23100 0.00148954
23110 0.00148954
23120 0.00148954
23130 0.00148954
23140 0.00148954
23150 0.00148954
23160 0.00148954
23170 0.00148954
23180 0.00148954
23190 0.00148954
23200 0.00148954
23210 0.00148954
23220 0.00148954
23230 0.00148954
23240 0.00148954
23250 0.00148954
23260 0.00148954
23270 0.00148954
23280 0.00148954
23290 0.00148954
23300 0.00148954
23310 0.00148954
23320 0.00148954
23330 0.00148954
23340 0.00148954
23350 0.00148954
23360 0.00148954
23370 0.00148954
23380 0.00148954
23390 0.00148954
23400 0.00148954
23410 0.00148954
23420 0.00148954
23430 0.00148954
23440 0.00148954
23450 0.00148954
23460 0.00148954
23470 0.00148954
23480 0.00148954
23490 0.00148954
23500 0.00148954
23510 0.00148954
23520 0.00148954
23530 0.00148954
23540 0.00148954
23550 0.00148954
23560 0.00148954
23570 0.00148954
23580 0.00148954
23590 0.00148954
23600 0.00148954
23610 0.00148954
23620 0.00148954
23630 0.00148954
23640 0.00148954
23650 0.00148954
23660 0.00148954
23670 0.00148954
23680 0.00148954
23690 0.00148954
23700 0.00148954
23710 0.00148954
23720 0.00148954
23730 0.00148954
23740 0.00148954
23750 0.00148954
23760 0.00148954
23770 0.00148954
23780 0.00148954
23790 0.00148954
23800 0.00148954
23810 0.00148954
23820 0.00148954
23830 0.00148954
23840 0.00148954
23850 0.00148954
23860 0.00148954
23870 0.00148954
23880 0.00148954
23890 0.00148954
23900 0.00148954
23910 0.00148954
23920 0.00148954
23930 0.00148954
23940 0.00148954
23950 0.00148954
23960 0.00148954
23970 0.00148954
23980 0.00148954
23990 0.00148954
24000 0.00148954
24010 0.00148954
24020 0.00148954
24030 0.00148954
24040 0.00148954
24050 0.00148954
24060 0.00148954
24070 0.00148954
24080 0.00148954
24090 0.00148954
24100 0.00148954
24110 0.00148954
24120 0.00148954
24130 0.00148954
24140 0.00148954
24150 0.00148954
24160 0.00148954
24170 0.00148954
24180 0.00148954
24190 0.00148954
24200 0.00148954
24210 0.00148954
24220 0.00148954
24230 0.00148954
24240 0.00148954
24250 0.00148954
24260 0.00148954
24270 0.00148954
24280 0.00148954
24290 0.00148954
24300 0.00148954
24310 0.00148954
24320 0.00148954
24330 0.00148954
24340 0.00148954
24350 0.00148954
24360 0.00148954
24370 0.00148954
24380 0.00148954
24390 0.00148954
24400 0.00148954
24410 0.00148954
24420 0.00148954
24430 0.00148954
24440 0.00148954
24450 0.00148954
24460 0.00148954
24470 0.00148954
24480 0.00148954
24490 0.00148954
24500 0.00148954
24510 0.00148954
24520 0.00148954
24530 0.00148954
24540 0.00148954
24550 0.00148954
24560 0.00148954
24570 0.00148954
24580 0.00148954
24590 0.00148954
24600 0.00148954
24610 0.00148954
24620 0.00148954
24630 0.00148954
24640 0.00148954
24650 0.00148954
24660 0.00148954
24670 0.00148954
24680 0.00148954
24690 0.00148954
24700 0.00148954
24710 0.00148954
24720 0.00148954
24730 0.00148954
24740 0.00148954
24750 0.00148954
24760 0.00148954
24770 0.00148954
24780 0.00148954
24790 0.00148954
24800 0.00148954
24810 0.00148954
24820 0.00148954
24830 0.00148954
24840 0.00148954
24850 0.00148954
24860 0.00148954
24870 0.00148954
24880 0.00148954
24890 0.00148954
24900 0.00148954
24910 0.00148954
24920 0.00148954
24930 0.00148954
24940 0.00148954
24950 0.00148954
24960 0.00148954
24970 0.00148954
24980 0.00148954
24990 0.00148954
25000 0.00148954
-END-OF-DATA-
