-START-OF-DATA-
0 0.000278
10 0.000278
20 0.000278
30 0.000278
40 0.000278
50 0.000278
60 0.000278
70 0.000278
80 0.000278
90 0.000278
100 0.000278
110 0.000278
120 0.000278
130 0.000278
140 0.000278
150 0.000278
160 0.000278
170 0.000278
180 0.000278
190 0.000278
200 0.000278
210 0.000278
220 0.000278
230 0.000278
240 0.000278
250 0.000278
260 0.000278
270 0.000278
280 0.000278
290 0.000278
300 0.000278
310 0.000278
320 0.000278
330 0.000278
340 0.000278
350 0.000278
360 0.000278
370 0.000278
380 0.000278
390 0.000278
400 0.000278
410 0.000278
420 0.000278
430 0.000278
440 0.000278
450 0.000278
460 0.000278
470 0.000278
480 0.000278
490 0.000278
500 0.000278
510 0.000278
520 0.000278
530 0.000278
540 0.000278
550 0.000278
560 0.000278
570 0.000278
580 0.000278
590 0.000278
600 0.000278
610 0.000278
620 0.000278
630 0.000278
640 0.000278
650 0.000278
660 0.000278
670 0.000278
680 0.000278
690 0.000278
700 0.000278
710 0.000278
720 0.000278
730 0.000278
740 0.000278
750 0.000278
760 0.000278
770 0.000278
780 0.000278
790 0.000278
800 0.000278
810 0.000278
820 0.000278
830 0.000278
840 0.000278
850 0.000278
860 0.000278
870 0.000278
880 0.000278
890 0.000278
900 0.000278
910 0.000278
920 0.000278
930 0.000278
940 0.000278
950 0.000278
960 0.000278
970 0.000278
980 0.000278
990 0.000278
1000 0.000278
1010 0.000278
1020 0.000278
1030 0.000278
1040 0.000278
1050 0.000278
1060 0.000278
1070 0.000278
1080 0.000278
1090 0.000278
1100 0.000278
1110 0.000278
1120 0.000278
1130 0.000278
1140 0.000278
1150 0.000278
1160 0.000278
1170 0.000278
1180 0.000278
1190 0.000278
1200 0.000278
1210 0.000278
1220 0.000278
1230 0.000278
1240 0.000278
1250 0.000278
1260 0.000278
1270 0.000278
1280 0.000278
1290 0.000278
1300 0.000278
1310 0.000278
1320 0.000278
1330 0.000278
1340 0.000278
1350 0.000278
1360 0.000278
1370 0.000278
1380 0.000278
1390 0.000278
1400 0.000278
1410 0.000278
1420 0.000278
1430 0.000278
1440 0.000278
1450 0.000278
1460 0.000278
1470 0.000278
1480 0.000278
1490 0.000278
1500 0.000278
1510 0.000278
1520 0.000278
1530 0.000278
1540 0.000278
1550 0.000278
1560 0.000278
1570 0.000278
1580 0.000278
1590 0.000278
1600 0.000278
1610 0.000278
1620 0.000278
1630 0.000278
1640 0.000278
1650 0.000278
1660 0.000278
1670 0.000278
1680 0.000278
1690 0.000278
1700 0.000278
1710 0.000278
1720 0.000278
1730 0.000278
1740 0.000278
1750 0.000278
1760 0.000278
1770 0.000278
1780 0.000278
1790 0.000278
1800 0.000278
1810 0.000278
1820 0.000278
1830 0.000278
1840 0.000278
1850 0.000278
1860 0.000278
1870 0.000278
1880 0.000278
1890 0.000278
1900 0.000278
1910 0.000278
1920 0.000278
1930 0.000278
1940 0.000278
1950 0.000278
1960 0.000278
1970 0.000278
1980 0.000278
1990 0.000278
2000 0.000278
2010 0.000278
2020 0.000278
2030 0.000278
2040 0.000278
2050 0.000278
2060 0.000278
2070 0.000278
2080 0.000278
2090 0.000278
2100 0.000278
2110 0.000278
2120 0.000278
2130 0.000278
2140 0.000278
2150 0.000278
2160 0.000278
2170 0.000278
2180 0.000278
2190 0.000278
2200 0.000278
2210 0.000278
2220 0.000278
2230 0.000278
2240 0.000278
2250 0.000278
2260 0.000278
2270 0.000278
2280 0.000278
2290 0.000278
2300 0.000278
2310 0.000278
2320 0.000278
2330 0.000278
2340 0.000278
2350 0.000278
2360 0.000278
2370 0.000278
2380 0.000278
2390 0.000278
2400 0.000278
2410 0.000278
2420 0.000278
2430 0.000278
2440 0.000278
2450 0.000278
2460 0.000278
2470 0.000278
2480 0.000278
2490 0.000278
2500 0.000278
2510 0.000278
2520 0.000278
2530 0.000278
2540 0.000278
2550 0.000278
2560 0.000278
2570 0.000278
2580 0.000278
2590 0.000278
2600 0.000278
2610 0.000278
2620 0.000278
2630 0.000278
2640 0.000278
2650 0.000278
2660 0.000278
2670 0.000278
2680 0.000278
2690 0.000278
2700 0.000278
2710 0.000278
2720 0.000278
2730 0.000278
2740 0.000278
2750 0.000278
2760 0.000278
2770 0.000278
2780 0.000278
2790 0.000278
2800 0.000278
2810 0.000278
2820 0.000278
2830 0.000278
2840 0.000278
2850 0.000278
2860 0.000278
2870 0.000278
2880 0.000278
2890 0.000278
2900 0.000278
2910 0.000278
2920 0.000278
2930 0.000278
2940 0.000278
2950 0.000278
2960 0.000278
2970 0.000278
2980 0.000278
2990 0.000278
3000 0.000278
3010 0.000278
3020 0.000278
3030 0.000278
3040 0.000278
3050 0.000278
3060 0.000278
3070 0.000278
3080 0.000278
3090 0.000278
3100 0.000278
3110 0.000278
3120 0.000278
3130 0.000278
3140 0.000278
3150 0.000278
3160 0.000278
3170 0.000278
3180 0.000278
3190 0.000278
3200 0.000278
3210 0.000278
3220 0.000278
3230 0.000278
3240 0.000278
3250 0.000278
3260 0.000278
3270 0.000278
3280 0.000278
3290 0.000278
3300 0.000278
3310 0.000278
3320 0.000278
3330 0.000278
3340 0.000278
3350 0.000278
3360 0.000278
3370 0.000278
3380 0.000278
3390 0.000278
3400 0.000278
3410 0.000278
3420 0.000278
3430 0.000278
3440 0.000278
3450 0.000278
3460 0.000278
3470 0.000278
3480 0.000278
3490 0.000278
3500 0.000278
3510 0.000278
3520 0.000278
3530 0.000278
3540 0.000278
3550 0.000278
3560 0.000278
3570 0.000278
3580 0.000278
3590 0.000278
3600 0.000278
3610 0.000278
3620 0.000278
3630 0.000278
3640 0.000278
3650 0.000278
3660 0.000278
3670 0.000278
3680 0.000278
3690 0.000278
3700 0.000278
3710 0.000278
3720 0.000278
3730 0.000278
3740 0.000278
3750 0.000278
3760 0.000278
3770 0.000278
3780 0.000278
3790 0.000278
3800 0.000278
3810 0.000278
3820 0.000278
3830 0.000278
3840 0.000278
3850 0.000278
3860 0.000278
3870 0.000278
3880 0.000278
3890 0.000278
3900 0.000278
3910 0.000278
3920 0.000278
3930 0.000278
3940 0.000278
3950 0.000278
3960 0.000278
3970 0.000278
3980 0.000278
3990 0.000278
4000 0.000278
4010 0.000278
4020 0.000278
4030 0.000278
4040 0.000278
4050 0.000278
4060 0.000278
4070 0.000278
4080 0.000278
4090 0.000278
4100 0.000278
4110 0.000278
4120 0.000278
4130 0.000278
4140 0.000278
4150 0.000278
4160 0.000278
4170 0.000278
4180 0.000278
4190 0.000278
4200 0.000278
4210 0.000278
4220 0.000278
4230 0.000278
4240 0.000278
4250 0.000278
4260 0.000278
4270 0.000278
4280 0.000278
4290 0.000278
4300 0.000278
4310 0.000278
4320 0.000278
4330 0.000278
4340 0.000278
4350 0.000278
4360 0.000278
4370 0.000278
4380 0.000278
4390 0.000278
4400 0.000278
4410 0.000278
4420 0.000278
4430 0.000278
4440 0.000278
4450 0.000278
4460 0.000278
4470 0.000278
4480 0.000278
4490 0.000278
4500 0.000278
4510 0.000278
4520 0.000278
4530 0.000278
4540 0.000278
4550 0.000278
4560 0.000278
4570 0.000278
4580 0.000278
4590 0.000278
4600 0.000278
4610 0.000278
4620 0.000278
4630 0.000278
4640 0.000278
4650 0.000278
4660 0.000278
4670 0.000278
4680 0.000278
4690 0.000278
4700 0.000278
4710 0.000278
4720 0.000278
4730 0.000278
4740 0.000278
4750 0.000278
4760 0.000278
4770 0.000278
4780 0.000278
4790 0.000278
4800 0.000278
4810 0.000278
4820 0.000278
4830 0.000278
4840 0.000278
4850 0.000278
4860 0.000278
4870 0.000278
4880 0.000278
4890 0.000278
4900 0.000278
4910 0.000278
4920 0.000278
4930 0.000278
4940 0.000278
4950 0.000278
4960 0.000278
4970 0.000278
4980 0.000278
4990 0.000278
5000 0.000278
5010 0.000278905954045954
5020 0.000279811908091908
5030 0.000280717862137862
5040 0.000281623816183816
5050 0.00028252977022977
5060 0.000283435724275724
5070 0.000284341678321678
5080 0.000285247632367632
5090 0.000286153586413586
5100 0.00028705954045954
5110 0.000287965494505494
5120 0.000288871448551449
5130 0.000289777402597403
5140 0.000290683356643357
5150 0.000291589310689311
5160 0.000292495264735265
5170 0.000293401218781219
5180 0.000294307172827173
5190 0.000295213126873127
5200 0.000296119080919081
5210 0.000297025034965035
5220 0.000297930989010989
5230 0.000298836943056943
5240 0.000299742897102897
5250 0.000300648851148851
5260 0.000301554805194805
5270 0.000302460759240759
5280 0.000303366713286713
5290 0.000304272667332667
5300 0.000305178621378621
5310 0.000306084575424575
5320 0.000306990529470529
5330 0.000307896483516483
5340 0.000308802437562438
5350 0.000309708391608392
5360 0.000310614345654346
5370 0.0003115202997003
5380 0.000312426253746254
5390 0.000313332207792208
5400 0.000314238161838162
5410 0.000315144115884116
5420 0.00031605006993007
5430 0.000316956023976024
5440 0.000317861978021978
5450 0.000318767932067932
5460 0.000319673886113886
5470 0.00032057984015984
5480 0.000321485794205794
5490 0.000322391748251748
5500 0.000323297702297702
5510 0.000324203656343656
5520 0.00032510961038961
5530 0.000326015564435564
5540 0.000326921518481518
5550 0.000327827472527472
5560 0.000328733426573427
5570 0.000329639380619381
5580 0.000330545334665335
5590 0.000331451288711289
5600 0.000332357242757243
5610 0.000333263196803197
5620 0.000334169150849151
5630 0.000335075104895105
5640 0.000335981058941059
5650 0.000336887012987013
5660 0.000337792967032967
5670 0.000338698921078921
5680 0.000339604875124875
5690 0.000340510829170829
5700 0.000341416783216783
5710 0.000342322737262737
5720 0.000343228691308691
5730 0.000344134645354645
5740 0.000345040599400599
5750 0.000345946553446553
5760 0.000346852507492507
5770 0.000347758461538462
5780 0.000348664415584416
5790 0.00034957036963037
5800 0.000350476323676324
5810 0.000351382277722278
5820 0.000352288231768232
5830 0.000353194185814186
5840 0.00035410013986014
5850 0.000355006093906094
5860 0.000355912047952048
5870 0.000356818001998002
5880 0.000357723956043956
5890 0.00035862991008991
5900 0.000359535864135864
5910 0.000360441818181818
5920 0.000361347772227772
5930 0.000362253726273726
5940 0.00036315968031968
5950 0.000364065634365634
5960 0.000364971588411588
5970 0.000365877542457542
5980 0.000366783496503496
5990 0.00036768945054945
6000 0.000368595404595405
6010 0.000369501358641359
6020 0.000370407312687313
6030 0.000371313266733267
6040 0.000372219220779221
6050 0.000373125174825175
6060 0.000374031128871129
6070 0.000374937082917083
6080 0.000375843036963037
6090 0.000376748991008991
6100 0.000377654945054945
6110 0.000378560899100899
6120 0.000379466853146853
6130 0.000380372807192807
6140 0.000381278761238761
6150 0.000382184715284715
6160 0.000383090669330669
6170 0.000383996623376623
6180 0.000384902577422577
6190 0.000385808531468531
6200 0.000386714485514485
6210 0.00038762043956044
6220 0.000388526393606394
6230 0.000389432347652348
6240 0.000390338301698302
6250 0.000391244255744256
6260 0.00039215020979021
6270 0.000393056163836164
6280 0.000393962117882118
6290 0.000394868071928072
6300 0.000395774025974026
6310 0.00039667998001998
6320 0.000397585934065934
6330 0.000398491888111888
6340 0.000399397842157842
6350 0.000400303796203796
6360 0.00040120975024975
6370 0.000402115704295704
6380 0.000403021658341658
6390 0.000403927612387612
6400 0.000404833566433566
6410 0.00040573952047952
6420 0.000406645474525474
6430 0.000407551428571428
6440 0.000408457382617383
6450 0.000409363336663337
6460 0.000410269290709291
6470 0.000411175244755245
6480 0.000412081198801199
6490 0.000412987152847153
6500 0.000413893106893107
6510 0.000414799060939061
6520 0.000415705014985015
6530 0.000416610969030969
6540 0.000417516923076923
6550 0.000418422877122877
6560 0.000419328831168831
6570 0.000420234785214785
6580 0.000421140739260739
6590 0.000422046693306693
6600 0.000422952647352647
6610 0.000423858601398601
6620 0.000424764555444555
6630 0.000425670509490509
6640 0.000426576463536463
6650 0.000427482417582418
6660 0.000428388371628372
6670 0.000429294325674326
6680 0.00043020027972028
6690 0.000431106233766234
6700 0.000432012187812188
6710 0.000432918141858142
6720 0.000433824095904096
6730 0.00043473004995005
6740 0.000435636003996004
6750 0.000436541958041958
6760 0.000437447912087912
6770 0.000438353866133866
6780 0.00043925982017982
6790 0.000440165774225774
6800 0.000441071728271728
6810 0.000441977682317682
6820 0.000442883636363636
6830 0.00044378959040959
6840 0.000444695544455544
6850 0.000445601498501498
6860 0.000446507452547452
6870 0.000447413406593407
6880 0.000448319360639361
6890 0.000449225314685315
6900 0.000450131268731269
6910 0.000451037222777223
6920 0.000451943176823177
6930 0.000452849130869131
6940 0.000453755084915085
6950 0.000454661038961039
6960 0.000455566993006993
6970 0.000456472947052947
6980 0.000457378901098901
6990 0.000458284855144855
7000 0.000459190809190809
7010 0.000460096763236763
7020 0.000461002717282717
7030 0.000461908671328671
7040 0.000462814625374625
7050 0.000463720579420579
7060 0.000464626533466533
7070 0.000465532487512487
7080 0.000466438441558442
7090 0.000467344395604396
7100 0.00046825034965035
7110 0.000469156303696304
7120 0.000470062257742258
7130 0.000470968211788212
7140 0.000471874165834166
7150 0.00047278011988012
7160 0.000473686073926074
7170 0.000474592027972028
7180 0.000475497982017982
7190 0.000476403936063936
7200 0.00047730989010989
7210 0.000478215844155844
7220 0.000479121798201798
7230 0.000480027752247752
7240 0.000480933706293706
7250 0.00048183966033966
7260 0.000482745614385614
7270 0.000483651568431568
7280 0.000484557522477522
7290 0.000485463476523476
7300 0.00048636943056943
7310 0.000487275384615385
7320 0.000488181338661339
7330 0.000489087292707293
7340 0.000489993246753247
7350 0.000490899200799201
7360 0.000491805154845155
7370 0.000492711108891109
7380 0.000493617062937063
7390 0.000494523016983017
7400 0.000495428971028971
7410 0.000496334925074925
7420 0.000497240879120879
7430 0.000498146833166833
7440 0.000499052787212787
7450 0.000499958741258741
7460 0.000500864695304695
7470 0.000501770649350649
7480 0.000502676603396603
7490 0.000503582557442557
7500 0.000504488511488511
7510 0.000505394465534466
7520 0.00050630041958042
7530 0.000507206373626374
7540 0.000508112327672328
7550 0.000509018281718282
7560 0.000509924235764236
7570 0.00051083018981019
7580 0.000511736143856144
7590 0.000512642097902098
7600 0.000513548051948052
7610 0.000514454005994006
7620 0.00051535996003996
7630 0.000516265914085914
7640 0.000517171868131868
7650 0.000518077822177822
7660 0.000518983776223776
7670 0.00051988973026973
7680 0.000520795684315684
7690 0.000521701638361638
7700 0.000522607592407592
7710 0.000523513546453546
7720 0.0005244195004995
7730 0.000525325454545454
7740 0.000526231408591409
7750 0.000527137362637363
7760 0.000528043316683317
7770 0.000528949270729271
7780 0.000529855224775225
7790 0.000530761178821179
7800 0.000531667132867133
7810 0.000532573086913087
7820 0.000533479040959041
7830 0.000534384995004995
7840 0.000535290949050949
7850 0.000536196903096903
7860 0.000537102857142857
7870 0.000538008811188811
7880 0.000538914765234765
7890 0.000539820719280719
7900 0.000540726673326673
7910 0.000541632627372627
7920 0.000542538581418581
7930 0.000543444535464535
7940 0.000544350489510489
7950 0.000545256443556443
7960 0.000546162397602398
7970 0.000547068351648352
7980 0.000547974305694306
7990 0.00054888025974026
8000 0.000549786213786214
8010 0.000550692167832168
8020 0.000551598121878122
8030 0.000552504075924076
8040 0.00055341002997003
8050 0.000554315984015984
8060 0.000555221938061938
8070 0.000556127892107892
8080 0.000557033846153846
8090 0.0005579398001998
8100 0.000558845754245754
8110 0.000559751708291708
8120 0.000560657662337662
8130 0.000561563616383616
8140 0.00056246957042957
8150 0.000563375524475524
8160 0.000564281478521478
8170 0.000565187432567432
8180 0.000566093386613387
8190 0.000566999340659341
8200 0.000567905294705295
8210 0.000568811248751249
8220 0.000569717202797203
8230 0.000570623156843157
8240 0.000571529110889111
8250 0.000572435064935065
8260 0.000573341018981019
8270 0.000574246973026973
8280 0.000575152927072927
8290 0.000576058881118881
8300 0.000576964835164835
8310 0.000577870789210789
8320 0.000578776743256743
8330 0.000579682697302697
8340 0.000580588651348651
8350 0.000581494605394605
8360 0.000582400559440559
8370 0.000583306513486513
8380 0.000584212467532467
8390 0.000585118421578422
8400 0.000586024375624375
8410 0.00058693032967033
8420 0.000587836283716284
8430 0.000588742237762238
8440 0.000589648191808192
8450 0.000590554145854146
8460 0.0005914600999001
8470 0.000592366053946054
8480 0.000593272007992008
8490 0.000594177962037962
8500 0.000595083916083916
8510 0.00059598987012987
8520 0.000596895824175824
8530 0.000597801778221778
8540 0.000598707732267732
8550 0.000599613686313686
8560 0.00060051964035964
8570 0.000601425594405594
8580 0.000602331548451548
8590 0.000603237502497502
8600 0.000604143456543456
8610 0.00060504941058941
8620 0.000605955364635365
8630 0.000606861318681319
8640 0.000607767272727273
8650 0.000608673226773227
8660 0.000609579180819181
8670 0.000610485134865135
8680 0.000611391088911089
8690 0.000612297042957043
8700 0.000613202997002997
8710 0.000614108951048951
8720 0.000615014905094905
8730 0.000615920859140859
8740 0.000616826813186813
8750 0.000617732767232767
8760 0.000618638721278721
8770 0.000619544675324675
8780 0.000620450629370629
8790 0.000621356583416583
8800 0.000622262537462537
8810 0.000623168491508491
8820 0.000624074445554445
8830 0.0006249803996004
8840 0.000625886353646353
8850 0.000626792307692308
8860 0.000627698261738262
8870 0.000628604215784216
8880 0.00062951016983017
8890 0.000630416123876124
8900 0.000631322077922078
8910 0.000632228031968032
8920 0.000633133986013986
8930 0.00063403994005994
8940 0.000634945894105894
8950 0.000635851848151848
8960 0.000636757802197802
8970 0.000637663756243756
8980 0.00063856971028971
8990 0.000639475664335664
9000 0.000640381618381618
9010 0.000641287572427572
9020 0.000642193526473526
9030 0.00064309948051948
9040 0.000644005434565434
9050 0.000644911388611388
9060 0.000645817342657343
9070 0.000646723296703297
9080 0.000647629250749251
9090 0.000648535204795205
9100 0.000649441158841159
9110 0.000650347112887113
9120 0.000651253066933067
9130 0.000652159020979021
9140 0.000653064975024975
9150 0.000653970929070929
9160 0.000654876883116883
9170 0.000655782837162837
9180 0.000656688791208791
9190 0.000657594745254745
9200 0.000658500699300699
9210 0.000659406653346653
9220 0.000660312607392607
9230 0.000661218561438561
9240 0.000662124515484515
9250 0.000663030469530469
9260 0.000663936423576423
9270 0.000664842377622378
9280 0.000665748331668332
9290 0.000666654285714286
9300 0.00066756023976024
9310 0.000668466193806194
9320 0.000669372147852148
9330 0.000670278101898102
9340 0.000671184055944056
9350 0.00067209000999001
9360 0.000672995964035964
9370 0.000673901918081918
9380 0.000674807872127872
9390 0.000675713826173826
9400 0.00067661978021978
9410 0.000677525734265734
9420 0.000678431688311688
9430 0.000679337642357642
9440 0.000680243596403596
9450 0.00068114955044955
9460 0.000682055504495504
9470 0.000682961458541458
9480 0.000683867412587412
9490 0.000684773366633367
9500 0.000685679320679321
9510 0.000686585274725275
9520 0.000687491228771229
9530 0.000688397182817183
9540 0.000689303136863137
9550 0.000690209090909091
9560 0.000691115044955045
9570 0.000692020999000999
9580 0.000692926953046953
9590 0.000693832907092907
9600 0.000694738861138861
9610 0.000695644815184815
9620 0.000696550769230769
9630 0.000697456723276723
9640 0.000698362677322677
9650 0.000699268631368631
9660 0.000700174585414585
9670 0.000701080539460539
9680 0.000701986493506493
9690 0.000702892447552447
9700 0.000703798401598402
9710 0.000704704355644356
9720 0.00070561030969031
9730 0.000706516263736264
9740 0.000707422217782218
9750 0.000708328171828172
9760 0.000709234125874126
9770 0.00071014007992008
9780 0.000711046033966034
9790 0.000711951988011988
9800 0.000712857942057942
9810 0.000713763896103896
9820 0.00071466985014985
9830 0.000715575804195804
9840 0.000716481758241758
9850 0.000717387712287712
9860 0.000718293666333666
9870 0.00071919962037962
9880 0.000720105574425574
9890 0.000721011528471528
9900 0.000721917482517482
9910 0.000722823436563436
9920 0.00072372939060939
9930 0.000724635344655345
9940 0.000725541298701299
9950 0.000726447252747253
9960 0.000727353206793207
9970 0.000728259160839161
9980 0.000729165114885115
9990 0.000730071068931069
10000 0.000730977022977023
10010 0.000731882977022977
10020 0.000732788931068931
10030 0.000733694885114885
10040 0.000734600839160839
10050 0.000735506793206793
10060 0.000736412747252747
10070 0.000737318701298701
10080 0.000738224655344655
10090 0.000739130609390609
10100 0.000740036563436563
10110 0.000740942517482517
10120 0.000741848471528471
10130 0.000742754425574425
10140 0.00074366037962038
10150 0.000744566333666334
10160 0.000745472287712288
10170 0.000746378241758242
10180 0.000747284195804196
10190 0.00074819014985015
10200 0.000749096103896104
10210 0.000750002057942058
10220 0.000750908011988012
10230 0.000751813966033966
10240 0.00075271992007992
10250 0.000753625874125874
10260 0.000754531828171828
10270 0.000755437782217782
10280 0.000756343736263736
10290 0.00075724969030969
10300 0.000758155644355644
10310 0.000759061598401598
10320 0.000759967552447552
10330 0.000760873506493506
10340 0.00076177946053946
10350 0.000762685414585414
10360 0.000763591368631368
10370 0.000764497322677323
10380 0.000765403276723277
10390 0.00076630923076923
10400 0.000767215184815185
10410 0.000768121138861139
10420 0.000769027092907093
10430 0.000769933046953047
10440 0.000770839000999001
10450 0.000771744955044955
10460 0.000772650909090909
10470 0.000773556863136863
10480 0.000774462817182817
10490 0.000775368771228771
10500 0.000776274725274725
10510 0.000777180679320679
10520 0.000778086633366633
10530 0.000778992587412587
10540 0.000779898541458541
10550 0.000780804495504495
10560 0.000781710449550449
10570 0.000782616403596404
10580 0.000783522357642358
10590 0.000784428311688311
10600 0.000785334265734266
10610 0.00078624021978022
10620 0.000787146173826174
10630 0.000788052127872128
10640 0.000788958081918082
10650 0.000789864035964036
10660 0.00079076999000999
10670 0.000791675944055944
10680 0.000792581898101898
10690 0.000793487852147852
10700 0.000794393806193806
10710 0.00079529976023976
10720 0.000796205714285714
10730 0.000797111668331668
10740 0.000798017622377622
10750 0.000798923576423576
10760 0.00079982953046953
10770 0.000800735484515484
10780 0.000801641438561438
10790 0.000802547392607392
10800 0.000803453346653347
10810 0.0008043593006993
10820 0.000805265254745255
10830 0.000806171208791209
10840 0.000807077162837163
10850 0.000807983116883117
10860 0.000808889070929071
10870 0.000809795024975025
10880 0.000810700979020979
10890 0.000811606933066933
10900 0.000812512887112887
10910 0.000813418841158841
10920 0.000814324795204795
10930 0.000815230749250749
10940 0.000816136703296703
10950 0.000817042657342657
10960 0.000817948611388611
10970 0.000818854565434565
10980 0.000819760519480519
10990 0.000820666473526474
11000 0.000821572427572427
11010 0.000822478381618381
11020 0.000823384335664335
11030 0.00082429028971029
11040 0.000825196243756244
11050 0.000826102197802198
11060 0.000827008151848152
11070 0.000827914105894106
11080 0.00082882005994006
11090 0.000829726013986014
11100 0.000830631968031968
11110 0.000831537922077922
11120 0.000832443876123876
11130 0.00083334983016983
11140 0.000834255784215784
11150 0.000835161738261738
11160 0.000836067692307692
11170 0.000836973646353646
11180 0.0008378796003996
11190 0.000838785554445554
11200 0.000839691508491508
11210 0.000840597462537462
11220 0.000841503416583416
11230 0.00084240937062937
11240 0.000843315324675324
11250 0.000844221278721279
11260 0.000845127232767233
11270 0.000846033186813187
11280 0.000846939140859141
11290 0.000847845094905095
11300 0.000848751048951049
11310 0.000849657002997003
11320 0.000850562957042957
11330 0.000851468911088911
11340 0.000852374865134865
11350 0.000853280819180819
11360 0.000854186773226773
11370 0.000855092727272727
11380 0.000855998681318681
11390 0.000856904635364635
11400 0.000857810589410589
11410 0.000858716543456543
11420 0.000859622497502497
11430 0.000860528451548451
11440 0.000861434405594405
11450 0.00086234035964036
11460 0.000863246313686313
11470 0.000864152267732268
11480 0.000865058221778222
11490 0.000865964175824176
11500 0.00086687012987013
11510 0.000867776083916084
11520 0.000868682037962038
11530 0.000869587992007992
11540 0.000870493946053946
11550 0.0008713999000999
11560 0.000872305854145854
11570 0.000873211808191808
11580 0.000874117762237762
11590 0.000875023716283716
11600 0.00087592967032967
11610 0.000876835624375624
11620 0.000877741578421578
11630 0.000878647532467532
11640 0.000879553486513486
11650 0.00088045944055944
11660 0.000881365394605394
11670 0.000882271348651348
11680 0.000883177302697303
11690 0.000884083256743257
11700 0.000884989210789211
11710 0.000885895164835165
11720 0.000886801118881119
11730 0.000887707072927073
11740 0.000888613026973027
11750 0.000889518981018981
11760 0.000890424935064935
11770 0.000891330889110889
11780 0.000892236843156843
11790 0.000893142797202797
11800 0.000894048751248751
11810 0.000894954705294705
11820 0.000895860659340659
11830 0.000896766613386613
11840 0.000897672567432567
11850 0.000898578521478521
11860 0.000899484475524475
11870 0.000900390429570429
11880 0.000901296383616383
11890 0.000902202337662337
11900 0.000903108291708292
11910 0.000904014245754246
11920 0.0009049201998002
11930 0.000905826153846154
11940 0.000906732107892108
11950 0.000907638061938062
11960 0.000908544015984016
11970 0.00090944997002997
11980 0.000910355924075924
11990 0.000911261878121878
12000 0.000912167832167832
12010 0.000913073786213786
12020 0.00091397974025974
12030 0.000914885694305694
12040 0.000915791648351648
12050 0.000916697602397602
12060 0.000917603556443556
12070 0.00091850951048951
12080 0.000919415464535464
12090 0.000920321418581418
12100 0.000921227372627372
12110 0.000922133326673327
12120 0.000923039280719281
12130 0.000923945234765235
12140 0.000924851188811189
12150 0.000925757142857143
12160 0.000926663096903097
12170 0.000927569050949051
12180 0.000928475004995005
12190 0.000929380959040959
12200 0.000930286913086913
12210 0.000931192867132867
12220 0.000932098821178821
12230 0.000933004775224775
12240 0.000933910729270729
12250 0.000934816683316683
12260 0.000935722637362637
12270 0.000936628591408591
12280 0.000937534545454545
12290 0.000938440499500499
12300 0.000939346453546453
12310 0.000940252407592407
12320 0.000941158361638361
12330 0.000942064315684316
12340 0.00094297026973027
12350 0.000943876223776224
12360 0.000944782177822178
12370 0.000945688131868132
12380 0.000946594085914086
12390 0.00094750003996004
12400 0.000948405994005994
12410 0.000949311948051948
12420 0.000950217902097902
12430 0.000951123856143856
12440 0.00095202981018981
12450 0.000952935764235764
12460 0.000953841718281718
12470 0.000954747672327672
12480 0.000955653626373626
12490 0.00095655958041958
12500 0.000957465534465534
12510 0.000958371488511488
12520 0.000959277442557442
12530 0.000960183396603396
12540 0.00096108935064935
12550 0.000961995304695305
12560 0.000962901258741259
12570 0.000963807212787213
12580 0.000964713166833167
12590 0.000965619120879121
12600 0.000966525074925075
12610 0.000967431028971029
12620 0.000968336983016983
12630 0.000969242937062937
12640 0.000970148891108891
12650 0.000971054845154845
12660 0.000971960799200799
12670 0.000972866753246753
12680 0.000973772707292707
12690 0.000974678661338661
12700 0.000975584615384615
12710 0.000976490569430569
12720 0.000977396523476523
12730 0.000978302477522477
12740 0.000979208431568431
12750 0.000980114385614386
12760 0.000981020339660339
12770 0.000981926293706294
12780 0.000982832247752248
12790 0.000983738201798201
12800 0.000984644155844156
12810 0.00098555010989011
12820 0.000986456063936064
12830 0.000987362017982018
12840 0.000988267972027972
12850 0.000989173926073926
12860 0.00099007988011988
12870 0.000990985834165834
12880 0.000991891788211788
12890 0.000992797742257742
12900 0.000993703696303696
12910 0.00099460965034965
12920 0.000995515604395604
12930 0.000996421558441558
12940 0.000997327512487512
12950 0.000998233466533466
12960 0.00099913942057942
12970 0.00100004537462537
12980 0.00100095132867133
12990 0.00100185728271728
13000 0.00100276323676324
13010 0.00100366919080919
13020 0.00100457514485514
13030 0.0010054810989011
13040 0.00100638705294705
13050 0.00100729300699301
13060 0.00100819896103896
13070 0.00100910491508491
13080 0.00101001086913087
13090 0.00101091682317682
13100 0.00101182277722278
13110 0.00101272873126873
13120 0.00101363468531469
13130 0.00101454063936064
13140 0.00101544659340659
13150 0.00101635254745255
13160 0.0010172585014985
13170 0.00101816445554446
13180 0.00101907040959041
13190 0.00101997636363636
13200 0.00102088231768232
13210 0.00102178827172827
13220 0.00102269422577423
13230 0.00102360017982018
13240 0.00102450613386613
13250 0.00102541208791209
13260 0.00102631804195804
13270 0.001027223996004
13280 0.00102812995004995
13290 0.0010290359040959
13300 0.00102994185814186
13310 0.00103084781218781
13320 0.00103175376623377
13330 0.00103265972027972
13340 0.00103356567432567
13350 0.00103447162837163
13360 0.00103537758241758
13370 0.00103628353646354
13380 0.00103718949050949
13390 0.00103809544455544
13400 0.0010390013986014
13410 0.00103990735264735
13420 0.00104081330669331
13430 0.00104171926073926
13440 0.00104262521478521
13450 0.00104353116883117
13460 0.00104443712287712
13470 0.00104534307692308
13480 0.00104624903096903
13490 0.00104715498501498
13500 0.00104806093906094
13510 0.00104896689310689
13520 0.00104987284715285
13530 0.0010507788011988
13540 0.00105168475524475
13550 0.00105259070929071
13560 0.00105349666333666
13570 0.00105440261738262
13580 0.00105530857142857
13590 0.00105621452547453
13600 0.00105712047952048
13610 0.00105802643356643
13620 0.00105893238761239
13630 0.00105983834165834
13640 0.0010607442957043
13650 0.00106165024975025
13660 0.0010625562037962
13670 0.00106346215784216
13680 0.00106436811188811
13690 0.00106527406593407
13700 0.00106618001998002
13710 0.00106708597402597
13720 0.00106799192807193
13730 0.00106889788211788
13740 0.00106980383616384
13750 0.00107070979020979
13760 0.00107161574425574
13770 0.0010725216983017
13780 0.00107342765234765
13790 0.00107433360639361
13800 0.00107523956043956
13810 0.00107614551448551
13820 0.00107705146853147
13830 0.00107795742257742
13840 0.00107886337662338
13850 0.00107976933066933
13860 0.00108067528471528
13870 0.00108158123876124
13880 0.00108248719280719
13890 0.00108339314685315
13900 0.0010842991008991
13910 0.00108520505494505
13920 0.00108611100899101
13930 0.00108701696303696
13940 0.00108792291708292
13950 0.00108882887112887
13960 0.00108973482517482
13970 0.00109064077922078
13980 0.00109154673326673
13990 0.00109245268731269
14000 0.00109335864135864
14010 0.0010942645954046
14020 0.00109517054945055
14030 0.0010960765034965
14040 0.00109698245754246
14050 0.00109788841158841
14060 0.00109879436563437
14070 0.00109970031968032
14080 0.00110060627372627
14090 0.00110151222777223
14100 0.00110241818181818
14110 0.00110332413586414
14120 0.00110423008991009
14130 0.00110513604395604
14140 0.001106041998002
14150 0.00110694795204795
14160 0.00110785390609391
14170 0.00110875986013986
14180 0.00110966581418581
14190 0.00111057176823177
14200 0.00111147772227772
14210 0.00111238367632368
14220 0.00111328963036963
14230 0.00111419558441558
14240 0.00111510153846154
14250 0.00111600749250749
14260 0.00111691344655345
14270 0.0011178194005994
14280 0.00111872535464535
14290 0.00111963130869131
14300 0.00112053726273726
14310 0.00112144321678322
14320 0.00112234917082917
14330 0.00112325512487512
14340 0.00112416107892108
14350 0.00112506703296703
14360 0.00112597298701299
14370 0.00112687894105894
14380 0.00112778489510489
14390 0.00112869084915085
14400 0.0011295968031968
14410 0.00113050275724276
14420 0.00113140871128871
14430 0.00113231466533467
14440 0.00113322061938062
14450 0.00113412657342657
14460 0.00113503252747253
14470 0.00113593848151848
14480 0.00113684443556444
14490 0.00113775038961039
14500 0.00113865634365634
14510 0.0011395622977023
14520 0.00114046825174825
14530 0.00114137420579421
14540 0.00114228015984016
14550 0.00114318611388611
14560 0.00114409206793207
14570 0.00114499802197802
14580 0.00114590397602398
14590 0.00114680993006993
14600 0.00114771588411588
14610 0.00114862183816184
14620 0.00114952779220779
14630 0.00115043374625375
14640 0.0011513397002997
14650 0.00115224565434565
14660 0.00115315160839161
14670 0.00115405756243756
14680 0.00115496351648352
14690 0.00115586947052947
14700 0.00115677542457542
14710 0.00115768137862138
14720 0.00115858733266733
14730 0.00115949328671329
14740 0.00116039924075924
14750 0.00116130519480519
14760 0.00116221114885115
14770 0.0011631171028971
14780 0.00116402305694306
14790 0.00116492901098901
14800 0.00116583496503496
14810 0.00116674091908092
14820 0.00116764687312687
14830 0.00116855282717283
14840 0.00116945878121878
14850 0.00117036473526474
14860 0.00117127068931069
14870 0.00117217664335664
14880 0.0011730825974026
14890 0.00117398855144855
14900 0.00117489450549451
14910 0.00117580045954046
14920 0.00117670641358641
14930 0.00117761236763237
14940 0.00117851832167832
14950 0.00117942427572428
14960 0.00118033022977023
14970 0.00118123618381618
14980 0.00118214213786214
14990 0.00118304809190809
15000 0.00118395404595405
15010 0.00118486
15020 0.00118486
15030 0.00118486
15040 0.00118486
15050 0.00118486
15060 0.00118486
15070 0.00118486
15080 0.00118486
15090 0.00118486
15100 0.00118486
15110 0.00118486
15120 0.00118486
15130 0.00118486
15140 0.00118486
15150 0.00118486
15160 0.00118486
15170 0.00118486
15180 0.00118486
15190 0.00118486
15200 0.00118486
15210 0.00118486
15220 0.00118486
15230 0.00118486
15240 0.00118486
15250 0.00118486
15260 0.00118486
15270 0.00118486
15280 0.00118486
15290 0.00118486
15300 0.00118486
15310 0.00118486
15320 0.00118486
15330 0.00118486
15340 0.00118486
15350 0.00118486
15360 0.00118486
15370 0.00118486
15380 0.00118486
15390 0.00118486
15400 0.00118486
15410 0.00118486
15420 0.00118486
15430 0.00118486
15440 0.00118486
15450 0.00118486
15460 0.00118486
15470 0.00118486
15480 0.00118486
15490 0.00118486
15500 0.00118486
15510 0.00118486
15520 0.00118486
15530 0.00118486
15540 0.00118486
15550 0.00118486
15560 0.00118486
15570 0.00118486
15580 0.00118486
15590 0.00118486
15600 0.00118486
15610 0.00118486
15620 0.00118486
15630 0.00118486
15640 0.00118486
15650 0.00118486
15660 0.00118486
15670 0.00118486
15680 0.00118486
15690 0.00118486
15700 0.00118486
15710 0.00118486
15720 0.00118486
15730 0.00118486
15740 0.00118486
15750 0.00118486
15760 0.00118486
15770 0.00118486
15780 0.00118486
15790 0.00118486
15800 0.00118486
15810 0.00118486
15820 0.00118486
15830 0.00118486
15840 0.00118486
15850 0.00118486
15860 0.00118486
15870 0.00118486
15880 0.00118486
15890 0.00118486
15900 0.00118486
15910 0.00118486
15920 0.00118486
15930 0.00118486
15940 0.00118486
15950 0.00118486
15960 0.00118486
15970 0.00118486
15980 0.00118486
15990 0.00118486
16000 0.00118486
16010 0.00118486
16020 0.00118486
16030 0.00118486
16040 0.00118486
16050 0.00118486
16060 0.00118486
16070 0.00118486
16080 0.00118486
16090 0.00118486
16100 0.00118486
16110 0.00118486
16120 0.00118486
16130 0.00118486
16140 0.00118486
16150 0.00118486
16160 0.00118486
16170 0.00118486
16180 0.00118486
16190 0.00118486
16200 0.00118486
16210 0.00118486
16220 0.00118486
16230 0.00118486
16240 0.00118486
16250 0.00118486
16260 0.00118486
16270 0.00118486
16280 0.00118486
16290 0.00118486
16300 0.00118486
16310 0.00118486
16320 0.00118486
16330 0.00118486
16340 0.00118486
16350 0.00118486
16360 0.00118486
16370 0.00118486
16380 0.00118486
16390 0.00118486
16400 0.00118486
16410 0.00118486
16420 0.00118486
16430 0.00118486
16440 0.00118486
16450 0.00118486
16460 0.00118486
16470 0.00118486
16480 0.00118486
16490 0.00118486
16500 0.00118486
16510 0.00118486
16520 0.00118486
16530 0.00118486
16540 0.00118486
16550 0.00118486
16560 0.00118486
16570 0.00118486
16580 0.00118486
16590 0.00118486
16600 0.00118486
16610 0.00118486
16620 0.00118486
16630 0.00118486
16640 0.00118486
16650 0.00118486
16660 0.00118486
16670 0.00118486
16680 0.00118486
16690 0.00118486
16700 0.00118486
16710 0.00118486
16720 0.00118486
16730 0.00118486
16740 0.00118486
16750 0.00118486
16760 0.00118486
16770 0.00118486
16780 0.00118486
16790 0.00118486
16800 0.00118486
16810 0.00118486
16820 0.00118486
16830 0.00118486
16840 0.00118486
16850 0.00118486
16860 0.00118486
16870 0.00118486
16880 0.00118486
16890 0.00118486
16900 0.00118486
16910 0.00118486
16920 0.00118486
16930 0.00118486
16940 0.00118486
16950 0.00118486
16960 0.00118486
16970 0.00118486
16980 0.00118486
16990 0.00118486
17000 0.00118486
17010 0.00118486
17020 0.00118486
17030 0.00118486
17040 0.00118486
17050 0.00118486
17060 0.00118486
17070 0.00118486
17080 0.00118486
17090 0.00118486
17100 0.00118486
17110 0.00118486
17120 0.00118486
17130 0.00118486
17140 0.00118486
17150 0.00118486
17160 0.00118486
17170 0.00118486
17180 0.00118486
17190 0.00118486
17200 0.00118486
17210 0.00118486
17220 0.00118486
17230 0.00118486
17240 0.00118486
17250 0.00118486
17260 0.00118486
17270 0.00118486
17280 0.00118486
17290 0.00118486
17300 0.00118486
17310 0.00118486
17320 0.00118486
17330 0.00118486
17340 0.00118486
17350 0.00118486
17360 0.00118486
17370 0.00118486
17380 0.00118486
17390 0.00118486
17400 0.00118486
17410 0.00118486
17420 0.00118486
17430 0.00118486
17440 0.00118486
17450 0.00118486
17460 0.00118486
17470 0.00118486
17480 0.00118486
17490 0.00118486
17500 0.00118486
17510 0.00118486
17520 0.00118486
17530 0.00118486
17540 0.00118486
17550 0.00118486
17560 0.00118486
17570 0.00118486
17580 0.00118486
17590 0.00118486
17600 0.00118486
17610 0.00118486
17620 0.00118486
17630 0.00118486
17640 0.00118486
17650 0.00118486
17660 0.00118486
17670 0.00118486
17680 0.00118486
17690 0.00118486
17700 0.00118486
17710 0.00118486
17720 0.00118486
17730 0.00118486
17740 0.00118486
17750 0.00118486
17760 0.00118486
17770 0.00118486
17780 0.00118486
17790 0.00118486
17800 0.00118486
17810 0.00118486
17820 0.00118486
17830 0.00118486
17840 0.00118486
17850 0.00118486
17860 0.00118486
17870 0.00118486
17880 0.00118486
17890 0.00118486
17900 0.00118486
17910 0.00118486
17920 0.00118486
17930 0.00118486
17940 0.00118486
17950 0.00118486
17960 0.00118486
17970 0.00118486
17980 0.00118486
17990 0.00118486
18000 0.00118486
18010 0.00118486
18020 0.00118486
18030 0.00118486
18040 0.00118486
18050 0.00118486
18060 0.00118486
18070 0.00118486
18080 0.00118486
18090 0.00118486
18100 0.00118486
18110 0.00118486
18120 0.00118486
18130 0.00118486
18140 0.00118486
18150 0.00118486
18160 0.00118486
18170 0.00118486
18180 0.00118486
18190 0.00118486
18200 0.00118486
18210 0.00118486
18220 0.00118486
18230 0.00118486
18240 0.00118486
18250 0.00118486
18260 0.00118486
18270 0.00118486
18280 0.00118486
18290 0.00118486
18300 0.00118486
18310 0.00118486
18320 0.00118486
18330 0.00118486
18340 0.00118486
18350 0.00118486
18360 0.00118486
18370 0.00118486
18380 0.00118486
18390 0.00118486
18400 0.00118486
18410 0.00118486
18420 0.00118486
18430 0.00118486
18440 0.00118486
18450 0.00118486
18460 0.00118486
18470 0.00118486
18480 0.00118486
18490 0.00118486
18500 0.00118486
18510 0.00118486
18520 0.00118486
18530 0.00118486
18540 0.00118486
18550 0.00118486
18560 0.00118486
18570 0.00118486
18580 0.00118486
18590 0.00118486
18600 0.00118486
18610 0.00118486
18620 0.00118486
18630 0.00118486
18640 0.00118486
18650 0.00118486
18660 0.00118486
18670 0.00118486
18680 0.00118486
18690 0.00118486
18700 0.00118486
18710 0.00118486
18720 0.00118486
18730 0.00118486
18740 0.00118486
18750 0.00118486
18760 0.00118486
18770 0.00118486
18780 0.00118486
18790 0.00118486
18800 0.00118486
18810 0.00118486
18820 0.00118486
18830 0.00118486
18840 0.00118486
18850 0.00118486
18860 0.00118486
18870 0.00118486
18880 0.00118486
18890 0.00118486
18900 0.00118486
18910 0.00118486
18920 0.00118486
18930 0.00118486
18940 0.00118486
18950 0.00118486
18960 0.00118486
18970 0.00118486
18980 0.00118486
18990 0.00118486
19000 0.00118486
19010 0.00118486
19020 0.00118486
19030 0.00118486
19040 0.00118486
19050 0.00118486
19060 0.00118486
19070 0.00118486
19080 0.00118486
19090 0.00118486
19100 0.00118486
19110 0.00118486
19120 0.00118486
19130 0.00118486
19140 0.00118486
19150 0.00118486
19160 0.00118486
19170 0.00118486
19180 0.00118486
19190 0.00118486
19200 0.00118486
19210 0.00118486
19220 0.00118486
19230 0.00118486
19240 0.00118486
19250 0.00118486
19260 0.00118486
19270 0.00118486
19280 0.00118486
19290 0.00118486
19300 0.00118486
19310 0.00118486
19320 0.00118486
19330 0.00118486
19340 0.00118486
19350 0.00118486
19360 0.00118486
19370 0.00118486
19380 0.00118486
19390 0.00118486
19400 0.00118486
19410 0.00118486
19420 0.00118486
19430 0.00118486
19440 0.00118486
19450 0.00118486
19460 0.00118486
19470 0.00118486
19480 0.00118486
19490 0.00118486
19500 0.00118486
19510 0.00118486
19520 0.00118486
19530 0.00118486
19540 0.00118486
19550 0.00118486
19560 0.00118486
19570 0.00118486
19580 0.00118486
19590 0.00118486
19600 0.00118486
19610 0.00118486
19620 0.00118486
19630 0.00118486
19640 0.00118486
19650 0.00118486
19660 0.00118486
19670 0.00118486
19680 0.00118486
19690 0.00118486
19700 0.00118486
19710 0.00118486
19720 0.00118486
19730 0.00118486
19740 0.00118486
19750 0.00118486
19760 0.00118486
19770 0.00118486
19780 0.00118486
19790 0.00118486
19800 0.00118486
19810 0.00118486
19820 0.00118486
19830 0.00118486
19840 0.00118486
19850 0.00118486
19860 0.00118486
19870 0.00118486
19880 0.00118486
19890 0.00118486
19900 0.00118486
19910 0.00118486
19920 0.00118486
19930 0.00118486
19940 0.00118486
19950 0.00118486
19960 0.00118486
19970 0.00118486
19980 0.00118486
19990 0.00118486
20000 0.00118486
20010 0.00118486
20020 0.00118486
20030 0.00118486
20040 0.00118486
20050 0.00118486
20060 0.00118486
20070 0.00118486
20080 0.00118486
20090 0.00118486
20100 0.00118486
20110 0.00118486
20120 0.00118486
20130 0.00118486
20140 0.00118486
20150 0.00118486
20160 0.00118486
20170 0.00118486
20180 0.00118486
20190 0.00118486
20200 0.00118486
20210 0.00118486
20220 0.00118486
20230 0.00118486
20240 0.00118486
20250 0.00118486
20260 0.00118486
20270 0.00118486
20280 0.00118486
20290 0.00118486
20300 0.00118486
20310 0.00118486
20320 0.00118486
20330 0.00118486
20340 0.00118486
20350 0.00118486
20360 0.00118486
20370 0.00118486
20380 0.00118486
20390 0.00118486
20400 0.00118486
20410 0.00118486
20420 0.00118486
20430 0.00118486
20440 0.00118486
20450 0.00118486
20460 0.00118486
20470 0.00118486
20480 0.00118486
20490 0.00118486
20500 0.00118486
20510 0.00118486
20520 0.00118486
20530 0.00118486
20540 0.00118486
20550 0.00118486
20560 0.00118486
20570 0.00118486
20580 0.00118486
20590 0.00118486
20600 0.00118486
20610 0.00118486
20620 0.00118486
20630 0.00118486
20640 0.00118486
20650 0.00118486
20660 0.00118486
20670 0.00118486
20680 0.00118486
20690 0.00118486
20700 0.00118486
20710 0.00118486
20720 0.00118486
20730 0.00118486
20740 0.00118486
20750 0.00118486
20760 0.00118486
20770 0.00118486
20780 0.00118486
20790 0.00118486
20800 0.00118486
20810 0.00118486
20820 0.00118486
20830 0.00118486
20840 0.00118486
20850 0.00118486
20860 0.00118486
20870 0.00118486
20880 0.00118486
20890 0.00118486
20900 0.00118486
20910 0.00118486
20920 0.00118486
20930 0.00118486
20940 0.00118486
20950 0.00118486
20960 0.00118486
20970 0.00118486
20980 0.00118486
20990 0.00118486
21000 0.00118486
21010 0.00118486
21020 0.00118486
21030 0.00118486
21040 0.00118486
21050 0.00118486
21060 0.00118486
21070 0.00118486
21080 0.00118486
21090 0.00118486
21100 0.00118486
21110 0.00118486
21120 0.00118486
21130 0.00118486
21140 0.00118486
21150 0.00118486
21160 0.00118486
21170 0.00118486
21180 0.00118486
21190 0.00118486
21200 0.00118486
21210 0.00118486
21220 0.00118486
21230 0.00118486
21240 0.00118486
21250 0.00118486
21260 0.00118486
21270 0.00118486
21280 0.00118486
21290 0.00118486
21300 0.00118486
21310 0.00118486
21320 0.00118486
21330 0.00118486
21340 0.00118486
21350 0.00118486
21360 0.00118486
21370 0.00118486
21380 0.00118486
21390 0.00118486
21400 0.00118486
21410 0.00118486
21420 0.00118486
21430 0.00118486
21440 0.00118486
21450 0.00118486
21460 0.00118486
21470 0.00118486
21480 0.00118486
21490 0.00118486
21500 0.00118486
21510 0.00118486
21520 0.00118486
21530 0.00118486
21540 0.00118486
21550 0.00118486
21560 0.00118486
21570 0.00118486
21580 0.00118486
21590 0.00118486
21600 0.00118486
21610 0.00118486
21620 0.00118486
21630 0.00118486
21640 0.00118486
21650 0.00118486
21660 0.00118486
21670 0.00118486
21680 0.00118486
21690 0.00118486
21700 0.00118486
21710 0.00118486
21720 0.00118486
21730 0.00118486
21740 0.00118486
21750 0.00118486
21760 0.00118486
21770 0.00118486
21780 0.00118486
21790 0.00118486
21800 0.00118486
21810 0.00118486
21820 0.00118486
21830 0.00118486
21840 0.00118486
21850 0.00118486
21860 0.00118486
21870 0.00118486
21880 0.00118486
21890 0.00118486
21900 0.00118486
21910 0.00118486
21920 0.00118486
21930 0.00118486
21940 0.00118486
21950 0.00118486
21960 0.00118486
21970 0.00118486
21980 0.00118486
21990 0.00118486
22000 0.00118486
22010 0.00118486
22020 0.00118486
22030 0.00118486
22040 0.00118486
22050 0.00118486
22060 0.00118486
22070 0.00118486
22080 0.00118486
22090 0.00118486
22100 0.00118486
22110 0.00118486
22120 0.00118486
22130 0.00118486
22140 0.00118486
22150 0.00118486
22160 0.00118486
22170 0.00118486
22180 0.00118486
22190 0.00118486
22200 0.00118486
22210 0.00118486
22220 0.00118486
22230 0.00118486
22240 0.00118486
22250 0.00118486
22260 0.00118486
22270 0.00118486
22280 0.00118486
22290 0.00118486
22300 0.00118486
22310 0.00118486
22320 0.00118486
22330 0.00118486
22340 0.00118486
22350 0.00118486
22360 0.00118486
22370 0.00118486
22380 0.00118486
22390 0.00118486
22400 0.00118486
22410 0.00118486
22420 0.00118486
22430 0.00118486
22440 0.00118486
22450 0.00118486
22460 0.00118486
22470 0.00118486
22480 0.00118486
22490 0.00118486
22500 0.00118486
22510 0.00118486
22520 0.00118486
22530 0.00118486
22540 0.00118486
22550 0.00118486
22560 0.00118486
22570 0.00118486
22580 0.00118486
22590 0.00118486
22600 0.00118486
22610 0.00118486
22620 0.00118486
22630 0.00118486
22640 0.00118486
22650 0.00118486
22660 0.00118486
22670 0.00118486
22680 0.00118486
22690 0.00118486
22700 0.00118486
22710 0.00118486
22720 0.00118486
22730 0.00118486
22740 0.00118486
22750 0.00118486
22760 0.00118486
22770 0.00118486
22780 0.00118486
22790 0.00118486
22800 0.00118486
22810 0.00118486
22820 0.00118486
22830 0.00118486
22840 0.00118486
22850 0.00118486
22860 0.00118486
22870 0.00118486
22880 0.00118486
22890 0.00118486
22900 0.00118486
22910 0.00118486
22920 0.00118486
22930 0.00118486
22940 0.00118486
22950 0.00118486
22960 0.00118486
22970 0.00118486
22980 0.00118486
22990 0.00118486
23000 0.00118486
23010 0.00118486
23020 0.00118486
23030 0.00118486
23040 0.00118486
23050 0.00118486
23060 0.00118486
23070 0.00118486
23080 0.00118486
23090 0.00118486
23100 0.00118486
23110 0.00118486
23120 0.00118486
23130 0.00118486
23140 0.00118486
23150 0.00118486
23160 0.00118486
23170 0.00118486
23180 0.00118486
23190 0.00118486
23200 0.00118486
23210 0.00118486
23220 0.00118486
23230 0.00118486
23240 0.00118486
23250 0.00118486
23260 0.00118486
23270 0.00118486
23280 0.00118486
23290 0.00118486
23300 0.00118486
23310 0.00118486
23320 0.00118486
23330 0.00118486
23340 0.00118486
23350 0.00118486
23360 0.00118486
23370 0.00118486
23380 0.00118486
23390 0.00118486
23400 0.00118486
23410 0.00118486
23420 0.00118486
23430 0.00118486
23440 0.00118486
23450 0.00118486
23460 0.00118486
23470 0.00118486
23480 0.00118486
23490 0.00118486
23500 0.00118486
23510 0.00118486
23520 0.00118486
23530 0.00118486
23540 0.00118486
23550 0.00118486
23560 0.00118486
23570 0.00118486
23580 0.00118486
23590 0.00118486
23600 0.00118486
23610 0.00118486
23620 0.00118486
23630 0.00118486
23640 0.00118486
23650 0.00118486
23660 0.00118486
23670 0.00118486
23680 0.00118486
23690 0.00118486
23700 0.00118486
23710 0.00118486
23720 0.00118486
23730 0.00118486
23740 0.00118486
23750 0.00118486
23760 0.00118486
23770 0.00118486
23780 0.00118486
23790 0.00118486
23800 0.00118486
23810 0.00118486
23820 0.00118486
23830 0.00118486
23840 0.00118486
23850 0.00118486
23860 0.00118486
23870 0.00118486
23880 0.00118486
23890 0.00118486
23900 0.00118486
23910 0.00118486
23920 0.00118486
23930 0.00118486
23940 0.00118486
23950 0.00118486
23960 0.00118486
23970 0.00118486
23980 0.00118486
23990 0.00118486
24000 0.00118486
24010 0.00118486
24020 0.00118486
24030 0.00118486
24040 0.00118486
24050 0.00118486
24060 0.00118486
24070 0.00118486
24080 0.00118486
24090 0.00118486
24100 0.00118486
24110 0.00118486
24120 0.00118486
24130 0.00118486
24140 0.00118486
24150 0.00118486
24160 0.00118486
24170 0.00118486
24180 0.00118486
24190 0.00118486
24200 0.00118486
24210 0.00118486
24220 0.00118486
24230 0.00118486
24240 0.00118486
24250 0.00118486
24260 0.00118486
24270 0.00118486
24280 0.00118486
24290 0.00118486
24300 0.00118486
24310 0.00118486
24320 0.00118486
24330 0.00118486
24340 0.00118486
24350 0.00118486
24360 0.00118486
24370 0.00118486
24380 0.00118486
24390 0.00118486
24400 0.00118486
24410 0.00118486
24420 0.00118486
24430 0.00118486
24440 0.00118486
24450 0.00118486
24460 0.00118486
24470 0.00118486
24480 0.00118486
24490 0.00118486
24500 0.00118486
24510 0.00118486
24520 0.00118486
24530 0.00118486
24540 0.00118486
24550 0.00118486
24560 0.00118486
24570 0.00118486
24580 0.00118486
24590 0.00118486
24600 0.00118486
24610 0.00118486
24620 0.00118486
24630 0.00118486
24640 0.00118486
24650 0.00118486
24660 0.00118486
24670 0.00118486
24680 0.00118486
24690 0.00118486
24700 0.00118486
24710 0.00118486
24720 0.00118486
24730 0.00118486
24740 0.00118486
24750 0.00118486
24760 0.00118486
24770 0.00118486
24780 0.00118486
24790 0.00118486
24800 0.00118486
24810 0.00118486
24820 0.00118486
24830 0.00118486
24840 0.00118486
24850 0.00118486
24860 0.00118486
24870 0.00118486
24880 0.00118486
24890 0.00118486
24900 0.00118486
24910 0.00118486
24920 0.00118486
24930 0.00118486
24940 0.00118486
24950 0.00118486
24960 0.00118486
24970 0.00118486
24980 0.00118486
24990 0.00118486
25000 0.00118486
-END-OF-DATA-
