-START-OF-DATA-
1759.5 0.00046565
1769.5 0.00046565
1779.5 0.00046565
1789.5 0.00046565
1799.5 0.00046565
1809.5 0.00046565
1819.5 0.00046565
1829.5 0.00046565
1839.5 0.00046565
1849.5 0.00046565
1859.5 0.00046565
1869.5 0.00046565
1879.5 0.00046565
1889.5 0.00046565
1899.5 0.00046565
1909.5 0.00046565
1919.5 0.00046565
1929.5 0.00046565
1939.5 0.00046565
1949.5 0.000496
2049.5 0.000506
2149.5 0.000523
2249.5 0.000546
2349.5 0.000575
2449.5 0.000606
2549.5 0.000647
2649.5 7e-04
2749.5 0.000769
2849.5 0.000856
2949.5 0.000965
3049.5 0.001097
3149.5 0.001255
3249.5 0.001437
3349.5 0.001645
3449.5 0.001876
3549.5 0.002094
3649.5 0.002328
3749.5 0.002563
3849.5 0.002764
3949.5 0.002948
4049.5 0.003099
4149.5 0.003233
4249.5 0.003333
4349.5 0.0034
4449.5 0.003467
4549.5 0.003501
4649.5 0.003534
4749.5 0.003551
4849.5 0.003568
4949.5 0.003568
5049.5 0.003568
5149.5 0.003551
5249.5 0.003551
5349.5 0.003534
5449.5 0.003517
5549.5 0.003517
5649.5 0.003501
5749.5 0.003484
5849.5 0.003467
5949.5 0.00345
6049.5 0.003434
6149.5 0.003417
6249.5 0.0034
6349.5 0.003384
6449.5 0.003367
6549.5 0.003367
6649.5 0.00335
6749.5 0.003333
6849.5 0.003316
6949.5 0.0033
7049.5 0.003283
7149.5 0.003283
7249.5 0.003266
7349.5 0.00325
7449.5 0.003233
7549.5 0.003216
7649.5 0.003216
7749.5 0.003199
7849.5 0.003182
7949.5 0.003182
8049.5 0.003166
8149.5 0.003149
8249.5 0.003132
8349.5 0.003132
8449.5 0.003116
8549.5 0.003099
8649.5 0.003099
8749.5 0.003082
8849.5 0.003065
8949.5 0.003065
9049.5 0.003048
9149.5 0.003032
9249.5 0.003032
9349.5 0.003015
9449.5 0.002998
9549.5 0.002998
9649.5 0.002981
9749.5 0.002981
9849.5 0.002965
9949.5 0.002948
10049.5 0.002948
10149.5 0.002931
10249.5 0.002931
10349.5 0.002914
10449.5 0.002898
10549.5 0.002898
10649.5 0.002881
10749.5 0.002881
10849.5 0.002864
10949.5 0.002864
11049.5 0.002847
11149.5 0.002831
11249.5 0.002831
11349.5 0.002814
11449.5 0.002814
11549.5 0.002797
11649.5 0.002797
11749.5 0.00278
11849.5 0.00278
11949.5 0.002764
12049.5 0.002764
12149.5 0.002747
12249.5 0.002747
12349.5 0.00273
12449.5 0.00273
12549.5 0.002713
12649.5 0.002713
12749.5 0.002697
12849.5 0.002697
12949.5 0.00268
13049.5 0.00268
13149.5 0.002663
13249.5 0.002663
13349.5 0.002646
13449.5 0.002646
13549.5 0.00263
13649.5 0.00263
13749.5 0.00263
13849.5 0.002613
13949.5 0.002613
14049.5 0.002596
14149.5 0.002596
14249.5 0.002579
14349.5 0.002579
14449.5 0.002563
14549.5 0.002563
14649.5 0.002563
14749.5 0.002546
14849.5 0.002546
14949.5 0.002529
15049.5 0.002529
15149.5 0.002512
15249.5 0.002512
15349.5 0.002512
15449.5 0.002496
15549.5 0.002496
15649.5 0.002479
15749.5 0.002479
15849.5 0.002479
15949.5 0.002462
16049.5 0.002462
16149.5 0.002445
16249.5 0.002445
16349.5 0.002445
16449.5 0.002429
16549.5 0.002429
16649.5 0.002429
16749.5 0.002412
16849.5 0.002412
16949.5 0.002395
17049.5 0.002395
17149.5 0.002395
17249.5 0.002378
17349.5 0.002378
17449.5 0.002378
17549.5 0.002362
17649.5 0.002362
17749.5 0.002345
17849.5 0.002345
17949.5 0.002345
18049.5 0.002328
18149.5 0.002328
18249.5 0.002328
18349.5 0.002311
18449.5 0.002311
18549.5 0.002311
18649.5 0.002295
18749.5 0.002295
18849.5 0.002295
18949.5 0.002278
19049.5 0.002278
19149.5 0.002278
19249.5 0.002261
19349.5 0.002261
19449.5 0.002261
19549.5 0.002244
19649.5 0.002244
19749.5 0.002244
19849.5 0.002228
19949.5 0.002228
20049.5 0.002228
20149.5 0.002228
20249.5 0.002211
20349.5 0.002211
20449.5 0.002211
20549.5 0.002194
20649.5 0.002194
20749.5 0.002194
20849.5 0.002177
20949.5 0.002177
21049.5 0.002177
21149.5 0.002177
21249.5 0.002161
21349.5 0.002161
21449.5 0.002161
21549.5 0.002144
21649.5 0.002144
21749.5 0.002144
21849.5 0.002144
21949.5 0.002127
22049.5 0.002127
22149.5 0.002127
22249.5 0.002127
22349.5 0.00211
22449.5 0.00211
22549.5 0.00211
22649.5 0.002094
22749.5 0.002094
22849.5 0.002094
22949.5 0.002094
23049.5 0.002077
23149.5 0.002077
23249.5 0.002077
23349.5 0.002077
23449.5 0.00206
23549.5 0.00206
23649.5 0.00206
23749.5 0.00206
23849.5 0.002043
23949.5 0.002043
24049.5 0.002043
24149.5 0.002043
24249.5 0.002043
24349.5 0.002027
24449.5 0.002027
24549.5 0.002027
24649.5 0.002027
24749.5 0.00201
24849.5 0.00201
24949.5 0.00201
25049.5 0.00201
25149.5 0.001993
25249.5 0.001993
25349.5 0.001993
25449.5 0.001993
25549.5 0.001993
25649.5 0.001976
25749.5 0.001976
25849.5 0.001976
25949.5 0.001976
26049.5 0.001976
26149.5 0.00196
26249.5 0.00196
26349.5 0.00196
26449.5 0.00196
26549.5 0.00196
26649.5 0.001943
26749.5 0.001943
26849.5 0.001943
26949.5 0.001943
27049.5 0.001943
27149.5 0.001926
27249.5 0.001926
27349.5 0.001926
27449.5 0.001926
27549.5 0.001926
27649.5 0.001909
27749.5 0.001909
27849.5 0.001909
27949.5 0.001909
28049.5 0.001909
28149.5 0.001909
28249.5 0.001893
28349.5 0.001893
28449.5 0.001893
28549.5 0.001893
28649.5 0.001893
28749.5 0.001876
28849.5 0.001876
28949.5 0.001876
29049.5 0.001876
29149.5 0.001876
29249.5 0.001876
29349.5 0.001859
29449.5 0.001859
29549.5 0.001859
29649.5 0.001859
29749.5 0.001859
29849.5 0.001859
29949.5 0.001859
30049.5 0.001843
30149.5 0.001843
30249.5 0.001843
30349.5 0.001843
30449.5 0.001843
30549.5 0.001843
30649.5 0.001826
30749.5 0.001826
30849.5 0.001826
30949.5 0.001826
31049.5 0.001826
31149.5 0.001826
31249.5 0.001826
31349.5 0.001809
31449.5 0.001809
31549.5 0.001809
31649.5 0.001809
31749.5 0.001809
31849.5 0.001809
31949.5 0.001809
32049.5 0.001792
32149.5 0.001792
32249.5 0.001792
32349.5 0.001792
32449.5 0.001792
32549.5 0.001792
32649.5 0.001792
32749.5 0.001792
32849.5 0.001775
32949.5 0.001775
33049.5 0.001775
33149.5 0.001775
33249.5 0.001775
33349.5 0.001775
33449.5 0.001775
33549.5 0.001775
33649.5 0.001759
33749.5 0.001759
33849.5 0.001759
33949.5 0.001759
34049.5 0.001759
34149.5 0.001759
34249.5 0.001759
34349.5 0.001759
34449.5 0.001742
34549.5 0.001742
34649.5 0.001742
34749.5 0.001742
34849.5 0.001742
34949.5 0.001742
35049.5 0.001742
35149.5 0.001742
35249.5 0.001742
35349.5 0.001725
35449.5 0.001725
35549.5 0.001725
35649.5 0.001725
35749.5 0.001725
35849.5 0.001725
35949.5 0.001725
36049.5 0.001725
36149.5 0.001725
36249.5 0.001709
36349.5 0.001709
36449.5 0.001709
36549.5 0.001709
36649.5 0.001709
36749.5 0.001709
36849.5 0.001709
36949.5 0.001709
37049.5 0.001709
37149.5 0.001709
37249.5 0.001692
37349.5 0.001692
37449.5 0.001692
37549.5 0.001692
37649.5 0.001692
37749.5 0.001692
37849.5 0.001692
37949.5 0.001692
38049.5 0.001692
38149.5 0.001692
38249.5 0.001675
38349.5 0.001675
38449.5 0.001675
38549.5 0.001675
38649.5 0.001675
38749.5 0.001675
38849.5 0.001673
38949.5 0.001672
39049.5 0.00167
39149.5 0.001668
39249.5 0.001668
39349.5 0.001667
39449.5 0.001665
39549.5 0.001663
39649.5 0.001662
39749.5 0.00166
39849.5 0.001658
39949.5 0.001657
40049.5 0.001657
40149.5 0.001655
40249.5 0.001653
40349.5 0.001652
40449.5 0.00165
40549.5 0.001648
40649.5 0.001648
40749.5 0.001647
40849.5 0.001645
40949.5 0.001643
41049.5 0.001641
41149.5 0.001641
41249.5 0.00164
41349.5 0.001638
41449.5 0.001636
41549.5 0.001636
41649.5 0.001635
41749.5 0.001633
41849.5 0.001631
41949.5 0.00163
42049.5 0.00163
42149.5 0.001628
42249.5 0.001626
42349.5 0.001625
42449.5 0.001625
42549.5 0.001623
42649.5 0.001621
42749.5 0.001621
42849.5 0.00162
42949.5 0.001618
43049.5 0.001616
43149.5 0.001616
43249.5 0.001615
43349.5 0.001613
43449.5 0.001613
43549.5 0.001611
43649.5 0.00161
43749.5 0.00161
43849.5 0.001608
43949.5 0.001606
44049.5 0.001606
44149.5 0.001605
44249.5 0.001603
44349.5 0.001603
44449.5 0.001601
44549.5 0.0016
44649.5 0.0016
44749.5 0.001598
44849.5 0.001596
44949.5 0.001596
45049.5 0.001595
45149.5 0.001593
45249.5 0.001593
45349.5 0.001591
45449.5 0.001591
45549.5 0.00159
45649.5 0.001588
45749.5 0.001588
45849.5 0.001586
45949.5 0.001585
46049.5 0.001585
46149.5 0.001583
46249.5 0.001583
46349.5 0.001581
46449.5 0.001581
46549.5 0.00158
46649.5 0.001578
46749.5 0.001578
46849.5 0.001576
46949.5 0.001576
47049.5 0.001574
47149.5 0.001573
47249.5 0.001573
47349.5 0.001571
47449.5 0.001571
47549.5 0.001569
47649.5 0.001569
47749.5 0.001568
47849.5 0.001566
47949.5 0.001566
48049.5 0.001564
48149.5 0.001564
48249.5 0.001563
48349.5 0.001563
48449.5 0.001561
48549.5 0.001561
48649.5 0.001559
48749.5 0.001559
48849.5 0.001558
48949.5 0.001556
49049.5 0.001556
49149.5 0.001554
49249.5 0.001554
49349.5 0.001553
49449.5 0.001553
49549.5 0.001551
49649.5 0.001551
49749.5 0.001549
49849.5 0.001549
49949.5 0.001548
50049.5 0.001548
50149.5 0.001546
50249.5 0.001546
50349.5 0.001544
50449.5 0.001544
50549.5 0.001543
50649.5 0.001541
50749.5 0.001541
50849.5 0.001539
50949.5 0.001539
51049.5 0.001538
51149.5 0.001538
51249.5 0.001536
51349.5 0.001536
51449.5 0.001534
51549.5 0.001534
51649.5 0.001533
51749.5 0.001533
51849.5 0.001531
51949.5 0.001531
52049.5 0.001529
52149.5 0.001529
52249.5 0.001528
52349.5 0.001528
52449.5 0.001526
52549.5 0.001526
52649.5 0.001524
52749.5 0.001524
52849.5 0.001523
52949.5 0.001523
53049.5 0.001521
53149.5 0.001521
53249.5 0.001519
53349.5 0.001519
53449.5 0.001518
53549.5 0.001518
53649.5 0.001516
53749.5 0.001516
53849.5 0.001514
53949.5 0.001514
54049.5 0.001513
54149.5 0.001513
54249.5 0.001511
54349.5 0.001511
54449.5 0.001509
54549.5 0.001509
54649.5 0.001507
54749.5 0.001507
54849.5 0.001507
54949.5 0.001506
55049.5 0.001506
55149.5 0.001504
55249.5 0.001504
55349.5 0.001502
55449.5 0.001502
55549.5 0.001501
55649.5 0.001501
55749.5 0.001499
55849.5 0.001499
55949.5 0.001497
56049.5 0.001497
56149.5 0.001496
56249.5 0.001496
56349.5 0.001494
56449.5 0.001494
56549.5 0.001492
56649.5 0.001492
56749.5 0.001491
56849.5 0.001491
56949.5 0.001491
57049.5 0.001489
57149.5 0.001489
57249.5 0.001487
57349.5 0.001487
57449.5 0.001486
57549.5 0.001486
57649.5 0.001484
57749.5 0.001484
57849.5 0.001482
57949.5 0.001482
58049.5 0.001481
58149.5 0.001481
58249.5 0.001479
58349.5 0.001479
58449.5 0.001479
58549.5 0.001477
58649.5 0.001477
58749.5 0.001476
58849.5 0.001476
58949.5 0.001474
59049.5 0.001474
59149.5 0.001472
59249.5 0.001472
59349.5 0.001471
59449.5 0.001471
59549.5 0.001471
59649.5 0.001469
59749.5 0.001469
59849.5 0.001467
59949.5 0.001467
60049.5 0.001466
60149.5 0.001466
60249.5 0.001464
60349.5 0.001464
60449.5 0.001462
60549.5 0.001462
60649.5 0.001462
60749.5 0.001461
60849.5 0.001461
60949.5 0.001459
61049.5 0.001459
61149.5 0.001457
61249.5 0.001457
61349.5 0.001456
61449.5 0.001456
61549.5 0.001456
61649.5 0.001454
61749.5 0.001454
61849.5 0.001452
61949.5 0.001452
62049.5 0.001451
62149.5 0.001451
62249.5 0.001449
62349.5 0.001449
62449.5 0.001449
62549.5 0.001447
62649.5 0.001447
62749.5 0.001446
62849.5 0.001446
62949.5 0.001444
63049.5 0.001444
63149.5 0.001444
63249.5 0.001442
63349.5 0.001442
63449.5 0.00144
63549.5 0.00144
63649.5 0.001439
63749.5 0.001439
63849.5 0.001439
63949.5 0.001437
64049.5 0.001437
64149.5 0.001435
64249.5 0.001435
64349.5 0.001434
64449.5 0.001434
64549.5 0.001434
64649.5 0.001432
64749.5 0.001432
64849.5 0.00143
64949.5 0.00143
65049.5 0.001429
65149.5 0.001429
65249.5 0.001429
65349.5 0.001427
65449.5 0.001427
65549.5 0.001425
65649.5 0.001425
65749.5 0.001424
65849.5 0.001424
65949.5 0.001424
66049.5 0.001422
66149.5 0.001422
66249.5 0.00142
66349.5 0.00142
66449.5 0.001419
66549.5 0.001419
66649.5 0.001419
66749.5 0.001417
66849.5 0.001417
66949.5 0.001415
67049.5 0.001415
67149.5 0.001415
67249.5 0.001414
67349.5 0.001414
67449.5 0.001412
67549.5 0.001412
67649.5 0.001412
67749.5 0.00141
67849.5 0.00141
67949.5 0.001409
68049.5 0.001409
68149.5 0.001407
68249.5 0.001407
68349.5 0.001407
68449.5 0.001405
68549.5 0.001405
68649.5 0.001404
68749.5 0.001404
68849.5 0.001404
68949.5 0.001402
69049.5 0.001402
69149.5 0.0014
69249.5 0.0014
69349.5 0.0014
69449.5 0.001399
69549.5 0.001399
69649.5 0.001397
69749.5 0.001397
69849.5 0.001397
69949.5 0.001395
70049.5 0.001395
70149.5 0.001394
70249.5 0.001394
70349.5 0.001394
70449.5 0.001392
70549.5 0.001392
70649.5 0.001392
70749.5 0.00139
70849.5 0.00139
70949.5 0.001389
71049.5 0.001389
71149.5 0.001389
71249.5 0.001387
71349.5 0.001387
71449.5 0.001385
71549.5 0.001385
71649.5 0.001385
71749.5 0.001384
71849.5 0.001384
71949.5 0.001382
72049.5 0.001382
72149.5 0.001382
72249.5 0.00138
72349.5 0.00138
72449.5 0.00138
72549.5 0.001379
72649.5 0.001379
72749.5 0.001377
72849.5 0.001377
72949.5 0.001377
73049.5 0.001375
73149.5 0.001375
73249.5 0.001373
73349.5 0.001373
73449.5 0.001373
73549.5 0.001372
73649.5 0.001372
73749.5 0.001372
73849.5 0.00137
73949.5 0.00137
74049.5 0.001368
74149.5 0.001368
74249.5 0.001368
74349.5 0.001367
74449.5 0.001367
74549.5 0.001367
74649.5 0.001365
74749.5 0.001365
74849.5 0.001363
74949.5 0.001363
75049.5 0.001363
75149.5 0.001362
75249.5 0.001362
75349.5 0.001362
75449.5 0.00136
75549.5 0.00136
75649.5 0.00136
75749.5 0.001358
75849.5 0.001358
75949.5 0.001357
76049.5 0.001357
76149.5 0.001357
76249.5 0.001355
76349.5 0.001355
76449.5 0.001355
76549.5 0.001353
76649.5 0.001353
76749.5 0.001352
76849.5 0.001352
76949.5 0.001352
77049.5 0.00135
77149.5 0.00135
77249.5 0.00135
77349.5 0.001348
77449.5 0.001348
77549.5 0.001348
77649.5 0.001347
77749.5 0.001347
77849.5 0.001345
77949.5 0.001345
78049.5 0.001345
78149.5 0.001343
78249.5 0.001343
78349.5 0.001343
78449.5 0.001342
78549.5 0.001342
78649.5 0.00134
78749.5 0.00134
78849.5 0.00134
78949.5 0.001338
79049.5 0.001338
79149.5 0.001337
79249.5 0.001337
79349.5 0.001337
79449.5 0.001335
79549.5 0.001335
79649.5 0.001333
79749.5 0.001333
79849.5 0.001333
79949.5 0.001332
80049.5 0.001332
80149.5 0.001332
80249.5 0.00133
80349.5 0.00133
80449.5 0.001328
80549.5 0.001328
80649.5 0.001328
80749.5 0.001327
80849.5 0.001327
80949.5 0.001327
81049.5 0.001325
81149.5 0.001325
81249.5 0.001323
81349.5 0.001323
81449.5 0.001323
81549.5 0.001322
81649.5 0.001322
81749.5 0.001322
81849.5 0.00132
81949.5 0.00132
82049.5 0.00132
82149.5 0.001318
82249.5 0.001318
82349.5 0.001317
82449.5 0.001317
82549.5 0.001317
82649.5 0.001315
82749.5 0.001315
82849.5 0.001315
82949.5 0.001313
83049.5 0.001313
83149.5 0.001313
83249.5 0.001312
83349.5 0.001312
83449.5 0.001312
83549.5 0.00131
83649.5 0.00131
83749.5 0.00131
83849.5 0.001308
83949.5 0.001308
84049.5 0.001308
84149.5 0.001306
84249.5 0.001306
84349.5 0.001306
84449.5 0.001305
84549.5 0.001305
84649.5 0.001305
84749.5 0.001303
84849.5 0.001303
84949.5 0.001303
85049.5 0.001301
85149.5 0.001301
85249.5 0.001301
85349.5 0.0013
85449.5 0.0013
85549.5 0.0013
85649.5 0.001298
85749.5 0.001298
85849.5 0.001298
85949.5 0.001296
86049.5 0.001296
86149.5 0.001296
86249.5 0.001295
86349.5 0.001295
86449.5 0.001295
86549.5 0.001295
86649.5 0.001293
86749.5 0.001293
86849.5 0.001293
86949.5 0.001291
87049.5 0.001291
87149.5 0.001291
87249.5 0.00129
87349.5 0.00129
87449.5 0.00129
87549.5 0.001288
87649.5 0.001288
87749.5 0.001288
87849.5 0.001286
87949.5 0.001286
88049.5 0.001286
88149.5 0.001286
88249.5 0.001285
88349.5 0.001285
88449.5 0.001285
88549.5 0.001283
88649.5 0.001283
88749.5 0.001283
88849.5 0.001283
88949.5 0.001281
89049.5 0.001281
89149.5 0.001281
89249.5 0.00128
89349.5 0.00128
89449.5 0.00128
89549.5 0.001278
89649.5 0.001278
89749.5 0.001278
89849.5 0.001278
89949.5 0.001276
90049.5 0.001276
90149.5 0.001276
90249.5 0.001275
90349.5 0.001275
90449.5 0.001275
90549.5 0.001275
90649.5 0.001273
90749.5 0.001273
90849.5 0.001273
90949.5 0.001271
91049.5 0.001271
91149.5 0.001271
91249.5 0.001271
91349.5 0.00127
91449.5 0.00127
91549.5 0.00127
91649.5 0.001268
91749.5 0.001268
91849.5 0.001268
91949.5 0.001266
92049.5 0.001266
92149.5 0.001266
92249.5 0.001266
92349.5 0.001265
92449.5 0.001265
92549.5 0.001265
92649.5 0.001263
92749.5 0.001263
92849.5 0.001263
92949.5 0.001263
93049.5 0.001261
93149.5 0.001261
93249.5 0.001261
93349.5 0.00126
93449.5 0.00126
93549.5 0.00126
93649.5 0.00126
93749.5 0.001258
93849.5 0.001258
93949.5 0.001258
94049.5 0.001256
94149.5 0.001256
94249.5 0.001256
94349.5 0.001256
94449.5 0.001255
94549.5 0.001255
94649.5 0.001255
94749.5 0.001253
94849.5 0.001253
94949.5 0.001253
95049.5 0.001251
95149.5 0.001251
95249.5 0.001251
95349.5 0.001251
95449.5 0.00125
95549.5 0.00125
95649.5 0.00125
95749.5 0.001248
95849.5 0.001248
95949.5 0.001248
96049.5 0.001246
96149.5 0.001246
96249.5 0.001246
96349.5 0.001246
96449.5 0.001245
96549.5 0.001245
96649.5 0.001245
96749.5 0.001243
96849.5 0.001243
96949.5 0.001243
97049.5 0.001243
97149.5 0.001241
97249.5 0.001241
97349.5 0.001241
97449.5 0.00124
97549.5 0.00124
97649.5 0.00124
97749.5 0.00124
97849.5 0.001238
97949.5 0.001238
98049.5 0.001238
98149.5 0.001236
98249.5 0.001236
98349.5 0.001236
98449.5 0.001236
98549.5 0.001234
98649.5 0.001234
98749.5 0.001234
98849.5 0.001233
98949.5 0.001233
99049.5 0.001233
99149.5 0.001233
99249.5 0.001231
99349.5 0.001231
99449.5 0.001231
99549.5 0.001229
99649.5 0.001229
99749.5 0.001229
99849.5 0.001229
99949.5 0.001228
100049.5 0.001228
100149.5 0.001228
100249.5 0.001228
100349.5 0.001226
100449.5 0.001226
100549.5 0.001226
100649.5 0.001224
100749.5 0.001224
100849.5 0.001224
100949.5 0.001224
101049.5 0.001223
101149.5 0.001223
101249.5 0.001223
101349.5 0.001223
101449.5 0.001221
101549.5 0.001221
101649.5 0.001221
101749.5 0.001221
101849.5 0.001219
101949.5 0.001219
102049.5 0.001219
102149.5 0.001218
102249.5 0.001218
102349.5 0.001218
102449.5 0.001218
102549.5 0.001216
9999982445 0.000466
-END-OF-DATA-
