   3.0827863e-01   3.5494617e-01   4.4356957e-01   5.4217355e-01   6.2761519e-01   7.1098629e-01   7.8662411e-01   8.5574081e-01   9.0444040e-01   9.2915811e-01   9.4293403e-01   9.4327133e-01   9.3741188e-01   9.2872481e-01   9.1494120e-01   9.0702509e-01   8.9849975e-01   8.7737959e-01   8.4943188e-01   8.2255683e-01   7.9746003e-01   7.6564720e-01   7.2546834e-01   6.7865513e-01   6.2500303e-01   5.5644171e-01   4.5279158e-01   3.4086012e-01   2.6368568e-01   2.2645281e-01   2.1239020e-01   2.0591761e-01   2.1925478e-01   2.5026157e-01   2.6985774e-01   2.8265153e-01
   4.4273517e-01   4.4962260e-01   5.7077473e-01   7.5710276e-01   8.9785302e-01   1.0066588e+00   1.0788695e+00   1.0838006e+00   1.0456964e+00   1.0156913e+00   9.7923815e-01   9.5148122e-01   9.3905742e-01   9.2975396e-01   9.0858144e-01   9.0995027e-01   9.3155479e-01   9.5831436e-01   9.9329037e-01   1.0289979e+00   1.0590526e+00   1.0813029e+00   1.0881113e+00   1.0966786e+00   1.1019760e+00   1.1120661e+00   1.1393418e+00   9.5804781e-01   7.3943615e-01   8.1162167e-01   8.9358641e-01   8.4632999e-01   6.9847393e-01   5.7114523e-01   5.0823480e-01   4.7749010e-01
   3.3462769e-01   4.3057382e-01   6.3140994e-01   8.3585489e-01   9.5648307e-01   9.8216766e-01   9.1309720e-01   8.2291293e-01   7.9310620e-01   8.0259252e-01   7.9637039e-01   7.8433567e-01   7.7396899e-01   7.6345140e-01   7.7827895e-01   8.1329232e-01   8.0786264e-01   7.8174591e-01   7.4649000e-01   7.0736510e-01   6.7058569e-01   6.3512504e-01   6.0253233e-01   6.2351334e-01   7.3613513e-01   9.4679433e-01   1.4211239e+00   1.6361525e+00   9.1211343e-01   6.5908849e-01   1.2394433e+00   1.6577375e+00   1.4397879e+00   9.4661969e-01   5.3865111e-01   3.5802010e-01
   1.0648300e+00   1.2253374e+00   1.4864630e+00   1.7225793e+00   1.9036138e+00   2.0963321e+00   2.2983798e+00   2.5342579e+00   2.7889338e+00   2.9892454e+00   3.1249142e+00   3.2502580e+00   3.3319063e+00   3.4072196e+00   3.4714613e+00   3.4970581e+00   3.4965129e+00   3.4312572e+00   3.3419339e+00   3.2572906e+00   3.1596951e+00   3.0145602e+00   2.8752658e+00   2.7702208e+00   2.7026300e+00   2.9060233e+00   0.0000000e+00   0.0000000e+00   7.7639785e-01   3.5763567e-01   7.5148731e-01   1.8730831e+00   2.0270264e+00   1.5653319e+00   1.1932645e+00   1.0483785e+00
   1.9506787e+00   2.4097366e+00   2.9542435e+00   3.4190590e+00   3.7899201e+00   4.1206660e+00   4.4758797e+00   4.8287839e+00   5.1432875e+00   5.3758397e+00   5.5236962e+00   5.6438950e+00   5.7176037e+00   5.7728069e+00   5.7771628e+00   5.7626648e+00   5.7643869e+00   5.7400673e+00   5.7247305e+00   5.7044852e+00   5.6504329e+00   5.5685949e+00   5.4296430e+00   5.2067126e+00   4.9178338e+00   4.6918859e+00   4.9762766e+00   0.0000000e+00   0.0000000e+00   0.0000000e+00   9.6887577e-01   1.6000259e+00   2.2668254e+00   2.0602298e+00   1.9070871e+00   1.8923649e+00
   2.6513897e+00   3.1864800e+00   3.8237703e+00   4.3557239e+00   4.7955618e+00   5.1565294e+00   5.4535529e+00   5.7081771e+00   5.8983250e+00   6.0125339e+00   6.1074672e+00   6.1609325e+00   6.1876657e+00   6.2168918e+00   6.2471056e+00   6.2601002e+00   6.2669349e+00   6.3112288e+00   6.4343794e+00   6.5572238e+00   6.6350656e+00   6.6428102e+00   6.5486321e+00   6.2935724e+00   5.9417112e+00   5.4181929e+00   5.1479178e+00   0.0000000e+00   0.0000000e+00   0.0000000e+00   1.2576462e+00   1.4364455e+00   2.7065499e+00   2.4574844e+00   2.4695582e+00   2.9064739e+00
   3.9183962e+00   4.1527934e+00   4.3908920e+00   4.6375232e+00   4.8718271e+00   4.9920607e+00   5.0140424e+00   4.9997778e+00   4.9400253e+00   4.9046502e+00   4.9368267e+00   4.9604177e+00   4.9574690e+00   4.9707756e+00   4.9959273e+00   5.0623989e+00   5.1491594e+00   5.3115425e+00   5.5554061e+00   5.8033724e+00   6.0624604e+00   6.2103839e+00   6.1578088e+00   5.8301711e+00   5.3874097e+00   4.8076653e+00   4.6551683e+00   0.0000000e+00   0.0000000e+00   0.0000000e+00   0.0000000e+00   2.1530077e+00   3.3099595e+00   0.0000000e+00   0.0000000e+00   4.0573659e+00
   4.1654162e+00   3.8241119e+00   3.4799271e+00   3.3463372e+00   3.2985525e+00   3.1786933e+00   2.9588398e+00   2.6825607e+00   2.4246230e+00   2.2915575e+00   2.2753265e+00   2.2885048e+00   2.2947549e+00   2.2934613e+00   2.3148842e+00   2.4336154e+00   2.6337800e+00   2.9337718e+00   3.2844785e+00   3.6714711e+00   4.0879622e+00   4.3734841e+00   4.3695688e+00   3.8586729e+00   3.0983046e+00   2.6490698e+00   2.9920015e+00   3.7592077e+00   0.0000000e+00   0.0000000e+00   5.1754753e+00   5.3310542e+00   4.5170926e+00   4.6367818e+00   4.4565622e+00   4.3785591e+00
   2.9441831e+00   2.0784619e+00   1.3228877e+00   1.0972568e+00   1.2080903e+00   1.2253534e+00   1.1516874e+00   1.1066592e+00   1.0937692e+00   1.0894845e+00   1.0831283e+00   1.0968301e+00   1.0649917e+00   1.0628368e+00   1.0466921e+00   9.9583787e-01   8.6461949e-01   7.1271360e-01   9.9734390e-01   1.4621559e+00   1.9039314e+00   2.2087972e+00   2.3374262e+00   2.3864338e+00   1.7055280e+00   8.7273413e-01   9.0311313e-01   2.5362389e+00   3.6184461e+00   5.4625517e+00   6.0015225e+00   5.1606061e+00   4.2373095e+00   4.0883627e+00   3.9166870e+00   3.6615040e+00
   8.9326257e-01   1.1691034e+00   1.9370881e+00   2.4904015e+00   2.8183968e+00   2.9911304e+00   3.0660348e+00   3.1218321e+00   3.2059965e+00   3.2503803e+00   3.2888219e+00   3.2918341e+00   3.2850914e+00   3.2711596e+00   3.1569395e+00   2.8929567e+00   2.4354315e+00   1.8566470e+00   1.3895409e+00   1.0252595e+00   7.8145677e-01   1.0597912e+00   2.3962889e+00   3.8309502e+00   3.8814121e+00   3.1522145e+00   2.3497708e+00   1.6788816e+00   2.6323676e+00   3.7613337e+00   0.0000000e+00   1.5312212e+00   2.3614573e+00   2.3240364e+00   1.8388505e+00   1.2007008e+00
   2.2703671e+00   3.3056033e+00   4.1483750e+00   4.6244688e+00   4.8539152e+00   4.8987036e+00   4.8730640e+00   4.8406353e+00   4.8218546e+00   4.8035293e+00   4.8238349e+00   4.7923398e+00   4.7376351e+00   4.6075978e+00   4.3127165e+00   3.8943384e+00   3.4023404e+00   2.9361711e+00   2.6421382e+00   2.5317872e+00   2.6147032e+00   3.0908473e+00   4.5952415e+00   6.6369273e+00   0.0000000e+00   4.5735558e+00   4.7553468e+00   3.7940559e+00   3.1425258e+00   0.0000000e+00   0.0000000e+00   1.4314864e+00   1.0391531e+00   1.0000073e+00   1.0964808e+00   1.3831820e+00
   4.3356943e+00   5.1970763e+00   5.8513274e+00   6.1465921e+00   6.2103362e+00   6.0668893e+00   5.8851247e+00   5.7136517e+00   5.5527201e+00   5.4494476e+00   5.3697519e+00   5.1812510e+00   4.9384799e+00   4.6259379e+00   4.2144341e+00   3.8484471e+00   3.5699773e+00   3.4675217e+00   3.5540047e+00   3.8343332e+00   4.3255043e+00   5.1060691e+00   6.6203456e+00   7.1044995e+00   0.0000000e+00   0.0000000e+00   4.6636830e+00   5.2839536e+00   8.6665183e+00   0.0000000e+00   0.0000000e+00   2.6533283e+00   2.5647366e+00   2.8257661e+00   3.1652834e+00   3.6215620e+00
   5.3361654e+00   6.0169687e+00   6.4683084e+00   6.5458536e+00   6.3898478e+00   6.0346141e+00   5.6466537e+00   5.3082728e+00   4.9818583e+00   4.7042470e+00   4.4313416e+00   4.0541081e+00   3.6934159e+00   3.4391389e+00   3.3399363e+00   3.4461908e+00   3.7236404e+00   4.1043015e+00   4.5122414e+00   4.9968748e+00   5.6571269e+00   6.4779167e+00   7.4883842e+00   6.9234327e+00   0.0000000e+00   0.0000000e+00   0.0000000e+00   6.2976811e+00   8.5381889e+00   0.0000000e+00   0.0000000e+00   3.2230810e+00   4.2260551e+00   4.5090871e+00   4.6238918e+00   4.8187256e+00
   5.1970062e+00   5.7944345e+00   6.0951395e+00   5.9538956e+00   5.5053082e+00   4.8404918e+00   4.2171960e+00   3.7531197e+00   3.3174684e+00   2.9531949e+00   2.6722267e+00   2.4691355e+00   2.4272876e+00   2.5937440e+00   3.0108509e+00   3.6062109e+00   4.3428288e+00   5.0489445e+00   5.6046910e+00   6.0851994e+00   6.5776286e+00   7.0749412e+00   7.3781219e+00   6.6041074e+00   0.0000000e+00   0.0000000e+00   0.0000000e+00   6.7291348e+00   6.3083261e+00   0.0000000e+00   0.0000000e+00   3.6163435e+00   4.5639420e+00   4.8667960e+00   4.7969851e+00   4.7766175e+00
   4.1070480e+00   4.5668182e+00   4.5973248e+00   4.0643697e+00   3.1891668e+00   2.3824344e+00   2.0258179e+00   1.9156144e+00   1.9079624e+00   2.0104480e+00   2.1404886e+00   2.3696833e+00   2.6780384e+00   3.0950334e+00   3.6543224e+00   4.3141747e+00   5.1439319e+00   5.9912705e+00   6.5904655e+00   7.0035510e+00   7.2842412e+00   7.2625232e+00   6.7171249e+00   5.0384687e+00   0.0000000e+00   0.0000000e+00   0.0000000e+00   0.0000000e+00   4.1987338e+00   2.2160680e+00   2.5607202e+00   3.4411080e+00   4.1310973e+00   4.3105173e+00   4.0996923e+00   3.8262873e+00
   2.4871707e+00   2.5953491e+00   2.1145661e+00   1.4858062e+00   1.2160789e+00   1.6172035e+00   2.3078303e+00   2.8236179e+00   3.2147179e+00   3.5000975e+00   3.7349281e+00   4.0110722e+00   4.3097687e+00   4.6708932e+00   5.0413127e+00   5.3796878e+00   5.8309627e+00   6.4408722e+00   6.9583960e+00   7.2573729e+00   7.2767601e+00   6.8185263e+00   5.6066208e+00   4.4532731e+00   0.0000000e+00   0.0000000e+00   0.0000000e+00   0.0000000e+00   3.4949830e+00   1.9338455e+00   2.5244566e+00   3.1826684e+00   3.5392432e+00   3.4713600e+00   3.2850840e+00   2.6510031e+00
   9.9266618e-01   1.1997416e+00   7.2337955e-01   8.1234962e-01   1.6115466e+00   2.6591837e+00   3.5860319e+00   4.2587705e+00   4.7180862e+00   5.0339336e+00   5.3154202e+00   5.6187553e+00   5.9124904e+00   6.2362962e+00   6.4765162e+00   6.5491328e+00   6.5496202e+00   6.6233468e+00   6.7875643e+00   6.8919845e+00   6.6882524e+00   5.9644694e+00   4.6459775e+00   4.2377392e+00   0.0000000e+00   0.0000000e+00   0.0000000e+00   0.0000000e+00   3.3178186e+00   2.2266949e+00   1.9344135e+00   2.2493792e+00   2.7833521e+00   2.7383811e+00   2.8510265e+00   2.1226799e+00
   1.1320667e+00   1.1255181e+00   8.0466022e-01   8.6029090e-01   1.8492218e+00   3.1364375e+00   4.2158231e+00   4.9687065e+00   5.4482368e+00   5.7682340e+00   6.0705864e+00   6.3809154e+00   6.6624781e+00   6.9442951e+00   7.0847045e+00   6.9944698e+00   6.7539350e+00   6.4856603e+00   6.3072598e+00   6.1448152e+00   5.7869914e+00   5.1460117e+00   4.3371090e+00   0.0000000e+00   0.0000000e+00   0.0000000e+00   0.0000000e+00   0.0000000e+00   3.0483223e+00   2.1444454e+00   5.8298962e-01   1.2106273e+00   1.7498409e+00   1.8532416e+00   2.8779847e+00   2.6810176e+00
   2.0081339e+00   9.5357144e-01   4.2231933e-01   7.9300054e-01   2.0725739e+00   3.3121532e+00   4.3120374e+00   5.0199083e+00   5.4876817e+00   5.8143246e+00   6.1252014e+00   6.4355280e+00   6.6998603e+00   6.9402434e+00   7.0331370e+00   6.9094783e+00   6.6261265e+00   6.2810895e+00   6.0880411e+00   5.9901803e+00   5.5337151e+00   4.6229057e+00   4.1354549e+00   0.0000000e+00   0.0000000e+00   0.0000000e+00   0.0000000e+00   0.0000000e+00   0.0000000e+00   1.5763031e+00   1.3001717e+00   0.0000000e+00   0.0000000e+00   0.0000000e+00   2.5839011e+00   2.7622003e+00
   2.3273590e+00   1.0665113e+00   5.6997883e-01   1.2929206e+00   2.2132094e+00   3.0936222e+00   3.8487625e+00   4.4319849e+00   4.8682365e+00   5.2044992e+00   5.5176353e+00   5.8287358e+00   6.1015911e+00   6.3561487e+00   6.4521232e+00   6.2704077e+00   5.8125286e+00   5.1766586e+00   4.7605443e+00   4.6594014e+00   4.1212544e+00   3.5284224e+00   3.6028072e+00   0.0000000e+00   0.0000000e+00   0.0000000e+00   0.0000000e+00   0.0000000e+00   1.2273620e+00   6.4236593e-01   0.0000000e+00   0.0000000e+00   0.0000000e+00   0.0000000e+00   0.0000000e+00   2.4310818e+00
   0.0000000e+00   2.3722301e+00   1.4751338e+00   1.6731898e+00   1.9576019e+00   2.3090260e+00   2.7063603e+00   3.0504019e+00   3.3350737e+00   3.5878975e+00   3.8209479e+00   4.0752873e+00   4.3896790e+00   4.8205905e+00   5.1972070e+00   5.2659945e+00   4.8828187e+00   3.8211279e+00   2.2404032e+00   2.2705860e+00   2.2763391e+00   2.3966646e+00   3.1912616e+00   0.0000000e+00   0.0000000e+00   0.0000000e+00   0.0000000e+00   0.0000000e+00   1.3804598e+00   1.6209103e+00   2.1251718e+00   0.0000000e+00   0.0000000e+00   0.0000000e+00   0.0000000e+00   0.0000000e+00
   5.4129048e+00   4.3816257e+00   3.2237427e+00   2.7844658e+00   2.4079840e+00   2.0352776e+00   1.9291072e+00   1.8854342e+00   1.8707589e+00   1.9626392e+00   2.1410084e+00   2.5355923e+00   3.2460444e+00   4.3241377e+00   5.5511723e+00   6.3898377e+00   6.7168198e+00   6.1957574e+00   4.0518365e+00   1.6726695e+00   1.5644795e+00   1.5139383e+00   2.4101751e+00   2.9894062e+00   0.0000000e+00   0.0000000e+00   0.0000000e+00   0.0000000e+00   2.5575813e+00   2.7754552e+00   2.9042262e+00   3.7272720e+00   4.9178569e+00   5.6621218e+00   5.9912096e+00   5.9654381e+00
   6.1734447e+00   6.0065346e+00   4.9058652e+00   4.0341859e+00   3.5342836e+00   2.9484873e+00   2.6879776e+00   2.6011262e+00   2.6236048e+00   2.7511511e+00   2.9089775e+00   3.2531843e+00   3.9559388e+00   5.0364971e+00   6.3112435e+00   7.2754049e+00   7.8345509e+00   7.7959242e+00   6.6428947e+00   3.2488872e+00   2.5399444e+00   1.9780078e+00   1.9501262e+00   1.6904616e+00   0.0000000e+00   0.0000000e+00   0.0000000e+00   0.0000000e+00   4.1007095e+00   3.8118382e+00   3.4518125e+00   3.6709323e+00   4.6518178e+00   5.0722222e+00   5.9059153e+00   5.8719497e+00
   6.4163179e+00   6.5292888e+00   5.6079621e+00   4.5051875e+00   4.1373029e+00   3.7196283e+00   3.5545008e+00   3.6899481e+00   3.9536316e+00   4.2390232e+00   4.4676809e+00   4.6148586e+00   4.7906137e+00   5.1490631e+00   5.7665615e+00   6.4346771e+00   6.9971313e+00   7.4032764e+00   7.4942274e+00   7.0349960e+00   3.6446439e+00   2.4835601e+00   1.3880317e+00   1.0914082e+00   0.0000000e+00   0.0000000e+00   0.0000000e+00   4.7780211e+00   4.7591500e+00   4.4965153e+00   3.9882481e+00   3.8105452e+00   4.0174303e+00   4.6215534e+00   5.3303499e+00   5.7379551e+00
   6.1232691e+00   6.3150821e+00   5.4603262e+00   4.2780900e+00   4.0310493e+00   3.9656169e+00   3.9226811e+00   4.2487645e+00   4.7313886e+00   5.1374917e+00   5.4000850e+00   5.4231467e+00   5.2030363e+00   4.8417387e+00   4.6536045e+00   4.9397087e+00   5.5462213e+00   6.3679233e+00   7.2011786e+00   7.6947221e+00   0.0000000e+00   0.0000000e+00   0.0000000e+00   0.0000000e+00   0.0000000e+00   0.0000000e+00   3.6199290e+00   4.0511715e+00   4.4418774e+00   4.5473771e+00   4.0492544e+00   3.7492673e+00   3.6789579e+00   4.0289192e+00   4.6698151e+00   5.3704591e+00
   5.1210699e+00   5.4501076e+00   4.5744621e+00   3.3313653e+00   3.0437987e+00   3.4286349e+00   3.5993869e+00   3.9428973e+00   4.5297379e+00   5.0304222e+00   5.3386259e+00   5.3315444e+00   4.9944768e+00   4.4117908e+00   3.7586236e+00   3.6252632e+00   3.9867926e+00   4.7160654e+00   5.8375764e+00   6.8108047e+00   0.0000000e+00   0.0000000e+00   0.0000000e+00   0.0000000e+00   0.0000000e+00   0.0000000e+00   2.6350775e+00   2.5705371e+00   3.0678086e+00   3.4928148e+00   3.1777945e+00   2.9271569e+00   2.9565594e+00   3.1183310e+00   3.6391668e+00   4.3604565e+00
   3.6624322e+00   4.0656409e+00   0.0000000e+00   1.9428323e+00   1.5768547e+00   2.1997614e+00   2.6936014e+00   3.0864978e+00   3.6717896e+00   4.1987996e+00   4.5335503e+00   4.5758672e+00   4.2799535e+00   3.7806599e+00   3.1031427e+00   2.6772115e+00   2.6431694e+00   2.9071333e+00   4.0429888e+00   5.0159031e+00   0.0000000e+00   0.0000000e+00   0.0000000e+00   0.0000000e+00   0.0000000e+00   0.0000000e+00   1.5076371e+00   1.2131608e+00   1.2465101e+00   1.8888237e+00   1.8151302e+00   1.5315528e+00   1.7277195e+00   1.9451548e+00   2.3989952e+00   3.0213320e+00
   1.7075274e+00   2.4177258e+00   0.0000000e+00   0.0000000e+00   7.2452132e-01   6.8622422e-01   1.0245829e+00   1.5746262e+00   2.1937029e+00   2.6007726e+00   2.8143787e+00   2.8302369e+00   2.6012485e+00   2.2275217e+00   1.7247307e+00   1.1918350e+00   9.4679642e-01   8.7376755e-01   2.2567596e+00   3.6415380e+00   0.0000000e+00   0.0000000e+00   0.0000000e+00   0.0000000e+00   0.0000000e+00   0.0000000e+00   0.0000000e+00   1.7833960e+00   1.0226768e+00   1.1567401e+00   0.0000000e+00   6.7658638e-01   4.4709361e-01   6.0640436e-01   1.0521679e+00   1.3536246e+00
   1.1264472e+00   1.9229995e+00   0.0000000e+00   0.0000000e+00   0.0000000e+00   1.4129324e+00   1.1454871e+00   9.9130833e-01   1.1202270e+00   1.1866652e+00   1.0845976e+00   9.1072243e-01   9.3154682e-01   9.8816687e-01   9.7022188e-01   8.7670274e-01   1.0156181e+00   1.3088945e+00   2.3349263e+00   3.5444854e+00   0.0000000e+00   0.0000000e+00   0.0000000e+00   0.0000000e+00   0.0000000e+00   0.0000000e+00   0.0000000e+00   2.8319347e+00   1.9417885e+00   0.0000000e+00   0.0000000e+00   1.7360871e+00   1.5602330e+00   1.1872042e+00   1.1400375e+00   9.6775115e-01
   2.4428643e+00   0.0000000e+00   0.0000000e+00   0.0000000e+00   0.0000000e+00   2.7402356e+00   2.6450157e+00   2.2168312e+00   1.8015960e+00   1.5972602e+00   1.5834192e+00   1.8894604e+00   2.3542695e+00   2.7386198e+00   2.9671943e+00   3.0194798e+00   3.0990646e+00   3.2304549e+00   3.3426429e+00   0.0000000e+00   3.4556945e+00   3.3260267e+00   0.0000000e+00   0.0000000e+00   0.0000000e+00   0.0000000e+00   0.0000000e+00   3.1409307e+00   2.8786453e+00   0.0000000e+00   0.0000000e+00   0.0000000e+00   2.6723868e+00   2.3573060e+00   2.1762028e+00   2.0538459e+00
   2.8910181e+00   0.0000000e+00   0.0000000e+00   0.0000000e+00   0.0000000e+00   3.2969868e+00   2.9833020e+00   2.6636931e+00   2.8238260e+00   3.0653972e+00   3.3398745e+00   3.7309065e+00   4.1046147e+00   4.4230988e+00   4.6157883e+00   4.6667186e+00   4.6031421e+00   4.4006551e+00   3.9853129e+00   0.0000000e+00   3.6641969e+00   3.7753553e+00   3.8411961e+00   0.0000000e+00   0.0000000e+00   0.0000000e+00   0.0000000e+00   0.0000000e+00   0.0000000e+00   0.0000000e+00   0.0000000e+00   0.0000000e+00   2.9030765e+00   3.0988418e+00   3.1058652e+00   2.8977310e+00
   3.0413064e+00   0.0000000e+00   0.0000000e+00   0.0000000e+00   0.0000000e+00   0.0000000e+00   1.9648760e+00   2.0504916e+00   2.9199233e+00   3.6415083e+00   4.1210146e+00   4.4740744e+00   4.7160554e+00   4.9066138e+00   5.1100926e+00   5.1521463e+00   4.9868031e+00   4.6725712e+00   4.4598639e+00   0.0000000e+00   0.0000000e+00   3.8628935e+00   3.9459535e+00   0.0000000e+00   0.0000000e+00   0.0000000e+00   0.0000000e+00   0.0000000e+00   0.0000000e+00   0.0000000e+00   0.0000000e+00   0.0000000e+00   0.0000000e+00   3.1876975e+00   3.1316026e+00   3.1101670e+00
   0.0000000e+00   0.0000000e+00   0.0000000e+00   0.0000000e+00   0.0000000e+00   0.0000000e+00   1.7043252e+00   2.1334624e+00   2.8593740e+00   3.3848560e+00   3.7719979e+00   4.0177622e+00   4.1200733e+00   4.1901536e+00   4.2518740e+00   4.1379604e+00   3.9193394e+00   3.9715685e+00   0.0000000e+00   0.0000000e+00   0.0000000e+00   0.0000000e+00   0.0000000e+00   0.0000000e+00   0.0000000e+00   0.0000000e+00   0.0000000e+00   0.0000000e+00   0.0000000e+00   0.0000000e+00   0.0000000e+00   0.0000000e+00   0.0000000e+00   0.0000000e+00   2.8028260e+00   2.8306998e+00
   0.0000000e+00   0.0000000e+00   0.0000000e+00   0.0000000e+00   0.0000000e+00   0.0000000e+00   1.7253346e+00   1.7572089e+00   1.9943835e+00   2.2171261e+00   2.4421530e+00   2.6121025e+00   2.6495497e+00   2.6244695e+00   2.4772780e+00   2.3342548e+00   2.6098570e+00   0.0000000e+00   0.0000000e+00   0.0000000e+00   0.0000000e+00   0.0000000e+00   0.0000000e+00   0.0000000e+00   0.0000000e+00   0.0000000e+00   0.0000000e+00   0.0000000e+00   0.0000000e+00   0.0000000e+00   0.0000000e+00   0.0000000e+00   0.0000000e+00   0.0000000e+00   0.0000000e+00   0.0000000e+00
   0.0000000e+00   0.0000000e+00   0.0000000e+00   0.0000000e+00   0.0000000e+00   0.0000000e+00   0.0000000e+00   1.3385346e+00   1.2992392e+00   1.0923055e+00   9.6755195e-01   9.7916237e-01   8.3509705e-01   7.5897904e-01   8.5317506e-01   0.0000000e+00   0.0000000e+00   0.0000000e+00   0.0000000e+00   0.0000000e+00   0.0000000e+00   0.0000000e+00   0.0000000e+00   0.0000000e+00   0.0000000e+00   0.0000000e+00   0.0000000e+00   0.0000000e+00   0.0000000e+00   0.0000000e+00   0.0000000e+00   0.0000000e+00   0.0000000e+00   0.0000000e+00   0.0000000e+00   0.0000000e+00
   0.0000000e+00   0.0000000e+00   0.0000000e+00   0.0000000e+00   0.0000000e+00   0.0000000e+00   0.0000000e+00   0.0000000e+00   0.0000000e+00   0.0000000e+00   0.0000000e+00   0.0000000e+00   0.0000000e+00   0.0000000e+00   0.0000000e+00   0.0000000e+00   0.0000000e+00   0.0000000e+00   0.0000000e+00   0.0000000e+00   0.0000000e+00   0.0000000e+00   0.0000000e+00   0.0000000e+00   0.0000000e+00   0.0000000e+00   0.0000000e+00   0.0000000e+00   0.0000000e+00   0.0000000e+00   0.0000000e+00   0.0000000e+00   0.0000000e+00   0.0000000e+00   0.0000000e+00   0.0000000e+00
