-START-OF-DATA-
0 0.000278
10 0.000278
20 0.000278
30 0.000278
40 0.000278
50 0.000278
60 0.000278
70 0.000278
80 0.000278
90 0.000278
100 0.000278
110 0.000278
120 0.000278
130 0.000278
140 0.000278
150 0.000278
160 0.000278
170 0.000278
180 0.000278
190 0.000278
200 0.000278
210 0.000278
220 0.000278
230 0.000278
240 0.000278
250 0.000278
260 0.000278
270 0.000278
280 0.000278
290 0.000278
300 0.000278
310 0.000278
320 0.000278
330 0.000278
340 0.000278
350 0.000278
360 0.000278
370 0.000278
380 0.000278
390 0.000278
400 0.000278
410 0.000278
420 0.000278
430 0.000278
440 0.000278
450 0.000278
460 0.000278
470 0.000278
480 0.000278
490 0.000278
500 0.000278
510 0.000278
520 0.000278
530 0.000278
540 0.000278
550 0.000278
560 0.000278
570 0.000278
580 0.000278
590 0.000278
600 0.000278
610 0.000278
620 0.000278
630 0.000278
640 0.000278
650 0.000278
660 0.000278
670 0.000278
680 0.000278
690 0.000278
700 0.000278
710 0.000278
720 0.000278
730 0.000278
740 0.000278
750 0.000278
760 0.000278
770 0.000278
780 0.000278
790 0.000278
800 0.000278
810 0.000278
820 0.000278
830 0.000278
840 0.000278
850 0.000278
860 0.000278
870 0.000278
880 0.000278
890 0.000278
900 0.000278
910 0.000278
920 0.000278
930 0.000278
940 0.000278
950 0.000278
960 0.000278
970 0.000278
980 0.000278
990 0.000278
1000 0.000278
1010 0.000278
1020 0.000278
1030 0.000278
1040 0.000278
1050 0.000278
1060 0.000278
1070 0.000278
1080 0.000278
1090 0.000278
1100 0.000278
1110 0.000278
1120 0.000278
1130 0.000278
1140 0.000278
1150 0.000278
1160 0.000278
1170 0.000278
1180 0.000278
1190 0.000278
1200 0.000278
1210 0.000278
1220 0.000278
1230 0.000278
1240 0.000278
1250 0.000278
1260 0.000278
1270 0.000278
1280 0.000278
1290 0.000278
1300 0.000278
1310 0.000278
1320 0.000278
1330 0.000278
1340 0.000278
1350 0.000278
1360 0.000278
1370 0.000278
1380 0.000278
1390 0.000278
1400 0.000278
1410 0.000278
1420 0.000278
1430 0.000278
1440 0.000278
1450 0.000278
1460 0.000278
1470 0.000278
1480 0.000278
1490 0.000278
1500 0.000278
1510 0.000278
1520 0.000278
1530 0.000278
1540 0.000278
1550 0.000278
1560 0.000278
1570 0.000278
1580 0.000278
1590 0.000278
1600 0.000278
1610 0.000278
1620 0.000278
1630 0.000278
1640 0.000278
1650 0.000278
1660 0.000278
1670 0.000278
1680 0.000278
1690 0.000278
1700 0.000278
1710 0.000278
1720 0.000278
1730 0.000278
1740 0.000278
1750 0.000278
1760 0.000278
1770 0.000278
1780 0.000278
1790 0.000278
1800 0.000278
1810 0.000278
1820 0.000278
1830 0.000278
1840 0.000278
1850 0.000278
1860 0.000278
1870 0.000278
1880 0.000278
1890 0.000278
1900 0.000278
1910 0.000278
1920 0.000278
1930 0.000278
1940 0.000278
1950 0.000278
1960 0.000278
1970 0.000278
1980 0.000278
1990 0.000278
2000 0.000278
2010 0.000281584651162791
2020 0.000285169302325581
2030 0.000288753953488372
2040 0.000292338604651163
2050 0.000295923255813953
2060 0.000299507906976744
2070 0.000303092558139535
2080 0.000306677209302326
2090 0.000310261860465116
2100 0.000313846511627907
2110 0.000317431162790698
2120 0.000321015813953488
2130 0.000324600465116279
2140 0.00032818511627907
2150 0.00033176976744186
2160 0.000335354418604651
2170 0.000338939069767442
2180 0.000342523720930233
2190 0.000346108372093023
2200 0.000349693023255814
2210 0.000353277674418605
2220 0.000356862325581395
2230 0.000360446976744186
2240 0.000364031627906977
2250 0.000367616279069767
2260 0.000371200930232558
2270 0.000374785581395349
2280 0.00037837023255814
2290 0.00038195488372093
2300 0.000385539534883721
2310 0.000389124186046512
2320 0.000392708837209302
2330 0.000396293488372093
2340 0.000399878139534884
2350 0.000403462790697674
2360 0.000407047441860465
2370 0.000410632093023256
2380 0.000414216744186046
2390 0.000417801395348837
2400 0.000421386046511628
2410 0.000424970697674419
2420 0.000428555348837209
2430 0.00043214
2440 0.000435724651162791
2450 0.000439309302325581
2460 0.000442893953488372
2470 0.000446478604651163
2480 0.000450063255813953
2490 0.000453647906976744
2500 0.000457232558139535
2510 0.000460817209302326
2520 0.000464401860465116
2530 0.000467986511627907
2540 0.000471571162790698
2550 0.000475155813953488
2560 0.000478740465116279
2570 0.00048232511627907
2580 0.00048590976744186
2590 0.000489494418604651
2600 0.000493079069767442
2610 0.000496663720930233
2620 0.000500248372093023
2630 0.000503833023255814
2640 0.000507417674418605
2650 0.000511002325581395
2660 0.000514586976744186
2670 0.000518171627906977
2680 0.000521756279069767
2690 0.000525340930232558
2700 0.000528925581395349
2710 0.00053251023255814
2720 0.00053609488372093
2730 0.000539679534883721
2740 0.000543264186046512
2750 0.000546848837209302
2760 0.000550433488372093
2770 0.000554018139534884
2780 0.000557602790697674
2790 0.000561187441860465
2800 0.000564772093023256
2810 0.000568356744186046
2820 0.000571941395348837
2830 0.000575526046511628
2840 0.000579110697674419
2850 0.000582695348837209
2860 0.00058628
2870 0.000589864651162791
2880 0.000593449302325581
2890 0.000597033953488372
2900 0.000600618604651163
2910 0.000604203255813953
2920 0.000607787906976744
2930 0.000611372558139535
2940 0.000614957209302326
2950 0.000618541860465116
2960 0.000622126511627907
2970 0.000625711162790698
2980 0.000629295813953488
2990 0.000632880465116279
3000 0.00063646511627907
3010 0.00064004976744186
3020 0.000643634418604651
3030 0.000647219069767442
3040 0.000650803720930233
3050 0.000654388372093023
3060 0.000657973023255814
3070 0.000661557674418605
3080 0.000665142325581395
3090 0.000668726976744186
3100 0.000672311627906977
3110 0.000675896279069767
3120 0.000679480930232558
3130 0.000683065581395349
3140 0.000686650232558139
3150 0.00069023488372093
3160 0.000693819534883721
3170 0.000697404186046512
3180 0.000700988837209302
3190 0.000704573488372093
3200 0.000708158139534884
3210 0.000711742790697674
3220 0.000715327441860465
3230 0.000718912093023256
3240 0.000722496744186047
3250 0.000726081395348837
3260 0.000729666046511628
3270 0.000733250697674419
3280 0.000736835348837209
3290 0.00074042
3300 0.000744004651162791
3310 0.000747589302325581
3320 0.000751173953488372
3330 0.000754758604651163
3340 0.000758343255813953
3350 0.000761927906976744
3360 0.000765512558139535
3370 0.000769097209302326
3380 0.000772681860465116
3390 0.000776266511627907
3400 0.000779851162790698
3410 0.000783435813953488
3420 0.000787020465116279
3430 0.00079060511627907
3440 0.00079418976744186
3450 0.000797774418604651
3460 0.000801359069767442
3470 0.000804943720930232
3480 0.000808528372093023
3490 0.000812113023255814
3500 0.000815697674418605
3510 0.000819282325581395
3520 0.000822866976744186
3530 0.000826451627906977
3540 0.000830036279069767
3550 0.000833620930232558
3560 0.000837205581395349
3570 0.00084079023255814
3580 0.00084437488372093
3590 0.000847959534883721
3600 0.000851544186046512
3610 0.000855128837209302
3620 0.000858713488372093
3630 0.000862298139534884
3640 0.000865882790697674
3650 0.000869467441860465
3660 0.000873052093023256
3670 0.000876636744186046
3680 0.000880221395348837
3690 0.000883806046511628
3700 0.000887390697674419
3710 0.000890975348837209
3720 0.00089456
3730 0.000898144651162791
3740 0.000901729302325581
3750 0.000905313953488372
3760 0.000908898604651163
3770 0.000912483255813954
3780 0.000916067906976744
3790 0.000919652558139535
3800 0.000923237209302326
3810 0.000926821860465116
3820 0.000930406511627907
3830 0.000933991162790698
3840 0.000937575813953488
3850 0.000941160465116279
3860 0.00094474511627907
3870 0.00094832976744186
3880 0.000951914418604651
3890 0.000955499069767442
3900 0.000959083720930233
3910 0.000962668372093023
3920 0.000966253023255814
3930 0.000969837674418605
3940 0.000973422325581395
3950 0.000977006976744186
3960 0.000980591627906977
3970 0.000984176279069767
3980 0.000987760930232558
3990 0.000991345581395349
4000 0.00099493023255814
4010 0.00099851488372093
4020 0.00100209953488372
4030 0.00100568418604651
4040 0.0010092688372093
4050 0.00101285348837209
4060 0.00101643813953488
4070 0.00102002279069767
4080 0.00102360744186047
4090 0.00102719209302326
4100 0.00103077674418605
4110 0.00103436139534884
4120 0.00103794604651163
4130 0.00104153069767442
4140 0.00104511534883721
4150 0.0010487
4160 0.00105228465116279
4170 0.00105586930232558
4180 0.00105945395348837
4190 0.00106303860465116
4200 0.00106662325581395
4210 0.00107020790697674
4220 0.00107379255813953
4230 0.00107737720930233
4240 0.00108096186046512
4250 0.00108454651162791
4260 0.0010881311627907
4270 0.00109171581395349
4280 0.00109530046511628
4290 0.00109888511627907
4300 0.00110246976744186
4310 0.00110605441860465
4320 0.00110963906976744
4330 0.00111322372093023
4340 0.00111680837209302
4350 0.00112039302325581
4360 0.0011239776744186
4370 0.0011275623255814
4380 0.00113114697674419
4390 0.00113473162790698
4400 0.00113831627906977
4410 0.00114190093023256
4420 0.00114548558139535
4430 0.00114907023255814
4440 0.00115265488372093
4450 0.00115623953488372
4460 0.00115982418604651
4470 0.0011634088372093
4480 0.00116699348837209
4490 0.00117057813953488
4500 0.00117416279069767
4510 0.00117774744186047
4520 0.00118133209302326
4530 0.00118491674418605
4540 0.00118850139534884
4550 0.00119208604651163
4560 0.00119567069767442
4570 0.00119925534883721
4580 0.00120284
4590 0.00120642465116279
4600 0.00121000930232558
4610 0.00121359395348837
4620 0.00121717860465116
4630 0.00122076325581395
4640 0.00122434790697674
4650 0.00122793255813953
4660 0.00123151720930233
4670 0.00123510186046512
4680 0.00123868651162791
4690 0.0012422711627907
4700 0.00124585581395349
4710 0.00124944046511628
4720 0.00125302511627907
4730 0.00125660976744186
4740 0.00126019441860465
4750 0.00126377906976744
4760 0.00126736372093023
4770 0.00127094837209302
4780 0.00127453302325581
4790 0.0012781176744186
4800 0.0012817023255814
4810 0.00128528697674419
4820 0.00128887162790698
4830 0.00129245627906977
4840 0.00129604093023256
4850 0.00129962558139535
4860 0.00130321023255814
4870 0.00130679488372093
4880 0.00131037953488372
4890 0.00131396418604651
4900 0.0013175488372093
4910 0.00132113348837209
4920 0.00132471813953488
4930 0.00132830279069767
4940 0.00133188744186047
4950 0.00133547209302326
4960 0.00133905674418605
4970 0.00134264139534884
4980 0.00134622604651163
4990 0.00134981069767442
5000 0.00135339534883721
5010 0.00135698
5020 0.00135698
5030 0.00135698
5040 0.00135698
5050 0.00135698
5060 0.00135698
5070 0.00135698
5080 0.00135698
5090 0.00135698
5100 0.00135698
5110 0.00135698
5120 0.00135698
5130 0.00135698
5140 0.00135698
5150 0.00135698
5160 0.00135698
5170 0.00135698
5180 0.00135698
5190 0.00135698
5200 0.00135698
5210 0.00135698
5220 0.00135698
5230 0.00135698
5240 0.00135698
5250 0.00135698
5260 0.00135698
5270 0.00135698
5280 0.00135698
5290 0.00135698
5300 0.00135698
5310 0.00135698
5320 0.00135698
5330 0.00135698
5340 0.00135698
5350 0.00135698
5360 0.00135698
5370 0.00135698
5380 0.00135698
5390 0.00135698
5400 0.00135698
5410 0.00135698
5420 0.00135698
5430 0.00135698
5440 0.00135698
5450 0.00135698
5460 0.00135698
5470 0.00135698
5480 0.00135698
5490 0.00135698
5500 0.00135698
5510 0.00135698
5520 0.00135698
5530 0.00135698
5540 0.00135698
5550 0.00135698
5560 0.00135698
5570 0.00135698
5580 0.00135698
5590 0.00135698
5600 0.00135698
5610 0.00135698
5620 0.00135698
5630 0.00135698
5640 0.00135698
5650 0.00135698
5660 0.00135698
5670 0.00135698
5680 0.00135698
5690 0.00135698
5700 0.00135698
5710 0.00135698
5720 0.00135698
5730 0.00135698
5740 0.00135698
5750 0.00135698
5760 0.00135698
5770 0.00135698
5780 0.00135698
5790 0.00135698
5800 0.00135698
5810 0.00135698
5820 0.00135698
5830 0.00135698
5840 0.00135698
5850 0.00135698
5860 0.00135698
5870 0.00135698
5880 0.00135698
5890 0.00135698
5900 0.00135698
5910 0.00135698
5920 0.00135698
5930 0.00135698
5940 0.00135698
5950 0.00135698
5960 0.00135698
5970 0.00135698
5980 0.00135698
5990 0.00135698
6000 0.00135698
6010 0.00135698
6020 0.00135698
6030 0.00135698
6040 0.00135698
6050 0.00135698
6060 0.00135698
6070 0.00135698
6080 0.00135698
6090 0.00135698
6100 0.00135698
6110 0.00135698
6120 0.00135698
6130 0.00135698
6140 0.00135698
6150 0.00135698
6160 0.00135698
6170 0.00135698
6180 0.00135698
6190 0.00135698
6200 0.00135698
6210 0.00135698
6220 0.00135698
6230 0.00135698
6240 0.00135698
6250 0.00135698
6260 0.00135698
6270 0.00135698
6280 0.00135698
6290 0.00135698
6300 0.00135698
6310 0.00135698
6320 0.00135698
6330 0.00135698
6340 0.00135698
6350 0.00135698
6360 0.00135698
6370 0.00135698
6380 0.00135698
6390 0.00135698
6400 0.00135698
6410 0.00135698
6420 0.00135698
6430 0.00135698
6440 0.00135698
6450 0.00135698
6460 0.00135698
6470 0.00135698
6480 0.00135698
6490 0.00135698
6500 0.00135698
6510 0.00135698
6520 0.00135698
6530 0.00135698
6540 0.00135698
6550 0.00135698
6560 0.00135698
6570 0.00135698
6580 0.00135698
6590 0.00135698
6600 0.00135698
6610 0.00135698
6620 0.00135698
6630 0.00135698
6640 0.00135698
6650 0.00135698
6660 0.00135698
6670 0.00135698
6680 0.00135698
6690 0.00135698
6700 0.00135698
6710 0.00135698
6720 0.00135698
6730 0.00135698
6740 0.00135698
6750 0.00135698
6760 0.00135698
6770 0.00135698
6780 0.00135698
6790 0.00135698
6800 0.00135698
6810 0.00135698
6820 0.00135698
6830 0.00135698
6840 0.00135698
6850 0.00135698
6860 0.00135698
6870 0.00135698
6880 0.00135698
6890 0.00135698
6900 0.00135698
6910 0.00135698
6920 0.00135698
6930 0.00135698
6940 0.00135698
6950 0.00135698
6960 0.00135698
6970 0.00135698
6980 0.00135698
6990 0.00135698
7000 0.00135698
7010 0.00135698
7020 0.00135698
7030 0.00135698
7040 0.00135698
7050 0.00135698
7060 0.00135698
7070 0.00135698
7080 0.00135698
7090 0.00135698
7100 0.00135698
7110 0.00135698
7120 0.00135698
7130 0.00135698
7140 0.00135698
7150 0.00135698
7160 0.00135698
7170 0.00135698
7180 0.00135698
7190 0.00135698
7200 0.00135698
7210 0.00135698
7220 0.00135698
7230 0.00135698
7240 0.00135698
7250 0.00135698
7260 0.00135698
7270 0.00135698
7280 0.00135698
7290 0.00135698
7300 0.00135698
7310 0.00135698
7320 0.00135698
7330 0.00135698
7340 0.00135698
7350 0.00135698
7360 0.00135698
7370 0.00135698
7380 0.00135698
7390 0.00135698
7400 0.00135698
7410 0.00135698
7420 0.00135698
7430 0.00135698
7440 0.00135698
7450 0.00135698
7460 0.00135698
7470 0.00135698
7480 0.00135698
7490 0.00135698
7500 0.00135698
7510 0.00135698
7520 0.00135698
7530 0.00135698
7540 0.00135698
7550 0.00135698
7560 0.00135698
7570 0.00135698
7580 0.00135698
7590 0.00135698
7600 0.00135698
7610 0.00135698
7620 0.00135698
7630 0.00135698
7640 0.00135698
7650 0.00135698
7660 0.00135698
7670 0.00135698
7680 0.00135698
7690 0.00135698
7700 0.00135698
7710 0.00135698
7720 0.00135698
7730 0.00135698
7740 0.00135698
7750 0.00135698
7760 0.00135698
7770 0.00135698
7780 0.00135698
7790 0.00135698
7800 0.00135698
7810 0.00135698
7820 0.00135698
7830 0.00135698
7840 0.00135698
7850 0.00135698
7860 0.00135698
7870 0.00135698
7880 0.00135698
7890 0.00135698
7900 0.00135698
7910 0.00135698
7920 0.00135698
7930 0.00135698
7940 0.00135698
7950 0.00135698
7960 0.00135698
7970 0.00135698
7980 0.00135698
7990 0.00135698
8000 0.00135698
8010 0.00135698
8020 0.00135698
8030 0.00135698
8040 0.00135698
8050 0.00135698
8060 0.00135698
8070 0.00135698
8080 0.00135698
8090 0.00135698
8100 0.00135698
8110 0.00135698
8120 0.00135698
8130 0.00135698
8140 0.00135698
8150 0.00135698
8160 0.00135698
8170 0.00135698
8180 0.00135698
8190 0.00135698
8200 0.00135698
8210 0.00135698
8220 0.00135698
8230 0.00135698
8240 0.00135698
8250 0.00135698
8260 0.00135698
8270 0.00135698
8280 0.00135698
8290 0.00135698
8300 0.00135698
8310 0.00135698
8320 0.00135698
8330 0.00135698
8340 0.00135698
8350 0.00135698
8360 0.00135698
8370 0.00135698
8380 0.00135698
8390 0.00135698
8400 0.00135698
8410 0.00135698
8420 0.00135698
8430 0.00135698
8440 0.00135698
8450 0.00135698
8460 0.00135698
8470 0.00135698
8480 0.00135698
8490 0.00135698
8500 0.00135698
8510 0.00135698
8520 0.00135698
8530 0.00135698
8540 0.00135698
8550 0.00135698
8560 0.00135698
8570 0.00135698
8580 0.00135698
8590 0.00135698
8600 0.00135698
8610 0.00135698
8620 0.00135698
8630 0.00135698
8640 0.00135698
8650 0.00135698
8660 0.00135698
8670 0.00135698
8680 0.00135698
8690 0.00135698
8700 0.00135698
8710 0.00135698
8720 0.00135698
8730 0.00135698
8740 0.00135698
8750 0.00135698
8760 0.00135698
8770 0.00135698
8780 0.00135698
8790 0.00135698
8800 0.00135698
8810 0.00135698
8820 0.00135698
8830 0.00135698
8840 0.00135698
8850 0.00135698
8860 0.00135698
8870 0.00135698
8880 0.00135698
8890 0.00135698
8900 0.00135698
8910 0.00135698
8920 0.00135698
8930 0.00135698
8940 0.00135698
8950 0.00135698
8960 0.00135698
8970 0.00135698
8980 0.00135698
8990 0.00135698
9000 0.00135698
9010 0.00135698
9020 0.00135698
9030 0.00135698
9040 0.00135698
9050 0.00135698
9060 0.00135698
9070 0.00135698
9080 0.00135698
9090 0.00135698
9100 0.00135698
9110 0.00135698
9120 0.00135698
9130 0.00135698
9140 0.00135698
9150 0.00135698
9160 0.00135698
9170 0.00135698
9180 0.00135698
9190 0.00135698
9200 0.00135698
9210 0.00135698
9220 0.00135698
9230 0.00135698
9240 0.00135698
9250 0.00135698
9260 0.00135698
9270 0.00135698
9280 0.00135698
9290 0.00135698
9300 0.00135698
9310 0.00135698
9320 0.00135698
9330 0.00135698
9340 0.00135698
9350 0.00135698
9360 0.00135698
9370 0.00135698
9380 0.00135698
9390 0.00135698
9400 0.00135698
9410 0.00135698
9420 0.00135698
9430 0.00135698
9440 0.00135698
9450 0.00135698
9460 0.00135698
9470 0.00135698
9480 0.00135698
9490 0.00135698
9500 0.00135698
9510 0.00135698
9520 0.00135698
9530 0.00135698
9540 0.00135698
9550 0.00135698
9560 0.00135698
9570 0.00135698
9580 0.00135698
9590 0.00135698
9600 0.00135698
9610 0.00135698
9620 0.00135698
9630 0.00135698
9640 0.00135698
9650 0.00135698
9660 0.00135698
9670 0.00135698
9680 0.00135698
9690 0.00135698
9700 0.00135698
9710 0.00135698
9720 0.00135698
9730 0.00135698
9740 0.00135698
9750 0.00135698
9760 0.00135698
9770 0.00135698
9780 0.00135698
9790 0.00135698
9800 0.00135698
9810 0.00135698
9820 0.00135698
9830 0.00135698
9840 0.00135698
9850 0.00135698
9860 0.00135698
9870 0.00135698
9880 0.00135698
9890 0.00135698
9900 0.00135698
9910 0.00135698
9920 0.00135698
9930 0.00135698
9940 0.00135698
9950 0.00135698
9960 0.00135698
9970 0.00135698
9980 0.00135698
9990 0.00135698
10000 0.00135698
10010 0.00135698
10020 0.00135698
10030 0.00135698
10040 0.00135698
10050 0.00135698
10060 0.00135698
10070 0.00135698
10080 0.00135698
10090 0.00135698
10100 0.00135698
10110 0.00135698
10120 0.00135698
10130 0.00135698
10140 0.00135698
10150 0.00135698
10160 0.00135698
10170 0.00135698
10180 0.00135698
10190 0.00135698
10200 0.00135698
10210 0.00135698
10220 0.00135698
10230 0.00135698
10240 0.00135698
10250 0.00135698
10260 0.00135698
10270 0.00135698
10280 0.00135698
10290 0.00135698
10300 0.00135698
10310 0.00135698
10320 0.00135698
10330 0.00135698
10340 0.00135698
10350 0.00135698
10360 0.00135698
10370 0.00135698
10380 0.00135698
10390 0.00135698
10400 0.00135698
10410 0.00135698
10420 0.00135698
10430 0.00135698
10440 0.00135698
10450 0.00135698
10460 0.00135698
10470 0.00135698
10480 0.00135698
10490 0.00135698
10500 0.00135698
10510 0.00135698
10520 0.00135698
10530 0.00135698
10540 0.00135698
10550 0.00135698
10560 0.00135698
10570 0.00135698
10580 0.00135698
10590 0.00135698
10600 0.00135698
10610 0.00135698
10620 0.00135698
10630 0.00135698
10640 0.00135698
10650 0.00135698
10660 0.00135698
10670 0.00135698
10680 0.00135698
10690 0.00135698
10700 0.00135698
10710 0.00135698
10720 0.00135698
10730 0.00135698
10740 0.00135698
10750 0.00135698
10760 0.00135698
10770 0.00135698
10780 0.00135698
10790 0.00135698
10800 0.00135698
10810 0.00135698
10820 0.00135698
10830 0.00135698
10840 0.00135698
10850 0.00135698
10860 0.00135698
10870 0.00135698
10880 0.00135698
10890 0.00135698
10900 0.00135698
10910 0.00135698
10920 0.00135698
10930 0.00135698
10940 0.00135698
10950 0.00135698
10960 0.00135698
10970 0.00135698
10980 0.00135698
10990 0.00135698
11000 0.00135698
11010 0.00135698
11020 0.00135698
11030 0.00135698
11040 0.00135698
11050 0.00135698
11060 0.00135698
11070 0.00135698
11080 0.00135698
11090 0.00135698
11100 0.00135698
11110 0.00135698
11120 0.00135698
11130 0.00135698
11140 0.00135698
11150 0.00135698
11160 0.00135698
11170 0.00135698
11180 0.00135698
11190 0.00135698
11200 0.00135698
11210 0.00135698
11220 0.00135698
11230 0.00135698
11240 0.00135698
11250 0.00135698
11260 0.00135698
11270 0.00135698
11280 0.00135698
11290 0.00135698
11300 0.00135698
11310 0.00135698
11320 0.00135698
11330 0.00135698
11340 0.00135698
11350 0.00135698
11360 0.00135698
11370 0.00135698
11380 0.00135698
11390 0.00135698
11400 0.00135698
11410 0.00135698
11420 0.00135698
11430 0.00135698
11440 0.00135698
11450 0.00135698
11460 0.00135698
11470 0.00135698
11480 0.00135698
11490 0.00135698
11500 0.00135698
11510 0.00135698
11520 0.00135698
11530 0.00135698
11540 0.00135698
11550 0.00135698
11560 0.00135698
11570 0.00135698
11580 0.00135698
11590 0.00135698
11600 0.00135698
11610 0.00135698
11620 0.00135698
11630 0.00135698
11640 0.00135698
11650 0.00135698
11660 0.00135698
11670 0.00135698
11680 0.00135698
11690 0.00135698
11700 0.00135698
11710 0.00135698
11720 0.00135698
11730 0.00135698
11740 0.00135698
11750 0.00135698
11760 0.00135698
11770 0.00135698
11780 0.00135698
11790 0.00135698
11800 0.00135698
11810 0.00135698
11820 0.00135698
11830 0.00135698
11840 0.00135698
11850 0.00135698
11860 0.00135698
11870 0.00135698
11880 0.00135698
11890 0.00135698
11900 0.00135698
11910 0.00135698
11920 0.00135698
11930 0.00135698
11940 0.00135698
11950 0.00135698
11960 0.00135698
11970 0.00135698
11980 0.00135698
11990 0.00135698
12000 0.00135698
12010 0.00135698
12020 0.00135698
12030 0.00135698
12040 0.00135698
12050 0.00135698
12060 0.00135698
12070 0.00135698
12080 0.00135698
12090 0.00135698
12100 0.00135698
12110 0.00135698
12120 0.00135698
12130 0.00135698
12140 0.00135698
12150 0.00135698
12160 0.00135698
12170 0.00135698
12180 0.00135698
12190 0.00135698
12200 0.00135698
12210 0.00135698
12220 0.00135698
12230 0.00135698
12240 0.00135698
12250 0.00135698
12260 0.00135698
12270 0.00135698
12280 0.00135698
12290 0.00135698
12300 0.00135698
12310 0.00135698
12320 0.00135698
12330 0.00135698
12340 0.00135698
12350 0.00135698
12360 0.00135698
12370 0.00135698
12380 0.00135698
12390 0.00135698
12400 0.00135698
12410 0.00135698
12420 0.00135698
12430 0.00135698
12440 0.00135698
12450 0.00135698
12460 0.00135698
12470 0.00135698
12480 0.00135698
12490 0.00135698
12500 0.00135698
12510 0.00135698
12520 0.00135698
12530 0.00135698
12540 0.00135698
12550 0.00135698
12560 0.00135698
12570 0.00135698
12580 0.00135698
12590 0.00135698
12600 0.00135698
12610 0.00135698
12620 0.00135698
12630 0.00135698
12640 0.00135698
12650 0.00135698
12660 0.00135698
12670 0.00135698
12680 0.00135698
12690 0.00135698
12700 0.00135698
12710 0.00135698
12720 0.00135698
12730 0.00135698
12740 0.00135698
12750 0.00135698
12760 0.00135698
12770 0.00135698
12780 0.00135698
12790 0.00135698
12800 0.00135698
12810 0.00135698
12820 0.00135698
12830 0.00135698
12840 0.00135698
12850 0.00135698
12860 0.00135698
12870 0.00135698
12880 0.00135698
12890 0.00135698
12900 0.00135698
12910 0.00135698
12920 0.00135698
12930 0.00135698
12940 0.00135698
12950 0.00135698
12960 0.00135698
12970 0.00135698
12980 0.00135698
12990 0.00135698
13000 0.00135698
13010 0.00135698
13020 0.00135698
13030 0.00135698
13040 0.00135698
13050 0.00135698
13060 0.00135698
13070 0.00135698
13080 0.00135698
13090 0.00135698
13100 0.00135698
13110 0.00135698
13120 0.00135698
13130 0.00135698
13140 0.00135698
13150 0.00135698
13160 0.00135698
13170 0.00135698
13180 0.00135698
13190 0.00135698
13200 0.00135698
13210 0.00135698
13220 0.00135698
13230 0.00135698
13240 0.00135698
13250 0.00135698
13260 0.00135698
13270 0.00135698
13280 0.00135698
13290 0.00135698
13300 0.00135698
13310 0.00135698
13320 0.00135698
13330 0.00135698
13340 0.00135698
13350 0.00135698
13360 0.00135698
13370 0.00135698
13380 0.00135698
13390 0.00135698
13400 0.00135698
13410 0.00135698
13420 0.00135698
13430 0.00135698
13440 0.00135698
13450 0.00135698
13460 0.00135698
13470 0.00135698
13480 0.00135698
13490 0.00135698
13500 0.00135698
13510 0.00135698
13520 0.00135698
13530 0.00135698
13540 0.00135698
13550 0.00135698
13560 0.00135698
13570 0.00135698
13580 0.00135698
13590 0.00135698
13600 0.00135698
13610 0.00135698
13620 0.00135698
13630 0.00135698
13640 0.00135698
13650 0.00135698
13660 0.00135698
13670 0.00135698
13680 0.00135698
13690 0.00135698
13700 0.00135698
13710 0.00135698
13720 0.00135698
13730 0.00135698
13740 0.00135698
13750 0.00135698
13760 0.00135698
13770 0.00135698
13780 0.00135698
13790 0.00135698
13800 0.00135698
13810 0.00135698
13820 0.00135698
13830 0.00135698
13840 0.00135698
13850 0.00135698
13860 0.00135698
13870 0.00135698
13880 0.00135698
13890 0.00135698
13900 0.00135698
13910 0.00135698
13920 0.00135698
13930 0.00135698
13940 0.00135698
13950 0.00135698
13960 0.00135698
13970 0.00135698
13980 0.00135698
13990 0.00135698
14000 0.00135698
14010 0.00135698
14020 0.00135698
14030 0.00135698
14040 0.00135698
14050 0.00135698
14060 0.00135698
14070 0.00135698
14080 0.00135698
14090 0.00135698
14100 0.00135698
14110 0.00135698
14120 0.00135698
14130 0.00135698
14140 0.00135698
14150 0.00135698
14160 0.00135698
14170 0.00135698
14180 0.00135698
14190 0.00135698
14200 0.00135698
14210 0.00135698
14220 0.00135698
14230 0.00135698
14240 0.00135698
14250 0.00135698
14260 0.00135698
14270 0.00135698
14280 0.00135698
14290 0.00135698
14300 0.00135698
14310 0.00135698
14320 0.00135698
14330 0.00135698
14340 0.00135698
14350 0.00135698
14360 0.00135698
14370 0.00135698
14380 0.00135698
14390 0.00135698
14400 0.00135698
14410 0.00135698
14420 0.00135698
14430 0.00135698
14440 0.00135698
14450 0.00135698
14460 0.00135698
14470 0.00135698
14480 0.00135698
14490 0.00135698
14500 0.00135698
14510 0.00135698
14520 0.00135698
14530 0.00135698
14540 0.00135698
14550 0.00135698
14560 0.00135698
14570 0.00135698
14580 0.00135698
14590 0.00135698
14600 0.00135698
14610 0.00135698
14620 0.00135698
14630 0.00135698
14640 0.00135698
14650 0.00135698
14660 0.00135698
14670 0.00135698
14680 0.00135698
14690 0.00135698
14700 0.00135698
14710 0.00135698
14720 0.00135698
14730 0.00135698
14740 0.00135698
14750 0.00135698
14760 0.00135698
14770 0.00135698
14780 0.00135698
14790 0.00135698
14800 0.00135698
14810 0.00135698
14820 0.00135698
14830 0.00135698
14840 0.00135698
14850 0.00135698
14860 0.00135698
14870 0.00135698
14880 0.00135698
14890 0.00135698
14900 0.00135698
14910 0.00135698
14920 0.00135698
14930 0.00135698
14940 0.00135698
14950 0.00135698
14960 0.00135698
14970 0.00135698
14980 0.00135698
14990 0.00135698
15000 0.00135698
15010 0.00135698
15020 0.00135698
15030 0.00135698
15040 0.00135698
15050 0.00135698
15060 0.00135698
15070 0.00135698
15080 0.00135698
15090 0.00135698
15100 0.00135698
15110 0.00135698
15120 0.00135698
15130 0.00135698
15140 0.00135698
15150 0.00135698
15160 0.00135698
15170 0.00135698
15180 0.00135698
15190 0.00135698
15200 0.00135698
15210 0.00135698
15220 0.00135698
15230 0.00135698
15240 0.00135698
15250 0.00135698
15260 0.00135698
15270 0.00135698
15280 0.00135698
15290 0.00135698
15300 0.00135698
15310 0.00135698
15320 0.00135698
15330 0.00135698
15340 0.00135698
15350 0.00135698
15360 0.00135698
15370 0.00135698
15380 0.00135698
15390 0.00135698
15400 0.00135698
15410 0.00135698
15420 0.00135698
15430 0.00135698
15440 0.00135698
15450 0.00135698
15460 0.00135698
15470 0.00135698
15480 0.00135698
15490 0.00135698
15500 0.00135698
15510 0.00135698
15520 0.00135698
15530 0.00135698
15540 0.00135698
15550 0.00135698
15560 0.00135698
15570 0.00135698
15580 0.00135698
15590 0.00135698
15600 0.00135698
15610 0.00135698
15620 0.00135698
15630 0.00135698
15640 0.00135698
15650 0.00135698
15660 0.00135698
15670 0.00135698
15680 0.00135698
15690 0.00135698
15700 0.00135698
15710 0.00135698
15720 0.00135698
15730 0.00135698
15740 0.00135698
15750 0.00135698
15760 0.00135698
15770 0.00135698
15780 0.00135698
15790 0.00135698
15800 0.00135698
15810 0.00135698
15820 0.00135698
15830 0.00135698
15840 0.00135698
15850 0.00135698
15860 0.00135698
15870 0.00135698
15880 0.00135698
15890 0.00135698
15900 0.00135698
15910 0.00135698
15920 0.00135698
15930 0.00135698
15940 0.00135698
15950 0.00135698
15960 0.00135698
15970 0.00135698
15980 0.00135698
15990 0.00135698
16000 0.00135698
16010 0.00135698
16020 0.00135698
16030 0.00135698
16040 0.00135698
16050 0.00135698
16060 0.00135698
16070 0.00135698
16080 0.00135698
16090 0.00135698
16100 0.00135698
16110 0.00135698
16120 0.00135698
16130 0.00135698
16140 0.00135698
16150 0.00135698
16160 0.00135698
16170 0.00135698
16180 0.00135698
16190 0.00135698
16200 0.00135698
16210 0.00135698
16220 0.00135698
16230 0.00135698
16240 0.00135698
16250 0.00135698
16260 0.00135698
16270 0.00135698
16280 0.00135698
16290 0.00135698
16300 0.00135698
16310 0.00135698
16320 0.00135698
16330 0.00135698
16340 0.00135698
16350 0.00135698
16360 0.00135698
16370 0.00135698
16380 0.00135698
16390 0.00135698
16400 0.00135698
16410 0.00135698
16420 0.00135698
16430 0.00135698
16440 0.00135698
16450 0.00135698
16460 0.00135698
16470 0.00135698
16480 0.00135698
16490 0.00135698
16500 0.00135698
16510 0.00135698
16520 0.00135698
16530 0.00135698
16540 0.00135698
16550 0.00135698
16560 0.00135698
16570 0.00135698
16580 0.00135698
16590 0.00135698
16600 0.00135698
16610 0.00135698
16620 0.00135698
16630 0.00135698
16640 0.00135698
16650 0.00135698
16660 0.00135698
16670 0.00135698
16680 0.00135698
16690 0.00135698
16700 0.00135698
16710 0.00135698
16720 0.00135698
16730 0.00135698
16740 0.00135698
16750 0.00135698
16760 0.00135698
16770 0.00135698
16780 0.00135698
16790 0.00135698
16800 0.00135698
16810 0.00135698
16820 0.00135698
16830 0.00135698
16840 0.00135698
16850 0.00135698
16860 0.00135698
16870 0.00135698
16880 0.00135698
16890 0.00135698
16900 0.00135698
16910 0.00135698
16920 0.00135698
16930 0.00135698
16940 0.00135698
16950 0.00135698
16960 0.00135698
16970 0.00135698
16980 0.00135698
16990 0.00135698
17000 0.00135698
17010 0.00135698
17020 0.00135698
17030 0.00135698
17040 0.00135698
17050 0.00135698
17060 0.00135698
17070 0.00135698
17080 0.00135698
17090 0.00135698
17100 0.00135698
17110 0.00135698
17120 0.00135698
17130 0.00135698
17140 0.00135698
17150 0.00135698
17160 0.00135698
17170 0.00135698
17180 0.00135698
17190 0.00135698
17200 0.00135698
17210 0.00135698
17220 0.00135698
17230 0.00135698
17240 0.00135698
17250 0.00135698
17260 0.00135698
17270 0.00135698
17280 0.00135698
17290 0.00135698
17300 0.00135698
17310 0.00135698
17320 0.00135698
17330 0.00135698
17340 0.00135698
17350 0.00135698
17360 0.00135698
17370 0.00135698
17380 0.00135698
17390 0.00135698
17400 0.00135698
17410 0.00135698
17420 0.00135698
17430 0.00135698
17440 0.00135698
17450 0.00135698
17460 0.00135698
17470 0.00135698
17480 0.00135698
17490 0.00135698
17500 0.00135698
17510 0.00135698
17520 0.00135698
17530 0.00135698
17540 0.00135698
17550 0.00135698
17560 0.00135698
17570 0.00135698
17580 0.00135698
17590 0.00135698
17600 0.00135698
17610 0.00135698
17620 0.00135698
17630 0.00135698
17640 0.00135698
17650 0.00135698
17660 0.00135698
17670 0.00135698
17680 0.00135698
17690 0.00135698
17700 0.00135698
17710 0.00135698
17720 0.00135698
17730 0.00135698
17740 0.00135698
17750 0.00135698
17760 0.00135698
17770 0.00135698
17780 0.00135698
17790 0.00135698
17800 0.00135698
17810 0.00135698
17820 0.00135698
17830 0.00135698
17840 0.00135698
17850 0.00135698
17860 0.00135698
17870 0.00135698
17880 0.00135698
17890 0.00135698
17900 0.00135698
17910 0.00135698
17920 0.00135698
17930 0.00135698
17940 0.00135698
17950 0.00135698
17960 0.00135698
17970 0.00135698
17980 0.00135698
17990 0.00135698
18000 0.00135698
18010 0.00135698
18020 0.00135698
18030 0.00135698
18040 0.00135698
18050 0.00135698
18060 0.00135698
18070 0.00135698
18080 0.00135698
18090 0.00135698
18100 0.00135698
18110 0.00135698
18120 0.00135698
18130 0.00135698
18140 0.00135698
18150 0.00135698
18160 0.00135698
18170 0.00135698
18180 0.00135698
18190 0.00135698
18200 0.00135698
18210 0.00135698
18220 0.00135698
18230 0.00135698
18240 0.00135698
18250 0.00135698
18260 0.00135698
18270 0.00135698
18280 0.00135698
18290 0.00135698
18300 0.00135698
18310 0.00135698
18320 0.00135698
18330 0.00135698
18340 0.00135698
18350 0.00135698
18360 0.00135698
18370 0.00135698
18380 0.00135698
18390 0.00135698
18400 0.00135698
18410 0.00135698
18420 0.00135698
18430 0.00135698
18440 0.00135698
18450 0.00135698
18460 0.00135698
18470 0.00135698
18480 0.00135698
18490 0.00135698
18500 0.00135698
18510 0.00135698
18520 0.00135698
18530 0.00135698
18540 0.00135698
18550 0.00135698
18560 0.00135698
18570 0.00135698
18580 0.00135698
18590 0.00135698
18600 0.00135698
18610 0.00135698
18620 0.00135698
18630 0.00135698
18640 0.00135698
18650 0.00135698
18660 0.00135698
18670 0.00135698
18680 0.00135698
18690 0.00135698
18700 0.00135698
18710 0.00135698
18720 0.00135698
18730 0.00135698
18740 0.00135698
18750 0.00135698
18760 0.00135698
18770 0.00135698
18780 0.00135698
18790 0.00135698
18800 0.00135698
18810 0.00135698
18820 0.00135698
18830 0.00135698
18840 0.00135698
18850 0.00135698
18860 0.00135698
18870 0.00135698
18880 0.00135698
18890 0.00135698
18900 0.00135698
18910 0.00135698
18920 0.00135698
18930 0.00135698
18940 0.00135698
18950 0.00135698
18960 0.00135698
18970 0.00135698
18980 0.00135698
18990 0.00135698
19000 0.00135698
19010 0.00135698
19020 0.00135698
19030 0.00135698
19040 0.00135698
19050 0.00135698
19060 0.00135698
19070 0.00135698
19080 0.00135698
19090 0.00135698
19100 0.00135698
19110 0.00135698
19120 0.00135698
19130 0.00135698
19140 0.00135698
19150 0.00135698
19160 0.00135698
19170 0.00135698
19180 0.00135698
19190 0.00135698
19200 0.00135698
19210 0.00135698
19220 0.00135698
19230 0.00135698
19240 0.00135698
19250 0.00135698
19260 0.00135698
19270 0.00135698
19280 0.00135698
19290 0.00135698
19300 0.00135698
19310 0.00135698
19320 0.00135698
19330 0.00135698
19340 0.00135698
19350 0.00135698
19360 0.00135698
19370 0.00135698
19380 0.00135698
19390 0.00135698
19400 0.00135698
19410 0.00135698
19420 0.00135698
19430 0.00135698
19440 0.00135698
19450 0.00135698
19460 0.00135698
19470 0.00135698
19480 0.00135698
19490 0.00135698
19500 0.00135698
19510 0.00135698
19520 0.00135698
19530 0.00135698
19540 0.00135698
19550 0.00135698
19560 0.00135698
19570 0.00135698
19580 0.00135698
19590 0.00135698
19600 0.00135698
19610 0.00135698
19620 0.00135698
19630 0.00135698
19640 0.00135698
19650 0.00135698
19660 0.00135698
19670 0.00135698
19680 0.00135698
19690 0.00135698
19700 0.00135698
19710 0.00135698
19720 0.00135698
19730 0.00135698
19740 0.00135698
19750 0.00135698
19760 0.00135698
19770 0.00135698
19780 0.00135698
19790 0.00135698
19800 0.00135698
19810 0.00135698
19820 0.00135698
19830 0.00135698
19840 0.00135698
19850 0.00135698
19860 0.00135698
19870 0.00135698
19880 0.00135698
19890 0.00135698
19900 0.00135698
19910 0.00135698
19920 0.00135698
19930 0.00135698
19940 0.00135698
19950 0.00135698
19960 0.00135698
19970 0.00135698
19980 0.00135698
19990 0.00135698
20000 0.00135698
-END-OF-DATA-
