  0.3479  0.3488  0.3344  0.3252  0.3174  0.3323  0.3348  0.3339  0.3287  0.3319  0.3268  0.3288  0.3292  0.3217  0.3270  0.3241  0.3195  0.3274  0.3357  0.3325  0.3389  0.3436  0.3300  0.3434  0.3505  0.3523  0.3479  0.3501  0.3541  0.3598  0.3593  0.3584  0.3555  0.3591  0.3615  0.3631
  0.3064  0.3208  0.3443  0.3550  0.3375  0.3333  0.3408  0.3463  0.3537  0.3518  0.3349  0.3259  0.3125  0.3116  0.3369  0.3222  0.2874  0.2958  0.3072  0.3037  0.3087  0.3139  0.3068  0.3088  0.3215  0.3486  0.3079  0.3157  0.3144  0.3108  0.3072  0.3166  0.3157  0.3304  0.3339  0.3232
  0.3019  0.3217  0.3399  0.3310  0.3378  0.3512  0.3550  0.3607  0.3610  0.3564  0.3493  0.3406  0.3280  0.3138  0.3142  0.3053  0.2835  0.2661  0.2815  0.2836  0.2909  0.3011  0.3035  0.3260  0.3343  0.3090  0.3085  0.2966  0.2853  0.2798  0.2864  0.2848  0.2811  0.2759  0.2760  0.2764
  0.2896  0.2927  0.3108  0.3152  0.3445  0.3579  0.3597  0.3570  0.3507  0.3408  0.3334  0.3275  0.3203  0.3110  0.2956  0.2922  0.2761  0.2545  0.2658  0.2809  0.2919  0.3110  0.2920  0.3146  0.3010  0.2974  0.2846  0.2723  0.2683  0.2703  0.2706  0.2680  0.2607  0.2577  0.2786  0.2787
  0.2776  0.2763  0.2964  0.3144  0.3415  0.3537  0.3518  0.3448  0.3358  0.3262  0.3171  0.3096  0.3040  0.2949  0.2758  0.3051  0.2815  0.2519  0.2512  0.2665  0.2843  0.3063  0.2950  0.3056  0.3067  0.2816  0.2700  0.2678  0.2700  0.2685  0.2648  0.2663  0.2620  0.2738  0.2876  0.2800
  0.2663  0.2697  0.2920  0.3090  0.3328  0.3386  0.3356  0.3293  0.3206  0.3125  0.3045  0.2964  0.2903  0.2806  0.2682  0.2902  0.2706  0.2454  0.2418  0.2636  0.2741  0.2804  0.2884  0.3020  0.2897  0.2566  0.2792  0.2690  0.2569  0.2484  0.2340  0.2518  0.2542  0.2637  0.2559  0.2481
  0.2514  0.2614  0.2812  0.3029  0.3193  0.3199  0.3158  0.3095  0.3022  0.2963  0.2901  0.2851  0.2803  0.2702  0.2591  0.2660  0.2576  0.2337  0.2423  0.2607  0.2572  0.2805  0.2861  0.2830  0.2609  0.2584  0.2396  0.2329  0.2263  0.2489  0.2242  0.2383  0.2466  0.2610  0.2805  0.2444
  0.2200  0.2209  0.2830  0.3026  0.3023  0.2973  0.2905  0.2847  0.2803  0.2762  0.2737  0.2722  0.2690  0.2619  0.2502  0.2436  0.2484  0.2291  0.2333  0.2429  0.2449  0.2680  0.2639  0.2521  0.2222  0.2284  0.2052  0.2228  0.2022  0.2241  0.2134  0.2090  0.2338  0.2906  0.3161  0.2470
  0.2179  0.2356  0.2807  0.2783  0.2677  0.2602  0.2554  0.2530  0.2540  0.2543  0.2556  0.2573  0.2568  0.2534  0.2427  0.2337  0.2322  0.2241  0.2179  0.2305  0.2414  0.2383  0.2298  0.2151  0.1882  0.2554  0.1818  0.2047  0.1925  0.2039  0.2015  0.1858  0.2463  0.3085  0.3120  0.2222
  0.2141  0.2512  0.2688  0.2571  0.2462  0.2399  0.2366  0.2371  0.2419  0.2448  0.2478  0.2511  0.2528  0.2509  0.2418  0.2196  0.2317  0.2259  0.2091  0.2234  0.2199  0.2138  0.2078  0.1941  0.1611  0.2531  0.2064  0.1935  0.1817  0.1935  0.2131  0.1807  0.2833  0.3080  0.3113  0.2185
  0.2247  0.2526  0.2478  0.2413  0.2342  0.2306  0.2309  0.2350  0.2412  0.2452  0.2489  0.2539  0.2556  0.2534  0.2460  0.2262  0.2205  0.2197  0.1870  0.2028  0.1972  0.1973  0.1938  0.1744  0.1695  0.3019  0.2980  0.1986  0.1768  0.2244  0.1965  0.2022  0.2002  0.3056  0.2987  0.2130
  0.2252  0.2360  0.2366  0.2369  0.2343  0.2326  0.2359  0.2415  0.2484  0.2531  0.2559  0.2589  0.2586  0.2562  0.2482  0.2279  0.2066  0.2419  0.1986  0.1863  0.1890  0.1939  0.1884  0.1659  0.2384  0.3034  0.2814  0.2198  0.1902  0.2216  0.2005  0.1806  0.1588  0.2716  0.2593  0.2131
  0.2203  0.2214  0.2320  0.2391  0.2405  0.2401  0.2448  0.2509  0.2577  0.2612  0.2612  0.2602  0.2573  0.2512  0.2414  0.2206  0.1982  0.2426  0.1941  0.1794  0.1871  0.1938  0.1849  0.1594  0.2832  0.2520  0.2254  0.2250  0.2231  0.2339  0.2039  0.1712  0.1701  0.2422  0.2179  0.2214
  0.2351  0.2141  0.2345  0.2470  0.2483  0.2492  0.2555  0.2625  0.2672  0.2665  0.2625  0.2570  0.2482  0.2349  0.2197  0.2005  0.1877  0.1831  0.1799  0.1817  0.1915  0.2003  0.1917  0.1603  0.2151  0.2244  0.2412  0.2328  0.2331  0.2380  0.2159  0.1724  0.1607  0.2080  0.2231  0.2348
  0.2299  0.2345  0.2470  0.2538  0.2535  0.2568  0.2641  0.2700  0.2714  0.2671  0.2616  0.2558  0.2446  0.2244  0.2021  0.1845  0.1833  0.1884  0.1850  0.1806  0.1857  0.2193  0.2074  0.1735  0.2018  0.2532  0.2461  0.2362  0.2344  0.2367  0.2199  0.1810  0.1519  0.2100  0.2581  0.2388
  0.1978  0.2449  0.2488  0.2557  0.2556  0.2602  0.2654  0.2671  0.2658  0.2617  0.2586  0.2567  0.2494  0.2294  0.2061  0.1918  0.1986  0.2058  0.1980  0.2009  0.2634  0.2369  0.2176  0.1978  0.2492  0.2711  0.2460  0.2401  0.2323  0.2321  0.2143  0.1837  0.1553  0.1858  0.2662  0.2508
  0.2122  0.2090  0.2275  0.2439  0.2433  0.2449  0.2446  0.2417  0.2373  0.2324  0.2303  0.2323  0.2352  0.2315  0.2249  0.2218  0.2260  0.2255  0.2344  0.2173  0.2984  0.2738  0.2203  0.2326  0.3102  0.2881  0.2576  0.2440  0.2284  0.2315  0.2143  0.2009  0.1896  0.1864  0.2165  0.1994
  0.2265  0.2158  0.2180  0.2282  0.2256  0.2220  0.2145  0.2050  0.1947  0.1839  0.1772  0.1776  0.1840  0.1923  0.2040  0.2190  0.2346  0.2441  0.2629  0.2624  0.2914  0.2912  0.2142  0.2392  0.2967  0.2927  0.2786  0.2447  0.2501  0.2830  0.2304  0.2259  0.2820  0.2606  0.2042  0.1785
  0.2361  0.2193  0.2208  0.2263  0.2241  0.2180  0.2087  0.1989  0.1894  0.1793  0.1736  0.1760  0.1854  0.1982  0.2162  0.2403  0.2664  0.2846  0.3048  0.2820  0.2959  0.3010  0.2084  0.2222  0.2413  0.2438  0.2831  0.2451  0.2748  0.2994  0.2332  0.2419  0.3107  0.2778  0.1929  0.1795
  0.2244  0.2198  0.2314  0.2358  0.2357  0.2335  0.2299  0.2280  0.2258  0.2213  0.2185  0.2224  0.2353  0.2517  0.2722  0.2941  0.3100  0.3149  0.3158  0.2678  0.2987  0.2846  0.2189  0.2169  0.2117  0.2071  0.2587  0.2472  0.2702  0.2999  0.1996  0.2242  0.2926  0.2701  0.1947  0.2064
  0.2255  0.2295  0.2365  0.2400  0.2434  0.2457  0.2470  0.2491  0.2491  0.2443  0.2344  0.2289  0.2327  0.2426  0.2585  0.2734  0.2821  0.2828  0.2714  0.2568  0.2941  0.2731  0.2428  0.2369  0.2140  0.1913  0.2297  0.2500  0.2400  0.2793  0.1886  0.1958  0.2501  0.2659  0.2321  0.2264
  0.2291  0.2324  0.2358  0.2394  0.2442  0.2480  0.2513  0.2532  0.2517  0.2430  0.2270  0.2124  0.2078  0.2149  0.2290  0.2423  0.2550  0.2605  0.2474  0.2537  0.2594  0.2668  0.2447  0.2323  0.2089  0.1786  0.2505  0.2536  0.2507  0.2215  0.1952  0.1908  0.2333  0.2467  0.2296  0.2306
  0.2237  0.2283  0.2325  0.2347  0.2381  0.2416  0.2468  0.2497  0.2488  0.2405  0.2269  0.2135  0.2060  0.2073  0.2139  0.2233  0.2344  0.2356  0.2263  0.2339  0.2525  0.2602  0.2423  0.2516  0.2022  0.1734  0.2498  0.2542  0.2436  0.2219  0.2038  0.1968  0.2346  0.2049  0.2160  0.2213
  0.2132  0.2193  0.2239  0.2250  0.2262  0.2285  0.2336  0.2379  0.2392  0.2374  0.2330  0.2283  0.2225  0.2168  0.2124  0.2109  0.2134  0.2124  0.2010  0.2155  0.2345  0.2450  0.2460  0.2394  0.1990  0.1681  0.1957  0.2096  0.2234  0.2162  0.2068  0.1959  0.2104  0.1919  0.1992  0.2077
  0.2073  0.2107  0.2126  0.2161  0.2163  0.2178  0.2220  0.2270  0.2301  0.2329  0.2351  0.2371  0.2366  0.2312  0.2228  0.2146  0.2102  0.2054  0.1998  0.2328  0.2312  0.2308  0.2544  0.2484  0.2010  0.1634  0.2100  0.2355  0.2099  0.2060  0.2086  0.1984  0.1918  0.1881  0.1946  0.2024
  0.2055  0.2061  0.2006  0.1998  0.2094  0.2087  0.2135  0.2193  0.2237  0.2292  0.2346  0.2408  0.2440  0.2420  0.2348  0.2252  0.2159  0.2087  0.1965  0.1990  0.2280  0.2286  0.2612  0.2456  0.2123  0.1569  0.2667  0.2967  0.2378  0.2080  0.2130  0.2087  0.2035  0.1946  0.1967  0.2028
  0.2104  0.2076  0.1971  0.1933  0.2007  0.2054  0.2107  0.2181  0.2225  0.2284  0.2345  0.2417  0.2462  0.2462  0.2426  0.2360  0.2258  0.2163  0.2013  0.1875  0.2239  0.2485  0.2427  0.2522  0.2309  0.1713  0.2628  0.2952  0.2070  0.2045  0.2280  0.2193  0.2191  0.2120  0.2090  0.2100
  0.2192  0.2121  0.2030  0.2214  0.1999  0.2133  0.2171  0.2247  0.2297  0.2334  0.2378  0.2428  0.2467  0.2482  0.2466  0.2427  0.2356  0.2252  0.2082  0.2020  0.2144  0.2262  0.2336  0.2599  0.2480  0.1927  0.2358  0.2503  0.2195  0.2033  0.2286  0.2387  0.2383  0.2319  0.2260  0.2222
  0.2345  0.2151  0.1960  0.2148  0.2078  0.2332  0.2391  0.2441  0.2479  0.2484  0.2484  0.2503  0.2523  0.2544  0.2563  0.2552  0.2515  0.2439  0.2272  0.2146  0.2260  0.2196  0.2359  0.2624  0.2644  0.2321  0.2400  0.2522  0.2182  0.2216  0.2428  0.2636  0.2656  0.2615  0.2535  0.2443
  0.2464  0.2450  0.2328  0.2348  0.2115  0.2381  0.2574  0.2620  0.2651  0.2654  0.2634  0.2627  0.2626  0.2647  0.2669  0.2679  0.2680  0.2634  0.2495  0.2439  0.2383  0.2277  0.2522  0.2716  0.2776  0.2572  0.2556  0.2746  0.2455  0.2426  0.2593  0.2746  0.2806  0.2815  0.2760  0.2646
  0.2522  0.2896  0.2760  0.2733  0.2623  0.2352  0.2743  0.2817  0.2819  0.2824  0.2810  0.2797  0.2792  0.2805  0.2830  0.2847  0.2863  0.2843  0.2744  0.3047  0.2483  0.2408  0.2769  0.2895  0.2933  0.2858  0.2854  0.2756  0.2650  0.2741  0.2807  0.2883  0.2942  0.2964  0.2928  0.2807
  0.3436  0.3233  0.3182  0.2778  0.3017  0.2746  0.2886  0.3021  0.2972  0.2944  0.2979  0.3007  0.3019  0.3013  0.3028  0.3049  0.3055  0.3030  0.2947  0.3584  0.2715  0.2706  0.2961  0.3031  0.3063  0.3061  0.2963  0.2861  0.2886  0.2962  0.3016  0.3073  0.3115  0.3121  0.3083  0.3090
  0.3743  0.3434  0.3228  0.2942  0.3083  0.3242  0.3041  0.3146  0.3378  0.3108  0.3116  0.3208  0.3212  0.3193  0.3194  0.3209  0.3201  0.3166  0.3086  0.3576  0.2857  0.2915  0.3055  0.3110  0.3132  0.3141  0.3117  0.3085  0.3067  0.3087  0.3146  0.3212  0.3259  0.3264  0.3212  0.3216
  0.3309  0.3075  0.2864  0.2939  0.3157  0.3335  0.3190  0.3266  0.3338  0.3308  0.3347  0.3378  0.3352  0.3335  0.3335  0.3330  0.3291  0.3225  0.3137  0.3129  0.3097  0.3122  0.3197  0.3238  0.3253  0.3254  0.3246  0.3222  0.3218  0.3255  0.3310  0.3364  0.3418  0.3421  0.3324  0.3203
  0.3189  0.3095  0.3050  0.3013  0.3080  0.3177  0.3312  0.3421  0.3476  0.3516  0.3514  0.3498  0.3495  0.3501  0.3488  0.3402  0.3300  0.3141  0.3268  0.3381  0.3268  0.3334  0.3330  0.3293  0.3252  0.3297  0.3314  0.3315  0.3267  0.3273  0.3283  0.3316  0.3322  0.3310  0.3296  0.3233
  0.3207  0.3059  0.3144  0.3118  0.3137  0.3312  0.3544  0.3526  0.3412  0.3512  0.3448  0.3413  0.3479  0.3453  0.3439  0.3376  0.3189  0.3199  0.3203  0.3268  0.3224  0.3205  0.2976  0.3022  0.3140  0.3151  0.3212  0.3276  0.3239  0.3197  0.3172  0.3179  0.3217  0.3325  0.3336  0.3231
