-START-OF-DATA-
1759.5 0.00080203
1769.5 0.00080203
1779.5 0.00080203
1789.5 0.00080203
1799.5 0.00080203
1809.5 0.00080203
1819.5 0.00080203
1829.5 0.00080203
1839.5 0.00080203
1849.5 0.00080203
1859.5 0.00080203
1869.5 0.00080203
1879.5 0.00080203
1889.5 0.00080203
1899.5 0.00080203
1909.5 0.00080203
1919.5 0.00080203
1929.5 0.00080203
1939.5 0.00080203
1949.5 0.000854
1959.5 0.000871
1969.5 9e-04
1979.5 0.000941
1989.5 0.00099
1999.5 0.001044
2009.5 0.001114
2019.5 0.001206
2029.5 0.001318
2039.5 0.001454
2049.5 0.001616
2059.5 0.001794
2069.5 0.001991
2079.5 0.002195
2089.5 0.002397
2099.5 0.002591
2109.5 0.002764
2119.5 0.002914
2129.5 0.003029
2139.5 0.003116
2149.5 0.003202
2159.5 0.00326
2169.5 0.003289
2179.5 0.003289
2189.5 0.003318
2199.5 0.003318
2209.5 0.003289
2219.5 0.003289
2229.5 0.00326
2239.5 0.00326
2249.5 0.003231
2259.5 0.003231
2269.5 0.003202
2279.5 0.003174
2289.5 0.003145
2299.5 0.003145
2309.5 0.003116
2319.5 0.003087
2329.5 0.003087
2339.5 0.003058
2349.5 0.003029
2359.5 0.003029
2369.5 0.003
2379.5 0.003
2389.5 0.002972
2399.5 0.002943
2409.5 0.002943
2419.5 0.002914
2429.5 0.002914
2439.5 0.002885
2449.5 0.002876
2459.5 0.002862
2469.5 0.002847
2479.5 0.002833
2489.5 0.002819
2499.5 0.002804
2509.5 0.00279
2519.5 0.002778
2529.5 0.002764
2539.5 0.002752
2549.5 0.002738
2559.5 0.002726
2569.5 0.002715
2579.5 0.002703
2589.5 0.002689
2599.5 0.002677
2609.5 0.002666
2619.5 0.002654
2629.5 0.002643
2639.5 0.002634
2649.5 0.002622
2659.5 0.002611
2669.5 0.002599
2679.5 0.002591
2689.5 0.002579
2699.5 0.002571
2709.5 0.002559
2719.5 0.00255
2729.5 0.002539
2739.5 0.00253
2749.5 0.002521
2759.5 0.00251
2769.5 0.002501
2779.5 0.002493
2789.5 0.002484
2799.5 0.002475
2809.5 0.002467
2819.5 0.002458
2829.5 0.002449
2839.5 0.002441
2849.5 0.002432
2859.5 0.002423
2869.5 0.002415
2879.5 0.002406
2889.5 0.002397
2899.5 0.002389
2909.5 0.002383
2919.5 0.002374
2929.5 0.002366
2939.5 0.00236
2949.5 0.002351
2959.5 0.002343
2969.5 0.002337
2979.5 0.002328
2989.5 0.002322
2999.5 0.002314
3009.5 0.002308
3019.5 0.002299
3029.5 0.002294
3039.5 0.002285
3049.5 0.002279
3059.5 0.002273
3069.5 0.002265
3079.5 0.002259
3089.5 0.002253
3099.5 0.002247
3109.5 0.002239
3119.5 0.002233
3129.5 0.002227
3139.5 0.002221
3149.5 0.002213
3159.5 0.002207
3169.5 0.002201
3179.5 0.002195
3189.5 0.00219
3199.5 0.002184
3209.5 0.002178
3219.5 0.002172
3229.5 0.002167
3239.5 0.002161
3249.5 0.002155
3259.5 0.002149
3269.5 0.002144
3279.5 0.002138
3289.5 0.002132
3299.5 0.002126
3309.5 0.00212
3319.5 0.002115
3329.5 0.002109
3339.5 0.002106
3349.5 0.0021
3359.5 0.002095
3369.5 0.002089
3379.5 0.002083
3389.5 0.002077
3399.5 0.002074
3409.5 0.002069
3419.5 0.002063
3429.5 0.002057
3439.5 0.002051
3449.5 0.002048
3459.5 0.002043
3469.5 0.002037
3479.5 0.002034
3489.5 0.002028
3499.5 0.002022
3509.5 0.00202
3519.5 0.002014
3529.5 0.002008
3539.5 0.002005
3549.5 0.001999
3559.5 0.001996
3569.5 0.001991
3579.5 0.001988
3589.5 0.001982
3599.5 0.001979
3609.5 0.001973
3619.5 0.00197
3629.5 0.001965
3639.5 0.001962
3649.5 0.001956
3659.5 0.001953
3669.5 0.00195
3679.5 0.001944
3689.5 0.001942
3699.5 0.001936
3709.5 0.001933
3719.5 0.00193
3729.5 0.001924
3739.5 0.001921
3749.5 0.001919
3759.5 0.001916
3769.5 0.00191
3779.5 0.001907
3789.5 0.001904
3799.5 0.001901
3809.5 0.001895
3819.5 0.001893
3829.5 0.00189
3839.5 0.001887
3849.5 0.001884
3859.5 0.001878
3869.5 0.001875
3879.5 0.001872
3889.5 0.001869
3899.5 0.001867
3909.5 0.001864
3919.5 0.001861
3929.5 0.001858
3939.5 0.001852
3949.5 0.001849
3959.5 0.001846
3969.5 0.001844
3979.5 0.001841
3989.5 0.001838
3999.5 0.001835
4009.5 0.001832
4019.5 0.001829
4029.5 0.001826
4039.5 0.001823
4049.5 0.00182
4059.5 0.001818
4069.5 0.001815
4079.5 0.001812
4089.5 0.001809
4099.5 0.001806
4109.5 0.001803
4119.5 0.001803
4129.5 0.0018
4139.5 0.001797
4149.5 0.001794
4159.5 0.001792
4169.5 0.001789
4179.5 0.001786
4189.5 0.001783
4199.5 0.001783
4209.5 0.00178
4219.5 0.001777
4229.5 0.001774
4239.5 0.001771
4249.5 0.001769
4259.5 0.001769
4269.5 0.001766
4279.5 0.001763
4289.5 0.00176
4299.5 0.00176
4309.5 0.001757
4319.5 0.001754
4329.5 0.001751
4339.5 0.001751
4349.5 0.001748
4359.5 0.001745
4369.5 0.001743
4379.5 0.001743
4389.5 0.00174
4399.5 0.001737
4409.5 0.001737
4419.5 0.001734
4429.5 0.001731
4439.5 0.001731
4449.5 0.001728
4459.5 0.001725
4469.5 0.001725
4479.5 0.001722
4489.5 0.001719
4499.5 0.001719
4509.5 0.001717
4519.5 0.001714
4529.5 0.001714
4539.5 0.001711
4549.5 0.001711
4559.5 0.001708
4569.5 0.001705
4579.5 0.001705
4589.5 0.001702
4599.5 0.001702
4609.5 0.001699
4619.5 0.001696
4629.5 0.001696
4639.5 0.001693
4649.5 0.001693
4659.5 0.001691
4669.5 0.001691
4679.5 0.001688
4689.5 0.001685
4699.5 0.001685
4709.5 0.001682
4719.5 0.001682
4729.5 0.001679
4739.5 0.001679
4749.5 0.001676
4759.5 0.001676
4769.5 0.001673
4779.5 0.001673
4789.5 0.00167
4799.5 0.00167
4809.5 0.001668
4819.5 0.001668
4829.5 0.001665
4839.5 0.001665
4849.5 0.001662
4859.5 0.001662
4869.5 0.001659
4879.5 0.001659
4889.5 0.001656
4899.5 0.001656
4909.5 0.001653
4919.5 0.001653
4929.5 0.00165
4939.5 0.00165
4949.5 0.001647
4959.5 0.001647
4969.5 0.001644
4979.5 0.001644
4989.5 0.001642
4999.5 0.001642
5009.5 0.001639
5019.5 0.001639
5029.5 0.001636
5039.5 0.001636
5049.5 0.001636
5059.5 0.001633
5069.5 0.001633
5079.5 0.00163
5089.5 0.00163
5099.5 0.001627
5109.5 0.001627
5119.5 0.001624
5129.5 0.001624
5139.5 0.001621
5149.5 0.001621
5159.5 0.001621
5169.5 0.001618
5179.5 0.001618
5189.5 0.001616
5199.5 0.001616
5209.5 0.001613
5219.5 0.001613
5229.5 0.001613
5239.5 0.00161
5249.5 0.00161
5259.5 0.001607
5269.5 0.001607
5279.5 0.001604
5289.5 0.001604
5299.5 0.001604
5309.5 0.001601
5319.5 0.001601
5329.5 0.001598
5339.5 0.001598
5349.5 0.001595
5359.5 0.001595
5369.5 0.001595
5379.5 0.001593
5389.5 0.001593
5399.5 0.00159
5409.5 0.00159
5419.5 0.001587
5429.5 0.001587
5439.5 0.001587
5449.5 0.001584
5459.5 0.001584
5469.5 0.001581
5479.5 0.001581
5489.5 0.001578
5499.5 0.001578
5509.5 0.001578
5519.5 0.001575
5529.5 0.001575
5539.5 0.001572
5549.5 0.001572
5559.5 0.001572
5569.5 0.001569
5579.5 0.001569
5589.5 0.001567
5599.5 0.001567
5609.5 0.001567
5619.5 0.001564
5629.5 0.001564
5639.5 0.001561
5649.5 0.001561
5659.5 0.001558
5669.5 0.001558
5679.5 0.001558
5689.5 0.001555
5699.5 0.001555
5709.5 0.001552
5719.5 0.001552
5729.5 0.001552
5739.5 0.001549
5749.5 0.001549
5759.5 0.001546
5769.5 0.001546
5779.5 0.001546
5789.5 0.001543
5799.5 0.001543
5809.5 0.001541
5819.5 0.001541
5829.5 0.001541
5839.5 0.001538
5849.5 0.001538
5859.5 0.001538
5869.5 0.001535
5879.5 0.001535
5889.5 0.001532
5899.5 0.001532
5909.5 0.001532
5919.5 0.001529
5929.5 0.001529
5939.5 0.001529
5949.5 0.001526
5959.5 0.001526
5969.5 0.001526
5979.5 0.001523
5989.5 0.001523
5999.5 0.00152
6009.5 0.00152
6019.5 0.00152
6029.5 0.001518
6039.5 0.001518
6049.5 0.001518
6059.5 0.001515
6069.5 0.001515
6079.5 0.001515
6089.5 0.001512
6099.5 0.001512
6109.5 0.001509
6119.5 0.001509
6129.5 0.001509
6139.5 0.001506
6149.5 0.001506
6159.5 0.001506
6169.5 0.001503
6179.5 0.001503
6189.5 0.001503
6199.5 0.0015
6209.5 0.0015
6219.5 0.0015
6229.5 0.001497
6239.5 0.001497
6249.5 0.001497
6259.5 0.001494
6269.5 0.001494
6279.5 0.001494
6289.5 0.001492
6299.5 0.001492
6309.5 0.001492
6319.5 0.001489
6329.5 0.001489
6339.5 0.001489
6349.5 0.001486
6359.5 0.001486
6369.5 0.001486
6379.5 0.001483
6389.5 0.001483
6399.5 0.001483
6409.5 0.00148
6419.5 0.00148
6429.5 0.00148
6439.5 0.001477
6449.5 0.001477
6459.5 0.001477
6469.5 0.001474
6479.5 0.001474
6489.5 0.001474
6499.5 0.001471
6509.5 0.001471
6519.5 0.001471
6529.5 0.001471
6539.5 0.001468
6549.5 0.001468
6559.5 0.001468
6569.5 0.001466
6579.5 0.001466
6589.5 0.001466
6599.5 0.001463
6609.5 0.001463
6619.5 0.001463
6629.5 0.001463
6639.5 0.00146
6649.5 0.00146
6659.5 0.00146
6669.5 0.00146
6679.5 0.001457
6689.5 0.001457
6699.5 0.001457
6709.5 0.001454
6719.5 0.001454
6729.5 0.001454
6739.5 0.001454
6749.5 0.001451
6759.5 0.001451
6769.5 0.001451
6779.5 0.001451
6789.5 0.001448
6799.5 0.001448
6809.5 0.001448
6819.5 0.001448
6829.5 0.001445
6839.5 0.001445
6849.5 0.001445
6859.5 0.001443
6869.5 0.001443
6879.5 0.001443
6889.5 0.001443
6899.5 0.00144
6909.5 0.00144
6919.5 0.00144
6929.5 0.00144
6939.5 0.001437
6949.5 0.001437
6959.5 0.001437
6969.5 0.001437
6979.5 0.001434
6989.5 0.001434
6999.5 0.001434
7009.5 0.001434
7019.5 0.001431
7029.5 0.001431
7039.5 0.001431
7049.5 0.001431
7059.5 0.001428
7069.5 0.001428
7079.5 0.001428
7089.5 0.001428
7099.5 0.001425
7109.5 0.001425
7119.5 0.001425
7129.5 0.001425
7139.5 0.001422
7149.5 0.001422
7159.5 0.001422
7169.5 0.001422
7179.5 0.001422
7189.5 0.001419
7199.5 0.001419
7209.5 0.001419
7219.5 0.001419
7229.5 0.001417
7239.5 0.001417
7249.5 0.001417
7259.5 0.001417
7269.5 0.001417
7279.5 0.001414
7289.5 0.001414
7299.5 0.001414
7309.5 0.001414
7319.5 0.001411
7329.5 0.001411
7339.5 0.001411
7349.5 0.001411
7359.5 0.001411
7369.5 0.001408
7379.5 0.001408
7389.5 0.001408
7399.5 0.001408
7409.5 0.001405
7419.5 0.001405
7429.5 0.001405
7439.5 0.001405
7449.5 0.001405
7459.5 0.001402
7469.5 0.001402
7479.5 0.001402
7489.5 0.001402
7499.5 0.001402
7509.5 0.001399
7519.5 0.001399
7529.5 0.001399
7539.5 0.001399
7549.5 0.001399
7559.5 0.001396
7569.5 0.001396
7579.5 0.001396
7589.5 0.001396
7599.5 0.001396
7609.5 0.001393
7619.5 0.001393
7629.5 0.001393
7639.5 0.001393
7649.5 0.001393
7659.5 0.001391
7669.5 0.001391
7679.5 0.001391
7689.5 0.001391
7699.5 0.001391
7709.5 0.001391
7719.5 0.001388
7729.5 0.001388
7739.5 0.001388
7749.5 0.001388
7759.5 0.001388
7769.5 0.001385
7779.5 0.001385
7789.5 0.001385
7799.5 0.001385
7809.5 0.001385
7819.5 0.001385
7829.5 0.001382
7839.5 0.001382
7849.5 0.001382
7859.5 0.001382
7869.5 0.001382
7879.5 0.001382
7889.5 0.001379
7899.5 0.001379
7909.5 0.001379
7919.5 0.001379
7929.5 0.001379
7939.5 0.001379
7949.5 0.001376
7959.5 0.001376
7969.5 0.001376
7979.5 0.001376
7989.5 0.001376
7999.5 0.001376
8009.5 0.001373
8019.5 0.001373
8029.5 0.001373
8039.5 0.001373
8049.5 0.001373
8059.5 0.001373
8069.5 0.00137
8079.5 0.00137
8089.5 0.00137
8099.5 0.00137
8109.5 0.00137
8119.5 0.00137
8129.5 0.00137
8139.5 0.001367
8149.5 0.001367
8159.5 0.001367
8169.5 0.001367
8179.5 0.001367
8189.5 0.001367
8199.5 0.001367
8209.5 0.001365
8219.5 0.001365
8229.5 0.001365
8239.5 0.001365
8249.5 0.001365
8259.5 0.001365
8269.5 0.001365
8279.5 0.001362
8289.5 0.001362
8299.5 0.001362
8309.5 0.001362
8319.5 0.001362
8329.5 0.001362
8339.5 0.001362
8349.5 0.001359
8359.5 0.001359
8369.5 0.001359
8379.5 0.001359
8389.5 0.001359
8399.5 0.001359
8409.5 0.001359
8419.5 0.001356
8429.5 0.001356
8439.5 0.001356
8449.5 0.001356
8459.5 0.001356
8469.5 0.001356
8479.5 0.001356
8489.5 0.001353
8499.5 0.001353
8509.5 0.001353
8519.5 0.001353
8529.5 0.001353
8539.5 0.001353
8549.5 0.001353
8559.5 0.00135
8569.5 0.00135
8579.5 0.00135
8589.5 0.00135
8599.5 0.00135
8609.5 0.00135
8619.5 0.00135
8629.5 0.001347
8639.5 0.001347
8649.5 0.001347
8659.5 0.001347
8669.5 0.001347
8679.5 0.001347
8689.5 0.001347
8699.5 0.001344
8709.5 0.001344
8719.5 0.001344
8729.5 0.001344
8739.5 0.001344
8749.5 0.001344
8759.5 0.001344
8769.5 0.001342
8779.5 0.001342
8789.5 0.001342
8799.5 0.001342
8809.5 0.001342
8819.5 0.001342
8829.5 0.001342
8839.5 0.001339
8849.5 0.001339
8859.5 0.001339
8869.5 0.001339
8879.5 0.001339
8889.5 0.001339
8899.5 0.001339
8909.5 0.001339
8919.5 0.001336
8929.5 0.001336
8939.5 0.001336
8949.5 0.001336
8959.5 0.001336
8969.5 0.001336
8979.5 0.001336
8989.5 0.001336
8999.5 0.001333
9009.5 0.001333
9019.5 0.001333
9029.5 0.001333
9039.5 0.001333
9049.5 0.001333
9059.5 0.001333
9069.5 0.00133
9079.5 0.00133
9089.5 0.00133
9099.5 0.00133
9109.5 0.00133
9119.5 0.00133
9129.5 0.00133
9139.5 0.00133
9149.5 0.001327
9159.5 0.001327
9169.5 0.001327
9179.5 0.001327
9189.5 0.001327
9199.5 0.001327
9209.5 0.001327
9219.5 0.001327
9229.5 0.001324
9239.5 0.001324
9249.5 0.001324
9259.5 0.001324
9269.5 0.001324
9279.5 0.001324
9289.5 0.001324
9299.5 0.001324
9309.5 0.001321
9319.5 0.001321
9329.5 0.001321
9339.5 0.001321
9349.5 0.001321
9359.5 0.001321
9369.5 0.001321
9379.5 0.001321
9389.5 0.001318
9399.5 0.001318
9409.5 0.001318
9419.5 0.001318
9429.5 0.001318
9439.5 0.001318
9449.5 0.001318
9459.5 0.001318
9469.5 0.001318
9479.5 0.001316
9489.5 0.001316
9499.5 0.001316
9509.5 0.001316
9519.5 0.001316
9529.5 0.001316
9539.5 0.001316
9549.5 0.001316
9559.5 0.001313
9569.5 0.001313
9579.5 0.001313
9589.5 0.001313
9599.5 0.001313
9609.5 0.001313
9619.5 0.001313
9629.5 0.001313
9639.5 0.001313
9649.5 0.00131
9659.5 0.00131
9669.5 0.00131
9679.5 0.00131
9689.5 0.00131
9699.5 0.00131
9709.5 0.00131
9719.5 0.00131
9729.5 0.001307
9739.5 0.001307
9749.5 0.001307
9759.5 0.001307
9769.5 0.001307
9779.5 0.001307
9789.5 0.001307
9799.5 0.001307
9809.5 0.001307
9819.5 0.001304
9829.5 0.001304
9839.5 0.001304
9849.5 0.001304
9859.5 0.001304
9869.5 0.001304
9879.5 0.001304
9889.5 0.001304
9899.5 0.001301
9909.5 0.001301
9919.5 0.001301
9929.5 0.001301
9939.5 0.001301
9949.5 0.001301
9959.5 0.001301
9969.5 0.001301
9979.5 0.001301
9989.5 0.001298
9999.5 0.001298
10009.5 0.001298
10019.5 0.001298
10029.5 0.001298
10039.5 0.001298
10049.5 0.001298
10059.5 0.001298
10069.5 0.001298
10079.5 0.001295
10089.5 0.001295
10099.5 0.001295
10109.5 0.001295
10119.5 0.001295
10129.5 0.001295
10139.5 0.001295
10149.5 0.001295
10159.5 0.001292
10169.5 0.001292
10179.5 0.001292
10189.5 0.001292
10199.5 0.001292
10209.5 0.001292
10219.5 0.001292
10229.5 0.001292
10239.5 0.001292
10249.5 0.00129
10259.5 0.00129
10269.5 0.00129
10279.5 0.00129
10289.5 0.00129
10299.5 0.00129
10309.5 0.00129
10319.5 0.00129
10329.5 0.001287
10339.5 0.001287
10349.5 0.001287
10359.5 0.001287
10369.5 0.001287
10379.5 0.001287
10389.5 0.001287
10399.5 0.001287
10409.5 0.001287
10419.5 0.001284
10429.5 0.001284
10439.5 0.001284
10449.5 0.001284
10459.5 0.001284
10469.5 0.001284
10479.5 0.001284
10489.5 0.001284
10499.5 0.001284
10509.5 0.001281
10519.5 0.001281
10529.5 0.001281
10539.5 0.001281
10549.5 0.001281
10559.5 0.001281
10569.5 0.001281
10579.5 0.001281
10589.5 0.001281
10599.5 0.001278
10609.5 0.001278
10619.5 0.001278
10629.5 0.001278
10639.5 0.001278
10649.5 0.001278
10659.5 0.001278
10669.5 0.001278
10679.5 0.001278
10689.5 0.001275
10699.5 0.001275
10709.5 0.001275
10719.5 0.001275
10729.5 0.001275
10739.5 0.001275
10749.5 0.001275
10759.5 0.001275
10769.5 0.001275
10779.5 0.001272
10789.5 0.001272
10799.5 0.001272
10809.5 0.001272
10819.5 0.001272
10829.5 0.001272
10839.5 0.001272
10849.5 0.001272
10859.5 0.001272
10869.5 0.001272
10879.5 0.001269
10889.5 0.001269
10899.5 0.001269
10909.5 0.001269
10919.5 0.001269
10929.5 0.001269
10939.5 0.001269
10949.5 0.001269
10959.5 0.001269
10969.5 0.001267
10979.5 0.001267
10989.5 0.001267
10999.5 0.001267
11009.5 0.001267
11019.5 0.001267
11029.5 0.001267
11039.5 0.001267
11049.5 0.001267
11059.5 0.001267
11069.5 0.001264
11079.5 0.001264
11089.5 0.001264
11099.5 0.001264
11109.5 0.001264
11119.5 0.001264
11129.5 0.001264
11139.5 0.001264
11149.5 0.001264
11159.5 0.001264
11169.5 0.001261
11179.5 0.001261
11189.5 0.001261
11199.5 0.001261
11209.5 0.001261
11219.5 0.001261
11229.5 0.001261
11239.5 0.001261
11249.5 0.001261
11259.5 0.001261
11269.5 0.001258
11279.5 0.001258
11289.5 0.001258
11299.5 0.001258
11309.5 0.001258
11319.5 0.001258
11329.5 0.001258
11339.5 0.001258
11349.5 0.001258
11359.5 0.001258
11369.5 0.001255
11379.5 0.001255
11389.5 0.001255
11399.5 0.001255
11409.5 0.001255
11419.5 0.001255
11429.5 0.001255
11439.5 0.001255
11449.5 0.001255
11459.5 0.001252
11469.5 0.001252
11479.5 0.001252
11489.5 0.001252
11499.5 0.001252
11509.5 0.001252
11519.5 0.001252
11529.5 0.001252
11539.5 0.001252
11549.5 0.001252
11559.5 0.001249
11569.5 0.001249
11579.5 0.001249
11589.5 0.001249
11599.5 0.001249
11609.5 0.001249
11619.5 0.001249
11629.5 0.001249
11639.5 0.001249
11649.5 0.001249
11659.5 0.001249
11669.5 0.001246
11679.5 0.001246
11689.5 0.001246
11699.5 0.001246
11709.5 0.001246
11719.5 0.001246
11729.5 0.001246
11739.5 0.001246
11749.5 0.001246
11759.5 0.001246
11769.5 0.001243
11779.5 0.001243
11789.5 0.001243
11799.5 0.001243
11809.5 0.001243
11819.5 0.001243
11829.5 0.001243
11839.5 0.001243
11849.5 0.001243
11859.5 0.001243
11869.5 0.001243
11879.5 0.001241
11889.5 0.001241
11899.5 0.001241
11909.5 0.001241
11919.5 0.001241
11929.5 0.001241
11939.5 0.001241
11949.5 0.001241
11959.5 0.001241
11969.5 0.001241
11979.5 0.001241
11989.5 0.001238
11999.5 0.001238
12009.5 0.001238
999999999 0.000802
-END-OF-DATA-
