  4.769101e-01
  4.386517e-01
  4.040538e-01
  3.923806e-01
  3.901454e-01
  3.650401e-01
  3.302832e-01
  2.914715e-01
  2.526527e-01
  2.342275e-01
  2.249437e-01
  2.202854e-01
  2.167036e-01
  2.153269e-01
  2.213650e-01
  2.197327e-01
  2.073865e-01
  2.079394e-01
  2.203669e-01
  2.419848e-01
  2.583057e-01
  2.457182e-01
  2.314113e-01
  2.205178e-01
  2.146921e-01
  2.165971e-01
  2.181034e-01
  2.284498e-01
  2.497887e-01
  2.792405e-01
  3.188343e-01
  3.410834e-01
  3.527319e-01
  3.637561e-01
  3.762666e-01
  3.967301e-01
