-START-OF-DATA-
0 0.000278
10 0.000278
20 0.000278
30 0.000278
40 0.000278
50 0.000278
60 0.000278
70 0.000278
80 0.000278
90 0.000278
100 0.000278
110 0.000278
120 0.000278
130 0.000278
140 0.000278
150 0.000278
160 0.000278
170 0.000278
180 0.000278
190 0.000278
200 0.000278
210 0.000278
220 0.000278
230 0.000278
240 0.000278
250 0.000278
260 0.000278
270 0.000278
280 0.000278
290 0.000278
300 0.000278
310 0.000278
320 0.000278
330 0.000278
340 0.000278
350 0.000278
360 0.000278
370 0.000278
380 0.000278
390 0.000278
400 0.000278
410 0.000278
420 0.000278
430 0.000278
440 0.000278
450 0.000278
460 0.000278
470 0.000278
480 0.000278
490 0.000278
500 0.000278
510 0.000278
520 0.000278
530 0.000278
540 0.000278
550 0.000278
560 0.000278
570 0.000278
580 0.000278
590 0.000278
600 0.000278
610 0.000278
620 0.000278
630 0.000278
640 0.000278
650 0.000278
660 0.000278
670 0.000278
680 0.000278
690 0.000278
700 0.000278
710 0.000278
720 0.000278
730 0.000278
740 0.000278
750 0.000278
760 0.000278
770 0.000278
780 0.000278
790 0.000278
800 0.000278
810 0.000278
820 0.000278
830 0.000278
840 0.000278
850 0.000278
860 0.000278
870 0.000278
880 0.000278
890 0.000278
900 0.000278
910 0.000278
920 0.000278
930 0.000278
940 0.000278
950 0.000278
960 0.000278
970 0.000278
980 0.000278
990 0.000278
1000 0.000278
1010 0.000278
1020 0.000278
1030 0.000278
1040 0.000278
1050 0.000278
1060 0.000278
1070 0.000278
1080 0.000278
1090 0.000278
1100 0.000278
1110 0.000278
1120 0.000278
1130 0.000278
1140 0.000278
1150 0.000278
1160 0.000278
1170 0.000278
1180 0.000278
1190 0.000278
1200 0.000278
1210 0.000278
1220 0.000278
1230 0.000278
1240 0.000278
1250 0.000278
1260 0.000278
1270 0.000278
1280 0.000278
1290 0.000278
1300 0.000278
1310 0.000278
1320 0.000278
1330 0.000278
1340 0.000278
1350 0.000278
1360 0.000278
1370 0.000278
1380 0.000278
1390 0.000278
1400 0.000278
1410 0.000278
1420 0.000278
1430 0.000278
1440 0.000278
1450 0.000278
1460 0.000278
1470 0.000278
1480 0.000278
1490 0.000278
1500 0.000278
1510 0.000278
1520 0.000278
1530 0.000278
1540 0.000278
1550 0.000278
1560 0.000278
1570 0.000278
1580 0.000278
1590 0.000278
1600 0.000278
1610 0.000278
1620 0.000278
1630 0.000278
1640 0.000278
1650 0.000278
1660 0.000278
1670 0.000278
1680 0.000278
1690 0.000278
1700 0.000278
1710 0.000278
1720 0.000278
1730 0.000278
1740 0.000278
1750 0.000278
1760 0.000278
1770 0.000278
1780 0.000278
1790 0.000278
1800 0.000278
1810 0.000278
1820 0.000278
1830 0.000278
1840 0.000278
1850 0.000278
1860 0.000278
1870 0.000278
1880 0.000278
1890 0.000278
1900 0.000278
1910 0.000278
1920 0.000278
1930 0.000278
1940 0.000278
1950 0.000278
1960 0.000278
1970 0.000278
1980 0.000278
1990 0.000278
2000 0.000278
2010 0.000288006644518272
2020 0.000298013289036545
2030 0.000308019933554817
2040 0.00031802657807309
2050 0.000328033222591362
2060 0.000338039867109635
2070 0.000348046511627907
2080 0.000358053156146179
2090 0.000368059800664452
2100 0.000378066445182724
2110 0.000388073089700997
2120 0.000398079734219269
2130 0.000408086378737542
2140 0.000418093023255814
2150 0.000428099667774086
2160 0.000438106312292359
2170 0.000448112956810631
2180 0.000458119601328904
2190 0.000468126245847176
2200 0.000478132890365449
2210 0.000488139534883721
2220 0.000498146179401993
2230 0.000508152823920266
2240 0.000518159468438538
2250 0.000528166112956811
2260 0.000538172757475083
2270 0.000548179401993355
2280 0.000558186046511628
2290 0.0005681926910299
2300 0.000578199335548173
2310 0.000588205980066445
2320 0.000598212624584718
2330 0.00060821926910299
2340 0.000618225913621262
2350 0.000628232558139535
2360 0.000638239202657807
2370 0.00064824584717608
2380 0.000658252491694352
2390 0.000668259136212625
2400 0.000678265780730897
2410 0.000688272425249169
2420 0.000698279069767442
2430 0.000708285714285714
2440 0.000718292358803987
2450 0.000728299003322259
2460 0.000738305647840532
2470 0.000748312292358804
2480 0.000758318936877076
2490 0.000768325581395349
2500 0.000778332225913621
2510 0.000788338870431894
2520 0.000798345514950166
2530 0.000808352159468438
2540 0.000818358803986711
2550 0.000828365448504983
2560 0.000838372093023256
2570 0.000848378737541528
2580 0.000858385382059801
2590 0.000868392026578073
2600 0.000878398671096345
2610 0.000888405315614618
2620 0.00089841196013289
2630 0.000908418604651163
2640 0.000918425249169435
2650 0.000928431893687708
2660 0.00093843853820598
2670 0.000948445182724252
2680 0.000958451827242525
2690 0.000968458471760797
2700 0.00097846511627907
2710 0.000988471760797342
2720 0.000998478405315615
2730 0.00100848504983389
2740 0.00101849169435216
2750 0.00102849833887043
2760 0.0010385049833887
2770 0.00104851162790698
2780 0.00105851827242525
2790 0.00106852491694352
2800 0.00107853156146179
2810 0.00108853820598007
2820 0.00109854485049834
2830 0.00110855149501661
2840 0.00111855813953488
2850 0.00112856478405316
2860 0.00113857142857143
2870 0.0011485780730897
2880 0.00115858471760797
2890 0.00116859136212625
2900 0.00117859800664452
2910 0.00118860465116279
2920 0.00119861129568106
2930 0.00120861794019934
2940 0.00121862458471761
2950 0.00122863122923588
2960 0.00123863787375415
2970 0.00124864451827243
2980 0.0012586511627907
2990 0.00126865780730897
3000 0.00127866445182724
3010 0.00128867109634551
3020 0.00129867774086379
3030 0.00130868438538206
3040 0.00131869102990033
3050 0.0013286976744186
3060 0.00133870431893688
3070 0.00134871096345515
3080 0.00135871760797342
3090 0.00136872425249169
3100 0.00137873089700997
3110 0.00138873754152824
3120 0.00139874418604651
3130 0.00140875083056478
3140 0.00141875747508306
3150 0.00142876411960133
3160 0.0014387707641196
3170 0.00144877740863787
3180 0.00145878405315615
3190 0.00146879069767442
3200 0.00147879734219269
3210 0.00148880398671096
3220 0.00149881063122924
3230 0.00150881727574751
3240 0.00151882392026578
3250 0.00152883056478405
3260 0.00153883720930233
3270 0.0015488438538206
3280 0.00155885049833887
3290 0.00156885714285714
3300 0.00157886378737542
3310 0.00158887043189369
3320 0.00159887707641196
3330 0.00160888372093023
3340 0.0016188903654485
3350 0.00162889700996678
3360 0.00163890365448505
3370 0.00164891029900332
3380 0.00165891694352159
3390 0.00166892358803987
3400 0.00167893023255814
3410 0.00168893687707641
3420 0.00169894352159468
3430 0.00170895016611296
3440 0.00171895681063123
3450 0.0017289634551495
3460 0.00173897009966777
3470 0.00174897674418605
3480 0.00175898338870432
3490 0.00176899003322259
3500 0.00177899667774086
3510 0.00178900332225914
3520 0.00179900996677741
3530 0.00180901661129568
3540 0.00181902325581395
3550 0.00182902990033223
3560 0.0018390365448505
3570 0.00184904318936877
3580 0.00185904983388704
3590 0.00186905647840532
3600 0.00187906312292359
3610 0.00188906976744186
3620 0.00189907641196013
3630 0.00190908305647841
3640 0.00191908970099668
3650 0.00192909634551495
3660 0.00193910299003322
3670 0.0019491096345515
3680 0.00195911627906977
3690 0.00196912292358804
3700 0.00197912956810631
3710 0.00198913621262458
3720 0.00199914285714286
3730 0.00200914950166113
3740 0.0020191561461794
3750 0.00202916279069767
3760 0.00203916943521595
3770 0.00204917607973422
3780 0.00205918272425249
3790 0.00206918936877076
3800 0.00207919601328904
3810 0.00208920265780731
3820 0.00209920930232558
3830 0.00210921594684385
3840 0.00211922259136213
3850 0.0021292292358804
3860 0.00213923588039867
3870 0.00214924252491694
3880 0.00215924916943522
3890 0.00216925581395349
3900 0.00217926245847176
3910 0.00218926910299003
3920 0.00219927574750831
3930 0.00220928239202658
3940 0.00221928903654485
3950 0.00222929568106312
3960 0.0022393023255814
3970 0.00224930897009967
3980 0.00225931561461794
3990 0.00226932225913621
4000 0.00227932890365449
4010 0.00228933554817276
4020 0.00229934219269103
4030 0.0023093488372093
4040 0.00231935548172757
4050 0.00232936212624585
4060 0.00233936877076412
4070 0.00234937541528239
4080 0.00235938205980066
4090 0.00236938870431894
4100 0.00237939534883721
4110 0.00238940199335548
4120 0.00239940863787375
4130 0.00240941528239203
4140 0.0024194219269103
4150 0.00242942857142857
4160 0.00243943521594684
4170 0.00244944186046512
4180 0.00245944850498339
4190 0.00246945514950166
4200 0.00247946179401993
4210 0.00248946843853821
4220 0.00249947508305648
4230 0.00250948172757475
4240 0.00251948837209302
4250 0.0025294950166113
4260 0.00253950166112957
4270 0.00254950830564784
4280 0.00255951495016611
4290 0.00256952159468439
4300 0.00257952823920266
4310 0.00258953488372093
4320 0.0025995415282392
4330 0.00260954817275748
4340 0.00261955481727575
4350 0.00262956146179402
4360 0.00263956810631229
4370 0.00264957475083056
4380 0.00265958139534884
4390 0.00266958803986711
4400 0.00267959468438538
4410 0.00268960132890365
4420 0.00269960797342193
4430 0.0027096146179402
4440 0.00271962126245847
4450 0.00272962790697674
4460 0.00273963455149502
4470 0.00274964119601329
4480 0.00275964784053156
4490 0.00276965448504983
4500 0.00277966112956811
4510 0.00278966777408638
4520 0.00279967441860465
4530 0.00280968106312292
4540 0.0028196877076412
4550 0.00282969435215947
4560 0.00283970099667774
4570 0.00284970764119601
4580 0.00285971428571429
4590 0.00286972093023256
4600 0.00287972757475083
4610 0.0028897342192691
4620 0.00289974086378738
4630 0.00290974750830565
4640 0.00291975415282392
4650 0.00292976079734219
4660 0.00293976744186047
4670 0.00294977408637874
4680 0.00295978073089701
4690 0.00296978737541528
4700 0.00297979401993355
4710 0.00298980066445183
4720 0.0029998073089701
4730 0.00300981395348837
4740 0.00301982059800664
4750 0.00302982724252492
4760 0.00303983388704319
4770 0.00304984053156146
4780 0.00305984717607973
4790 0.00306985382059801
4800 0.00307986046511628
4810 0.00308986710963455
4820 0.00309987375415282
4830 0.0031098803986711
4840 0.00311988704318937
4850 0.00312989368770764
4860 0.00313990033222591
4870 0.00314990697674419
4880 0.00315991362126246
4890 0.00316992026578073
4900 0.003179926910299
4910 0.00318993355481728
4920 0.00319994019933555
4930 0.00320994684385382
4940 0.00321995348837209
4950 0.00322996013289037
4960 0.00323996677740864
4970 0.00324997342192691
4980 0.00325998006644518
4990 0.00326998671096346
5000 0.00327999335548173
5010 0.00329
5020 0.00329
5030 0.00329
5040 0.00329
5050 0.00329
5060 0.00329
5070 0.00329
5080 0.00329
5090 0.00329
5100 0.00329
5110 0.00329
5120 0.00329
5130 0.00329
5140 0.00329
5150 0.00329
5160 0.00329
5170 0.00329
5180 0.00329
5190 0.00329
5200 0.00329
5210 0.00329
5220 0.00329
5230 0.00329
5240 0.00329
5250 0.00329
5260 0.00329
5270 0.00329
5280 0.00329
5290 0.00329
5300 0.00329
5310 0.00329
5320 0.00329
5330 0.00329
5340 0.00329
5350 0.00329
5360 0.00329
5370 0.00329
5380 0.00329
5390 0.00329
5400 0.00329
5410 0.00329
5420 0.00329
5430 0.00329
5440 0.00329
5450 0.00329
5460 0.00329
5470 0.00329
5480 0.00329
5490 0.00329
5500 0.00329
5510 0.00329
5520 0.00329
5530 0.00329
5540 0.00329
5550 0.00329
5560 0.00329
5570 0.00329
5580 0.00329
5590 0.00329
5600 0.00329
5610 0.00329
5620 0.00329
5630 0.00329
5640 0.00329
5650 0.00329
5660 0.00329
5670 0.00329
5680 0.00329
5690 0.00329
5700 0.00329
5710 0.00329
5720 0.00329
5730 0.00329
5740 0.00329
5750 0.00329
5760 0.00329
5770 0.00329
5780 0.00329
5790 0.00329
5800 0.00329
5810 0.00329
5820 0.00329
5830 0.00329
5840 0.00329
5850 0.00329
5860 0.00329
5870 0.00329
5880 0.00329
5890 0.00329
5900 0.00329
5910 0.00329
5920 0.00329
5930 0.00329
5940 0.00329
5950 0.00329
5960 0.00329
5970 0.00329
5980 0.00329
5990 0.00329
6000 0.00329
6010 0.00329
6020 0.00329
6030 0.00329
6040 0.00329
6050 0.00329
6060 0.00329
6070 0.00329
6080 0.00329
6090 0.00329
6100 0.00329
6110 0.00329
6120 0.00329
6130 0.00329
6140 0.00329
6150 0.00329
6160 0.00329
6170 0.00329
6180 0.00329
6190 0.00329
6200 0.00329
6210 0.00329
6220 0.00329
6230 0.00329
6240 0.00329
6250 0.00329
6260 0.00329
6270 0.00329
6280 0.00329
6290 0.00329
6300 0.00329
6310 0.00329
6320 0.00329
6330 0.00329
6340 0.00329
6350 0.00329
6360 0.00329
6370 0.00329
6380 0.00329
6390 0.00329
6400 0.00329
6410 0.00329
6420 0.00329
6430 0.00329
6440 0.00329
6450 0.00329
6460 0.00329
6470 0.00329
6480 0.00329
6490 0.00329
6500 0.00329
6510 0.00329
6520 0.00329
6530 0.00329
6540 0.00329
6550 0.00329
6560 0.00329
6570 0.00329
6580 0.00329
6590 0.00329
6600 0.00329
6610 0.00329
6620 0.00329
6630 0.00329
6640 0.00329
6650 0.00329
6660 0.00329
6670 0.00329
6680 0.00329
6690 0.00329
6700 0.00329
6710 0.00329
6720 0.00329
6730 0.00329
6740 0.00329
6750 0.00329
6760 0.00329
6770 0.00329
6780 0.00329
6790 0.00329
6800 0.00329
6810 0.00329
6820 0.00329
6830 0.00329
6840 0.00329
6850 0.00329
6860 0.00329
6870 0.00329
6880 0.00329
6890 0.00329
6900 0.00329
6910 0.00329
6920 0.00329
6930 0.00329
6940 0.00329
6950 0.00329
6960 0.00329
6970 0.00329
6980 0.00329
6990 0.00329
7000 0.00329
7010 0.00329
7020 0.00329
7030 0.00329
7040 0.00329
7050 0.00329
7060 0.00329
7070 0.00329
7080 0.00329
7090 0.00329
7100 0.00329
7110 0.00329
7120 0.00329
7130 0.00329
7140 0.00329
7150 0.00329
7160 0.00329
7170 0.00329
7180 0.00329
7190 0.00329
7200 0.00329
7210 0.00329
7220 0.00329
7230 0.00329
7240 0.00329
7250 0.00329
7260 0.00329
7270 0.00329
7280 0.00329
7290 0.00329
7300 0.00329
7310 0.00329
7320 0.00329
7330 0.00329
7340 0.00329
7350 0.00329
7360 0.00329
7370 0.00329
7380 0.00329
7390 0.00329
7400 0.00329
7410 0.00329
7420 0.00329
7430 0.00329
7440 0.00329
7450 0.00329
7460 0.00329
7470 0.00329
7480 0.00329
7490 0.00329
7500 0.00329
7510 0.00329
7520 0.00329
7530 0.00329
7540 0.00329
7550 0.00329
7560 0.00329
7570 0.00329
7580 0.00329
7590 0.00329
7600 0.00329
7610 0.00329
7620 0.00329
7630 0.00329
7640 0.00329
7650 0.00329
7660 0.00329
7670 0.00329
7680 0.00329
7690 0.00329
7700 0.00329
7710 0.00329
7720 0.00329
7730 0.00329
7740 0.00329
7750 0.00329
7760 0.00329
7770 0.00329
7780 0.00329
7790 0.00329
7800 0.00329
7810 0.00329
7820 0.00329
7830 0.00329
7840 0.00329
7850 0.00329
7860 0.00329
7870 0.00329
7880 0.00329
7890 0.00329
7900 0.00329
7910 0.00329
7920 0.00329
7930 0.00329
7940 0.00329
7950 0.00329
7960 0.00329
7970 0.00329
7980 0.00329
7990 0.00329
8000 0.00329
8010 0.00329
8020 0.00329
8030 0.00329
8040 0.00329
8050 0.00329
8060 0.00329
8070 0.00329
8080 0.00329
8090 0.00329
8100 0.00329
8110 0.00329
8120 0.00329
8130 0.00329
8140 0.00329
8150 0.00329
8160 0.00329
8170 0.00329
8180 0.00329
8190 0.00329
8200 0.00329
8210 0.00329
8220 0.00329
8230 0.00329
8240 0.00329
8250 0.00329
8260 0.00329
8270 0.00329
8280 0.00329
8290 0.00329
8300 0.00329
8310 0.00329
8320 0.00329
8330 0.00329
8340 0.00329
8350 0.00329
8360 0.00329
8370 0.00329
8380 0.00329
8390 0.00329
8400 0.00329
8410 0.00329
8420 0.00329
8430 0.00329
8440 0.00329
8450 0.00329
8460 0.00329
8470 0.00329
8480 0.00329
8490 0.00329
8500 0.00329
8510 0.00329
8520 0.00329
8530 0.00329
8540 0.00329
8550 0.00329
8560 0.00329
8570 0.00329
8580 0.00329
8590 0.00329
8600 0.00329
8610 0.00329
8620 0.00329
8630 0.00329
8640 0.00329
8650 0.00329
8660 0.00329
8670 0.00329
8680 0.00329
8690 0.00329
8700 0.00329
8710 0.00329
8720 0.00329
8730 0.00329
8740 0.00329
8750 0.00329
8760 0.00329
8770 0.00329
8780 0.00329
8790 0.00329
8800 0.00329
8810 0.00329
8820 0.00329
8830 0.00329
8840 0.00329
8850 0.00329
8860 0.00329
8870 0.00329
8880 0.00329
8890 0.00329
8900 0.00329
8910 0.00329
8920 0.00329
8930 0.00329
8940 0.00329
8950 0.00329
8960 0.00329
8970 0.00329
8980 0.00329
8990 0.00329
9000 0.00329
9010 0.00329
9020 0.00329
9030 0.00329
9040 0.00329
9050 0.00329
9060 0.00329
9070 0.00329
9080 0.00329
9090 0.00329
9100 0.00329
9110 0.00329
9120 0.00329
9130 0.00329
9140 0.00329
9150 0.00329
9160 0.00329
9170 0.00329
9180 0.00329
9190 0.00329
9200 0.00329
9210 0.00329
9220 0.00329
9230 0.00329
9240 0.00329
9250 0.00329
9260 0.00329
9270 0.00329
9280 0.00329
9290 0.00329
9300 0.00329
9310 0.00329
9320 0.00329
9330 0.00329
9340 0.00329
9350 0.00329
9360 0.00329
9370 0.00329
9380 0.00329
9390 0.00329
9400 0.00329
9410 0.00329
9420 0.00329
9430 0.00329
9440 0.00329
9450 0.00329
9460 0.00329
9470 0.00329
9480 0.00329
9490 0.00329
9500 0.00329
9510 0.00329
9520 0.00329
9530 0.00329
9540 0.00329
9550 0.00329
9560 0.00329
9570 0.00329
9580 0.00329
9590 0.00329
9600 0.00329
9610 0.00329
9620 0.00329
9630 0.00329
9640 0.00329
9650 0.00329
9660 0.00329
9670 0.00329
9680 0.00329
9690 0.00329
9700 0.00329
9710 0.00329
9720 0.00329
9730 0.00329
9740 0.00329
9750 0.00329
9760 0.00329
9770 0.00329
9780 0.00329
9790 0.00329
9800 0.00329
9810 0.00329
9820 0.00329
9830 0.00329
9840 0.00329
9850 0.00329
9860 0.00329
9870 0.00329
9880 0.00329
9890 0.00329
9900 0.00329
9910 0.00329
9920 0.00329
9930 0.00329
9940 0.00329
9950 0.00329
9960 0.00329
9970 0.00329
9980 0.00329
9990 0.00329
10000 0.00329
10010 0.00329
10020 0.00329
10030 0.00329
10040 0.00329
10050 0.00329
10060 0.00329
10070 0.00329
10080 0.00329
10090 0.00329
10100 0.00329
10110 0.00329
10120 0.00329
10130 0.00329
10140 0.00329
10150 0.00329
10160 0.00329
10170 0.00329
10180 0.00329
10190 0.00329
10200 0.00329
10210 0.00329
10220 0.00329
10230 0.00329
10240 0.00329
10250 0.00329
10260 0.00329
10270 0.00329
10280 0.00329
10290 0.00329
10300 0.00329
10310 0.00329
10320 0.00329
10330 0.00329
10340 0.00329
10350 0.00329
10360 0.00329
10370 0.00329
10380 0.00329
10390 0.00329
10400 0.00329
10410 0.00329
10420 0.00329
10430 0.00329
10440 0.00329
10450 0.00329
10460 0.00329
10470 0.00329
10480 0.00329
10490 0.00329
10500 0.00329
10510 0.00329
10520 0.00329
10530 0.00329
10540 0.00329
10550 0.00329
10560 0.00329
10570 0.00329
10580 0.00329
10590 0.00329
10600 0.00329
10610 0.00329
10620 0.00329
10630 0.00329
10640 0.00329
10650 0.00329
10660 0.00329
10670 0.00329
10680 0.00329
10690 0.00329
10700 0.00329
10710 0.00329
10720 0.00329
10730 0.00329
10740 0.00329
10750 0.00329
10760 0.00329
10770 0.00329
10780 0.00329
10790 0.00329
10800 0.00329
10810 0.00329
10820 0.00329
10830 0.00329
10840 0.00329
10850 0.00329
10860 0.00329
10870 0.00329
10880 0.00329
10890 0.00329
10900 0.00329
10910 0.00329
10920 0.00329
10930 0.00329
10940 0.00329
10950 0.00329
10960 0.00329
10970 0.00329
10980 0.00329
10990 0.00329
11000 0.00329
11010 0.00329
11020 0.00329
11030 0.00329
11040 0.00329
11050 0.00329
11060 0.00329
11070 0.00329
11080 0.00329
11090 0.00329
11100 0.00329
11110 0.00329
11120 0.00329
11130 0.00329
11140 0.00329
11150 0.00329
11160 0.00329
11170 0.00329
11180 0.00329
11190 0.00329
11200 0.00329
11210 0.00329
11220 0.00329
11230 0.00329
11240 0.00329
11250 0.00329
11260 0.00329
11270 0.00329
11280 0.00329
11290 0.00329
11300 0.00329
11310 0.00329
11320 0.00329
11330 0.00329
11340 0.00329
11350 0.00329
11360 0.00329
11370 0.00329
11380 0.00329
11390 0.00329
11400 0.00329
11410 0.00329
11420 0.00329
11430 0.00329
11440 0.00329
11450 0.00329
11460 0.00329
11470 0.00329
11480 0.00329
11490 0.00329
11500 0.00329
11510 0.00329
11520 0.00329
11530 0.00329
11540 0.00329
11550 0.00329
11560 0.00329
11570 0.00329
11580 0.00329
11590 0.00329
11600 0.00329
11610 0.00329
11620 0.00329
11630 0.00329
11640 0.00329
11650 0.00329
11660 0.00329
11670 0.00329
11680 0.00329
11690 0.00329
11700 0.00329
11710 0.00329
11720 0.00329
11730 0.00329
11740 0.00329
11750 0.00329
11760 0.00329
11770 0.00329
11780 0.00329
11790 0.00329
11800 0.00329
11810 0.00329
11820 0.00329
11830 0.00329
11840 0.00329
11850 0.00329
11860 0.00329
11870 0.00329
11880 0.00329
11890 0.00329
11900 0.00329
11910 0.00329
11920 0.00329
11930 0.00329
11940 0.00329
11950 0.00329
11960 0.00329
11970 0.00329
11980 0.00329
11990 0.00329
12000 0.00329
12010 0.00329
12020 0.00329
12030 0.00329
12040 0.00329
12050 0.00329
12060 0.00329
12070 0.00329
12080 0.00329
12090 0.00329
12100 0.00329
12110 0.00329
12120 0.00329
12130 0.00329
12140 0.00329
12150 0.00329
12160 0.00329
12170 0.00329
12180 0.00329
12190 0.00329
12200 0.00329
12210 0.00329
12220 0.00329
12230 0.00329
12240 0.00329
12250 0.00329
12260 0.00329
12270 0.00329
12280 0.00329
12290 0.00329
12300 0.00329
12310 0.00329
12320 0.00329
12330 0.00329
12340 0.00329
12350 0.00329
12360 0.00329
12370 0.00329
12380 0.00329
12390 0.00329
12400 0.00329
12410 0.00329
12420 0.00329
12430 0.00329
12440 0.00329
12450 0.00329
12460 0.00329
12470 0.00329
12480 0.00329
12490 0.00329
12500 0.00329
12510 0.00329
12520 0.00329
12530 0.00329
12540 0.00329
12550 0.00329
12560 0.00329
12570 0.00329
12580 0.00329
12590 0.00329
12600 0.00329
12610 0.00329
12620 0.00329
12630 0.00329
12640 0.00329
12650 0.00329
12660 0.00329
12670 0.00329
12680 0.00329
12690 0.00329
12700 0.00329
12710 0.00329
12720 0.00329
12730 0.00329
12740 0.00329
12750 0.00329
12760 0.00329
12770 0.00329
12780 0.00329
12790 0.00329
12800 0.00329
12810 0.00329
12820 0.00329
12830 0.00329
12840 0.00329
12850 0.00329
12860 0.00329
12870 0.00329
12880 0.00329
12890 0.00329
12900 0.00329
12910 0.00329
12920 0.00329
12930 0.00329
12940 0.00329
12950 0.00329
12960 0.00329
12970 0.00329
12980 0.00329
12990 0.00329
13000 0.00329
13010 0.00329
13020 0.00329
13030 0.00329
13040 0.00329
13050 0.00329
13060 0.00329
13070 0.00329
13080 0.00329
13090 0.00329
13100 0.00329
13110 0.00329
13120 0.00329
13130 0.00329
13140 0.00329
13150 0.00329
13160 0.00329
13170 0.00329
13180 0.00329
13190 0.00329
13200 0.00329
13210 0.00329
13220 0.00329
13230 0.00329
13240 0.00329
13250 0.00329
13260 0.00329
13270 0.00329
13280 0.00329
13290 0.00329
13300 0.00329
13310 0.00329
13320 0.00329
13330 0.00329
13340 0.00329
13350 0.00329
13360 0.00329
13370 0.00329
13380 0.00329
13390 0.00329
13400 0.00329
13410 0.00329
13420 0.00329
13430 0.00329
13440 0.00329
13450 0.00329
13460 0.00329
13470 0.00329
13480 0.00329
13490 0.00329
13500 0.00329
13510 0.00329
13520 0.00329
13530 0.00329
13540 0.00329
13550 0.00329
13560 0.00329
13570 0.00329
13580 0.00329
13590 0.00329
13600 0.00329
13610 0.00329
13620 0.00329
13630 0.00329
13640 0.00329
13650 0.00329
13660 0.00329
13670 0.00329
13680 0.00329
13690 0.00329
13700 0.00329
13710 0.00329
13720 0.00329
13730 0.00329
13740 0.00329
13750 0.00329
13760 0.00329
13770 0.00329
13780 0.00329
13790 0.00329
13800 0.00329
13810 0.00329
13820 0.00329
13830 0.00329
13840 0.00329
13850 0.00329
13860 0.00329
13870 0.00329
13880 0.00329
13890 0.00329
13900 0.00329
13910 0.00329
13920 0.00329
13930 0.00329
13940 0.00329
13950 0.00329
13960 0.00329
13970 0.00329
13980 0.00329
13990 0.00329
14000 0.00329
14010 0.00329
14020 0.00329
14030 0.00329
14040 0.00329
14050 0.00329
14060 0.00329
14070 0.00329
14080 0.00329
14090 0.00329
14100 0.00329
14110 0.00329
14120 0.00329
14130 0.00329
14140 0.00329
14150 0.00329
14160 0.00329
14170 0.00329
14180 0.00329
14190 0.00329
14200 0.00329
14210 0.00329
14220 0.00329
14230 0.00329
14240 0.00329
14250 0.00329
14260 0.00329
14270 0.00329
14280 0.00329
14290 0.00329
14300 0.00329
14310 0.00329
14320 0.00329
14330 0.00329
14340 0.00329
14350 0.00329
14360 0.00329
14370 0.00329
14380 0.00329
14390 0.00329
14400 0.00329
14410 0.00329
14420 0.00329
14430 0.00329
14440 0.00329
14450 0.00329
14460 0.00329
14470 0.00329
14480 0.00329
14490 0.00329
14500 0.00329
14510 0.00329
14520 0.00329
14530 0.00329
14540 0.00329
14550 0.00329
14560 0.00329
14570 0.00329
14580 0.00329
14590 0.00329
14600 0.00329
14610 0.00329
14620 0.00329
14630 0.00329
14640 0.00329
14650 0.00329
14660 0.00329
14670 0.00329
14680 0.00329
14690 0.00329
14700 0.00329
14710 0.00329
14720 0.00329
14730 0.00329
14740 0.00329
14750 0.00329
14760 0.00329
14770 0.00329
14780 0.00329
14790 0.00329
14800 0.00329
14810 0.00329
14820 0.00329
14830 0.00329
14840 0.00329
14850 0.00329
14860 0.00329
14870 0.00329
14880 0.00329
14890 0.00329
14900 0.00329
14910 0.00329
14920 0.00329
14930 0.00329
14940 0.00329
14950 0.00329
14960 0.00329
14970 0.00329
14980 0.00329
14990 0.00329
15000 0.00329
15010 0.00329
15020 0.00329
15030 0.00329
15040 0.00329
15050 0.00329
15060 0.00329
15070 0.00329
15080 0.00329
15090 0.00329
15100 0.00329
15110 0.00329
15120 0.00329
15130 0.00329
15140 0.00329
15150 0.00329
15160 0.00329
15170 0.00329
15180 0.00329
15190 0.00329
15200 0.00329
15210 0.00329
15220 0.00329
15230 0.00329
15240 0.00329
15250 0.00329
15260 0.00329
15270 0.00329
15280 0.00329
15290 0.00329
15300 0.00329
15310 0.00329
15320 0.00329
15330 0.00329
15340 0.00329
15350 0.00329
15360 0.00329
15370 0.00329
15380 0.00329
15390 0.00329
15400 0.00329
15410 0.00329
15420 0.00329
15430 0.00329
15440 0.00329
15450 0.00329
15460 0.00329
15470 0.00329
15480 0.00329
15490 0.00329
15500 0.00329
15510 0.00329
15520 0.00329
15530 0.00329
15540 0.00329
15550 0.00329
15560 0.00329
15570 0.00329
15580 0.00329
15590 0.00329
15600 0.00329
15610 0.00329
15620 0.00329
15630 0.00329
15640 0.00329
15650 0.00329
15660 0.00329
15670 0.00329
15680 0.00329
15690 0.00329
15700 0.00329
15710 0.00329
15720 0.00329
15730 0.00329
15740 0.00329
15750 0.00329
15760 0.00329
15770 0.00329
15780 0.00329
15790 0.00329
15800 0.00329
15810 0.00329
15820 0.00329
15830 0.00329
15840 0.00329
15850 0.00329
15860 0.00329
15870 0.00329
15880 0.00329
15890 0.00329
15900 0.00329
15910 0.00329
15920 0.00329
15930 0.00329
15940 0.00329
15950 0.00329
15960 0.00329
15970 0.00329
15980 0.00329
15990 0.00329
16000 0.00329
16010 0.00329
16020 0.00329
16030 0.00329
16040 0.00329
16050 0.00329
16060 0.00329
16070 0.00329
16080 0.00329
16090 0.00329
16100 0.00329
16110 0.00329
16120 0.00329
16130 0.00329
16140 0.00329
16150 0.00329
16160 0.00329
16170 0.00329
16180 0.00329
16190 0.00329
16200 0.00329
16210 0.00329
16220 0.00329
16230 0.00329
16240 0.00329
16250 0.00329
16260 0.00329
16270 0.00329
16280 0.00329
16290 0.00329
16300 0.00329
16310 0.00329
16320 0.00329
16330 0.00329
16340 0.00329
16350 0.00329
16360 0.00329
16370 0.00329
16380 0.00329
16390 0.00329
16400 0.00329
16410 0.00329
16420 0.00329
16430 0.00329
16440 0.00329
16450 0.00329
16460 0.00329
16470 0.00329
16480 0.00329
16490 0.00329
16500 0.00329
16510 0.00329
16520 0.00329
16530 0.00329
16540 0.00329
16550 0.00329
16560 0.00329
16570 0.00329
16580 0.00329
16590 0.00329
16600 0.00329
16610 0.00329
16620 0.00329
16630 0.00329
16640 0.00329
16650 0.00329
16660 0.00329
16670 0.00329
16680 0.00329
16690 0.00329
16700 0.00329
16710 0.00329
16720 0.00329
16730 0.00329
16740 0.00329
16750 0.00329
16760 0.00329
16770 0.00329
16780 0.00329
16790 0.00329
16800 0.00329
16810 0.00329
16820 0.00329
16830 0.00329
16840 0.00329
16850 0.00329
16860 0.00329
16870 0.00329
16880 0.00329
16890 0.00329
16900 0.00329
16910 0.00329
16920 0.00329
16930 0.00329
16940 0.00329
16950 0.00329
16960 0.00329
16970 0.00329
16980 0.00329
16990 0.00329
17000 0.00329
17010 0.00329
17020 0.00329
17030 0.00329
17040 0.00329
17050 0.00329
17060 0.00329
17070 0.00329
17080 0.00329
17090 0.00329
17100 0.00329
17110 0.00329
17120 0.00329
17130 0.00329
17140 0.00329
17150 0.00329
17160 0.00329
17170 0.00329
17180 0.00329
17190 0.00329
17200 0.00329
17210 0.00329
17220 0.00329
17230 0.00329
17240 0.00329
17250 0.00329
17260 0.00329
17270 0.00329
17280 0.00329
17290 0.00329
17300 0.00329
17310 0.00329
17320 0.00329
17330 0.00329
17340 0.00329
17350 0.00329
17360 0.00329
17370 0.00329
17380 0.00329
17390 0.00329
17400 0.00329
17410 0.00329
17420 0.00329
17430 0.00329
17440 0.00329
17450 0.00329
17460 0.00329
17470 0.00329
17480 0.00329
17490 0.00329
17500 0.00329
17510 0.00329
17520 0.00329
17530 0.00329
17540 0.00329
17550 0.00329
17560 0.00329
17570 0.00329
17580 0.00329
17590 0.00329
17600 0.00329
17610 0.00329
17620 0.00329
17630 0.00329
17640 0.00329
17650 0.00329
17660 0.00329
17670 0.00329
17680 0.00329
17690 0.00329
17700 0.00329
17710 0.00329
17720 0.00329
17730 0.00329
17740 0.00329
17750 0.00329
17760 0.00329
17770 0.00329
17780 0.00329
17790 0.00329
17800 0.00329
17810 0.00329
17820 0.00329
17830 0.00329
17840 0.00329
17850 0.00329
17860 0.00329
17870 0.00329
17880 0.00329
17890 0.00329
17900 0.00329
17910 0.00329
17920 0.00329
17930 0.00329
17940 0.00329
17950 0.00329
17960 0.00329
17970 0.00329
17980 0.00329
17990 0.00329
18000 0.00329
18010 0.00329
18020 0.00329
18030 0.00329
18040 0.00329
18050 0.00329
18060 0.00329
18070 0.00329
18080 0.00329
18090 0.00329
18100 0.00329
18110 0.00329
18120 0.00329
18130 0.00329
18140 0.00329
18150 0.00329
18160 0.00329
18170 0.00329
18180 0.00329
18190 0.00329
18200 0.00329
18210 0.00329
18220 0.00329
18230 0.00329
18240 0.00329
18250 0.00329
18260 0.00329
18270 0.00329
18280 0.00329
18290 0.00329
18300 0.00329
18310 0.00329
18320 0.00329
18330 0.00329
18340 0.00329
18350 0.00329
18360 0.00329
18370 0.00329
18380 0.00329
18390 0.00329
18400 0.00329
18410 0.00329
18420 0.00329
18430 0.00329
18440 0.00329
18450 0.00329
18460 0.00329
18470 0.00329
18480 0.00329
18490 0.00329
18500 0.00329
18510 0.00329
18520 0.00329
18530 0.00329
18540 0.00329
18550 0.00329
18560 0.00329
18570 0.00329
18580 0.00329
18590 0.00329
18600 0.00329
18610 0.00329
18620 0.00329
18630 0.00329
18640 0.00329
18650 0.00329
18660 0.00329
18670 0.00329
18680 0.00329
18690 0.00329
18700 0.00329
18710 0.00329
18720 0.00329
18730 0.00329
18740 0.00329
18750 0.00329
18760 0.00329
18770 0.00329
18780 0.00329
18790 0.00329
18800 0.00329
18810 0.00329
18820 0.00329
18830 0.00329
18840 0.00329
18850 0.00329
18860 0.00329
18870 0.00329
18880 0.00329
18890 0.00329
18900 0.00329
18910 0.00329
18920 0.00329
18930 0.00329
18940 0.00329
18950 0.00329
18960 0.00329
18970 0.00329
18980 0.00329
18990 0.00329
19000 0.00329
19010 0.00329
19020 0.00329
19030 0.00329
19040 0.00329
19050 0.00329
19060 0.00329
19070 0.00329
19080 0.00329
19090 0.00329
19100 0.00329
19110 0.00329
19120 0.00329
19130 0.00329
19140 0.00329
19150 0.00329
19160 0.00329
19170 0.00329
19180 0.00329
19190 0.00329
19200 0.00329
19210 0.00329
19220 0.00329
19230 0.00329
19240 0.00329
19250 0.00329
19260 0.00329
19270 0.00329
19280 0.00329
19290 0.00329
19300 0.00329
19310 0.00329
19320 0.00329
19330 0.00329
19340 0.00329
19350 0.00329
19360 0.00329
19370 0.00329
19380 0.00329
19390 0.00329
19400 0.00329
19410 0.00329
19420 0.00329
19430 0.00329
19440 0.00329
19450 0.00329
19460 0.00329
19470 0.00329
19480 0.00329
19490 0.00329
19500 0.00329
19510 0.00329
19520 0.00329
19530 0.00329
19540 0.00329
19550 0.00329
19560 0.00329
19570 0.00329
19580 0.00329
19590 0.00329
19600 0.00329
19610 0.00329
19620 0.00329
19630 0.00329
19640 0.00329
19650 0.00329
19660 0.00329
19670 0.00329
19680 0.00329
19690 0.00329
19700 0.00329
19710 0.00329
19720 0.00329
19730 0.00329
19740 0.00329
19750 0.00329
19760 0.00329
19770 0.00329
19780 0.00329
19790 0.00329
19800 0.00329
19810 0.00329
19820 0.00329
19830 0.00329
19840 0.00329
19850 0.00329
19860 0.00329
19870 0.00329
19880 0.00329
19890 0.00329
19900 0.00329
19910 0.00329
19920 0.00329
19930 0.00329
19940 0.00329
19950 0.00329
19960 0.00329
19970 0.00329
19980 0.00329
19990 0.00329
20000 0.00329
-END-OF-DATA-
