   0.0000000e+00
   1.3122251e-02
   6.8464571e-03
   0.0000000e+00
  -7.6294524e-03
  -1.3186046e-02
   0.0000000e+00
   2.0895664e-02
   1.6879528e-02
   8.7607977e-03
   9.2634964e-03
   0.0000000e+00
   0.0000000e+00
   0.0000000e+00
   2.0922384e-02
   2.0673504e-02
   2.1661930e-02
   2.2178650e-02
   1.8492240e-02
   1.1992744e-02
   1.2389934e-02
   1.6489898e-02
   1.4000192e-02
   1.2829197e-03
   0.0000000e+00
   0.0000000e+00
   0.0000000e+00
   0.0000000e+00
   0.0000000e+00
   0.0000000e+00
   0.0000000e+00
   0.0000000e+00
   0.0000000e+00
   0.0000000e+00
   0.0000000e+00
   0.0000000e+00
   3.8030386e-03
   2.3032775e-03
  -1.8816575e-03
  -1.6599648e-03
   3.3815256e-04
  -9.5300425e-03
   1.4698541e-02
   1.6815049e-02
   1.0269517e-02
   1.2376665e-02
   1.0811422e-02
   1.2250954e-02
   1.1553607e-02
   1.9046110e-02
   2.2259354e-02
   1.7047503e-02
   1.3333152e-02
   6.6399416e-03
   1.8770740e-02
   1.6918898e-02
   6.5251398e-03
   7.2739417e-03
   5.2110775e-03
   2.8971080e-03
   1.8591753e-03
   1.0182567e-03
   1.0352305e-03
  -3.7012697e-03
   1.9657245e-04
  -1.3546606e-03
   9.4995232e-03
   1.5320415e-02
   1.3814361e-02
   8.7407349e-03
   4.4327544e-03
   7.0752993e-04
  -0.0000000e+00
  -0.0000000e+00
  -0.0000000e+00
  -0.0000000e+00
   0.0000000e+00
  -0.0000000e+00
   1.1284191e-02
   3.6580937e-03
  -6.4340096e-03
   3.3870227e-03
   1.0069839e-02
   1.1881852e-02
   1.2755416e-02
   1.3364469e-02
   1.2574365e-02
   9.1298156e-03
   6.1713085e-03
  -3.9325980e-05
   2.7663345e-03
   5.9133547e-04
  -6.4365002e-03
  -7.0802738e-03
  -4.5300042e-03
  -1.3504613e-03
  -1.0934466e-03
  -4.2486894e-03
  -8.3920620e-03
  -8.9236897e-03
  -6.7910822e-03
  -2.5376640e-03
   4.5599871e-03
   1.0024035e-02
   1.1274656e-02
   9.4218727e-03
   5.3129559e-03
  -4.7539676e-03
   0.0000000e+00
   0.0000000e+00
   0.0000000e+00
   0.0000000e+00
   0.0000000e+00
   0.0000000e+00
   6.3957722e-03
  -7.0251995e-03
  -1.2540839e-02
  -1.1361368e-02
  -6.6295923e-03
  -2.4298739e-03
   8.5775474e-04
   5.5369560e-04
  -3.0365689e-03
  -6.3415642e-03
  -8.5837999e-03
  -1.1352005e-02
  -1.6849898e-02
  -2.4081464e-02
  -2.2190137e-02
  -1.5464197e-02
  -1.0491795e-02
  -6.3046385e-03
  -7.3036543e-03
  -1.4153264e-02
  -1.9926541e-02
  -1.6552899e-02
  -1.0638054e-02
  -4.5662066e-03
   6.7912412e-04
   4.5630359e-03
   6.3717300e-03
   4.8634548e-03
  -1.5663203e-03
  -1.2917072e-02
  -1.2356539e-02
   0.0000000e+00
   0.0000000e+00
   0.0000000e+00
   0.0000000e+00
   0.0000000e+00
  -6.6553450e-03
  -1.6965667e-02
  -2.1313248e-02
  -1.9790730e-02
  -1.4425484e-02
  -1.0421197e-02
  -8.2328757e-03
  -9.3629155e-03
  -1.2574544e-02
  -1.5162746e-02
  -1.7977756e-02
  -2.2587314e-02
  -2.9424589e-02
  -3.7291376e-02
  -0.0000000e+00
  -1.3223342e-02
  -1.0519172e-02
  -8.1614489e-03
  -1.0909658e-02
  -2.2988578e-02
  -2.8868892e-02
  -9.5407361e-03
   4.6436582e-04
   6.8953756e-04
   6.1338680e-05
   5.7930039e-04
   1.9725233e-03
   6.4190233e-04
  -5.6374506e-03
  -1.2299543e-02
  -8.8786648e-03
  -7.9360105e-03
   0.0000000e+00
   0.0000000e+00
   0.0000000e+00
  -1.3428160e-03
  -8.7738635e-03
  -1.6931964e-02
  -2.1493570e-02
  -2.2000495e-02
  -1.9099373e-02
  -1.6226420e-02
  -1.5164209e-02
  -1.5785009e-02
  -1.7112542e-02
  -1.8560215e-02
  -2.1120633e-02
  -2.5433109e-02
  -2.9126227e-02
  -3.3290501e-02
   0.0000000e+00
  -9.2331045e-03
  -9.2883863e-03
  -8.3702923e-03
  -1.1756979e-02
  -1.8649798e-02
   0.0000000e+00
   0.0000000e+00
   7.1737407e-03
   3.8620285e-03
  -4.1652121e-03
  -3.3872867e-03
   3.7183364e-04
   3.2965584e-03
  -5.0210607e-03
  -1.1422197e-02
  -8.4958216e-03
  -1.4187040e-03
   1.6416107e-03
  -6.6870394e-03
   6.8993604e-03
   3.4120702e-04
  -1.3269101e-02
  -2.0720961e-02
  -2.3648782e-02
  -2.3253249e-02
  -2.0874809e-02
  -1.8042877e-02
  -1.6479220e-02
  -1.5457307e-02
  -1.5004274e-02
  -1.5926983e-02
  -1.8215837e-02
  -2.1065351e-02
  -2.1168144e-02
  -1.2960071e-02
   0.0000000e+00
  -0.0000000e+00
  -5.6872417e-03
  -8.8637527e-03
  -9.6338531e-03
  -5.9346785e-04
   0.0000000e+00
   0.0000000e+00
   1.6632899e-03
  -4.4202885e-03
  -1.0798768e-02
  -2.3946119e-03
   4.8389351e-03
   1.0111261e-02
  -4.1067288e-03
  -1.0791980e-02
  -3.6868817e-03
   3.9596325e-03
   4.8454301e-03
   8.5937466e-04
   1.3858603e-02
  -2.2718529e-03
  -1.5465332e-02
  -2.0588767e-02
  -2.0782221e-02
  -1.8804751e-02
  -1.5928820e-02
  -1.3382340e-02
  -1.1597102e-02
  -9.4268946e-03
  -8.4536001e-03
  -9.6663784e-03
  -1.1890657e-02
  -1.3018756e-02
  -9.6338156e-03
   1.1154852e-02
   3.1841812e-02
   0.0000000e+00
  -0.0000000e+00
  -1.7062386e-02
  -7.1011336e-03
   2.6451621e-02
   0.0000000e+00
   0.0000000e+00
  -0.0000000e+00
  -1.1251835e-02
   0.0000000e+00
   0.0000000e+00
   0.0000000e+00
   4.1847820e-03
  -8.2619274e-03
  -8.6324159e-03
   5.0331927e-03
   1.1426959e-02
   1.6840180e-02
   9.3610548e-03
   1.7484239e-02
  -4.0446321e-04
  -8.2729664e-03
  -1.0840475e-02
  -1.0110063e-02
  -8.9820828e-03
  -7.2917133e-03
  -6.0936329e-03
  -4.6240739e-03
  -3.0898643e-03
  -2.9891003e-03
  -4.5618843e-03
  -6.5801647e-03
  -6.2255384e-03
   6.1799656e-04
   2.9878752e-02
   5.5820078e-02
   0.0000000e+00
   0.0000000e+00
  -2.1746718e-02
  -2.5547412e-03
   4.1323330e-02
   0.0000000e+00
   0.0000000e+00
   0.0000000e+00
  -1.6790878e-02
  -4.2495705e-03
   0.0000000e+00
  -1.2544843e-05
  -7.2831288e-04
  -3.4938361e-03
  -3.6104163e-04
   1.5609784e-02
   2.0929487e-02
   2.7863020e-02
   1.8734475e-02
   1.0468485e-02
   4.8207045e-03
   2.0061841e-03
   3.5014594e-04
  -1.0554533e-05
  -3.7522131e-04
  -1.7519659e-04
   1.9997003e-04
   1.1370722e-03
   1.4071320e-03
   6.3644745e-04
  -1.3444176e-03
  -2.6782677e-03
  -4.6174531e-04
   1.0248166e-02
   4.4606443e-02
   7.3142389e-02
   0.0000000e+00
   0.0000000e+00
  -0.0000000e+00
   6.9060832e-03
   5.6621158e-02
   0.0000000e+00
   0.0000000e+00
   0.0000000e+00
  -2.0073506e-02
  -6.2949462e-04
   0.0000000e+00
  -2.2728498e-04
   3.6301725e-03
   6.9500767e-03
   1.0905718e-02
   2.5999403e-02
   3.0814486e-02
   3.4440957e-02
   2.1836310e-02
   1.3398685e-02
   1.1688310e-02
   8.9337992e-03
   7.4597015e-03
   5.9858314e-03
   5.1422178e-03
   4.6204138e-03
   4.7234432e-03
   4.6259867e-03
   3.8589167e-03
   2.0456628e-03
   2.6120084e-05
   8.5133208e-05
   5.1111244e-03
   1.9946672e-02
   5.3128246e-02
   4.6197304e-02
   0.0000000e+00
   0.0000000e+00
   0.0000000e+00
   2.1264923e-02
   6.9933306e-02
   0.0000000e+00
   0.0000000e+00
   0.0000000e+00
  -1.4041668e-02
   7.4991599e-04
   8.9234621e-03
   7.0800856e-03
   1.2593019e-02
   1.7704114e-02
   2.1432623e-02
   3.4761537e-02
   3.9251376e-02
   3.8161613e-02
   2.5073981e-02
   1.8050207e-02
   1.6257761e-02
   1.3506014e-02
   1.1907416e-02
   9.8965913e-03
   8.7397303e-03
   7.5536342e-03
   6.7128008e-03
   5.3550983e-03
   3.5063147e-03
   8.5687067e-04
   1.7500726e-04
   3.1003412e-03
   1.2330269e-02
   3.0544218e-02
   5.8955651e-02
   4.5954715e-02
   0.0000000e+00
   0.0000000e+00
   0.0000000e+00
   3.6262563e-02
   7.4442104e-02
   0.0000000e+00
   0.0000000e+00
   0.0000000e+00
  -6.3732930e-03
   3.7824456e-03
   1.1108912e-02
   1.7543552e-02
   2.1979734e-02
   2.6230274e-02
   2.9870424e-02
   4.0214695e-02
   4.3594565e-02
   3.8294494e-02
   2.6766201e-02
   2.1078808e-02
   1.7777678e-02
   1.5162515e-02
   1.2996047e-02
   1.0406052e-02
   8.3294185e-03
   6.1847647e-03
   4.1692015e-03
   2.1856166e-03
   1.3965940e-04
  -8.7898324e-04
   1.6005286e-03
   8.0895182e-03
   2.0493511e-02
   3.9543014e-02
   6.3438743e-02
   5.0602476e-02
   0.0000000e+00
   0.0000000e+00
   0.0000000e+00
   5.4089069e-02
   7.2267428e-02
   0.0000000e+00
   0.0000000e+00
   0.0000000e+00
  -3.9705696e-04
   7.7909539e-03
   1.6318990e-02
   2.2579588e-02
   2.7963677e-02
   3.1126466e-02
   3.5066403e-02
   4.1808899e-02
   4.2583514e-02
   3.4529280e-02
   2.5683403e-02
   1.9640768e-02
   1.5232188e-02
   1.2377056e-02
   9.3177743e-03
   5.9047351e-03
   3.1942928e-03
   9.8710018e-04
  -6.7818473e-04
  -1.3659779e-03
  -7.2096742e-04
   2.6234440e-03
   9.0081040e-03
   1.8275607e-02
   3.1338044e-02
   4.6938233e-02
   6.3381873e-02
   0.0000000e+00
   0.0000000e+00
   0.0000000e+00
   0.0000000e+00
   6.0329347e-02
   6.4855359e-02
   0.0000000e+00
   0.0000000e+00
   0.0000000e+00
   6.9091553e-03
   1.2367398e-02
   2.0687615e-02
   2.7104832e-02
   3.1315345e-02
   3.3597238e-02
   3.7143901e-02
   3.7937116e-02
   3.5700507e-02
   2.6367312e-02
   1.8132508e-02
   1.1494073e-02
   7.1271723e-03
   4.1301246e-03
   1.3543352e-03
  -9.8081643e-04
  -2.1644698e-03
  -2.4152091e-03
  -1.3325993e-03
   1.1431668e-03
   5.3347698e-03
   1.1908555e-02
   2.0098543e-02
   2.9272914e-02
   3.8925521e-02
   4.6286229e-02
   4.6570942e-02
   0.0000000e+00
   0.0000000e+00
   0.0000000e+00
   0.0000000e+00
   6.2570982e-02
   5.1858496e-02
   0.0000000e+00
   0.0000000e+00
   0.0000000e+00
   1.1310836e-02
   1.5810743e-02
   2.3842588e-02
   2.8290516e-02
   3.0975008e-02
   3.2417249e-02
   3.4767434e-02
   3.0007457e-02
   2.4215434e-02
   1.3478049e-02
   6.1044763e-03
   3.9583695e-04
  -3.5376893e-03
  -6.0631428e-03
  -7.6500955e-03
  -8.0930032e-03
  -7.1026664e-03
  -4.6155141e-03
  -2.9280345e-04
   5.1333951e-03
   1.1615613e-02
   1.9425064e-02
   2.7504249e-02
   3.4861535e-02
   3.9821763e-02
   3.9300576e-02
   2.8977551e-02
   0.0000000e+00
  -1.1377820e-02
   0.0000000e+00
   0.0000000e+00
   4.8111723e-02
   3.3909637e-02
   0.0000000e+00
   0.0000000e+00
   0.0000000e+00
   0.0000000e+00
   1.6638849e-02
   2.4219779e-02
   2.7109593e-02
   2.8759291e-02
   2.9062580e-02
   2.9068496e-02
   1.9890003e-02
   1.2077672e-02
   1.5866290e-03
  -3.8674532e-03
  -8.7984502e-03
  -1.2919789e-02
  -1.5398214e-02
  -1.6663503e-02
  -1.6421825e-02
  -1.4506279e-02
  -1.0761830e-02
  -4.8341583e-03
   1.9357745e-03
   9.1220858e-03
   1.6533460e-02
   2.2663027e-02
   2.7179617e-02
   2.8471883e-02
   2.4600200e-02
   1.3975346e-02
   4.8013799e-03
   5.9864540e-03
   0.0000000e+00
   9.5657896e-04
   3.3930975e-02
   1.9335953e-02
   0.0000000e+00
   0.0000000e+00
   0.0000000e+00
   0.0000000e+00
   1.3598925e-02
   2.1118164e-02
   2.3467962e-02
   2.4496354e-02
   2.4064403e-02
   2.1332767e-02
   1.2770395e-02
   4.7352947e-03
  -3.7910703e-03
  -5.8540286e-03
  -8.9213364e-03
  -1.1940629e-02
  -1.3792813e-02
  -1.4966065e-02
  -1.5200146e-02
  -1.4061501e-02
  -1.1419754e-02
  -6.8729511e-03
  -1.5491523e-03
   4.0336391e-03
   9.4530601e-03
   1.3211755e-02
   1.5202763e-02
   1.4261076e-02
   9.2792852e-03
   4.0869054e-07
   0.0000000e+00
   0.0000000e+00
   0.0000000e+00
   5.9196991e-03
   0.0000000e+00
   0.0000000e+00
   0.0000000e+00
   0.0000000e+00
   0.0000000e+00
   0.0000000e+00
   3.1430449e-03
   1.1115176e-02
   1.5295994e-02
   1.7240613e-02
   1.8099403e-02
   1.4859970e-02
   1.2517878e-02
   2.7617537e-03
  -3.6296847e-03
  -8.9340005e-04
  -7.8534585e-04
  -1.5823260e-03
  -2.1321399e-03
  -2.7187620e-03
  -3.0210407e-03
  -2.4746431e-03
  -9.2402741e-04
   1.7083004e-03
   4.8858020e-03
   8.3677089e-03
   1.1663925e-02
   1.3524394e-02
   1.3890751e-02
   1.2053853e-02
   6.0517155e-03
  -4.0787719e-03
   0.0000000e+00
   0.0000000e+00
  -1.6283436e-02
   1.5818824e-03
   0.0000000e+00
   0.0000000e+00
   0.0000000e+00
   0.0000000e+00
   0.0000000e+00
   0.0000000e+00
  -8.3526607e-03
   2.4992356e-04
   7.6598488e-03
   1.1926712e-02
   1.3794778e-02
   1.1674459e-02
   1.3173027e-02
   3.0202504e-03
  -4.6875534e-03
   3.3538756e-03
   7.1430853e-03
   9.0143021e-03
   9.9169376e-03
   1.0072186e-02
   9.8405203e-03
   9.7211838e-03
   1.0127866e-02
   1.0923877e-02
   1.2051760e-02
   1.3567712e-02
   1.5392016e-02
   1.6306260e-02
   1.4940477e-02
   9.9579955e-03
   1.7413571e-03
  -6.3189802e-03
  -2.1135504e-02
   0.0000000e+00
  -1.8720171e-02
  -6.6548585e-03
   0.0000000e+00
   0.0000000e+00
   0.0000000e+00
   0.0000000e+00
   0.0000000e+00
   0.0000000e+00
  -1.8606700e-02
  -8.3145677e-03
   2.3800035e-03
   9.0157032e-03
   1.1660842e-02
   0.0000000e+00
   8.1572732e-03
   4.3788112e-03
  -9.9599456e-03
  -1.2819658e-03
   4.8311669e-03
   9.1941087e-03
   1.2046918e-02
   1.3016953e-02
   1.2420912e-02
   1.0628324e-02
   8.7747118e-03
   7.0639532e-03
   5.9431195e-03
   5.5795768e-03
   6.0012536e-03
   6.0260897e-03
   3.5971550e-03
  -3.0038180e-03
  -1.0919547e-02
  -1.6137464e-02
  -2.1992214e-02
  -1.9367021e-02
  -2.5835281e-02
  -2.0484671e-02
  -1.0969173e-02
   0.0000000e+00
   0.0000000e+00
   0.0000000e+00
   0.0000000e+00
  -2.9901362e-02
  -2.9081160e-02
  -1.6625242e-02
   1.0673029e-03
   0.0000000e+00
   1.0940148e-02
   0.0000000e+00
   0.0000000e+00
   5.7802769e-03
  -1.6743377e-02
  -1.1858379e-02
  -6.9971476e-03
  -3.2131786e-03
   5.4403237e-05
   1.6136437e-03
   1.0783031e-03
  -1.5722687e-03
  -5.4730969e-03
  -9.8415632e-03
  -1.3528911e-02
  -1.6421549e-02
  -1.8055603e-02
  -1.7322645e-02
  -1.4254168e-02
  -1.3431404e-02
  -1.9418228e-02
  -2.5060056e-02
  -2.8586049e-02
  -2.9184535e-02
  -3.4483351e-02
  -3.7240643e-02
  -1.6636788e-02
   0.0000000e+00
   0.0000000e+00
   0.0000000e+00
  -2.6377134e-02
  -2.9605024e-02
  -3.6645498e-02
  -3.0451662e-02
  -2.6785598e-03
  -4.9205996e-03
   9.0206546e-03
   0.0000000e+00
   0.0000000e+00
  -4.5872638e-03
  -1.9144306e-02
  -1.8394772e-02
  -1.5640782e-02
  -1.3471765e-02
  -1.0381131e-02
  -7.9485951e-03
  -7.1765222e-03
  -9.0050595e-03
  -1.3460760e-02
  -1.9424671e-02
  -2.4971116e-02
  -3.0060166e-02
  -3.4255169e-02
  -3.5129480e-02
  -2.9432779e-02
  -1.6807392e-02
  -1.9069692e-02
  -2.7728155e-02
  -2.6884694e-02
  -2.9837701e-02
  -3.7719775e-02
  -5.2374445e-02
  -0.0000000e+00
   0.0000000e+00
   0.0000000e+00
  -1.3898095e-02
  -2.2915265e-02
  -2.7495408e-02
  -3.8216591e-02
  -5.3768682e-02
  -1.7829402e-02
  -6.7723189e-03
   0.0000000e+00
   0.0000000e+00
  -1.8689027e-02
  -9.1608399e-03
  -1.6787761e-02
  -1.9208049e-02
  -1.8139897e-02
  -1.7496688e-02
  -1.5400887e-02
  -1.2889312e-02
  -1.1321635e-02
  -1.1277782e-02
  -1.4274692e-02
  -1.9963248e-02
  -2.6165086e-02
  -3.2671891e-02
  -3.9578859e-02
  -4.4802619e-02
  -4.4720553e-02
  -2.4131816e-02
  -1.1262470e-02
  -2.5612242e-02
  -2.3404995e-02
  -2.7959342e-02
  -3.7238687e-02
  -5.6742202e-02
  -6.8991446e-02
   0.0000000e+00
   0.0000000e+00
  -8.2106668e-03
  -1.9182963e-02
  -2.4887193e-02
  -3.2876394e-02
  -5.2285005e-02
  -3.0026070e-02
  -0.0000000e+00
   0.0000000e+00
   0.0000000e+00
  -0.0000000e+00
  -6.2276219e-03
  -1.1333434e-02
  -1.6697038e-02
  -1.6928263e-02
  -1.7363569e-02
  -1.6655242e-02
  -1.4552669e-02
  -1.2741366e-02
  -1.0930956e-02
  -1.1445253e-02
  -1.5378139e-02
  -2.0280799e-02
  -2.5758799e-02
  -3.2663308e-02
  -4.0339217e-02
  -4.7578577e-02
  -3.5063781e-02
  -1.6326237e-02
  -1.8016875e-02
  -1.8442782e-02
  -2.3493728e-02
  -3.2670863e-02
  -4.7900941e-02
  -6.2050434e-02
   0.0000000e+00
   3.8379298e-03
  -4.7629951e-03
  -1.6146248e-02
  -2.1427408e-02
  -2.2105933e-02
  -6.2328860e-02
  -0.0000000e+00
   0.0000000e+00
   0.0000000e+00
   0.0000000e+00
   0.0000000e+00
  -1.4122735e-03
  -6.9039357e-03
  -1.2561037e-02
  -1.3935927e-02
  -1.5103055e-02
  -1.5197814e-02
  -1.3846302e-02
  -1.1946134e-02
  -9.6800048e-03
  -8.3969645e-03
  -1.0305968e-02
  -1.3283315e-02
  -1.6573053e-02
  -2.1627840e-02
  -2.9234614e-02
  -4.0888552e-02
  -4.6213696e-02
  -0.0000000e+00
   2.3081447e-03
  -1.2055447e-02
  -1.7632116e-02
  -2.5919957e-02
  -3.8855474e-02
  -4.6132284e-02
  -4.7204632e-03
   1.0653370e-02
  -2.9929623e-04
  -1.2409166e-02
  -1.9349456e-02
  -0.0000000e+00
  -5.5060228e-02
   0.0000000e+00
   0.0000000e+00
   0.0000000e+00
   0.0000000e+00
   0.0000000e+00
   1.1967777e-02
   1.7224069e-03
  -5.4912649e-03
  -7.9876901e-03
  -1.0232841e-02
  -1.1253982e-02
  -1.0957027e-02
  -9.3444621e-03
  -7.0708339e-03
  -5.2178370e-03
  -5.7696032e-03
  -7.5475178e-03
  -9.3259828e-03
  -1.2953320e-02
  -2.0375372e-02
  -3.5264425e-02
  -5.5416649e-02
   0.0000000e+00
   8.9554318e-03
  -6.6408605e-03
  -1.0244246e-02
  -1.5689420e-02
  -2.7354230e-02
  -3.4516401e-02
  -4.5004881e-03
   8.8064788e-03
   4.2084785e-03
  -5.6846798e-03
  -1.6471374e-02
  -1.6379425e-02
  -3.9274447e-02
  -3.8008688e-02
   0.0000000e+00
   0.0000000e+00
   0.0000000e+00
   0.0000000e+00
   1.6811177e-02
   1.1865355e-02
   4.9656373e-03
   1.4083940e-03
  -2.4248885e-03
  -4.8305541e-03
  -6.1233765e-03
  -5.3580375e-03
  -3.7104480e-03
  -2.1586691e-03
  -2.2854821e-03
  -3.8991021e-03
  -5.3374581e-03
  -7.9421187e-03
  -1.4758035e-02
  -3.1338580e-02
  -5.1053007e-02
   0.0000000e+00
   7.5378227e-03
  -3.5354444e-03
  -4.3540848e-03
  -6.5104617e-03
  -1.4858276e-02
  -2.6678361e-02
  -0.0000000e+00
   4.1685056e-03
   5.9116994e-03
  -5.3994039e-04
  -5.5418853e-03
  -8.9520328e-03
  -3.4090541e-02
  -2.1540159e-02
  -0.0000000e+00
   0.0000000e+00
   0.0000000e+00
   0.0000000e+00
   7.5945395e-03
   1.4202152e-02
   1.6652156e-02
   1.5910273e-02
   1.0807441e-02
   6.1282497e-03
   2.4008607e-03
   1.2296091e-03
   1.1663589e-03
   1.4706530e-03
   1.1641523e-03
  -4.4037955e-04
  -1.9447689e-03
  -3.7162562e-03
  -9.8766508e-03
  -2.7325721e-02
  -4.1499787e-02
   0.0000000e+00
   0.0000000e+00
  -0.0000000e+00
   2.3909785e-03
   1.2127478e-03
  -2.4502375e-03
  -1.4797752e-02
  -1.6046981e-02
  -1.8665063e-03
   5.2513391e-03
   3.7511701e-03
   1.7376845e-03
  -2.2395146e-03
  -2.0053887e-02
  -0.0000000e+00
  -0.0000000e+00
   0.0000000e+00
   0.0000000e+00
   0.0000000e+00
   2.6901395e-03
   5.0966262e-03
   1.6573390e-02
   2.7245879e-02
   2.5884382e-02
   2.0650138e-02
   1.4627690e-02
   1.0455075e-02
   8.1906346e-03
   6.3755186e-03
   5.1059658e-03
   3.2916317e-03
   1.8424045e-03
   8.2160195e-04
  -4.3909442e-03
  -2.2226430e-02
  -0.0000000e+00
   0.0000000e+00
   0.0000000e+00
   0.0000000e+00
   0.0000000e+00
   5.7595934e-03
   6.5028989e-03
  -1.2369266e-04
  -5.8913478e-03
  -7.6645886e-05
   5.6868408e-03
   5.2950463e-03
   0.0000000e+00
   5.6866362e-03
  -1.8386739e-03
   0.0000000e+00
   0.0000000e+00
   0.0000000e+00
   0.0000000e+00
   0.0000000e+00
  -0.0000000e+00
  -0.0000000e+00
   1.5716508e-03
   2.3192324e-02
   3.0923717e-02
   3.1386435e-02
   2.6528947e-02
   2.0954268e-02
   1.6758814e-02
   1.2631014e-02
   9.8737972e-03
   7.6694055e-03
   6.3709170e-03
   6.6809892e-03
   3.0459913e-03
  -1.2609485e-02
   0.0000000e+00
  -0.0000000e+00
  -0.0000000e+00
   0.0000000e+00
   0.0000000e+00
   0.0000000e+00
   9.0124617e-03
   8.8567746e-03
   2.9766983e-03
   1.8090653e-03
   3.3662402e-03
   0.0000000e+00
   0.0000000e+00
   0.0000000e+00
   0.0000000e+00
   0.0000000e+00
   0.0000000e+00
   0.0000000e+00
   0.0000000e+00
   0.0000000e+00
   0.0000000e+00
  -0.0000000e+00
  -1.6735595e-02
   6.3691828e-03
   2.1949895e-02
   2.9684086e-02
   3.0119793e-02
   2.5910456e-02
   2.1771829e-02
   1.6592152e-02
   1.3000081e-02
   1.0326486e-02
   9.6199000e-03
   1.1163604e-02
   1.0431046e-02
   4.4541415e-03
   0.0000000e+00
  -0.0000000e+00
  -0.0000000e+00
   0.0000000e+00
   0.0000000e+00
   0.0000000e+00
   0.0000000e+00
   0.0000000e+00
   9.2179007e-03
   3.2077422e-03
   2.1162933e-03
   0.0000000e+00
   0.0000000e+00
   0.0000000e+00
   0.0000000e+00
   0.0000000e+00
   0.0000000e+00
   0.0000000e+00
   0.0000000e+00
   0.0000000e+00
   0.0000000e+00
  -0.0000000e+00
  -2.3891033e-02
  -1.3974590e-03
   1.5612881e-02
   2.3925385e-02
   2.7286059e-02
   2.4675184e-02
   2.0801598e-02
   1.5261123e-02
   1.0830544e-02
   8.7082200e-03
   9.4938826e-03
   1.3136328e-02
   1.6709795e-02
   2.3075064e-02
   0.0000000e+00
   0.0000000e+00
  -0.0000000e+00
   0.0000000e+00
  -1.1846379e-02
  -1.0165497e-02
  -5.5331853e-03
  -0.0000000e+00
   0.0000000e+00
   0.0000000e+00
   0.0000000e+00
   0.0000000e+00
   0.0000000e+00
   0.0000000e+00
  -2.1020002e-03
   2.0806357e-03
   0.0000000e+00
   0.0000000e+00
   0.0000000e+00
   0.0000000e+00
   0.0000000e+00
  -0.0000000e+00
  -3.1067519e-02
  -1.4038611e-02
   2.3327502e-03
   1.2132591e-02
   1.6533518e-02
   1.5884941e-02
   1.2477991e-02
   7.4948356e-03
   3.6282749e-03
   3.2735943e-03
   6.2692747e-03
   1.3253937e-02
   2.0751429e-02
   2.8966506e-02
   0.0000000e+00
   0.0000000e+00
  -1.3011038e-02
  -5.1367151e-03
  -1.1161493e-02
  -1.0142169e-02
  -5.6905190e-03
  -0.0000000e+00
   0.0000000e+00
   0.0000000e+00
   0.0000000e+00
   0.0000000e+00
   0.0000000e+00
   0.0000000e+00
  -9.6643008e-03
  -3.7406348e-03
   0.0000000e+00
   0.0000000e+00
   0.0000000e+00
   0.0000000e+00
   0.0000000e+00
  -0.0000000e+00
  -0.0000000e+00
  -3.2877800e-02
  -1.8207303e-02
  -1.3569276e-02
  -6.1723203e-03
  -3.7421684e-03
  -4.0763761e-03
  -5.3749988e-03
  -5.5543394e-03
  -4.2906063e-03
  -5.7829398e-05
   9.7341714e-03
   2.3711128e-02
   0.0000000e+00
   0.0000000e+00
   0.0000000e+00
  -2.3362079e-03
   4.1087770e-03
  -0.0000000e+00
  -0.0000000e+00
  -0.0000000e+00
   0.0000000e+00
   0.0000000e+00
   0.0000000e+00
  -6.1170822e-03
  -6.4414186e-03
  -1.3509872e-02
  -1.7046971e-02
  -1.5763872e-02
  -1.6795883e-03
   0.0000000e+00
   0.0000000e+00
   0.0000000e+00
  -1.1595524e-03
  -9.2484098e-03
  -1.6280828e-02
  -5.7649964e-03
  -0.0000000e+00
  -0.0000000e+00
  -4.2916882e-02
  -3.0887802e-02
  -2.0875802e-02
  -1.6246064e-02
  -0.0000000e+00
  -0.0000000e+00
  -0.0000000e+00
  -0.0000000e+00
   0.0000000e+00
   0.0000000e+00
   0.0000000e+00
   0.0000000e+00
  -3.7649771e-03
   3.5668062e-03
   1.3606818e-02
   1.7428308e-02
   0.0000000e+00
   0.0000000e+00
   6.5901158e-03
   9.2055785e-03
   5.7634184e-03
   2.5563721e-03
  -2.7962183e-03
  -7.2725778e-03
  -1.3391674e-02
  -1.1698828e-02
  -5.4000373e-03
  -3.9703090e-03
  -2.3004756e-03
  -3.1990604e-03
