   3.1981805e-01   3.7670048e-01   5.3671109e-01   0.0000000e+00   0.0000000e+00   0.0000000e+00   1.5769502e+00   1.9614048e+00   1.8418072e+00   1.4644101e+00   0.0000000e+00   0.0000000e+00   0.0000000e+00   0.0000000e+00   0.0000000e+00   0.0000000e+00   0.0000000e+00   0.0000000e+00   0.0000000e+00   0.0000000e+00   0.0000000e+00   0.0000000e+00   0.0000000e+00   4.9639547e-01   4.6674383e-01   4.4494271e-01   3.8580904e-01   3.4655748e-01   2.8111786e-01   2.9898825e-01   4.1370067e-01   4.8794964e-01   4.0120875e-01   3.3457203e-01   2.7519360e-01   2.4596749e-01
   0.0000000e+00   0.0000000e+00   0.0000000e+00   0.0000000e+00   2.1983420e+00   1.7987995e+00   1.9801535e+00   1.5046555e+00   1.2349606e+00   9.1574247e-01   7.5484051e-01   5.5053288e-01   4.5471780e-01   6.6679331e-01   7.4151674e-01   7.3740109e-01   0.0000000e+00   0.0000000e+00   0.0000000e+00   0.0000000e+00   0.0000000e+00   0.0000000e+00   0.0000000e+00   0.0000000e+00   0.0000000e+00   0.0000000e+00   0.0000000e+00   7.1069678e-01   6.0321587e-01   4.8853904e-01   5.3325703e-01   6.5563470e-01   0.0000000e+00   0.0000000e+00   0.0000000e+00   0.0000000e+00
   0.0000000e+00   0.0000000e+00   0.0000000e+00   1.8315962e+00   1.6008641e+00   1.1706842e+00   7.8959137e-01   5.6106502e-01   5.0411779e-01   7.2646898e-01   1.1004260e+00   1.3614548e+00   1.4851923e+00   1.5011113e+00   1.4754336e+00   1.4019060e+00   0.0000000e+00   0.0000000e+00   0.0000000e+00   0.0000000e+00   0.0000000e+00   0.0000000e+00   0.0000000e+00   0.0000000e+00   0.0000000e+00   0.0000000e+00   3.0620279e-01   4.1709275e-01   0.0000000e+00   0.0000000e+00   0.0000000e+00   0.0000000e+00   0.0000000e+00   0.0000000e+00   0.0000000e+00   0.0000000e+00
   0.0000000e+00   0.0000000e+00   0.0000000e+00   1.7085190e+00   1.0011215e+00   8.9130348e-01   1.0796468e+00   1.3942659e+00   1.6644258e+00   1.8714996e+00   2.0979114e+00   2.2630022e+00   2.3300747e+00   2.2911186e+00   2.1451082e+00   2.0099922e+00   1.9879887e+00   0.0000000e+00   0.0000000e+00   0.0000000e+00   0.0000000e+00   0.0000000e+00   0.0000000e+00   0.0000000e+00   0.0000000e+00   1.4069744e+00   8.6133098e-01   0.0000000e+00   0.0000000e+00   0.0000000e+00   0.0000000e+00   0.0000000e+00   0.0000000e+00   0.0000000e+00   0.0000000e+00   0.0000000e+00
   0.0000000e+00   0.0000000e+00   0.0000000e+00   1.9120571e+00   1.5103622e+00   1.9754061e+00   2.3195579e+00   2.5333275e+00   2.6491877e+00   2.6995745e+00   2.7006759e+00   2.7242660e+00   2.7850273e+00   2.7843651e+00   2.6677262e+00   2.4236593e+00   2.0116119e+00   0.0000000e+00   0.0000000e+00   0.0000000e+00   0.0000000e+00   0.0000000e+00   0.0000000e+00   0.0000000e+00   2.0471215e+00   2.1004171e+00   2.4867857e+00   0.0000000e+00   0.0000000e+00   0.0000000e+00   0.0000000e+00   0.0000000e+00   0.0000000e+00   0.0000000e+00   0.0000000e+00   0.0000000e+00
   0.0000000e+00   0.0000000e+00   0.0000000e+00   2.5620150e+00   2.5671315e+00   2.9605751e+00   3.1424891e+00   3.0989833e+00   2.9632771e+00   2.8259367e+00   2.6989055e+00   2.6513193e+00   2.6712497e+00   2.7191155e+00   2.7373197e+00   2.7284988e+00   2.6869402e+00   0.0000000e+00   0.0000000e+00   0.0000000e+00   0.0000000e+00   0.0000000e+00   0.0000000e+00   2.7649092e+00   2.5649079e+00   2.4873397e+00   2.8186318e+00   3.2931012e+00   0.0000000e+00   0.0000000e+00   0.0000000e+00   0.0000000e+00   0.0000000e+00   0.0000000e+00   0.0000000e+00   0.0000000e+00
   0.0000000e+00   1.0653272e+00   2.6168867e+00   3.1598885e+00   3.4595077e+00   3.4778626e+00   3.2960598e+00   2.9680734e+00   2.6108539e+00   2.2922530e+00   2.0705245e+00   1.9666235e+00   1.9875753e+00   2.0649559e+00   2.2698174e+00   2.5557344e+00   3.1496898e+00   0.0000000e+00   0.0000000e+00   0.0000000e+00   0.0000000e+00   3.4754666e+00   3.5584867e+00   3.1095462e+00   2.5202417e+00   1.9411068e+00   2.2254165e+00   2.6839258e+00   3.0319370e+00   0.0000000e+00   0.0000000e+00   0.0000000e+00   0.0000000e+00   0.0000000e+00   0.0000000e+00   0.0000000e+00
   0.0000000e+00   1.4070186e+00   2.3637976e+00   3.0631751e+00   3.2059925e+00   2.8177722e+00   2.3174581e+00   1.8139153e+00   1.3878970e+00   1.0207963e+00   7.6774943e-01   6.8735087e-01   6.9757352e-01   8.0543292e-01   1.0778105e+00   1.5848343e+00   2.7284403e+00   0.0000000e+00   0.0000000e+00   0.0000000e+00   0.0000000e+00   3.1877488e+00   2.9211590e+00   2.3251278e+00   1.4019573e+00   9.2782042e-01   1.2222907e+00   1.3828699e+00   2.1860990e+00   2.6474035e+00   1.9841245e+00   0.0000000e+00   0.0000000e+00   0.0000000e+00   0.0000000e+00   0.0000000e+00
   0.0000000e+00   1.2944331e+00   2.1443141e+00   2.3217883e+00   1.9457695e+00   1.3250965e+00   7.3891938e-01   5.3951520e-01   6.3948971e-01   7.0801580e-01   7.8875697e-01   8.9676470e-01   8.9001942e-01   7.8138012e-01   7.1070826e-01   8.7918144e-01   2.2998738e+00   3.4683895e+00   1.2807086e+00   1.7213311e+00   2.5593954e+00   2.4384537e+00   1.8388633e+00   9.6340281e-01   8.8262147e-01   0.0000000e+00   8.0573338e-01   6.3496901e-01   9.2415488e-01   9.9239584e-01   1.3426786e+00   2.1437025e+00   2.6408682e+00   0.0000000e+00   0.0000000e+00   0.0000000e+00
   0.0000000e+00   1.4449244e+00   1.1845216e+00   9.3330365e-01   9.0383023e-01   1.2572253e+00   1.6988817e+00   2.0245020e+00   2.2881844e+00   2.4578609e+00   2.6093526e+00   2.7604206e+00   2.8024368e+00   2.7018070e+00   2.5342445e+00   2.3588662e+00   2.7331190e+00   3.5699177e+00   1.4735182e+00   1.0096794e+00   1.0773588e+00   8.6137033e-01   5.5834866e-01   1.3993142e+00   2.5648479e+00   3.3438950e+00   2.4110921e+00   1.8511919e+00   2.0660471e+00   1.9787517e+00   1.8360748e+00   2.6798036e+00   2.3823974e+00   0.0000000e+00   0.0000000e+00   0.0000000e+00
   0.0000000e+00   1.9205127e+00   1.8045731e+00   2.2108309e+00   2.7113612e+00   3.1733782e+00   3.4608579e+00   3.6183450e+00   3.7139816e+00   3.7582154e+00   3.8308687e+00   4.0320539e+00   4.1567755e+00   4.1527700e+00   4.1460013e+00   4.0324612e+00   3.7708943e+00   2.8273944e+00   0.0000000e+00   1.3746013e+00   7.9964590e-01   1.0055399e+00   1.7667778e+00   3.0174601e+00   4.2314707e+00   4.0119752e+00   3.6147560e+00   3.1774108e+00   3.1957101e+00   3.3874830e+00   0.0000000e+00   3.5167209e+00   0.0000000e+00   0.0000000e+00   0.0000000e+00   0.0000000e+00
   0.0000000e+00   2.9086036e+00   3.1779001e+00   3.8248641e+00   4.2965145e+00   4.6623573e+00   4.7872019e+00   4.7792692e+00   4.7063360e+00   4.6488147e+00   4.7212338e+00   4.9133835e+00   5.0426350e+00   5.1497765e+00   5.2969403e+00   5.2497797e+00   4.5825534e+00   2.6429118e+00   0.0000000e+00   2.0045228e+00   2.1864254e+00   2.6197808e+00   3.2905293e+00   4.4386306e+00   5.4396477e+00   0.0000000e+00   5.0634565e+00   4.4494271e+00   4.3634744e+00   4.0694787e+00   3.1673451e+00   4.5836919e+00   0.0000000e+00   0.0000000e+00   0.0000000e+00   0.0000000e+00
   3.1590818e+00   3.6028758e+00   4.0139461e+00   4.5601845e+00   4.9705787e+00   5.1987429e+00   5.2127242e+00   5.0958829e+00   4.8839669e+00   4.7545776e+00   4.7649040e+00   4.7987952e+00   4.8431473e+00   4.9662480e+00   5.1531048e+00   5.1837063e+00   4.5183468e+00   2.7044856e+00   3.1190876e+00   3.3373647e+00   3.6200397e+00   3.7801201e+00   4.0309448e+00   4.8996124e+00   0.0000000e+00   0.0000000e+00   5.5492371e+00   5.3392339e+00   5.1872220e+00   4.5734563e+00   3.6249547e+00   4.8730654e+00   3.3534411e+00   0.0000000e+00   0.0000000e+00   0.0000000e+00
   3.1073064e+00   3.3852766e+00   4.1960724e+00   4.5506740e+00   4.9261360e+00   5.0405450e+00   4.9456105e+00   4.6783576e+00   4.2902756e+00   4.0304561e+00   3.8694844e+00   3.7285631e+00   3.6500123e+00   3.7173841e+00   3.9216592e+00   4.1428022e+00   3.9512990e+00   3.4647391e+00   3.9032757e+00   4.4520130e+00   4.7055078e+00   4.5404997e+00   4.1704316e+00   4.4920669e+00   0.0000000e+00   0.0000000e+00   0.0000000e+00   5.7968258e+00   5.8428867e+00   4.7244552e+00   4.2696371e+00   5.1115173e+00   2.9188549e+00   3.3501004e+00   0.0000000e+00   0.0000000e+00
   0.0000000e+00   0.0000000e+00   3.6744167e+00   4.0173321e+00   4.3541136e+00   4.3425794e+00   4.0609603e+00   3.5538244e+00   2.9842150e+00   2.6484964e+00   2.4768739e+00   2.3625448e+00   2.3091950e+00   2.3446047e+00   2.5363307e+00   2.9598362e+00   3.4616370e+00   4.0471168e+00   4.6387162e+00   5.3442202e+00   5.8367329e+00   5.5781641e+00   4.2553940e+00   3.5948899e+00   0.0000000e+00   0.0000000e+00   0.0000000e+00   0.0000000e+00   6.4604088e+00   4.2340969e+00   4.0314379e+00   3.9762197e+00   2.0492525e+00   2.5093312e+00   2.7905748e+00   0.0000000e+00
   7.1887210e-01   0.0000000e+00   2.7508816e+00   3.0738204e+00   3.2950189e+00   3.1543355e+00   2.8002799e+00   2.3955235e+00   2.2204168e+00   2.3188887e+00   2.5271015e+00   2.7355075e+00   2.8721361e+00   2.9360816e+00   2.9493818e+00   3.0951924e+00   3.4630668e+00   4.0633073e+00   4.7409182e+00   5.6287284e+00   6.3127833e+00   6.1457396e+00   4.4005246e+00   2.6086592e+00   0.0000000e+00   0.0000000e+00   0.0000000e+00   0.0000000e+00   0.0000000e+00   0.0000000e+00   3.1565392e+00   1.9978747e+00   1.4331869e+00   1.5678092e+00   1.2441403e+00   0.0000000e+00
   6.1812830e-01   1.2801319e+00   1.7516767e+00   2.0081785e+00   2.2134404e+00   2.3031459e+00   2.4637382e+00   2.7727652e+00   3.2653441e+00   3.7841644e+00   4.2770157e+00   4.7200770e+00   5.0324850e+00   5.2057776e+00   5.1646724e+00   4.9431167e+00   4.5739479e+00   4.3007727e+00   4.5900869e+00   4.9424033e+00   0.0000000e+00   0.0000000e+00   4.3307634e+00   1.5404387e+00   0.0000000e+00   0.0000000e+00   0.0000000e+00   0.0000000e+00   0.0000000e+00   0.0000000e+00   2.0581333e+00   7.8045928e-01   1.0833256e+00   1.7431223e+00   2.9629551e+00   1.3500908e+00
   7.3003015e-01   1.2669362e+00   1.0538567e+00   1.1913270e+00   1.6837379e+00   2.3081553e+00   3.0370585e+00   3.7460966e+00   4.4165339e+00   4.9995197e+00   5.5179132e+00   5.9759371e+00   6.2816078e+00   6.4373319e+00   6.3749148e+00   6.0355546e+00   5.2965434e+00   4.1329827e+00   3.3335417e+00   3.3154040e+00   0.0000000e+00   0.0000000e+00   4.1901743e+00   2.0545998e+00   0.0000000e+00   0.0000000e+00   0.0000000e+00   0.0000000e+00   0.0000000e+00   0.0000000e+00   1.2319629e+00   6.5507356e-01   1.0712482e+00   1.5925743e+00   2.1232213e+00   1.1023087e+00
   1.1674144e+00   8.8353649e-01   4.4228516e-01   7.2803685e-01   1.3637834e+00   2.1655040e+00   3.0197026e+00   3.7821923e+00   4.4597229e+00   5.0076126e+00   5.4809836e+00   5.8855083e+00   6.1291978e+00   6.2353985e+00   6.1583459e+00   5.8547752e+00   5.1304487e+00   3.7342062e+00   1.9009074e+00   1.4692834e+00   0.0000000e+00   0.0000000e+00   0.0000000e+00   3.1362342e+00   0.0000000e+00   0.0000000e+00   0.0000000e+00   0.0000000e+00   0.0000000e+00   0.0000000e+00   1.4399282e+00   1.3383121e+00   1.5566965e+00   1.8603774e+00   2.0041273e+00   1.3992708e+00
   1.9655539e+00   1.4935737e+00   1.0244505e+00   1.0164945e+00   1.3009602e+00   1.7979290e+00   2.3863392e+00   2.9488037e+00   3.4934108e+00   3.9720967e+00   4.4507232e+00   4.9790182e+00   5.4621477e+00   5.8429632e+00   6.0481429e+00   5.9954872e+00   5.5209017e+00   4.3630123e+00   2.4584990e+00   1.3158884e+00   0.0000000e+00   0.0000000e+00   0.0000000e+00   3.9511218e+00   4.7415685e+00   3.1024208e+00   0.0000000e+00   0.0000000e+00   0.0000000e+00   0.0000000e+00   2.2702846e+00   2.3051465e+00   2.4994981e+00   2.7565682e+00   2.8681221e+00   2.2343600e+00
   3.2765636e+00   2.8433180e+00   2.3608220e+00   2.1243382e+00   2.0318482e+00   2.0402505e+00   2.1560450e+00   2.3636580e+00   2.6750429e+00   3.0776973e+00   3.6184766e+00   4.3779583e+00   5.1695857e+00   5.8283091e+00   6.2950540e+00   6.4741998e+00   6.3326840e+00   5.7184024e+00   4.4762778e+00   2.5981787e+00   0.0000000e+00   0.0000000e+00   0.0000000e+00   0.0000000e+00   5.2196399e+00   3.5686262e+00   0.0000000e+00   0.0000000e+00   0.0000000e+00   0.0000000e+00   3.0086889e+00   3.2070012e+00   3.4682050e+00   3.7613113e+00   3.8113358e+00   3.4471374e+00
   4.7425742e+00   4.4871402e+00   4.0127630e+00   3.6737208e+00   3.4286370e+00   3.1842012e+00   2.9654050e+00   2.8902647e+00   2.9868231e+00   3.2522631e+00   3.7139711e+00   4.3798504e+00   5.0634084e+00   5.6801643e+00   6.2291126e+00   6.5774283e+00   6.7325134e+00   6.5876541e+00   5.9742107e+00   4.6731335e+00   0.0000000e+00   0.0000000e+00   0.0000000e+00   0.0000000e+00   5.6694057e+00   4.5277710e+00   0.0000000e+00   0.0000000e+00   0.0000000e+00   3.4542096e+00   3.4629667e+00   3.9355619e+00   4.2894101e+00   4.6287112e+00   4.7279382e+00   4.6955299e+00
   5.6520567e+00   5.5638847e+00   5.1715126e+00   4.8000207e+00   4.5181861e+00   4.2391229e+00   3.9437611e+00   3.7686009e+00   3.7485645e+00   3.8551819e+00   4.0647631e+00   4.3012419e+00   4.5517406e+00   4.9201136e+00   5.4261160e+00   5.8918257e+00   6.2845621e+00   6.5665050e+00   6.6717310e+00   6.0880232e+00   0.0000000e+00   0.0000000e+00   0.0000000e+00   0.0000000e+00   5.9414577e+00   5.3386359e+00   0.0000000e+00   0.0000000e+00   0.0000000e+00   3.7139473e+00   3.4533308e+00   3.9613788e+00   4.7017989e+00   5.1066275e+00   5.3187709e+00   5.4776816e+00
   5.7203808e+00   5.7312527e+00   5.3753734e+00   4.9630775e+00   4.7252793e+00   4.4611349e+00   4.1801119e+00   4.0314379e+00   4.0030379e+00   4.0542645e+00   4.1033030e+00   4.0655890e+00   3.9950187e+00   4.0996280e+00   4.4535112e+00   4.9149771e+00   5.4053040e+00   5.9472070e+00   6.4806252e+00   6.3911777e+00   0.0000000e+00   0.0000000e+00   0.0000000e+00   0.0000000e+00   5.6076568e+00   5.7245665e+00   0.0000000e+00   0.0000000e+00   0.0000000e+00   3.3910904e+00   3.1115075e+00   3.5576592e+00   4.4494610e+00   5.0371857e+00   5.3569317e+00   5.5425711e+00
   4.9142270e+00   4.9866176e+00   4.6262298e+00   3.9900894e+00   3.9140103e+00   3.7422979e+00   3.5254025e+00   3.4554403e+00   3.4630346e+00   3.4794006e+00   3.4447026e+00   3.3144250e+00   3.1830108e+00   3.1876400e+00   3.3977826e+00   3.7721338e+00   4.2063670e+00   4.8077536e+00   5.5718145e+00   6.2350698e+00   4.4084198e+00   0.0000000e+00   0.0000000e+00   0.0000000e+00   4.9301785e+00   5.7727809e+00   0.0000000e+00   0.0000000e+00   0.0000000e+00   2.6552957e+00   2.6495639e+00   0.0000000e+00   3.5165449e+00   4.1108427e+00   4.5856647e+00   4.7844076e+00
   3.1222386e+00   3.2123408e+00   3.0712352e+00   1.9802600e+00   1.9719918e+00   1.9789057e+00   1.8859159e+00   1.9761894e+00   2.1283946e+00   2.1740646e+00   2.1267478e+00   1.9966160e+00   1.9264154e+00   2.0111756e+00   2.2106109e+00   2.4638751e+00   2.7520385e+00   3.1994510e+00   4.0483508e+00   5.4472113e+00   5.4706682e+00   0.0000000e+00   0.0000000e+00   0.0000000e+00   3.7877029e+00   5.3344889e+00   0.0000000e+00   0.0000000e+00   0.0000000e+00   1.5318949e+00   1.5354774e+00   0.0000000e+00   2.1419094e+00   2.2256651e+00   2.7741973e+00   3.0314565e+00
   1.2837360e+00   1.5066770e+00   2.0899822e+00   1.1145791e+00   1.1671673e+00   1.1152803e+00   9.1615361e-01   6.5501761e-01   4.9021614e-01   5.9939468e-01   6.3388807e-01   6.0274488e-01   6.2431246e-01   8.0397850e-01   1.0293694e+00   1.1607741e+00   1.2318660e+00   1.4070969e+00   2.2481432e+00   4.3051634e+00   4.9236174e+00   0.0000000e+00   0.0000000e+00   3.2743538e+00   2.4747734e+00   4.3410291e+00   0.0000000e+00   0.0000000e+00   0.0000000e+00   7.2994294e-01   1.1107926e+00   0.0000000e+00   0.0000000e+00   8.1868641e-01   7.8130412e-01   1.1129668e+00
   2.0330033e+00   2.3241646e+00   2.6037060e+00   0.0000000e+00   2.9989106e+00   3.0454524e+00   2.8066015e+00   2.3432069e+00   1.7935958e+00   1.4177583e+00   1.2137067e+00   1.1080400e+00   1.0539817e+00   1.0481130e+00   1.0489807e+00   1.0808654e+00   1.1278838e+00   1.0827919e+00   1.2932280e+00   3.2539787e+00   3.3449061e+00   0.0000000e+00   0.0000000e+00   1.9789701e+00   1.0262133e+00   2.4362884e+00   0.0000000e+00   0.0000000e+00   0.0000000e+00   1.3415934e+00   1.5417895e+00   0.0000000e+00   0.0000000e+00   1.6273217e+00   1.7104889e+00   1.8831502e+00
   3.6296680e+00   3.9231226e+00   4.1012830e+00   4.2963733e+00   4.5040159e+00   4.2236414e+00   3.9998479e+00   3.6144252e+00   3.0608850e+00   2.6156937e+00   2.3354158e+00   2.2466037e+00   2.2200868e+00   2.2195632e+00   2.2785923e+00   2.4045431e+00   2.6435552e+00   2.8786025e+00   2.8812815e+00   3.1441715e+00   0.0000000e+00   0.0000000e+00   1.4672552e+00   2.1401389e+00   2.2852580e+00   2.2593076e+00   0.0000000e+00   0.0000000e+00   1.2736964e+00   1.7047569e+00   2.5696641e+00   0.0000000e+00   2.3004453e+00   2.6408788e+00   3.1871986e+00   3.5001624e+00
   4.7019529e+00   4.9654008e+00   0.0000000e+00   4.7488772e+00   5.0167787e+00   4.1226597e+00   3.8116961e+00   3.7166886e+00   3.4620209e+00   3.1947165e+00   3.0186656e+00   3.0126793e+00   3.0862730e+00   3.2100048e+00   3.4151280e+00   3.6727576e+00   3.9888370e+00   4.3682556e+00   4.5023975e+00   3.9384491e+00   0.0000000e+00   2.3157983e+00   2.4056261e+00   3.4364314e+00   4.0397468e+00   3.5447912e+00   0.0000000e+00   0.0000000e+00   1.9638473e+00   2.4772031e+00   3.3766122e+00   3.2295536e+00   3.3321505e+00   3.7989202e+00   4.3335218e+00   4.6590066e+00
   4.7356819e+00   0.0000000e+00   0.0000000e+00   0.0000000e+00   0.0000000e+00   3.1575155e+00   2.8493780e+00   2.7821643e+00   2.8374118e+00   2.9119152e+00   2.9989528e+00   3.1120612e+00   3.2798800e+00   3.5589199e+00   3.8723450e+00   4.1707726e+00   4.4751642e+00   4.8100698e+00   5.0067135e+00   4.9016151e+00   0.0000000e+00   3.0151730e+00   3.5765085e+00   4.1506088e+00   4.5883718e+00   4.5109003e+00   0.0000000e+00   0.0000000e+00   1.9563828e+00   2.8980376e+00   3.4944382e+00   3.3530030e+00   3.8591316e+00   4.3472958e+00   4.6367252e+00   4.7317617e+00
   4.3131095e+00   0.0000000e+00   0.0000000e+00   0.0000000e+00   0.0000000e+00   0.0000000e+00   1.6398448e+00   1.6251225e+00   1.8858831e+00   2.1532593e+00   2.4056268e+00   2.6586254e+00   2.9386528e+00   3.2550776e+00   3.6062117e+00   3.8799858e+00   4.1043701e+00   4.2750192e+00   4.3771019e+00   4.4862640e+00   0.0000000e+00   2.9487966e+00   3.4341695e+00   3.7561219e+00   3.9656641e+00   4.1074476e+00   4.2226687e+00   3.3492998e+00   2.6556733e+00   2.9910979e+00   3.3139939e+00   3.3514497e+00   3.6144204e+00   3.8040905e+00   3.8871017e+00   3.8259794e+00
   0.0000000e+00   0.0000000e+00   0.0000000e+00   0.0000000e+00   0.0000000e+00   0.0000000e+00   8.0578845e-01   5.0977373e-01   7.9234248e-01   1.0624664e+00   1.3319852e+00   1.6367271e+00   1.9135023e+00   2.1886356e+00   2.3935935e+00   2.5379636e+00   2.6171637e+00   2.5705194e+00   2.4850895e+00   2.5052042e+00   1.9740326e+00   2.1176791e+00   2.4388545e+00   2.5366418e+00   2.5187225e+00   2.6437542e+00   2.9720144e+00   2.7698586e+00   2.5414555e+00   2.5388987e+00   2.4796934e+00   2.3246748e+00   2.2225392e+00   2.1424310e+00   2.0255237e+00   1.9437173e+00
   0.0000000e+00   0.0000000e+00   0.0000000e+00   0.0000000e+00   0.0000000e+00   0.0000000e+00   1.1363428e+00   7.1121991e-01   3.4907900e-01   4.8862252e-01   6.5328836e-01   7.3777831e-01   7.8991008e-01   7.9818302e-01   7.5894076e-01   7.6714832e-01   7.2804415e-01   6.2053978e-01   5.6727479e-01   5.6003553e-01   6.4970946e-01   9.0430933e-01   1.1247159e+00   1.1212013e+00   9.5481384e-01   9.3070656e-01   1.1806624e+00   1.2911431e+00   1.2596325e+00   1.1946660e+00   1.1347884e+00   1.0166575e+00   9.7115964e-01   8.9194804e-01   8.7985998e-01   9.7335140e-01
   1.9966986e+00   1.5016044e+00   1.1728970e+00   1.1256597e+00   1.1223274e+00   9.4163893e-01   1.2065022e+00   1.3043355e+00   9.9118359e-01   7.9193866e-01   8.4783685e-01   8.9784068e-01   8.8073314e-01   9.8794072e-01   9.4023507e-01   8.2794369e-01   8.3400964e-01   8.0326290e-01   1.1257109e+00   1.0762247e+00   8.4315610e-01   7.2129029e-01   6.8810046e-01   6.1589523e-01   4.5713561e-01   4.5580478e-01   4.2285044e-01   3.9080260e-01   2.8099489e-01   4.6820968e-01   6.4985736e-01   1.0608058e+00   1.2604734e+00   1.3977999e+00   1.6082686e+00   2.0683444e+00
   0.0000000e+00   1.0496334e+00   8.3999996e-01   0.0000000e+00   6.7158572e-01   7.8904215e-01   0.0000000e+00   1.6144521e+00   1.0845622e+00   1.0540699e+00   1.1397236e+00   1.1325572e+00   0.0000000e+00   1.6829079e+00   1.4099731e+00   1.6125323e+00   1.3648362e+00   1.4981463e+00   1.1331339e+00   9.7681434e-01   1.1377467e+00   1.4044859e+00   1.3169263e+00   8.8437756e-01   0.0000000e+00   0.0000000e+00   0.0000000e+00   0.0000000e+00   0.0000000e+00   0.0000000e+00   0.0000000e+00   0.0000000e+00   0.0000000e+00   0.0000000e+00   0.0000000e+00   0.0000000e+00
