   2.7342668e-01
   6.9769287e-01
   7.6501644e-01
   7.8687167e-01
   7.5468582e-01
   6.3893771e-01
   5.2427047e-01
   4.2702132e-01
   3.0971846e-01
   2.5455076e-01
   1.7563535e-01
   1.3906635e-01
   1.2755181e-01
   6.2465426e-02
   1.6373582e-02
  -2.9303355e-02
  -9.3750559e-02
  -1.5228279e-01
  -1.3117889e-01
  -1.3900702e-01
  -1.9736433e-01
  -2.8661099e-01
  -6.0687035e-01
  -8.4477556e-01
  -7.9720330e-01
  -8.4107900e-01
  -7.8426778e-01
  -7.8153425e-01
  -6.8954426e-01
  -5.6040263e-01
  -5.0238323e-01
  -5.1996183e-01
  -4.2558667e-01
  -1.8903659e-01
  -2.1383168e-01
  -2.0256411e-01
   7.6736504e-01
   1.6149089e+00
   1.4838650e+00
   1.2569140e+00
   8.5588086e-01
   4.6308297e-01
   1.9823028e-01
  -4.6063863e-02
  -2.0434867e-01
  -2.8500062e-01
  -2.3126039e-01
  -1.4589192e-01
  -6.4275481e-02
  -5.3530112e-02
  -1.1276868e-01
  -2.1463382e-01
  -2.8252560e-01
  -4.1701278e-01
  -3.9598203e-01
  -2.8664589e-01
  -1.5095323e-01
  -4.9046274e-02
  -3.6204809e-01
  -3.3479354e-01
  -2.1665788e-01
  -1.1382537e-01
  -1.9013517e-01
  -9.9034421e-02
   7.2530899e-03
   8.0952905e-02
  -1.3316303e-01
   1.3738629e-01
   3.0386277e-02
   4.0416863e-02
  -7.4147999e-02
   1.5575464e-01
   4.3475071e-01
   1.1925938e+00
   1.4538796e+00
   9.2228544e-01
   3.4393841e-01
  -1.3790062e-01
  -3.9474609e-01
  -5.7352483e-01
  -7.4022418e-01
  -7.1489400e-01
  -5.6006640e-01
  -3.3648220e-01
  -1.7231724e-01
  -1.0757058e-01
  -1.0144348e-01
  -1.7785215e-01
  -3.0919772e-01
  -4.7209063e-01
  -4.8941490e-01
  -3.7745121e-01
  -3.4739792e-02
   4.9663666e-01
  -1.8442702e-01
  -1.1499993e-01
   2.3676765e-01
   2.8194088e-02
   1.5930560e-01
   1.8146792e-01
  -6.6229656e-02
   9.1135398e-02
  -8.9411534e-02
  -2.1602951e-02
   1.5986358e-01
   1.7533986e-01
   5.3174847e-01
   3.6126304e-01
   3.3828162e-02
   7.6183122e-01
   9.2692530e-01
   2.7958462e-01
  -2.9485708e-01
  -6.1630082e-01
  -8.0777425e-01
  -9.5717794e-01
  -9.9566144e-01
  -9.0229130e-01
  -6.7077303e-01
  -4.5234123e-01
  -2.5217992e-01
  -1.3611078e-01
  -9.9312067e-02
  -1.7460889e-01
  -3.4253100e-01
  -5.5123568e-01
  -5.8132058e-01
  -4.0947762e-01
   1.7743361e-01
   9.2828983e-01
  -1.5258500e-01
   5.8045834e-02
   1.2949909e-01
   4.3544692e-01
   2.7738333e-01
  -9.7676106e-03
  -1.5695469e-01
   1.0034049e-01
  -9.1235146e-02
   2.8493968e-01
   9.4557390e-02
   3.8632080e-01
   4.2786101e-01
   2.0958042e-01
  -2.5296557e-01
   3.0141217e-01
   3.5093901e-01
  -3.3942762e-01
  -7.6041818e-01
  -8.8054550e-01
  -9.3093538e-01
  -1.0060444e+00
  -1.0188957e+00
  -8.9798105e-01
  -6.8331665e-01
  -5.0542516e-01
  -3.2623905e-01
  -1.9832025e-01
  -1.5455131e-01
  -2.2611037e-01
  -4.2677611e-01
  -5.6441027e-01
  -5.5018711e-01
  -2.6313341e-01
   4.6962336e-01
   1.1600983e+00
  -1.1714430e-02
   1.6936566e-01
   2.5217548e-01
   3.4014708e-01
  -2.3059657e-02
  -1.9191371e-02
  -7.6653957e-02
  -1.9980785e-01
  -1.3215375e-01
  -1.0279357e-01
  -2.6116036e-02
   5.4816049e-02
  -1.3115388e-01
  -1.3732430e-01
  -4.9388882e-01
  -4.3362784e-01
  -3.2199865e-01
  -7.7557454e-01
  -9.4931429e-01
  -8.8000851e-01
  -8.5069225e-01
  -8.7609261e-01
  -8.9734381e-01
  -8.1386361e-01
  -6.7053590e-01
  -5.1741704e-01
  -3.6116783e-01
  -2.2492276e-01
  -1.9911337e-01
  -2.5613338e-01
  -3.9491438e-01
  -4.5307100e-01
  -3.6611159e-01
  -3.2254668e-02
   8.7012642e-01
   1.6058080e+00
   4.6422458e-02
   4.6846694e-01
   2.5869103e-02
   3.2807191e-01
  -8.9064320e-02
  -1.6906538e-01
  -1.1611354e-01
  -3.1155794e-01
  -2.6101956e-01
  -3.6383554e-01
  -1.9941795e-01
  -4.0167736e-01
  -3.6542138e-01
  -2.7972834e-01
  -8.5795844e-01
  -8.8081336e-01
  -6.6443616e-01
  -8.4706533e-01
  -8.7760413e-01
  -7.0358229e-01
  -6.3058287e-01
  -6.4504534e-01
  -6.9669229e-01
  -6.6677296e-01
  -5.7577544e-01
  -4.5016882e-01
  -3.1854445e-01
  -1.8800743e-01
  -1.8296373e-01
  -2.1697384e-01
  -2.4837647e-01
  -2.3914349e-01
  -1.0523849e-01
   2.8679812e-01
   1.3407617e+00
   2.0679631e+00
   2.0152232e-01
   4.4646680e-01
   1.4081764e-02
   3.7313312e-01
  -2.9828954e-02
  -2.0601398e-01
  -3.3288786e-01
  -4.0762255e-01
  -5.4375136e-01
  -7.9675019e-01
  -6.7633182e-01
  -5.0979900e-01
  -5.2747232e-01
  -5.5028147e-01
  -7.7256044e-01
  -7.2197980e-01
  -4.6419603e-01
  -5.4300612e-01
  -5.1251477e-01
  -3.0639511e-01
  -2.0507205e-01
  -2.2890453e-01
  -3.3400276e-01
  -3.5855241e-01
  -3.2579985e-01
  -2.5299948e-01
  -1.7222031e-01
  -7.0455447e-02
  -8.3409101e-02
  -9.8448228e-02
  -6.7371957e-02
   2.3285765e-04
   1.8667764e-01
   7.1912813e-01
   1.9320960e+00
   2.3922381e+00
   2.2219901e-01
   4.6440643e-01
   2.3002151e-01
   4.8730245e-01
   4.5901275e-01
   1.4107783e-01
  -1.8948777e-01
  -3.8445839e-01
  -5.9414755e-01
  -1.0087119e+00
  -4.7095275e-01
  -4.9843565e-01
  -7.7003914e-01
  -7.6963717e-01
  -3.9126492e-01
  -4.3173805e-01
  -1.6209202e-01
  -1.0533386e-01
   1.2108524e-02
   2.3490074e-01
   3.2936543e-01
   2.6766747e-01
   9.6026175e-02
   2.2060227e-02
  -2.3164552e-02
  -1.7048534e-02
  -9.2233522e-03
   4.1128758e-02
   2.8303478e-02
   1.2148492e-02
   5.1402237e-02
   1.6935116e-01
   4.3048540e-01
   1.1301515e+00
   2.5060787e+00
   2.1480520e+00
   4.4652152e-01
   5.7723999e-01
   3.1223121e-01
   6.2422609e-01
   5.7564294e-01
   2.2577038e-01
  -1.1132847e-01
  -1.9897223e-01
  -5.3798509e-01
  -1.0555741e+00
  -5.9036985e-02
  -7.5841889e-02
  -3.7338614e-01
  -3.5108754e-01
   5.6911707e-01
   4.5523906e-01
   5.9238470e-01
   7.7627563e-01
   9.0710056e-01
   1.0517274e+00
   1.0642952e+00
   9.1518992e-01
   6.8222028e-01
   5.1746428e-01
   3.6940551e-01
   2.7726322e-01
   1.8473931e-01
   1.5988460e-01
   1.1385641e-01
   6.5778278e-02
   1.2157658e-01
   3.2059148e-01
   7.5445890e-01
   1.6470560e+00
   3.3845322e+00
   1.9296443e+00
   8.7480795e-01
   4.8355377e-01
   2.1247514e-01
   7.0350146e-01
   6.2507069e-01
   1.2934029e-01
  -1.1799639e-01
  -4.1303077e-01
  -6.6933656e-01
  -9.3137908e-01
   1.2517540e-01
   4.3335748e-01
   3.1316113e-01
   4.0818226e-01
   1.1515552e+00
   1.1269126e+00
   1.2955461e+00
   1.4319997e+00
   1.4914054e+00
   1.5556608e+00
   1.5186938e+00
   1.3241826e+00
   1.0608605e+00
   8.2428390e-01
   6.2451172e-01
   4.4109970e-01
   2.8932112e-01
   1.9307794e-01
   6.5160990e-02
   1.6047510e-03
   1.2989554e-01
   4.6977916e-01
   1.0689853e+00
   2.1224074e+00
   4.0093784e+00
   1.5775321e+00
   8.5735559e-01
   3.9657721e-01
   4.2896345e-01
   5.9887290e-01
   8.2069415e-01
   1.1636107e-01
  -2.1843822e-01
  -5.3088504e-01
  -9.3006986e-01
  -8.7354720e-01
   2.1697459e-01
   6.7085755e-01
   7.4386859e-01
   9.7139615e-01
   1.6656663e+00
   1.6884996e+00
   1.7542242e+00
   1.8235631e+00
   1.8335555e+00
   1.8464218e+00
   1.7710030e+00
   1.5481484e+00
   1.2598159e+00
   9.6701592e-01
   7.0571375e-01
   4.4741851e-01
   2.4452093e-01
   3.5801448e-02
  -1.4329839e-01
  -1.1304911e-01
   2.0070355e-01
   7.4958432e-01
   1.5289721e+00
   2.7379367e+00
   4.2748561e+00
   1.6024916e+00
   1.0744494e+00
   2.5032830e-01
   8.3089471e-01
   7.2576827e-01
   7.9558086e-01
  -7.4909188e-02
  -4.5821106e-01
  -5.9769356e-01
  -9.6671057e-01
  -6.1047214e-01
   5.6471652e-01
   1.0819250e+00
   1.2995206e+00
   1.5484244e+00
   1.9385791e+00
   1.9040481e+00
   1.8733933e+00
   1.8880910e+00
   1.8579476e+00
   1.8349136e+00
   1.7100632e+00
   1.4650301e+00
   1.1329744e+00
   7.8938419e-01
   4.9159938e-01
   2.4486639e-01
   4.3430895e-02
  -1.6311136e-01
  -2.3659730e-01
  -4.3179445e-02
   4.2758650e-01
   1.1411726e+00
   2.0516229e+00
   3.3149128e+00
   4.1002293e+00
   1.5733010e+00
   1.7508891e+00
   5.9431779e-01
   9.6569777e-01
   7.6362938e-01
   6.7129147e-01
  -3.2385173e-01
  -6.1052227e-01
  -7.6115096e-01
  -6.1654371e-01
  -2.0689985e-01
   9.6065086e-01
   1.4161798e+00
   1.6708426e+00
   1.8647426e+00
   1.9320575e+00
   1.8508019e+00
   1.7632071e+00
   1.7364430e+00
   1.6619560e+00
   1.5763749e+00
   1.3781723e+00
   1.0671005e+00
   6.6108537e-01
   3.1593892e-01
   8.3829544e-02
  -3.6350220e-02
  -9.8097332e-02
  -1.3764212e-01
  -3.6212757e-02
   2.5932932e-01
   7.8019935e-01
   1.5491060e+00
   2.4732478e+00
   3.5734246e+00
   3.8250284e+00
   1.7900342e+00
   2.2101846e+00
   2.8795248e-01
   6.7836314e-01
   7.2922438e-01
   2.7891919e-01
  -5.7611638e-01
  -5.5657119e-01
  -7.6578498e-01
  -4.8841742e-01
   3.3086735e-01
   1.2399771e+00
   1.5732632e+00
   1.8062413e+00
   1.9408003e+00
   1.7216966e+00
   1.5660839e+00
   1.4464158e+00
   1.3797431e+00
   1.2428443e+00
   1.0232670e+00
   6.8913394e-01
   2.5824317e-01
  -1.8584120e-01
  -4.6057600e-01
  -5.6110376e-01
  -5.2416807e-01
  -3.7998787e-01
  -1.6551979e-01
   1.6107735e-01
   5.9172708e-01
   1.1606247e+00
   1.9269155e+00
   2.7279086e+00
   3.4162107e+00
   2.9358940e+00
   1.8026725e+00
   1.8325760e+00
   1.7552784e-02
   5.5386633e-01
   5.9178263e-01
  -2.0508723e-01
  -4.6363294e-01
  -2.4358970e-01
  -4.4248402e-01
  -2.7526489e-01
   6.0491449e-01
   1.2434025e+00
   1.5068797e+00
   1.7161151e+00
   1.8205953e+00
   1.4173484e+00
   1.1674870e+00
   1.0142553e+00
   8.7139642e-01
   6.0630620e-01
   1.8772268e-01
  -3.1087127e-01
  -8.2516599e-01
  -1.2494965e+00
  -1.4995427e+00
  -1.6001600e+00
  -1.5756576e+00
  -1.3797789e+00
  -1.0117509e+00
  -4.5650285e-01
   1.6886140e-01
   8.6690509e-01
   1.7040304e+00
   2.5015163e+00
   2.9051979e+00
   2.0986409e+00
   1.3922254e+00
   8.5368037e-01
  -3.5906076e-01
  -9.4460212e-02
   1.6298260e-01
  -3.3998501e-01
  -3.7741521e-01
  -1.6651188e-01
  -3.1869695e-01
  -2.9774636e-01
   4.0816709e-01
   8.9978510e-01
   1.1688243e+00
   1.3876547e+00
   1.5532681e+00
   1.2188537e+00
   7.7020383e-01
   6.1712039e-01
   4.0484527e-01
   2.2356272e-02
  -5.1817763e-01
  -1.0659119e+00
  -1.5447437e+00
  -1.8957478e+00
  -2.1394520e+00
  -2.3193238e+00
  -2.4561994e+00
  -2.4720259e+00
  -2.3071394e+00
  -1.8100214e+00
  -1.1093274e+00
  -3.3658540e-01
   5.3418636e-01
   1.4238176e+00
   1.9735423e+00
   1.1869867e+00
   5.8411193e-01
   1.5966532e-01
  -6.2485379e-01
  -1.3892418e-01
  -7.1273491e-02
  -2.6742098e-01
  -5.4339176e-01
  -4.1727763e-01
  -2.9385471e-01
  -3.4972385e-01
   7.2579414e-02
   4.2430323e-01
   6.3298982e-01
   8.1327242e-01
   1.2242855e+00
   8.7888332e-01
   3.8899197e-01
   3.1180187e-01
   2.5109208e-01
   3.7060901e-02
  -2.8200826e-01
  -5.9231978e-01
  -8.3520724e-01
  -9.9011016e-01
  -1.1104416e+00
  -1.2561222e+00
  -1.4694291e+00
  -1.6989013e+00
  -1.8373254e+00
  -1.7219435e+00
  -1.3835506e+00
  -9.6819079e-01
  -4.6638298e-01
   1.9482688e-01
   7.9849579e-01
   5.6429278e-01
  -3.9723597e-01
  -2.4701548e-01
  -7.9133328e-01
  -6.8888769e-01
  -3.7557645e-01
  -4.7268188e-01
  -8.9544178e-01
  -9.4306499e-01
  -6.2343143e-01
  -1.7289164e-01
   6.1508317e-02
   2.4654535e-01
   2.4050117e-01
   2.3348765e-01
   7.6166943e-01
  -6.8607131e-01
  -4.6666956e-02
   1.3061300e-01
   4.5448432e-01
   7.6398507e-01
   1.0180430e+00
   1.1995617e+00
   1.2969583e+00
   1.3017636e+00
   1.2298410e+00
   1.0588081e+00
   7.6801708e-01
   4.1109238e-01
   1.0158026e-01
  -6.0821090e-02
  -9.0088625e-02
  -7.5741066e-02
  -4.5468817e-02
  -6.1999627e-02
  -1.4258717e-01
  -1.0380705e-01
  -8.1367423e-01
  -6.5588556e-01
  -6.3042180e-01
  -1.5518896e+00
  -6.9385592e-01
  -6.0333257e-01
  -1.6258491e+00
  -1.6979001e+00
   3.4154852e-01
   5.9043234e-01
   6.7965380e-01
   7.2646049e-01
   4.7182992e-01
   1.4642071e-01
  -3.8284297e-01
  -8.5039151e-01
  -4.4189996e-01
  -2.6761004e-01
   1.3830486e-01
   6.1277390e-01
   1.0939310e+00
   1.5579139e+00
   1.9322793e+00
   2.1240664e+00
   2.0854511e+00
   1.8016220e+00
   1.2801745e+00
   6.6536283e-01
   1.2665977e-01
  -2.6469427e-01
  -5.4787576e-01
  -8.3957136e-01
  -1.1878507e+00
  -1.4315416e+00
  -1.0213578e+00
   1.3596374e-01
  -1.0172137e+00
  -1.2720134e+00
  -5.5179739e-01
  -2.1329262e+00
  -9.0581930e-01
  -6.7728025e-01
  -1.6275681e+00
  -9.6401381e-01
   2.7066004e-01
   4.7014870e-02
   1.5959430e-01
   3.0583718e-01
   1.0213798e-01
  -4.5249653e-01
  -6.7738122e-01
  -8.6820030e-01
  -8.1167448e-01
  -7.6663065e-01
  -4.1792750e-01
  -4.0309317e-02
   2.8565845e-01
   6.7791426e-01
   1.0799507e+00
   1.3553357e+00
   1.3480142e+00
   9.8572904e-01
   3.4363571e-01
  -3.1342649e-01
  -8.2826734e-01
  -1.2217288e+00
  -1.5759588e+00
  -1.9753242e+00
  -2.4125602e+00
  -2.6613662e+00
  -2.0597773e+00
  -2.0713599e-01
  -1.5404661e+00
  -2.1516161e+00
  -5.5585462e-01
  -2.1567082e+00
  -1.0236801e+00
  -8.0563307e-01
  -9.6789235e-01
  -5.0376248e-01
  -3.6546284e-01
  -6.4648443e-01
  -5.1456046e-01
  -1.3535213e-01
   8.7853387e-02
  -5.9277004e-01
  -7.9162747e-01
  -7.3495924e-01
  -9.3185282e-01
  -1.1325341e+00
  -9.0307099e-01
  -6.2920821e-01
  -5.2501965e-01
  -3.6189374e-01
  -4.1612789e-02
   3.4464481e-01
   5.5810100e-01
   3.8884443e-01
  -8.6953379e-02
  -5.9908497e-01
  -1.0053835e+00
  -1.3521808e+00
  -1.7197598e+00
  -2.1903527e+00
  -2.8020957e+00
  -3.3953717e+00
  -3.6110384e+00
  -7.1056741e-01
  -2.8285375e+00
  -2.6565671e+00
  -8.4073728e-01
  -1.9998535e+00
  -1.3721488e+00
  -7.2275448e-01
  -5.1308382e-01
  -8.1699431e-01
  -1.0752414e+00
  -1.2081814e+00
  -1.1622058e+00
  -7.3063946e-01
   2.3528129e-02
  -2.3947261e-02
  -2.4890381e-01
  -2.3764926e-01
  -8.4906536e-01
  -1.2307737e+00
  -1.1526077e+00
  -9.0918547e-01
  -9.1352493e-01
  -9.9155897e-01
  -8.5531288e-01
  -4.1252768e-01
   1.5971774e-01
   4.8158833e-01
   3.7067953e-01
  -4.3539628e-03
  -4.1496515e-01
  -8.1844586e-01
  -1.2763712e+00
  -1.8911787e+00
  -2.7307687e+00
  -3.6080532e+00
  -4.3003640e+00
  -2.8511155e+00
  -3.4333189e+00
  -2.8567507e+00
  -1.7386060e+00
  -1.7315364e+00
  -1.8988202e+00
  -9.3104678e-01
  -2.5294745e-01
  -1.0079974e+00
  -1.4534961e+00
  -1.5505514e+00
  -1.7067873e+00
  -1.2212098e+00
  -6.9498330e-01
  -6.3785857e-01
   4.4418865e-01
   2.7841786e-01
  -7.4871320e-01
  -1.1886352e+00
  -1.2111862e+00
  -9.7046590e-01
  -9.5000207e-01
  -1.1623502e+00
  -1.2554343e+00
  -9.9100983e-01
  -3.6091986e-01
   3.6539736e-01
   7.0102912e-01
   5.5976826e-01
   1.6699225e-01
  -2.7029935e-01
  -7.4832964e-01
  -1.4184533e+00
  -2.3926661e+00
  -3.3944039e+00
  -3.9788966e+00
  -3.8257949e+00
  -3.1807544e+00
  -2.7104144e+00
  -2.2242689e+00
  -1.3816574e+00
  -1.7516572e+00
  -5.1459301e-01
  -1.1591160e-01
  -8.9930612e-01
  -1.4996842e+00
  -1.6595407e+00
  -2.2444150e+00
  -1.0314484e+00
  -7.4296105e-01
  -1.3308282e+00
   2.1723095e-01
   5.3681791e-01
  -4.1690373e-01
  -9.7557807e-01
  -1.0973200e+00
  -9.1152155e-01
  -8.3332849e-01
  -1.0634955e+00
  -1.3200207e+00
  -1.3295776e+00
  -9.5813483e-01
  -2.0657386e-01
   4.8709184e-01
   7.2681791e-01
   5.0501078e-01
   1.0185357e-01
  -3.1185549e-01
  -8.7876487e-01
  -1.7892908e+00
  -2.8425357e+00
  -3.1903553e+00
  -3.9688158e+00
  -2.5804033e+00
  -2.4312909e+00
  -2.1037741e+00
  -1.3832690e+00
  -1.8498195e+00
  -4.8674408e-01
   4.8929560e-03
  -8.0339694e-01
  -1.2782465e+00
  -1.3013445e+00
  -2.4638433e+00
  -1.2240739e+00
  -9.1532403e-01
  -2.1606579e+00
  -7.5175160e-01
   2.3603600e-01
   3.0163014e-01
  -4.4226965e-01
  -7.2315347e-01
  -6.3808185e-01
  -5.5678260e-01
  -7.4438357e-01
  -1.0906391e+00
  -1.2865514e+00
  -1.2039582e+00
  -7.2672939e-01
  -3.1330984e-02
   4.7159705e-01
   5.4948503e-01
   2.8400093e-01
  -2.7201235e-02
  -4.0024039e-01
  -1.0690004e+00
  -1.9601545e+00
  -2.1340721e+00
  -3.6426578e+00
  -2.1167519e+00
  -1.8513494e+00
  -1.9819850e+00
  -1.0553228e+00
  -1.7751808e+00
  -1.0027753e+00
   1.9801372e-01
  -5.6690264e-01
  -8.8073462e-01
  -6.3010657e-01
  -1.5817343e+00
  -2.0203724e+00
  -1.2637204e+00
  -2.1204107e+00
  -1.6337990e+00
  -4.8810974e-01
   5.6228286e-01
   2.1444631e-01
  -1.2147757e-01
  -1.6991940e-01
  -1.6440919e-01
  -3.3574480e-01
  -7.3059332e-01
  -1.0436873e+00
  -1.1232730e+00
  -8.7125504e-01
  -3.5362938e-01
   1.5851393e-01
   4.2638752e-01
   3.2637897e-01
   1.0716825e-01
  -1.0507883e-01
  -4.9145263e-01
  -1.0342646e+00
  -1.1360419e+00
  -2.8171332e+00
  -1.7702600e+00
  -1.4488739e+00
  -1.5859928e+00
  -9.6367872e-01
  -1.4060787e+00
  -1.0797162e+00
  -2.8086981e-01
   1.9149058e-02
   2.1846134e-02
  -2.4035278e-01
  -5.7814610e-01
  -9.5607311e-01
  -6.2866879e-01
  -1.2776722e+00
  -1.7728602e+00
  -6.4380944e-01
   2.6593858e-01
   6.8171835e-01
   7.9722112e-01
   7.1122801e-01
   5.2768189e-01
   2.5932330e-01
  -2.1059474e-01
  -6.3933206e-01
  -8.4092838e-01
  -7.4186003e-01
  -3.9321986e-01
  -5.3124044e-02
   2.4280247e-01
   2.7705589e-01
   1.6435502e-01
   8.1793785e-02
  -8.5051447e-02
  -2.3893586e-01
  -4.3900120e-01
  -1.8145354e+00
  -1.2952240e+00
  -1.0875456e+00
  -1.2653062e+00
  -6.8831891e-01
  -7.5226671e-01
  -2.3901777e-01
  -5.4185021e-01
  -8.8161841e-02
   1.4296114e-01
   3.3459002e-01
   2.7995184e-01
   1.1612013e-01
  -4.8851874e-03
  -3.9392015e-01
  -9.8502737e-01
  -7.0423833e-02
   3.5507935e-01
   5.9268993e-01
   1.1413641e+00
   1.4409771e+00
   1.2383862e+00
   8.2558616e-01
   2.3535267e-01
  -2.8236058e-01
  -5.3822547e-01
  -4.9219584e-01
  -1.9582006e-01
   2.4488282e-02
   2.2122794e-01
   2.6896366e-01
   2.1030948e-01
   1.7581059e-01
   1.0843223e-01
   2.1800203e-02
  -1.0039063e-01
  -1.0607097e+00
  -4.9628037e-01
  -7.2504121e-01
  -9.5433581e-01
  -4.6319232e-01
  -3.9346156e-01
  -1.3614652e-01
  -4.6028826e-01
  -2.1959972e-01
  -5.5227395e-02
   1.3780668e-01
   2.9207116e-01
   7.0115685e-01
   4.6265325e-01
  -2.0774908e-03
  -1.7878965e-01
   9.1248012e-01
   4.6298710e-01
   3.6863226e-01
   8.6348844e-01
   1.6197522e+00
   1.8432881e+00
   1.4366512e+00
   7.3903465e-01
   1.3152614e-01
  -1.5608442e-01
  -1.2754035e-01
   1.7390633e-01
   3.6827278e-01
   4.4649208e-01
   4.1141263e-01
   3.5562930e-01
   3.3427086e-01
   3.1515294e-01
   2.3057353e-01
   3.1487590e-01
  -3.0043864e-01
   4.9293384e-02
  -1.6260876e-01
  -2.4372455e-01
   1.7313616e-01
   1.4459705e-01
  -6.0861968e-03
  -2.7293772e-01
  -9.7272217e-02
  -1.5108630e-01
  -1.1130710e-01
  -4.8369139e-02
   1.5801919e-01
   2.7701566e-01
   9.5194280e-02
   3.9003995e-01
   2.1667990e-01
   4.6342766e-01
   2.1226370e-01
   6.2604578e-01
   1.3147357e+00
   1.8783643e+00
   1.6601184e+00
   1.0295051e+00
   4.1426560e-01
   9.7588514e-02
   1.3610539e-01
   4.7382563e-01
   7.1386113e-01
   7.8007579e-01
   6.8362027e-01
   5.5993653e-01
   5.0668484e-01
   4.8910615e-01
   5.4551024e-01
   7.7658236e-01
   3.8644832e-01
   2.9864592e-01
   1.6443054e-01
   4.9124293e-02
   1.4907258e-01
   3.7625030e-01
  -2.7846217e-01
  -1.7777832e-01
  -1.0570932e-01
  -1.6230881e-01
  -2.8711647e-01
  -2.2080128e-01
  -2.5128683e-01
   1.7324678e-01
   1.6814199e-01
   2.2252260e-01
  -1.8967406e-01
  -2.2439207e-01
  -3.8185260e-02
   8.9136146e-02
   7.0308140e-01
   1.5258209e+00
   1.4918450e+00
   1.0424694e+00
   5.0164759e-01
   1.8137647e-01
   2.2938632e-01
   5.6952637e-01
   8.6957920e-01
   9.7691399e-01
   9.0619124e-01
   7.4529451e-01
   6.3450043e-01
   6.0624467e-01
   6.7651790e-01
   8.1964710e-01
   6.8415866e-01
   4.9325973e-01
   6.2151949e-01
   1.0921116e-01
   5.1671326e-01
   2.8808191e-01
  -1.6219031e-01
  -2.7930078e-01
  -1.8571886e-01
  -1.4386393e-01
  -2.9046389e-01
  -4.9650651e-01
  -4.1545473e-01
  -4.2593017e-01
  -9.6398201e-02
   4.9913758e-02
  -1.1349597e-01
  -4.9888888e-01
  -4.8652348e-01
  -3.7661972e-01
  -1.8891245e-01
   4.4768497e-01
   7.7659582e-01
   6.4603490e-01
   3.1425592e-01
   9.0289442e-02
   1.4611538e-01
   4.5265865e-01
   7.6268284e-01
   8.9984953e-01
   9.0242881e-01
   7.7723520e-01
   6.2141037e-01
   5.5040365e-01
   5.7287172e-01
   8.4048247e-01
   7.6590085e-01
   7.0167879e-01
   9.1141611e-01
   2.6030552e-01
   6.5371452e-01
   5.7286733e-01
  -1.4440772e-02
   4.6804695e-02
  -5.7923537e-02
  -1.4072597e-01
  -2.1030646e-01
  -2.2684236e-01
  -2.6190287e-01
   1.4619250e-01
  -1.9497430e-01
  -2.1134202e-01
  -7.9762375e-01
  -6.1255932e-01
  -8.7594759e-01
  -1.1724745e+00
  -8.9031863e-01
  -4.6841529e-01
  -1.2326075e-01
  -2.5875259e-02
  -9.6001819e-02
  -1.2814099e-01
  -4.2730927e-02
   1.7473087e-01
   4.3735784e-01
   5.9481019e-01
   6.2949914e-01
   5.5484259e-01
   4.1643417e-01
   3.1529444e-01
   3.7878060e-01
   7.4006444e-01
   4.3433318e-01
   5.4227382e-01
   8.2467538e-01
   6.3518959e-01
   6.7054003e-01
   8.0492765e-01
   3.6865118e-01
   1.1635901e-01
   1.0803119e-01
  -1.0075305e-01
  -2.2744296e-01
  -1.9988431e-01
  -1.2394257e-02
  -2.3363930e-01
  -1.0110730e+00
  -6.0095066e-01
  -4.1770182e-01
  -8.7113672e-01
  -1.0724655e+00
  -1.0690384e+00
  -9.4065386e-01
  -7.8165019e-01
  -6.7024294e-01
  -5.9377712e-01
  -5.3122270e-01
  -4.1435132e-01
  -2.9859793e-01
  -1.6606495e-01
  -6.4048074e-02
   9.3146197e-02
   1.2723003e-01
   1.2057501e-01
   4.6659581e-02
   2.1369081e-02
   2.2080523e-01
   1.7897794e-01
   1.3011120e-01
   3.1732237e-01
   6.4314520e-01
   8.3084244e-01
   9.0264006e-01
   7.4788845e-01
   6.2924784e-01
   3.9870645e-01
   1.5661155e-01
   9.8975249e-02
  -8.0921320e-02
  -9.8135121e-02
   5.3254110e-01
   4.6283147e-01
  -5.1504505e-01
  -8.6105043e-01
  -1.0558199e+00
  -9.9647349e-01
  -1.0626240e+00
  -1.0650716e+00
  -1.0171627e+00
  -9.6040237e-01
  -9.2789078e-01
  -8.5479194e-01
  -7.6750487e-01
  -6.9614738e-01
  -5.9560800e-01
  -4.4708598e-01
  -3.8118711e-01
  -3.0519062e-01
  -2.4367532e-01
  -1.8548350e-01
  -1.4384176e-01
  -3.1545192e-02
   4.5057233e-02
   1.5890874e-01
   2.8540510e-01
   4.8730007e-01
   7.4782526e-01
   9.2197216e-01
   6.4859718e-01
   6.4594817e-01
   7.9167855e-01
   8.1966758e-01
   7.2421384e-01
   6.0436863e-01
   5.1858556e-01
   4.8116803e-01
   5.8979917e-01
   4.7132993e-01
  -1.4246723e-02
  -6.4281154e-01
