  5.551164e-01
  3.050569e-01
  2.985120e-01
  3.092211e-01
  3.103081e-01
  2.950147e-01
  2.751793e-01
  2.544827e-01
  2.397330e-01
  2.309022e-01
  2.171244e-01
  2.114049e-01
  2.067530e-01
  2.078448e-01
  2.134297e-01
  2.233094e-01
  2.264802e-01
  2.146414e-01
  2.118198e-01
  2.304374e-01
  2.439770e-01
  2.381908e-01
  2.290365e-01
  2.196898e-01
  2.147376e-01
  2.147546e-01
  2.201386e-01
  2.320965e-01
  2.556500e-01
  2.773778e-01
  2.966098e-01
  3.176786e-01
  3.340744e-01
  3.478476e-01
  3.691997e-01
  4.116809e-01
