  -7.2971813e-04
  -9.4559347e-03
  -0.0000000e+00
   0.0000000e+00
   0.0000000e+00
   0.0000000e+00
   0.0000000e+00
   0.0000000e+00
   0.0000000e+00
   0.0000000e+00
   0.0000000e+00
   0.0000000e+00
   0.0000000e+00
   0.0000000e+00
   2.2833598e-02
   1.9167379e-02
   1.3864983e-02
   0.0000000e+00
   0.0000000e+00
   0.0000000e+00
   0.0000000e+00
   0.0000000e+00
   1.6535534e-02
   1.2571330e-02
   9.5882948e-03
   6.3892582e-03
   5.5042301e-03
   3.7617079e-03
   1.9604911e-03
  -8.0920951e-04
  -6.0746300e-03
  -0.0000000e+00
  -0.0000000e+00
  -0.0000000e+00
  -1.3126384e-05
   1.7647211e-03
   0.0000000e+00
   0.0000000e+00
   0.0000000e+00
   0.0000000e+00
   0.0000000e+00
   0.0000000e+00
   0.0000000e+00
   0.0000000e+00
   0.0000000e+00
   0.0000000e+00
   0.0000000e+00
   0.0000000e+00
   0.0000000e+00
   0.0000000e+00
   2.6538050e-02
   1.9971026e-02
   1.2011593e-02
   0.0000000e+00
   0.0000000e+00
   0.0000000e+00
   0.0000000e+00
   1.4373475e-02
   8.1557511e-03
   5.8419905e-03
   1.1161352e-03
   4.1142775e-06
   9.5199753e-04
   7.6478295e-04
  -4.7505417e-04
  -1.4994201e-03
  -4.3846369e-03
  -7.4962162e-03
  -6.1041982e-03
  -1.5981446e-03
   1.4268310e-03
  -2.2183251e-03
   0.0000000e+00
   0.0000000e+00
   0.0000000e+00
   0.0000000e+00
   0.0000000e+00
   0.0000000e+00
   0.0000000e+00
   0.0000000e+00
   0.0000000e+00
   0.0000000e+00
   0.0000000e+00
   0.0000000e+00
   0.0000000e+00
   1.9897965e-02
   1.5561483e-02
   1.0217186e-02
   4.7706957e-03
  -9.0840658e-04
   0.0000000e+00
   0.0000000e+00
   1.6426843e-02
   5.5755787e-03
  -2.0154144e-03
  -7.2503462e-03
  -9.9329306e-03
  -7.7127344e-03
  -3.9881738e-03
  -1.9675442e-03
  -3.2728724e-03
  -6.2755118e-03
  -6.5491349e-03
  -9.2784297e-03
  -6.1676507e-03
   2.1914705e-03
   5.1075485e-03
   0.0000000e+00
   2.1072635e-03
   0.0000000e+00
   0.0000000e+00
   0.0000000e+00
   0.0000000e+00
   0.0000000e+00
   0.0000000e+00
   0.0000000e+00
   0.0000000e+00
   0.0000000e+00
   0.0000000e+00
   0.0000000e+00
   0.0000000e+00
   1.4106778e-02
   5.6824991e-03
  -1.3198075e-03
  -3.0529972e-03
  -2.8187795e-03
   2.1424865e-03
   9.8764307e-03
   6.9590276e-03
  -3.3069667e-03
  -1.2098211e-02
  -1.7088400e-02
  -1.6620398e-02
  -1.2647408e-02
  -7.9799648e-03
  -5.2852752e-03
  -5.5671139e-03
  -7.4676559e-03
  -8.7669948e-03
  -1.1240034e-02
  -9.1190394e-03
  -3.5650362e-03
  -3.9003520e-04
   1.4389333e-03
   3.4257090e-03
   0.0000000e+00
   0.0000000e+00
   0.0000000e+00
   0.0000000e+00
   0.0000000e+00
   0.0000000e+00
   0.0000000e+00
   0.0000000e+00
   0.0000000e+00
   0.0000000e+00
   0.0000000e+00
   0.0000000e+00
   6.1187758e-03
  -7.1800863e-03
  -1.3778876e-02
  -9.9623380e-03
  -4.3747136e-03
  -8.3624713e-05
   3.5999501e-03
  -4.5386390e-05
  -1.0048463e-02
  -1.8084418e-02
  -2.0869281e-02
  -1.8928532e-02
  -1.5109946e-02
  -1.1132178e-02
  -7.9681305e-03
  -7.6152026e-03
  -8.2410006e-03
  -9.8060435e-03
  -1.2139048e-02
  -1.1355134e-02
  -8.1657469e-03
  -5.2898526e-03
  -2.5470270e-04
   4.1950283e-03
   3.4053778e-03
   0.0000000e+00
   0.0000000e+00
   0.0000000e+00
   0.0000000e+00
   0.0000000e+00
   0.0000000e+00
   0.0000000e+00
   0.0000000e+00
  -3.2018478e-03
  -1.4016269e-02
   4.8743337e-03
   1.1093473e-03
  -1.8301004e-02
  -2.1022148e-02
  -1.4321167e-02
  -7.5050532e-03
  -2.2999105e-03
   1.2123483e-03
  -3.5044502e-03
  -1.2554192e-02
  -1.7697087e-02
  -1.7119753e-02
  -1.6414315e-02
  -1.4077179e-02
  -1.1357405e-02
  -9.2770183e-03
  -8.5113366e-03
  -8.5835071e-03
  -9.8013921e-03
  -1.1244513e-02
  -1.0886747e-02
  -9.9496205e-03
  -8.7763361e-03
  -4.1498381e-03
   2.6177216e-03
   5.8038861e-03
   0.0000000e+00
   0.0000000e+00
   0.0000000e+00
   0.0000000e+00
   0.0000000e+00
   0.0000000e+00
   0.0000000e+00
   3.1567570e-03
  -7.8528617e-03
  -1.1507552e-02
   0.0000000e+00
  -7.6324116e-03
  -2.3320179e-02
  -2.1796405e-02
  -1.4802791e-02
  -8.3864210e-03
  -2.7584748e-03
  -3.1109620e-04
  -4.5090066e-03
  -9.3594212e-03
  -1.0792601e-02
  -7.9295598e-03
  -1.1187608e-02
  -1.0517186e-02
  -9.1598304e-03
  -8.2713068e-03
  -7.2786566e-03
  -7.0969719e-03
  -7.6657855e-03
  -8.0238702e-03
  -8.1319222e-03
  -9.3796169e-03
  -9.1226650e-03
  -5.4670304e-03
   0.0000000e+00
   3.4437460e-03
   1.0496776e-02
   0.0000000e+00
   0.0000000e+00
   0.0000000e+00
   0.0000000e+00
   0.0000000e+00
  -0.0000000e+00
  -3.2697574e-03
  -5.6713971e-03
   6.6431903e-04
  -3.3714079e-03
  -1.6631285e-02
  -2.1289168e-02
  -1.7006969e-02
  -1.1163658e-02
  -5.8180345e-03
  -1.7691175e-03
  -3.4129100e-04
   8.8233312e-05
  -2.1246986e-04
  -1.4487658e-03
  -3.1583427e-03
  -8.1706764e-03
  -5.7140642e-03
  -4.6730391e-03
  -3.9187223e-03
  -3.1164385e-03
  -2.6840672e-03
  -2.7335326e-03
  -2.9029920e-03
  -4.0941346e-03
  -6.5247640e-03
  -6.0079128e-03
  -2.3969905e-04
   3.5492579e-03
   3.8077080e-03
   8.8932924e-03
   1.3302931e-03
  -1.1355082e-03
   0.0000000e+00
   0.0000000e+00
   0.0000000e+00
  -0.0000000e+00
  -4.9439641e-03
  -3.1420860e-03
   5.8102080e-03
  -2.6137228e-03
  -1.5281135e-02
  -1.4537192e-02
  -1.0618038e-02
  -6.2398091e-03
  -2.5317403e-03
  -3.6640558e-06
   2.2614077e-03
   8.6599570e-03
   2.1062863e-02
   0.0000000e+00
  -0.0000000e+00
  -5.0864620e-03
  -7.8468601e-04
   2.6185138e-04
   1.6927083e-03
   2.0843283e-03
   2.2564104e-03
   2.2309024e-03
   1.5718959e-03
  -4.1725807e-04
  -2.7744491e-03
  -1.4649613e-03
   5.9510167e-03
   0.0000000e+00
   2.6293196e-03
   6.1884327e-03
   9.0313712e-03
   1.2875116e-02
   0.0000000e+00
   0.0000000e+00
  -0.0000000e+00
  -1.3689414e-02
  -2.1910304e-03
   8.1111913e-04
   3.1355847e-03
  -3.7582777e-03
  -7.1607656e-03
  -5.6312894e-03
  -3.2652204e-03
  -7.2539074e-04
   1.4528232e-03
   3.5173395e-03
   8.3696833e-03
   1.9379564e-02
   3.1493183e-02
   2.0066376e-02
  -0.0000000e+00
   1.3981476e-04
   3.7042396e-03
   5.4840390e-03
   8.2832221e-03
   8.1674121e-03
   8.1480583e-03
   7.7192509e-03
   6.1715604e-03
   3.9596329e-03
   2.3765382e-03
   5.5828551e-03
   1.9375585e-02
   0.0000000e+00
  -0.0000000e+00
   4.7025881e-03
   1.5989594e-02
   2.4331410e-02
   0.0000000e+00
   0.0000000e+00
  -0.0000000e+00
  -6.6859098e-03
   1.6495672e-03
   3.3994078e-03
   2.2978412e-03
  -1.4561681e-03
  -1.4515350e-03
  -7.7844172e-04
   8.4387203e-04
   2.5466788e-03
   4.1311467e-03
   7.3350896e-03
   1.3334158e-02
   2.5356373e-02
   3.4100282e-02
   2.3937369e-02
   0.0000000e+00
   8.8429943e-03
   4.6607340e-03
   7.2080935e-03
   1.2347445e-02
   1.2574077e-02
   1.2315386e-02
   1.1125633e-02
   9.1731893e-03
   7.1405885e-03
   6.4242017e-03
   1.1679855e-02
   2.8954776e-02
   2.6483631e-02
  -0.0000000e+00
   8.5796993e-03
   2.5298743e-02
   3.8202932e-02
   0.0000000e+00
   0.0000000e+00
  -0.0000000e+00
  -4.4557000e-03
   4.8240866e-03
   3.4930643e-03
   2.4524217e-03
   2.9519389e-03
   2.2854635e-03
   2.5419141e-03
   3.7614154e-03
   5.1205559e-03
   7.1545243e-03
   1.1142653e-02
   1.7325383e-02
   2.9959649e-02
   3.8854953e-02
   2.6882607e-02
   0.0000000e+00
   1.8305898e-02
   4.5754116e-03
   1.0037255e-02
   1.5412360e-02
   1.6418559e-02
   1.5641984e-02
   1.3939896e-02
   1.1877114e-02
   1.0209961e-02
   1.0404739e-02
   1.7379899e-02
   3.1543322e-02
   2.0326237e-02
   0.0000000e+00
   1.6115244e-02
   3.5467345e-02
   5.1040836e-02
   0.0000000e+00
   0.0000000e+00
  -0.0000000e+00
   5.8502966e-03
   5.6207217e-03
   4.7769374e-03
   5.9822435e-03
   5.7477402e-03
   4.4909692e-03
   4.5863134e-03
   5.4174452e-03
   6.7818211e-03
   9.1665434e-03
   1.3501842e-02
   2.0940155e-02
   3.2228172e-02
   3.7157055e-02
   3.5055824e-02
   0.0000000e+00
   0.0000000e+00
   0.0000000e+00
   0.0000000e+00
   1.6579796e-02
   1.8177632e-02
   1.6829761e-02
   1.4790208e-02
   1.2929955e-02
   1.1754033e-02
   1.3079850e-02
   2.0443609e-02
   2.9089049e-02
   1.6426161e-02
   0.0000000e+00
   2.2333859e-02
   4.3597504e-02
   5.5908743e-02
   0.0000000e+00
   0.0000000e+00
  -2.4060417e-03
   7.1252468e-03
   8.4695257e-03
   8.3515840e-03
   8.5121868e-03
   7.0000463e-03
   6.0557504e-03
   6.0541150e-03
   6.6359658e-03
   8.1320331e-03
   1.0593237e-02
   1.5720574e-02
   2.3863213e-02
   3.2709219e-02
   3.9154576e-02
   4.0251059e-02
   0.0000000e+00
   0.0000000e+00
   0.0000000e+00
   0.0000000e+00
   1.7205778e-02
   1.7607309e-02
   1.5451979e-02
   1.3366722e-02
   1.2060723e-02
   1.1535321e-02
   1.4197212e-02
   2.0914033e-02
   2.5068121e-02
   1.3511572e-02
   1.1898189e-02
   2.7371628e-02
   4.2590929e-02
   4.9562223e-02
   0.0000000e+00
  -0.0000000e+00
  -1.5551262e-03
   6.9600088e-03
   1.0038026e-02
   9.1506476e-03
   8.1215445e-03
   7.1790814e-03
   6.9141565e-03
   7.1639870e-03
   8.0873463e-03
   9.8246476e-03
   1.2862012e-02
   1.8451789e-02
   2.5161797e-02
   3.0184971e-02
   3.5261412e-02
   0.0000000e+00
   0.0000000e+00
   0.0000000e+00
   0.0000000e+00
   0.0000000e+00
   0.0000000e+00
   1.3692986e-02
   1.1073650e-02
   9.6958168e-03
   9.4345501e-03
   1.0384063e-02
   1.4110616e-02
   1.8873835e-02
   1.9754613e-02
   1.1912609e-02
   1.0711523e-02
   2.5358063e-02
   3.0576075e-02
   0.0000000e+00
   0.0000000e+00
  -0.0000000e+00
  -1.7444242e-03
   4.2508203e-03
   5.7265516e-03
   4.2760111e-03
   3.6562718e-03
   3.4530049e-03
   3.6314360e-03
   4.6910406e-03
   6.7112446e-03
   9.6995216e-03
   1.3646040e-02
   1.8518874e-02
   2.2139478e-02
   2.4101520e-02
   2.8016736e-02
   0.0000000e+00
   0.0000000e+00
   0.0000000e+00
   0.0000000e+00
   0.0000000e+00
   0.0000000e+00
   5.3175250e-03
   3.7931788e-03
   3.3623665e-03
   4.1179610e-03
   6.3566496e-03
   1.0265801e-02
   1.3340200e-02
   1.3357572e-02
   7.5126095e-03
   1.2976456e-02
   2.0179795e-02
   1.3358468e-02
  -5.7701747e-03
   0.0000000e+00
  -0.0000000e+00
  -4.1986839e-03
  -1.2267608e-03
  -1.4090873e-03
  -2.6896088e-03
  -3.5134861e-03
  -4.3143779e-03
  -4.4932850e-03
  -3.2111721e-03
  -2.9228121e-04
   3.6284076e-03
   7.8527639e-03
   1.2009196e-02
   1.4856243e-02
   1.6876502e-02
  -0.0000000e+00
  -8.6426929e-03
   0.0000000e+00
   0.0000000e+00
   0.0000000e+00
   0.0000000e+00
   0.0000000e+00
  -3.3538532e-03
  -4.9168868e-03
  -5.2863155e-03
  -4.5929304e-03
  -2.6466460e-03
   5.4946402e-04
   3.2643375e-03
   5.0751069e-03
  -2.0862287e-03
   1.0923503e-02
   1.2154656e-02
   3.3895942e-03
  -2.9328907e-03
   0.0000000e+00
  -0.0000000e+00
  -3.6253261e-03
  -2.2426922e-03
  -2.6340365e-03
  -3.6110573e-03
  -4.4156806e-03
  -5.2714393e-03
  -5.6362103e-03
  -5.0473324e-03
  -3.3233993e-03
  -1.1240059e-03
   1.2461663e-03
   3.5341136e-03
   5.5015816e-03
   6.5489301e-03
  -0.0000000e+00
  -6.8177393e-03
   0.0000000e+00
   0.0000000e+00
   0.0000000e+00
   0.0000000e+00
   2.0161314e-03
  -3.7910775e-03
  -7.1872972e-03
  -7.1420689e-03
  -7.1704230e-03
  -6.7439332e-03
  -5.8959674e-03
  -5.3638390e-03
  -4.9872402e-03
  -1.2077776e-02
   5.7273342e-03
   2.5355897e-03
  -4.1028755e-03
  -3.9500872e-04
   0.0000000e+00
  -0.0000000e+00
   3.8091543e-04
   3.5623510e-03
   4.8574525e-03
   5.3382356e-03
   5.5943511e-03
   5.6971566e-03
   5.7929729e-03
   6.0479210e-03
   6.3544132e-03
   6.5089349e-03
   6.4073430e-03
   5.1940692e-03
   2.3556251e-03
  -3.4750170e-03
  -1.2449174e-02
  -6.0988208e-03
   0.0000000e+00
  -0.0000000e+00
  -0.0000000e+00
  -0.0000000e+00
   5.8590577e-03
   5.2611580e-03
  -1.9596207e-04
   9.2270424e-04
   6.8197636e-04
   9.0399965e-05
  -1.3056340e-03
  -3.7513375e-03
  -8.2432068e-03
  -2.2089725e-02
  -7.5591230e-03
  -1.0571806e-03
  -1.3486398e-02
  -4.3517267e-03
   0.0000000e+00
  -1.1007901e-02
  -4.4795224e-03
   9.9571818e-04
   4.2602173e-03
   6.0842666e-03
   7.1150698e-03
   7.5786463e-03
   7.3889080e-03
   6.8216538e-03
   5.6342473e-03
   3.7948987e-03
   1.2656673e-03
  -2.7041701e-03
  -8.0583058e-03
  -1.4479938e-02
  -1.7821260e-02
  -8.8043542e-03
   0.0000000e+00
  -1.6968668e-02
  -1.3976411e-02
  -4.1809336e-03
   6.3699164e-04
   8.0266787e-04
  -1.4070035e-03
  -1.9405831e-03
  -2.1696510e-03
  -3.5564776e-03
  -6.2392578e-03
  -1.0300507e-02
  -1.5967850e-02
  -2.7373374e-02
  -2.5474746e-02
   0.0000000e+00
  -2.8504148e-02
  -1.9100364e-02
   0.0000000e+00
  -2.0170268e-02
  -1.4811693e-02
  -9.1049131e-03
  -4.5812153e-03
  -1.5771381e-03
   1.5873672e-04
   8.2855381e-04
   3.6787899e-04
  -6.9181219e-04
  -2.6179007e-03
  -5.1999884e-03
  -8.5093938e-03
  -1.2734505e-02
  -1.7623920e-02
  -2.3140941e-02
  -2.8399942e-02
  -2.0086110e-02
  -0.0000000e+00
  -1.9573037e-02
  -1.4864721e-02
  -8.6267758e-03
  -6.9913068e-03
  -8.7482615e-03
  -4.5225012e-03
  -6.8806438e-03
  -7.8156805e-03
  -9.4339214e-03
  -1.1917938e-02
  -1.5492168e-02
  -2.0779759e-02
  -2.7118213e-02
  -3.3208176e-02
   0.0000000e+00
  -4.2146139e-02
  -4.2703696e-02
  -0.0000000e+00
  -2.9736124e-02
  -2.6936015e-02
  -2.2308711e-02
  -1.7163252e-02
  -1.2280419e-02
  -8.4030433e-03
  -5.6779524e-03
  -4.9783024e-03
  -5.4327725e-03
  -7.3560365e-03
  -9.9734571e-03
  -1.3416985e-02
  -1.7541749e-02
  -2.2006674e-02
  -2.7473938e-02
  -3.6228143e-02
  -3.1665259e-02
  -2.3820813e-02
  -2.6677327e-02
  -2.0215081e-02
  -1.4098219e-02
  -1.1357892e-02
  -1.1116919e-02
  -1.2263371e-02
  -7.5666076e-03
  -9.3270540e-03
  -1.1222416e-02
  -1.3784856e-02
  -1.6460126e-02
  -2.0390017e-02
  -2.1504691e-02
  -2.8799678e-02
  -1.9204138e-02
  -3.8805664e-02
  -2.8890381e-02
  -2.3617269e-02
  -3.3850174e-02
  -3.4325048e-02
  -3.2702725e-02
  -2.9452050e-02
  -2.4354406e-02
  -1.8948857e-02
  -1.3692340e-02
  -1.0752831e-02
  -9.2347721e-03
  -9.7037898e-03
  -1.1677993e-02
  -1.4818419e-02
  -1.8887306e-02
  -2.3381913e-02
  -2.8743260e-02
  -3.3624031e-02
  -3.5182044e-02
  -3.5439298e-02
  -3.2150872e-02
  -2.4966355e-02
  -1.7998219e-02
  -1.4381041e-02
  -1.2478269e-02
  -1.0725867e-02
  -7.3988279e-03
  -8.8063283e-03
  -1.0474375e-02
  -1.3751810e-02
  -1.6628746e-02
  -1.8670091e-02
  -2.0085843e-02
  -1.9118616e-02
  -1.8136546e-02
  -2.2660287e-02
  -2.0648705e-02
  -2.5185445e-02
  -3.2038212e-02
  -3.4338620e-02
  -3.4689993e-02
  -3.4058683e-02
  -3.0947698e-02
  -2.6535196e-02
  -2.1090867e-02
  -1.7276531e-02
  -1.4476209e-02
  -1.3050460e-02
  -1.3808231e-02
  -1.5802208e-02
  -1.9129219e-02
  -2.2969870e-02
  -2.8211910e-02
  -3.3552349e-02
  -3.5199173e-02
  -3.4465168e-02
  -3.1965174e-02
  -2.6123952e-02
  -1.8785082e-02
  -1.5561360e-02
  -1.2782769e-02
  -9.6706152e-03
  -9.3075400e-03
  -9.2245517e-03
  -9.7841313e-03
  -1.2955467e-02
  -1.6659651e-02
  -1.9136431e-02
  -2.0746104e-02
  -1.9857030e-02
  -1.6875669e-02
  -1.5034538e-02
  -1.7280987e-02
  -2.1496197e-02
  -2.6385115e-02
  -2.9157558e-02
  -3.0514916e-02
  -3.1031325e-02
  -2.9939711e-02
  -2.7541438e-02
  -2.3803661e-02
  -2.0708017e-02
  -1.8128669e-02
  -1.5817948e-02
  -1.5314898e-02
  -1.5898969e-02
  -1.7873703e-02
  -2.0435322e-02
  -2.3793733e-02
  -2.6667230e-02
  -2.8099718e-02
  -2.7608685e-02
  -2.4262104e-02
  -2.2916919e-02
  -1.6517051e-02
  -1.2548984e-02
  -1.1779393e-02
  -1.1174878e-02
  -1.0894504e-02
  -9.9481819e-03
  -9.0660416e-03
  -1.1021567e-02
  -1.4880890e-02
  -1.8449461e-02
  -1.8232768e-02
  -1.9536110e-02
  -1.6623899e-02
  -1.1912505e-02
  -1.2162943e-02
  -1.4583793e-02
  -1.8398900e-02
  -2.0589717e-02
  -2.2378903e-02
  -2.3239817e-02
  -2.3046521e-02
  -2.1857977e-02
  -1.9637255e-02
  -1.7767413e-02
  -1.5974516e-02
  -1.4146612e-02
  -1.3220856e-02
  -1.2969738e-02
  -1.3749693e-02
  -1.5105583e-02
  -1.7421754e-02
  -1.9323595e-02
  -2.0492427e-02
  -2.2230772e-02
  -1.5196620e-02
  -1.4015586e-02
  -1.2874283e-02
  -5.1722121e-03
  -5.6491145e-03
  -6.7564719e-03
  -8.0321226e-03
  -8.0644041e-03
  -6.8924590e-03
  -7.6544154e-03
  -1.0968809e-02
  -1.4749146e-02
  -1.2971257e-02
  -1.5627740e-02
  -1.4685013e-02
  -8.4964400e-03
  -5.5445386e-03
  -7.2916700e-03
  -1.0049521e-02
  -1.2083694e-02
  -1.3776296e-02
  -1.4850002e-02
  -1.4950840e-02
  -1.4272565e-02
  -1.2777185e-02
  -1.1565165e-02
  -1.0409043e-02
  -9.0377573e-03
  -8.0800252e-03
  -7.7309706e-03
  -7.9220105e-03
  -8.5703423e-03
  -1.0262154e-02
  -1.3023492e-02
  -1.6382659e-02
  -2.1024484e-02
  -9.1074416e-03
  -3.3753959e-03
  -8.4755804e-03
   1.2696929e-04
  -7.6866371e-04
  -2.1273053e-04
  -5.1840552e-04
  -1.5739669e-03
  -1.6991592e-03
  -2.4306991e-03
  -5.4937163e-03
  -9.1763735e-03
  -3.3896517e-03
  -6.0484265e-03
  -7.3260656e-03
  -3.5642441e-03
   1.6807562e-03
  -3.5535038e-04
   1.4798229e-03
  -1.0856616e-03
  -2.7759888e-03
  -4.0244944e-03
  -4.2015938e-03
  -3.7783959e-03
  -3.0932869e-03
  -2.4090391e-03
  -1.9919258e-03
  -1.2919446e-03
  -6.3505006e-04
  -1.7760940e-04
  -3.2624317e-04
  -5.7128386e-04
  -1.3648638e-03
  -3.9698514e-03
  -1.0407353e-02
  -1.8625916e-02
   8.5193897e-04
   8.6791505e-03
   3.2651775e-03
   6.8714125e-03
   6.2769759e-05
   5.2321283e-04
   4.6644346e-03
   9.4704349e-03
   9.8707117e-03
   7.9119829e-03
   4.2268280e-03
   1.7140713e-04
   6.0108169e-03
   4.6477522e-03
   4.4441456e-03
   5.9820763e-03
   9.6406245e-03
   2.9400683e-03
   4.8267473e-03
   8.3043575e-03
   7.3192851e-03
   6.5328921e-03
   6.5520244e-03
   6.6166562e-03
   6.5797120e-03
   6.3289550e-03
   5.8942833e-03
   5.6506665e-03
   5.6112854e-03
   6.0868724e-03
   6.1456533e-03
   6.3366780e-03
   6.2484732e-03
   4.8103714e-03
  -8.3191642e-04
  -6.1335418e-03
   0.0000000e+00
   0.0000000e+00
   0.0000000e+00
   1.1643995e-02
   2.9848263e-03
   1.2062789e-03
   3.9195539e-03
   1.1207430e-02
   1.7739831e-02
   1.7050557e-02
   1.3492740e-02
   9.1650914e-03
   1.5491007e-02
   1.5675951e-02
   1.8070806e-02
   2.1393787e-02
   2.5195377e-02
   1.7990872e-02
   8.1099821e-03
   1.9983921e-02
   1.9858301e-02
   2.0072380e-02
   2.0946786e-02
   2.0948334e-02
   1.9942930e-02
   1.8521249e-02
   1.6490230e-02
   1.4379883e-02
   1.3111175e-02
   1.2854420e-02
   1.3126418e-02
   1.3926724e-02
   1.4854223e-02
   1.5206954e-02
   1.2858036e-02
   1.2900211e-02
   0.0000000e+00
   0.0000000e+00
   0.0000000e+00
   0.0000000e+00
   4.1547543e-03
   2.4459560e-03
   5.2194381e-03
   1.0985832e-02
   2.1816410e-02
   2.3952756e-02
   2.1735501e-02
   1.8002992e-02
   1.7919419e-02
   1.8582913e-02
   2.2445906e-02
   2.7481908e-02
   3.2664001e-02
   2.8898200e-02
   1.0055677e-02
   2.4962665e-02
   2.7124919e-02
   2.7816378e-02
   2.9427409e-02
   3.0169694e-02
   2.8928371e-02
   2.6812953e-02
   2.3622075e-02
   1.9617919e-02
   1.6623190e-02
   1.5056469e-02
   1.4716698e-02
   1.5776124e-02
   1.7542750e-02
   1.9894779e-02
   2.1515247e-02
   2.3253618e-02
   2.8806139e-02
   1.4607213e-02
  -1.4942792e-04
  -4.4896227e-04
   1.5449970e-04
   1.0284465e-03
   4.1942410e-03
   8.3073546e-03
   1.8506780e-02
   2.3121109e-02
   2.2271157e-02
   1.9444106e-02
   1.2647450e-02
   1.2895343e-02
   1.5956394e-02
   2.1057948e-02
   2.7021343e-02
   2.5840343e-02
   6.6236799e-03
   1.8676125e-02
   2.3083127e-02
   2.4968439e-02
   2.6974350e-02
   2.8456508e-02
   2.8393051e-02
   2.6226860e-02
   2.2771417e-02
   1.7947783e-02
   1.3567431e-02
   1.0780059e-02
   9.6847273e-03
   1.0736858e-02
   1.2912542e-02
   1.6840286e-02
   2.1807078e-02
   2.7338513e-02
   2.9932745e-02
   2.0841431e-02
   6.9907663e-03
  -5.3973478e-04
  -4.2101489e-03
  -3.7546787e-03
  -9.6647977e-04
   2.7035677e-03
   9.6868656e-03
   1.4673695e-02
   1.5049784e-02
   1.3349934e-02
   2.8509833e-03
   2.6856178e-03
   3.8769629e-03
   7.3921229e-03
   1.2088246e-02
   1.0339059e-02
   2.1075548e-03
   8.1906342e-03
   1.0992023e-02
   1.3181443e-02
   1.5750480e-02
   1.7203214e-02
   1.7598532e-02
   1.6542158e-02
   1.4203453e-02
   9.7171525e-03
   5.5189401e-03
   2.4750456e-03
   1.6697905e-03
   2.6213826e-03
   5.2900254e-03
   9.1567943e-03
   1.5094821e-02
   2.2491271e-02
   2.7741935e-02
   2.4672227e-02
   1.4783311e-02
   2.6839965e-03
  -6.1779082e-03
  -9.7603807e-03
  -9.3346573e-03
  -6.3017340e-03
  -1.8290773e-03
   2.1229044e-03
   3.2364674e-03
   3.2762622e-03
  -4.9347552e-03
  -5.7303305e-03
  -5.4381359e-03
  -3.6348202e-03
  -2.2968962e-03
  -7.1413480e-03
  -6.3477438e-03
  -2.0650455e-03
  -1.8292278e-04
   2.1568639e-03
   4.2970735e-03
   5.8692284e-03
   5.7814545e-03
   5.9935553e-03
   4.7116042e-03
   1.4608778e-03
  -1.0889934e-03
  -3.4825511e-03
  -4.0390673e-03
  -2.6952308e-03
   4.8960472e-04
   4.3021869e-03
   9.2189563e-03
   1.4797711e-02
   1.8818213e-02
   1.8357821e-02
   1.3282824e-02
   3.4094513e-03
  -5.1024384e-03
  -1.1113397e-02
  -1.3698054e-02
  -1.3122136e-02
  -1.0896830e-02
  -7.9108793e-03
  -5.6731892e-03
  -4.4824635e-03
  -7.4432474e-03
  -8.4452405e-03
  -8.5111381e-03
  -8.6205779e-03
  -9.4321787e-03
  -1.2457910e-02
  -8.3469348e-03
  -5.2056344e-03
  -5.0601643e-03
  -4.0415651e-03
  -2.6362503e-03
  -1.5947423e-03
  -7.8855728e-04
  -3.2456402e-04
  -4.7347829e-04
  -1.5175546e-03
  -2.6919357e-03
  -3.9267833e-03
  -3.8752537e-03
  -2.6631417e-03
   2.4248522e-05
   3.4452763e-03
   6.4020689e-03
   9.4658649e-03
   1.0514733e-02
   1.0171192e-02
   7.9154288e-03
   2.7162235e-03
  -2.8569625e-03
  -7.6142871e-03
  -1.0309820e-02
  -1.1345183e-02
  -1.1227618e-02
  -1.0261846e-02
  -8.2731498e-03
  -7.2099096e-03
  -3.9070462e-03
  -4.4949040e-03
  -5.4546909e-03
  -6.5831755e-03
  -8.3006306e-03
  -1.0493318e-02
  -9.7392621e-03
  -7.0096378e-03
  -5.2528914e-03
  -4.0620055e-03
  -2.9406619e-03
  -1.7954873e-03
  -9.2153053e-04
  -4.2317223e-04
  -3.9119953e-05
   3.3896936e-04
   6.2815525e-04
   9.9128693e-04
   2.0468878e-03
   3.2747904e-03
   4.5332245e-03
   5.7241247e-03
   6.7400927e-03
   7.2925941e-03
   7.1874305e-03
   6.7711100e-03
   5.9455315e-03
   4.5064556e-03
   2.6227125e-03
   6.5405936e-04
  -9.5810689e-04
  -1.9723410e-03
  -2.4119309e-03
  -2.7812138e-03
  -3.1144600e-03
  -3.3316305e-03
