  3.952827e-01
  3.577257e-01
  3.355785e-01
  3.235578e-01
  3.138031e-01
  3.005106e-01
  2.830631e-01
  2.555431e-01
  2.312996e-01
  2.204801e-01
  2.132527e-01
  2.096882e-01
  2.080236e-01
  2.105174e-01
  2.216686e-01
  2.359376e-01
  2.354803e-01
  2.220515e-01
  2.270401e-01
  2.425858e-01
  2.419429e-01
  2.305713e-01
  2.224043e-01
  2.151030e-01
  2.110021e-01
  2.143065e-01
  2.245143e-01
  2.352923e-01
  2.523086e-01
  2.719751e-01
  2.881135e-01
  3.026409e-01
  3.087885e-01
  3.149140e-01
  3.265495e-01
  3.310335e-01
