   1.6426877e-02
   7.3080679e-03
   0.0000000e+00
   1.0159802e-02
   1.8119746e-03
   0.0000000e+00
   1.8367958e-02
   1.0196622e-02
   6.9864652e-03
   4.0580423e-03
   2.2515216e-03
   2.8182190e-03
   6.9853398e-03
   9.1602576e-03
   7.9725436e-03
   6.6250195e-03
   6.8171913e-03
   3.9889570e-03
   8.5550306e-03
   3.8686404e-03
   3.2129013e-03
   4.6756326e-03
   7.6481675e-03
   4.2188520e-03
   0.0000000e+00
   0.0000000e+00
   0.0000000e+00
   0.0000000e+00
   0.0000000e+00
   0.0000000e+00
   0.0000000e+00
   0.0000000e+00
   0.0000000e+00
   0.0000000e+00
   0.0000000e+00
   0.0000000e+00
   8.7477779e-03
   6.9133142e-03
   1.0667409e-02
   1.4292929e-02
   1.3274905e-02
   1.4455612e-02
   1.4399184e-02
   8.5178092e-03
   5.7378570e-03
   3.6747311e-03
   3.5479991e-03
   3.0228363e-03
   3.6637974e-03
   5.2158358e-03
   7.1037738e-03
   6.2124468e-03
   3.6238499e-03
  -3.1879480e-03
  -4.2393142e-03
  -4.9313982e-05
   1.0536867e-04
   4.4553997e-03
   6.4650667e-03
   6.1252560e-03
   2.4921868e-03
  -2.7330934e-03
  -6.9957712e-03
  -1.1096570e-02
  -7.7347070e-03
  -6.4190153e-03
   1.0207875e-03
   1.0599578e-02
   1.0413211e-02
   5.6771535e-03
   5.8894920e-03
   1.0225886e-02
  -2.5732838e-04
   5.5204870e-03
   7.0678480e-03
   7.7599049e-03
   1.4922299e-02
   1.4747984e-02
   9.4480775e-03
   4.4056037e-03
   1.3957808e-03
  -5.0936430e-04
  -8.3667645e-04
  -4.1831977e-04
  -1.4410338e-03
   2.0558160e-05
   2.4681091e-03
   1.2668504e-03
  -8.6283684e-04
  -4.2456705e-03
  -8.0702047e-03
  -8.4036984e-03
  -1.9782207e-03
   3.8577316e-03
   6.2424229e-03
   6.1542536e-03
   2.9102121e-03
  -3.4683598e-03
  -1.0191797e-02
  -1.2892542e-02
  -1.0177033e-02
  -4.9225646e-03
   9.8366593e-04
   6.9951219e-03
   1.0588644e-02
   1.0361628e-02
   7.2643310e-03
   2.2039289e-04
   0.0000000e+00
   0.0000000e+00
   0.0000000e+00
   0.0000000e+00
   0.0000000e+00
   1.4720257e-02
   3.3540810e-03
  -1.8249061e-03
  -1.4388911e-03
  -8.8995378e-03
  -8.5787605e-03
  -7.5577404e-03
  -9.2187598e-03
  -8.8002216e-03
  -7.1947346e-03
  -8.3923964e-03
  -9.7724758e-03
  -1.3759549e-02
  -2.2469570e-02
  -6.1210734e-04
  -2.3669964e-03
   1.9597409e-03
   4.5807804e-03
   2.7807008e-03
  -2.9626503e-03
  -1.1149419e-02
  -1.8181846e-02
  -1.8640999e-02
  -1.3748629e-02
  -7.2649946e-03
   1.3547232e-04
   4.9500153e-03
   7.1475888e-03
   6.0858163e-03
  -3.7532613e-03
  -1.6897073e-02
   0.0000000e+00
   0.0000000e+00
   0.0000000e+00
   0.0000000e+00
   0.0000000e+00
   6.9002160e-03
  -5.7517681e-03
  -1.1765874e-02
  -1.6869927e-02
  -1.8313097e-02
  -1.7117122e-02
  -1.5380449e-02
  -1.6750669e-02
  -1.6358400e-02
  -1.5532966e-02
  -1.5833709e-02
  -1.6651884e-02
  -2.0612009e-02
  -2.7250794e-02
   0.0000000e+00
  -2.5385832e-03
  -8.5355074e-04
   1.4504664e-04
  -3.4701431e-03
  -1.1413609e-02
  -2.0543125e-02
  -2.5784200e-02
  -2.1856416e-02
  -1.4097184e-02
  -6.2570623e-03
  -1.9502663e-04
   1.9951223e-03
   1.5545238e-03
  -2.6801284e-03
  -1.1830953e-02
   0.0000000e+00
   0.0000000e+00
   0.0000000e+00
   0.0000000e+00
   0.0000000e+00
   0.0000000e+00
  -1.5840995e-04
  -1.2371846e-02
  -1.7919319e-02
  -2.0075976e-02
  -2.2059911e-02
  -2.1275549e-02
  -1.9524572e-02
  -1.9539875e-02
  -1.8217935e-02
  -1.7358993e-02
  -1.7577608e-02
  -1.8350117e-02
  -1.9421230e-02
  -1.7467320e-02
   0.0000000e+00
  -0.0000000e+00
  -3.2541740e-03
  -3.5776118e-03
  -8.9944774e-03
  -1.7200603e-02
  -2.4645738e-02
  -2.6615703e-02
  -1.6743147e-02
  -8.2150922e-03
  -2.4108464e-03
   2.6496480e-03
   6.6557866e-04
  -3.4519313e-03
  -9.4922712e-03
  -1.4761887e-02
  -1.3940070e-02
  -9.0143843e-04
   0.0000000e+00
   0.0000000e+00
   0.0000000e+00
   3.6268774e-03
  -7.8381430e-03
  -1.9229356e-02
  -2.1021409e-02
  -2.0808969e-02
  -2.0828836e-02
  -1.9647794e-02
  -1.7601110e-02
  -1.6448591e-02
  -1.4758362e-02
  -1.4270941e-02
  -1.4961991e-02
  -1.5302939e-02
  -1.2263039e-02
  -3.4521334e-05
   0.0000000e+00
   0.0000000e+00
  -5.3659819e-03
  -6.4903283e-03
  -1.2461091e-02
  -1.7159611e-02
  -1.7685523e-02
  -2.1102546e-02
  -4.2520088e-03
   2.7923149e-04
   4.6255700e-03
   1.1073143e-02
   2.0802673e-03
  -5.8021238e-03
  -1.2150284e-02
  -1.3958969e-02
  -7.4007547e-03
   7.9940590e-03
   1.1693726e-02
   0.0000000e+00
  -0.0000000e+00
  -3.3488298e-03
  -1.4122859e-02
  -1.9220054e-02
  -1.7143652e-02
  -1.5551758e-02
  -1.4101591e-02
  -1.2752890e-02
  -1.1008549e-02
  -9.4266562e-03
  -8.3013269e-03
  -8.6391047e-03
  -9.0794135e-03
  -7.9699326e-03
  -1.0977088e-03
   1.9436359e-02
   2.6952973e-02
   0.0000000e+00
  -0.0000000e+00
  -1.2892086e-02
  -1.3727674e-02
  -9.4616869e-03
   1.8163982e-03
   8.6976932e-03
   0.0000000e+00
   5.3874464e-04
   1.0627927e-02
   1.1645366e-02
  -1.4075972e-03
  -8.0875969e-03
  -1.0936841e-02
  -9.9985643e-03
  -2.5758853e-03
   1.3005137e-02
   1.6695961e-02
   0.0000000e+00
  -0.0000000e+00
  -5.4207873e-03
  -1.0170711e-02
  -1.0948766e-02
  -9.0294182e-03
  -7.8844428e-03
  -6.9781262e-03
  -6.2361509e-03
  -4.7603855e-03
  -3.0712518e-03
  -3.0056366e-03
  -3.5317275e-03
  -3.4312976e-03
  -1.1743588e-03
   7.9401154e-03
   3.1468738e-02
   3.3830002e-02
   0.0000000e+00
  -0.0000000e+00
  -1.9120371e-02
  -1.1577088e-02
   1.1871861e-03
   2.0321177e-02
   1.9054973e-02
   0.0000000e+00
   0.0000000e+00
   9.1782354e-03
   6.9344612e-03
  -3.6501810e-03
  -6.4961431e-03
  -6.1448910e-03
  -4.2273984e-03
   2.5598744e-03
   1.7959286e-02
   2.5523426e-02
   0.0000000e+00
  -0.0000000e+00
  -1.7196960e-03
  -1.2800859e-03
  -1.3135169e-03
  -5.2219647e-04
  -1.2566189e-04
  -1.2982775e-04
   2.8040973e-04
   1.4648255e-03
   2.2558009e-03
   1.4304572e-03
   1.1757053e-03
   1.8802112e-03
   5.9114373e-03
   1.7926902e-02
   4.6244804e-02
   4.8679184e-02
   0.0000000e+00
  -0.0000000e+00
  -2.6258799e-02
  -6.4249495e-03
   1.5608152e-02
   4.7897624e-02
   0.0000000e+00
   0.0000000e+00
   0.0000000e+00
   7.5330492e-03
   4.3009403e-03
  -1.9576261e-04
   6.5164699e-04
   2.0711503e-03
   3.9792382e-03
   9.2232535e-03
   2.2797380e-02
   2.8792136e-02
   9.2335454e-03
   4.0155006e-03
   3.6056505e-03
   3.4417268e-03
   3.1809309e-03
   3.7414094e-03
   3.5298262e-03
   3.1348448e-03
   3.5106814e-03
   4.1074343e-03
   4.0776068e-03
   3.2322067e-03
   3.3982755e-03
   5.3027780e-03
   1.1709186e-02
   2.7595662e-02
   5.0743155e-02
   4.4002533e-02
   0.0000000e+00
   0.0000000e+00
  -2.7516030e-02
  -1.7534604e-04
   2.7705833e-02
   6.2740109e-02
   0.0000000e+00
   0.0000000e+00
   0.0000000e+00
   6.6090142e-03
   6.4251670e-03
   2.9035967e-03
   6.3927379e-03
   8.0290027e-03
   1.0154539e-02
   1.4746476e-02
   2.9291110e-02
   3.0952252e-02
   1.4195684e-02
   7.5073023e-03
   5.8863536e-03
   5.1655243e-03
   5.0422759e-03
   5.2653048e-03
   4.4160867e-03
   4.1195471e-03
   4.4516297e-03
   4.3584206e-03
   4.1981959e-03
   4.2286171e-03
   5.7039736e-03
   1.0175082e-02
   2.0119609e-02
   4.0456366e-02
   4.6589797e-02
   3.9630328e-02
   0.0000000e+00
   0.0000000e+00
  -0.0000000e+00
   9.2326272e-03
   3.8942579e-02
   6.4074074e-02
   0.0000000e+00
   0.0000000e+00
   0.0000000e+00
   6.5986635e-03
   1.3252952e-02
   8.9578062e-03
   1.2078050e-02
   1.4413971e-02
   1.7499637e-02
   2.2187576e-02
   3.3877213e-02
   3.0564811e-02
   1.5491932e-02
   6.5575112e-03
   3.9812108e-03
   3.8846186e-03
   4.1773510e-03
   4.1776914e-03
   3.2947557e-03
   3.3906987e-03
   3.5157427e-03
   3.5640434e-03
   4.2369864e-03
   5.8309198e-03
   9.4304429e-03
   1.6770376e-02
   2.9508721e-02
   5.1132176e-02
   5.8025569e-02
   0.0000000e+00
   0.0000000e+00
   0.0000000e+00
  -0.0000000e+00
   1.9268831e-02
   4.5077406e-02
   5.6921316e-02
   0.0000000e+00
   0.0000000e+00
   0.0000000e+00
   0.0000000e+00
   1.3973400e-02
   1.6751543e-02
   1.7450714e-02
   2.0739630e-02
   2.4576435e-02
   2.9106647e-02
   3.3116344e-02
   2.6542583e-02
   1.2580491e-02
   2.9683583e-03
   1.1595703e-03
   1.9734113e-03
   2.7118817e-03
   2.9837750e-03
   2.6364864e-03
   3.0454150e-03
   3.3384578e-03
   4.3513882e-03
   6.2315161e-03
   9.3531236e-03
   1.4570151e-02
   2.3143901e-02
   3.5858564e-02
   4.9492698e-02
   3.4763748e-02
   0.0000000e+00
   0.0000000e+00
   0.0000000e+00
   0.0000000e+00
   2.8370943e-02
   4.6176586e-02
   4.7155704e-02
   0.0000000e+00
   0.0000000e+00
   0.0000000e+00
   1.6969367e-02
   1.4485253e-02
   2.2265729e-02
   2.0945236e-02
   2.5308497e-02
   2.8922444e-02
   3.1997260e-02
   2.5954517e-02
   1.7325694e-02
   5.0876811e-03
  -1.9675526e-03
  -1.5125322e-03
  -1.6782264e-04
   1.1124406e-03
   2.1350372e-03
   2.8341790e-03
   4.0811067e-03
   5.7237907e-03
   8.1931371e-03
   1.1365231e-02
   1.5398968e-02
   2.0735793e-02
   2.7697168e-02
   3.5139851e-02
   3.6598980e-02
   2.5220235e-02
   0.0000000e+00
   0.0000000e+00
   0.0000000e+00
   0.0000000e+00
   3.5569835e-02
   4.1989941e-02
   3.6151441e-02
   0.0000000e+00
   0.0000000e+00
   0.0000000e+00
   2.1376131e-02
   1.8872457e-02
   2.3836017e-02
   2.1327525e-02
   2.5842285e-02
   2.8125523e-02
   2.8647553e-02
   1.5979294e-02
   7.3100105e-03
  -2.0250259e-03
  -5.9701419e-03
  -5.3182649e-03
  -4.9567437e-03
  -4.2078532e-03
  -3.0393419e-03
  -1.5647768e-03
   9.4921072e-04
   4.5754402e-03
   8.9524388e-03
   1.3778817e-02
   1.8335748e-02
   2.2954905e-02
   2.7203120e-02
   2.8393665e-02
   2.0918174e-02
   0.0000000e+00
   0.0000000e+00
   0.0000000e+00
   0.0000000e+00
   0.0000000e+00
   3.7774380e-02
   3.4644388e-02
   3.1799648e-02
   0.0000000e+00
   0.0000000e+00
   0.0000000e+00
   2.0968530e-02
   1.7716145e-02
   2.1206772e-02
   1.8125637e-02
   2.0660290e-02
   2.1297913e-02
   1.9791696e-02
   1.2174916e-02
   2.8002612e-03
  -5.5943839e-03
  -9.2282649e-03
  -9.9654961e-03
  -1.1130061e-02
  -1.1787249e-02
  -1.1662788e-02
  -1.0575620e-02
  -7.6990472e-03
  -3.1746051e-03
   2.3647149e-03
   8.1579899e-03
   1.2727267e-02
   1.6004743e-02
   1.7796984e-02
   1.6721385e-02
   9.2494963e-03
   0.0000000e+00
   0.0000000e+00
   0.0000000e+00
   0.0000000e+00
   0.0000000e+00
   3.4152672e-02
   2.7462579e-02
   2.3691017e-02
   0.0000000e+00
   0.0000000e+00
   0.0000000e+00
   1.6798288e-02
   1.2772787e-02
   1.7514195e-02
   1.6393130e-02
   1.4517171e-02
   1.3765032e-02
   1.3487708e-02
   0.0000000e+00
  -0.0000000e+00
  -6.2534485e-03
  -1.0025293e-02
  -9.9931776e-03
  -1.0565267e-02
  -1.0789995e-02
  -1.0481432e-02
  -9.4775155e-03
  -7.2414233e-03
  -3.8481688e-03
   4.1287006e-04
   4.8526445e-03
   7.6699113e-03
   8.3154821e-03
   6.8865149e-03
   3.9446535e-03
   1.4436553e-03
   0.0000000e+00
   0.0000000e+00
   0.0000000e+00
   0.0000000e+00
   2.7661061e-02
   2.4734952e-02
   2.0344050e-02
   1.9283676e-02
   0.0000000e+00
   0.0000000e+00
   0.0000000e+00
   0.0000000e+00
   8.7478989e-03
   1.0393855e-02
   1.5971426e-02
   1.2439035e-02
   9.2655772e-03
   1.0872690e-02
   0.0000000e+00
   0.0000000e+00
   1.1686493e-03
  -4.1879890e-03
  -1.5494728e-03
   4.3721813e-05
   1.3281552e-03
   2.3746050e-03
   3.3514701e-03
   4.7517152e-03
   6.8124227e-03
   9.7326057e-03
   1.3383935e-02
   1.5592349e-02
   1.3558956e-02
   6.2749276e-03
  -2.9153827e-03
  -8.7449689e-03
  -6.0086866e-03
   0.0000000e+00
   0.0000000e+00
  -0.0000000e+00
   1.6439259e-02
   1.5290569e-02
   0.0000000e+00
   0.0000000e+00
   0.0000000e+00
   0.0000000e+00
   0.0000000e+00
   0.0000000e+00
   7.8672237e-03
   5.8077320e-03
   0.0000000e+00
   0.0000000e+00
   9.8588288e-03
   0.0000000e+00
   0.0000000e+00
   0.0000000e+00
   2.5006810e-03
  -5.4307722e-03
  -5.6791021e-03
  -3.1571626e-03
  -6.7313283e-04
   1.1268114e-03
   2.0915112e-03
   2.6339616e-03
   3.1994954e-03
   4.5126998e-03
   7.3530185e-03
   1.0086945e-02
   8.7522212e-03
   1.0420271e-03
  -9.6621709e-03
  -1.9838195e-02
  -1.9127256e-02
   0.0000000e+00
  -0.0000000e+00
  -1.2322734e-02
   1.1229806e-03
   7.6490858e-03
   0.0000000e+00
   0.0000000e+00
   0.0000000e+00
   0.0000000e+00
   0.0000000e+00
   0.0000000e+00
   0.0000000e+00
   3.8998621e-03
   0.0000000e+00
   0.0000000e+00
   0.0000000e+00
   0.0000000e+00
   0.0000000e+00
  -0.0000000e+00
  -4.8503615e-03
  -1.7594023e-02
  -1.6763672e-02
  -1.6206065e-02
  -1.4140702e-02
  -1.2239443e-02
  -1.1655304e-02
  -1.2433287e-02
  -1.3736019e-02
  -1.4466099e-02
  -1.2794356e-02
  -8.3353417e-03
  -3.1121217e-03
  -2.7154041e-03
  -9.5951073e-03
  -2.6598582e-02
  -3.8226071e-02
   0.0000000e+00
  -0.0000000e+00
  -1.9839227e-02
  -1.5278748e-02
  -9.4099967e-03
   0.0000000e+00
   0.0000000e+00
   0.0000000e+00
   0.0000000e+00
   0.0000000e+00
   0.0000000e+00
  -0.0000000e+00
   0.0000000e+00
   0.0000000e+00
   0.0000000e+00
   0.0000000e+00
   0.0000000e+00
  -0.0000000e+00
  -8.1943620e-03
  -1.3417322e-02
  -1.8490813e-02
  -2.2375248e-02
  -2.4413379e-02
  -2.4065625e-02
  -2.2743832e-02
  -2.2266088e-02
  -2.3591094e-02
  -2.6325541e-02
  -2.9378228e-02
  -3.0595914e-02
  -2.6278645e-02
  -1.6032439e-02
  -5.5017909e-03
  -3.0575924e-03
  -2.2621810e-02
  -2.2012406e-02
  -9.9346358e-03
  -1.4810964e-02
  -2.5678864e-02
  -3.0917229e-02
  -2.6806857e-02
   0.0000000e+00
   0.0000000e+00
   0.0000000e+00
   0.0000000e+00
   0.0000000e+00
   0.0000000e+00
  -0.0000000e+00
  -0.0000000e+00
   0.0000000e+00
   0.0000000e+00
   0.0000000e+00
   0.0000000e+00
  -0.0000000e+00
  -1.0135481e-02
  -1.2159706e-02
  -1.4806589e-02
  -2.1403538e-02
  -2.5233168e-02
  -2.6653551e-02
  -2.5920644e-02
  -2.5139602e-02
  -2.6189441e-02
  -2.9513896e-02
  -3.3881616e-02
  -3.7360348e-02
  -3.5016488e-02
  -2.4750277e-02
  -9.3777506e-03
  -5.3899377e-03
  -0.0000000e+00
  -1.1437806e-02
  -6.1978167e-03
  -1.2794605e-02
  -2.6684074e-02
  -4.4221353e-02
  -4.8262436e-02
   0.0000000e+00
   0.0000000e+00
   0.0000000e+00
   0.0000000e+00
   0.0000000e+00
   0.0000000e+00
  -0.0000000e+00
  -0.0000000e+00
   0.0000000e+00
   0.0000000e+00
   0.0000000e+00
   0.0000000e+00
  -0.0000000e+00
  -6.8190098e-03
  -9.3836822e-03
  -1.2142560e-02
  -1.8110650e-02
  -2.2576297e-02
  -2.4628906e-02
  -2.3602836e-02
  -2.1514835e-02
  -2.1063415e-02
  -2.3895403e-02
  -2.9020201e-02
  -3.4625176e-02
  -3.5707764e-02
  -2.8289270e-02
  -1.1379488e-02
  -5.8401995e-03
  -0.0000000e+00
  -3.1938585e-03
  -3.1447830e-03
  -8.9745857e-03
  -2.2854198e-02
  -4.7709145e-02
  -6.1401695e-02
   0.0000000e+00
   0.0000000e+00
   0.0000000e+00
   0.0000000e+00
   0.0000000e+00
   0.0000000e+00
  -0.0000000e+00
  -0.0000000e+00
   0.0000000e+00
   0.0000000e+00
   0.0000000e+00
   0.0000000e+00
  -0.0000000e+00
  -2.8403518e-03
  -4.1565252e-03
  -7.3557384e-03
  -1.2465796e-02
  -1.7039035e-02
  -1.9725431e-02
  -1.9282997e-02
  -1.6537841e-02
  -1.4130799e-02
  -1.5497943e-02
  -2.0513713e-02
  -2.7982119e-02
  -3.3274125e-02
  -3.0731667e-02
  -1.6913111e-02
  -0.0000000e+00
  -5.3767543e-03
  -1.9043553e-03
  -5.8605557e-04
  -4.9099289e-03
  -1.6502582e-02
  -4.1142847e-02
  -6.0955804e-02
   0.0000000e+00
   0.0000000e+00
   0.0000000e+00
   0.0000000e+00
   0.0000000e+00
  -0.0000000e+00
  -0.0000000e+00
   0.0000000e+00
   0.0000000e+00
   0.0000000e+00
   0.0000000e+00
   0.0000000e+00
   0.0000000e+00
   0.0000000e+00
   3.5861353e-03
  -2.8342224e-04
  -4.6262238e-03
  -9.4856592e-03
  -1.2667203e-02
  -1.3229606e-02
  -1.1190048e-02
  -8.1607755e-03
  -8.1789223e-03
  -1.2679988e-02
  -2.1817617e-02
  -3.1819813e-02
  -3.3486899e-02
  -1.8109080e-02
   0.0000000e+00
   2.0583165e-03
   7.9045571e-04
   1.8217391e-03
  -1.6454516e-03
  -9.8299570e-03
  -2.9402180e-02
  -5.4056507e-02
   0.0000000e+00
   0.0000000e+00
   0.0000000e+00
   0.0000000e+00
   0.0000000e+00
  -0.0000000e+00
  -0.0000000e+00
   0.0000000e+00
   0.0000000e+00
   0.0000000e+00
   0.0000000e+00
   0.0000000e+00
   0.0000000e+00
   0.0000000e+00
   8.4183095e-03
   6.3856915e-03
   3.3813845e-03
  -1.5451428e-03
  -4.7916351e-03
  -5.5877040e-03
  -4.1278275e-03
  -1.7945690e-03
  -1.8992211e-03
  -6.3757510e-03
  -1.6899154e-02
  -3.1243283e-02
  -3.4032613e-02
   0.0000000e+00
   0.0000000e+00
   5.3002016e-03
   7.1973637e-03
   6.0022264e-03
   1.5500315e-03
  -4.2270906e-03
  -1.9350391e-02
  -4.5524196e-02
   0.0000000e+00
   0.0000000e+00
  -0.0000000e+00
  -0.0000000e+00
  -0.0000000e+00
  -0.0000000e+00
   0.0000000e+00
   0.0000000e+00
   0.0000000e+00
   0.0000000e+00
   0.0000000e+00
   0.0000000e+00
   0.0000000e+00
   0.0000000e+00
   4.4264230e-03
   5.9394776e-03
   1.0730837e-02
   8.7602735e-03
   6.0370597e-03
   5.7857851e-03
   7.3018041e-03
   9.1397595e-03
   7.6532639e-03
   2.3504377e-03
  -1.0260470e-02
  -3.0434044e-02
  -3.8314125e-02
   0.0000000e+00
   0.0000000e+00
   0.0000000e+00
   0.0000000e+00
   1.4184014e-02
   7.5812726e-03
   2.9239701e-03
  -7.9537667e-03
  -3.0020276e-02
  -2.2587228e-02
   0.0000000e+00
  -0.0000000e+00
  -0.0000000e+00
  -0.0000000e+00
   0.0000000e+00
   0.0000000e+00
   0.0000000e+00
   0.0000000e+00
   0.0000000e+00
   0.0000000e+00
   0.0000000e+00
   0.0000000e+00
   0.0000000e+00
  -4.8600795e-03
   1.1302251e-03
   1.2719459e-02
   1.4633815e-02
   1.2755288e-02
   1.3593059e-02
   1.5886407e-02
   1.7828925e-02
   1.5680231e-02
   9.7764535e-03
  -4.3560634e-03
  -2.9173440e-02
  -3.6288112e-02
   0.0000000e+00
   0.0000000e+00
   0.0000000e+00
   0.0000000e+00
   1.8671549e-02
   1.2900122e-02
   8.8394638e-03
   4.6005566e-04
  -1.9680427e-02
  -2.2587229e-02
  -0.0000000e+00
  -0.0000000e+00
  -0.0000000e+00
  -0.0000000e+00
   0.0000000e+00
   0.0000000e+00
   0.0000000e+00
   0.0000000e+00
   0.0000000e+00
   0.0000000e+00
   0.0000000e+00
   0.0000000e+00
   0.0000000e+00
  -0.0000000e+00
  -1.4737788e-02
   5.3679119e-03
   1.4344891e-02
   1.5765360e-02
   1.8289162e-02
   2.2071037e-02
   2.4215275e-02
   2.2061264e-02
   1.6211480e-02
   2.6568137e-03
  -2.4529699e-02
  -2.3173882e-02
   0.0000000e+00
   0.0000000e+00
   0.0000000e+00
   0.0000000e+00
   0.0000000e+00
   1.5774127e-02
   1.3918911e-02
   8.0927694e-03
  -7.6494757e-03
   0.0000000e+00
  -0.0000000e+00
   0.0000000e+00
   0.0000000e+00
   0.0000000e+00
   0.0000000e+00
   0.0000000e+00
   0.0000000e+00
   0.0000000e+00
   0.0000000e+00
   0.0000000e+00
   0.0000000e+00
   0.0000000e+00
   0.0000000e+00
   0.0000000e+00
  -1.9145528e-02
  -2.3707040e-03
   1.0549006e-02
   1.5449417e-02
   1.9003462e-02
   2.2875700e-02
   2.4773372e-02
   2.2842315e-02
   1.8189095e-02
   7.8287609e-03
  -1.0138910e-02
   0.0000000e+00
   0.0000000e+00
   0.0000000e+00
   0.0000000e+00
   0.0000000e+00
   0.0000000e+00
   0.0000000e+00
   1.3598332e-02
   1.0990044e-02
   2.8927783e-03
   9.7868052e-04
   0.0000000e+00
   0.0000000e+00
   0.0000000e+00
   0.0000000e+00
   0.0000000e+00
   0.0000000e+00
   0.0000000e+00
   0.0000000e+00
   0.0000000e+00
   0.0000000e+00
   0.0000000e+00
   0.0000000e+00
   0.0000000e+00
   0.0000000e+00
  -0.0000000e+00
  -1.2310631e-02
   2.5881349e-03
   1.0000441e-02
   1.5116624e-02
   1.8651086e-02
   1.9867358e-02
   1.8561019e-02
   1.6465716e-02
   1.0882854e-02
   2.4431987e-03
   0.0000000e+00
   0.0000000e+00
   0.0000000e+00
   0.0000000e+00
   0.0000000e+00
   0.0000000e+00
   0.0000000e+00
   6.0641620e-03
   9.5111635e-03
   6.8405947e-03
   1.1234029e-03
   0.0000000e+00
   0.0000000e+00
   0.0000000e+00
   0.0000000e+00
   0.0000000e+00
   0.0000000e+00
   0.0000000e+00
   0.0000000e+00
   0.0000000e+00
   0.0000000e+00
   0.0000000e+00
   0.0000000e+00
   0.0000000e+00
   0.0000000e+00
  -0.0000000e+00
  -2.4116329e-02
  -9.2733826e-03
  -5.8484189e-03
   2.8078609e-03
   6.7884433e-03
   9.0052141e-03
   9.4334340e-03
   1.0678730e-02
   1.1566304e-02
   1.1516321e-02
   0.0000000e+00
   0.0000000e+00
   0.0000000e+00
   0.0000000e+00
   0.0000000e+00
   0.0000000e+00
   0.0000000e+00
  -8.3423494e-03
   3.9301056e-03
   8.4518846e-03
   1.6451366e-02
   0.0000000e+00
   0.0000000e+00
   0.0000000e+00
   0.0000000e+00
   0.0000000e+00
   0.0000000e+00
   0.0000000e+00
   0.0000000e+00
   0.0000000e+00
   0.0000000e+00
   0.0000000e+00
   0.0000000e+00
   0.0000000e+00
   0.0000000e+00
  -0.0000000e+00
  -2.4163688e-02
  -1.6640537e-02
  -2.5489444e-02
  -1.9411577e-02
  -1.3714302e-02
  -9.7138254e-03
  -1.4959740e-03
   3.2514626e-03
   1.3603877e-02
   1.0914815e-02
   0.0000000e+00
   0.0000000e+00
   0.0000000e+00
   0.0000000e+00
   0.0000000e+00
   0.0000000e+00
  -0.0000000e+00
  -1.4246921e-02
   7.1422552e-04
   6.4350075e-03
   4.3119962e-04
   1.0718042e-02
   0.0000000e+00
   0.0000000e+00
   0.0000000e+00
   0.0000000e+00
   0.0000000e+00
   0.0000000e+00
   0.0000000e+00
   0.0000000e+00
   0.0000000e+00
   0.0000000e+00
   0.0000000e+00
   0.0000000e+00
   0.0000000e+00
   0.0000000e+00
   0.0000000e+00
   0.0000000e+00
   0.0000000e+00
  -0.0000000e+00
  -3.3731838e-02
   0.0000000e+00
   0.0000000e+00
   0.0000000e+00
   0.0000000e+00
   0.0000000e+00
   0.0000000e+00
   0.0000000e+00
   0.0000000e+00
   0.0000000e+00
   0.0000000e+00
   0.0000000e+00
  -0.0000000e+00
  -1.2130993e-02
   0.0000000e+00
   0.0000000e+00
  -0.0000000e+00
  -1.9812722e-03
   5.9558606e-03
   0.0000000e+00
   0.0000000e+00
   0.0000000e+00
   0.0000000e+00
   0.0000000e+00
   0.0000000e+00
   0.0000000e+00
   0.0000000e+00
   0.0000000e+00
   0.0000000e+00
   0.0000000e+00
   0.0000000e+00
   0.0000000e+00
  -0.0000000e+00
  -0.0000000e+00
  -0.0000000e+00
  -9.3999154e-03
  -9.0018685e-03
  -6.2275078e-03
  -9.1734581e-03
  -7.2270676e-03
  -6.6618393e-03
  -5.3295634e-03
  -4.2850548e-03
  -0.0000000e+00
  -0.0000000e+00
  -0.0000000e+00
  -0.0000000e+00
  -0.0000000e+00
  -0.0000000e+00
  -4.0286509e-03
  -0.0000000e+00
  -0.0000000e+00
  -0.0000000e+00
  -6.9129926e-03
   5.3124203e-03
   3.5306734e-03
   5.6464767e-03
   4.9273739e-03
   5.5047975e-03
   5.5887847e-03
   0.0000000e+00
   0.0000000e+00
   0.0000000e+00
   0.0000000e+00
