  -1.0892436e-02
  -1.1131877e-02
  -0.0000000e+00
  -8.3826169e-03
  -1.4632263e-02
   0.0000000e+00
  -5.8394059e-03
  -1.4118796e-02
  -1.8021919e-02
  -1.4771862e-02
  -1.5175848e-02
   0.0000000e+00
   0.0000000e+00
   0.0000000e+00
  -1.8602247e-02
  -2.4341781e-02
  -2.5335248e-02
  -2.2198716e-02
  -2.5784860e-02
  -2.1182263e-02
  -1.5866154e-02
  -1.7535347e-02
  -2.0795765e-02
  -1.6972859e-02
  -0.0000000e+00
   0.0000000e+00
   0.0000000e+00
   0.0000000e+00
   0.0000000e+00
   0.0000000e+00
   0.0000000e+00
   0.0000000e+00
   0.0000000e+00
   0.0000000e+00
   0.0000000e+00
   0.0000000e+00
  -6.9614547e-03
  -7.2862775e-03
  -1.8649376e-03
  -2.5029248e-03
  -4.2623630e-03
  -1.0977789e-02
  -1.3146754e-02
  -1.7595859e-02
  -2.0265903e-02
  -2.0731742e-02
  -2.1811277e-02
  -2.3471301e-02
  -2.4693579e-02
  -2.2998720e-02
  -2.1194980e-02
  -2.0810535e-02
  -2.1009717e-02
  -1.9888885e-02
  -2.1176099e-02
  -1.5150862e-02
  -1.6305165e-02
  -1.6401391e-02
  -1.5856408e-02
  -1.6168400e-02
  -1.6061655e-02
  -1.8482994e-02
  -2.1348341e-02
  -2.7227980e-02
  -2.9028159e-02
  -1.6766320e-02
  -1.9418946e-02
   0.0000000e+00
  -1.3362312e-02
  -1.3024954e-02
  -1.8571268e-02
   0.0000000e+00
  -1.1036849e-02
  -3.6960188e-03
  -1.0761253e-03
  -1.4450789e-04
   9.7677412e-04
   5.9761497e-04
  -3.9538117e-03
  -5.8093634e-03
  -6.5354286e-03
  -5.8990431e-03
  -4.2058313e-03
  -4.0071546e-03
  -5.5378091e-03
  -5.3537264e-03
  -3.5803635e-03
  -2.9357731e-03
  -2.9119218e-03
  -4.2141546e-03
  -6.0756519e-03
  -3.3395491e-03
  -1.1902209e-03
   1.1769806e-03
  -1.0797459e-03
  -4.7591906e-03
  -7.7283192e-03
  -1.0190032e-02
  -1.1745856e-02
  -1.1519149e-02
  -1.0680554e-02
  -9.0440931e-03
  -9.0932018e-03
  -1.0423648e-02
  -9.2064375e-03
  -1.0093949e-02
  -1.4165291e-02
  -1.6653423e-02
  -0.0000000e+00
   0.0000000e+00
   0.0000000e+00
   0.0000000e+00
   0.0000000e+00
   1.1536004e-02
   8.4863686e-03
   1.2620429e-02
   1.3375545e-02
   1.8777153e-02
   2.5942596e-02
   3.2279372e-02
   3.3800639e-02
   3.2315165e-02
   3.4097679e-02
   3.6491662e-02
   3.8016532e-02
   3.8748894e-02
   3.9832103e-02
   3.1064830e-02
   2.8756240e-02
   2.7354802e-02
   2.6802339e-02
   2.1372169e-02
   1.7696002e-02
   1.6007150e-02
   1.6308619e-02
   1.7555201e-02
   1.8161777e-02
   1.6774716e-02
   1.4486107e-02
   1.0842018e-02
   7.6270928e-03
   6.6408218e-03
   6.2049869e-03
   7.3868047e-03
   0.0000000e+00
   0.0000000e+00
   0.0000000e+00
   0.0000000e+00
   0.0000000e+00
   1.8437786e-02
   2.4022516e-02
   3.3126175e-02
   5.1813657e-02
   4.8759233e-02
   5.2499760e-02
   6.0541674e-02
   6.5935008e-02
   6.6218950e-02
   6.8901353e-02
   7.2525151e-02
   7.5335845e-02
   7.7162445e-02
   7.6346293e-02
   0.0000000e+00
   4.3501498e-02
   4.7981188e-02
   5.6059133e-02
   5.6222312e-02
   5.5472605e-02
   5.5145923e-02
   5.5726152e-02
   5.5053819e-02
   5.1634002e-02
   4.5636419e-02
   3.9456394e-02
   3.4054108e-02
   3.1178582e-02
   3.2140873e-02
   3.4658261e-02
   3.2098814e-02
   0.0000000e+00
   0.0000000e+00
   0.0000000e+00
   0.0000000e+00
   0.0000000e+00
   3.3059173e-02
   4.1410866e-02
   4.9578191e-02
   6.0563744e-02
   6.5105840e-02
   6.8384021e-02
   7.3010600e-02
   7.8159807e-02
   8.0110891e-02
   8.3427404e-02
   8.6394940e-02
   8.9427572e-02
   9.1462259e-02
   8.4980284e-02
   0.0000000e+00
   0.0000000e+00
   5.2747382e-02
   7.0630013e-02
   7.9892328e-02
   8.5345675e-02
   8.6853471e-02
   8.5042787e-02
   8.0739034e-02
   7.2543463e-02
   6.3005246e-02
   5.6954738e-02
   5.1351172e-02
   5.0559056e-02
   5.3988864e-02
   5.6972113e-02
   5.3293300e-02
   5.3902498e-02
   0.0000000e+00
   0.0000000e+00
   0.0000000e+00
   4.6549117e-02
   4.8701521e-02
   5.2325401e-02
   5.6960717e-02
   6.1639503e-02
   6.4533025e-02
   6.5062992e-02
   6.6339947e-02
   6.8720609e-02
   7.0755497e-02
   7.3561229e-02
   7.6442987e-02
   7.9135954e-02
   8.0071993e-02
   7.0647173e-02
   0.0000000e+00
   0.0000000e+00
   4.6407868e-02
   6.4732961e-02
   8.0724761e-02
   9.1107257e-02
   9.2083573e-02
   8.3523278e-02
   7.9957361e-02
   6.5097601e-02
   5.7471912e-02
   5.5866878e-02
   5.2476704e-02
   5.6216236e-02
   6.1702203e-02
   6.4462379e-02
   5.8799804e-02
   5.0569522e-02
   0.0000000e+00
   0.0000000e+00
   0.0000000e+00
   5.3288584e-02
   5.9961393e-02
   5.8115479e-02
   5.4625489e-02
   5.1496867e-02
   4.8612432e-02
   4.5780271e-02
   4.4235498e-02
   4.4474094e-02
   4.5361999e-02
   4.7502831e-02
   5.0116090e-02
   5.1498119e-02
   5.0236493e-02
   4.1595514e-02
   3.2028127e-02
   0.0000000e+00
   0.0000000e+00
   4.0391259e-02
   6.0271036e-02
   7.2759508e-02
   6.9138676e-02
   5.0821384e-02
   0.0000000e+00
   2.9667690e-02
   3.2942120e-02
   4.0306388e-02
   4.0685762e-02
   4.8275538e-02
   5.4388274e-02
   5.5786174e-02
   5.3232994e-02
   3.3717296e-02
   3.3661842e-02
   0.0000000e+00
   0.0000000e+00
   3.7824173e-02
   4.3419406e-02
   4.0861331e-02
   3.5228167e-02
   2.9518986e-02
   2.4673847e-02
   2.1099467e-02
   1.9242641e-02
   1.8308222e-02
   1.7960072e-02
   1.9466246e-02
   2.1047648e-02
   2.1183021e-02
   1.8506922e-02
   1.2124037e-02
   8.8627152e-03
   0.0000000e+00
   0.0000000e+00
   1.7626930e-02
   3.2595627e-02
   4.1635234e-02
   3.3581909e-02
   1.7967111e-02
   0.0000000e+00
   0.0000000e+00
   8.2209599e-03
   2.6713378e-02
   2.8817236e-02
   3.4213036e-02
   3.6611579e-02
   3.5491280e-02
   3.3361606e-02
   8.4534325e-03
   1.5127271e-02
   0.0000000e+00
   0.0000000e+00
   1.1715508e-02
   1.3892964e-02
   1.2284289e-02
   8.1689395e-03
   3.9196941e-03
   1.9391350e-04
  -2.3795415e-03
  -4.1940059e-03
  -5.2350904e-03
  -5.2879974e-03
  -4.6182321e-03
  -4.1923616e-03
  -5.3541879e-03
  -9.2973616e-03
  -1.4543206e-02
  -1.4262381e-02
   0.0000000e+00
   0.0000000e+00
  -8.0534114e-03
   7.4232393e-03
   1.0778231e-02
  -1.8623479e-03
  -1.4919332e-02
   0.0000000e+00
   0.0000000e+00
  -1.0867514e-02
   4.0948619e-03
   7.0334557e-03
   1.1062345e-02
   1.0531835e-02
   8.4802816e-03
   6.4324192e-03
  -1.6422830e-02
  -8.5658496e-03
  -6.7604259e-03
  -1.0461827e-02
  -1.0298606e-02
  -1.1038329e-02
  -1.1585330e-02
  -1.3704167e-02
  -1.6082510e-02
  -1.7958482e-02
  -1.9322781e-02
  -2.0691019e-02
  -2.0952749e-02
  -2.0504430e-02
  -2.0857461e-02
  -2.1882256e-02
  -2.5159188e-02
  -3.1335946e-02
  -3.5364799e-02
  -2.4517187e-02
   0.0000000e+00
   0.0000000e+00
  -2.1568058e-02
  -1.0570854e-02
  -1.4346264e-02
  -2.7243424e-02
  -2.9112029e-02
   0.0000000e+00
   0.0000000e+00
  -1.7284304e-02
  -1.6798221e-02
  -1.5421852e-02
  -1.1891003e-02
  -1.3632808e-02
  -1.6302774e-02
  -1.8575188e-02
  -3.8411587e-02
  -2.8735099e-02
  -1.1127044e-02
  -1.8203370e-02
  -2.4734104e-02
  -2.6211563e-02
  -2.6406165e-02
  -2.7422240e-02
  -2.8257107e-02
  -2.8812999e-02
  -2.9468177e-02
  -3.0275635e-02
  -3.0108059e-02
  -3.0267708e-02
  -3.2394398e-02
  -3.5821237e-02
  -4.1630473e-02
  -5.0082918e-02
  -5.0630368e-02
  -2.3896006e-02
   0.0000000e+00
   0.0000000e+00
   0.0000000e+00
  -2.6182992e-02
  -3.5342745e-02
  -3.8771462e-02
  -2.2417724e-02
   0.0000000e+00
   0.0000000e+00
  -1.6128184e-02
  -2.9073136e-02
  -2.9817018e-02
  -2.9596001e-02
  -3.2382414e-02
  -3.6372691e-02
  -4.0044777e-02
  -5.1785976e-02
  -4.0625863e-02
  -2.2734594e-02
  -2.4381394e-02
  -2.8180407e-02
  -2.9593743e-02
  -3.0543294e-02
  -3.1426206e-02
  -3.1656336e-02
  -3.2358624e-02
  -3.3247136e-02
  -3.3757709e-02
  -3.4335244e-02
  -3.6306266e-02
  -4.0544182e-02
  -4.6154130e-02
  -5.3113371e-02
  -6.0401928e-02
  -5.7254224e-02
  -0.0000000e+00
   0.0000000e+00
   0.0000000e+00
   0.0000000e+00
  -3.7932307e-02
  -4.7452744e-02
  -3.8150948e-02
  -1.1944377e-02
   0.0000000e+00
   0.0000000e+00
   0.0000000e+00
  -2.9943079e-02
  -2.8497171e-02
  -4.0639877e-02
  -4.3254983e-02
  -4.8219360e-02
  -5.3202242e-02
  -5.6311447e-02
  -4.4156443e-02
  -2.7193708e-02
  -2.3191685e-02
  -2.4168490e-02
  -2.6793279e-02
  -2.9167209e-02
  -3.0832605e-02
  -3.2328073e-02
  -3.4505889e-02
  -3.6421183e-02
  -3.7971929e-02
  -4.0411603e-02
  -4.4455193e-02
  -4.9916953e-02
  -5.5671051e-02
  -6.0476106e-02
  -6.1782960e-02
  -4.3792116e-02
   0.0000000e+00
   0.0000000e+00
   0.0000000e+00
   0.0000000e+00
  -4.7334726e-02
  -5.2595664e-02
  -3.1363849e-02
  -3.4710687e-03
   0.0000000e+00
   0.0000000e+00
  -2.6651071e-02
  -3.1186243e-02
  -3.4218095e-02
  -4.8110723e-02
  -4.9713433e-02
  -5.3975206e-02
  -5.8421697e-02
  -4.9191251e-02
  -3.7302326e-02
  -2.2188121e-02
  -1.6333867e-02
  -1.7757649e-02
  -2.2546813e-02
  -2.6601428e-02
  -2.9867519e-02
  -3.3507586e-02
  -3.7903447e-02
  -4.1989878e-02
  -4.5908235e-02
  -5.0008312e-02
  -5.4478779e-02
  -5.8407210e-02
  -6.0625434e-02
  -5.9457183e-02
  -5.0735999e-02
  -2.5213729e-02
   0.0000000e+00
   0.0000000e+00
   0.0000000e+00
   0.0000000e+00
  -5.0180918e-02
  -4.8383184e-02
  -2.2351021e-02
   2.0360782e-03
   0.0000000e+00
   0.0000000e+00
  -3.1283605e-02
  -3.8502857e-02
  -4.6961166e-02
  -4.9413703e-02
  -4.8596099e-02
  -5.0465681e-02
  -5.2499715e-02
  -3.5425987e-02
  -2.5236763e-02
  -1.2345776e-02
  -8.6802561e-03
  -1.2292000e-02
  -1.8267913e-02
  -2.3301981e-02
  -2.7968336e-02
  -3.3466689e-02
  -3.9784379e-02
  -4.6148766e-02
  -5.2095283e-02
  -5.7063978e-02
  -6.0805734e-02
  -6.1986011e-02
  -5.9386477e-02
  -5.1215671e-02
  -3.3306289e-02
  -1.4253723e-02
   0.0000000e+00
   0.0000000e+00
   0.0000000e+00
   0.0000000e+00
  -4.3988293e-02
  -3.7651103e-02
  -1.4021054e-02
   0.0000000e+00
   0.0000000e+00
   0.0000000e+00
  -3.7174800e-02
  -3.8703058e-02
  -4.4098970e-02
  -4.4431370e-02
  -4.0126584e-02
  -3.9611541e-02
  -3.9256260e-02
  -2.3237247e-02
  -1.8234690e-02
  -6.5800897e-03
  -6.6079618e-03
  -1.1325121e-02
  -1.7271046e-02
  -2.2447832e-02
  -2.7346024e-02
  -3.2937605e-02
  -3.9092563e-02
  -4.5141898e-02
  -5.0508797e-02
  -5.4464594e-02
  -5.6686513e-02
  -5.5394642e-02
  -4.9163856e-02
  -3.6461379e-02
  -1.4386548e-02
   1.1653457e-03
   0.0000000e+00
   0.0000000e+00
   0.0000000e+00
   0.0000000e+00
  -3.3208278e-02
  -2.3707690e-02
  -5.1511452e-03
   0.0000000e+00
   0.0000000e+00
   0.0000000e+00
  -3.9488354e-02
  -3.1862112e-02
  -3.1017577e-02
  -3.3266981e-02
  -2.8135567e-02
  -2.5143448e-02
  -2.3818763e-02
  -1.1248900e-02
   0.0000000e+00
  -1.1966132e-02
  -1.5888779e-02
  -2.1157406e-02
  -2.7343061e-02
  -3.2764791e-02
  -3.7279952e-02
  -4.1332390e-02
  -4.4547233e-02
  -4.6317276e-02
  -4.6693075e-02
  -4.6228229e-02
  -4.5040388e-02
  -4.1602518e-02
  -3.4141658e-02
  -2.1506257e-02
  -2.8229565e-03
   7.0973272e-03
   0.0000000e+00
   0.0000000e+00
   0.0000000e+00
  -3.7042036e-02
  -2.4268193e-02
  -8.0080708e-03
   6.0872231e-03
   0.0000000e+00
   0.0000000e+00
   0.0000000e+00
   0.0000000e+00
  -2.1039005e-02
  -1.3763469e-02
  -8.9593425e-03
  -1.9737612e-02
  -1.3392994e-02
  -1.1615958e-02
  -0.0000000e+00
   0.0000000e+00
  -2.0622304e-02
  -2.7264923e-02
  -3.1336814e-02
  -3.6010049e-02
  -4.0162422e-02
  -4.3353029e-02
  -4.5790799e-02
  -4.7050674e-02
  -4.6488207e-02
  -4.3989673e-02
  -4.0907275e-02
  -3.8047481e-02
  -3.4375649e-02
  -2.8088689e-02
  -1.8189102e-02
  -4.4170539e-03
   5.5444156e-03
   0.0000000e+00
   0.0000000e+00
   0.0000000e+00
  -3.3703208e-02
  -9.1591841e-03
   3.8310286e-03
   0.0000000e+00
   0.0000000e+00
   0.0000000e+00
   0.0000000e+00
   0.0000000e+00
  -8.4672114e-03
  -1.6338096e-03
   3.3659870e-03
  -0.0000000e+00
  -5.6610874e-03
  -4.1408796e-03
   0.0000000e+00
   0.0000000e+00
  -2.3276362e-02
  -3.1622903e-02
  -3.6426783e-02
  -3.8572696e-02
  -4.0890040e-02
  -4.3081885e-02
  -4.5289738e-02
  -4.6706985e-02
  -4.6169547e-02
  -4.2871551e-02
  -3.8173100e-02
  -3.3883907e-02
  -3.1092413e-02
  -2.8092170e-02
  -2.2766924e-02
  -1.6200364e-02
  -4.0028223e-03
   0.0000000e+00
   0.0000000e+00
  -4.4395443e-02
  -3.0401771e-02
   2.9833653e-03
   0.0000000e+00
   0.0000000e+00
   0.0000000e+00
   0.0000000e+00
   0.0000000e+00
   0.0000000e+00
  -0.0000000e+00
   7.5192996e-03
   1.1229461e-02
   0.0000000e+00
   0.0000000e+00
   0.0000000e+00
   0.0000000e+00
   0.0000000e+00
  -2.3868790e-02
  -2.4376976e-02
  -4.1572869e-02
  -4.3872014e-02
  -4.3370627e-02
  -4.3120954e-02
  -4.4145890e-02
  -4.5581236e-02
  -4.5806129e-02
  -4.3285668e-02
  -3.7936904e-02
  -3.1633571e-02
  -2.8221134e-02
  -2.9732021e-02
  -3.3727150e-02
  -4.0249169e-02
  -3.4399258e-02
   0.0000000e+00
   0.0000000e+00
  -5.0328259e-02
  -2.8457263e-02
   6.2214551e-03
   0.0000000e+00
   0.0000000e+00
   0.0000000e+00
   0.0000000e+00
   0.0000000e+00
   0.0000000e+00
   0.0000000e+00
   0.0000000e+00
   0.0000000e+00
   0.0000000e+00
   0.0000000e+00
   0.0000000e+00
   0.0000000e+00
   0.0000000e+00
  -3.5535759e-02
  -3.6042273e-02
  -5.3458055e-02
  -5.7379652e-02
  -5.7385903e-02
  -5.6921605e-02
  -5.7868131e-02
  -5.9783835e-02
  -6.1029915e-02
  -5.9713837e-02
  -5.4652337e-02
  -4.5907397e-02
  -3.5614580e-02
  -3.0969176e-02
  -3.4136146e-02
  -5.6837231e-02
  -6.9442258e-02
  -9.7338234e-02
  -6.8440731e-02
  -5.1654902e-02
  -3.0425463e-02
   3.1304099e-03
   0.0000000e+00
   0.0000000e+00
   0.0000000e+00
   0.0000000e+00
   0.0000000e+00
   0.0000000e+00
   0.0000000e+00
   0.0000000e+00
   0.0000000e+00
   0.0000000e+00
   0.0000000e+00
   0.0000000e+00
   0.0000000e+00
  -4.6540175e-02
  -5.0278978e-02
  -5.9943767e-02
  -6.3464798e-02
  -6.8212852e-02
  -7.0677727e-02
  -7.1957335e-02
  -7.4313380e-02
  -7.7693917e-02
  -8.0390722e-02
  -7.9895049e-02
  -7.4528940e-02
  -6.3002065e-02
  -4.4792291e-02
  -2.8602621e-02
  -2.1469403e-02
  -0.0000000e+00
  -6.5739957e-02
  -8.5273609e-02
  -6.4077497e-02
  -5.1109582e-02
  -3.6060866e-02
  -7.2120552e-03
   0.0000000e+00
   0.0000000e+00
   0.0000000e+00
   0.0000000e+00
   0.0000000e+00
   0.0000000e+00
   0.0000000e+00
   0.0000000e+00
   0.0000000e+00
   0.0000000e+00
   0.0000000e+00
   0.0000000e+00
  -0.0000000e+00
  -4.6014781e-02
  -5.3695440e-02
  -6.2155865e-02
  -6.6772781e-02
  -7.2902560e-02
  -7.6226620e-02
  -7.7300213e-02
  -7.8871503e-02
  -8.2147827e-02
  -8.5793242e-02
  -8.6945087e-02
  -8.2551008e-02
  -7.0130639e-02
  -4.7070041e-02
  -2.2182574e-02
  -1.1871370e-02
   0.0000000e+00
  -4.0935750e-02
  -5.8923525e-02
  -5.1957235e-02
  -4.8263939e-02
  -4.3923695e-02
  -2.6240784e-02
   0.0000000e+00
   0.0000000e+00
   0.0000000e+00
   0.0000000e+00
   0.0000000e+00
   0.0000000e+00
   0.0000000e+00
   0.0000000e+00
   0.0000000e+00
   0.0000000e+00
   0.0000000e+00
   0.0000000e+00
  -0.0000000e+00
  -4.3229345e-02
  -4.9242128e-02
  -5.5967186e-02
  -6.2159039e-02
  -6.7023128e-02
  -6.8696618e-02
  -6.8087287e-02
  -6.7476124e-02
  -6.9122240e-02
  -7.2780289e-02
  -7.5701728e-02
  -7.3712446e-02
  -6.3270740e-02
  -4.0156603e-02
  -1.4612646e-02
  -0.0000000e+00
  -3.1166179e-02
  -3.2906607e-02
  -3.7644011e-02
  -3.8440466e-02
  -4.1185770e-02
  -4.6330053e-02
  -4.4936245e-02
   0.0000000e+00
   0.0000000e+00
   0.0000000e+00
   0.0000000e+00
   0.0000000e+00
   0.0000000e+00
  -0.0000000e+00
  -0.0000000e+00
   0.0000000e+00
   0.0000000e+00
   0.0000000e+00
   0.0000000e+00
   0.0000000e+00
  -0.0000000e+00
  -3.8193181e-02
  -4.3693747e-02
  -4.7895901e-02
  -5.0517704e-02
  -5.0782587e-02
  -4.9983814e-02
  -4.9177971e-02
  -5.0323520e-02
  -5.3847179e-02
  -5.7335697e-02
  -5.7157476e-02
  -4.9475715e-02
  -2.8538730e-02
  -4.9599223e-03
   0.0000000e+00
  -2.6205997e-02
  -2.4961073e-02
  -2.4642194e-02
  -2.6514325e-02
  -3.1057844e-02
  -3.9445747e-02
  -4.5531641e-02
  -0.0000000e+00
   0.0000000e+00
   0.0000000e+00
   0.0000000e+00
   0.0000000e+00
   0.0000000e+00
  -0.0000000e+00
  -0.0000000e+00
   0.0000000e+00
   0.0000000e+00
   0.0000000e+00
   0.0000000e+00
   0.0000000e+00
   0.0000000e+00
  -1.8893923e-02
  -1.8291814e-02
  -1.9780168e-02
  -2.0394593e-02
  -2.0062025e-02
  -1.9814746e-02
  -2.0552990e-02
  -2.3356116e-02
  -2.7916128e-02
  -3.2124977e-02
  -3.3481870e-02
  -2.8695226e-02
  -1.0280800e-02
   5.4508811e-03
   0.0000000e+00
  -1.2334258e-02
  -1.0372276e-02
  -6.2293729e-03
  -1.1301876e-02
  -1.5986899e-02
  -2.4271040e-02
  -3.5249549e-02
  -3.1933940e-02
   0.0000000e+00
   0.0000000e+00
  -0.0000000e+00
  -0.0000000e+00
  -0.0000000e+00
  -0.0000000e+00
  -0.0000000e+00
   0.0000000e+00
   0.0000000e+00
   0.0000000e+00
   0.0000000e+00
   0.0000000e+00
   0.0000000e+00
   5.1084476e-03
   1.2704443e-02
   1.6157489e-02
   1.6828991e-02
   1.6855171e-02
   1.6068285e-02
   1.2711397e-02
   7.2413352e-03
   6.5777148e-04
  -4.8550768e-03
  -7.9121813e-03
  -5.6964401e-03
   1.1176336e-02
   0.0000000e+00
   0.0000000e+00
   0.0000000e+00
   0.0000000e+00
   1.4189335e-02
   7.5140474e-03
   1.7343109e-03
  -5.5195778e-03
  -1.6474636e-02
  -1.9326940e-02
   0.0000000e+00
   0.0000000e+00
  -0.0000000e+00
   0.0000000e+00
   0.0000000e+00
   0.0000000e+00
   0.0000000e+00
   0.0000000e+00
   0.0000000e+00
   0.0000000e+00
   0.0000000e+00
   0.0000000e+00
   0.0000000e+00
   1.6441074e-02
   4.6328229e-02
   5.6325015e-02
   5.7229303e-02
   5.4995995e-02
   5.1998302e-02
   4.6132583e-02
   3.8496863e-02
   3.0756347e-02
   2.4541955e-02
   1.9722003e-02
   1.8195258e-02
   2.6054596e-02
   0.0000000e+00
   0.0000000e+00
   0.0000000e+00
   0.0000000e+00
   3.0759710e-02
   2.9732905e-02
   2.2742398e-02
   1.5311469e-02
   5.3969072e-03
   4.3296668e-03
   0.0000000e+00
   0.0000000e+00
   0.0000000e+00
   0.0000000e+00
   0.0000000e+00
   0.0000000e+00
   0.0000000e+00
   0.0000000e+00
   0.0000000e+00
   0.0000000e+00
   0.0000000e+00
   0.0000000e+00
   0.0000000e+00
   0.0000000e+00
   6.7450851e-02
   7.9986684e-02
   8.1081077e-02
   7.8621199e-02
   7.4793726e-02
   6.8529092e-02
   6.0757589e-02
   5.3810917e-02
   4.8936695e-02
   4.3440322e-02
   3.7432604e-02
   3.5545448e-02
   0.0000000e+00
   0.0000000e+00
   0.0000000e+00
   0.0000000e+00
   0.0000000e+00
   4.6965495e-02
   4.1635549e-02
   3.3392321e-02
   2.4276244e-02
   1.6609354e-02
   0.0000000e+00
   0.0000000e+00
   0.0000000e+00
   0.0000000e+00
   0.0000000e+00
   0.0000000e+00
   0.0000000e+00
   0.0000000e+00
   0.0000000e+00
   0.0000000e+00
   0.0000000e+00
   0.0000000e+00
   0.0000000e+00
   0.0000000e+00
   6.4673053e-02
   7.4051164e-02
   7.6462850e-02
   8.0418020e-02
   8.0058016e-02
   7.5683273e-02
   7.0144683e-02
   6.6115752e-02
   6.3240461e-02
   5.8219220e-02
   4.8838690e-02
   3.3147882e-02
   0.0000000e+00
   0.0000000e+00
   0.0000000e+00
   0.0000000e+00
   0.0000000e+00
   0.0000000e+00
   5.0571457e-02
   4.3908864e-02
   3.9301082e-02
   3.1671896e-02
   0.0000000e+00
   0.0000000e+00
   0.0000000e+00
   0.0000000e+00
   0.0000000e+00
   0.0000000e+00
   0.0000000e+00
   0.0000000e+00
   0.0000000e+00
   0.0000000e+00
   0.0000000e+00
   0.0000000e+00
   0.0000000e+00
   0.0000000e+00
   0.0000000e+00
   5.1695742e-02
   5.8010373e-02
   6.5992564e-02
   6.9669060e-02
   6.7974798e-02
   6.5786585e-02
   6.4938650e-02
   6.4149208e-02
   5.9947878e-02
   5.0938927e-02
   3.2310317e-02
   0.0000000e+00
   0.0000000e+00
   0.0000000e+00
   0.0000000e+00
   0.0000000e+00
   0.0000000e+00
   3.8577574e-02
   4.3703232e-02
   4.7099683e-02
   4.3566112e-02
   0.0000000e+00
   0.0000000e+00
   0.0000000e+00
   0.0000000e+00
   0.0000000e+00
   0.0000000e+00
   0.0000000e+00
   0.0000000e+00
   0.0000000e+00
   0.0000000e+00
   0.0000000e+00
   0.0000000e+00
   0.0000000e+00
   0.0000000e+00
   0.0000000e+00
   2.3075260e-02
   2.5834419e-02
   3.2881875e-02
   3.9573527e-02
   4.2260485e-02
   4.5517489e-02
   4.9182558e-02
   5.1126779e-02
   4.8971366e-02
   4.1111964e-02
   0.0000000e+00
   0.0000000e+00
   0.0000000e+00
   0.0000000e+00
   0.0000000e+00
   0.0000000e+00
   0.0000000e+00
   2.9111424e-02
   3.8606956e-02
   4.5098858e-02
   4.1335686e-02
   0.0000000e+00
   0.0000000e+00
   0.0000000e+00
   0.0000000e+00
   0.0000000e+00
   0.0000000e+00
   0.0000000e+00
   0.0000000e+00
   0.0000000e+00
   0.0000000e+00
   0.0000000e+00
   0.0000000e+00
   0.0000000e+00
   0.0000000e+00
  -0.0000000e+00
  -3.2576286e-03
  -9.1153039e-03
  -3.3549171e-03
  -5.6555802e-03
   1.9196015e-03
   1.1236802e-02
   1.9585760e-02
   2.3877701e-02
   2.4895421e-02
   2.3924341e-02
   0.0000000e+00
   0.0000000e+00
   0.0000000e+00
   0.0000000e+00
   0.0000000e+00
   0.0000000e+00
   0.0000000e+00
   2.0351215e-02
   2.5319667e-02
   2.6660803e-02
   2.3251018e-02
   8.8483180e-03
   0.0000000e+00
   0.0000000e+00
   0.0000000e+00
   0.0000000e+00
   0.0000000e+00
   0.0000000e+00
   0.0000000e+00
   0.0000000e+00
   0.0000000e+00
   0.0000000e+00
   0.0000000e+00
   0.0000000e+00
   0.0000000e+00
  -0.0000000e+00
  -0.0000000e+00
  -0.0000000e+00
  -0.0000000e+00
  -0.0000000e+00
  -3.2395577e-02
  -0.0000000e+00
  -0.0000000e+00
   0.0000000e+00
   0.0000000e+00
   0.0000000e+00
   0.0000000e+00
   0.0000000e+00
   0.0000000e+00
   0.0000000e+00
   0.0000000e+00
   0.0000000e+00
   0.0000000e+00
   6.9733451e-03
   0.0000000e+00
  -0.0000000e+00
  -0.0000000e+00
  -2.0089141e-03
  -8.3967819e-04
   0.0000000e+00
   0.0000000e+00
   0.0000000e+00
   0.0000000e+00
   0.0000000e+00
   0.0000000e+00
   0.0000000e+00
   0.0000000e+00
   0.0000000e+00
   0.0000000e+00
   0.0000000e+00
   0.0000000e+00
   0.0000000e+00
   0.0000000e+00
   0.0000000e+00
   0.0000000e+00
   0.0000000e+00
   0.0000000e+00
   0.0000000e+00
  -2.9318491e-02
  -3.2678586e-02
  -2.9232033e-02
  -1.9039341e-02
  -1.8525518e-02
   0.0000000e+00
   0.0000000e+00
   0.0000000e+00
   0.0000000e+00
   0.0000000e+00
   0.0000000e+00
   4.9999686e-04
   0.0000000e+00
   0.0000000e+00
  -0.0000000e+00
  -1.4238081e-02
  -1.3607408e-02
  -1.1023309e-02
  -1.0085637e-02
  -7.7837451e-03
  -5.4863342e-03
   0.0000000e+00
   0.0000000e+00
   0.0000000e+00
   0.0000000e+00
   0.0000000e+00
