   1.9855171e-01
   3.0952701e-01
   3.7841123e-01
   3.5371038e-01
   3.2557851e-01
   2.9815778e-01
   2.4695356e-01
   1.9345589e-01
   1.3541910e-01
   7.6412871e-02
   1.8531609e-02
  -6.2142305e-02
  -1.4728919e-01
  -2.6033968e-01
  -3.7455785e-01
  -4.8799348e-01
  -6.2726665e-01
  -8.0308378e-01
  -9.9934715e-01
  -1.2024106e+00
  -1.4281795e+00
  -1.5814514e+00
  -1.7188923e+00
  -1.7990912e+00
  -1.7969530e+00
  -1.6818120e+00
  -1.5200715e+00
  -1.3296233e+00
  -1.2493244e+00
  -1.1201408e+00
  -8.8129210e-01
  -6.5880638e-01
  -3.4039047e-01
   5.4666787e-02
   2.4637702e-01
   1.5885189e-01
   4.2886338e-01
   3.6740717e-01
   2.6736984e-01
   8.6396914e-03
  -1.8691100e-01
  -3.2791170e-01
  -4.3671048e-01
  -4.9776068e-01
  -5.2255428e-01
  -5.6273967e-01
  -5.9052974e-01
  -6.7949909e-01
  -7.3444694e-01
  -7.6809657e-01
  -8.0284041e-01
  -8.2345629e-01
  -9.2606550e-01
  -1.1104306e+00
  -1.3004062e+00
  -1.5016859e+00
  -1.6875423e+00
  -1.8867064e+00
  -2.0846064e+00
  -2.1881750e+00
  -2.2678390e+00
  -1.5591639e+00
  -1.4119554e+00
  -8.8191557e-01
  -6.7320269e-01
  -2.5677782e-01
  -5.1195506e-02
  -1.2266168e-01
  -1.4689788e-01
  -7.7570558e-02
   3.2118329e-01
   4.7246695e-01
   1.9423172e-01
   4.9370080e-02
  -2.9433820e-01
  -6.2553465e-01
  -8.2144552e-01
  -9.6585727e-01
  -1.0447078e+00
  -1.0679402e+00
  -1.0476485e+00
  -1.0322690e+00
  -1.0819093e+00
  -1.1567461e+00
  -1.1562269e+00
  -1.1121804e+00
  -1.0784903e+00
  -1.1086024e+00
  -1.1590383e+00
  -1.2857860e+00
  -1.3862079e+00
  -1.4390931e+00
  -1.4868195e+00
  -1.5810570e+00
  -1.6705908e+00
  -1.6001507e+00
  -8.3830351e-01
  -8.1214085e-02
  -3.6185449e-01
  -1.6291007e-01
   8.5334763e-02
  -7.2862759e-02
   4.3303794e-03
  -2.5693756e-01
   9.5294587e-02
  -8.1297029e-03
  -3.2403079e-01
  -2.1876065e-01
   9.5148701e-03
  -1.1831944e-01
  -6.2300366e-01
  -9.1746813e-01
  -1.1403630e+00
  -1.2913260e+00
  -1.3339591e+00
  -1.3453734e+00
  -1.3301350e+00
  -1.3554561e+00
  -1.3569521e+00
  -1.3759909e+00
  -1.3559341e+00
  -1.2792156e+00
  -1.2245071e+00
  -1.1943581e+00
  -1.1956663e+00
  -1.2117983e+00
  -1.2113066e+00
  -1.1463282e+00
  -1.0189705e+00
  -7.6331049e-01
  -3.6404869e-01
  -8.0615079e-01
  -2.8531289e-01
   1.6376226e-01
   1.3179846e-01
   3.5886207e-01
   3.8862875e-01
   7.4049696e-02
  -2.8210090e-02
  -3.0379403e-01
   4.6793852e-02
  -2.1137579e-01
  -4.9797568e-01
  -4.7176203e-01
  -1.2412548e-01
  -8.7181471e-02
  -7.6650745e-01
  -1.0230124e+00
  -1.2421362e+00
  -1.3813369e+00
  -1.3868763e+00
  -1.3705488e+00
  -1.3427422e+00
  -1.3393053e+00
  -1.3018152e+00
  -1.2781897e+00
  -1.2214428e+00
  -1.1364390e+00
  -1.0601074e+00
  -9.8441327e-01
  -9.4767016e-01
  -8.8703644e-01
  -8.0937791e-01
  -6.4798182e-01
  -2.8205875e-01
   4.6011323e-01
   8.3792967e-01
   8.1358396e-02
   1.8381567e-01
   1.6871747e-01
   4.6425959e-01
   2.5007632e-01
   3.2867989e-01
  -1.1872088e-01
  -1.5357149e-01
  -3.9080298e-01
  -2.4576503e-01
  -4.1342056e-01
  -5.5276442e-01
  -5.7855713e-01
  -6.8574896e-01
  -8.6323600e-01
  -1.2758841e+00
  -1.4379795e+00
  -1.5130475e+00
  -1.4644434e+00
  -1.3424732e+00
  -1.2324703e+00
  -1.1436856e+00
  -1.0799071e+00
  -1.0028185e+00
  -9.5974660e-01
  -8.6622845e-01
  -7.7726762e-01
  -7.0114521e-01
  -6.0461010e-01
  -5.5418519e-01
  -4.3632936e-01
  -2.8962124e-01
   1.9446855e-04
   6.2347368e-01
   1.8409606e+00
   1.7710864e+00
   1.0671143e+00
   6.1488648e-01
  -2.9609894e-02
   5.8388606e-01
   8.0195526e-01
   5.7605705e-01
   6.3940998e-03
  -1.5233741e-01
  -2.0770870e-01
  -4.7029090e-01
  -6.4318402e-01
  -4.9482560e-01
  -6.8817941e-01
  -1.1167575e+00
  -1.1350737e+00
  -1.2899625e+00
  -1.4764625e+00
  -1.4534774e+00
  -1.2522013e+00
  -1.0874141e+00
  -9.3023986e-01
  -7.9798168e-01
  -6.8668318e-01
  -6.2259722e-01
  -5.4875666e-01
  -4.6557537e-01
  -3.9094725e-01
  -3.1973320e-01
  -2.3607254e-01
  -1.5005559e-01
   2.9448971e-02
   2.8553382e-01
   7.2485113e-01
   1.5594972e+00
   3.1220250e+00
   2.6430740e+00
   1.6019075e+00
   1.1094513e+00
   5.1310286e-04
   6.2812114e-01
   1.0247040e+00
   7.0473897e-01
   3.0986339e-02
  -9.1198206e-02
  -1.3184345e-01
  -5.0413048e-01
  -5.5659270e-01
  -5.7099414e-01
  -8.2176375e-01
  -9.0490915e-01
  -8.1472111e-01
  -8.4989733e-01
  -9.2511738e-01
  -8.4728408e-01
  -6.7307067e-01
  -5.2258503e-01
  -3.8354981e-01
  -2.6525459e-01
  -2.0022502e-01
  -1.7088436e-01
  -1.2285966e-01
  -9.7073484e-02
  -5.1853556e-02
   1.9351367e-02
   1.0396814e-01
   2.3403239e-01
   5.2128232e-01
   8.9323242e-01
   1.4711018e+00
   2.5591049e+00
   4.3857741e+00
   2.3151162e+00
   2.7474077e+00
   1.0689155e+00
   1.2517014e-01
   8.2411617e-02
   1.2235149e+00
   6.8928707e-01
   9.7023904e-02
   2.8357383e-01
   3.4928817e-02
  -3.9460906e-01
  -4.9436504e-01
  -5.9067476e-01
  -6.9093513e-01
  -4.9558145e-01
  -3.7603104e-01
  -2.0956042e-01
  -2.4320231e-01
  -2.1602678e-01
  -1.0748450e-01
   8.9922361e-03
   1.0161813e-01
   1.6393739e-01
   1.5444434e-01
   1.4764725e-01
   1.5699725e-01
   1.5116315e-01
   1.8435390e-01
   2.4168517e-01
   3.4011224e-01
   5.0605851e-01
   8.6324096e-01
   1.3302027e+00
   2.0223017e+00
   3.2522721e+00
   5.3034472e+00
   2.2171698e+00
   4.0587926e+00
   9.7335351e-01
   4.8309165e-01
   3.4102327e-01
   1.5249289e+00
   6.5059423e-01
   2.3257290e-01
   4.6800867e-01
   1.4789596e-01
  -2.2037299e-01
  -4.1941243e-01
  -6.2505764e-01
  -6.1304158e-01
   3.7441742e-01
   3.8923198e-01
   4.4403362e-01
   3.6459154e-01
   3.6994570e-01
   4.5254377e-01
   5.2763891e-01
   5.3430194e-01
   4.6544576e-01
   3.9213634e-01
   3.5819584e-01
   3.2836601e-01
   3.1583735e-01
   3.3240822e-01
   3.9548281e-01
   5.2413559e-01
   7.5732857e-01
   1.1955904e+00
   1.7600079e+00
   2.5655622e+00
   3.9072604e+00
   5.5466123e+00
   1.2034197e+00
   4.3703690e+00
   9.5501894e-01
   4.8109332e-01
   2.2982726e-01
   1.1491680e+00
   9.1873449e-01
   3.9618880e-01
   5.9079158e-01
   9.0025090e-02
  -1.9231823e-01
  -4.1697308e-01
  -4.0114406e-02
   5.0158000e-01
   7.8598166e-01
   7.6921070e-01
   6.6184390e-01
   6.1187708e-01
   6.4761174e-01
   7.1713966e-01
   7.2389305e-01
   6.2945151e-01
   4.9829176e-01
   4.1384715e-01
   3.6202151e-01
   3.2644251e-01
   3.1657106e-01
   3.3235666e-01
   4.3338841e-01
   6.2369514e-01
   9.4576389e-01
   1.4508626e+00
   2.0807738e+00
   2.9832830e+00
   4.3711281e+00
   4.7233005e+00
   1.0438906e+00
   4.4063740e+00
   1.3037527e+00
  -3.0266222e-02
   4.5612201e-01
   1.0847398e+00
   6.9666862e-01
   5.5260527e-01
   3.6495495e-01
  -2.7297598e-01
  -3.8314220e-01
   2.0231010e-01
   1.0078055e+00
   1.1357691e+00
   9.3606019e-01
   8.1681567e-01
   7.0345032e-01
   7.2903073e-01
   8.0442208e-01
   8.4498334e-01
   7.5858927e-01
   6.0488433e-01
   4.5913124e-01
   3.4788096e-01
   2.6772279e-01
   2.2049251e-01
   2.2120644e-01
   2.8121698e-01
   4.7918904e-01
   7.9014784e-01
   1.2209727e+00
   1.7852618e+00
   2.4756544e+00
   3.4752464e+00
   4.8868570e+00
   4.3948407e+00
   2.0195510e+00
   4.0902228e+00
   1.1089215e+00
  -2.8314790e-01
   5.5005324e-01
   5.1442105e-01
   6.3964176e-01
   2.7289757e-01
   3.3426154e-02
  -2.8039280e-01
   6.7283607e-01
   1.3547401e+00
   1.3330923e+00
   1.1656331e+00
   7.8778464e-01
   6.3829619e-01
   6.4822477e-01
   7.5733149e-01
   8.6156327e-01
   8.7519002e-01
   7.6845109e-01
   6.2955421e-01
   4.9087948e-01
   3.6663714e-01
   2.6856017e-01
   2.2962159e-01
   2.7160880e-01
   4.1044486e-01
   6.9638783e-01
   1.0863018e+00
   1.5678235e+00
   2.1642373e+00
   2.8941238e+00
   3.8983948e+00
   5.4221601e+00
   2.9853063e+00
   3.2104673e+00
   3.4994655e+00
   8.8101405e-01
  -2.9232794e-01
   3.7783271e-01
   8.1801631e-02
   1.1779161e-01
   4.6993282e-02
   5.3871036e-02
   6.1301297e-01
   1.2431558e+00
   1.2858051e+00
   1.1399747e+00
   9.6159476e-01
   4.8153543e-01
   4.4312024e-01
   5.7511306e-01
   7.4411762e-01
   8.8536382e-01
   9.3435276e-01
   8.9764535e-01
   8.4619522e-01
   7.9525429e-01
   7.5082618e-01
   7.1829814e-01
   7.2479910e-01
   7.8386891e-01
   9.2302823e-01
   1.1845202e+00
   1.5503936e+00
   2.0186131e+00
   2.5985150e+00
   3.2562222e+00
   4.0770173e+00
   5.3800049e+00
   1.9485350e+00
   3.7493873e+00
   3.0089531e+00
   5.8603597e-01
  -2.7793509e-01
   2.9871476e-01
  -2.9290700e-02
   8.8632919e-02
  -8.4107198e-02
  -7.0565395e-02
   9.0146041e-01
   9.9574792e-01
   8.8057178e-01
   7.6640284e-01
   6.0932952e-01
   1.5497874e-01
   2.3665076e-01
   4.3933168e-01
   6.5320104e-01
   8.4970891e-01
   9.8986137e-01
   1.0647758e+00
   1.1415254e+00
   1.2322696e+00
   1.3284264e+00
   1.4360503e+00
   1.5516353e+00
   1.6594119e+00
   1.7859229e+00
   1.9681153e+00
   2.2231555e+00
   2.5849962e+00
   3.0615537e+00
   3.5316787e+00
   3.9924185e+00
   3.8201134e+00
   2.1170726e+00
   3.0528789e+00
   2.0535526e+00
   3.0537883e-02
   1.1725356e-01
  -1.1631994e-02
   8.9283280e-02
   1.1714874e-01
  -7.9959691e-02
   3.9131306e-02
   1.0626707e+00
   5.5620134e-01
   4.0305376e-01
   3.1712490e-01
   2.0687437e-01
  -1.6619745e-01
  -5.9201188e-02
   1.1174618e-01
   2.7544907e-01
   4.4518375e-01
   5.8763885e-01
   7.0242178e-01
   8.3703899e-01
   9.9060369e-01
   1.1587977e+00
   1.3615760e+00
   1.6120353e+00
   1.8703237e+00
   2.1221714e+00
   2.3758829e+00
   2.6460793e+00
   2.9807887e+00
   3.4132392e+00
   3.8157554e+00
   4.0755601e+00
   2.5888426e+00
   3.8022625e+00
   3.4266229e+00
   1.3353217e+00
  -3.4940246e-01
   6.0113901e-01
   1.2340021e-01
   2.3829122e-01
   2.7820340e-01
  -2.1097043e-01
  -1.4173003e-01
   8.7330061e-01
   1.5307090e-01
   5.9659593e-03
  -6.5419503e-02
  -1.5429792e-01
  -5.0571305e-01
  -4.5320275e-01
  -3.7142825e-01
  -3.4611407e-01
  -3.1404722e-01
  -2.7668869e-01
  -2.2303247e-01
  -1.1715718e-01
   2.7352914e-02
   2.1336526e-01
   4.4877228e-01
   7.4187970e-01
   1.0583626e+00
   1.3897158e+00
   1.7439232e+00
   2.1063068e+00
   2.5275259e+00
   3.0864813e+00
   3.6692050e+00
   4.0739875e+00
   2.5666461e+00
   3.5688362e+00
   2.8353059e+00
   2.3850435e-01
  -6.9838965e-01
   6.9723278e-01
   7.5468957e-01
   2.6579884e-01
   3.1122166e-01
  -1.4689264e-01
   4.9574593e-01
   5.7794386e-01
  -9.5363230e-02
  -2.4301517e-01
  -3.4045261e-01
  -4.6964806e-01
  -4.8686907e-01
  -5.2126747e-01
  -5.3797286e-01
  -6.3925330e-01
  -7.1372924e-01
  -7.4275485e-01
  -7.3428062e-01
  -6.3907353e-01
  -4.6547014e-01
  -2.5022799e-01
  -5.7314730e-03
   2.5792047e-01
   5.0530815e-01
   7.5182071e-01
   1.0273901e+00
   1.3249874e+00
   1.6621300e+00
   2.1712458e+00
   2.8456768e+00
   3.6846908e+00
   1.6856245e+00
   2.7411059e+00
   1.1361598e+00
  -1.1059738e+00
  -1.1185675e+00
   4.3384413e-01
   5.8697139e-01
   9.6726652e-02
   1.7058217e-01
  -5.1438010e-01
   6.5271710e-01
   3.2103928e-01
  -1.7170530e-01
  -2.3192193e-01
  -2.9494664e-01
  -4.3301345e-01
   3.2793461e-01
   2.3650384e-01
   2.4040851e-01
   2.3815292e-01
   1.8901125e-01
   1.9980367e-01
   2.4206402e-01
   3.4702339e-01
   5.1364571e-01
   7.0330659e-01
   9.0163405e-01
   1.0785178e+00
   1.1978750e+00
   1.2681352e+00
   1.3281151e+00
   1.4132891e+00
   1.5268534e+00
   1.7380189e+00
   1.8801863e+00
   1.5050382e+00
   5.7555633e-01
   8.0959352e-01
  -3.5018684e-01
  -1.5825596e+00
  -1.3149044e+00
   3.6733832e-01
   4.0768451e-02
  -4.1339440e-01
  -3.0360501e-01
  -3.1534036e-01
   6.7470739e-01
   2.6787135e-01
   4.7678562e-02
   1.6806934e-01
   2.7099076e-01
   2.6584863e-01
   8.4453797e-01
   7.6477635e-01
   4.0848643e-01
   6.8609488e-01
   6.3842905e-01
   6.3272297e-01
   6.5675402e-01
   7.2045970e-01
   8.2063687e-01
   9.3693048e-01
   1.0424697e+00
   1.1099135e+00
   1.0991408e+00
   1.0127707e+00
   8.7274569e-01
   7.1565539e-01
   5.3111768e-01
   3.9532876e-01
   2.3527756e-01
  -4.7803140e-01
   7.0513532e-02
  -7.1116298e-01
  -6.5353096e-01
  -1.9672114e+00
  -1.8464029e+00
  -3.1953424e-01
  -6.8364537e-01
  -1.1846845e+00
  -7.5046134e-01
  -1.6327496e-01
   4.4807047e-01
   1.6578853e-01
   2.8675292e-02
   1.8854652e-01
   4.3627518e-01
   6.5100861e-01
   1.3509022e+00
   1.5972335e+00
   2.4128251e-01
   3.2824329e-01
   1.8069260e-01
   4.7997911e-02
  -5.1406898e-02
  -1.2196632e-01
  -1.8004820e-01
  -2.3206070e-01
  -2.9290718e-01
  -3.4807801e-01
  -3.9540333e-01
  -4.5908722e-01
  -5.7188636e-01
  -7.5470901e-01
  -9.9836266e-01
  -1.1287861e+00
  -8.9815599e-01
  -8.2705098e-01
  -1.5038626e-01
  -2.1327724e+00
  -8.6704028e-01
  -2.0019851e+00
  -1.8918755e+00
  -7.7889240e-01
  -8.2083780e-01
  -1.7161460e+00
  -1.0631696e+00
  -4.3694466e-01
   2.2758690e-01
  -2.3925535e-02
  -1.2105905e-01
  -1.0351238e-02
   2.5054651e-01
   7.2372442e-01
   1.3357316e+00
   1.1322924e+00
   4.6710560e-01
   7.9515100e-02
  -1.2451951e-01
  -3.9944014e-01
  -6.1793357e-01
  -8.1762785e-01
  -1.0244381e+00
  -1.2345788e+00
  -1.4535372e+00
  -1.6640730e+00
  -1.8052607e+00
  -1.8612865e+00
  -1.8816185e+00
  -1.9363619e+00
  -2.0442946e+00
  -2.1205556e+00
  -1.8460214e+00
  -1.1255530e+00
  -7.9857361e-01
  -3.1672134e+00
  -9.8285639e-01
  -2.2178800e+00
  -2.0314734e+00
  -1.2749445e+00
  -6.6578251e-01
  -1.4960296e+00
  -1.5833869e+00
  -7.7347195e-01
  -1.4932668e-01
  -3.2612279e-01
  -3.5290650e-01
  -3.1700695e-01
  -1.7321622e-01
   4.6728754e-01
   8.7690276e-01
   7.4487907e-01
   6.1084992e-01
   2.6262498e-01
  -4.3706886e-02
  -3.6977372e-01
  -6.1060733e-01
  -8.3394766e-01
  -1.0486989e+00
  -1.2627546e+00
  -1.4984020e+00
  -1.7748502e+00
  -2.0658159e+00
  -2.3242116e+00
  -2.5182035e+00
  -2.6356385e+00
  -2.7245822e+00
  -2.8832595e+00
  -2.8747942e+00
  -1.6813866e+00
  -1.3110390e+00
  -3.3630631e+00
  -2.0433161e+00
  -1.8839695e+00
  -2.2064517e+00
  -1.8909662e+00
  -6.2713617e-01
  -1.6371530e+00
  -1.7405382e+00
  -1.1464453e+00
  -8.7383235e-01
  -6.8117744e-01
  -5.2686459e-01
  -6.1615843e-01
  -8.4858191e-01
  -5.3140581e-02
   4.5450139e-01
   6.1464608e-01
   5.6075644e-01
   5.6334847e-01
   1.3284211e-01
  -1.5307535e-01
  -3.2477111e-01
  -4.7468156e-01
  -5.7985467e-01
  -6.6345251e-01
  -7.8410262e-01
  -1.0091503e+00
  -1.3655415e+00
  -1.8422366e+00
  -2.4128139e+00
  -2.9304352e+00
  -3.2912211e+00
  -3.4360614e+00
  -3.5591924e+00
  -2.0706320e+00
  -2.6352077e+00
  -3.1045156e+00
  -2.0580878e+00
  -8.7096047e-01
  -1.7904171e+00
  -1.6744591e+00
  -6.9158977e-01
  -1.8158182e+00
  -1.7015675e+00
  -1.7166449e+00
  -1.4638652e+00
  -1.0632318e+00
  -4.7460115e-01
  -6.1500692e-01
  -1.5384554e+00
  -3.6931768e-01
   1.2182705e-01
   2.7376622e-01
   9.1944075e-01
   1.1627063e+00
   5.2085751e-01
   9.0111703e-02
   7.2978744e-03
  -8.2336560e-02
  -1.0521640e-01
  -7.0361368e-02
  -5.2826803e-02
  -1.3036592e-01
  -3.7514058e-01
  -8.4715217e-01
  -1.5885556e+00
  -2.4996250e+00
  -3.4577308e+00
  -3.7697778e+00
  -3.5227044e+00
  -3.0417812e+00
  -3.5060811e+00
  -2.9473729e+00
  -2.2742941e+00
  -4.6997404e-01
  -1.4606029e+00
  -1.1397265e+00
  -1.1283865e+00
  -1.3143549e+00
  -1.7586391e+00
  -1.9626836e+00
  -1.8273400e+00
  -1.5922569e+00
  -3.2897002e-01
  -1.6349907e-01
  -1.9236177e+00
  -5.4131281e-01
  -2.2014353e-01
   1.6590013e-01
   1.2508154e+00
   1.1640273e+00
   8.7141216e-01
   3.2184434e-01
   2.5998089e-01
   1.5797590e-01
   8.1561349e-02
   9.0705909e-02
   1.0836385e-01
   9.8589331e-02
   2.7544752e-02
  -2.2703476e-01
  -8.1952786e-01
  -1.7370490e+00
  -3.0402086e+00
  -4.0331802e+00
  -2.5880148e+00
  -3.8359084e+00
  -3.6993964e+00
  -2.9198880e+00
  -2.4157982e+00
  -5.5919826e-01
  -1.2196447e+00
  -6.4395630e-01
  -5.0531787e-01
  -9.6340156e-01
  -1.6441919e+00
  -1.9510244e+00
  -1.7959538e+00
  -1.9007167e+00
  -1.4993705e+00
  -1.0238248e+00
  -1.8230776e+00
  -8.5625225e-01
  -1.6015196e-01
   3.4530184e-01
   1.3946254e+00
   1.7337321e+00
   1.2106496e+00
   5.8040535e-01
   4.6501049e-01
   3.5133675e-01
   2.0232220e-01
   1.5154894e-01
   1.2313583e-01
   6.9677554e-02
   1.2672212e-02
  -9.3182340e-02
  -4.7499657e-01
  -1.2254673e+00
  -2.4550321e+00
  -4.1400685e+00
  -1.8439039e+00
  -4.0249009e+00
  -3.8952897e+00
  -2.7389121e+00
  -2.4398673e+00
  -1.0735906e+00
  -4.3165272e-01
  -5.2652605e-02
   1.8237278e-01
  -7.7245295e-01
  -1.4020230e+00
  -1.9131333e+00
  -1.3168144e+00
  -1.6248471e+00
  -7.3535442e-01
  -1.1270885e-01
  -8.7945741e-01
  -9.5297968e-01
  -2.7838249e-02
   4.1375846e-01
   1.1658670e+00
   1.9021467e+00
   1.5701119e+00
   1.0966305e+00
   8.7187690e-01
   7.0615011e-01
   4.6893322e-01
   3.2134461e-01
   2.6454893e-01
   1.8266608e-01
   9.0274163e-02
  -1.0156281e-02
  -2.0634583e-01
  -7.3487359e-01
  -1.6624173e+00
  -3.3140631e+00
  -2.0642345e+00
  -3.3558557e+00
  -3.3893142e+00
  -2.3064070e+00
  -2.4028170e+00
  -1.9241376e+00
   5.1207341e-02
  -2.4461012e-01
   3.4298730e-01
   3.9408013e-02
  -9.6065676e-01
  -1.6498460e+00
  -1.3345602e+00
  -8.6233133e-01
  -4.6095869e-01
  -6.5463459e-01
  -7.9897916e-01
  -1.1209813e+00
   5.1535243e-01
   6.3887209e-01
   9.5064849e-01
   1.7123198e+00
   1.6568356e+00
   1.4488065e+00
   1.3975778e+00
   1.2099138e+00
   8.9666718e-01
   6.0872178e-01
   4.6688467e-01
   3.4946850e-01
   2.6042476e-01
   1.4129709e-01
  -2.8821090e-03
  -3.8888921e-01
  -1.1187850e+00
  -1.9683338e+00
  -1.8926015e+00
  -3.1420889e+00
  -2.4307585e+00
  -1.6206651e+00
  -2.0976272e+00
  -2.0290205e+00
   2.0151024e-04
  -2.4327123e-01
   1.3427348e-01
   3.8544126e-01
  -4.2377794e-01
  -1.1476910e+00
  -1.0207913e+00
   6.6782154e-02
  -2.7227220e-01
  -4.0525372e-01
  -1.1605080e+00
  -5.1439881e-01
   2.4660102e-01
   5.1557994e-01
   9.8512447e-01
   1.1472255e+00
   1.4314816e+00
   1.2801366e+00
   1.6804124e+00
   1.7821124e+00
   1.5345649e+00
   1.1751010e+00
   8.9854646e-01
   6.9656044e-01
   5.6869692e-01
   4.5855737e-01
   3.2657701e-01
   7.4906938e-02
  -4.9984041e-01
  -9.3187279e-01
  -1.4895439e+00
  -2.2319715e+00
  -1.3187001e+00
  -9.4705153e-01
  -1.8221194e+00
  -1.7616100e+00
  -6.1728194e-02
  -2.8235626e-01
  -1.3439432e-02
   2.8675336e-01
   2.7679712e-01
  -1.5153542e-01
  -3.0315593e-01
  -2.0111484e-02
  -1.8929137e-01
   2.6115862e-01
  -2.4524400e-01
   1.1359186e-01
   2.0542845e-01
   1.8130672e-01
   7.5920731e-01
   8.6458705e-01
   8.8931775e-01
   1.2220091e+00
   1.5096923e+00
   1.8056976e+00
   1.7376364e+00
   1.4906151e+00
   1.2669359e+00
   1.1154805e+00
   9.8699111e-01
   9.0679580e-01
   7.9878592e-01
   6.4279153e-01
   2.1037886e-01
   1.9578952e-02
  -8.8224332e-01
  -1.3279024e+00
  -2.9758808e-01
  -2.3704636e-01
  -1.2950786e+00
  -1.1148256e+00
   1.2524988e-01
  -9.9506669e-02
   2.9267751e-02
   2.7129418e-01
   1.5673019e-01
   4.1526034e-02
   3.4856692e-02
  -4.0482428e-02
   1.2095851e-01
  -3.1371478e-02
   3.1143484e-01
   1.2986690e-02
   1.4923821e-01
   1.0001920e-01
  -1.1667889e-02
   7.2561139e-01
   7.1778968e-01
   8.1321874e-01
   1.1934345e+00
   1.4701212e+00
   1.6036611e+00
   1.6036142e+00
   1.5399086e+00
   1.4903001e+00
   1.4292606e+00
   1.4024052e+00
   1.3426575e+00
   1.2749076e+00
   1.0569273e+00
   5.8632707e-01
  -1.2466778e-01
  -3.4421848e-01
   1.3210548e-01
   9.1085710e-02
  -1.4662085e-01
  -4.0404148e-01
   1.0754950e-01
   1.9355542e-01
  -2.5591192e-02
   2.1926169e-01
   2.4805686e-01
   1.5194416e-01
   2.9755838e-02
  -6.8843848e-02
  -5.6744718e-02
   7.0849404e-02
  -3.8913397e-01
  -2.1258700e-01
   2.3908950e-01
   1.4497139e-01
  -7.7425167e-02
  -9.7146524e-02
   2.8054136e-01
   3.3784494e-01
   7.3191373e-01
   1.1886489e+00
   1.5402746e+00
   1.7269791e+00
   1.7422912e+00
   1.7585154e+00
   1.7480910e+00
   1.7769339e+00
   1.7832806e+00
   1.7828908e+00
   1.6724445e+00
   1.4666766e+00
   9.3591225e-01
   7.3040062e-01
   6.1070156e-01
   4.5337927e-01
   2.5051719e-01
   1.4727831e-01
   1.8758954e-01
   4.1472921e-01
   1.5543520e-01
   5.8997452e-02
   2.4831314e-01
   2.1340545e-01
   2.2128182e-01
   1.2114467e-01
   1.5040745e-01
   2.2141035e-01
   2.9876316e-03
   9.0634331e-02
  -8.2567585e-01
  -3.3783278e-01
   1.6678050e-01
  -5.0062422e-02
  -1.2476218e-01
  -5.9111512e-01
  -3.3493939e-01
   2.7824122e-01
   8.2218480e-01
   1.1950653e+00
   1.4118266e+00
   1.5504664e+00
   1.6077676e+00
   1.6793892e+00
   1.8121973e+00
   1.9523221e+00
   1.9834648e+00
   1.7034631e+00
   1.6366199e+00
   1.2911412e+00
   1.2202311e+00
   9.3546695e-01
   6.6334742e-01
   4.8944068e-01
   5.0126410e-01
   4.5641252e-01
   4.0471593e-01
   3.9910488e-02
   1.7228477e-01
   2.3971404e-01
   3.3488119e-01
   3.2794830e-01
   5.7284409e-01
   4.2324847e-01
  -4.3178700e-02
  -8.9537144e-02
   9.8142910e-02
  -8.9155555e-01
  -1.8165352e+00
  -1.9069077e+00
  -1.5276560e+00
  -1.8383130e+00
  -1.7229143e+00
  -1.2613564e+00
  -7.0982778e-01
  -3.0792605e-01
  -5.4315608e-02
   2.0978041e-01
   2.7987516e-01
   5.7940716e-01
   9.3475980e-01
   1.5027558e+00
   1.3416849e+00
   1.5397234e+00
   1.3032946e+00
   1.2463868e+00
   1.3364756e+00
   1.2425954e+00
   1.2559054e+00
   8.8155872e-01
   8.6591126e-01
   6.2186641e-01
   5.4155421e-01
   4.4225804e-01
   2.9045355e-01
   3.8201365e-01
   2.5771511e-01
   3.5707611e-01
   4.2448261e-01
   8.0924573e-01
   1.1561593e+00
   8.8751739e-01
   6.9376802e-01
   4.8161611e-01
   3.9342377e-02
  -6.1705059e-01
  -9.5299000e-01
  -1.0696648e+00
  -1.0447266e+00
  -9.5169508e-01
  -7.2805613e-01
  -6.8714643e-01
  -8.4944701e-01
  -1.0234339e+00
  -1.0652066e+00
  -1.1737952e+00
  -1.0341132e+00
  -5.8515942e-01
  -4.2897516e-01
  -1.7271769e-01
   1.7888214e-01
   3.8649553e-01
   6.2739640e-01
   9.0723068e-01
   1.2480012e+00
   1.4707822e+00
   1.6691483e+00
   1.8571317e+00
   1.5683264e+00
   9.3689436e-01
   6.9013083e-01
   6.5953350e-01
   6.3253671e-01
   6.6031909e-01
   6.9854277e-01
   7.2082645e-01
   6.9520259e-01
   7.2975886e-01
