-START-OF-DATA-
1759.5 0.00110296
1769.5 0.00110296
1779.5 0.00110296
1789.5 0.00110296
1799.5 0.00110296
1809.5 0.00110296
1819.5 0.00110296
1829.5 0.00110296
1839.5 0.00110296
1849.5 0.00110296
1859.5 0.00110296
1869.5 0.00110296
1879.5 0.00110296
1889.5 0.00110296
1899.5 0.00110296
1909.5 0.00110296
1919.5 0.00110296
1929.5 0.00110296
1939.5 0.00110296
1949.5 0.001174
2949.5 0.001198
3949.5 0.001238
4949.5 0.001293
5949.5 0.001361
6949.5 0.001436
7949.5 0.001531
8949.5 0.001658
9949.5 0.001821
10949.5 0.002027
11949.5 0.002285
12949.5 0.002599
13949.5 0.002972
14949.5 0.003404
15949.5 0.003896
16949.5 0.004444
17949.5 0.004959
18949.5 0.005515
19949.5 0.00607
20949.5 0.006546
21949.5 0.006983
22949.5 0.00734
23949.5 0.007657
24949.5 0.007895
25949.5 0.008054
26949.5 0.008213
27949.5 0.008292
28949.5 0.008371
29949.5 0.008411
30949.5 0.008451
31949.5 0.008451
32949.5 0.008451
33949.5 0.008411
34949.5 0.008411
35949.5 0.008371
36949.5 0.008332
37949.5 0.008332
38949.5 0.008292
39949.5 0.008252
40949.5 0.008213
41949.5 0.008173
42949.5 0.008133
43949.5 0.008094
44949.5 0.008054
45949.5 0.008014
46949.5 0.007975
47949.5 0.007975
48949.5 0.007935
49949.5 0.007895
50949.5 0.007856
51949.5 0.007816
52949.5 0.007776
53949.5 0.007776
54949.5 0.007737
55949.5 0.007697
56949.5 0.007657
57949.5 0.007618
58949.5 0.007618
59949.5 0.007578
60949.5 0.007538
61949.5 0.007538
62949.5 0.007499
63949.5 0.007459
64949.5 0.007419
65949.5 0.007419
66949.5 0.00738
67949.5 0.00734
68949.5 0.00734
69949.5 0.0073
70949.5 0.00726
71949.5 0.00726
72949.5 0.007221
73949.5 0.007181
74949.5 0.007181
75949.5 0.007141
76949.5 0.007102
77949.5 0.007102
78949.5 0.007062
79949.5 0.007062
80949.5 0.007022
81949.5 0.006983
82949.5 0.006983
83949.5 0.006943
84949.5 0.006943
85949.5 0.006903
86949.5 0.006864
87949.5 0.006864
88949.5 0.006824
89949.5 0.006824
90949.5 0.006784
91949.5 0.006784
92949.5 0.006745
93949.5 0.006705
94949.5 0.006705
95949.5 0.006665
96949.5 0.006665
97949.5 0.006626
98949.5 0.006626
99949.5 0.006586
100949.5 0.006586
101949.5 0.006546
102949.5 0.006546
103949.5 0.006507
104949.5 0.006507
105949.5 0.006467
106949.5 0.006467
107949.5 0.006427
108949.5 0.006427
109949.5 0.006388
110949.5 0.006388
111949.5 0.006348
112949.5 0.006348
113949.5 0.006308
114949.5 0.006308
115949.5 0.006269
116949.5 0.006269
117949.5 0.006229
118949.5 0.006229
119949.5 0.006229
120949.5 0.006189
121949.5 0.006189
122949.5 0.00615
123949.5 0.00615
124949.5 0.00611
125949.5 0.00611
126949.5 0.00607
127949.5 0.00607
128949.5 0.00607
129949.5 0.006031
130949.5 0.006031
131949.5 0.005991
132949.5 0.005991
133949.5 0.005951
134949.5 0.005951
135949.5 0.005951
136949.5 0.005912
137949.5 0.005912
138949.5 0.005872
139949.5 0.005872
140949.5 0.005872
141949.5 0.005832
142949.5 0.005832
143949.5 0.005793
144949.5 0.005793
145949.5 0.005793
146949.5 0.005753
147949.5 0.005753
148949.5 0.005753
149949.5 0.005713
150949.5 0.005713
151949.5 0.005673
152949.5 0.005673
153949.5 0.005673
154949.5 0.005634
155949.5 0.005634
156949.5 0.005634
157949.5 0.005594
158949.5 0.005594
159949.5 0.005554
160949.5 0.005554
161949.5 0.005554
162949.5 0.005515
163949.5 0.005515
164949.5 0.005515
165949.5 0.005475
166949.5 0.005475
167949.5 0.005475
168949.5 0.005435
169949.5 0.005435
170949.5 0.005435
171949.5 0.005396
172949.5 0.005396
173949.5 0.005396
174949.5 0.005356
175949.5 0.005356
176949.5 0.005356
177949.5 0.005316
178949.5 0.005316
179949.5 0.005316
180949.5 0.005277
181949.5 0.005277
182949.5 0.005277
183949.5 0.005277
184949.5 0.005237
185949.5 0.005237
186949.5 0.005237
187949.5 0.005197
188949.5 0.005197
189949.5 0.005197
190949.5 0.005158
191949.5 0.005158
192949.5 0.005158
193949.5 0.005158
194949.5 0.005118
195949.5 0.005118
196949.5 0.005118
197949.5 0.005078
198949.5 0.005078
199949.5 0.005078
200949.5 0.005078
201949.5 0.005039
202949.5 0.005039
203949.5 0.005039
204949.5 0.005039
205949.5 0.004999
206949.5 0.004999
207949.5 0.004999
208949.5 0.004959
209949.5 0.004959
210949.5 0.004959
211949.5 0.004959
212949.5 0.00492
213949.5 0.00492
214949.5 0.00492
215949.5 0.00492
216949.5 0.00488
217949.5 0.00488
218949.5 0.00488
219949.5 0.00488
220949.5 0.00484
221949.5 0.00484
222949.5 0.00484
223949.5 0.00484
224949.5 0.00484
225949.5 0.004801
226949.5 0.004801
227949.5 0.004801
228949.5 0.004801
229949.5 0.004761
230949.5 0.004761
231949.5 0.004761
232949.5 0.004761
233949.5 0.004721
234949.5 0.004721
235949.5 0.004721
236949.5 0.004721
237949.5 0.004721
238949.5 0.004682
239949.5 0.004682
240949.5 0.004682
241949.5 0.004682
242949.5 0.004682
243949.5 0.004642
244949.5 0.004642
245949.5 0.004642
246949.5 0.004642
247949.5 0.004642
248949.5 0.004602
249949.5 0.004602
250949.5 0.004602
251949.5 0.004602
252949.5 0.004602
253949.5 0.004563
254949.5 0.004563
255949.5 0.004563
256949.5 0.004563
257949.5 0.004563
258949.5 0.004523
259949.5 0.004523
260949.5 0.004523
261949.5 0.004523
262949.5 0.004523
263949.5 0.004523
264949.5 0.004483
265949.5 0.004483
266949.5 0.004483
267949.5 0.004483
268949.5 0.004483
269949.5 0.004444
270949.5 0.004444
271949.5 0.004444
272949.5 0.004444
273949.5 0.004444
274949.5 0.004444
275949.5 0.004404
276949.5 0.004404
277949.5 0.004404
278949.5 0.004404
279949.5 0.004404
280949.5 0.004404
281949.5 0.004404
282949.5 0.004364
283949.5 0.004364
284949.5 0.004364
285949.5 0.004364
286949.5 0.004364
287949.5 0.004364
288949.5 0.004325
289949.5 0.004325
290949.5 0.004325
291949.5 0.004325
292949.5 0.004325
293949.5 0.004325
294949.5 0.004325
295949.5 0.004285
296949.5 0.004285
297949.5 0.004285
298949.5 0.004285
299949.5 0.004285
300949.5 0.004285
301949.5 0.004285
302949.5 0.004245
303949.5 0.004245
304949.5 0.004245
305949.5 0.004245
306949.5 0.004245
307949.5 0.004245
308949.5 0.004245
309949.5 0.004245
310949.5 0.004206
311949.5 0.004206
312949.5 0.004206
313949.5 0.004206
314949.5 0.004206
315949.5 0.004206
316949.5 0.004206
317949.5 0.004206
318949.5 0.004166
319949.5 0.004166
320949.5 0.004166
321949.5 0.004166
322949.5 0.004166
323949.5 0.004166
324949.5 0.004166
325949.5 0.004166
326949.5 0.004126
327949.5 0.004126
328949.5 0.004126
329949.5 0.004126
330949.5 0.004126
331949.5 0.004126
332949.5 0.004126
333949.5 0.004126
334949.5 0.004126
335949.5 0.004087
336949.5 0.004087
337949.5 0.004087
338949.5 0.004087
339949.5 0.004087
340949.5 0.004087
341949.5 0.004087
342949.5 0.004087
343949.5 0.004087
344949.5 0.004047
345949.5 0.004047
346949.5 0.004047
347949.5 0.004047
348949.5 0.004047
349949.5 0.004047
350949.5 0.004047
351949.5 0.004047
352949.5 0.004047
353949.5 0.004047
354949.5 0.004007
355949.5 0.004007
356949.5 0.004007
357949.5 0.004007
358949.5 0.004007
359949.5 0.004007
360949.5 0.004007
361949.5 0.004007
362949.5 0.004007
363949.5 0.004007
364949.5 0.003967
365949.5 0.003967
366949.5 0.003967
367949.5 0.003967
368949.5 0.003967
369949.5 0.003967
370949.5 0.003964
371949.5 0.00396
372949.5 0.003956
373949.5 0.003952
374949.5 0.003952
375949.5 0.003948
376949.5 0.003944
377949.5 0.00394
378949.5 0.003936
379949.5 0.003932
380949.5 0.003928
381949.5 0.003924
382949.5 0.003924
383949.5 0.00392
384949.5 0.003916
385949.5 0.003912
386949.5 0.003908
387949.5 0.003904
388949.5 0.003904
389949.5 0.0039
390949.5 0.003896
391949.5 0.003892
392949.5 0.003888
393949.5 0.003888
394949.5 0.003884
395949.5 0.00388
396949.5 0.003876
397949.5 0.003876
398949.5 0.003872
399949.5 0.003868
400949.5 0.003864
401949.5 0.00386
402949.5 0.00386
403949.5 0.003856
404949.5 0.003852
405949.5 0.003848
406949.5 0.003848
407949.5 0.003844
408949.5 0.003841
409949.5 0.003841
410949.5 0.003837
411949.5 0.003833
412949.5 0.003829
413949.5 0.003829
414949.5 0.003825
415949.5 0.003821
416949.5 0.003821
417949.5 0.003817
418949.5 0.003813
419949.5 0.003813
420949.5 0.003809
421949.5 0.003805
422949.5 0.003805
423949.5 0.003801
424949.5 0.003797
425949.5 0.003797
426949.5 0.003793
427949.5 0.003789
428949.5 0.003789
429949.5 0.003785
430949.5 0.003781
431949.5 0.003781
432949.5 0.003777
433949.5 0.003773
434949.5 0.003773
435949.5 0.003769
436949.5 0.003769
437949.5 0.003765
438949.5 0.003761
439949.5 0.003761
440949.5 0.003757
441949.5 0.003753
442949.5 0.003753
443949.5 0.003749
444949.5 0.003749
445949.5 0.003745
446949.5 0.003745
447949.5 0.003741
448949.5 0.003737
449949.5 0.003737
450949.5 0.003733
451949.5 0.003733
452949.5 0.003729
453949.5 0.003725
454949.5 0.003725
455949.5 0.003721
456949.5 0.003721
457949.5 0.003718
458949.5 0.003718
459949.5 0.003714
460949.5 0.00371
461949.5 0.00371
462949.5 0.003706
463949.5 0.003706
464949.5 0.003702
465949.5 0.003702
466949.5 0.003698
467949.5 0.003698
468949.5 0.003694
469949.5 0.003694
470949.5 0.00369
471949.5 0.003686
472949.5 0.003686
473949.5 0.003682
474949.5 0.003682
475949.5 0.003678
476949.5 0.003678
477949.5 0.003674
478949.5 0.003674
479949.5 0.00367
480949.5 0.00367
481949.5 0.003666
482949.5 0.003666
483949.5 0.003662
484949.5 0.003662
485949.5 0.003658
486949.5 0.003658
487949.5 0.003654
488949.5 0.00365
489949.5 0.00365
490949.5 0.003646
491949.5 0.003646
492949.5 0.003642
493949.5 0.003642
494949.5 0.003638
495949.5 0.003638
496949.5 0.003634
497949.5 0.003634
498949.5 0.00363
499949.5 0.00363
500949.5 0.003626
501949.5 0.003626
502949.5 0.003622
503949.5 0.003622
504949.5 0.003618
505949.5 0.003618
506949.5 0.003614
507949.5 0.003614
508949.5 0.00361
509949.5 0.00361
510949.5 0.003606
511949.5 0.003606
512949.5 0.003602
513949.5 0.003602
514949.5 0.003599
515949.5 0.003599
516949.5 0.003595
517949.5 0.003595
518949.5 0.003591
519949.5 0.003591
520949.5 0.003587
521949.5 0.003587
522949.5 0.003583
523949.5 0.003583
524949.5 0.003579
525949.5 0.003579
526949.5 0.003575
527949.5 0.003575
528949.5 0.003571
529949.5 0.003571
530949.5 0.003571
531949.5 0.003567
532949.5 0.003567
533949.5 0.003563
534949.5 0.003563
535949.5 0.003559
536949.5 0.003559
537949.5 0.003555
538949.5 0.003555
539949.5 0.003551
540949.5 0.003551
541949.5 0.003547
542949.5 0.003547
543949.5 0.003543
544949.5 0.003543
545949.5 0.003539
546949.5 0.003539
547949.5 0.003535
548949.5 0.003535
549949.5 0.003531
550949.5 0.003531
551949.5 0.003531
552949.5 0.003527
553949.5 0.003527
554949.5 0.003523
555949.5 0.003523
556949.5 0.003519
557949.5 0.003519
558949.5 0.003515
559949.5 0.003515
560949.5 0.003511
561949.5 0.003511
562949.5 0.003507
563949.5 0.003507
564949.5 0.003503
565949.5 0.003503
566949.5 0.003503
567949.5 0.003499
568949.5 0.003499
569949.5 0.003495
570949.5 0.003495
571949.5 0.003491
572949.5 0.003491
573949.5 0.003487
574949.5 0.003487
575949.5 0.003483
576949.5 0.003483
577949.5 0.003483
578949.5 0.003479
579949.5 0.003479
580949.5 0.003476
581949.5 0.003476
582949.5 0.003472
583949.5 0.003472
584949.5 0.003468
585949.5 0.003468
586949.5 0.003464
587949.5 0.003464
588949.5 0.003464
589949.5 0.00346
590949.5 0.00346
591949.5 0.003456
592949.5 0.003456
593949.5 0.003452
594949.5 0.003452
595949.5 0.003448
596949.5 0.003448
597949.5 0.003448
598949.5 0.003444
599949.5 0.003444
600949.5 0.00344
601949.5 0.00344
602949.5 0.003436
603949.5 0.003436
604949.5 0.003432
605949.5 0.003432
606949.5 0.003432
607949.5 0.003428
608949.5 0.003428
609949.5 0.003424
610949.5 0.003424
611949.5 0.00342
612949.5 0.00342
613949.5 0.00342
614949.5 0.003416
615949.5 0.003416
616949.5 0.003412
617949.5 0.003412
618949.5 0.003408
619949.5 0.003408
620949.5 0.003408
621949.5 0.003404
622949.5 0.003404
623949.5 0.0034
624949.5 0.0034
625949.5 0.003396
626949.5 0.003396
627949.5 0.003396
628949.5 0.003392
629949.5 0.003392
630949.5 0.003388
631949.5 0.003388
632949.5 0.003384
633949.5 0.003384
634949.5 0.003384
635949.5 0.00338
636949.5 0.00338
637949.5 0.003376
638949.5 0.003376
639949.5 0.003372
640949.5 0.003372
641949.5 0.003372
642949.5 0.003368
643949.5 0.003368
644949.5 0.003364
645949.5 0.003364
646949.5 0.00336
647949.5 0.00336
648949.5 0.00336
649949.5 0.003356
650949.5 0.003356
651949.5 0.003353
652949.5 0.003353
653949.5 0.003353
654949.5 0.003349
655949.5 0.003349
656949.5 0.003345
657949.5 0.003345
658949.5 0.003345
659949.5 0.003341
660949.5 0.003341
661949.5 0.003337
662949.5 0.003337
663949.5 0.003333
664949.5 0.003333
665949.5 0.003333
666949.5 0.003329
667949.5 0.003329
668949.5 0.003325
669949.5 0.003325
670949.5 0.003325
671949.5 0.003321
672949.5 0.003321
673949.5 0.003317
674949.5 0.003317
675949.5 0.003317
676949.5 0.003313
677949.5 0.003313
678949.5 0.003309
679949.5 0.003309
680949.5 0.003309
681949.5 0.003305
682949.5 0.003305
683949.5 0.003301
684949.5 0.003301
685949.5 0.003301
686949.5 0.003297
687949.5 0.003297
688949.5 0.003297
689949.5 0.003293
690949.5 0.003293
691949.5 0.003289
692949.5 0.003289
693949.5 0.003289
694949.5 0.003285
695949.5 0.003285
696949.5 0.003281
697949.5 0.003281
698949.5 0.003281
699949.5 0.003277
700949.5 0.003277
701949.5 0.003273
702949.5 0.003273
703949.5 0.003273
704949.5 0.003269
705949.5 0.003269
706949.5 0.003269
707949.5 0.003265
708949.5 0.003265
709949.5 0.003261
710949.5 0.003261
711949.5 0.003261
712949.5 0.003257
713949.5 0.003257
714949.5 0.003253
715949.5 0.003253
716949.5 0.003253
717949.5 0.003249
718949.5 0.003249
719949.5 0.003249
720949.5 0.003245
721949.5 0.003245
722949.5 0.003241
723949.5 0.003241
724949.5 0.003241
725949.5 0.003237
726949.5 0.003237
727949.5 0.003237
728949.5 0.003233
729949.5 0.003233
730949.5 0.00323
731949.5 0.00323
732949.5 0.00323
733949.5 0.003226
734949.5 0.003226
735949.5 0.003226
736949.5 0.003222
737949.5 0.003222
738949.5 0.003222
739949.5 0.003218
740949.5 0.003218
741949.5 0.003214
742949.5 0.003214
743949.5 0.003214
744949.5 0.00321
745949.5 0.00321
746949.5 0.00321
747949.5 0.003206
748949.5 0.003206
749949.5 0.003202
750949.5 0.003202
751949.5 0.003202
752949.5 0.003198
753949.5 0.003198
754949.5 0.003198
755949.5 0.003194
756949.5 0.003194
757949.5 0.003194
758949.5 0.00319
759949.5 0.00319
760949.5 0.003186
761949.5 0.003186
762949.5 0.003186
763949.5 0.003182
764949.5 0.003182
765949.5 0.003182
766949.5 0.003178
767949.5 0.003178
768949.5 0.003174
769949.5 0.003174
770949.5 0.003174
771949.5 0.00317
772949.5 0.00317
773949.5 0.003166
774949.5 0.003166
775949.5 0.003166
776949.5 0.003162
777949.5 0.003162
778949.5 0.003158
779949.5 0.003158
780949.5 0.003158
781949.5 0.003154
782949.5 0.003154
783949.5 0.003154
784949.5 0.00315
785949.5 0.00315
786949.5 0.003146
787949.5 0.003146
788949.5 0.003146
789949.5 0.003142
790949.5 0.003142
791949.5 0.003142
792949.5 0.003138
793949.5 0.003138
794949.5 0.003134
795949.5 0.003134
796949.5 0.003134
797949.5 0.00313
798949.5 0.00313
799949.5 0.00313
800949.5 0.003126
801949.5 0.003126
802949.5 0.003126
803949.5 0.003122
804949.5 0.003122
805949.5 0.003118
806949.5 0.003118
807949.5 0.003118
808949.5 0.003114
809949.5 0.003114
810949.5 0.003114
811949.5 0.003111
812949.5 0.003111
813949.5 0.003111
814949.5 0.003107
815949.5 0.003107
816949.5 0.003107
817949.5 0.003103
818949.5 0.003103
819949.5 0.003103
820949.5 0.003099
821949.5 0.003099
822949.5 0.003099
823949.5 0.003095
824949.5 0.003095
825949.5 0.003095
826949.5 0.003091
827949.5 0.003091
828949.5 0.003091
829949.5 0.003087
830949.5 0.003087
831949.5 0.003087
832949.5 0.003083
833949.5 0.003083
834949.5 0.003083
835949.5 0.003079
836949.5 0.003079
837949.5 0.003079
838949.5 0.003075
839949.5 0.003075
840949.5 0.003075
841949.5 0.003071
842949.5 0.003071
843949.5 0.003071
844949.5 0.003067
845949.5 0.003067
846949.5 0.003067
847949.5 0.003067
848949.5 0.003063
849949.5 0.003063
850949.5 0.003063
851949.5 0.003059
852949.5 0.003059
853949.5 0.003059
854949.5 0.003055
855949.5 0.003055
856949.5 0.003055
857949.5 0.003051
858949.5 0.003051
859949.5 0.003051
860949.5 0.003047
861949.5 0.003047
862949.5 0.003047
863949.5 0.003047
864949.5 0.003043
865949.5 0.003043
866949.5 0.003043
867949.5 0.003039
868949.5 0.003039
869949.5 0.003039
870949.5 0.003039
871949.5 0.003035
872949.5 0.003035
873949.5 0.003035
874949.5 0.003031
875949.5 0.003031
876949.5 0.003031
877949.5 0.003027
878949.5 0.003027
879949.5 0.003027
880949.5 0.003027
881949.5 0.003023
882949.5 0.003023
883949.5 0.003023
884949.5 0.003019
885949.5 0.003019
886949.5 0.003019
887949.5 0.003019
888949.5 0.003015
889949.5 0.003015
890949.5 0.003015
891949.5 0.003011
892949.5 0.003011
893949.5 0.003011
894949.5 0.003011
895949.5 0.003007
896949.5 0.003007
897949.5 0.003007
898949.5 0.003003
899949.5 0.003003
900949.5 0.003003
901949.5 0.002999
902949.5 0.002999
903949.5 0.002999
904949.5 0.002999
905949.5 0.002995
906949.5 0.002995
907949.5 0.002995
908949.5 0.002991
909949.5 0.002991
910949.5 0.002991
911949.5 0.002991
912949.5 0.002988
913949.5 0.002988
914949.5 0.002988
915949.5 0.002984
916949.5 0.002984
917949.5 0.002984
918949.5 0.002984
919949.5 0.00298
920949.5 0.00298
921949.5 0.00298
922949.5 0.002976
923949.5 0.002976
924949.5 0.002976
925949.5 0.002976
926949.5 0.002972
927949.5 0.002972
928949.5 0.002972
929949.5 0.002968
930949.5 0.002968
931949.5 0.002968
932949.5 0.002964
933949.5 0.002964
934949.5 0.002964
935949.5 0.002964
936949.5 0.00296
937949.5 0.00296
938949.5 0.00296
939949.5 0.002956
940949.5 0.002956
941949.5 0.002956
942949.5 0.002952
943949.5 0.002952
944949.5 0.002952
945949.5 0.002952
946949.5 0.002948
947949.5 0.002948
948949.5 0.002948
949949.5 0.002944
950949.5 0.002944
951949.5 0.002944
952949.5 0.002944
953949.5 0.00294
954949.5 0.00294
955949.5 0.00294
956949.5 0.002936
957949.5 0.002936
958949.5 0.002936
959949.5 0.002936
960949.5 0.002932
961949.5 0.002932
962949.5 0.002932
963949.5 0.002928
964949.5 0.002928
965949.5 0.002928
966949.5 0.002928
967949.5 0.002924
968949.5 0.002924
969949.5 0.002924
970949.5 0.00292
971949.5 0.00292
972949.5 0.00292
973949.5 0.00292
974949.5 0.002916
975949.5 0.002916
976949.5 0.002916
977949.5 0.002912
978949.5 0.002912
979949.5 0.002912
980949.5 0.002912
981949.5 0.002908
982949.5 0.002908
983949.5 0.002908
984949.5 0.002908
985949.5 0.002904
986949.5 0.002904
987949.5 0.002904
988949.5 0.0029
989949.5 0.0029
990949.5 0.0029
991949.5 0.0029
992949.5 0.002896
993949.5 0.002896
994949.5 0.002896
995949.5 0.002896
996949.5 0.002892
997949.5 0.002892
998949.5 0.002892
999949.5 0.002892
1000949.5 0.002888
1001949.5 0.002888
1002949.5 0.002888
1003949.5 0.002884
1004949.5 0.002884
1005949.5 0.002884
1006949.5 0.002884
1007949.5 0.00288
99999806900 0.001103
-END-OF-DATA-
