  -9.3532769e-03
  -1.0074336e-02
  -1.0568657e-02
  -1.0753301e-02
  -1.0316724e-02
  -9.6282242e-03
  -8.8545998e-03
  -7.5529575e-03
  -5.6124941e-03
  -3.0101587e-03
   2.2941275e-04
   4.3930355e-03
   9.1878661e-03
   1.3812362e-02
   1.8823092e-02
   2.3500919e-02
   2.6492093e-02
   2.8361917e-02
   3.0197986e-02
   3.2001211e-02
   3.3593369e-02
   0.0000000e+00
   0.0000000e+00
   3.3292457e-02
   3.0427660e-02
   2.5414865e-02
   2.0868431e-02
   1.6733856e-02
   1.2769657e-02
   9.0608158e-03
   5.5997013e-03
   2.2909013e-03
  -8.2512871e-04
  -3.5267130e-03
  -5.8665766e-03
  -7.8870016e-03
   4.7729518e-03
   7.8441342e-03
   1.1237292e-02
   1.5424687e-02
   1.7611632e-02
   1.9089215e-02
   1.8620208e-02
   1.7092923e-02
   1.5870675e-02
   1.4888003e-02
   1.5638636e-02
   1.7455427e-02
   2.1323752e-02
   2.5893060e-02
   3.0824402e-02
   3.5100881e-02
   3.8436737e-02
   3.8070670e-02
   0.0000000e+00
   0.0000000e+00
   0.0000000e+00
   0.0000000e+00
   0.0000000e+00
   0.0000000e+00
   0.0000000e+00
   0.0000000e+00
   0.0000000e+00
   1.6868323e-02
   9.3117962e-03
   3.8314175e-03
   1.0571714e-03
  -2.0022002e-05
   5.4615870e-04
   1.1824442e-03
   1.8393836e-03
   3.0837448e-03
   3.8329329e-02
   4.2774046e-02
   4.8165608e-02
   5.4131590e-02
   5.7554365e-02
   5.7909206e-02
   5.4782227e-02
   5.0054455e-02
   4.5431048e-02
   4.1523747e-02
   3.9121418e-02
   3.7281871e-02
   3.5445176e-02
   3.4131895e-02
   3.3128019e-02
   3.3286693e-02
   3.8333013e-02
   0.0000000e+00
   0.0000000e+00
   0.0000000e+00
   0.0000000e+00
   0.0000000e+00
   0.0000000e+00
   0.0000000e+00
   0.0000000e+00
   0.0000000e+00
   0.0000000e+00
   0.0000000e+00
   1.1104051e-02
   8.3620436e-03
   1.0047145e-02
   1.5563721e-02
   2.2226086e-02
   2.7792575e-02
   3.1971432e-02
   3.4694683e-02
   7.2927102e-02
   7.6063877e-02
   8.0411188e-02
   8.5204683e-02
   8.7874961e-02
   8.6992010e-02
   8.2765467e-02
   7.6575300e-02
   6.9896325e-02
   6.4652137e-02
   6.0360458e-02
   5.5108324e-02
   4.6796203e-02
   3.6815833e-02
   2.7638107e-02
   1.6874849e-02
   1.9681000e-02
   0.0000000e+00
   0.0000000e+00
   0.0000000e+00
   0.0000000e+00
   0.0000000e+00
   0.0000000e+00
   0.0000000e+00
   0.0000000e+00
   0.0000000e+00
   0.0000000e+00
   0.0000000e+00
   2.6311789e-02
   2.9046629e-02
   3.8693871e-02
   5.0727238e-02
   6.0748905e-02
   6.7456387e-02
   7.0681854e-02
   7.1718335e-02
   9.1267049e-02
   9.0807438e-02
   9.2174709e-02
   9.4175808e-02
   9.5428407e-02
   9.5138200e-02
   9.2207640e-02
   8.7080590e-02
   8.1168436e-02
   7.5597212e-02
   6.9648832e-02
   6.1723910e-02
   4.9782649e-02
   3.3913769e-02
   1.9197200e-02
   0.0000000e+00
   0.0000000e+00
   0.0000000e+00
   0.0000000e+00
   0.0000000e+00
   0.0000000e+00
   0.0000000e+00
   0.0000000e+00
   0.0000000e+00
   0.0000000e+00
   0.0000000e+00
   0.0000000e+00
   0.0000000e+00
   5.0701787e-02
   6.0580615e-02
   6.9523923e-02
   8.3157390e-02
   9.3285941e-02
   9.7518265e-02
   9.6633315e-02
   9.3765274e-02
   8.8488136e-02
   8.3889690e-02
   8.1203347e-02
   8.0097398e-02
   8.0067953e-02
   8.0577841e-02
   8.0128437e-02
   7.7916114e-02
   7.4322274e-02
   6.9366700e-02
   6.3181199e-02
   5.5012696e-02
   4.3331804e-02
   2.9158406e-02
   1.6380888e-02
   0.0000000e+00
   0.0000000e+00
   0.0000000e+00
   0.0000000e+00
   0.0000000e+00
   0.0000000e+00
   0.0000000e+00
   0.0000000e+00
   0.0000000e+00
   0.0000000e+00
   0.0000000e+00
   0.0000000e+00
   0.0000000e+00
   0.0000000e+00
   8.6524268e-02
   8.8548657e-02
   9.4493654e-02
   1.0062900e-01
   1.0243258e-01
   9.9561895e-02
   9.4245981e-02
   6.7908503e-02
   6.0225479e-02
   5.3655449e-02
   5.0269030e-02
   5.0060637e-02
   5.1828656e-02
   5.3471662e-02
   5.3839240e-02
   5.2981216e-02
   4.9668368e-02
   4.4756107e-02
   3.7982088e-02
   2.9033726e-02
   2.0026980e-02
   1.5338658e-02
   0.0000000e+00
   0.0000000e+00
   0.0000000e+00
   0.0000000e+00
   0.0000000e+00
   0.0000000e+00
   0.0000000e+00
   0.0000000e+00
   0.0000000e+00
   0.0000000e+00
   0.0000000e+00
   0.0000000e+00
   0.0000000e+00
   7.6234786e-02
   8.3343424e-02
   8.2056493e-02
   8.0118842e-02
   8.0905125e-02
   8.1805401e-02
   8.0076508e-02
   7.5146548e-02
   3.1428970e-02
   2.3035967e-02
   1.6249394e-02
   1.3120827e-02
   1.3631722e-02
   1.6486362e-02
   2.0222468e-02
   2.2726082e-02
   2.3506848e-02
   2.2464583e-02
   1.9535532e-02
   1.5209213e-02
   8.7126559e-03
   3.4379506e-03
   5.2845106e-03
   0.0000000e+00
   0.0000000e+00
   0.0000000e+00
   0.0000000e+00
   0.0000000e+00
   0.0000000e+00
   0.0000000e+00
   0.0000000e+00
   0.0000000e+00
   0.0000000e+00
   0.0000000e+00
   0.0000000e+00
   2.7090719e-02
   4.3055584e-02
   5.0611258e-02
   4.6731178e-02
   4.2284536e-02
   4.0504143e-02
   4.1687880e-02
   4.1792216e-02
   3.8551338e-02
  -5.8861375e-03
  -1.0746907e-02
  -1.4727106e-02
  -1.6302738e-02
  -1.4937188e-02
  -1.1493918e-02
  -6.7225667e-03
  -2.9793619e-03
  -1.1300703e-03
  -1.1048965e-03
  -2.8989601e-03
  -5.9483997e-03
  -1.0565567e-02
  -1.5038501e-02
  -6.1761917e-03
   0.0000000e+00
   0.0000000e+00
   0.0000000e+00
   0.0000000e+00
   0.0000000e+00
   0.0000000e+00
   0.0000000e+00
   0.0000000e+00
   0.0000000e+00
   0.0000000e+00
  -1.2262623e-02
  -8.2587029e-04
   5.8630441e-03
   7.5288364e-03
   6.0743140e-03
   1.6110146e-04
  -4.1870377e-03
  -5.3715836e-03
  -3.7548949e-03
  -1.8097579e-03
  -2.2516875e-03
  -3.6089387e-02
  -3.6498137e-02
  -3.7853368e-02
  -3.8326837e-02
  -3.6907356e-02
  -3.3158060e-02
  -2.7916664e-02
  -2.3527443e-02
  -2.0908961e-02
  -2.0664942e-02
  -2.2354342e-02
  -2.4875976e-02
  -2.7796093e-02
  -3.1441785e-02
  -0.0000000e+00
   0.0000000e+00
   0.0000000e+00
   0.0000000e+00
   0.0000000e+00
   0.0000000e+00
   0.0000000e+00
   0.0000000e+00
   0.0000000e+00
   0.0000000e+00
  -2.1399690e-02
  -2.4071910e-02
  -2.3061801e-02
  -2.5727395e-02
  -2.9229427e-02
  -3.4459669e-02
  -4.1188069e-02
  -4.5411907e-02
  -4.6362113e-02
  -4.4133730e-02
  -4.0331040e-02
  -3.7139550e-02
  -5.4145463e-02
  -5.1983686e-02
  -5.2321456e-02
  -5.3050335e-02
  -5.1848428e-02
  -4.8127942e-02
  -4.2532772e-02
  -3.7807568e-02
  -3.5310823e-02
  -3.5710726e-02
  -3.7503078e-02
  -3.9341420e-02
  -4.0795930e-02
  -3.4188512e-02
  -0.0000000e+00
   0.0000000e+00
   0.0000000e+00
   0.0000000e+00
   0.0000000e+00
   0.0000000e+00
   0.0000000e+00
   0.0000000e+00
  -0.0000000e+00
  -2.2441298e-02
  -2.9067708e-02
  -3.6925609e-02
  -4.4199545e-02
  -4.8709262e-02
  -5.2664546e-02
  -5.8187686e-02
  -6.5987229e-02
  -7.1843198e-02
  -7.3639937e-02
  -7.0772603e-02
  -6.5249040e-02
  -5.9028290e-02
  -6.1748341e-02
  -5.9256885e-02
  -5.9922747e-02
  -6.1346315e-02
  -6.0071424e-02
  -5.6515567e-02
  -5.1632728e-02
  -4.8295107e-02
  -4.7521904e-02
  -4.8929546e-02
  -5.0469548e-02
  -5.1030122e-02
  -4.9892470e-02
  -3.0938171e-02
  -0.0000000e+00
   0.0000000e+00
   0.0000000e+00
   0.0000000e+00
   0.0000000e+00
   0.0000000e+00
   0.0000000e+00
   0.0000000e+00
  -2.7776558e-02
  -2.8815869e-02
  -3.8806766e-02
  -4.8652984e-02
  -5.6301054e-02
  -5.9148822e-02
  -6.1181258e-02
  -6.6565894e-02
  -7.5671293e-02
  -8.3428219e-02
  -8.6336583e-02
  -8.3128586e-02
  -7.6074578e-02
  -6.8064258e-02
  -5.8938101e-02
  -5.8586340e-02
  -6.0406324e-02
  -6.1862148e-02
  -6.0616735e-02
  -5.7918221e-02
  -5.5388324e-02
  -5.5085059e-02
  -5.6528892e-02
  -5.8464043e-02
  -5.9235808e-02
  -5.8278501e-02
  -5.3651169e-02
  -3.2711508e-02
  -0.0000000e+00
   0.0000000e+00
   0.0000000e+00
   0.0000000e+00
   0.0000000e+00
   0.0000000e+00
   0.0000000e+00
   0.0000000e+00
  -2.6057350e-02
  -3.0707309e-02
  -4.3874014e-02
  -5.3087700e-02
  -5.7639431e-02
  -5.7598744e-02
  -5.7889625e-02
  -6.2310979e-02
  -7.0964254e-02
  -7.8543141e-02
  -8.1465088e-02
  -7.8170620e-02
  -7.0970051e-02
  -6.3337035e-02
  -5.1326230e-02
  -5.5060882e-02
  -5.8627296e-02
  -6.0319748e-02
  -5.9918396e-02
  -5.9375945e-02
  -6.0288738e-02
  -6.2442183e-02
  -6.4616330e-02
  -6.5510377e-02
  -6.4316548e-02
  -6.0534883e-02
  -5.2030399e-02
  -3.6464324e-02
   0.0000000e+00
   0.0000000e+00
   0.0000000e+00
   0.0000000e+00
   0.0000000e+00
   0.0000000e+00
   0.0000000e+00
   0.0000000e+00
  -2.8060615e-02
  -3.3627283e-02
  -4.4373948e-02
  -4.9118519e-02
  -4.9286153e-02
  -4.6956547e-02
  -4.5671325e-02
  -4.7718979e-02
  -5.3103920e-02
  -5.8102686e-02
  -6.0166374e-02
  -5.7555635e-02
  -5.2981749e-02
  -5.0189815e-02
  -4.5082867e-02
  -5.2530650e-02
  -5.8749415e-02
  -6.2786937e-02
  -6.4838007e-02
  -6.6880345e-02
  -6.9639705e-02
  -7.1340546e-02
  -7.1248062e-02
  -6.8665966e-02
  -6.3457407e-02
  -5.5114076e-02
  -3.8554933e-02
  -0.0000000e+00
   0.0000000e+00
   0.0000000e+00
   0.0000000e+00
   0.0000000e+00
   0.0000000e+00
   0.0000000e+00
   0.0000000e+00
   0.0000000e+00
  -2.5481232e-02
  -3.1908829e-02
  -3.6847364e-02
  -3.6901485e-02
  -3.4614284e-02
  -3.1645458e-02
  -2.9954968e-02
  -2.9692352e-02
  -3.1097086e-02
  -3.3269227e-02
  -3.4903374e-02
  -3.5168506e-02
  -3.5592116e-02
  -3.8705289e-02
  -4.0196326e-02
  -4.9149469e-02
  -5.7693545e-02
  -6.4711429e-02
  -6.9462329e-02
  -7.3598951e-02
  -7.7100381e-02
  -7.7593908e-02
  -7.4783266e-02
  -6.8216994e-02
  -5.8260292e-02
  -4.4671923e-02
  -2.1994544e-02
  -0.0000000e+00
   0.0000000e+00
   0.0000000e+00
   0.0000000e+00
   0.0000000e+00
   0.0000000e+00
   0.0000000e+00
   0.0000000e+00
   0.0000000e+00
  -2.1141395e-02
  -2.6159994e-02
  -2.5928082e-02
  -2.3322824e-02
  -2.0767312e-02
  -1.9119846e-02
  -1.8804682e-02
  -1.8258624e-02
  -1.7338928e-02
  -1.7573018e-02
  -1.9774377e-02
  -2.3157489e-02
  -2.6867917e-02
  -3.2282788e-02
  -4.2494301e-02
  -5.0327074e-02
  -5.8160137e-02
  -6.4817615e-02
  -6.9222659e-02
  -7.2302535e-02
  -7.3747262e-02
  -7.2072573e-02
  -6.6925928e-02
  -5.7669062e-02
  -4.5600228e-02
  -2.9600004e-02
  -4.9087175e-03
   0.0000000e+00
   0.0000000e+00
   0.0000000e+00
   0.0000000e+00
   0.0000000e+00
   0.0000000e+00
   0.0000000e+00
   0.0000000e+00
   0.0000000e+00
  -2.1741033e-02
  -2.1629842e-02
  -1.7825559e-02
  -1.4047265e-02
  -1.2353548e-02
  -1.3139271e-02
  -1.5772073e-02
  -1.7757926e-02
  -1.7296581e-02
  -1.6254529e-02
  -1.9032303e-02
  -2.4626255e-02
  -2.9933272e-02
  -3.5512015e-02
  -6.0200855e-02
  -6.6540990e-02
  -7.1354210e-02
  -7.3615313e-02
  -7.3231910e-02
  -7.0430979e-02
  -6.4930558e-02
  -5.7591572e-02
  -4.8527237e-02
  -3.7054013e-02
  -2.5164468e-02
  -1.1645339e-02
   7.6101379e-03
   0.0000000e+00
   0.0000000e+00
   0.0000000e+00
   0.0000000e+00
   0.0000000e+00
   0.0000000e+00
   0.0000000e+00
   0.0000000e+00
   0.0000000e+00
  -2.4029544e-02
  -2.0494495e-02
  -1.4315686e-02
  -1.0111936e-02
  -9.2630917e-03
  -1.1974029e-02
  -1.7816528e-02
  -2.3911703e-02
  -2.7332649e-02
  -2.6450192e-02
  -2.9792625e-02
  -3.7955247e-02
  -4.5747175e-02
  -5.3003646e-02
  -6.6529542e-02
  -7.2132543e-02
  -7.5764127e-02
  -7.6469444e-02
  -7.4066810e-02
  -6.8518624e-02
  -5.9935324e-02
  -5.0047088e-02
  -3.9188210e-02
  -2.6637470e-02
  -1.3836741e-02
   1.3742747e-04
   1.5241105e-02
   0.0000000e+00
   0.0000000e+00
   0.0000000e+00
   0.0000000e+00
   0.0000000e+00
   0.0000000e+00
   0.0000000e+00
   0.0000000e+00
   0.0000000e+00
  -2.4645765e-02
  -1.9499447e-02
  -1.1837569e-02
  -6.9400854e-03
  -5.7027563e-03
  -8.5697966e-03
  -1.6237095e-02
  -2.5598945e-02
  -3.0979671e-02
  -3.0672375e-02
  -3.3712450e-02
  -4.3158706e-02
  -5.1623315e-02
  -5.9437566e-02
  -6.0028612e-02
  -6.5870393e-02
  -7.0450583e-02
  -7.2872506e-02
  -7.2266151e-02
  -6.8132252e-02
  -6.0847528e-02
  -5.1693469e-02
  -4.0388906e-02
  -2.5786978e-02
  -9.5977267e-03
   6.8534449e-03
   1.6774681e-02
   0.0000000e+00
   0.0000000e+00
   0.0000000e+00
   0.0000000e+00
   0.0000000e+00
   0.0000000e+00
   0.0000000e+00
   0.0000000e+00
  -0.0000000e+00
  -2.7288783e-02
  -1.9241443e-02
  -9.2281654e-03
  -2.7750101e-03
  -4.8949919e-04
  -1.6203111e-03
  -6.5997238e-03
  -1.7481995e-02
  -0.0000000e+00
  -2.9292890e-02
  -3.0236326e-02
  -3.9455888e-02
  -4.6702254e-02
  -5.3461014e-02
  -4.5340545e-02
  -5.0935142e-02
  -5.6477956e-02
  -6.1938267e-02
  -6.5699421e-02
  -6.6558443e-02
  -6.3924439e-02
  -5.7923801e-02
  -4.7937300e-02
  -3.1899501e-02
  -1.1735483e-02
   7.9925880e-03
   1.1875458e-02
   0.0000000e+00
   0.0000000e+00
   0.0000000e+00
   0.0000000e+00
   0.0000000e+00
   0.0000000e+00
   0.0000000e+00
   0.0000000e+00
  -3.8487661e-02
  -3.0952271e-02
  -2.0591784e-02
  -4.8605674e-03
   6.6866493e-03
   1.1530285e-02
   1.3006095e-02
   1.0803423e-02
  -0.0000000e+00
   0.0000000e+00
  -0.0000000e+00
  -2.3530034e-02
  -2.9143421e-02
  -3.4714635e-02
  -3.9920647e-02
  -4.8442047e-02
  -5.4281771e-02
  -6.0244817e-02
  -6.6755280e-02
  -7.1896382e-02
  -7.4160770e-02
  -7.2319597e-02
  -6.6577710e-02
  -5.6406654e-02
  -3.9464131e-02
  -1.7807808e-02
   5.5966647e-03
   1.1379035e-02
   0.0000000e+00
   0.0000000e+00
   0.0000000e+00
   0.0000000e+00
   0.0000000e+00
   0.0000000e+00
   0.0000000e+00
   0.0000000e+00
  -4.0222734e-02
  -3.2914072e-02
  -2.0466927e-02
   1.8311196e-03
   2.0783287e-02
   2.5222683e-02
   2.7659613e-02
   2.3705811e-02
   0.0000000e+00
   0.0000000e+00
   0.0000000e+00
  -2.6149185e-02
  -3.1196831e-02
  -3.6948700e-02
  -4.2609770e-02
  -6.1768964e-02
  -6.6626757e-02
  -7.0807099e-02
  -7.4989021e-02
  -7.7929661e-02
  -7.8612797e-02
  -7.6101027e-02
  -7.0297062e-02
  -6.0454451e-02
  -4.4547208e-02
  -2.3848798e-02
   1.4490607e-03
   1.3072076e-02
   0.0000000e+00
   0.0000000e+00
   0.0000000e+00
   0.0000000e+00
   0.0000000e+00
   0.0000000e+00
   0.0000000e+00
   0.0000000e+00
  -3.9814703e-02
  -3.0173901e-02
  -1.5805652e-02
   9.9617206e-03
   2.8859668e-02
   0.0000000e+00
   0.0000000e+00
   0.0000000e+00
   0.0000000e+00
   0.0000000e+00
   0.0000000e+00
  -3.8846026e-02
  -4.3820202e-02
  -4.9904313e-02
  -5.5923492e-02
  -7.3939241e-02
  -7.6667970e-02
  -7.7506632e-02
  -7.7467680e-02
  -7.7353856e-02
  -7.6697983e-02
  -7.4350215e-02
  -6.9615713e-02
  -6.1562452e-02
  -4.8501421e-02
  -2.9803807e-02
  -3.2683844e-03
   0.0000000e+00
   0.0000000e+00
   0.0000000e+00
   0.0000000e+00
   0.0000000e+00
   0.0000000e+00
   0.0000000e+00
   0.0000000e+00
   0.0000000e+00
  -3.6843929e-02
  -2.3131241e-02
  -7.5955186e-03
   1.6641379e-02
   0.0000000e+00
   0.0000000e+00
   0.0000000e+00
   0.0000000e+00
   0.0000000e+00
   0.0000000e+00
  -5.7060052e-02
  -5.7646667e-02
  -6.0255297e-02
  -6.4951561e-02
  -6.9590554e-02
  -7.6354511e-02
  -7.7901885e-02
  -7.6885238e-02
  -7.3635876e-02
  -7.0743330e-02
  -6.8726189e-02
  -6.6597797e-02
  -6.3418992e-02
  -5.7734385e-02
  -4.7920268e-02
  -3.2233384e-02
  -6.2287869e-03
   0.0000000e+00
   0.0000000e+00
   0.0000000e+00
   0.0000000e+00
   0.0000000e+00
   0.0000000e+00
   0.0000000e+00
  -4.7183776e-02
  -4.1013960e-02
  -3.2061011e-02
  -1.6759669e-02
  -1.3601216e-03
   1.4376177e-02
   0.0000000e+00
   0.0000000e+00
   0.0000000e+00
   0.0000000e+00
   0.0000000e+00
  -6.5477498e-02
  -6.3034281e-02
  -6.7445792e-02
  -6.9593586e-02
  -7.1323164e-02
  -7.3633447e-02
  -6.8595298e-02
  -7.0301317e-02
  -6.9790825e-02
  -6.6135146e-02
  -6.1712619e-02
  -5.8377251e-02
  -5.6104332e-02
  -5.4023582e-02
  -5.0309610e-02
  -4.2977296e-02
  -3.1300053e-02
  -6.0919034e-03
   0.0000000e+00
   0.0000000e+00
   0.0000000e+00
   0.0000000e+00
   0.0000000e+00
   0.0000000e+00
   0.0000000e+00
  -3.8951731e-02
  -3.5665348e-02
  -2.6510321e-02
  -1.2332361e-02
   1.3599428e-03
   0.0000000e+00
   0.0000000e+00
   0.0000000e+00
   0.0000000e+00
   0.0000000e+00
   0.0000000e+00
  -0.0000000e+00
  -6.0557630e-02
  -6.3998148e-02
  -6.4765371e-02
  -6.4789176e-02
  -6.6155314e-02
  -5.1985958e-02
  -5.4052108e-02
  -5.4022242e-02
  -5.1247516e-02
  -4.6979135e-02
  -4.3275768e-02
  -4.0973472e-02
  -3.9298489e-02
  -3.7139974e-02
  -3.1995490e-02
  -2.5142186e-02
  -1.5481088e-02
   0.0000000e+00
   0.0000000e+00
   0.0000000e+00
   0.0000000e+00
   0.0000000e+00
  -2.0916799e-02
  -2.2764425e-02
  -2.4963210e-02
  -2.3309222e-02
  -1.7788054e-02
  -4.1860253e-03
   5.6678284e-03
   0.0000000e+00
   0.0000000e+00
   0.0000000e+00
   0.0000000e+00
   0.0000000e+00
   0.0000000e+00
  -0.0000000e+00
  -4.0184717e-02
  -4.2649972e-02
  -4.3660602e-02
  -4.5285853e-02
  -4.8285821e-02
  -3.0996867e-02
  -3.3615939e-02
  -3.3797797e-02
  -3.1627703e-02
  -2.8347602e-02
  -2.5270555e-02
  -2.2921385e-02
  -2.1288292e-02
  -1.9788479e-02
  -1.6149888e-02
  -1.2928149e-02
  -2.3744101e-02
   0.0000000e+00
   0.0000000e+00
   0.0000000e+00
   0.0000000e+00
   0.0000000e+00
  -1.4571806e-02
  -5.7953224e-03
  -6.5326821e-03
  -6.0036772e-03
  -3.6047020e-03
   5.6491738e-03
   0.0000000e+00
   0.0000000e+00
   0.0000000e+00
   0.0000000e+00
   0.0000000e+00
   0.0000000e+00
   0.0000000e+00
   0.0000000e+00
  -1.1843360e-02
  -8.9503191e-03
  -1.1570544e-02
  -1.7688358e-02
  -2.4707891e-02
  -2.6104907e-03
  -6.4455080e-03
  -6.9813156e-03
  -4.9482002e-03
  -2.1621995e-03
   2.9089215e-04
   2.3072541e-03
   3.3024582e-03
   3.9434861e-03
   4.6837740e-03
   5.4926631e-03
  -2.1051163e-02
   0.0000000e+00
   0.0000000e+00
   0.0000000e+00
   0.0000000e+00
   0.0000000e+00
  -0.0000000e+00
   0.0000000e+00
   0.0000000e+00
   1.2814073e-02
   1.6786288e-02
   1.5306872e-02
   0.0000000e+00
   0.0000000e+00
   0.0000000e+00
   0.0000000e+00
   0.0000000e+00
   0.0000000e+00
   0.0000000e+00
   0.0000000e+00
   0.0000000e+00
   3.0857068e-02
   2.9719008e-02
   1.8505827e-02
   6.2887617e-03
   3.1665415e-02
   2.7828150e-02
   2.7646594e-02
   2.9851282e-02
   3.2297522e-02
   3.4214646e-02
   3.4925137e-02
   3.4847512e-02
   3.3777524e-02
   3.0489771e-02
   2.2472847e-02
   1.1276611e-02
   2.8021978e-02
   0.0000000e+00
   0.0000000e+00
   0.0000000e+00
   0.0000000e+00
   0.0000000e+00
   0.0000000e+00
   0.0000000e+00
   0.0000000e+00
   0.0000000e+00
   0.0000000e+00
   0.0000000e+00
   0.0000000e+00
   0.0000000e+00
   0.0000000e+00
   0.0000000e+00
   0.0000000e+00
   0.0000000e+00
   0.0000000e+00
   0.0000000e+00
   0.0000000e+00
   6.7012876e-02
   5.6757171e-02
   4.1748963e-02
   6.9922030e-02
   6.9918856e-02
   7.1297504e-02
   7.3603958e-02
   7.5057648e-02
   7.5808942e-02
   7.5289257e-02
   7.3065460e-02
   6.9162905e-02
   6.2433643e-02
   5.1989156e-02
   4.8100740e-02
   4.4299105e-02
   0.0000000e+00
   0.0000000e+00
   0.0000000e+00
   0.0000000e+00
   0.0000000e+00
   0.0000000e+00
   0.0000000e+00
   0.0000000e+00
   0.0000000e+00
   0.0000000e+00
   0.0000000e+00
   0.0000000e+00
   0.0000000e+00
   0.0000000e+00
   0.0000000e+00
   0.0000000e+00
   0.0000000e+00
   0.0000000e+00
   0.0000000e+00
   0.0000000e+00
   0.0000000e+00
   8.5393941e-02
   7.5280361e-02
   9.4190180e-02
   1.0110861e-01
   1.0499401e-01
   1.0690495e-01
   1.0689289e-01
   1.0557976e-01
   1.0338794e-01
   9.9241766e-02
   9.2624716e-02
   8.5154724e-02
   7.3434887e-02
   7.0330739e-02
   0.0000000e+00
   0.0000000e+00
   0.0000000e+00
   0.0000000e+00
   0.0000000e+00
   0.0000000e+00
   0.0000000e+00
   0.0000000e+00
   0.0000000e+00
   0.0000000e+00
   0.0000000e+00
   0.0000000e+00
   0.0000000e+00
   0.0000000e+00
   0.0000000e+00
   0.0000000e+00
   0.0000000e+00
   0.0000000e+00
   0.0000000e+00
   0.0000000e+00
   0.0000000e+00
   0.0000000e+00
   7.7741645e-02
   8.4942102e-02
   8.9938123e-02
   1.0439146e-01
   1.1232562e-01
   1.1560926e-01
   1.1513853e-01
   1.1249966e-01
   1.0810819e-01
   1.0283325e-01
   9.3225319e-02
   7.0223882e-02
   7.3664639e-02
   6.6582665e-02
   0.0000000e+00
   0.0000000e+00
   0.0000000e+00
   0.0000000e+00
   0.0000000e+00
   0.0000000e+00
   0.0000000e+00
   0.0000000e+00
   0.0000000e+00
   0.0000000e+00
   0.0000000e+00
   0.0000000e+00
   0.0000000e+00
   0.0000000e+00
   0.0000000e+00
   0.0000000e+00
   0.0000000e+00
   0.0000000e+00
   0.0000000e+00
   0.0000000e+00
   0.0000000e+00
   0.0000000e+00
   4.8566214e-02
   6.6619057e-02
   5.4423705e-02
   7.0453926e-02
   8.1119016e-02
   8.6982913e-02
   8.8683654e-02
   8.7162837e-02
   8.3527215e-02
   7.8404596e-02
   7.0944585e-02
   5.1863885e-02
   4.3930286e-02
   4.1195813e-02
   0.0000000e+00
   0.0000000e+00
   0.0000000e+00
   0.0000000e+00
   0.0000000e+00
   0.0000000e+00
   0.0000000e+00
   0.0000000e+00
   0.0000000e+00
   0.0000000e+00
   0.0000000e+00
   0.0000000e+00
   0.0000000e+00
   0.0000000e+00
   0.0000000e+00
   0.0000000e+00
   0.0000000e+00
   0.0000000e+00
  -0.0000000e+00
   0.0000000e+00
   2.4966534e-02
   2.5239155e-02
   2.2681382e-02
   3.4395514e-02
   1.1246328e-02
   1.8188076e-02
   2.6236329e-02
   3.2540701e-02
   3.4439794e-02
   3.2640696e-02
   2.7894381e-02
   2.4514663e-02
   2.1612149e-02
   2.4945934e-02
   2.1062445e-02
   1.6667773e-02
   0.0000000e+00
   6.5534960e-03
   3.5467430e-03
   0.0000000e+00
   0.0000000e+00
   0.0000000e+00
   0.0000000e+00
  -1.3477760e-03
  -1.1866872e-02
   0.0000000e+00
   0.0000000e+00
   0.0000000e+00
   0.0000000e+00
   0.0000000e+00
   0.0000000e+00
   0.0000000e+00
   0.0000000e+00
   0.0000000e+00
  -0.0000000e+00
   0.0000000e+00
   9.4517745e-03
   8.4144128e-03
   7.3696077e-03
   7.1824794e-03
  -0.0000000e+00
  -0.0000000e+00
  -2.2544473e-02
  -2.2032032e-02
  -2.4903836e-02
  -0.0000000e+00
  -0.0000000e+00
  -2.3658203e-02
  -1.7759749e-02
  -1.9989761e-02
  -1.2261182e-02
  -7.3206588e-03
  -5.4771661e-03
  -3.0087715e-03
  -3.7365856e-03
  -8.3266026e-03
   0.0000000e+00
  -2.7766418e-03
  -4.3303870e-03
  -4.2328988e-03
  -1.1073920e-02
   0.0000000e+00
   0.0000000e+00
   0.0000000e+00
   0.0000000e+00
   0.0000000e+00
   0.0000000e+00
   0.0000000e+00
   0.0000000e+00
   0.0000000e+00
   0.0000000e+00
   0.0000000e+00
  -0.0000000e+00
  -0.0000000e+00
  -0.0000000e+00
  -0.0000000e+00
