  3.903814e-01
  3.488931e-01
  3.234824e-01
  3.018727e-01
  2.863170e-01
  2.687497e-01
  2.569110e-01
  2.449982e-01
  2.368814e-01
  2.303566e-01
  2.288241e-01
  2.331487e-01
  2.396994e-01
  2.471576e-01
  2.509842e-01
  2.471204e-01
  2.237116e-01
  2.005591e-01
  2.049165e-01
  2.329402e-01
  2.461359e-01
  2.501439e-01
  2.418191e-01
  2.264891e-01
  2.191050e-01
  2.192817e-01
  2.261626e-01
  2.350589e-01
  2.440908e-01
  2.580422e-01
  2.693796e-01
  2.857644e-01
  2.986778e-01
  3.093886e-01
  3.249367e-01
  3.517360e-01
