   7.7345908e-01   8.1676751e-01   8.4816355e-01   8.6454540e-01   8.6864573e-01   8.6109376e-01   8.4208554e-01   8.1288624e-01   7.8061807e-01   7.4650812e-01   6.9603592e-01   6.3223535e-01   5.6331044e-01   4.9300775e-01   4.1678855e-01   3.3293283e-01   2.5641248e-01   1.8265854e-01   1.4584169e-01   1.3356957e-01   1.3556837e-01   1.9515111e-01   2.6986811e-01   3.5693997e-01   4.4444606e-01   5.1698411e-01   5.7907116e-01   6.2343842e-01   6.4299983e-01   6.4111733e-01   6.2746936e-01   6.1638486e-01   6.1919224e-01   6.4557397e-01   6.8372768e-01   7.2546458e-01
   1.2953260e+00   1.3421928e+00   1.3684381e+00   1.3953086e+00   1.4013153e+00   1.3827870e+00   1.3527434e+00   1.3111970e+00   1.2647645e+00   1.2241672e+00   1.2235200e+00   1.2134838e+00   1.1686867e+00   1.0914589e+00   9.6196318e-01   7.5636917e-01   5.6111800e-01   3.3538109e-01   2.6419681e-01   3.4645240e-01   3.3706704e-01   4.8971349e-01   7.0562670e-01   1.0308262e+00   1.1349026e+00   1.0483727e+00   9.1169089e-01   8.2613313e-01   8.1721815e-01   8.1708944e-01   8.2312304e-01   8.5419901e-01   9.2043352e-01   1.0208081e+00   1.1198597e+00   1.2103454e+00
   8.8648170e-01   8.3670127e-01   7.9764688e-01   7.7016574e-01   7.5237137e-01   7.1138817e-01   6.7609930e-01   6.3757205e-01   6.3356030e-01   6.6020471e-01   7.0865798e-01   7.0652270e-01   6.8495166e-01   6.6015673e-01   6.2943238e-01   5.3992647e-01   5.3464890e-01   5.0315213e-01   5.8689773e-01   5.8872747e-01   1.9766077e+00   1.4402428e+00   5.0438976e-01   8.6236215e-01   1.8017845e+00   1.8771825e+00   1.4497046e+00   9.5919007e-01   6.5686792e-01   5.3023565e-01   5.5753785e-01   6.2875921e-01   7.4286830e-01   8.2863581e-01   8.6623049e-01   8.8894635e-01
   2.0264454e+00   2.1424998e+00   2.1863048e+00   2.2365353e+00   2.3037909e+00   2.3571436e+00   2.4429042e+00   2.4977891e+00   2.4538066e+00   2.2677753e+00   2.0299429e+00   1.7638905e+00   1.5607940e+00   1.5371394e+00   1.6245373e+00   1.7053595e+00   1.7234510e+00   1.5751060e+00   1.5504587e+00   1.0599979e+00   1.2740248e+00   2.1526730e+00   1.8934905e+00   5.1796210e-01   1.4617207e+00   2.2555281e+00   2.2097433e+00   1.9031439e+00   1.5484696e+00   1.3381981e+00   1.4017221e+00   1.5597139e+00   1.7144682e+00   1.7909867e+00   1.8194444e+00   1.8814123e+00
   4.4639773e+00   4.6386428e+00   4.7693495e+00   4.8169679e+00   4.8534579e+00   4.8859152e+00   4.8591904e+00   4.7914004e+00   4.7233671e+00   4.6097240e+00   4.4006910e+00   4.1421308e+00   3.8572383e+00   3.6536436e+00   3.4813316e+00   3.2974373e+00   3.0202498e+00   2.5965287e+00   2.3330197e+00   1.2337424e+00   8.5575475e-01   8.6734994e-01   2.3439960e+00   1.4254617e+00   1.2025681e+00   2.0928555e+00   2.3484196e+00   2.4902894e+00   2.4070733e+00   2.6111058e+00   3.0059770e+00   3.3904524e+00   3.7418709e+00   4.0097461e+00   4.1768703e+00   4.3002786e+00
   5.5475535e+00   5.6756937e+00   5.7859659e+00   5.8372335e+00   5.8417618e+00   5.8160982e+00   5.7501969e+00   5.6452224e+00   5.6146917e+00   5.6447039e+00   5.6214568e+00   5.5137730e+00   5.2988138e+00   5.0366584e+00   4.7191582e+00   4.3170395e+00   3.8592901e+00   3.2330592e+00   2.8714473e+00   1.7651311e+00   1.1999933e+00   1.0925041e+00   1.5856781e+00   1.6703120e+00   9.2198265e-01   1.4941972e+00   1.4743474e+00   1.5537941e+00   2.4087806e+00   3.1450953e+00   3.7258875e+00   4.2670994e+00   4.6873355e+00   5.0430722e+00   5.2787778e+00   5.4295750e+00
   5.0919743e+00   5.1379671e+00   5.1980767e+00   5.2432737e+00   5.2128181e+00   5.1395192e+00   5.0123014e+00   4.9558091e+00   5.0433588e+00   5.2405710e+00   5.4105959e+00   5.4938560e+00   5.4423013e+00   5.2379980e+00   4.9011416e+00   4.4020438e+00   3.8415079e+00   3.1443443e+00   2.6403613e+00   2.1874764e+00   1.3308958e+00   1.1486099e+00   1.1299545e+00   1.8309640e+00   6.6393942e-01   1.2419467e+00   1.5328063e+00   2.5693922e+00   2.9534519e+00   3.1689827e+00   3.6285019e+00   4.0562801e+00   4.4112172e+00   4.7404671e+00   4.9367547e+00   5.0409551e+00
   2.9398282e+00   2.9216324e+00   2.9452510e+00   2.9740028e+00   2.9640716e+00   2.8690791e+00   2.7725332e+00   2.7850243e+00   2.9674213e+00   3.3241971e+00   3.7322224e+00   4.0918107e+00   4.2558761e+00   4.1355223e+00   3.7777426e+00   3.1990671e+00   2.7154047e+00   2.1570976e+00   1.3318741e+00   1.7335255e+00   2.3017340e+00   2.2494009e+00   1.9468637e+00   3.3401043e+00   1.8631614e+00   1.9842956e+00   2.7201777e+00   3.1290936e+00   3.2908131e+00   2.9943135e+00   2.8500788e+00   2.7202672e+00   2.7064998e+00   2.8474574e+00   2.9701718e+00   2.9860303e+00
   1.0214669e+00   9.7652858e-01   9.6934330e-01   1.0171008e+00   1.0606046e+00   1.0337962e+00   9.3013149e-01   8.1147879e-01   7.5863093e-01   1.1120744e+00   1.6798983e+00   2.1949742e+00   2.5124402e+00   2.4740052e+00   2.0400751e+00   1.4113678e+00   1.2570744e+00   1.2436595e+00   1.0287712e+00   8.7839466e-01   1.8673060e+00   2.5870116e+00   2.6687479e+00   3.2337420e+00   2.6633644e+00   2.7631845e+00   3.0413437e+00   3.0209122e+00   2.7548821e+00   2.1178777e+00   1.4659772e+00   8.7904567e-01   6.8665355e-01   9.6138823e-01   1.1190490e+00   1.1086138e+00
   3.0653157e+00   3.0639944e+00   3.0758140e+00   3.1284692e+00   3.1431639e+00   3.0360124e+00   2.8173311e+00   2.4938171e+00   2.0880380e+00   1.5314550e+00   9.6565479e-01   7.0195460e-01   8.8411182e-01   1.2458723e+00   2.1465805e+00   2.3068027e+00   1.0727549e+00   2.9097385e+00   2.0035634e+00   1.5837853e+00   1.6452796e+00   3.2698765e+00   2.1462338e+00   2.3108397e+00   2.4460850e+00   2.3510902e+00   1.8446422e+00   1.2423927e+00   9.8074710e-01   7.9187179e-01   1.4120041e+00   2.1197007e+00   2.6342273e+00   2.9758110e+00   3.0982060e+00   3.0866716e+00
   4.9888511e+00   5.0074577e+00   5.0557303e+00   5.1150832e+00   5.0343413e+00   4.7910805e+00   4.4078884e+00   3.9349880e+00   3.4685261e+00   3.0525277e+00   2.6857195e+00   2.4226046e+00   2.4621017e+00   3.2405977e+00   4.9657059e+00   3.1559248e+00   1.9447941e+00   4.6138997e+00   2.8837574e+00   3.5764596e+00   3.5632050e+00   4.5195045e+00   2.1365273e+00   1.5665348e+00   1.8944649e+00   1.5480608e+00   1.2411753e+00   1.5701001e+00   2.3412848e+00   2.9599698e+00   3.6075644e+00   4.2309818e+00   4.7438164e+00   5.0368338e+00   5.0818577e+00   5.0290031e+00
   6.0317483e+00   6.0704455e+00   6.1395445e+00   6.1075368e+00   5.8368959e+00   5.4327292e+00   4.9353366e+00   4.5447798e+00   4.2858267e+00   4.2140245e+00   4.2096238e+00   4.3207197e+00   4.7713981e+00   5.8087964e+00   6.4642129e+00   3.3571570e+00   3.8848453e+00   6.0106182e+00   2.7444348e+00   5.4165912e+00   5.3011541e+00   5.1505857e+00   2.0854285e+00   1.3000296e+00   3.0017090e+00   3.4529247e+00   3.5347686e+00   4.2486176e+00   4.7441878e+00   5.0710521e+00   5.4577045e+00   5.8493228e+00   6.1811614e+00   6.2719889e+00   6.1877971e+00   6.0748243e+00
   5.7413092e+00   5.7290769e+00   5.7266183e+00   5.5230932e+00   5.1274395e+00   4.7386422e+00   4.5686498e+00   4.6859341e+00   4.9172020e+00   5.2395577e+00   5.5472460e+00   5.9318061e+00   6.5634856e+00   7.4800429e+00   6.6557951e+00   4.1773305e+00   5.5406818e+00   5.6487875e+00   1.7151656e+00   3.4404476e+00   5.6872540e+00   5.0782957e+00   1.3045318e+00   1.5726260e+00   2.5903528e+00   5.1547031e+00   5.1892767e+00   5.5764880e+00   5.7887321e+00   5.9288540e+00   6.1252375e+00   6.3060679e+00   6.4071317e+00   6.2462816e+00   6.0048151e+00   5.8212409e+00
   4.3500900e+00   4.2338028e+00   4.1230016e+00   3.8777297e+00   3.6657343e+00   3.7186632e+00   4.1991310e+00   4.9052205e+00   5.6135225e+00   6.2204623e+00   6.6612725e+00   7.0694976e+00   7.5791764e+00   8.0135345e+00   5.8862638e+00   5.0624962e+00   5.8988600e+00   3.2860167e+00   1.1510313e+00   2.7537639e+00   5.5685854e+00   4.9973097e+00   1.2477314e+00   8.4846115e-01   1.5196723e+00   3.1311228e+00   4.8678994e+00   5.4839125e+00   5.4705729e+00   5.5793080e+00   5.6719675e+00   5.7003169e+00   5.5674758e+00   5.1969733e+00   4.8097911e+00   4.5337062e+00
   2.6016955e+00   2.5349729e+00   2.5115359e+00   2.5202098e+00   2.7129095e+00   3.2043080e+00   4.0528750e+00   5.0669198e+00   6.0378952e+00   6.8206229e+00   7.3115430e+00   7.6209641e+00   7.7995224e+00   7.3917994e+00   4.2264204e+00   4.2945533e+00   4.4341521e+00   1.0319358e+00   6.1796641e-01   2.9837477e+00   4.9040308e+00   4.4655690e+00   1.6924523e+00   3.7897864e-01   4.8950449e-01   9.9975467e-01   2.0598330e+00   3.0161214e+00   4.1033845e+00   4.1905556e+00   4.2300153e+00   4.1265144e+00   3.8318770e+00   3.3989370e+00   3.0145214e+00   2.7651448e+00
   2.5885735e+00   2.7434268e+00   2.9021864e+00   3.1147692e+00   3.4128370e+00   3.8514376e+00   4.4935074e+00   5.2494879e+00   5.9559846e+00   6.5593882e+00   6.9730511e+00   7.0965533e+00   6.8083415e+00   5.6619267e+00   2.8114238e+00   2.1495898e+00   2.0225279e+00   2.7423781e-01   3.3121622e-01   2.2806220e+00   3.3040302e+00   3.4790759e+00   1.7771099e+00   1.0743364e+00   7.1039772e-01   5.5049795e-01   8.8278610e-01   1.4447560e+00   2.3011620e+00   2.4079771e+00   2.6200781e+00   2.6367617e+00   2.4818947e+00   2.3534951e+00   2.3537521e+00   2.4438930e+00
   4.0121861e+00   4.2334528e+00   4.4428720e+00   4.7157536e+00   5.0563540e+00   5.4851036e+00   5.9568629e+00   6.3080654e+00   6.4551377e+00   6.4432054e+00   6.3314681e+00   5.9619102e+00   5.1119289e+00   3.7675767e+00   1.9422259e+00   7.9307234e-01   7.6253349e-01   1.9406857e-01   3.7814122e-01   1.2385240e+00   1.8052833e+00   1.8659178e+00   2.0026958e+00   2.1657643e+00   1.8498256e+00   9.7142112e-01   4.5377696e-01   1.1571189e+00   7.5450516e-01   1.1080275e+00   2.0070748e+00   2.5820038e+00   2.8653321e+00   3.1477785e+00   3.4492817e+00   3.7345362e+00
   5.0184807e+00   5.2254551e+00   5.4366153e+00   5.7067745e+00   6.0335696e+00   6.4118392e+00   6.7760192e+00   6.9643570e+00   6.8812953e+00   6.4809038e+00   5.7872980e+00   4.8781213e+00   3.7198363e+00   2.4934501e+00   9.1390563e-01   2.5683340e-01   2.7192735e-01   2.8394374e-01   4.3125776e-01   1.4747712e+00   1.6753713e+00   9.7628874e-01   1.8716296e+00   2.0702562e+00   1.5883647e+00   7.6386526e-01   5.9882729e-01   6.4800982e-01   5.8128368e-01   6.1448269e-01   2.2499242e+00   3.2844025e+00   3.7822879e+00   4.1610679e+00   4.4903626e+00   4.7656149e+00
   5.1120156e+00   5.3193796e+00   5.5322469e+00   5.7919972e+00   6.1041858e+00   6.4620158e+00   6.8337761e+00   7.0498329e+00   6.9718105e+00   6.4759886e+00   5.6221455e+00   4.5387401e+00   3.1263157e+00   1.9118643e+00   6.6419766e-01   1.5221010e-01   1.4606265e-01   2.8088662e-01   3.2369610e-01   1.2148257e+00   6.8153165e-01   8.6360420e-01   1.3219484e+00   1.3463896e+00   7.8551051e-01   9.3812466e-01   8.6703779e-01   2.9172578e-01   7.5142416e-01   8.1923296e-01   2.3435776e+00   3.3803166e+00   3.9279635e+00   4.3231339e+00   4.6281118e+00   4.8788952e+00
   4.1759057e+00   4.4019799e+00   4.6516237e+00   4.9527578e+00   5.3027906e+00   5.6955199e+00   6.1166258e+00   6.3563619e+00   6.2669873e+00   5.7322922e+00   4.6543179e+00   3.0297978e+00   1.7423689e+00   1.2385622e+00   5.5976814e-01   1.9961870e-01   2.0748486e-01   3.1400430e-01   5.8281469e-01   9.8377663e-01   6.9818133e-01   4.4869697e-01   9.1201675e-01   9.5576590e-01   1.1858876e+00   1.7347933e+00   1.2648636e+00   4.1768661e-01   8.0871266e-01   1.3023586e+00   1.9386584e+00   2.5086102e+00   2.9853470e+00   3.4000406e+00   3.7018213e+00   3.9516239e+00
   2.4787352e+00   2.5888238e+00   2.7683308e+00   3.0120983e+00   3.3055072e+00   3.6485262e+00   4.0991349e+00   4.5384202e+00   4.7037024e+00   4.4057775e+00   3.4991915e+00   1.7423725e+00   9.3150187e-01   1.0529222e+00   9.7637719e-01   4.8395702e-01   2.3404977e-01   4.4209158e-01   7.3550898e-01   1.0670961e+00   1.5918376e+00   1.0250807e+00   1.3488110e+00   1.6774036e+00   2.2334175e+00   2.4961772e+00   2.2221653e+00   9.9349469e-01   8.2396436e-01   2.1468716e+00   2.0453582e+00   1.7627413e+00   1.7831509e+00   2.0359900e+00   2.2480953e+00   2.3995571e+00
   1.8023400e+00   1.6625395e+00   1.5347321e+00   1.4767035e+00   1.5610521e+00   1.8228290e+00   2.3556776e+00   3.0818267e+00   3.6699173e+00   3.8967896e+00   3.6836526e+00   2.7232943e+00   1.8372805e+00   1.7957774e+00   1.4116786e+00   6.5372699e-01   4.4484398e-01   6.2319064e-01   6.1364079e-01   1.0596758e+00   2.5646780e+00   2.1264770e+00   2.4539599e+00   2.8960967e+00   3.2841280e+00   3.2850294e+00   3.1093743e+00   2.3453600e+00   1.1313705e+00   3.2369938e+00   3.2209492e+00   2.5132115e+00   1.8824755e+00   1.7379587e+00   1.8273872e+00   1.8738077e+00
   2.7006195e+00   2.6643128e+00   2.5262988e+00   2.3420620e+00   2.0715413e+00   1.8128228e+00   1.9410868e+00   2.4789057e+00   3.1375630e+00   3.6893551e+00   3.9865043e+00   3.9400322e+00   1.9607537e+00   1.0348630e+00   6.5247977e-01   5.3661197e-01   7.9498464e-01   9.3470085e-01   6.3186955e-01   1.0723915e+00   2.8691819e+00   2.8087699e+00   3.0948582e+00   3.5163114e+00   3.8352201e+00   3.7743089e+00   3.7313976e+00   2.6972964e+00   2.3167357e+00   4.0681877e+00   4.1981921e+00   3.6946931e+00   2.9757466e+00   2.5918689e+00   2.5901344e+00   2.6517217e+00
   3.3640971e+00   3.5113847e+00   3.5444500e+00   3.5399299e+00   3.3995490e+00   3.0319886e+00   2.6829257e+00   2.7057149e+00   3.0134773e+00   3.4375458e+00   3.8906107e+00   4.5249448e+00   2.8506136e+00   9.7940975e-01   8.0022991e-01   1.0735152e+00   1.9788833e+00   1.6924384e+00   1.2546307e+00   1.5061986e+00   2.7335567e+00   2.7493217e+00   2.9425941e+00   3.3987463e+00   3.7814760e+00   3.8420043e+00   4.1337514e+00   3.3570018e+00   4.1245537e+00   4.5090389e+00   4.3788061e+00   3.9641929e+00   3.4218466e+00   3.0488293e+00   3.0199580e+00   3.1545439e+00
   3.3911664e+00   3.7391226e+00   3.9803984e+00   4.1105533e+00   4.1349053e+00   3.9938495e+00   3.6355913e+00   3.2902207e+00   3.0376592e+00   3.0137272e+00   3.3113120e+00   3.9926779e+00   3.9245596e+00   3.0141568e+00   2.6465154e+00   2.5529125e+00   2.9354334e+00   1.7976592e+00   1.3466567e+00   2.2159014e+00   2.2110810e+00   2.2969804e+00   2.1937692e+00   2.6559992e+00   3.0807147e+00   3.3446932e+00   3.7124524e+00   3.9244606e+00   4.0841961e+00   4.2976027e+00   4.1102037e+00   3.5878611e+00   3.1250772e+00   2.8341439e+00   2.8525891e+00   3.0500998e+00
   2.7269452e+00   3.1770868e+00   3.5675316e+00   3.7971890e+00   3.8942773e+00   3.9193802e+00   3.6880403e+00   3.2689719e+00   2.7531738e+00   2.3239284e+00   2.2253766e+00   2.6917527e+00   2.7363694e+00   2.9683537e+00   2.6999016e+00   2.2378914e+00   1.8644518e+00   1.1544262e+00   1.0604146e+00   1.3952992e+00   1.3894958e+00   1.7627761e+00   1.5203035e+00   1.4322159e+00   1.6978017e+00   2.0973537e+00   2.5147531e+00   2.8220356e+00   3.1546559e+00   3.3715849e+00   3.3070896e+00   2.8695698e+00   2.1839392e+00   1.9363495e+00   2.0406766e+00   2.3126268e+00
   1.7127674e+00   2.1670351e+00   2.5661423e+00   2.7857168e+00   2.8759937e+00   2.9253597e+00   2.8157818e+00   2.4785511e+00   1.9912627e+00   1.3842778e+00   1.0400152e+00   1.9114804e+00   8.8045591e-01   1.5938383e+00   1.3097560e+00   6.5535975e-01   9.0350634e-01   5.9410089e-01   5.7263052e-01   4.0930009e-01   5.1104349e-01   1.0343587e+00   6.7622250e-01   4.6650761e-01   4.3665323e-01   6.2774026e-01   1.1089218e+00   1.5071143e+00   1.8553615e+00   2.0768261e+00   2.1372705e+00   2.1709189e+00   1.4458988e+00   7.6761717e-01   8.2277733e-01   1.2139180e+00
   6.3700855e-01   8.3918661e-01   1.0510111e+00   1.1459342e+00   1.1440841e+00   1.1064299e+00   1.0842698e+00   9.5995051e-01   7.5077391e-01   5.6564206e-01   9.7833085e-01   1.8496466e+00   1.8055665e+00   2.0884922e+00   1.7940556e+00   1.7490559e+00   1.9231451e+00   1.9217142e+00   1.3070315e+00   8.3205515e-01   7.6079446e-01   7.1770316e-01   5.7462448e-01   1.2522557e+00   1.4026062e+00   1.1385454e+00   6.1945963e-01   3.7492844e-01   5.1276660e-01   7.6551449e-01   1.4354140e+00   1.7315543e+00   1.8151182e+00   1.2916818e+00   9.0342110e-01   5.5340695e-01
   1.0146806e+00   6.3811867e-01   4.2764944e-01   4.6481746e-01   6.4746080e-01   8.0761123e-01   9.5229739e-01   1.0860970e+00   1.3107442e+00   1.7048301e+00   2.2507980e+00   2.2050824e+00   2.5888071e+00   3.7122510e+00   4.0613160e+00   3.7453969e+00   2.4769143e+00   2.8140512e+00   2.3990550e+00   1.6072981e+00   9.6837443e-01   7.6288766e-01   7.8209623e-01   2.0052769e+00   2.3543963e+00   2.0042694e+00   1.5542130e+00   1.0404056e+00   7.4509260e-01   8.9765370e-01   1.6411463e+00   1.1296264e+00   2.1975722e+00   2.2591150e+00   1.9764084e+00   1.5231786e+00
   1.8930154e+00   1.6323700e+00   1.4206254e+00   1.4614165e+00   1.7539513e+00   2.0930932e+00   2.4181538e+00   2.6106203e+00   2.7721109e+00   3.0299270e+00   3.4335742e+00   3.0659091e+00   2.0211096e+00   1.6626084e+00   1.9066062e+00   3.4858675e+00   2.2525597e+00   2.0492189e+00   2.3516722e+00   2.0099931e+00   1.5258346e+00   1.1429188e+00   1.0367072e+00   1.4278380e+00   2.8142989e+00   2.5032003e+00   2.1063304e+00   1.6487732e+00   1.4658550e+00   1.8522681e+00   1.6449085e+00   8.2425821e-01   1.4674674e+00   2.7625887e+00   2.3582199e+00   2.1307952e+00
   2.3729471e+00   2.5573915e+00   2.5364625e+00   2.5489694e+00   2.6882954e+00   2.9469773e+00   3.2202429e+00   3.3688757e+00   3.4875188e+00   3.6795475e+00   3.9559050e+00   2.2326602e+00   1.2664295e+00   8.5522698e-01   1.0588713e+00   1.4925400e+00   1.3997006e+00   1.2862504e+00   1.3517390e+00   1.4301757e+00   1.6155659e+00   1.5930308e+00   1.2613356e+00   1.0998705e+00   1.9579526e+00   2.6985234e+00   2.1900951e+00   1.9877400e+00   2.1954277e+00   2.2727455e+00   9.3206334e-01   7.6237390e-01   7.4886172e-01   1.4993692e+00   1.9972694e+00   1.9981846e+00
   2.5794590e+00   3.0800595e+00   3.2933838e+00   3.3246496e+00   3.3575945e+00   3.4684062e+00   3.5222981e+00   3.5033386e+00   3.5631840e+00   3.7305584e+00   3.0767660e+00   1.2539548e+00   5.5311918e-01   6.5703499e-01   7.8577268e-01   6.8192697e-01   6.3619059e-01   6.5794587e-01   8.2188475e-01   1.0521332e+00   1.3226418e+00   1.4077896e+00   1.2363693e+00   1.1537186e+00   9.6265078e-01   2.0317726e+00   2.2245924e+00   2.1936340e+00   1.6847348e+00   1.6682427e+00   9.5251703e-01   7.6046801e-01   7.4608904e-01   8.7505507e-01   1.3398397e+00   1.8162004e+00
   2.2265434e+00   2.8146071e+00   3.2266152e+00   3.4087911e+00   3.4690976e+00   3.5398989e+00   3.5018325e+00   3.3005841e+00   3.1835284e+00   2.6600461e+00   1.0381464e+00   7.2491074e-01   6.0384244e-01   1.5678546e+00   9.5537001e-01   7.4713951e-01   3.7466148e-01   3.8572448e-01   7.5452566e-01   1.0001595e+00   1.1067829e+00   1.1539202e+00   1.0792556e+00   1.0191884e+00   7.9465950e-01   1.0047511e+00   1.5412549e+00   1.0893055e+00   1.0108235e+00   1.0171595e+00   7.8676444e-01   7.9234320e-01   8.5284805e-01   8.0243975e-01   9.3140113e-01   1.4662731e+00
   1.9352028e+00   2.2635882e+00   2.5610037e+00   2.8053758e+00   2.9738390e+00   3.1215515e+00   3.1116407e+00   2.7659528e+00   2.1128147e+00   9.6136928e-01   6.4002424e-01   3.8550267e-01   1.0002382e+00   1.0733445e+00   4.3478382e-01   7.7176684e-01   4.5866418e-01   5.1600677e-01   6.1880910e-01   7.9992568e-01   8.5289413e-01   8.4742296e-01   6.0605800e-01   5.1360220e-01   5.0454915e-01   5.4335797e-01   6.1356992e-01   8.1902522e-01   1.0160515e+00   1.0395699e+00   7.9505551e-01   7.0988357e-01   8.5566288e-01   1.2889360e+00   1.5597250e+00   1.6167502e+00
   1.8892536e+00   1.4425803e+00   1.5381407e+00   1.8168598e+00   2.0418375e+00   2.1175194e+00   1.7575999e+00   1.4284973e+00   1.0157174e+00   5.4541487e-01   4.3245116e-01   4.4172987e-01   1.2675661e+00   1.0349352e+00   9.0751809e-01   1.1418668e+00   1.2110001e+00   1.2889628e+00   1.5775784e+00   1.7828650e+00   2.1612267e+00   2.2848229e+00   2.3033397e+00   2.4797287e+00   2.5473111e+00   2.7295527e+00   2.7929969e+00   1.4976268e+00   7.9935974e-01   6.1505508e-01   6.0285914e-01   6.4393735e-01   1.0430771e+00   7.8243554e-01   1.5212709e+00   2.0850809e+00
   4.6624188e+00   3.9545522e+00   3.7050500e+00   3.7661693e+00   4.0727029e+00   4.0884767e+00   3.6489201e+00   2.9633925e+00   2.5527513e+00   2.4395666e+00   3.0010719e+00   4.3532171e+00   5.3306742e+00   4.0457640e+00   3.2619929e+00   3.3929338e+00   3.5573425e+00   3.9523079e+00   3.9825578e+00   3.4202757e+00   3.3930442e+00   3.6098194e+00   3.4310012e+00   3.1599643e+00   3.1985781e+00   3.8674128e+00   5.0467024e+00   4.6206656e+00   3.9471078e+00   3.6067903e+00   3.2674584e+00   3.0986164e+00   2.9026728e+00   1.8739570e+00   2.9315526e+00   4.6059933e+00
