   1.6607605e+00   1.7360058e+00   1.8004755e+00   1.8484371e+00   1.8888209e+00   1.9222991e+00   1.9510023e+00   1.9776796e+00   2.0031047e+00   2.0289281e+00   2.0599360e+00   2.1005320e+00   2.1433226e+00   2.1776512e+00   2.1922872e+00   2.1778579e+00   2.1339966e+00   2.0589756e+00   1.9643491e+00   1.8514067e+00   1.7257158e+00   1.6009891e+00   1.4743331e+00   1.3494308e+00   1.2338880e+00   1.1148872e+00   1.0047112e+00   9.3144522e-01   9.0136401e-01   9.3144304e-01   1.0097962e+00   1.1158113e+00   1.2358203e+00   1.3506142e+00   1.4597576e+00   1.5694796e+00
   2.3478479e+00   2.4849899e+00   2.6432199e+00   2.7900549e+00   2.9069793e+00   3.0015285e+00   3.0539170e+00   3.0915334e+00   3.1139116e+00   3.1461645e+00   3.1989841e+00   3.2693129e+00   3.3337839e+00   3.3761811e+00   3.3934371e+00   3.3463968e+00   3.2469411e+00   3.1067429e+00   2.9471163e+00   2.7671781e+00   2.5899076e+00   2.4321010e+00   2.2833068e+00   2.1202490e+00   1.9090843e+00   1.6592481e+00   1.3744390e+00   1.1268029e+00   1.0028265e+00   1.0663152e+00   1.2612421e+00   1.4846520e+00   1.6974406e+00   1.8863813e+00   2.0503907e+00   2.2026503e+00
   1.5107361e+00   1.5425447e+00   1.6239985e+00   1.6780332e+00   1.7413630e+00   1.7941283e+00   1.8191818e+00   1.8183928e+00   1.8404531e+00   1.8781900e+00   1.9178725e+00   1.9525468e+00   1.9587767e+00   1.9013301e+00   1.7821308e+00   1.6804209e+00   1.6397794e+00   1.5933532e+00   1.5235449e+00   1.4460998e+00   1.3838593e+00   1.3279415e+00   1.2674003e+00   1.1982062e+00   1.1046349e+00   9.4607949e-01   7.2176433e-01   5.3782487e-01   5.8840221e-01   9.0094000e-01   1.2187510e+00   1.4282744e+00   1.5112574e+00   1.5318806e+00   1.5194013e+00   1.4898241e+00
   3.4520387e+00   3.4678488e+00   3.4251771e+00   3.3502688e+00   3.2172205e+00   3.0361524e+00   2.8544616e+00   2.7002203e+00   2.6230624e+00   2.5671498e+00   2.4666274e+00   2.3789775e+00   2.3021349e+00   2.1767409e+00   2.0739083e+00   2.1058904e+00   2.2868268e+00   2.4305735e+00   2.4084591e+00   2.2610443e+00   2.0123246e+00   1.7545953e+00   1.5658139e+00   1.5296735e+00   1.6224134e+00   1.7594241e+00   1.9136671e+00   2.0695163e+00   2.2508192e+00   2.4931495e+00   2.7400054e+00   2.9650922e+00   3.1222270e+00   3.2106294e+00   3.2895856e+00   3.3785419e+00
   6.2494373e+00   6.4593455e+00   6.5684921e+00   6.5633950e+00   6.6063406e+00   6.6105506e+00   6.5302262e+00   6.4932811e+00   6.4587213e+00   6.4397550e+00   6.3968999e+00   6.3281595e+00   6.2558050e+00   6.1665251e+00   6.0793378e+00   6.0542464e+00   6.0494382e+00   5.9953678e+00   5.8530660e+00   5.6215117e+00   5.2291287e+00   4.8056197e+00   4.4363875e+00   4.1749534e+00   4.0347710e+00   3.9528983e+00   3.8833261e+00   3.8553817e+00   3.9176080e+00   4.1056623e+00   4.3862066e+00   4.7311057e+00   5.1233638e+00   5.4519424e+00   5.7268780e+00   5.9958828e+00
   7.8143177e+00   8.2686586e+00   8.6606178e+00   8.8511907e+00   9.1024427e+00   8.9702730e+00   8.6678449e+00   8.6015759e+00   8.4301224e+00   8.3443289e+00   8.3896952e+00   8.4451265e+00   8.4736052e+00   8.4654484e+00   8.4094477e+00   8.2930537e+00   8.1360769e+00   7.9179111e+00   7.6777162e+00   7.4005995e+00   7.0522661e+00   6.6904934e+00   6.3180289e+00   5.9472914e+00   5.5822846e+00   5.1965055e+00   4.8244429e+00   4.5644341e+00   4.4521642e+00   4.5497527e+00   4.8744598e+00   5.3374653e+00   5.8944054e+00   6.4152792e+00   6.8941989e+00   7.3610067e+00
   7.2927217e+00   7.8459721e+00   8.3640471e+00   8.7590801e+00   9.9204254e+00   8.3139754e+00   8.1049395e+00   8.3750715e+00   8.0383396e+00   7.9689989e+00   8.2130117e+00   8.4669933e+00   8.6367388e+00   8.7102156e+00   8.6415958e+00   8.4488306e+00   8.1455441e+00   7.7875824e+00   7.4753661e+00   7.2067528e+00   7.0080709e+00   6.7902350e+00   6.4878983e+00   6.0979052e+00   5.6063843e+00   5.0301981e+00   4.4467478e+00   3.9600298e+00   3.6666713e+00   3.6544428e+00   3.9460905e+00   4.3946958e+00   4.9623647e+00   5.5626097e+00   6.1301250e+00   6.7117887e+00
   4.7830123e+00   5.2019329e+00   5.6257172e+00   5.9154486e+00   0.0000000e+00   4.4357267e+00   5.4018591e+00   6.3861151e+00   6.1701560e+00   6.1245973e+00   6.4468775e+00   6.7308555e+00   6.8971602e+00   6.9401793e+00   6.8222389e+00   6.5333330e+00   6.1219788e+00   5.6661992e+00   5.3388475e+00   5.1839223e+00   5.1392016e+00   5.0905598e+00   4.9126668e+00   4.5322070e+00   3.9948683e+00   3.3646832e+00   2.6445336e+00   1.9901273e+00   1.5912304e+00   1.5308484e+00   1.7184369e+00   2.0825722e+00   2.5714967e+00   3.1106523e+00   3.6952944e+00   4.2917061e+00
   1.8364856e+00   2.0385046e+00   2.4023035e+00   2.9211790e+00   4.0234042e+00   3.7032877e+00   3.7084665e+00   4.0214477e+00   3.9684234e+00   3.9494393e+00   4.1025901e+00   4.2530937e+00   4.3506947e+00   4.3278885e+00   4.1196947e+00   3.7544391e+00   3.2870870e+00   2.8330946e+00   2.5333965e+00   2.4777489e+00   2.5921857e+00   2.6891274e+00   2.6356187e+00   2.3283401e+00   1.8749374e+00   1.3179482e+00   8.5454631e-01   8.6977291e-01   9.7154170e-01   9.7487164e-01   9.4853437e-01   9.0117782e-01   7.7873588e-01   7.0548266e-01   1.1132807e+00   1.5742893e+00
   1.8429168e+00   2.0216677e+00   2.0406139e+00   2.4070365e+00   2.9275017e+00   2.3403041e+00   1.6353601e+00   1.5039601e+00   1.2973588e+00   1.2220920e+00   1.2222493e+00   1.2907512e+00   1.3765190e+00   1.4155968e+00   1.3458768e+00   1.2102149e+00   1.1246094e+00   1.1854767e+00   1.3496423e+00   1.4758896e+00   1.6086272e+00   1.6677126e+00   1.6357584e+00   1.5597713e+00   1.5782187e+00   1.8708543e+00   2.4627197e+00   3.0400100e+00   3.2609560e+00   3.2068818e+00   3.1232648e+00   2.9332380e+00   2.5950356e+00   2.2322538e+00   1.9303762e+00   1.7736545e+00
   4.3520927e+00   4.8598113e+00   5.0039387e+00   4.8542800e+00   4.8274431e+00   4.8041168e+00   3.6500917e+00   3.2615123e+00   2.7691686e+00   3.0246053e+00   3.2110865e+00   3.3787839e+00   3.4487827e+00   3.4730909e+00   3.4574857e+00   3.4877350e+00   3.5579832e+00   3.7040472e+00   3.8555884e+00   3.9697838e+00   3.9725273e+00   3.8771813e+00   3.7391777e+00   3.6164324e+00   3.6554344e+00   3.9452763e+00   4.5210104e+00   4.9829440e+00   4.9585662e+00   4.7543206e+00   4.5715623e+00   4.3473287e+00   4.0772166e+00   3.8513353e+00   3.7754998e+00   3.9454031e+00
   6.3881702e+00   7.0999360e+00   7.4443197e+00   6.9027076e+00   7.1077971e+00   7.2551596e+00   6.2535430e+00   5.5427574e+00   5.5326227e+00   5.5815711e+00   5.7748365e+00   5.9438677e+00   5.9554820e+00   5.8755474e+00   5.7078929e+00   5.6198173e+00   5.5922475e+00   5.6958981e+00   5.8992600e+00   6.0608258e+00   6.0439944e+00   5.9476075e+00   5.7667642e+00   5.5797262e+00   5.5693092e+00   5.7862611e+00   6.2243066e+00   6.5186863e+00   6.1269245e+00   5.6415033e+00   5.2801495e+00   5.0307097e+00   4.9090028e+00   4.9634004e+00   5.2423797e+00   5.7477417e+00
   7.3279290e+00   8.2964382e+00   8.5907394e+00   7.6757246e+00   8.1873531e+00   8.5030994e+00   8.1855909e+00   6.6902424e+00   6.8693023e+00   6.9221411e+00   7.1280646e+00   7.2290416e+00   7.1745853e+00   6.9886465e+00   6.7731056e+00   6.6271873e+00   6.6064005e+00   6.7952809e+00   7.0846000e+00   7.2652216e+00   7.2437086e+00   7.1348448e+00   6.9765344e+00   6.7885618e+00   6.7125793e+00   6.8170018e+00   7.0747890e+00   7.2944370e+00   6.4469118e+00   5.5129337e+00   5.0681953e+00   5.0299482e+00   5.2593145e+00   5.6635599e+00   6.1765471e+00   6.7501855e+00
   7.6716413e+00   8.8297997e+00   9.1546249e+00   7.4439725e+00   8.0023613e+00   7.2185109e+00   8.9698106e+00   7.0023082e+00   7.4841758e+00   7.3706323e+00   7.4218879e+00   7.4386501e+00   7.3294301e+00   7.1058249e+00   6.9046040e+00   6.7644243e+00   6.8358021e+00   7.1408954e+00   7.5056782e+00   7.7498851e+00   7.7669835e+00   7.6104002e+00   7.5092225e+00   7.3684559e+00   7.2579637e+00   7.2168241e+00   7.2935384e+00   0.0000000e+00   0.0000000e+00   4.6435858e+00   4.5793543e+00   5.0987983e+00   5.7337503e+00   6.3040309e+00   6.8060436e+00   7.2095747e+00
   7.4534388e+00   7.4640160e+00   5.6854738e+00   7.2073950e+00   6.4450722e+00   4.8999780e+00   0.0000000e+00   0.0000000e+00   5.3170486e+00   6.9951104e+00   6.9398265e+00   6.8622398e+00   6.7123313e+00   6.5043979e+00   6.3317719e+00   6.2479787e+00   6.3841624e+00   6.7273250e+00   7.1640267e+00   7.5438862e+00   7.7092929e+00   7.4217815e+00   7.2696724e+00   7.1205759e+00   6.7961006e+00   6.0551925e+00   0.0000000e+00   0.0000000e+00   0.0000000e+00   4.0044708e+00   4.6021328e+00   5.4701271e+00   6.1893067e+00   6.6925907e+00   7.0661592e+00   7.2858310e+00
   6.1711240e+00   5.1332402e+00   2.4949465e+00   6.1113839e+00   4.3919439e+00   3.0532093e+00   0.0000000e+00   0.0000000e+00   5.1347215e+00   6.1729732e+00   5.6599360e+00   5.5228596e+00   5.3285813e+00   5.1328387e+00   4.9898891e+00   4.9598899e+00   5.0909567e+00   5.3958936e+00   5.8104978e+00   6.3107691e+00   6.5954571e+00   6.0618081e+00   5.5144367e+00   5.0130706e+00   4.2035847e+00   2.7893271e+00   0.0000000e+00   0.0000000e+00   0.0000000e+00   4.8430020e+00   5.4824381e+00   6.0146122e+00   6.3260231e+00   6.4380779e+00   6.4503031e+00   6.3975344e+00
   3.8031337e+00   3.0769799e+00   1.9090625e+00   4.3112555e+00   2.8251224e+00   2.4526857e+00   0.0000000e+00   0.0000000e+00   5.1567922e+00   4.6387534e+00   3.8942747e+00   3.7600453e+00   3.6484146e+00   3.5467610e+00   3.4689620e+00   3.4082799e+00   3.4023309e+00   3.5610008e+00   3.9203243e+00   4.6080360e+00   5.3904287e+00   3.9798017e+00   3.4615257e+00   3.4285288e+00   3.5241013e+00   3.8276496e+00   6.3689274e+00   6.1553034e+00   7.5020593e+00   6.2551794e+00   6.9186616e+00   7.0281196e+00   6.8307590e+00   6.3999295e+00   5.7649422e+00   4.8798151e+00
   2.0584891e+00   1.9142200e+00   2.4645451e+00   2.1649749e+00   2.4675140e+00   3.4938714e+00   0.0000000e+00   0.0000000e+00   0.0000000e+00   3.1318735e+00   2.5883874e+00   2.5345845e+00   2.6502127e+00   2.8033470e+00   2.8765160e+00   2.7245652e+00   2.3466947e+00   1.9855989e+00   2.2070245e+00   2.8165571e+00   0.0000000e+00   2.9261046e+00   3.2747465e+00   4.2068567e+00   5.0090173e+00   5.8104866e+00   6.5948812e+00   7.2157989e+00   8.1196700e+00   7.4914899e+00   7.7375655e+00   7.6772862e+00   7.2613412e+00   6.5594436e+00   5.5723627e+00   4.1336183e+00
   1.8649866e+00   1.5845887e+00   2.5330611e+00   8.1007012e-01   2.3644950e+00   3.6220468e+00   0.0000000e+00   0.0000000e+00   0.0000000e+00   2.1739344e+00   2.2008891e+00   2.2789244e+00   2.6428293e+00   3.0152658e+00   3.1861139e+00   2.9932567e+00   2.3795533e+00   1.3162777e+00   1.1115032e+00   2.0757040e+00   0.0000000e+00   2.9972122e+00   3.4665609e+00   4.4431390e+00   5.1100424e+00   5.6127046e+00   6.3147494e+00   7.0626489e+00   7.7419763e+00   7.6596461e+00   7.7625099e+00   7.6787749e+00   7.2161585e+00   6.4657838e+00   5.4153426e+00   3.9273312e+00
   3.3603644e+00   2.9545722e+00   2.5584035e+00   1.9947726e+00   2.5269558e+00   3.0274038e+00   0.0000000e+00   0.0000000e+00   0.0000000e+00   1.8419630e+00   2.0039458e+00   2.1561697e+00   2.5663757e+00   2.9833114e+00   3.1835949e+00   3.0466757e+00   2.5485344e+00   1.6002364e+00   1.0965482e+00   2.7790783e+00   0.0000000e+00   2.2876205e+00   2.8893683e+00   3.5604205e+00   4.1693540e+00   4.6941433e+00   5.3702321e+00   6.0926514e+00   6.5981030e+00   6.7385302e+00   6.8596463e+00   6.8623095e+00   6.5573545e+00   6.0677814e+00   5.3227320e+00   4.2912922e+00
   5.3349090e+00   5.4129043e+00   5.0145181e+00   3.3906648e+00   3.2773728e+00   3.1801189e+00   0.0000000e+00   0.0000000e+00   0.0000000e+00   1.5434683e+00   1.7010769e+00   2.1937475e+00   2.5825238e+00   2.9656537e+00   3.1646934e+00   3.1095762e+00   2.8174877e+00   2.2576547e+00   1.8931234e+00   2.7807456e+00   0.0000000e+00   2.1517673e+00   2.1459575e+00   2.2081485e+00   2.5922728e+00   3.0754633e+00   3.6659338e+00   4.2688022e+00   4.7231646e+00   5.1336074e+00   5.5163317e+00   5.8109956e+00   5.9242325e+00   5.9031286e+00   5.7098675e+00   5.4256539e+00
   6.7814965e+00   7.0755534e+00   5.4301297e+00   4.4632648e+00   4.0474677e+00   3.9028838e+00   0.0000000e+00   0.0000000e+00   0.0000000e+00   1.4791704e+00   1.3011534e+00   2.3843099e+00   2.6987610e+00   3.0326564e+00   3.2287447e+00   3.2484665e+00   3.1506321e+00   2.8960683e+00   2.6685770e+00   0.0000000e+00   0.0000000e+00   2.9241495e+00   2.6348207e+00   2.0611002e+00   1.9103029e+00   2.1245348e+00   2.5200403e+00   2.9841497e+00   3.5031691e+00   4.2485504e+00   4.9526496e+00   5.5242062e+00   5.9568820e+00   6.2762537e+00   6.4856968e+00   6.6011539e+00
   6.8908210e+00   7.2420044e+00   5.9287317e+00   5.1294475e+00   4.6322937e+00   4.4457329e+00   0.0000000e+00   0.0000000e+00   0.0000000e+00   2.0530891e+00   1.6065126e+00   2.5566630e+00   2.7375882e+00   3.0266318e+00   3.2729037e+00   3.3600154e+00   3.3958275e+00   3.4491944e+00   3.4909562e+00   0.0000000e+00   0.0000000e+00   3.8823711e+00   3.8203259e+00   3.2854393e+00   2.7015994e+00   2.4158378e+00   2.5519421e+00   2.8913782e+00   3.2787187e+00   3.8613567e+00   4.5229759e+00   5.1215458e+00   5.6305561e+00   6.0509553e+00   6.4123249e+00   6.6932378e+00
   6.2438688e+00   6.3892622e+00   5.8498669e+00   5.0007181e+00   4.5938368e+00   4.3842535e+00   4.4336709e+00   0.0000000e+00   0.0000000e+00   2.2841570e+00   1.6995602e+00   2.0009434e+00   2.4167681e+00   2.8202443e+00   3.2326427e+00   3.4423761e+00   3.5956116e+00   3.8693163e+00   4.3547312e+00   0.0000000e+00   0.0000000e+00   3.5446105e+00   4.2233267e+00   4.2017474e+00   3.6293166e+00   2.9672709e+00   2.8811998e+00   3.0849559e+00   3.2944820e+00   3.5427890e+00   3.9029248e+00   4.2816730e+00   4.6428857e+00   4.9767332e+00   5.3645406e+00   5.8459082e+00
   4.9988666e+00   5.3937168e+00   5.1707573e+00   4.5997839e+00   4.0966573e+00   3.8455722e+00   3.8508904e+00   0.0000000e+00   0.0000000e+00   0.0000000e+00   1.5810058e+00   1.4417170e+00   1.7862687e+00   2.2952197e+00   2.8994248e+00   3.3011980e+00   3.6542959e+00   4.1184411e+00   4.7450435e+00   0.0000000e+00   0.0000000e+00   0.0000000e+00   4.4530532e+00   4.4366031e+00   3.9692004e+00   2.8958259e+00   2.5239324e+00   2.8391699e+00   3.0408101e+00   3.0918016e+00   3.1514213e+00   3.2534480e+00   3.3934865e+00   3.5677218e+00   3.8506436e+00   4.3773303e+00
   3.2878988e+00   3.7494411e+00   3.9383209e+00   3.8096802e+00   3.4473338e+00   3.1320596e+00   3.0765198e+00   0.0000000e+00   0.0000000e+00   0.0000000e+00   1.8822333e+00   9.6561486e-01   9.5871986e-01   1.4278181e+00   2.0067835e+00   2.5589156e+00   3.1140153e+00   3.7792354e+00   4.6254311e+00   5.3963849e+00   0.0000000e+00   0.0000000e+00   3.9987438e+00   3.9548626e+00   3.5869856e+00   2.2995084e+00   1.0671410e+00   2.1886084e+00   2.3848119e+00   2.4553151e+00   2.4610982e+00   2.4537556e+00   2.4400625e+00   2.4563196e+00   2.5538640e+00   2.8306198e+00
   1.7857704e+00   2.0222907e+00   2.5522614e+00   3.1939447e+00   3.4466112e+00   2.8356177e+00   0.0000000e+00   0.0000000e+00   0.0000000e+00   0.0000000e+00   0.0000000e+00   1.4761449e+00   1.0775422e+00   1.2518575e+00   1.0104961e+00   1.3563559e+00   2.0131919e+00   2.8581152e+00   3.8612332e+00   4.8492530e+00   0.0000000e+00   0.0000000e+00   3.2742720e+00   3.0697536e+00   2.8617058e+00   2.3336868e+00   0.0000000e+00   1.6487518e+00   1.5446353e+00   1.7164608e+00   1.8585641e+00   1.9286225e+00   1.8829590e+00   1.7886728e+00   1.7197897e+00   1.7090257e+00
   5.0465739e-01   7.6355529e-01   2.0119371e+00   3.8625128e+00   4.5148540e+00   0.0000000e+00   0.0000000e+00   0.0000000e+00   0.0000000e+00   0.0000000e+00   0.0000000e+00   0.0000000e+00   0.0000000e+00   2.1844018e+00   1.7474501e+00   9.6500885e-01   7.2267985e-01   1.1537764e+00   2.1761522e+00   3.1805527e+00   2.8350722e+00   2.9496730e+00   1.8941900e+00   1.6699680e+00   1.8938968e+00   2.4251394e+00   0.0000000e+00   0.0000000e+00   9.0912145e-01   9.4499725e-01   1.0945436e+00   1.1844094e+00   1.1323177e+00   9.3801945e-01   6.9785029e-01   5.6775326e-01
   1.5469257e+00   1.9546193e+00   2.9439337e+00   4.5940259e+00   0.0000000e+00   0.0000000e+00   0.0000000e+00   0.0000000e+00   0.0000000e+00   0.0000000e+00   0.0000000e+00   0.0000000e+00   0.0000000e+00   3.0127786e+00   2.9725204e+00   2.4285886e+00   1.6925714e+00   9.5728457e-01   7.2021905e-01   1.4597527e+00   1.4488507e+00   1.1758247e+00   8.3663648e-01   1.0090891e+00   1.5171693e+00   2.0438533e+00   0.0000000e+00   0.0000000e+00   9.5387947e-01   9.3203163e-01   8.1429567e-01   6.9835365e-01   5.6184804e-01   5.2673661e-01   6.8837875e-01   1.0942230e+00
   3.3224764e+00   3.6957407e+00   4.1081228e+00   0.0000000e+00   0.0000000e+00   0.0000000e+00   0.0000000e+00   0.0000000e+00   0.0000000e+00   0.0000000e+00   0.0000000e+00   0.0000000e+00   0.0000000e+00   3.4036193e+00   3.5335979e+00   3.3785508e+00   3.0467906e+00   2.4947557e+00   1.7170256e+00   9.0408039e-01   6.3826275e-01   9.8861766e-01   1.3895764e+00   1.7312597e+00   2.1855454e+00   2.2060568e+00   0.0000000e+00   0.0000000e+00   1.2105091e+00   1.2482493e+00   1.2185905e+00   1.1893142e+00   1.3299599e+00   1.6442147e+00   2.0782361e+00   2.7143645e+00
   4.7329679e+00   4.9264753e+00   4.7456761e+00   0.0000000e+00   0.0000000e+00   0.0000000e+00   0.0000000e+00   0.0000000e+00   0.0000000e+00   0.0000000e+00   0.0000000e+00   0.0000000e+00   0.0000000e+00   0.0000000e+00   3.4814536e+00   3.4739653e+00   3.3912155e+00   3.3204217e+00   3.0377587e+00   2.5306143e+00   2.2822870e+00   2.4038296e+00   2.5494172e+00   2.6125740e+00   2.9190221e+00   2.9061254e+00   0.0000000e+00   0.0000000e+00   1.2000605e+00   1.3344503e+00   1.7001624e+00   2.0678548e+00   2.4150299e+00   2.7918867e+00   3.2682411e+00   4.0716007e+00
   5.4486346e+00   5.4285977e+00   5.3254059e+00   0.0000000e+00   0.0000000e+00   0.0000000e+00   0.0000000e+00   0.0000000e+00   0.0000000e+00   0.0000000e+00   0.0000000e+00   0.0000000e+00   0.0000000e+00   0.0000000e+00   0.0000000e+00   3.7061062e+00   3.5617471e+00   3.5313730e+00   3.5140748e+00   3.3153975e+00   3.2032230e+00   3.2421608e+00   3.1506186e+00   2.9558737e+00   2.9297693e+00   0.0000000e+00   0.0000000e+00   1.7502271e+00   1.5516140e+00   1.6755893e+00   2.2146344e+00   2.7253399e+00   3.1892283e+00   3.6024265e+00   3.9892621e+00   5.0675078e+00
   0.0000000e+00   0.0000000e+00   0.0000000e+00   0.0000000e+00   0.0000000e+00   0.0000000e+00   0.0000000e+00   0.0000000e+00   0.0000000e+00   0.0000000e+00   0.0000000e+00   0.0000000e+00   0.0000000e+00   0.0000000e+00   0.0000000e+00   0.0000000e+00   0.0000000e+00   3.0261361e+00   3.0202966e+00   3.0261774e+00   3.3734188e+00   3.2608600e+00   2.9970617e+00   2.6897907e+00   2.5008895e+00   2.2469515e+00   2.2044609e+00   2.1965127e+00   2.1961436e+00   2.2850866e+00   2.6315827e+00   3.0113885e+00   3.4209507e+00   3.7703907e+00   4.0154360e+00   0.0000000e+00
   0.0000000e+00   0.0000000e+00   0.0000000e+00   0.0000000e+00   0.0000000e+00   0.0000000e+00   0.0000000e+00   0.0000000e+00   0.0000000e+00   0.0000000e+00   0.0000000e+00   0.0000000e+00   0.0000000e+00   0.0000000e+00   0.0000000e+00   0.0000000e+00   0.0000000e+00   0.0000000e+00   1.9230946e+00   2.2950208e+00   2.6486274e+00   2.5864675e+00   2.2563729e+00   2.0532396e+00   2.2549218e+00   1.9730134e+00   1.9683666e+00   2.0699922e+00   2.0931568e+00   2.2124348e+00   2.4651747e+00   2.7076011e+00   2.9738150e+00   3.1479323e+00   3.0250501e+00   0.0000000e+00
   0.0000000e+00   0.0000000e+00   0.0000000e+00   0.0000000e+00   0.0000000e+00   0.0000000e+00   0.0000000e+00   0.0000000e+00   0.0000000e+00   0.0000000e+00   0.0000000e+00   0.0000000e+00   0.0000000e+00   0.0000000e+00   0.0000000e+00   0.0000000e+00   0.0000000e+00   0.0000000e+00   1.4268687e+00   1.3706043e+00   1.3989214e+00   1.2149380e+00   1.1272360e+00   1.1082946e+00   0.0000000e+00   0.0000000e+00   0.0000000e+00   1.0147329e+00   1.3217649e+00   1.5973072e+00   1.8255627e+00   1.9727086e+00   2.0492070e+00   1.9747380e+00   1.5504115e+00   0.0000000e+00
   0.0000000e+00   0.0000000e+00   0.0000000e+00   0.0000000e+00   0.0000000e+00   0.0000000e+00   0.0000000e+00   0.0000000e+00   0.0000000e+00   0.0000000e+00   0.0000000e+00   0.0000000e+00   0.0000000e+00   0.0000000e+00   0.0000000e+00   0.0000000e+00   0.0000000e+00   1.3323849e+00   1.3740645e+00   1.1143157e+00   8.6344462e-01   6.5353477e-01   4.9986443e-01   3.6885314e-01   3.0118887e-01   3.2483028e-01   4.9783532e-01   7.1485927e-01   9.5091221e-01   1.1408857e+00   1.2422732e+00   1.3497837e+00   1.3845736e+00   9.3135769e-01   4.9213149e-01   0.0000000e+00
