-START-OF-DATA-
0 0.000278
10 0.000278
20 0.000278
30 0.000278
40 0.000278
50 0.000278
60 0.000278
70 0.000278
80 0.000278
90 0.000278
100 0.000278
110 0.000278
120 0.000278
130 0.000278
140 0.000278
150 0.000278
160 0.000278
170 0.000278
180 0.000278
190 0.000278
200 0.000278
210 0.000278
220 0.000278
230 0.000278
240 0.000278
250 0.000278
260 0.000278
270 0.000278
280 0.000278
290 0.000278
300 0.000278
310 0.000278
320 0.000278
330 0.000278
340 0.000278
350 0.000278
360 0.000278
370 0.000278
380 0.000278
390 0.000278
400 0.000278
410 0.000278
420 0.000278
430 0.000278
440 0.000278
450 0.000278
460 0.000278
470 0.000278
480 0.000278
490 0.000278
500 0.000278
510 0.000278
520 0.000278
530 0.000278
540 0.000278
550 0.000278
560 0.000278
570 0.000278
580 0.000278
590 0.000278
600 0.000278
610 0.000278
620 0.000278
630 0.000278
640 0.000278
650 0.000278
660 0.000278
670 0.000278
680 0.000278
690 0.000278
700 0.000278
710 0.000278
720 0.000278
730 0.000278
740 0.000278
750 0.000278
760 0.000278
770 0.000278
780 0.000278
790 0.000278
800 0.000278
810 0.000278
820 0.000278
830 0.000278
840 0.000278
850 0.000278
860 0.000278
870 0.000278
880 0.000278
890 0.000278
900 0.000278
910 0.000278
920 0.000278
930 0.000278
940 0.000278
950 0.000278
960 0.000278
970 0.000278
980 0.000278
990 0.000278
1000 0.000278
1010 0.000278
1020 0.000278
1030 0.000278
1040 0.000278
1050 0.000278
1060 0.000278
1070 0.000278
1080 0.000278
1090 0.000278
1100 0.000278
1110 0.000278
1120 0.000278
1130 0.000278
1140 0.000278
1150 0.000278
1160 0.000278
1170 0.000278
1180 0.000278
1190 0.000278
1200 0.000278
1210 0.000278
1220 0.000278
1230 0.000278
1240 0.000278
1250 0.000278
1260 0.000278
1270 0.000278
1280 0.000278
1290 0.000278
1300 0.000278
1310 0.000278
1320 0.000278
1330 0.000278
1340 0.000278
1350 0.000278
1360 0.000278
1370 0.000278
1380 0.000278
1390 0.000278
1400 0.000278
1410 0.000278
1420 0.000278
1430 0.000278
1440 0.000278
1450 0.000278
1460 0.000278
1470 0.000278
1480 0.000278
1490 0.000278
1500 0.000278
1510 0.000278
1520 0.000278
1530 0.000278
1540 0.000278
1550 0.000278
1560 0.000278
1570 0.000278
1580 0.000278
1590 0.000278
1600 0.000278
1610 0.000278
1620 0.000278
1630 0.000278
1640 0.000278
1650 0.000278
1660 0.000278
1670 0.000278
1680 0.000278
1690 0.000278
1700 0.000278
1710 0.000278
1720 0.000278
1730 0.000278
1740 0.000278
1750 0.000278
1760 0.000278
1770 0.000278
1780 0.000278
1790 0.000278
1800 0.000278
1810 0.000278
1820 0.000278
1830 0.000278
1840 0.000278
1850 0.000278
1860 0.000278
1870 0.000278
1880 0.000278
1890 0.000278
1900 0.000278
1910 0.000278
1920 0.000278
1930 0.000278
1940 0.000278
1950 0.000278
1960 0.000278
1970 0.000278
1980 0.000278
1990 0.000278
2000 0.000278
2010 0.000278
2020 0.000278
2030 0.000278
2040 0.000278
2050 0.000278
2060 0.000278
2070 0.000278
2080 0.000278
2090 0.000278
2100 0.000278
2110 0.000278
2120 0.000278
2130 0.000278
2140 0.000278
2150 0.000278
2160 0.000278
2170 0.000278
2180 0.000278
2190 0.000278
2200 0.000278
2210 0.000278
2220 0.000278
2230 0.000278
2240 0.000278
2250 0.000278
2260 0.000278
2270 0.000278
2280 0.000278
2290 0.000278
2300 0.000278
2310 0.000278
2320 0.000278
2330 0.000278
2340 0.000278
2350 0.000278
2360 0.000278
2370 0.000278
2380 0.000278
2390 0.000278
2400 0.000278
2410 0.000278
2420 0.000278
2430 0.000278
2440 0.000278
2450 0.000278
2460 0.000278
2470 0.000278
2480 0.000278
2490 0.000278
2500 0.000278
2510 0.000278
2520 0.000278
2530 0.000278
2540 0.000278
2550 0.000278
2560 0.000278
2570 0.000278
2580 0.000278
2590 0.000278
2600 0.000278
2610 0.000278
2620 0.000278
2630 0.000278
2640 0.000278
2650 0.000278
2660 0.000278
2670 0.000278
2680 0.000278
2690 0.000278
2700 0.000278
2710 0.000278
2720 0.000278
2730 0.000278
2740 0.000278
2750 0.000278
2760 0.000278
2770 0.000278
2780 0.000278
2790 0.000278
2800 0.000278
2810 0.000278
2820 0.000278
2830 0.000278
2840 0.000278
2850 0.000278
2860 0.000278
2870 0.000278
2880 0.000278
2890 0.000278
2900 0.000278
2910 0.000278
2920 0.000278
2930 0.000278
2940 0.000278
2950 0.000278
2960 0.000278
2970 0.000278
2980 0.000278
2990 0.000278
3000 0.000278
3010 0.000278
3020 0.000278
3030 0.000278
3040 0.000278
3050 0.000278
3060 0.000278
3070 0.000278
3080 0.000278
3090 0.000278
3100 0.000278
3110 0.000278
3120 0.000278
3130 0.000278
3140 0.000278
3150 0.000278
3160 0.000278
3170 0.000278
3180 0.000278
3190 0.000278
3200 0.000278
3210 0.000278
3220 0.000278
3230 0.000278
3240 0.000278
3250 0.000278
3260 0.000278
3270 0.000278
3280 0.000278
3290 0.000278
3300 0.000278
3310 0.000278
3320 0.000278
3330 0.000278
3340 0.000278
3350 0.000278
3360 0.000278
3370 0.000278
3380 0.000278
3390 0.000278
3400 0.000278
3410 0.000278
3420 0.000278
3430 0.000278
3440 0.000278
3450 0.000278
3460 0.000278
3470 0.000278
3480 0.000278
3490 0.000278
3500 0.000278
3510 0.000278
3520 0.000278
3530 0.000278
3540 0.000278
3550 0.000278
3560 0.000278
3570 0.000278
3580 0.000278
3590 0.000278
3600 0.000278
3610 0.000278
3620 0.000278
3630 0.000278
3640 0.000278
3650 0.000278
3660 0.000278
3670 0.000278
3680 0.000278
3690 0.000278
3700 0.000278
3710 0.000278
3720 0.000278
3730 0.000278
3740 0.000278
3750 0.000278
3760 0.000278
3770 0.000278
3780 0.000278
3790 0.000278
3800 0.000278
3810 0.000278
3820 0.000278
3830 0.000278
3840 0.000278
3850 0.000278
3860 0.000278
3870 0.000278
3880 0.000278
3890 0.000278
3900 0.000278
3910 0.000278
3920 0.000278
3930 0.000278
3940 0.000278
3950 0.000278
3960 0.000278
3970 0.000278
3980 0.000278
3990 0.000278
4000 0.000278
4010 0.000278
4020 0.000278
4030 0.000278
4040 0.000278
4050 0.000278
4060 0.000278
4070 0.000278
4080 0.000278
4090 0.000278
4100 0.000278
4110 0.000278
4120 0.000278
4130 0.000278
4140 0.000278
4150 0.000278
4160 0.000278
4170 0.000278
4180 0.000278
4190 0.000278
4200 0.000278
4210 0.000278
4220 0.000278
4230 0.000278
4240 0.000278
4250 0.000278
4260 0.000278
4270 0.000278
4280 0.000278
4290 0.000278
4300 0.000278
4310 0.000278
4320 0.000278
4330 0.000278
4340 0.000278
4350 0.000278
4360 0.000278
4370 0.000278
4380 0.000278
4390 0.000278
4400 0.000278
4410 0.000278
4420 0.000278
4430 0.000278
4440 0.000278
4450 0.000278
4460 0.000278
4470 0.000278
4480 0.000278
4490 0.000278
4500 0.000278
4510 0.000278
4520 0.000278
4530 0.000278
4540 0.000278
4550 0.000278
4560 0.000278
4570 0.000278
4580 0.000278
4590 0.000278
4600 0.000278
4610 0.000278
4620 0.000278
4630 0.000278
4640 0.000278
4650 0.000278
4660 0.000278
4670 0.000278
4680 0.000278
4690 0.000278
4700 0.000278
4710 0.000278
4720 0.000278
4730 0.000278
4740 0.000278
4750 0.000278
4760 0.000278
4770 0.000278
4780 0.000278
4790 0.000278
4800 0.000278
4810 0.000278
4820 0.000278
4830 0.000278
4840 0.000278
4850 0.000278
4860 0.000278
4870 0.000278
4880 0.000278
4890 0.000278
4900 0.000278
4910 0.000278
4920 0.000278
4930 0.000278
4940 0.000278
4950 0.000278
4960 0.000278
4970 0.000278
4980 0.000278
4990 0.000278
5000 0.000278
5010 0.000280391878121878
5020 0.000282783756243756
5030 0.000285175634365634
5040 0.000287567512487512
5050 0.000289959390609391
5060 0.000292351268731269
5070 0.000294743146853147
5080 0.000297135024975025
5090 0.000299526903096903
5100 0.000301918781218781
5110 0.000304310659340659
5120 0.000306702537462537
5130 0.000309094415584416
5140 0.000311486293706294
5150 0.000313878171828172
5160 0.00031627004995005
5170 0.000318661928071928
5180 0.000321053806193806
5190 0.000323445684315684
5200 0.000325837562437562
5210 0.00032822944055944
5220 0.000330621318681319
5230 0.000333013196803197
5240 0.000335405074925075
5250 0.000337796953046953
5260 0.000340188831168831
5270 0.000342580709290709
5280 0.000344972587412587
5290 0.000347364465534466
5300 0.000349756343656344
5310 0.000352148221778222
5320 0.0003545400999001
5330 0.000356931978021978
5340 0.000359323856143856
5350 0.000361715734265734
5360 0.000364107612387612
5370 0.00036649949050949
5380 0.000368891368631369
5390 0.000371283246753247
5400 0.000373675124875125
5410 0.000376067002997003
5420 0.000378458881118881
5430 0.000380850759240759
5440 0.000383242637362637
5450 0.000385634515484515
5460 0.000388026393606394
5470 0.000390418271728272
5480 0.00039281014985015
5490 0.000395202027972028
5500 0.000397593906093906
5510 0.000399985784215784
5520 0.000402377662337662
5530 0.00040476954045954
5540 0.000407161418581419
5550 0.000409553296703297
5560 0.000411945174825175
5570 0.000414337052947053
5580 0.000416728931068931
5590 0.000419120809190809
5600 0.000421512687312687
5610 0.000423904565434565
5620 0.000426296443556444
5630 0.000428688321678322
5640 0.0004310801998002
5650 0.000433472077922078
5660 0.000435863956043956
5670 0.000438255834165834
5680 0.000440647712287712
5690 0.00044303959040959
5700 0.000445431468531469
5710 0.000447823346653347
5720 0.000450215224775225
5730 0.000452607102897103
5740 0.000454998981018981
5750 0.000457390859140859
5760 0.000459782737262737
5770 0.000462174615384615
5780 0.000464566493506494
5790 0.000466958371628372
5800 0.00046935024975025
5810 0.000471742127872128
5820 0.000474134005994006
5830 0.000476525884115884
5840 0.000478917762237762
5850 0.00048130964035964
5860 0.000483701518481518
5870 0.000486093396603397
5880 0.000488485274725275
5890 0.000490877152847153
5900 0.000493269030969031
5910 0.000495660909090909
5920 0.000498052787212787
5930 0.000500444665334665
5940 0.000502836543456543
5950 0.000505228421578422
5960 0.0005076202997003
5970 0.000510012177822178
5980 0.000512404055944056
5990 0.000514795934065934
6000 0.000517187812187812
6010 0.00051957969030969
6020 0.000521971568431568
6030 0.000524363446553446
6040 0.000526755324675325
6050 0.000529147202797203
6060 0.000531539080919081
6070 0.000533930959040959
6080 0.000536322837162837
6090 0.000538714715284715
6100 0.000541106593406593
6110 0.000543498471528472
6120 0.00054589034965035
6130 0.000548282227772228
6140 0.000550674105894106
6150 0.000553065984015984
6160 0.000555457862137862
6170 0.00055784974025974
6180 0.000560241618381618
6190 0.000562633496503496
6200 0.000565025374625375
6210 0.000567417252747253
6220 0.000569809130869131
6230 0.000572201008991009
6240 0.000574592887112887
6250 0.000576984765234765
6260 0.000579376643356643
6270 0.000581768521478521
6280 0.0005841603996004
6290 0.000586552277722278
6300 0.000588944155844156
6310 0.000591336033966034
6320 0.000593727912087912
6330 0.00059611979020979
6340 0.000598511668331668
6350 0.000600903546453546
6360 0.000603295424575425
6370 0.000605687302697303
6380 0.000608079180819181
6390 0.000610471058941059
6400 0.000612862937062937
6410 0.000615254815184815
6420 0.000617646693306693
6430 0.000620038571428571
6440 0.00062243044955045
6450 0.000624822327672328
6460 0.000627214205794206
6470 0.000629606083916084
6480 0.000631997962037962
6490 0.00063438984015984
6500 0.000636781718281718
6510 0.000639173596403596
6520 0.000641565474525474
6530 0.000643957352647353
6540 0.000646349230769231
6550 0.000648741108891109
6560 0.000651132987012987
6570 0.000653524865134865
6580 0.000655916743256743
6590 0.000658308621378621
6600 0.0006607004995005
6610 0.000663092377622378
6620 0.000665484255744256
6630 0.000667876133866134
6640 0.000670268011988012
6650 0.00067265989010989
6660 0.000675051768231768
6670 0.000677443646353646
6680 0.000679835524475524
6690 0.000682227402597403
6700 0.000684619280719281
6710 0.000687011158841159
6720 0.000689403036963037
6730 0.000691794915084915
6740 0.000694186793206793
6750 0.000696578671328671
6760 0.00069897054945055
6770 0.000701362427572428
6780 0.000703754305694306
6790 0.000706146183816184
6800 0.000708538061938062
6810 0.00071092994005994
6820 0.000713321818181818
6830 0.000715713696303696
6840 0.000718105574425574
6850 0.000720497452547452
6860 0.000722889330669331
6870 0.000725281208791209
6880 0.000727673086913087
6890 0.000730064965034965
6900 0.000732456843156843
6910 0.000734848721278721
6920 0.000737240599400599
6930 0.000739632477522478
6940 0.000742024355644356
6950 0.000744416233766234
6960 0.000746808111888112
6970 0.00074919999000999
6980 0.000751591868131868
6990 0.000753983746253746
7000 0.000756375624375624
7010 0.000758767502497502
7020 0.000761159380619381
7030 0.000763551258741259
7040 0.000765943136863137
7050 0.000768335014985015
7060 0.000770726893106893
7070 0.000773118771228771
7080 0.000775510649350649
7090 0.000777902527472527
7100 0.000780294405594406
7110 0.000782686283716284
7120 0.000785078161838162
7130 0.00078747003996004
7140 0.000789861918081918
7150 0.000792253796203796
7160 0.000794645674325674
7170 0.000797037552447552
7180 0.00079942943056943
7190 0.000801821308691309
7200 0.000804213186813187
7210 0.000806605064935065
7220 0.000808996943056943
7230 0.000811388821178821
7240 0.000813780699300699
7250 0.000816172577422577
7260 0.000818564455544456
7270 0.000820956333666334
7280 0.000823348211788212
7290 0.00082574008991009
7300 0.000828131968031968
7310 0.000830523846153846
7320 0.000832915724275724
7330 0.000835307602397602
7340 0.00083769948051948
7350 0.000840091358641359
7360 0.000842483236763237
7370 0.000844875114885115
7380 0.000847266993006993
7390 0.000849658871128871
7400 0.000852050749250749
7410 0.000854442627372627
7420 0.000856834505494506
7430 0.000859226383616383
7440 0.000861618261738262
7450 0.00086401013986014
7460 0.000866402017982018
7470 0.000868793896103896
7480 0.000871185774225774
7490 0.000873577652347652
7500 0.00087596953046953
7510 0.000878361408591409
7520 0.000880753286713287
7530 0.000883145164835165
7540 0.000885537042957043
7550 0.000887928921078921
7560 0.000890320799200799
7570 0.000892712677322677
7580 0.000895104555444555
7590 0.000897496433566434
7600 0.000899888311688312
7610 0.00090228018981019
7620 0.000904672067932068
7630 0.000907063946053946
7640 0.000909455824175824
7650 0.000911847702297702
7660 0.00091423958041958
7670 0.000916631458541458
7680 0.000919023336663337
7690 0.000921415214785215
7700 0.000923807092907093
7710 0.000926198971028971
7720 0.000928590849150849
7730 0.000930982727272727
7740 0.000933374605394605
7750 0.000935766483516484
7760 0.000938158361638362
7770 0.00094055023976024
7780 0.000942942117882118
7790 0.000945333996003996
7800 0.000947725874125874
7810 0.000950117752247752
7820 0.00095250963036963
7830 0.000954901508491508
7840 0.000957293386613387
7850 0.000959685264735265
7860 0.000962077142857143
7870 0.000964469020979021
7880 0.000966860899100899
7890 0.000969252777222777
7900 0.000971644655344655
7910 0.000974036533466533
7920 0.000976428411588412
7930 0.00097882028971029
7940 0.000981212167832168
7950 0.000983604045954046
7960 0.000985995924075924
7970 0.000988387802197802
7980 0.00099077968031968
7990 0.000993171558441558
8000 0.000995563436563437
8010 0.000997955314685315
8020 0.00100034719280719
8030 0.00100273907092907
8040 0.00100513094905095
8050 0.00100752282717283
8060 0.00100991470529471
8070 0.00101230658341658
8080 0.00101469846153846
8090 0.00101709033966034
8100 0.00101948221778222
8110 0.0010218740959041
8120 0.00102426597402597
8130 0.00102665785214785
8140 0.00102904973026973
8150 0.00103144160839161
8160 0.00103383348651349
8170 0.00103622536463536
8180 0.00103861724275724
8190 0.00104100912087912
8200 0.001043400999001
8210 0.00104579287712288
8220 0.00104818475524476
8230 0.00105057663336663
8240 0.00105296851148851
8250 0.00105536038961039
8260 0.00105775226773227
8270 0.00106014414585415
8280 0.00106253602397602
8290 0.0010649279020979
8300 0.00106731978021978
8310 0.00106971165834166
8320 0.00107210353646354
8330 0.00107449541458541
8340 0.00107688729270729
8350 0.00107927917082917
8360 0.00108167104895105
8370 0.00108406292707293
8380 0.00108645480519481
8390 0.00108884668331668
8400 0.00109123856143856
8410 0.00109363043956044
8420 0.00109602231768232
8430 0.0010984141958042
8440 0.00110080607392607
8450 0.00110319795204795
8460 0.00110558983016983
8470 0.00110798170829171
8480 0.00111037358641359
8490 0.00111276546453546
8500 0.00111515734265734
8510 0.00111754922077922
8520 0.0011199410989011
8530 0.00112233297702298
8540 0.00112472485514486
8550 0.00112711673326673
8560 0.00112950861138861
8570 0.00113190048951049
8580 0.00113429236763237
8590 0.00113668424575425
8600 0.00113907612387612
8610 0.001141468001998
8620 0.00114385988011988
8630 0.00114625175824176
8640 0.00114864363636364
8650 0.00115103551448551
8660 0.00115342739260739
8670 0.00115581927072927
8680 0.00115821114885115
8690 0.00116060302697303
8700 0.0011629949050949
8710 0.00116538678321678
8720 0.00116777866133866
8730 0.00117017053946054
8740 0.00117256241758242
8750 0.0011749542957043
8760 0.00117734617382617
8770 0.00117973805194805
8780 0.00118212993006993
8790 0.00118452180819181
8800 0.00118691368631369
8810 0.00118930556443556
8820 0.00119169744255744
8830 0.00119408932067932
8840 0.0011964811988012
8850 0.00119887307692308
8860 0.00120126495504496
8870 0.00120365683316683
8880 0.00120604871128871
8890 0.00120844058941059
8900 0.00121083246753247
8910 0.00121322434565435
8920 0.00121561622377622
8930 0.0012180081018981
8940 0.00122039998001998
8950 0.00122279185814186
8960 0.00122518373626374
8970 0.00122757561438561
8980 0.00122996749250749
8990 0.00123235937062937
9000 0.00123475124875125
9010 0.00123714312687313
9020 0.001239535004995
9030 0.00124192688311688
9040 0.00124431876123876
9050 0.00124671063936064
9060 0.00124910251748252
9070 0.0012514943956044
9080 0.00125388627372627
9090 0.00125627815184815
9100 0.00125867002997003
9110 0.00126106190809191
9120 0.00126345378621379
9130 0.00126584566433566
9140 0.00126823754245754
9150 0.00127062942057942
9160 0.0012730212987013
9170 0.00127541317682318
9180 0.00127780505494505
9190 0.00128019693306693
9200 0.00128258881118881
9210 0.00128498068931069
9220 0.00128737256743257
9230 0.00128976444555445
9240 0.00129215632367632
9250 0.0012945482017982
9260 0.00129694007992008
9270 0.00129933195804196
9280 0.00130172383616384
9290 0.00130411571428571
9300 0.00130650759240759
9310 0.00130889947052947
9320 0.00131129134865135
9330 0.00131368322677323
9340 0.0013160751048951
9350 0.00131846698301698
9360 0.00132085886113886
9370 0.00132325073926074
9380 0.00132564261738262
9390 0.0013280344955045
9400 0.00133042637362637
9410 0.00133281825174825
9420 0.00133521012987013
9430 0.00133760200799201
9440 0.00133999388611389
9450 0.00134238576423576
9460 0.00134477764235764
9470 0.00134716952047952
9480 0.0013495613986014
9490 0.00135195327672328
9500 0.00135434515484515
9510 0.00135673703296703
9520 0.00135912891108891
9530 0.00136152078921079
9540 0.00136391266733267
9550 0.00136630454545455
9560 0.00136869642357642
9570 0.0013710883016983
9580 0.00137348017982018
9590 0.00137587205794206
9600 0.00137826393606394
9610 0.00138065581418581
9620 0.00138304769230769
9630 0.00138543957042957
9640 0.00138783144855145
9650 0.00139022332667333
9660 0.0013926152047952
9670 0.00139500708291708
9680 0.00139739896103896
9690 0.00139979083916084
9700 0.00140218271728272
9710 0.0014045745954046
9720 0.00140696647352647
9730 0.00140935835164835
9740 0.00141175022977023
9750 0.00141414210789211
9760 0.00141653398601399
9770 0.00141892586413586
9780 0.00142131774225774
9790 0.00142370962037962
9800 0.0014261014985015
9810 0.00142849337662338
9820 0.00143088525474525
9830 0.00143327713286713
9840 0.00143566901098901
9850 0.00143806088911089
9860 0.00144045276723277
9870 0.00144284464535465
9880 0.00144523652347652
9890 0.0014476284015984
9900 0.00145002027972028
9910 0.00145241215784216
9920 0.00145480403596404
9930 0.00145719591408591
9940 0.00145958779220779
9950 0.00146197967032967
9960 0.00146437154845155
9970 0.00146676342657343
9980 0.0014691553046953
9990 0.00147154718281718
10000 0.00147393906093906
10010 0.00147633093906094
10020 0.00147872281718282
10030 0.0014811146953047
10040 0.00148350657342657
10050 0.00148589845154845
10060 0.00148829032967033
10070 0.00149068220779221
10080 0.00149307408591409
10090 0.00149546596403596
10100 0.00149785784215784
10110 0.00150024972027972
10120 0.0015026415984016
10130 0.00150503347652348
10140 0.00150742535464535
10150 0.00150981723276723
10160 0.00151220911088911
10170 0.00151460098901099
10180 0.00151699286713287
10190 0.00151938474525475
10200 0.00152177662337662
10210 0.0015241685014985
10220 0.00152656037962038
10230 0.00152895225774226
10240 0.00153134413586414
10250 0.00153373601398601
10260 0.00153612789210789
10270 0.00153851977022977
10280 0.00154091164835165
10290 0.00154330352647353
10300 0.0015456954045954
10310 0.00154808728271728
10320 0.00155047916083916
10330 0.00155287103896104
10340 0.00155526291708292
10350 0.0015576547952048
10360 0.00156004667332667
10370 0.00156243855144855
10380 0.00156483042957043
10390 0.00156722230769231
10400 0.00156961418581419
10410 0.00157200606393606
10420 0.00157439794205794
10430 0.00157678982017982
10440 0.0015791816983017
10450 0.00158157357642358
10460 0.00158396545454545
10470 0.00158635733266733
10480 0.00158874921078921
10490 0.00159114108891109
10500 0.00159353296703297
10510 0.00159592484515485
10520 0.00159831672327672
10530 0.0016007086013986
10540 0.00160310047952048
10550 0.00160549235764236
10560 0.00160788423576424
10570 0.00161027611388611
10580 0.00161266799200799
10590 0.00161505987012987
10600 0.00161745174825175
10610 0.00161984362637363
10620 0.0016222355044955
10630 0.00162462738261738
10640 0.00162701926073926
10650 0.00162941113886114
10660 0.00163180301698302
10670 0.0016341948951049
10680 0.00163658677322677
10690 0.00163897865134865
10700 0.00164137052947053
10710 0.00164376240759241
10720 0.00164615428571429
10730 0.00164854616383616
10740 0.00165093804195804
10750 0.00165332992007992
10760 0.0016557217982018
10770 0.00165811367632368
10780 0.00166050555444555
10790 0.00166289743256743
10800 0.00166528931068931
10810 0.00166768118881119
10820 0.00167007306693307
10830 0.00167246494505495
10840 0.00167485682317682
10850 0.0016772487012987
10860 0.00167964057942058
10870 0.00168203245754246
10880 0.00168442433566434
10890 0.00168681621378621
10900 0.00168920809190809
10910 0.00169159997002997
10920 0.00169399184815185
10930 0.00169638372627373
10940 0.0016987756043956
10950 0.00170116748251748
10960 0.00170355936063936
10970 0.00170595123876124
10980 0.00170834311688312
10990 0.001710734995005
11000 0.00171312687312687
11010 0.00171551875124875
11020 0.00171791062937063
11030 0.00172030250749251
11040 0.00172269438561439
11050 0.00172508626373626
11060 0.00172747814185814
11070 0.00172987001998002
11080 0.0017322618981019
11090 0.00173465377622378
11100 0.00173704565434565
11110 0.00173943753246753
11120 0.00174182941058941
11130 0.00174422128871129
11140 0.00174661316683317
11150 0.00174900504495504
11160 0.00175139692307692
11170 0.0017537888011988
11180 0.00175618067932068
11190 0.00175857255744256
11200 0.00176096443556444
11210 0.00176335631368631
11220 0.00176574819180819
11230 0.00176814006993007
11240 0.00177053194805195
11250 0.00177292382617383
11260 0.0017753157042957
11270 0.00177770758241758
11280 0.00178009946053946
11290 0.00178249133866134
11300 0.00178488321678322
11310 0.0017872750949051
11320 0.00178966697302697
11330 0.00179205885114885
11340 0.00179445072927073
11350 0.00179684260739261
11360 0.00179923448551449
11370 0.00180162636363636
11380 0.00180401824175824
11390 0.00180641011988012
11400 0.001808801998002
11410 0.00181119387612388
11420 0.00181358575424575
11430 0.00181597763236763
11440 0.00181836951048951
11450 0.00182076138861139
11460 0.00182315326673327
11470 0.00182554514485514
11480 0.00182793702297702
11490 0.0018303289010989
11500 0.00183272077922078
11510 0.00183511265734266
11520 0.00183750453546454
11530 0.00183989641358641
11540 0.00184228829170829
11550 0.00184468016983017
11560 0.00184707204795205
11570 0.00184946392607393
11580 0.0018518558041958
11590 0.00185424768231768
11600 0.00185663956043956
11610 0.00185903143856144
11620 0.00186142331668332
11630 0.00186381519480519
11640 0.00186620707292707
11650 0.00186859895104895
11660 0.00187099082917083
11670 0.00187338270729271
11680 0.00187577458541459
11690 0.00187816646353646
11700 0.00188055834165834
11710 0.00188295021978022
11720 0.0018853420979021
11730 0.00188773397602398
11740 0.00189012585414585
11750 0.00189251773226773
11760 0.00189490961038961
11770 0.00189730148851149
11780 0.00189969336663337
11790 0.00190208524475524
11800 0.00190447712287712
11810 0.001906869000999
11820 0.00190926087912088
11830 0.00191165275724276
11840 0.00191404463536464
11850 0.00191643651348651
11860 0.00191882839160839
11870 0.00192122026973027
11880 0.00192361214785215
11890 0.00192600402597403
11900 0.0019283959040959
11910 0.00193078778221778
11920 0.00193317966033966
11930 0.00193557153846154
11940 0.00193796341658342
11950 0.00194035529470529
11960 0.00194274717282717
11970 0.00194513905094905
11980 0.00194753092907093
11990 0.00194992280719281
12000 0.00195231468531469
12010 0.00195470656343656
12020 0.00195709844155844
12030 0.00195949031968032
12040 0.0019618821978022
12050 0.00196427407592408
12060 0.00196666595404595
12070 0.00196905783216783
12080 0.00197144971028971
12090 0.00197384158841159
12100 0.00197623346653347
12110 0.00197862534465534
12120 0.00198101722277722
12130 0.0019834091008991
12140 0.00198580097902098
12150 0.00198819285714286
12160 0.00199058473526474
12170 0.00199297661338661
12180 0.00199536849150849
12190 0.00199776036963037
12200 0.00200015224775225
12210 0.00200254412587413
12220 0.002004936003996
12230 0.00200732788211788
12240 0.00200971976023976
12250 0.00201211163836164
12260 0.00201450351648352
12270 0.00201689539460539
12280 0.00201928727272727
12290 0.00202167915084915
12300 0.00202407102897103
12310 0.00202646290709291
12320 0.00202885478521479
12330 0.00203124666333666
12340 0.00203363854145854
12350 0.00203603041958042
12360 0.0020384222977023
12370 0.00204081417582418
12380 0.00204320605394605
12390 0.00204559793206793
12400 0.00204798981018981
12410 0.00205038168831169
12420 0.00205277356643357
12430 0.00205516544455544
12440 0.00205755732267732
12450 0.0020599492007992
12460 0.00206234107892108
12470 0.00206473295704296
12480 0.00206712483516483
12490 0.00206951671328671
12500 0.00207190859140859
12510 0.00207430046953047
12520 0.00207669234765235
12530 0.00207908422577423
12540 0.0020814761038961
12550 0.00208386798201798
12560 0.00208625986013986
12570 0.00208865173826174
12580 0.00209104361638362
12590 0.00209343549450549
12600 0.00209582737262737
12610 0.00209821925074925
12620 0.00210061112887113
12630 0.00210300300699301
12640 0.00210539488511489
12650 0.00210778676323676
12660 0.00211017864135864
12670 0.00211257051948052
12680 0.0021149623976024
12690 0.00211735427572428
12700 0.00211974615384615
12710 0.00212213803196803
12720 0.00212452991008991
12730 0.00212692178821179
12740 0.00212931366633367
12750 0.00213170554445554
12760 0.00213409742257742
12770 0.0021364893006993
12780 0.00213888117882118
12790 0.00214127305694306
12800 0.00214366493506494
12810 0.00214605681318681
12820 0.00214844869130869
12830 0.00215084056943057
12840 0.00215323244755245
12850 0.00215562432567433
12860 0.0021580162037962
12870 0.00216040808191808
12880 0.00216279996003996
12890 0.00216519183816184
12900 0.00216758371628372
12910 0.00216997559440559
12920 0.00217236747252747
12930 0.00217475935064935
12940 0.00217715122877123
12950 0.00217954310689311
12960 0.00218193498501498
12970 0.00218432686313686
12980 0.00218671874125874
12990 0.00218911061938062
13000 0.0021915024975025
13010 0.00219389437562438
13020 0.00219628625374625
13030 0.00219867813186813
13040 0.00220107000999001
13050 0.00220346188811189
13060 0.00220585376623377
13070 0.00220824564435564
13080 0.00221063752247752
13090 0.0022130294005994
13100 0.00221542127872128
13110 0.00221781315684316
13120 0.00222020503496503
13130 0.00222259691308691
13140 0.00222498879120879
13150 0.00222738066933067
13160 0.00222977254745255
13170 0.00223216442557443
13180 0.0022345563036963
13190 0.00223694818181818
13200 0.00223934005994006
13210 0.00224173193806194
13220 0.00224412381618382
13230 0.00224651569430569
13240 0.00224890757242757
13250 0.00225129945054945
13260 0.00225369132867133
13270 0.00225608320679321
13280 0.00225847508491508
13290 0.00226086696303696
13300 0.00226325884115884
13310 0.00226565071928072
13320 0.0022680425974026
13330 0.00227043447552448
13340 0.00227282635364635
13350 0.00227521823176823
13360 0.00227761010989011
13370 0.00228000198801199
13380 0.00228239386613387
13390 0.00228478574425574
13400 0.00228717762237762
13410 0.0022895695004995
13420 0.00229196137862138
13430 0.00229435325674326
13440 0.00229674513486513
13450 0.00229913701298701
13460 0.00230152889110889
13470 0.00230392076923077
13480 0.00230631264735265
13490 0.00230870452547453
13500 0.0023110964035964
13510 0.00231348828171828
13520 0.00231588015984016
13530 0.00231827203796204
13540 0.00232066391608392
13550 0.00232305579420579
13560 0.00232544767232767
13570 0.00232783955044955
13580 0.00233023142857143
13590 0.00233262330669331
13600 0.00233501518481519
13610 0.00233740706293706
13620 0.00233979894105894
13630 0.00234219081918082
13640 0.0023445826973027
13650 0.00234697457542458
13660 0.00234936645354645
13670 0.00235175833166833
13680 0.00235415020979021
13690 0.00235654208791209
13700 0.00235893396603397
13710 0.00236132584415584
13720 0.00236371772227772
13730 0.0023661096003996
13740 0.00236850147852148
13750 0.00237089335664336
13760 0.00237328523476523
13770 0.00237567711288711
13780 0.00237806899100899
13790 0.00238046086913087
13800 0.00238285274725275
13810 0.00238524462537463
13820 0.0023876365034965
13830 0.00239002838161838
13840 0.00239242025974026
13850 0.00239481213786214
13860 0.00239720401598402
13870 0.00239959589410589
13880 0.00240198777222777
13890 0.00240437965034965
13900 0.00240677152847153
13910 0.00240916340659341
13920 0.00241155528471528
13930 0.00241394716283716
13940 0.00241633904095904
13950 0.00241873091908092
13960 0.0024211227972028
13970 0.00242351467532468
13980 0.00242590655344655
13990 0.00242829843156843
14000 0.00243069030969031
14010 0.00243308218781219
14020 0.00243547406593407
14030 0.00243786594405594
14040 0.00244025782217782
14050 0.0024426497002997
14060 0.00244504157842158
14070 0.00244743345654346
14080 0.00244982533466533
14090 0.00245221721278721
14100 0.00245460909090909
14110 0.00245700096903097
14120 0.00245939284715285
14130 0.00246178472527473
14140 0.0024641766033966
14150 0.00246656848151848
14160 0.00246896035964036
14170 0.00247135223776224
14180 0.00247374411588412
14190 0.00247613599400599
14200 0.00247852787212787
14210 0.00248091975024975
14220 0.00248331162837163
14230 0.00248570350649351
14240 0.00248809538461538
14250 0.00249048726273726
14260 0.00249287914085914
14270 0.00249527101898102
14280 0.0024976628971029
14290 0.00250005477522478
14300 0.00250244665334665
14310 0.00250483853146853
14320 0.00250723040959041
14330 0.00250962228771229
14340 0.00251201416583417
14350 0.00251440604395604
14360 0.00251679792207792
14370 0.0025191898001998
14380 0.00252158167832168
14390 0.00252397355644356
14400 0.00252636543456543
14410 0.00252875731268731
14420 0.00253114919080919
14430 0.00253354106893107
14440 0.00253593294705295
14450 0.00253832482517483
14460 0.0025407167032967
14470 0.00254310858141858
14480 0.00254550045954046
14490 0.00254789233766234
14500 0.00255028421578422
14510 0.00255267609390609
14520 0.00255506797202797
14530 0.00255745985014985
14540 0.00255985172827173
14550 0.00256224360639361
14560 0.00256463548451548
14570 0.00256702736263736
14580 0.00256941924075924
14590 0.00257181111888112
14600 0.002574202997003
14610 0.00257659487512488
14620 0.00257898675324675
14630 0.00258137863136863
14640 0.00258377050949051
14650 0.00258616238761239
14660 0.00258855426573427
14670 0.00259094614385614
14680 0.00259333802197802
14690 0.0025957299000999
14700 0.00259812177822178
14710 0.00260051365634366
14720 0.00260290553446553
14730 0.00260529741258741
14740 0.00260768929070929
14750 0.00261008116883117
14760 0.00261247304695305
14770 0.00261486492507493
14780 0.0026172568031968
14790 0.00261964868131868
14800 0.00262204055944056
14810 0.00262443243756244
14820 0.00262682431568432
14830 0.00262921619380619
14840 0.00263160807192807
14850 0.00263399995004995
14860 0.00263639182817183
14870 0.00263878370629371
14880 0.00264117558441558
14890 0.00264356746253746
14900 0.00264595934065934
14910 0.00264835121878122
14920 0.0026507430969031
14930 0.00265313497502497
14940 0.00265552685314685
14950 0.00265791873126873
14960 0.00266031060939061
14970 0.00266270248751249
14980 0.00266509436563437
14990 0.00266748624375624
15000 0.00266987812187812
15010 0.00267227
15020 0.00267227
15030 0.00267227
15040 0.00267227
15050 0.00267227
15060 0.00267227
15070 0.00267227
15080 0.00267227
15090 0.00267227
15100 0.00267227
15110 0.00267227
15120 0.00267227
15130 0.00267227
15140 0.00267227
15150 0.00267227
15160 0.00267227
15170 0.00267227
15180 0.00267227
15190 0.00267227
15200 0.00267227
15210 0.00267227
15220 0.00267227
15230 0.00267227
15240 0.00267227
15250 0.00267227
15260 0.00267227
15270 0.00267227
15280 0.00267227
15290 0.00267227
15300 0.00267227
15310 0.00267227
15320 0.00267227
15330 0.00267227
15340 0.00267227
15350 0.00267227
15360 0.00267227
15370 0.00267227
15380 0.00267227
15390 0.00267227
15400 0.00267227
15410 0.00267227
15420 0.00267227
15430 0.00267227
15440 0.00267227
15450 0.00267227
15460 0.00267227
15470 0.00267227
15480 0.00267227
15490 0.00267227
15500 0.00267227
15510 0.00267227
15520 0.00267227
15530 0.00267227
15540 0.00267227
15550 0.00267227
15560 0.00267227
15570 0.00267227
15580 0.00267227
15590 0.00267227
15600 0.00267227
15610 0.00267227
15620 0.00267227
15630 0.00267227
15640 0.00267227
15650 0.00267227
15660 0.00267227
15670 0.00267227
15680 0.00267227
15690 0.00267227
15700 0.00267227
15710 0.00267227
15720 0.00267227
15730 0.00267227
15740 0.00267227
15750 0.00267227
15760 0.00267227
15770 0.00267227
15780 0.00267227
15790 0.00267227
15800 0.00267227
15810 0.00267227
15820 0.00267227
15830 0.00267227
15840 0.00267227
15850 0.00267227
15860 0.00267227
15870 0.00267227
15880 0.00267227
15890 0.00267227
15900 0.00267227
15910 0.00267227
15920 0.00267227
15930 0.00267227
15940 0.00267227
15950 0.00267227
15960 0.00267227
15970 0.00267227
15980 0.00267227
15990 0.00267227
16000 0.00267227
16010 0.00267227
16020 0.00267227
16030 0.00267227
16040 0.00267227
16050 0.00267227
16060 0.00267227
16070 0.00267227
16080 0.00267227
16090 0.00267227
16100 0.00267227
16110 0.00267227
16120 0.00267227
16130 0.00267227
16140 0.00267227
16150 0.00267227
16160 0.00267227
16170 0.00267227
16180 0.00267227
16190 0.00267227
16200 0.00267227
16210 0.00267227
16220 0.00267227
16230 0.00267227
16240 0.00267227
16250 0.00267227
16260 0.00267227
16270 0.00267227
16280 0.00267227
16290 0.00267227
16300 0.00267227
16310 0.00267227
16320 0.00267227
16330 0.00267227
16340 0.00267227
16350 0.00267227
16360 0.00267227
16370 0.00267227
16380 0.00267227
16390 0.00267227
16400 0.00267227
16410 0.00267227
16420 0.00267227
16430 0.00267227
16440 0.00267227
16450 0.00267227
16460 0.00267227
16470 0.00267227
16480 0.00267227
16490 0.00267227
16500 0.00267227
16510 0.00267227
16520 0.00267227
16530 0.00267227
16540 0.00267227
16550 0.00267227
16560 0.00267227
16570 0.00267227
16580 0.00267227
16590 0.00267227
16600 0.00267227
16610 0.00267227
16620 0.00267227
16630 0.00267227
16640 0.00267227
16650 0.00267227
16660 0.00267227
16670 0.00267227
16680 0.00267227
16690 0.00267227
16700 0.00267227
16710 0.00267227
16720 0.00267227
16730 0.00267227
16740 0.00267227
16750 0.00267227
16760 0.00267227
16770 0.00267227
16780 0.00267227
16790 0.00267227
16800 0.00267227
16810 0.00267227
16820 0.00267227
16830 0.00267227
16840 0.00267227
16850 0.00267227
16860 0.00267227
16870 0.00267227
16880 0.00267227
16890 0.00267227
16900 0.00267227
16910 0.00267227
16920 0.00267227
16930 0.00267227
16940 0.00267227
16950 0.00267227
16960 0.00267227
16970 0.00267227
16980 0.00267227
16990 0.00267227
17000 0.00267227
17010 0.00267227
17020 0.00267227
17030 0.00267227
17040 0.00267227
17050 0.00267227
17060 0.00267227
17070 0.00267227
17080 0.00267227
17090 0.00267227
17100 0.00267227
17110 0.00267227
17120 0.00267227
17130 0.00267227
17140 0.00267227
17150 0.00267227
17160 0.00267227
17170 0.00267227
17180 0.00267227
17190 0.00267227
17200 0.00267227
17210 0.00267227
17220 0.00267227
17230 0.00267227
17240 0.00267227
17250 0.00267227
17260 0.00267227
17270 0.00267227
17280 0.00267227
17290 0.00267227
17300 0.00267227
17310 0.00267227
17320 0.00267227
17330 0.00267227
17340 0.00267227
17350 0.00267227
17360 0.00267227
17370 0.00267227
17380 0.00267227
17390 0.00267227
17400 0.00267227
17410 0.00267227
17420 0.00267227
17430 0.00267227
17440 0.00267227
17450 0.00267227
17460 0.00267227
17470 0.00267227
17480 0.00267227
17490 0.00267227
17500 0.00267227
17510 0.00267227
17520 0.00267227
17530 0.00267227
17540 0.00267227
17550 0.00267227
17560 0.00267227
17570 0.00267227
17580 0.00267227
17590 0.00267227
17600 0.00267227
17610 0.00267227
17620 0.00267227
17630 0.00267227
17640 0.00267227
17650 0.00267227
17660 0.00267227
17670 0.00267227
17680 0.00267227
17690 0.00267227
17700 0.00267227
17710 0.00267227
17720 0.00267227
17730 0.00267227
17740 0.00267227
17750 0.00267227
17760 0.00267227
17770 0.00267227
17780 0.00267227
17790 0.00267227
17800 0.00267227
17810 0.00267227
17820 0.00267227
17830 0.00267227
17840 0.00267227
17850 0.00267227
17860 0.00267227
17870 0.00267227
17880 0.00267227
17890 0.00267227
17900 0.00267227
17910 0.00267227
17920 0.00267227
17930 0.00267227
17940 0.00267227
17950 0.00267227
17960 0.00267227
17970 0.00267227
17980 0.00267227
17990 0.00267227
18000 0.00267227
18010 0.00267227
18020 0.00267227
18030 0.00267227
18040 0.00267227
18050 0.00267227
18060 0.00267227
18070 0.00267227
18080 0.00267227
18090 0.00267227
18100 0.00267227
18110 0.00267227
18120 0.00267227
18130 0.00267227
18140 0.00267227
18150 0.00267227
18160 0.00267227
18170 0.00267227
18180 0.00267227
18190 0.00267227
18200 0.00267227
18210 0.00267227
18220 0.00267227
18230 0.00267227
18240 0.00267227
18250 0.00267227
18260 0.00267227
18270 0.00267227
18280 0.00267227
18290 0.00267227
18300 0.00267227
18310 0.00267227
18320 0.00267227
18330 0.00267227
18340 0.00267227
18350 0.00267227
18360 0.00267227
18370 0.00267227
18380 0.00267227
18390 0.00267227
18400 0.00267227
18410 0.00267227
18420 0.00267227
18430 0.00267227
18440 0.00267227
18450 0.00267227
18460 0.00267227
18470 0.00267227
18480 0.00267227
18490 0.00267227
18500 0.00267227
18510 0.00267227
18520 0.00267227
18530 0.00267227
18540 0.00267227
18550 0.00267227
18560 0.00267227
18570 0.00267227
18580 0.00267227
18590 0.00267227
18600 0.00267227
18610 0.00267227
18620 0.00267227
18630 0.00267227
18640 0.00267227
18650 0.00267227
18660 0.00267227
18670 0.00267227
18680 0.00267227
18690 0.00267227
18700 0.00267227
18710 0.00267227
18720 0.00267227
18730 0.00267227
18740 0.00267227
18750 0.00267227
18760 0.00267227
18770 0.00267227
18780 0.00267227
18790 0.00267227
18800 0.00267227
18810 0.00267227
18820 0.00267227
18830 0.00267227
18840 0.00267227
18850 0.00267227
18860 0.00267227
18870 0.00267227
18880 0.00267227
18890 0.00267227
18900 0.00267227
18910 0.00267227
18920 0.00267227
18930 0.00267227
18940 0.00267227
18950 0.00267227
18960 0.00267227
18970 0.00267227
18980 0.00267227
18990 0.00267227
19000 0.00267227
19010 0.00267227
19020 0.00267227
19030 0.00267227
19040 0.00267227
19050 0.00267227
19060 0.00267227
19070 0.00267227
19080 0.00267227
19090 0.00267227
19100 0.00267227
19110 0.00267227
19120 0.00267227
19130 0.00267227
19140 0.00267227
19150 0.00267227
19160 0.00267227
19170 0.00267227
19180 0.00267227
19190 0.00267227
19200 0.00267227
19210 0.00267227
19220 0.00267227
19230 0.00267227
19240 0.00267227
19250 0.00267227
19260 0.00267227
19270 0.00267227
19280 0.00267227
19290 0.00267227
19300 0.00267227
19310 0.00267227
19320 0.00267227
19330 0.00267227
19340 0.00267227
19350 0.00267227
19360 0.00267227
19370 0.00267227
19380 0.00267227
19390 0.00267227
19400 0.00267227
19410 0.00267227
19420 0.00267227
19430 0.00267227
19440 0.00267227
19450 0.00267227
19460 0.00267227
19470 0.00267227
19480 0.00267227
19490 0.00267227
19500 0.00267227
19510 0.00267227
19520 0.00267227
19530 0.00267227
19540 0.00267227
19550 0.00267227
19560 0.00267227
19570 0.00267227
19580 0.00267227
19590 0.00267227
19600 0.00267227
19610 0.00267227
19620 0.00267227
19630 0.00267227
19640 0.00267227
19650 0.00267227
19660 0.00267227
19670 0.00267227
19680 0.00267227
19690 0.00267227
19700 0.00267227
19710 0.00267227
19720 0.00267227
19730 0.00267227
19740 0.00267227
19750 0.00267227
19760 0.00267227
19770 0.00267227
19780 0.00267227
19790 0.00267227
19800 0.00267227
19810 0.00267227
19820 0.00267227
19830 0.00267227
19840 0.00267227
19850 0.00267227
19860 0.00267227
19870 0.00267227
19880 0.00267227
19890 0.00267227
19900 0.00267227
19910 0.00267227
19920 0.00267227
19930 0.00267227
19940 0.00267227
19950 0.00267227
19960 0.00267227
19970 0.00267227
19980 0.00267227
19990 0.00267227
20000 0.00267227
20010 0.00267227
20020 0.00267227
20030 0.00267227
20040 0.00267227
20050 0.00267227
20060 0.00267227
20070 0.00267227
20080 0.00267227
20090 0.00267227
20100 0.00267227
20110 0.00267227
20120 0.00267227
20130 0.00267227
20140 0.00267227
20150 0.00267227
20160 0.00267227
20170 0.00267227
20180 0.00267227
20190 0.00267227
20200 0.00267227
20210 0.00267227
20220 0.00267227
20230 0.00267227
20240 0.00267227
20250 0.00267227
20260 0.00267227
20270 0.00267227
20280 0.00267227
20290 0.00267227
20300 0.00267227
20310 0.00267227
20320 0.00267227
20330 0.00267227
20340 0.00267227
20350 0.00267227
20360 0.00267227
20370 0.00267227
20380 0.00267227
20390 0.00267227
20400 0.00267227
20410 0.00267227
20420 0.00267227
20430 0.00267227
20440 0.00267227
20450 0.00267227
20460 0.00267227
20470 0.00267227
20480 0.00267227
20490 0.00267227
20500 0.00267227
20510 0.00267227
20520 0.00267227
20530 0.00267227
20540 0.00267227
20550 0.00267227
20560 0.00267227
20570 0.00267227
20580 0.00267227
20590 0.00267227
20600 0.00267227
20610 0.00267227
20620 0.00267227
20630 0.00267227
20640 0.00267227
20650 0.00267227
20660 0.00267227
20670 0.00267227
20680 0.00267227
20690 0.00267227
20700 0.00267227
20710 0.00267227
20720 0.00267227
20730 0.00267227
20740 0.00267227
20750 0.00267227
20760 0.00267227
20770 0.00267227
20780 0.00267227
20790 0.00267227
20800 0.00267227
20810 0.00267227
20820 0.00267227
20830 0.00267227
20840 0.00267227
20850 0.00267227
20860 0.00267227
20870 0.00267227
20880 0.00267227
20890 0.00267227
20900 0.00267227
20910 0.00267227
20920 0.00267227
20930 0.00267227
20940 0.00267227
20950 0.00267227
20960 0.00267227
20970 0.00267227
20980 0.00267227
20990 0.00267227
21000 0.00267227
21010 0.00267227
21020 0.00267227
21030 0.00267227
21040 0.00267227
21050 0.00267227
21060 0.00267227
21070 0.00267227
21080 0.00267227
21090 0.00267227
21100 0.00267227
21110 0.00267227
21120 0.00267227
21130 0.00267227
21140 0.00267227
21150 0.00267227
21160 0.00267227
21170 0.00267227
21180 0.00267227
21190 0.00267227
21200 0.00267227
21210 0.00267227
21220 0.00267227
21230 0.00267227
21240 0.00267227
21250 0.00267227
21260 0.00267227
21270 0.00267227
21280 0.00267227
21290 0.00267227
21300 0.00267227
21310 0.00267227
21320 0.00267227
21330 0.00267227
21340 0.00267227
21350 0.00267227
21360 0.00267227
21370 0.00267227
21380 0.00267227
21390 0.00267227
21400 0.00267227
21410 0.00267227
21420 0.00267227
21430 0.00267227
21440 0.00267227
21450 0.00267227
21460 0.00267227
21470 0.00267227
21480 0.00267227
21490 0.00267227
21500 0.00267227
21510 0.00267227
21520 0.00267227
21530 0.00267227
21540 0.00267227
21550 0.00267227
21560 0.00267227
21570 0.00267227
21580 0.00267227
21590 0.00267227
21600 0.00267227
21610 0.00267227
21620 0.00267227
21630 0.00267227
21640 0.00267227
21650 0.00267227
21660 0.00267227
21670 0.00267227
21680 0.00267227
21690 0.00267227
21700 0.00267227
21710 0.00267227
21720 0.00267227
21730 0.00267227
21740 0.00267227
21750 0.00267227
21760 0.00267227
21770 0.00267227
21780 0.00267227
21790 0.00267227
21800 0.00267227
21810 0.00267227
21820 0.00267227
21830 0.00267227
21840 0.00267227
21850 0.00267227
21860 0.00267227
21870 0.00267227
21880 0.00267227
21890 0.00267227
21900 0.00267227
21910 0.00267227
21920 0.00267227
21930 0.00267227
21940 0.00267227
21950 0.00267227
21960 0.00267227
21970 0.00267227
21980 0.00267227
21990 0.00267227
22000 0.00267227
22010 0.00267227
22020 0.00267227
22030 0.00267227
22040 0.00267227
22050 0.00267227
22060 0.00267227
22070 0.00267227
22080 0.00267227
22090 0.00267227
22100 0.00267227
22110 0.00267227
22120 0.00267227
22130 0.00267227
22140 0.00267227
22150 0.00267227
22160 0.00267227
22170 0.00267227
22180 0.00267227
22190 0.00267227
22200 0.00267227
22210 0.00267227
22220 0.00267227
22230 0.00267227
22240 0.00267227
22250 0.00267227
22260 0.00267227
22270 0.00267227
22280 0.00267227
22290 0.00267227
22300 0.00267227
22310 0.00267227
22320 0.00267227
22330 0.00267227
22340 0.00267227
22350 0.00267227
22360 0.00267227
22370 0.00267227
22380 0.00267227
22390 0.00267227
22400 0.00267227
22410 0.00267227
22420 0.00267227
22430 0.00267227
22440 0.00267227
22450 0.00267227
22460 0.00267227
22470 0.00267227
22480 0.00267227
22490 0.00267227
22500 0.00267227
22510 0.00267227
22520 0.00267227
22530 0.00267227
22540 0.00267227
22550 0.00267227
22560 0.00267227
22570 0.00267227
22580 0.00267227
22590 0.00267227
22600 0.00267227
22610 0.00267227
22620 0.00267227
22630 0.00267227
22640 0.00267227
22650 0.00267227
22660 0.00267227
22670 0.00267227
22680 0.00267227
22690 0.00267227
22700 0.00267227
22710 0.00267227
22720 0.00267227
22730 0.00267227
22740 0.00267227
22750 0.00267227
22760 0.00267227
22770 0.00267227
22780 0.00267227
22790 0.00267227
22800 0.00267227
22810 0.00267227
22820 0.00267227
22830 0.00267227
22840 0.00267227
22850 0.00267227
22860 0.00267227
22870 0.00267227
22880 0.00267227
22890 0.00267227
22900 0.00267227
22910 0.00267227
22920 0.00267227
22930 0.00267227
22940 0.00267227
22950 0.00267227
22960 0.00267227
22970 0.00267227
22980 0.00267227
22990 0.00267227
23000 0.00267227
23010 0.00267227
23020 0.00267227
23030 0.00267227
23040 0.00267227
23050 0.00267227
23060 0.00267227
23070 0.00267227
23080 0.00267227
23090 0.00267227
23100 0.00267227
23110 0.00267227
23120 0.00267227
23130 0.00267227
23140 0.00267227
23150 0.00267227
23160 0.00267227
23170 0.00267227
23180 0.00267227
23190 0.00267227
23200 0.00267227
23210 0.00267227
23220 0.00267227
23230 0.00267227
23240 0.00267227
23250 0.00267227
23260 0.00267227
23270 0.00267227
23280 0.00267227
23290 0.00267227
23300 0.00267227
23310 0.00267227
23320 0.00267227
23330 0.00267227
23340 0.00267227
23350 0.00267227
23360 0.00267227
23370 0.00267227
23380 0.00267227
23390 0.00267227
23400 0.00267227
23410 0.00267227
23420 0.00267227
23430 0.00267227
23440 0.00267227
23450 0.00267227
23460 0.00267227
23470 0.00267227
23480 0.00267227
23490 0.00267227
23500 0.00267227
23510 0.00267227
23520 0.00267227
23530 0.00267227
23540 0.00267227
23550 0.00267227
23560 0.00267227
23570 0.00267227
23580 0.00267227
23590 0.00267227
23600 0.00267227
23610 0.00267227
23620 0.00267227
23630 0.00267227
23640 0.00267227
23650 0.00267227
23660 0.00267227
23670 0.00267227
23680 0.00267227
23690 0.00267227
23700 0.00267227
23710 0.00267227
23720 0.00267227
23730 0.00267227
23740 0.00267227
23750 0.00267227
23760 0.00267227
23770 0.00267227
23780 0.00267227
23790 0.00267227
23800 0.00267227
23810 0.00267227
23820 0.00267227
23830 0.00267227
23840 0.00267227
23850 0.00267227
23860 0.00267227
23870 0.00267227
23880 0.00267227
23890 0.00267227
23900 0.00267227
23910 0.00267227
23920 0.00267227
23930 0.00267227
23940 0.00267227
23950 0.00267227
23960 0.00267227
23970 0.00267227
23980 0.00267227
23990 0.00267227
24000 0.00267227
24010 0.00267227
24020 0.00267227
24030 0.00267227
24040 0.00267227
24050 0.00267227
24060 0.00267227
24070 0.00267227
24080 0.00267227
24090 0.00267227
24100 0.00267227
24110 0.00267227
24120 0.00267227
24130 0.00267227
24140 0.00267227
24150 0.00267227
24160 0.00267227
24170 0.00267227
24180 0.00267227
24190 0.00267227
24200 0.00267227
24210 0.00267227
24220 0.00267227
24230 0.00267227
24240 0.00267227
24250 0.00267227
24260 0.00267227
24270 0.00267227
24280 0.00267227
24290 0.00267227
24300 0.00267227
24310 0.00267227
24320 0.00267227
24330 0.00267227
24340 0.00267227
24350 0.00267227
24360 0.00267227
24370 0.00267227
24380 0.00267227
24390 0.00267227
24400 0.00267227
24410 0.00267227
24420 0.00267227
24430 0.00267227
24440 0.00267227
24450 0.00267227
24460 0.00267227
24470 0.00267227
24480 0.00267227
24490 0.00267227
24500 0.00267227
24510 0.00267227
24520 0.00267227
24530 0.00267227
24540 0.00267227
24550 0.00267227
24560 0.00267227
24570 0.00267227
24580 0.00267227
24590 0.00267227
24600 0.00267227
24610 0.00267227
24620 0.00267227
24630 0.00267227
24640 0.00267227
24650 0.00267227
24660 0.00267227
24670 0.00267227
24680 0.00267227
24690 0.00267227
24700 0.00267227
24710 0.00267227
24720 0.00267227
24730 0.00267227
24740 0.00267227
24750 0.00267227
24760 0.00267227
24770 0.00267227
24780 0.00267227
24790 0.00267227
24800 0.00267227
24810 0.00267227
24820 0.00267227
24830 0.00267227
24840 0.00267227
24850 0.00267227
24860 0.00267227
24870 0.00267227
24880 0.00267227
24890 0.00267227
24900 0.00267227
24910 0.00267227
24920 0.00267227
24930 0.00267227
24940 0.00267227
24950 0.00267227
24960 0.00267227
24970 0.00267227
24980 0.00267227
24990 0.00267227
25000 0.00267227
-END-OF-DATA-
