-START-OF-DATA-
0 0.000278
10 0.000278
20 0.000278
30 0.000278
40 0.000278
50 0.000278
60 0.000278
70 0.000278
80 0.000278
90 0.000278
100 0.000278
110 0.000278
120 0.000278
130 0.000278
140 0.000278
150 0.000278
160 0.000278
170 0.000278
180 0.000278
190 0.000278
200 0.000278
210 0.000278
220 0.000278
230 0.000278
240 0.000278
250 0.000278
260 0.000278
270 0.000278
280 0.000278
290 0.000278
300 0.000278
310 0.000278
320 0.000278
330 0.000278
340 0.000278
350 0.000278
360 0.000278
370 0.000278
380 0.000278
390 0.000278
400 0.000278
410 0.000278
420 0.000278
430 0.000278
440 0.000278
450 0.000278
460 0.000278
470 0.000278
480 0.000278
490 0.000278
500 0.000278
510 0.000278
520 0.000278
530 0.000278
540 0.000278
550 0.000278
560 0.000278
570 0.000278
580 0.000278
590 0.000278
600 0.000278
610 0.000278
620 0.000278
630 0.000278
640 0.000278
650 0.000278
660 0.000278
670 0.000278
680 0.000278
690 0.000278
700 0.000278
710 0.000278
720 0.000278
730 0.000278
740 0.000278
750 0.000278
760 0.000278
770 0.000278
780 0.000278
790 0.000278
800 0.000278
810 0.000278
820 0.000278
830 0.000278
840 0.000278
850 0.000278
860 0.000278
870 0.000278
880 0.000278
890 0.000278
900 0.000278
910 0.000278
920 0.000278
930 0.000278
940 0.000278
950 0.000278
960 0.000278
970 0.000278
980 0.000278
990 0.000278
1000 0.000278
1010 0.000278
1020 0.000278
1030 0.000278
1040 0.000278
1050 0.000278
1060 0.000278
1070 0.000278
1080 0.000278
1090 0.000278
1100 0.000278
1110 0.000278
1120 0.000278
1130 0.000278
1140 0.000278
1150 0.000278
1160 0.000278
1170 0.000278
1180 0.000278
1190 0.000278
1200 0.000278
1210 0.000278
1220 0.000278
1230 0.000278
1240 0.000278
1250 0.000278
1260 0.000278
1270 0.000278
1280 0.000278
1290 0.000278
1300 0.000278
1310 0.000278
1320 0.000278
1330 0.000278
1340 0.000278
1350 0.000278
1360 0.000278
1370 0.000278
1380 0.000278
1390 0.000278
1400 0.000278
1410 0.000278
1420 0.000278
1430 0.000278
1440 0.000278
1450 0.000278
1460 0.000278
1470 0.000278
1480 0.000278
1490 0.000278
1500 0.000278
1510 0.000278
1520 0.000278
1530 0.000278
1540 0.000278
1550 0.000278
1560 0.000278
1570 0.000278
1580 0.000278
1590 0.000278
1600 0.000278
1610 0.000278
1620 0.000278
1630 0.000278
1640 0.000278
1650 0.000278
1660 0.000278
1670 0.000278
1680 0.000278
1690 0.000278
1700 0.000278
1710 0.000278
1720 0.000278
1730 0.000278
1740 0.000278
1750 0.000278
1760 0.000278
1770 0.000278
1780 0.000278
1790 0.000278
1800 0.000278
1810 0.000278
1820 0.000278
1830 0.000278
1840 0.000278
1850 0.000278
1860 0.000278
1870 0.000278
1880 0.000278
1890 0.000278
1900 0.000278
1910 0.000278
1920 0.000278
1930 0.000278
1940 0.000278
1950 0.000278
1960 0.000278
1970 0.000278
1980 0.000278
1990 0.000278
2000 0.000278
2010 0.00028174950166113
2020 0.000285499003322259
2030 0.000289248504983389
2040 0.000292998006644518
2050 0.000296747508305648
2060 0.000300497009966777
2070 0.000304246511627907
2080 0.000307996013289037
2090 0.000311745514950166
2100 0.000315495016611296
2110 0.000319244518272425
2120 0.000322994019933555
2130 0.000326743521594684
2140 0.000330493023255814
2150 0.000334242524916943
2160 0.000337992026578073
2170 0.000341741528239203
2180 0.000345491029900332
2190 0.000349240531561462
2200 0.000352990033222591
2210 0.000356739534883721
2220 0.00036048903654485
2230 0.00036423853820598
2240 0.00036798803986711
2250 0.000371737541528239
2260 0.000375487043189369
2270 0.000379236544850498
2280 0.000382986046511628
2290 0.000386735548172757
2300 0.000390485049833887
2310 0.000394234551495017
2320 0.000397984053156146
2330 0.000401733554817276
2340 0.000405483056478405
2350 0.000409232558139535
2360 0.000412982059800664
2370 0.000416731561461794
2380 0.000420481063122924
2390 0.000424230564784053
2400 0.000427980066445183
2410 0.000431729568106312
2420 0.000435479069767442
2430 0.000439228571428571
2440 0.000442978073089701
2450 0.000446727574750831
2460 0.00045047707641196
2470 0.00045422657807309
2480 0.000457976079734219
2490 0.000461725581395349
2500 0.000465475083056478
2510 0.000469224584717608
2520 0.000472974086378737
2530 0.000476723588039867
2540 0.000480473089700997
2550 0.000484222591362126
2560 0.000487972093023256
2570 0.000491721594684385
2580 0.000495471096345515
2590 0.000499220598006645
2600 0.000502970099667774
2610 0.000506719601328904
2620 0.000510469102990033
2630 0.000514218604651163
2640 0.000517968106312292
2650 0.000521717607973422
2660 0.000525467109634551
2670 0.000529216611295681
2680 0.00053296611295681
2690 0.00053671561461794
2700 0.00054046511627907
2710 0.000544214617940199
2720 0.000547964119601329
2730 0.000551713621262458
2740 0.000555463122923588
2750 0.000559212624584718
2760 0.000562962126245847
2770 0.000566711627906977
2780 0.000570461129568106
2790 0.000574210631229236
2800 0.000577960132890365
2810 0.000581709634551495
2820 0.000585459136212624
2830 0.000589208637873754
2840 0.000592958139534884
2850 0.000596707641196013
2860 0.000600457142857143
2870 0.000604206644518272
2880 0.000607956146179402
2890 0.000611705647840531
2900 0.000615455149501661
2910 0.000619204651162791
2920 0.00062295415282392
2930 0.00062670365448505
2940 0.000630453156146179
2950 0.000634202657807309
2960 0.000637952159468438
2970 0.000641701661129568
2980 0.000645451162790698
2990 0.000649200664451827
3000 0.000652950166112957
3010 0.000656699667774086
3020 0.000660449169435216
3030 0.000664198671096345
3040 0.000667948172757475
3050 0.000671697674418605
3060 0.000675447176079734
3070 0.000679196677740864
3080 0.000682946179401993
3090 0.000686695681063123
3100 0.000690445182724252
3110 0.000694194684385382
3120 0.000697944186046512
3130 0.000701693687707641
3140 0.000705443189368771
3150 0.0007091926910299
3160 0.00071294219269103
3170 0.000716691694352159
3180 0.000720441196013289
3190 0.000724190697674418
3200 0.000727940199335548
3210 0.000731689700996678
3220 0.000735439202657807
3230 0.000739188704318937
3240 0.000742938205980066
3250 0.000746687707641196
3260 0.000750437209302326
3270 0.000754186710963455
3280 0.000757936212624585
3290 0.000761685714285714
3300 0.000765435215946844
3310 0.000769184717607973
3320 0.000772934219269103
3330 0.000776683720930232
3340 0.000780433222591362
3350 0.000784182724252492
3360 0.000787932225913621
3370 0.000791681727574751
3380 0.00079543122923588
3390 0.00079918073089701
3400 0.00080293023255814
3410 0.000806679734219269
3420 0.000810429235880398
3430 0.000814178737541528
3440 0.000817928239202658
3450 0.000821677740863787
3460 0.000825427242524917
3470 0.000829176744186046
3480 0.000832926245847176
3490 0.000836675747508306
3500 0.000840425249169435
3510 0.000844174750830565
3520 0.000847924252491694
3530 0.000851673754152824
3540 0.000855423255813953
3550 0.000859172757475083
3560 0.000862922259136212
3570 0.000866671760797342
3580 0.000870421262458472
3590 0.000874170764119601
3600 0.000877920265780731
3610 0.00088166976744186
3620 0.00088541926910299
3630 0.00088916877076412
3640 0.000892918272425249
3650 0.000896667774086379
3660 0.000900417275747508
3670 0.000904166777408638
3680 0.000907916279069767
3690 0.000911665780730897
3700 0.000915415282392027
3710 0.000919164784053156
3720 0.000922914285714286
3730 0.000926663787375415
3740 0.000930413289036545
3750 0.000934162790697674
3760 0.000937912292358804
3770 0.000941661794019933
3780 0.000945411295681063
3790 0.000949160797342193
3800 0.000952910299003322
3810 0.000956659800664452
3820 0.000960409302325581
3830 0.000964158803986711
3840 0.00096790830564784
3850 0.00097165780730897
3860 0.0009754073089701
3870 0.000979156810631229
3880 0.000982906312292359
3890 0.000986655813953488
3900 0.000990405315614618
3910 0.000994154817275747
3920 0.000997904318936877
3930 0.00100165382059801
3940 0.00100540332225914
3950 0.00100915282392027
3960 0.0010129023255814
3970 0.00101665182724252
3980 0.00102040132890365
3990 0.00102415083056478
4000 0.00102790033222591
4010 0.00103164983388704
4020 0.00103539933554817
4030 0.0010391488372093
4040 0.00104289833887043
4050 0.00104664784053156
4060 0.00105039734219269
4070 0.00105414684385382
4080 0.00105789634551495
4090 0.00106164584717608
4100 0.00106539534883721
4110 0.00106914485049834
4120 0.00107289435215947
4130 0.0010766438538206
4140 0.00108039335548173
4150 0.00108414285714286
4160 0.00108789235880399
4170 0.00109164186046512
4180 0.00109539136212625
4190 0.00109914086378738
4200 0.0011028903654485
4210 0.00110663986710963
4220 0.00111038936877076
4230 0.00111413887043189
4240 0.00111788837209302
4250 0.00112163787375415
4260 0.00112538737541528
4270 0.00112913687707641
4280 0.00113288637873754
4290 0.00113663588039867
4300 0.0011403853820598
4310 0.00114413488372093
4320 0.00114788438538206
4330 0.00115163388704319
4340 0.00115538338870432
4350 0.00115913289036545
4360 0.00116288239202658
4370 0.00116663189368771
4380 0.00117038139534884
4390 0.00117413089700997
4400 0.0011778803986711
4410 0.00118162990033223
4420 0.00118537940199336
4430 0.00118912890365448
4440 0.00119287840531561
4450 0.00119662790697674
4460 0.00120037740863787
4470 0.001204126910299
4480 0.00120787641196013
4490 0.00121162591362126
4500 0.00121537541528239
4510 0.00121912491694352
4520 0.00122287441860465
4530 0.00122662392026578
4540 0.00123037342192691
4550 0.00123412292358804
4560 0.00123787242524917
4570 0.0012416219269103
4580 0.00124537142857143
4590 0.00124912093023256
4600 0.00125287043189369
4610 0.00125661993355482
4620 0.00126036943521595
4630 0.00126411893687708
4640 0.00126786843853821
4650 0.00127161794019934
4660 0.00127536744186047
4670 0.00127911694352159
4680 0.00128286644518272
4690 0.00128661594684385
4700 0.00129036544850498
4710 0.00129411495016611
4720 0.00129786445182724
4730 0.00130161395348837
4740 0.0013053634551495
4750 0.00130911295681063
4760 0.00131286245847176
4770 0.00131661196013289
4780 0.00132036146179402
4790 0.00132411096345515
4800 0.00132786046511628
4810 0.00133160996677741
4820 0.00133535946843854
4830 0.00133910897009967
4840 0.0013428584717608
4850 0.00134660797342193
4860 0.00135035747508306
4870 0.00135410697674419
4880 0.00135785647840532
4890 0.00136160598006644
4900 0.00136535548172757
4910 0.0013691049833887
4920 0.00137285448504983
4930 0.00137660398671096
4940 0.00138035348837209
4950 0.00138410299003322
4960 0.00138785249169435
4970 0.00139160199335548
4980 0.00139535149501661
4990 0.00139910099667774
5000 0.00140285049833887
5010 0.0014066
5020 0.0014066
5030 0.0014066
5040 0.0014066
5050 0.0014066
5060 0.0014066
5070 0.0014066
5080 0.0014066
5090 0.0014066
5100 0.0014066
5110 0.0014066
5120 0.0014066
5130 0.0014066
5140 0.0014066
5150 0.0014066
5160 0.0014066
5170 0.0014066
5180 0.0014066
5190 0.0014066
5200 0.0014066
5210 0.0014066
5220 0.0014066
5230 0.0014066
5240 0.0014066
5250 0.0014066
5260 0.0014066
5270 0.0014066
5280 0.0014066
5290 0.0014066
5300 0.0014066
5310 0.0014066
5320 0.0014066
5330 0.0014066
5340 0.0014066
5350 0.0014066
5360 0.0014066
5370 0.0014066
5380 0.0014066
5390 0.0014066
5400 0.0014066
5410 0.0014066
5420 0.0014066
5430 0.0014066
5440 0.0014066
5450 0.0014066
5460 0.0014066
5470 0.0014066
5480 0.0014066
5490 0.0014066
5500 0.0014066
5510 0.0014066
5520 0.0014066
5530 0.0014066
5540 0.0014066
5550 0.0014066
5560 0.0014066
5570 0.0014066
5580 0.0014066
5590 0.0014066
5600 0.0014066
5610 0.0014066
5620 0.0014066
5630 0.0014066
5640 0.0014066
5650 0.0014066
5660 0.0014066
5670 0.0014066
5680 0.0014066
5690 0.0014066
5700 0.0014066
5710 0.0014066
5720 0.0014066
5730 0.0014066
5740 0.0014066
5750 0.0014066
5760 0.0014066
5770 0.0014066
5780 0.0014066
5790 0.0014066
5800 0.0014066
5810 0.0014066
5820 0.0014066
5830 0.0014066
5840 0.0014066
5850 0.0014066
5860 0.0014066
5870 0.0014066
5880 0.0014066
5890 0.0014066
5900 0.0014066
5910 0.0014066
5920 0.0014066
5930 0.0014066
5940 0.0014066
5950 0.0014066
5960 0.0014066
5970 0.0014066
5980 0.0014066
5990 0.0014066
6000 0.0014066
6010 0.0014066
6020 0.0014066
6030 0.0014066
6040 0.0014066
6050 0.0014066
6060 0.0014066
6070 0.0014066
6080 0.0014066
6090 0.0014066
6100 0.0014066
6110 0.0014066
6120 0.0014066
6130 0.0014066
6140 0.0014066
6150 0.0014066
6160 0.0014066
6170 0.0014066
6180 0.0014066
6190 0.0014066
6200 0.0014066
6210 0.0014066
6220 0.0014066
6230 0.0014066
6240 0.0014066
6250 0.0014066
6260 0.0014066
6270 0.0014066
6280 0.0014066
6290 0.0014066
6300 0.0014066
6310 0.0014066
6320 0.0014066
6330 0.0014066
6340 0.0014066
6350 0.0014066
6360 0.0014066
6370 0.0014066
6380 0.0014066
6390 0.0014066
6400 0.0014066
6410 0.0014066
6420 0.0014066
6430 0.0014066
6440 0.0014066
6450 0.0014066
6460 0.0014066
6470 0.0014066
6480 0.0014066
6490 0.0014066
6500 0.0014066
6510 0.0014066
6520 0.0014066
6530 0.0014066
6540 0.0014066
6550 0.0014066
6560 0.0014066
6570 0.0014066
6580 0.0014066
6590 0.0014066
6600 0.0014066
6610 0.0014066
6620 0.0014066
6630 0.0014066
6640 0.0014066
6650 0.0014066
6660 0.0014066
6670 0.0014066
6680 0.0014066
6690 0.0014066
6700 0.0014066
6710 0.0014066
6720 0.0014066
6730 0.0014066
6740 0.0014066
6750 0.0014066
6760 0.0014066
6770 0.0014066
6780 0.0014066
6790 0.0014066
6800 0.0014066
6810 0.0014066
6820 0.0014066
6830 0.0014066
6840 0.0014066
6850 0.0014066
6860 0.0014066
6870 0.0014066
6880 0.0014066
6890 0.0014066
6900 0.0014066
6910 0.0014066
6920 0.0014066
6930 0.0014066
6940 0.0014066
6950 0.0014066
6960 0.0014066
6970 0.0014066
6980 0.0014066
6990 0.0014066
7000 0.0014066
7010 0.0014066
7020 0.0014066
7030 0.0014066
7040 0.0014066
7050 0.0014066
7060 0.0014066
7070 0.0014066
7080 0.0014066
7090 0.0014066
7100 0.0014066
7110 0.0014066
7120 0.0014066
7130 0.0014066
7140 0.0014066
7150 0.0014066
7160 0.0014066
7170 0.0014066
7180 0.0014066
7190 0.0014066
7200 0.0014066
7210 0.0014066
7220 0.0014066
7230 0.0014066
7240 0.0014066
7250 0.0014066
7260 0.0014066
7270 0.0014066
7280 0.0014066
7290 0.0014066
7300 0.0014066
7310 0.0014066
7320 0.0014066
7330 0.0014066
7340 0.0014066
7350 0.0014066
7360 0.0014066
7370 0.0014066
7380 0.0014066
7390 0.0014066
7400 0.0014066
7410 0.0014066
7420 0.0014066
7430 0.0014066
7440 0.0014066
7450 0.0014066
7460 0.0014066
7470 0.0014066
7480 0.0014066
7490 0.0014066
7500 0.0014066
7510 0.0014066
7520 0.0014066
7530 0.0014066
7540 0.0014066
7550 0.0014066
7560 0.0014066
7570 0.0014066
7580 0.0014066
7590 0.0014066
7600 0.0014066
7610 0.0014066
7620 0.0014066
7630 0.0014066
7640 0.0014066
7650 0.0014066
7660 0.0014066
7670 0.0014066
7680 0.0014066
7690 0.0014066
7700 0.0014066
7710 0.0014066
7720 0.0014066
7730 0.0014066
7740 0.0014066
7750 0.0014066
7760 0.0014066
7770 0.0014066
7780 0.0014066
7790 0.0014066
7800 0.0014066
7810 0.0014066
7820 0.0014066
7830 0.0014066
7840 0.0014066
7850 0.0014066
7860 0.0014066
7870 0.0014066
7880 0.0014066
7890 0.0014066
7900 0.0014066
7910 0.0014066
7920 0.0014066
7930 0.0014066
7940 0.0014066
7950 0.0014066
7960 0.0014066
7970 0.0014066
7980 0.0014066
7990 0.0014066
8000 0.0014066
8010 0.0014066
8020 0.0014066
8030 0.0014066
8040 0.0014066
8050 0.0014066
8060 0.0014066
8070 0.0014066
8080 0.0014066
8090 0.0014066
8100 0.0014066
8110 0.0014066
8120 0.0014066
8130 0.0014066
8140 0.0014066
8150 0.0014066
8160 0.0014066
8170 0.0014066
8180 0.0014066
8190 0.0014066
8200 0.0014066
8210 0.0014066
8220 0.0014066
8230 0.0014066
8240 0.0014066
8250 0.0014066
8260 0.0014066
8270 0.0014066
8280 0.0014066
8290 0.0014066
8300 0.0014066
8310 0.0014066
8320 0.0014066
8330 0.0014066
8340 0.0014066
8350 0.0014066
8360 0.0014066
8370 0.0014066
8380 0.0014066
8390 0.0014066
8400 0.0014066
8410 0.0014066
8420 0.0014066
8430 0.0014066
8440 0.0014066
8450 0.0014066
8460 0.0014066
8470 0.0014066
8480 0.0014066
8490 0.0014066
8500 0.0014066
8510 0.0014066
8520 0.0014066
8530 0.0014066
8540 0.0014066
8550 0.0014066
8560 0.0014066
8570 0.0014066
8580 0.0014066
8590 0.0014066
8600 0.0014066
8610 0.0014066
8620 0.0014066
8630 0.0014066
8640 0.0014066
8650 0.0014066
8660 0.0014066
8670 0.0014066
8680 0.0014066
8690 0.0014066
8700 0.0014066
8710 0.0014066
8720 0.0014066
8730 0.0014066
8740 0.0014066
8750 0.0014066
8760 0.0014066
8770 0.0014066
8780 0.0014066
8790 0.0014066
8800 0.0014066
8810 0.0014066
8820 0.0014066
8830 0.0014066
8840 0.0014066
8850 0.0014066
8860 0.0014066
8870 0.0014066
8880 0.0014066
8890 0.0014066
8900 0.0014066
8910 0.0014066
8920 0.0014066
8930 0.0014066
8940 0.0014066
8950 0.0014066
8960 0.0014066
8970 0.0014066
8980 0.0014066
8990 0.0014066
9000 0.0014066
9010 0.0014066
9020 0.0014066
9030 0.0014066
9040 0.0014066
9050 0.0014066
9060 0.0014066
9070 0.0014066
9080 0.0014066
9090 0.0014066
9100 0.0014066
9110 0.0014066
9120 0.0014066
9130 0.0014066
9140 0.0014066
9150 0.0014066
9160 0.0014066
9170 0.0014066
9180 0.0014066
9190 0.0014066
9200 0.0014066
9210 0.0014066
9220 0.0014066
9230 0.0014066
9240 0.0014066
9250 0.0014066
9260 0.0014066
9270 0.0014066
9280 0.0014066
9290 0.0014066
9300 0.0014066
9310 0.0014066
9320 0.0014066
9330 0.0014066
9340 0.0014066
9350 0.0014066
9360 0.0014066
9370 0.0014066
9380 0.0014066
9390 0.0014066
9400 0.0014066
9410 0.0014066
9420 0.0014066
9430 0.0014066
9440 0.0014066
9450 0.0014066
9460 0.0014066
9470 0.0014066
9480 0.0014066
9490 0.0014066
9500 0.0014066
9510 0.0014066
9520 0.0014066
9530 0.0014066
9540 0.0014066
9550 0.0014066
9560 0.0014066
9570 0.0014066
9580 0.0014066
9590 0.0014066
9600 0.0014066
9610 0.0014066
9620 0.0014066
9630 0.0014066
9640 0.0014066
9650 0.0014066
9660 0.0014066
9670 0.0014066
9680 0.0014066
9690 0.0014066
9700 0.0014066
9710 0.0014066
9720 0.0014066
9730 0.0014066
9740 0.0014066
9750 0.0014066
9760 0.0014066
9770 0.0014066
9780 0.0014066
9790 0.0014066
9800 0.0014066
9810 0.0014066
9820 0.0014066
9830 0.0014066
9840 0.0014066
9850 0.0014066
9860 0.0014066
9870 0.0014066
9880 0.0014066
9890 0.0014066
9900 0.0014066
9910 0.0014066
9920 0.0014066
9930 0.0014066
9940 0.0014066
9950 0.0014066
9960 0.0014066
9970 0.0014066
9980 0.0014066
9990 0.0014066
10000 0.0014066
10010 0.0014066
10020 0.0014066
10030 0.0014066
10040 0.0014066
10050 0.0014066
10060 0.0014066
10070 0.0014066
10080 0.0014066
10090 0.0014066
10100 0.0014066
10110 0.0014066
10120 0.0014066
10130 0.0014066
10140 0.0014066
10150 0.0014066
10160 0.0014066
10170 0.0014066
10180 0.0014066
10190 0.0014066
10200 0.0014066
10210 0.0014066
10220 0.0014066
10230 0.0014066
10240 0.0014066
10250 0.0014066
10260 0.0014066
10270 0.0014066
10280 0.0014066
10290 0.0014066
10300 0.0014066
10310 0.0014066
10320 0.0014066
10330 0.0014066
10340 0.0014066
10350 0.0014066
10360 0.0014066
10370 0.0014066
10380 0.0014066
10390 0.0014066
10400 0.0014066
10410 0.0014066
10420 0.0014066
10430 0.0014066
10440 0.0014066
10450 0.0014066
10460 0.0014066
10470 0.0014066
10480 0.0014066
10490 0.0014066
10500 0.0014066
10510 0.0014066
10520 0.0014066
10530 0.0014066
10540 0.0014066
10550 0.0014066
10560 0.0014066
10570 0.0014066
10580 0.0014066
10590 0.0014066
10600 0.0014066
10610 0.0014066
10620 0.0014066
10630 0.0014066
10640 0.0014066
10650 0.0014066
10660 0.0014066
10670 0.0014066
10680 0.0014066
10690 0.0014066
10700 0.0014066
10710 0.0014066
10720 0.0014066
10730 0.0014066
10740 0.0014066
10750 0.0014066
10760 0.0014066
10770 0.0014066
10780 0.0014066
10790 0.0014066
10800 0.0014066
10810 0.0014066
10820 0.0014066
10830 0.0014066
10840 0.0014066
10850 0.0014066
10860 0.0014066
10870 0.0014066
10880 0.0014066
10890 0.0014066
10900 0.0014066
10910 0.0014066
10920 0.0014066
10930 0.0014066
10940 0.0014066
10950 0.0014066
10960 0.0014066
10970 0.0014066
10980 0.0014066
10990 0.0014066
11000 0.0014066
11010 0.0014066
11020 0.0014066
11030 0.0014066
11040 0.0014066
11050 0.0014066
11060 0.0014066
11070 0.0014066
11080 0.0014066
11090 0.0014066
11100 0.0014066
11110 0.0014066
11120 0.0014066
11130 0.0014066
11140 0.0014066
11150 0.0014066
11160 0.0014066
11170 0.0014066
11180 0.0014066
11190 0.0014066
11200 0.0014066
11210 0.0014066
11220 0.0014066
11230 0.0014066
11240 0.0014066
11250 0.0014066
11260 0.0014066
11270 0.0014066
11280 0.0014066
11290 0.0014066
11300 0.0014066
11310 0.0014066
11320 0.0014066
11330 0.0014066
11340 0.0014066
11350 0.0014066
11360 0.0014066
11370 0.0014066
11380 0.0014066
11390 0.0014066
11400 0.0014066
11410 0.0014066
11420 0.0014066
11430 0.0014066
11440 0.0014066
11450 0.0014066
11460 0.0014066
11470 0.0014066
11480 0.0014066
11490 0.0014066
11500 0.0014066
11510 0.0014066
11520 0.0014066
11530 0.0014066
11540 0.0014066
11550 0.0014066
11560 0.0014066
11570 0.0014066
11580 0.0014066
11590 0.0014066
11600 0.0014066
11610 0.0014066
11620 0.0014066
11630 0.0014066
11640 0.0014066
11650 0.0014066
11660 0.0014066
11670 0.0014066
11680 0.0014066
11690 0.0014066
11700 0.0014066
11710 0.0014066
11720 0.0014066
11730 0.0014066
11740 0.0014066
11750 0.0014066
11760 0.0014066
11770 0.0014066
11780 0.0014066
11790 0.0014066
11800 0.0014066
11810 0.0014066
11820 0.0014066
11830 0.0014066
11840 0.0014066
11850 0.0014066
11860 0.0014066
11870 0.0014066
11880 0.0014066
11890 0.0014066
11900 0.0014066
11910 0.0014066
11920 0.0014066
11930 0.0014066
11940 0.0014066
11950 0.0014066
11960 0.0014066
11970 0.0014066
11980 0.0014066
11990 0.0014066
12000 0.0014066
12010 0.0014066
12020 0.0014066
12030 0.0014066
12040 0.0014066
12050 0.0014066
12060 0.0014066
12070 0.0014066
12080 0.0014066
12090 0.0014066
12100 0.0014066
12110 0.0014066
12120 0.0014066
12130 0.0014066
12140 0.0014066
12150 0.0014066
12160 0.0014066
12170 0.0014066
12180 0.0014066
12190 0.0014066
12200 0.0014066
12210 0.0014066
12220 0.0014066
12230 0.0014066
12240 0.0014066
12250 0.0014066
12260 0.0014066
12270 0.0014066
12280 0.0014066
12290 0.0014066
12300 0.0014066
12310 0.0014066
12320 0.0014066
12330 0.0014066
12340 0.0014066
12350 0.0014066
12360 0.0014066
12370 0.0014066
12380 0.0014066
12390 0.0014066
12400 0.0014066
12410 0.0014066
12420 0.0014066
12430 0.0014066
12440 0.0014066
12450 0.0014066
12460 0.0014066
12470 0.0014066
12480 0.0014066
12490 0.0014066
12500 0.0014066
12510 0.0014066
12520 0.0014066
12530 0.0014066
12540 0.0014066
12550 0.0014066
12560 0.0014066
12570 0.0014066
12580 0.0014066
12590 0.0014066
12600 0.0014066
12610 0.0014066
12620 0.0014066
12630 0.0014066
12640 0.0014066
12650 0.0014066
12660 0.0014066
12670 0.0014066
12680 0.0014066
12690 0.0014066
12700 0.0014066
12710 0.0014066
12720 0.0014066
12730 0.0014066
12740 0.0014066
12750 0.0014066
12760 0.0014066
12770 0.0014066
12780 0.0014066
12790 0.0014066
12800 0.0014066
12810 0.0014066
12820 0.0014066
12830 0.0014066
12840 0.0014066
12850 0.0014066
12860 0.0014066
12870 0.0014066
12880 0.0014066
12890 0.0014066
12900 0.0014066
12910 0.0014066
12920 0.0014066
12930 0.0014066
12940 0.0014066
12950 0.0014066
12960 0.0014066
12970 0.0014066
12980 0.0014066
12990 0.0014066
13000 0.0014066
13010 0.0014066
13020 0.0014066
13030 0.0014066
13040 0.0014066
13050 0.0014066
13060 0.0014066
13070 0.0014066
13080 0.0014066
13090 0.0014066
13100 0.0014066
13110 0.0014066
13120 0.0014066
13130 0.0014066
13140 0.0014066
13150 0.0014066
13160 0.0014066
13170 0.0014066
13180 0.0014066
13190 0.0014066
13200 0.0014066
13210 0.0014066
13220 0.0014066
13230 0.0014066
13240 0.0014066
13250 0.0014066
13260 0.0014066
13270 0.0014066
13280 0.0014066
13290 0.0014066
13300 0.0014066
13310 0.0014066
13320 0.0014066
13330 0.0014066
13340 0.0014066
13350 0.0014066
13360 0.0014066
13370 0.0014066
13380 0.0014066
13390 0.0014066
13400 0.0014066
13410 0.0014066
13420 0.0014066
13430 0.0014066
13440 0.0014066
13450 0.0014066
13460 0.0014066
13470 0.0014066
13480 0.0014066
13490 0.0014066
13500 0.0014066
13510 0.0014066
13520 0.0014066
13530 0.0014066
13540 0.0014066
13550 0.0014066
13560 0.0014066
13570 0.0014066
13580 0.0014066
13590 0.0014066
13600 0.0014066
13610 0.0014066
13620 0.0014066
13630 0.0014066
13640 0.0014066
13650 0.0014066
13660 0.0014066
13670 0.0014066
13680 0.0014066
13690 0.0014066
13700 0.0014066
13710 0.0014066
13720 0.0014066
13730 0.0014066
13740 0.0014066
13750 0.0014066
13760 0.0014066
13770 0.0014066
13780 0.0014066
13790 0.0014066
13800 0.0014066
13810 0.0014066
13820 0.0014066
13830 0.0014066
13840 0.0014066
13850 0.0014066
13860 0.0014066
13870 0.0014066
13880 0.0014066
13890 0.0014066
13900 0.0014066
13910 0.0014066
13920 0.0014066
13930 0.0014066
13940 0.0014066
13950 0.0014066
13960 0.0014066
13970 0.0014066
13980 0.0014066
13990 0.0014066
14000 0.0014066
14010 0.0014066
14020 0.0014066
14030 0.0014066
14040 0.0014066
14050 0.0014066
14060 0.0014066
14070 0.0014066
14080 0.0014066
14090 0.0014066
14100 0.0014066
14110 0.0014066
14120 0.0014066
14130 0.0014066
14140 0.0014066
14150 0.0014066
14160 0.0014066
14170 0.0014066
14180 0.0014066
14190 0.0014066
14200 0.0014066
14210 0.0014066
14220 0.0014066
14230 0.0014066
14240 0.0014066
14250 0.0014066
14260 0.0014066
14270 0.0014066
14280 0.0014066
14290 0.0014066
14300 0.0014066
14310 0.0014066
14320 0.0014066
14330 0.0014066
14340 0.0014066
14350 0.0014066
14360 0.0014066
14370 0.0014066
14380 0.0014066
14390 0.0014066
14400 0.0014066
14410 0.0014066
14420 0.0014066
14430 0.0014066
14440 0.0014066
14450 0.0014066
14460 0.0014066
14470 0.0014066
14480 0.0014066
14490 0.0014066
14500 0.0014066
14510 0.0014066
14520 0.0014066
14530 0.0014066
14540 0.0014066
14550 0.0014066
14560 0.0014066
14570 0.0014066
14580 0.0014066
14590 0.0014066
14600 0.0014066
14610 0.0014066
14620 0.0014066
14630 0.0014066
14640 0.0014066
14650 0.0014066
14660 0.0014066
14670 0.0014066
14680 0.0014066
14690 0.0014066
14700 0.0014066
14710 0.0014066
14720 0.0014066
14730 0.0014066
14740 0.0014066
14750 0.0014066
14760 0.0014066
14770 0.0014066
14780 0.0014066
14790 0.0014066
14800 0.0014066
14810 0.0014066
14820 0.0014066
14830 0.0014066
14840 0.0014066
14850 0.0014066
14860 0.0014066
14870 0.0014066
14880 0.0014066
14890 0.0014066
14900 0.0014066
14910 0.0014066
14920 0.0014066
14930 0.0014066
14940 0.0014066
14950 0.0014066
14960 0.0014066
14970 0.0014066
14980 0.0014066
14990 0.0014066
15000 0.0014066
15010 0.0014066
15020 0.0014066
15030 0.0014066
15040 0.0014066
15050 0.0014066
15060 0.0014066
15070 0.0014066
15080 0.0014066
15090 0.0014066
15100 0.0014066
15110 0.0014066
15120 0.0014066
15130 0.0014066
15140 0.0014066
15150 0.0014066
15160 0.0014066
15170 0.0014066
15180 0.0014066
15190 0.0014066
15200 0.0014066
15210 0.0014066
15220 0.0014066
15230 0.0014066
15240 0.0014066
15250 0.0014066
15260 0.0014066
15270 0.0014066
15280 0.0014066
15290 0.0014066
15300 0.0014066
15310 0.0014066
15320 0.0014066
15330 0.0014066
15340 0.0014066
15350 0.0014066
15360 0.0014066
15370 0.0014066
15380 0.0014066
15390 0.0014066
15400 0.0014066
15410 0.0014066
15420 0.0014066
15430 0.0014066
15440 0.0014066
15450 0.0014066
15460 0.0014066
15470 0.0014066
15480 0.0014066
15490 0.0014066
15500 0.0014066
15510 0.0014066
15520 0.0014066
15530 0.0014066
15540 0.0014066
15550 0.0014066
15560 0.0014066
15570 0.0014066
15580 0.0014066
15590 0.0014066
15600 0.0014066
15610 0.0014066
15620 0.0014066
15630 0.0014066
15640 0.0014066
15650 0.0014066
15660 0.0014066
15670 0.0014066
15680 0.0014066
15690 0.0014066
15700 0.0014066
15710 0.0014066
15720 0.0014066
15730 0.0014066
15740 0.0014066
15750 0.0014066
15760 0.0014066
15770 0.0014066
15780 0.0014066
15790 0.0014066
15800 0.0014066
15810 0.0014066
15820 0.0014066
15830 0.0014066
15840 0.0014066
15850 0.0014066
15860 0.0014066
15870 0.0014066
15880 0.0014066
15890 0.0014066
15900 0.0014066
15910 0.0014066
15920 0.0014066
15930 0.0014066
15940 0.0014066
15950 0.0014066
15960 0.0014066
15970 0.0014066
15980 0.0014066
15990 0.0014066
16000 0.0014066
16010 0.0014066
16020 0.0014066
16030 0.0014066
16040 0.0014066
16050 0.0014066
16060 0.0014066
16070 0.0014066
16080 0.0014066
16090 0.0014066
16100 0.0014066
16110 0.0014066
16120 0.0014066
16130 0.0014066
16140 0.0014066
16150 0.0014066
16160 0.0014066
16170 0.0014066
16180 0.0014066
16190 0.0014066
16200 0.0014066
16210 0.0014066
16220 0.0014066
16230 0.0014066
16240 0.0014066
16250 0.0014066
16260 0.0014066
16270 0.0014066
16280 0.0014066
16290 0.0014066
16300 0.0014066
16310 0.0014066
16320 0.0014066
16330 0.0014066
16340 0.0014066
16350 0.0014066
16360 0.0014066
16370 0.0014066
16380 0.0014066
16390 0.0014066
16400 0.0014066
16410 0.0014066
16420 0.0014066
16430 0.0014066
16440 0.0014066
16450 0.0014066
16460 0.0014066
16470 0.0014066
16480 0.0014066
16490 0.0014066
16500 0.0014066
16510 0.0014066
16520 0.0014066
16530 0.0014066
16540 0.0014066
16550 0.0014066
16560 0.0014066
16570 0.0014066
16580 0.0014066
16590 0.0014066
16600 0.0014066
16610 0.0014066
16620 0.0014066
16630 0.0014066
16640 0.0014066
16650 0.0014066
16660 0.0014066
16670 0.0014066
16680 0.0014066
16690 0.0014066
16700 0.0014066
16710 0.0014066
16720 0.0014066
16730 0.0014066
16740 0.0014066
16750 0.0014066
16760 0.0014066
16770 0.0014066
16780 0.0014066
16790 0.0014066
16800 0.0014066
16810 0.0014066
16820 0.0014066
16830 0.0014066
16840 0.0014066
16850 0.0014066
16860 0.0014066
16870 0.0014066
16880 0.0014066
16890 0.0014066
16900 0.0014066
16910 0.0014066
16920 0.0014066
16930 0.0014066
16940 0.0014066
16950 0.0014066
16960 0.0014066
16970 0.0014066
16980 0.0014066
16990 0.0014066
17000 0.0014066
17010 0.0014066
17020 0.0014066
17030 0.0014066
17040 0.0014066
17050 0.0014066
17060 0.0014066
17070 0.0014066
17080 0.0014066
17090 0.0014066
17100 0.0014066
17110 0.0014066
17120 0.0014066
17130 0.0014066
17140 0.0014066
17150 0.0014066
17160 0.0014066
17170 0.0014066
17180 0.0014066
17190 0.0014066
17200 0.0014066
17210 0.0014066
17220 0.0014066
17230 0.0014066
17240 0.0014066
17250 0.0014066
17260 0.0014066
17270 0.0014066
17280 0.0014066
17290 0.0014066
17300 0.0014066
17310 0.0014066
17320 0.0014066
17330 0.0014066
17340 0.0014066
17350 0.0014066
17360 0.0014066
17370 0.0014066
17380 0.0014066
17390 0.0014066
17400 0.0014066
17410 0.0014066
17420 0.0014066
17430 0.0014066
17440 0.0014066
17450 0.0014066
17460 0.0014066
17470 0.0014066
17480 0.0014066
17490 0.0014066
17500 0.0014066
17510 0.0014066
17520 0.0014066
17530 0.0014066
17540 0.0014066
17550 0.0014066
17560 0.0014066
17570 0.0014066
17580 0.0014066
17590 0.0014066
17600 0.0014066
17610 0.0014066
17620 0.0014066
17630 0.0014066
17640 0.0014066
17650 0.0014066
17660 0.0014066
17670 0.0014066
17680 0.0014066
17690 0.0014066
17700 0.0014066
17710 0.0014066
17720 0.0014066
17730 0.0014066
17740 0.0014066
17750 0.0014066
17760 0.0014066
17770 0.0014066
17780 0.0014066
17790 0.0014066
17800 0.0014066
17810 0.0014066
17820 0.0014066
17830 0.0014066
17840 0.0014066
17850 0.0014066
17860 0.0014066
17870 0.0014066
17880 0.0014066
17890 0.0014066
17900 0.0014066
17910 0.0014066
17920 0.0014066
17930 0.0014066
17940 0.0014066
17950 0.0014066
17960 0.0014066
17970 0.0014066
17980 0.0014066
17990 0.0014066
18000 0.0014066
18010 0.0014066
18020 0.0014066
18030 0.0014066
18040 0.0014066
18050 0.0014066
18060 0.0014066
18070 0.0014066
18080 0.0014066
18090 0.0014066
18100 0.0014066
18110 0.0014066
18120 0.0014066
18130 0.0014066
18140 0.0014066
18150 0.0014066
18160 0.0014066
18170 0.0014066
18180 0.0014066
18190 0.0014066
18200 0.0014066
18210 0.0014066
18220 0.0014066
18230 0.0014066
18240 0.0014066
18250 0.0014066
18260 0.0014066
18270 0.0014066
18280 0.0014066
18290 0.0014066
18300 0.0014066
18310 0.0014066
18320 0.0014066
18330 0.0014066
18340 0.0014066
18350 0.0014066
18360 0.0014066
18370 0.0014066
18380 0.0014066
18390 0.0014066
18400 0.0014066
18410 0.0014066
18420 0.0014066
18430 0.0014066
18440 0.0014066
18450 0.0014066
18460 0.0014066
18470 0.0014066
18480 0.0014066
18490 0.0014066
18500 0.0014066
18510 0.0014066
18520 0.0014066
18530 0.0014066
18540 0.0014066
18550 0.0014066
18560 0.0014066
18570 0.0014066
18580 0.0014066
18590 0.0014066
18600 0.0014066
18610 0.0014066
18620 0.0014066
18630 0.0014066
18640 0.0014066
18650 0.0014066
18660 0.0014066
18670 0.0014066
18680 0.0014066
18690 0.0014066
18700 0.0014066
18710 0.0014066
18720 0.0014066
18730 0.0014066
18740 0.0014066
18750 0.0014066
18760 0.0014066
18770 0.0014066
18780 0.0014066
18790 0.0014066
18800 0.0014066
18810 0.0014066
18820 0.0014066
18830 0.0014066
18840 0.0014066
18850 0.0014066
18860 0.0014066
18870 0.0014066
18880 0.0014066
18890 0.0014066
18900 0.0014066
18910 0.0014066
18920 0.0014066
18930 0.0014066
18940 0.0014066
18950 0.0014066
18960 0.0014066
18970 0.0014066
18980 0.0014066
18990 0.0014066
19000 0.0014066
19010 0.0014066
19020 0.0014066
19030 0.0014066
19040 0.0014066
19050 0.0014066
19060 0.0014066
19070 0.0014066
19080 0.0014066
19090 0.0014066
19100 0.0014066
19110 0.0014066
19120 0.0014066
19130 0.0014066
19140 0.0014066
19150 0.0014066
19160 0.0014066
19170 0.0014066
19180 0.0014066
19190 0.0014066
19200 0.0014066
19210 0.0014066
19220 0.0014066
19230 0.0014066
19240 0.0014066
19250 0.0014066
19260 0.0014066
19270 0.0014066
19280 0.0014066
19290 0.0014066
19300 0.0014066
19310 0.0014066
19320 0.0014066
19330 0.0014066
19340 0.0014066
19350 0.0014066
19360 0.0014066
19370 0.0014066
19380 0.0014066
19390 0.0014066
19400 0.0014066
19410 0.0014066
19420 0.0014066
19430 0.0014066
19440 0.0014066
19450 0.0014066
19460 0.0014066
19470 0.0014066
19480 0.0014066
19490 0.0014066
19500 0.0014066
19510 0.0014066
19520 0.0014066
19530 0.0014066
19540 0.0014066
19550 0.0014066
19560 0.0014066
19570 0.0014066
19580 0.0014066
19590 0.0014066
19600 0.0014066
19610 0.0014066
19620 0.0014066
19630 0.0014066
19640 0.0014066
19650 0.0014066
19660 0.0014066
19670 0.0014066
19680 0.0014066
19690 0.0014066
19700 0.0014066
19710 0.0014066
19720 0.0014066
19730 0.0014066
19740 0.0014066
19750 0.0014066
19760 0.0014066
19770 0.0014066
19780 0.0014066
19790 0.0014066
19800 0.0014066
19810 0.0014066
19820 0.0014066
19830 0.0014066
19840 0.0014066
19850 0.0014066
19860 0.0014066
19870 0.0014066
19880 0.0014066
19890 0.0014066
19900 0.0014066
19910 0.0014066
19920 0.0014066
19930 0.0014066
19940 0.0014066
19950 0.0014066
19960 0.0014066
19970 0.0014066
19980 0.0014066
19990 0.0014066
20000 0.0014066
-END-OF-DATA-
