  -1.3178049e-02
  -1.4018483e-02
  -8.4765005e-03
  -8.5162268e-03
  -1.1922445e-02
   0.0000000e+00
  -0.0000000e+00
  -7.1088658e-03
  -1.5879901e-02
  -1.8890255e-02
  -1.9081815e-02
  -2.2546907e-02
  -2.6889343e-02
  -2.6366138e-02
  -2.5508915e-02
  -2.4230236e-02
   0.0000000e+00
  -2.3316488e-02
  -2.3432378e-02
  -2.0085417e-02
  -1.7971176e-02
  -1.7429319e-02
  -1.3323084e-02
  -9.2919026e-03
  -0.0000000e+00
   0.0000000e+00
   0.0000000e+00
   0.0000000e+00
   0.0000000e+00
   0.0000000e+00
   0.0000000e+00
   0.0000000e+00
   0.0000000e+00
   0.0000000e+00
   0.0000000e+00
   0.0000000e+00
  -2.2284609e-02
  -1.9323440e-02
  -1.6088285e-02
  -1.4821087e-02
  -1.3162863e-02
  -1.7558291e-02
  -2.0384903e-02
  -1.5318714e-02
  -1.7010044e-02
  -1.6389996e-02
  -1.6240798e-02
  -1.7754911e-02
  -2.1061083e-02
  -2.1667321e-02
  -2.2410052e-02
  -2.2528348e-02
  -2.0233102e-02
  -2.1175409e-02
  -2.2831618e-02
  -1.8508509e-02
  -2.0329511e-02
  -1.7299131e-02
  -1.5497382e-02
  -1.6436966e-02
  -1.9861717e-02
  -2.4325225e-02
  -2.2954965e-02
  -2.0806481e-02
  -1.7086607e-02
  -1.7950740e-02
  -1.9206188e-02
  -2.0351783e-02
  -1.7833184e-02
  -2.1402687e-02
  -2.7270119e-02
  -3.3671659e-02
  -2.6303936e-02
  -1.5574890e-02
  -1.2687754e-02
  -1.0333724e-02
  -0.0000000e+00
  -1.3491289e-02
  -1.3936956e-02
  -1.3629609e-02
  -1.1274080e-02
  -7.9668457e-03
  -5.0942036e-03
  -1.8557837e-03
  -7.0278327e-04
  -1.9434394e-03
  -1.7853911e-03
  -1.7135474e-03
  -3.0901905e-03
  -7.0978738e-03
  -6.6647121e-03
  -8.1518563e-03
  -5.0803404e-03
  -4.1836793e-03
  -5.1135831e-03
  -8.8464133e-03
  -1.2382754e-02
  -1.4250847e-02
  -1.2923989e-02
  -8.9339547e-03
  -5.3313323e-03
  -4.8147142e-03
  -7.7781300e-03
  -1.0194391e-02
  -1.1390468e-02
  -1.2696939e-02
  -1.5750177e-02
  -2.1300645e-02
   0.0000000e+00
   0.0000000e+00
   0.0000000e+00
   0.0000000e+00
   0.0000000e+00
   0.0000000e+00
  -4.3188755e-04
   3.4342117e-03
   1.0094215e-02
   1.1186039e-02
   1.6117844e-02
   2.2100495e-02
   2.9152753e-02
   3.1357262e-02
   3.2744009e-02
   3.4393824e-02
   3.4432210e-02
   3.2156207e-02
   3.0649483e-02
   2.1432136e-02
   2.3371716e-02
   2.1003974e-02
   1.9478323e-02
   1.5033798e-02
   1.1985693e-02
   1.2252880e-02
   1.6178370e-02
   2.0383115e-02
   2.1591948e-02
   1.9724408e-02
   1.6392190e-02
   1.3564226e-02
   1.2362450e-02
   1.3280453e-02
   1.6903514e-02
   1.9048739e-02
   0.0000000e+00
   0.0000000e+00
   0.0000000e+00
   0.0000000e+00
   0.0000000e+00
   1.6274663e-02
   1.7260890e-02
   2.2588657e-02
   2.9265210e-02
   3.4802506e-02
   4.0905429e-02
   4.6146199e-02
   5.2329939e-02
   5.7004943e-02
   6.0442772e-02
   6.4073741e-02
   6.7240402e-02
   6.8712600e-02
   6.7489944e-02
   0.0000000e+00
   0.0000000e+00
   3.8690545e-02
   4.6214655e-02
   4.6767637e-02
   4.6188839e-02
   4.7349263e-02
   5.0790031e-02
   5.0371233e-02
   4.3312594e-02
   3.8239580e-02
   3.6406767e-02
   3.5884537e-02
   3.8806051e-02
   4.2970594e-02
   4.7828067e-02
   4.6946759e-02
   6.3066308e-02
   0.0000000e+00
   0.0000000e+00
   0.0000000e+00
   0.0000000e+00
   3.1393222e-02
   3.3833269e-02
   3.7224694e-02
   4.3517163e-02
   4.8599990e-02
   5.2915608e-02
   5.7219685e-02
   6.1155562e-02
   6.5488696e-02
   6.9480701e-02
   7.4269986e-02
   7.9060769e-02
   8.2760466e-02
   7.9289799e-02
   6.6577300e-02
   0.0000000e+00
   4.1391298e-02
   5.8890738e-02
   6.9118365e-02
   7.2631090e-02
   7.2420030e-02
   7.1891658e-02
   6.8152212e-02
   4.6494523e-02
   4.5417944e-02
   4.8170509e-02
   5.0169305e-02
   5.5462849e-02
   6.1920408e-02
   6.7313924e-02
   6.5621134e-02
   6.6345689e-02
   5.9676107e-02
   0.0000000e+00
   4.7317297e-02
   4.9680734e-02
   4.3181166e-02
   4.4151559e-02
   4.5736395e-02
   4.8027802e-02
   5.0434083e-02
   5.1792011e-02
   5.2318603e-02
   5.3310100e-02
   5.5466745e-02
   5.8694601e-02
   6.3546635e-02
   6.8929948e-02
   7.4029125e-02
   7.0803605e-02
   5.5151623e-02
   0.0000000e+00
   3.5361381e-02
   5.3538248e-02
   7.0320085e-02
   7.8215152e-02
   7.3840901e-02
   6.0347613e-02
   0.0000000e+00
   2.7000655e-02
   4.0832940e-02
   4.8835617e-02
   5.0760422e-02
   5.6270901e-02
   6.2504619e-02
   6.9198146e-02
   7.0600539e-02
   5.7968312e-02
   5.5496353e-02
   4.6155550e-02
   4.6815473e-02
   5.0760571e-02
   5.3346638e-02
   5.1573092e-02
   4.8528004e-02
   4.4490349e-02
   4.1544179e-02
   3.9095197e-02
   3.6386073e-02
   3.4468390e-02
   3.4850772e-02
   3.7193894e-02
   4.0611720e-02
   4.5147985e-02
   4.8652299e-02
   4.5291396e-02
   3.1374243e-02
   0.0000000e+00
   0.0000000e+00
   3.3095502e-02
   4.8978198e-02
   5.8914599e-02
   4.8593655e-02
   0.0000000e+00
   0.0000000e+00
   1.5118190e-02
   2.9372971e-02
   3.9880740e-02
   3.8303770e-02
   4.0212184e-02
   4.5579052e-02
   5.2553508e-02
   5.7221398e-02
   3.4616642e-02
   3.7953960e-02
   3.8412717e-02
   0.0000000e+00
   4.2285110e-02
   4.6679676e-02
   4.3063514e-02
   3.7005246e-02
   2.9756308e-02
   2.3636932e-02
   1.9159930e-02
   1.5976030e-02
   1.3666909e-02
   1.3327550e-02
   1.4556540e-02
   1.6761115e-02
   1.9474121e-02
   2.0485077e-02
   1.7129472e-02
   1.0972039e-02
   0.0000000e+00
   0.0000000e+00
   7.5214207e-03
   2.0985134e-02
   3.0958990e-02
   1.9273320e-02
   0.0000000e+00
   0.0000000e+00
   0.0000000e+00
   9.3325259e-03
   2.0894285e-02
   1.9301996e-02
   1.8026879e-02
   2.1177001e-02
   2.6913704e-02
   3.1328470e-02
   5.6196856e-03
   1.0057949e-02
   1.2950504e-02
   0.0000000e+00
   1.8342031e-02
   2.1550301e-02
   1.9021679e-02
   1.3082963e-02
   6.2241079e-03
   5.1603036e-04
  -3.3814204e-03
  -5.3969286e-03
  -6.4578471e-03
  -6.7107650e-03
  -5.8574644e-03
  -4.6070768e-03
  -3.6397108e-03
  -5.1418268e-03
  -8.4848618e-03
  -4.0979101e-03
   0.0000000e+00
   0.0000000e+00
  -1.6153896e-02
  -3.9238324e-03
   4.6343263e-03
  -4.8891986e-03
   0.0000000e+00
   0.0000000e+00
   0.0000000e+00
  -2.1038819e-03
  -3.5706139e-03
  -6.5724277e-03
  -5.2779354e-03
  -3.0531376e-03
   1.4307350e-04
   2.8245733e-03
  -1.9906956e-02
  -1.6794357e-02
  -1.0402497e-02
  -7.7425763e-03
  -6.9820461e-03
  -5.3056232e-03
  -6.1950183e-03
  -1.0468349e-02
  -1.5535502e-02
  -1.9661556e-02
  -2.2040717e-02
  -2.2409208e-02
  -2.1811164e-02
  -2.1221764e-02
  -2.0417407e-02
  -1.9958989e-02
  -2.1411777e-02
  -2.5701078e-02
  -2.9135516e-02
  -1.9635769e-02
   0.0000000e+00
   0.0000000e+00
  -0.0000000e+00
  -1.5071231e-02
  -1.6272414e-02
  -1.8993851e-02
   0.0000000e+00
   0.0000000e+00
   0.0000000e+00
  -6.4340335e-03
  -1.9357561e-02
  -2.3774223e-02
  -2.5057121e-02
  -2.4241946e-02
  -2.1709438e-02
  -2.1129161e-02
  -4.0451303e-02
  -3.8311139e-02
  -3.0107258e-02
  -2.5478525e-02
  -2.6963981e-02
  -2.5560841e-02
  -2.5093274e-02
  -2.7533310e-02
  -3.0986439e-02
  -3.3415817e-02
  -3.4172460e-02
  -3.2787532e-02
  -3.0970700e-02
  -2.9868349e-02
  -3.0006463e-02
  -3.1968947e-02
  -3.6823489e-02
  -4.3469042e-02
  -4.6302356e-02
  -2.4432523e-02
   0.0000000e+00
   0.0000000e+00
   0.0000000e+00
  -2.7138812e-02
  -3.2591578e-02
  -2.1998500e-02
   0.0000000e+00
   0.0000000e+00
   0.0000000e+00
  -2.1742702e-02
  -2.5041685e-02
  -2.5010210e-02
  -0.0000000e+00
  -4.0826034e-02
  -3.7487604e-02
  -3.9464466e-02
  -5.0257280e-02
  -4.8110656e-02
  -3.9334066e-02
  -3.4656405e-02
  -3.5974756e-02
  -3.4389775e-02
  -3.3090811e-02
  -3.3957120e-02
  -3.5924751e-02
  -3.7162017e-02
  -3.6797501e-02
  -3.4821123e-02
  -3.2907773e-02
  -3.3006016e-02
  -3.5853028e-02
  -4.1175254e-02
  -4.8097387e-02
  -5.4664634e-02
  -5.4773487e-02
  -3.4260083e-02
   0.0000000e+00
   0.0000000e+00
   0.0000000e+00
  -3.8477857e-02
  -4.0830925e-02
  -1.9637076e-02
   6.9317115e-03
   0.0000000e+00
   0.0000000e+00
  -2.8540742e-02
  -2.4996428e-02
  -1.5772747e-02
   0.0000000e+00
  -0.0000000e+00
  -4.4148915e-02
  -4.7712576e-02
  -5.0530441e-02
  -4.6888597e-02
  -3.8302537e-02
  -3.5226133e-02
  -3.5853844e-02
  -3.4462515e-02
  -3.2840166e-02
  -3.2231752e-02
  -3.2793630e-02
  -3.3791162e-02
  -3.4567583e-02
  -3.4929790e-02
  -3.5729490e-02
  -3.9235350e-02
  -4.5123555e-02
  -5.1654518e-02
  -5.7120055e-02
  -5.9294935e-02
  -5.3016290e-02
  -0.0000000e+00
   0.0000000e+00
   0.0000000e+00
   0.0000000e+00
  -0.0000000e+00
  -4.3700580e-02
  -1.9152300e-02
   1.2483475e-03
   0.0000000e+00
   0.0000000e+00
  -3.2964504e-02
  -2.2176689e-02
  -5.9459433e-03
   0.0000000e+00
  -0.0000000e+00
  -4.3526577e-02
  -4.7882199e-02
  -4.0744513e-02
  -3.5780609e-02
  -2.8087489e-02
  -2.6226928e-02
  -2.6848443e-02
  -2.6391426e-02
  -2.5520837e-02
  -2.5476880e-02
  -2.7029999e-02
  -3.0185595e-02
  -3.4524091e-02
  -3.9365020e-02
  -4.4478770e-02
  -5.0605744e-02
  -5.6342311e-02
  -5.9813477e-02
  -5.9837185e-02
  -5.4485004e-02
  -3.7879959e-02
  -0.0000000e+00
   0.0000000e+00
   0.0000000e+00
   0.0000000e+00
  -0.0000000e+00
  -3.9005821e-02
  -1.7544432e-02
   0.0000000e+00
   0.0000000e+00
   0.0000000e+00
  -3.5892684e-02
  -2.0613842e-02
  -2.3190212e-03
   0.0000000e+00
   0.0000000e+00
  -3.7699247e-02
  -4.0880557e-02
  -2.6370887e-02
  -2.1672551e-02
  -1.5196250e-02
  -1.4117291e-02
  -1.5438821e-02
  -1.6640076e-02
  -1.7626593e-02
  -1.9237464e-02
  -2.2554588e-02
  -2.7916297e-02
  -3.5272345e-02
  -4.4053480e-02
  -5.2195016e-02
  -5.9223916e-02
  -6.3212626e-02
  -6.2124860e-02
  -5.5809591e-02
  -4.2355981e-02
  -2.0350671e-02
  -0.0000000e+00
   0.0000000e+00
   0.0000000e+00
   0.0000000e+00
   0.0000000e+00
  -2.8896130e-02
  -1.1527487e-02
   0.0000000e+00
   0.0000000e+00
   0.0000000e+00
  -0.0000000e+00
  -1.8639844e-02
  -3.4507746e-03
   0.0000000e+00
   0.0000000e+00
  -3.0270092e-02
  -2.9819882e-02
  -1.1980960e-02
  -9.2463559e-03
  -4.4019283e-03
  -4.7326284e-03
  -7.6911058e-03
  -1.1223534e-02
  -1.4595855e-02
  -1.7994704e-02
  -2.2407666e-02
  -2.8236130e-02
  -3.5883784e-02
  -4.4928450e-02
  -5.2644551e-02
  -5.8434516e-02
  -6.0101334e-02
  -5.5258766e-02
  -4.3948580e-02
  -2.5478702e-02
  -5.0396488e-03
   0.0000000e+00
   0.0000000e+00
   0.0000000e+00
   0.0000000e+00
  -2.6604678e-02
  -1.7633872e-02
  -2.2413404e-03
   0.0000000e+00
   0.0000000e+00
   0.0000000e+00
   0.0000000e+00
  -1.5759331e-02
  -3.1051907e-03
   0.0000000e+00
  -2.2251232e-02
  -2.1518901e-02
  -1.7513884e-02
  -3.3252457e-03
  -3.1763452e-03
   1.5172439e-04
  -2.1929887e-03
  -7.4585578e-03
  -1.3577126e-02
  -1.9594441e-02
  -2.5238136e-02
  -3.1335000e-02
  -3.7537085e-02
  -4.3627646e-02
  -4.8962899e-02
  -5.2129574e-02
  -5.3416338e-02
  -5.1055927e-02
  -4.3484839e-02
  -3.0656777e-02
  -1.2791177e-02
   4.2157913e-03
   0.0000000e+00
   0.0000000e+00
   0.0000000e+00
  -2.8438825e-02
  -2.2369117e-02
  -6.7646125e-03
   5.9765319e-03
   0.0000000e+00
   0.0000000e+00
   0.0000000e+00
   0.0000000e+00
  -6.3275332e-03
  -1.9627496e-04
  -1.7579243e-02
  -1.7962262e-02
  -1.6231766e-02
  -9.3231443e-03
  -1.4946748e-03
  -5.7509361e-03
  -1.6817253e-03
  -4.5044613e-03
  -1.0050099e-02
  -1.6342590e-02
  -2.2677602e-02
  -2.8762717e-02
  -3.5293348e-02
  -4.1385230e-02
  -4.6516910e-02
  -4.9966738e-02
  -5.1069383e-02
  -5.0319895e-02
  -4.6510588e-02
  -3.8847666e-02
  -2.7754655e-02
  -1.4162383e-02
   3.3425348e-04
   0.0000000e+00
   0.0000000e+00
   0.0000000e+00
  -2.4657011e-02
  -1.0292616e-02
  -0.0000000e+00
   0.0000000e+00
   0.0000000e+00
   0.0000000e+00
   0.0000000e+00
   0.0000000e+00
  -5.6871034e-03
  -3.5683619e-03
  -1.3419464e-02
  -1.3105142e-02
  -7.7141705e-03
  -4.4008452e-03
   7.6425215e-04
  -8.2043577e-03
  -5.9692667e-03
  -9.0575605e-03
  -1.2888079e-02
  -1.6922556e-02
  -2.0947769e-02
  -2.5519210e-02
  -3.1031538e-02
  -3.6575219e-02
  -4.1523774e-02
  -4.4927632e-02
  -4.6247031e-02
  -4.6370061e-02
  -4.4869466e-02
  -4.0676153e-02
  -3.3931420e-02
  -2.6408497e-02
  -1.5060256e-02
  -6.0592815e-03
   0.0000000e+00
  -3.5029042e-02
  -2.4957618e-02
  -1.3741138e-03
   0.0000000e+00
   0.0000000e+00
   0.0000000e+00
   0.0000000e+00
   0.0000000e+00
   0.0000000e+00
  -6.9769854e-03
  -8.2724169e-03
  -8.0787856e-03
  -5.8028757e-04
   5.5105322e-03
   2.6366657e-04
   0.0000000e+00
   0.0000000e+00
  -1.4658513e-02
  -1.9715989e-02
  -2.2330036e-02
  -2.3492396e-02
  -2.3196589e-02
  -2.3242097e-02
  -2.4490101e-02
  -2.7209805e-02
  -3.0406768e-02
  -3.3007868e-02
  -3.4881759e-02
  -3.7510466e-02
  -4.1607484e-02
  -4.5235317e-02
  -4.7196921e-02
  -4.7858015e-02
  -4.3996926e-02
  -2.9601077e-02
   0.0000000e+00
  -4.0167062e-02
  -2.8589226e-02
   3.5646272e-03
   0.0000000e+00
   0.0000000e+00
   0.0000000e+00
   0.0000000e+00
   0.0000000e+00
   0.0000000e+00
  -1.9348359e-02
  -1.1473702e-02
   2.4459432e-03
   1.8227526e-02
   0.0000000e+00
   0.0000000e+00
   0.0000000e+00
   0.0000000e+00
  -2.8371024e-02
  -3.2853067e-02
  -3.6536075e-02
  -3.8047101e-02
  -3.6924668e-02
  -3.4775123e-02
  -3.3397589e-02
  -3.4683876e-02
  -3.7996210e-02
  -4.2425487e-02
  -4.6599418e-02
  -5.0306614e-02
  -5.2130830e-02
  -5.1592328e-02
  -5.2309323e-02
  -5.7022654e-02
  -6.5056019e-02
  -7.7858738e-02
  -7.4015917e-02
  -4.8203517e-02
  -3.5473969e-02
  -3.7538676e-03
   0.0000000e+00
   0.0000000e+00
   0.0000000e+00
   0.0000000e+00
   0.0000000e+00
   0.0000000e+00
  -2.5325284e-02
  -1.2093571e-02
   1.0073883e-02
   0.0000000e+00
   0.0000000e+00
   0.0000000e+00
  -0.0000000e+00
  -3.5542578e-03
  -3.8792717e-02
  -4.2283803e-02
  -4.6773676e-02
  -4.9620748e-02
  -4.9826287e-02
  -4.8752323e-02
  -4.8244812e-02
  -5.0119650e-02
  -5.4409266e-02
  -6.1067782e-02
  -6.7586914e-02
  -7.1314417e-02
  -6.8165064e-02
  -5.7186190e-02
  -4.7108192e-02
  -5.1696021e-02
  -6.3328914e-02
  -8.3709083e-02
  -6.9482386e-02
  -5.2361734e-02
  -4.4964880e-02
  -2.0351443e-02
   0.0000000e+00
   0.0000000e+00
   0.0000000e+00
   0.0000000e+00
   0.0000000e+00
   0.0000000e+00
  -2.9314756e-02
  -1.0467143e-02
   0.0000000e+00
   0.0000000e+00
   0.0000000e+00
   0.0000000e+00
  -0.0000000e+00
  -2.2524589e-02
  -4.2386058e-02
  -4.6120467e-02
  -5.1028047e-02
  -5.4847214e-02
  -5.6961936e-02
  -5.8437664e-02
  -6.0354304e-02
  -6.3234992e-02
  -6.7905754e-02
  -7.4931830e-02
  -8.1245487e-02
  -8.3382577e-02
  -7.7244855e-02
  -5.9568424e-02
  -3.4588460e-02
  -3.0815233e-02
  -5.3193353e-02
  -5.9568934e-02
  -5.4593351e-02
  -5.0032461e-02
  -5.2095059e-02
  -4.5550397e-02
   0.0000000e+00
   0.0000000e+00
   0.0000000e+00
   0.0000000e+00
   0.0000000e+00
  -0.0000000e+00
  -3.5507546e-02
  -1.8381667e-02
   5.2240499e-03
   0.0000000e+00
   0.0000000e+00
   0.0000000e+00
  -0.0000000e+00
  -3.1262298e-02
  -3.6271285e-02
  -4.3252420e-02
  -4.9473025e-02
  -5.4493695e-02
  -5.8340598e-02
  -6.1707560e-02
  -6.4449236e-02
  -6.6687346e-02
  -6.9399498e-02
  -7.3307738e-02
  -7.6061271e-02
  -7.5702585e-02
  -6.8843044e-02
  -5.0579719e-02
  -1.9747645e-02
   0.0000000e+00
  -3.8515128e-02
  -3.8563453e-02
  -3.7719645e-02
  -4.0792387e-02
  -4.9714595e-02
  -6.2094082e-02
  -6.7083950e-02
   0.0000000e+00
   0.0000000e+00
   0.0000000e+00
  -6.0237883e-02
  -3.5176687e-02
  -3.5373946e-02
  -3.9732564e-02
  -2.2920302e-03
   0.0000000e+00
   0.0000000e+00
   0.0000000e+00
   0.0000000e+00
  -2.4532755e-02
  -2.7647670e-02
  -3.5671763e-02
  -4.2854760e-02
  -4.8730399e-02
  -5.3172350e-02
  -5.7232313e-02
  -5.9549257e-02
  -6.0253054e-02
  -6.0329210e-02
  -6.0602792e-02
  -6.0444247e-02
  -5.8714721e-02
  -5.2570425e-02
  -3.6588248e-02
  -8.8161267e-03
   0.0000000e+00
  -2.3061376e-02
  -2.1715716e-02
  -2.2151520e-02
  -2.8261909e-02
  -3.9502073e-02
  -5.7373971e-02
  -6.0825554e-02
   0.0000000e+00
   0.0000000e+00
  -4.1757025e-02
  -4.7608385e-02
  -3.0908835e-02
  -0.0000000e+00
  -2.6823198e-02
  -0.0000000e+00
   0.0000000e+00
   0.0000000e+00
   0.0000000e+00
   0.0000000e+00
  -1.0182194e-02
  -1.4099491e-02
  -2.0227855e-02
  -2.7053912e-02
  -3.2848257e-02
  -3.7618372e-02
  -4.1758149e-02
  -4.4081876e-02
  -4.4281306e-02
  -4.3118040e-02
  -4.1666145e-02
  -3.9918899e-02
  -3.7328161e-02
  -3.1859614e-02
  -1.8700553e-02
   8.6488148e-04
   0.0000000e+00
  -8.9333140e-03
   1.5900921e-03
  -6.8071884e-04
  -9.8225360e-03
  -2.0946794e-02
  -3.7482827e-02
  -4.5968868e-02
  -2.6269799e-02
  -1.1841228e-02
  -2.6870094e-02
  -3.2110743e-02
  -2.3683126e-02
  -1.2897099e-02
  -1.2685608e-02
   0.0000000e+00
   0.0000000e+00
   0.0000000e+00
   0.0000000e+00
   0.0000000e+00
   3.4886934e-03
   6.0311258e-03
   4.2990022e-03
  -1.0426459e-03
  -6.7520333e-03
  -1.2525540e-02
  -1.7132590e-02
  -2.0717811e-02
  -2.2163725e-02
  -2.2019103e-02
  -2.1022193e-02
  -1.9389333e-02
  -1.7122194e-02
  -1.1774894e-02
  -6.4697291e-04
   1.0566756e-02
   0.0000000e+00
   1.1276831e-02
   2.7285684e-02
   2.2571500e-02
   1.0775337e-02
   3.2931962e-04
  -1.3177302e-02
  -2.2441234e-02
  -2.6269799e-02
  -2.4139201e-03
   4.0551496e-04
   0.0000000e+00
  -4.2336312e-03
   5.1956293e-03
   3.4286451e-03
   0.0000000e+00
   0.0000000e+00
   0.0000000e+00
   0.0000000e+00
   0.0000000e+00
   1.8494617e-02
   3.0770725e-02
   3.5888914e-02
   3.3079125e-02
   2.7729508e-02
   2.0793647e-02
   1.4266899e-02
   8.6462945e-03
   4.9572089e-03
   2.7105808e-03
   2.0062996e-03
   2.6058543e-03
   3.9076954e-03
   8.1373416e-03
   1.7173841e-02
   0.0000000e+00
   0.0000000e+00
   0.0000000e+00
   0.0000000e+00
   3.8331302e-02
   3.1556126e-02
   2.3642112e-02
   1.2730134e-02
   7.6999595e-04
   0.0000000e+00
   0.0000000e+00
   0.0000000e+00
   1.2362034e-02
   1.3983535e-02
   1.6430727e-02
   0.0000000e+00
   0.0000000e+00
   0.0000000e+00
   0.0000000e+00
   0.0000000e+00
   0.0000000e+00
   1.4944455e-02
   4.2649820e-02
   5.4457759e-02
   5.7864130e-02
   5.5026516e-02
   4.9137322e-02
   4.2336468e-02
   3.5431743e-02
   2.9882949e-02
   2.5687477e-02
   2.3272451e-02
   2.2982801e-02
   2.3266897e-02
   2.5540367e-02
   3.2404827e-02
   0.0000000e+00
   0.0000000e+00
   0.0000000e+00
   0.0000000e+00
   4.2269613e-02
   4.6758832e-02
   4.5722801e-02
   3.7020147e-02
   2.3665562e-02
   2.4234874e-02
   0.0000000e+00
   0.0000000e+00
   2.5829881e-02
   3.0171104e-02
   0.0000000e+00
   0.0000000e+00
   0.0000000e+00
   0.0000000e+00
   0.0000000e+00
   0.0000000e+00
   0.0000000e+00
   0.0000000e+00
   0.0000000e+00
   5.2644418e-02
   6.2349789e-02
   6.5540679e-02
   6.3707352e-02
   5.8834836e-02
   5.3234361e-02
   4.7992732e-02
   4.3624006e-02
   4.1033059e-02
   3.9597806e-02
   3.8983196e-02
   3.8320754e-02
   3.8940042e-02
   0.0000000e+00
   0.0000000e+00
   0.0000000e+00
   0.0000000e+00
   0.0000000e+00
   0.0000000e+00
   5.8546756e-02
   5.2614257e-02
   4.5812678e-02
   4.1124746e-02
   0.0000000e+00
   0.0000000e+00
   0.0000000e+00
   0.0000000e+00
   0.0000000e+00
   0.0000000e+00
   0.0000000e+00
   0.0000000e+00
   0.0000000e+00
   0.0000000e+00
   0.0000000e+00
   0.0000000e+00
   0.0000000e+00
   4.6724330e-02
   5.6739829e-02
   6.0487390e-02
   6.1522089e-02
   5.9489712e-02
   5.6311592e-02
   5.3845064e-02
   5.1968616e-02
   5.0437048e-02
   4.9025492e-02
   4.7477551e-02
   4.4211667e-02
   3.4152582e-02
   0.0000000e+00
   0.0000000e+00
   0.0000000e+00
   0.0000000e+00
   0.0000000e+00
   0.0000000e+00
   0.0000000e+00
   5.1545776e-02
   5.4844156e-02
   4.7332788e-02
   4.5298154e-02
   0.0000000e+00
   0.0000000e+00
   0.0000000e+00
   0.0000000e+00
   0.0000000e+00
   0.0000000e+00
   0.0000000e+00
   0.0000000e+00
   0.0000000e+00
   0.0000000e+00
   0.0000000e+00
   0.0000000e+00
   2.4363266e-02
   3.0448575e-02
   3.5803649e-02
   4.1340992e-02
   4.4967057e-02
   4.6848429e-02
   4.8194692e-02
   4.9663329e-02
   5.0714923e-02
   5.1048007e-02
   4.9629831e-02
   4.4804478e-02
   3.5264240e-02
   0.0000000e+00
   0.0000000e+00
   0.0000000e+00
   0.0000000e+00
   0.0000000e+00
   0.0000000e+00
   2.2788697e-02
   3.7996186e-02
   4.5418606e-02
   3.9682092e-02
   4.3811368e-02
   0.0000000e+00
   0.0000000e+00
   0.0000000e+00
   0.0000000e+00
   0.0000000e+00
   0.0000000e+00
   0.0000000e+00
   0.0000000e+00
   0.0000000e+00
   0.0000000e+00
   0.0000000e+00
   0.0000000e+00
   3.9313782e-03
  -2.8826618e-03
   6.3220109e-04
   8.5894353e-03
   1.7116623e-02
   2.4958024e-02
   3.1173918e-02
   3.6050327e-02
   4.0021043e-02
   4.2468245e-02
   4.2071465e-02
   3.6614712e-02
   0.0000000e+00
   0.0000000e+00
   0.0000000e+00
   0.0000000e+00
   0.0000000e+00
   0.0000000e+00
   0.0000000e+00
   1.8924529e-02
   8.7573541e-03
   0.0000000e+00
   2.0467748e-02
   8.7731940e-03
   0.0000000e+00
   0.0000000e+00
   0.0000000e+00
   0.0000000e+00
   0.0000000e+00
   0.0000000e+00
   0.0000000e+00
   0.0000000e+00
   0.0000000e+00
   0.0000000e+00
   0.0000000e+00
   0.0000000e+00
  -0.0000000e+00
  -0.0000000e+00
  -0.0000000e+00
  -1.9196163e-02
  -1.4217745e-02
  -5.0938847e-03
   3.7397989e-03
   1.0739297e-02
   1.5838556e-02
   2.0595552e-02
   2.2851789e-02
   0.0000000e+00
   0.0000000e+00
   0.0000000e+00
   0.0000000e+00
   0.0000000e+00
   0.0000000e+00
   0.0000000e+00
   0.0000000e+00
   0.0000000e+00
   2.7883291e-03
   0.0000000e+00
   0.0000000e+00
  -4.5950558e-03
  -1.0491825e-02
  -5.2543639e-03
  -2.5967036e-03
   0.0000000e+00
   0.0000000e+00
   0.0000000e+00
   0.0000000e+00
   0.0000000e+00
   0.0000000e+00
   7.0203843e-03
   8.8053325e-03
   0.0000000e+00
   0.0000000e+00
   0.0000000e+00
   0.0000000e+00
  -0.0000000e+00
  -0.0000000e+00
  -1.7889638e-02
  -1.6841006e-02
  -0.0000000e+00
  -0.0000000e+00
   0.0000000e+00
  -0.0000000e+00
   0.0000000e+00
   0.0000000e+00
   0.0000000e+00
   0.0000000e+00
   0.0000000e+00
   0.0000000e+00
   0.0000000e+00
   0.0000000e+00
   0.0000000e+00
  -1.6816988e-03
   0.0000000e+00
   0.0000000e+00
  -5.9709729e-03
  -1.1773136e-02
  -8.5070828e-03
  -6.7315253e-03
  -5.3149702e-03
  -3.6446291e-03
  -1.8860881e-03
   0.0000000e+00
   0.0000000e+00
   4.6127447e-03
