   2.1151681e-02
   1.6320692e-02
   1.6394773e-02
   6.6608963e-03
   1.5138035e-03
   0.0000000e+00
   0.0000000e+00
   1.9290931e-02
   1.4249936e-02
   9.2499444e-03
   9.6391288e-03
   6.9112947e-03
   2.8238168e-03
   4.9414299e-03
   8.9789032e-03
   9.0217730e-03
   0.0000000e+00
   1.0558358e-02
   7.2478476e-03
   2.3707425e-03
   4.9443812e-04
   2.8080265e-03
   5.0661910e-03
   1.2722715e-03
  -0.0000000e+00
   0.0000000e+00
   0.0000000e+00
   0.0000000e+00
   0.0000000e+00
   0.0000000e+00
   0.0000000e+00
   0.0000000e+00
   0.0000000e+00
   0.0000000e+00
   0.0000000e+00
   0.0000000e+00
   1.2762036e-02
   8.8740392e-03
   6.1147192e-03
   9.0915920e-03
   5.9516198e-03
   6.8619096e-04
   1.3131744e-02
   1.6693282e-02
   1.1263749e-02
   9.1082752e-03
   7.0739267e-03
   6.3497471e-03
   8.5987993e-03
   1.0050133e-02
   9.1151651e-03
   7.2594686e-03
   6.9162378e-03
   7.8654490e-05
   1.9656062e-03
   2.5701050e-03
  -1.6426329e-03
   1.6656741e-03
   2.3617134e-03
  -2.7823158e-04
  -1.1262765e-04
  -1.1941364e-03
  -5.8439759e-04
  -1.9239037e-03
  -3.2807344e-03
  -3.1806521e-03
   2.7834959e-03
   1.0224912e-02
   1.0916719e-02
   9.1731787e-03
   9.7772590e-03
   1.4429373e-02
   3.8937638e-03
  -1.7088973e-04
   1.9765903e-03
   6.8071800e-03
   0.0000000e+00
   7.3912835e-03
   9.2889879e-03
   8.3720135e-03
   5.2390807e-03
   5.1463691e-03
   5.5719758e-03
   6.7308866e-03
   7.6376917e-03
   6.8026339e-03
   5.4120123e-03
   5.2310045e-03
   4.1606235e-03
  -3.3901370e-04
  -7.0653442e-04
  -2.2092110e-03
  -4.4297720e-03
  -1.6330713e-03
   2.3295775e-03
   4.0561985e-03
   3.3857504e-03
   3.5464013e-04
  -3.9895908e-03
  -5.2324215e-03
  -4.0101856e-03
  -9.3484030e-04
   3.3716381e-03
   8.0589857e-03
   1.1569704e-02
   1.3447779e-02
   1.5728185e-02
   1.3197783e-02
   0.0000000e+00
   0.0000000e+00
   0.0000000e+00
   0.0000000e+00
   0.0000000e+00
   0.0000000e+00
   7.9187918e-03
   1.7060185e-03
  -5.6095022e-03
  -2.1936501e-03
   1.2984701e-03
  -2.2611607e-04
   1.3063764e-03
  -6.3964759e-04
  -1.6760419e-03
  -7.5545019e-04
   1.7166957e-04
  -1.1815168e-03
  -6.5128334e-03
  -1.2880334e-02
  -6.0721521e-03
  -2.7580980e-03
   2.3780046e-03
   4.4436529e-03
   1.7432081e-03
  -5.5852006e-03
  -1.2846448e-02
  -1.3725717e-02
  -9.1635184e-03
  -2.4998141e-03
   3.0900921e-03
   6.6562039e-03
   7.9398742e-03
   8.7674334e-03
   1.1366322e-02
   2.9443173e-03
   0.0000000e+00
   0.0000000e+00
   0.0000000e+00
   0.0000000e+00
   0.0000000e+00
   1.4328377e-02
   1.9446011e-03
  -6.3261655e-03
  -1.1185500e-02
  -1.1889826e-02
  -9.0694652e-03
  -9.2438376e-03
  -8.1538372e-03
  -9.5837694e-03
  -9.9433623e-03
  -8.5757580e-03
  -7.3594423e-03
  -8.8203512e-03
  -1.6110571e-02
  -0.0000000e+00
  -0.0000000e+00
  -4.0866393e-03
   4.7559515e-04
   7.6201849e-04
  -5.3475564e-03
  -1.5470051e-02
  -2.3461301e-02
  -1.8156670e-02
  -9.0378346e-03
  -2.4573402e-03
   1.6661914e-03
   2.6763561e-03
   1.0224760e-03
  -4.2746426e-05
   1.1958664e-03
  -5.1362341e-03
  -6.2830311e-03
   0.0000000e+00
   0.0000000e+00
   0.0000000e+00
   0.0000000e+00
   6.2688841e-03
  -1.4264703e-03
  -1.1412511e-02
  -1.6107263e-02
  -1.5824893e-02
  -1.5959198e-02
  -1.5872072e-02
  -1.5584213e-02
  -1.5453948e-02
  -1.4732126e-02
  -1.3484312e-02
  -1.2543532e-02
  -1.3086464e-02
  -1.6735161e-02
  -1.7058057e-02
  -0.0000000e+00
  -5.1431478e-03
  -1.8725473e-03
  -4.1060881e-03
  -1.2578942e-02
  -2.2536588e-02
  -3.2428465e-02
  -1.3961126e-02
  -1.7835691e-03
  -1.1238218e-03
   1.0197245e-03
  -1.1318337e-03
  -5.8461733e-03
  -7.4743303e-03
  -5.7602611e-03
  -7.0641582e-03
  -4.8578883e-03
   1.1593119e-03
   0.0000000e+00
  -8.9862566e-03
   5.4281106e-03
   5.9704159e-03
  -3.8195960e-03
  -1.5167876e-02
  -1.8472096e-02
  -1.8208919e-02
  -1.8101649e-02
  -1.7488848e-02
  -1.6321843e-02
  -1.4872842e-02
  -1.4416336e-02
  -1.3533772e-02
  -1.3077015e-02
  -1.2766358e-02
  -1.1472227e-02
  -1.1279918e-02
   0.0000000e+00
  -7.1900143e-03
  -5.0747674e-03
  -8.5786162e-03
  -1.6184403e-02
  -2.0466326e-02
  -2.7940730e-02
   0.0000000e+00
  -8.1258206e-04
  -1.1344582e-03
   2.4162151e-03
  -2.1929629e-03
  -8.8196946e-03
  -1.0858965e-02
  -9.3995994e-03
  -8.0396254e-03
  -1.7419793e-03
   3.6202036e-03
  -6.7847185e-03
  -5.8889031e-03
   8.4739824e-03
   2.6659397e-03
  -1.0458107e-02
  -1.7958945e-02
  -1.8601773e-02
  -1.7533367e-02
  -1.5430032e-02
  -1.3340080e-02
  -1.1640336e-02
  -1.0622637e-02
  -1.0953631e-02
  -1.0338859e-02
  -1.0166975e-02
  -9.1486759e-03
  -1.7121026e-03
   1.2150113e-02
   0.0000000e+00
  -0.0000000e+00
  -8.0027653e-03
  -1.1268768e-02
  -1.3395414e-02
  -5.0599775e-03
   0.0000000e+00
   0.0000000e+00
  -7.6784914e-03
  -3.2785855e-03
   6.3358876e-03
  -5.8610411e-04
  -7.5460002e-03
  -1.0473659e-02
  -9.5726149e-03
  -6.6393083e-03
   2.5237249e-03
   7.4357178e-03
   4.1495450e-03
  -0.0000000e+00
   6.4481658e-03
  -3.1203744e-03
  -1.1414705e-02
  -1.4360068e-02
  -1.3545482e-02
  -1.1575061e-02
  -8.9880377e-03
  -6.5550562e-03
  -5.6008343e-03
  -5.7430221e-03
  -6.2041427e-03
  -6.1202813e-03
  -6.2401760e-03
  -3.4521932e-03
   8.4827347e-03
   3.1213273e-02
   0.0000000e+00
   0.0000000e+00
  -9.9813299e-03
  -1.3969952e-02
  -6.8623940e-03
   1.5269218e-02
   0.0000000e+00
   0.0000000e+00
  -0.0000000e+00
  -6.5890588e-03
   5.9807355e-03
   1.8218464e-03
  -3.7045700e-03
  -7.6775001e-03
  -6.0564047e-03
  -2.2157230e-03
   8.0964956e-03
   1.2085662e-02
   1.4862429e-02
   0.0000000e+00
   1.9231541e-03
  -6.0246151e-04
  -4.1776914e-03
  -5.6097568e-03
  -5.0499630e-03
  -3.5414346e-03
  -1.7286555e-03
   1.4472967e-04
   1.9500103e-04
  -1.0056909e-03
  -1.6854955e-03
  -2.1429828e-03
  -1.9709873e-03
   2.6697414e-03
   1.7722029e-02
   3.9328340e-02
   0.0000000e+00
   0.0000000e+00
  -8.0762741e-03
  -1.8679682e-02
   1.0005508e-03
   3.5086360e-02
   0.0000000e+00
   0.0000000e+00
   0.0000000e+00
  -5.4446924e-03
   9.7606210e-03
   9.7104292e-03
  -2.1578567e-03
  -5.2981502e-03
  -1.3468647e-03
   3.5520715e-03
   1.4072593e-02
   1.8173609e-02
   2.0707339e-02
   9.1518647e-03
   5.7049889e-03
   6.1669396e-03
   3.8228966e-03
   2.2238339e-03
   2.2265778e-03
   3.0851896e-03
   4.1650943e-03
   5.1349085e-03
   4.3715275e-03
   2.3888429e-03
   1.2668952e-03
   3.6989282e-04
   1.7553719e-03
   8.5990019e-03
   2.5627483e-02
   4.8352078e-02
   0.0000000e+00
   0.0000000e+00
  -0.0000000e+00
  -1.9564467e-02
   1.0305029e-02
   5.1417265e-02
   0.0000000e+00
   0.0000000e+00
   0.0000000e+00
  -4.3639605e-03
   1.6030853e-02
   2.0675652e-02
  -2.7161061e-03
  -3.1411123e-03
   3.4259672e-03
   9.4064549e-03
   2.1135330e-02
   2.5423374e-02
   2.5506828e-02
   1.4955853e-02
   1.0911553e-02
   1.1353470e-02
   9.2526767e-03
   7.7408282e-03
   7.5180950e-03
   7.7509456e-03
   7.9848962e-03
   7.6057329e-03
   5.8936481e-03
   3.3172907e-03
   1.9479572e-03
   2.0084151e-03
   6.0413741e-03
   1.5754361e-02
   3.4688778e-02
   4.7516674e-02
   0.0000000e+00
   0.0000000e+00
   0.0000000e+00
  -1.0853394e-02
   2.0477071e-02
   5.7972521e-02
   0.0000000e+00
   0.0000000e+00
   0.0000000e+00
   5.0847165e-03
   1.9020673e-02
   2.7386194e-02
  -0.0000000e+00
  -1.9415501e-03
   8.0750631e-03
   1.5787303e-02
   2.6804945e-02
   3.0211382e-02
   2.7174823e-02
   1.7029028e-02
   1.4217237e-02
   1.3656557e-02
   1.1802819e-02
   1.0301246e-02
   9.4214687e-03
   8.7145884e-03
   7.8432532e-03
   6.3334629e-03
   3.7497818e-03
   1.4690656e-03
   1.4388531e-03
   4.0874677e-03
   1.1016463e-02
   2.3569450e-02
   4.3108057e-02
   4.4477648e-02
   0.0000000e+00
   0.0000000e+00
   0.0000000e+00
   6.0348813e-03
   2.8082341e-02
   5.4499477e-02
   2.0451303e-02
   0.0000000e+00
   0.0000000e+00
   1.0908243e-02
   2.1434262e-02
   2.6032853e-02
   0.0000000e+00
   0.0000000e+00
   1.1837134e-02
   2.0896878e-02
   3.0150015e-02
   3.0381555e-02
   2.5032427e-02
   1.7689547e-02
   1.4733836e-02
   1.3281933e-02
   1.1397836e-02
   9.5326900e-03
   7.6712915e-03
   5.9817238e-03
   4.4916947e-03
   2.6817361e-03
   4.6729334e-04
   1.7308394e-04
   2.9561156e-03
   8.6112563e-03
   1.7824525e-02
   3.1551097e-02
   4.9438842e-02
   0.0000000e+00
   0.0000000e+00
   0.0000000e+00
   0.0000000e+00
   0.0000000e+00
   3.5386242e-02
   4.7911420e-02
   2.2683084e-02
   0.0000000e+00
   0.0000000e+00
   1.7435879e-02
   2.0564755e-02
   2.4074268e-02
   0.0000000e+00
   0.0000000e+00
   1.8036914e-02
   2.5075447e-02
   2.8591020e-02
   2.5146790e-02
   1.9520624e-02
   1.4161374e-02
   1.0715732e-02
   8.9580305e-03
   7.0490078e-03
   5.5754459e-03
   4.2195865e-03
   3.1275726e-03
   2.3330711e-03
   1.5659714e-03
   1.5688860e-03
   3.5836906e-03
   7.9270946e-03
   1.4481362e-02
   2.3103707e-02
   3.3873409e-02
   4.3370854e-02
   0.0000000e+00
   0.0000000e+00
   0.0000000e+00
   0.0000000e+00
   0.0000000e+00
   3.8960542e-02
   4.2305108e-02
   0.0000000e+00
   0.0000000e+00
   0.0000000e+00
   1.8587232e-02
   1.5631657e-02
   2.2554694e-02
   0.0000000e+00
   0.0000000e+00
   2.1299104e-02
   2.6354857e-02
   2.2921706e-02
   1.7168097e-02
   1.2540509e-02
   8.2155094e-03
   4.6715201e-03
   2.7920357e-03
   1.2051546e-03
   4.0922273e-04
  -2.1142521e-05
   4.0735904e-07
   6.5304688e-04
   2.2285199e-03
   5.0646523e-03
   8.8789286e-03
   1.3660414e-02
   1.9310970e-02
   2.5308715e-02
   3.0080950e-02
   2.9184320e-02
   0.0000000e+00
   0.0000000e+00
   0.0000000e+00
   0.0000000e+00
   0.0000000e+00
   3.7743798e-02
   3.3530775e-02
   0.0000000e+00
   0.0000000e+00
   0.0000000e+00
   0.0000000e+00
   9.4253127e-03
   2.0099555e-02
   0.0000000e+00
   0.0000000e+00
   2.2207876e-02
   2.3606565e-02
   1.5299859e-02
   8.8003920e-03
   5.9626186e-03
   2.8941857e-03
  -6.5647537e-04
  -3.0994143e-03
  -5.0528850e-03
  -6.3761822e-03
  -7.1478239e-03
  -7.1164616e-03
  -5.7993936e-03
  -2.4500552e-03
   2.4710093e-03
   7.6183630e-03
   1.2436257e-02
   1.6419645e-02
   1.9440627e-02
   1.9958375e-02
   1.5994416e-02
   0.0000000e+00
   0.0000000e+00
   0.0000000e+00
   0.0000000e+00
   3.0397444e-02
   3.1602378e-02
   2.3746389e-02
   0.0000000e+00
   0.0000000e+00
   0.0000000e+00
   0.0000000e+00
   4.3661391e-03
   1.0535883e-02
   0.0000000e+00
   1.6247611e-02
   1.9030478e-02
   1.7159823e-02
   8.5367739e-03
   3.2203546e-03
   7.8319071e-04
  -4.7793135e-05
  -3.0871097e-03
  -5.2881581e-03
  -7.2235940e-03
  -9.0708230e-03
  -1.0593097e-02
  -1.1242086e-02
  -1.0516837e-02
  -7.5599686e-03
  -3.3106955e-03
   7.5963628e-04
   3.5395464e-03
   4.3931336e-03
   4.1079745e-03
   2.5956666e-03
   1.0233586e-03
  -0.0000000e+00
   0.0000000e+00
   0.0000000e+00
  -3.3104961e-03
   1.8215222e-02
   2.3170030e-02
   2.0248404e-02
   0.0000000e+00
   0.0000000e+00
   0.0000000e+00
   0.0000000e+00
   1.1934766e-03
  -2.1724943e-03
   1.3951619e-04
   1.1108087e-02
   1.7659033e-02
   9.4623454e-03
   7.1311449e-03
  -3.0087282e-03
  -2.5872870e-03
  -1.4315287e-04
  -9.5993682e-04
  -7.5242046e-04
  -4.6329517e-04
  -5.2792567e-04
  -6.5751706e-04
  -2.9643383e-04
   7.7149371e-04
   2.8182352e-03
   5.2638948e-03
   7.1688876e-03
   7.0250039e-03
   3.9695138e-03
  -1.0701912e-03
  -7.4496525e-03
  -1.0576054e-02
  -0.0000000e+00
   0.0000000e+00
   0.0000000e+00
  -2.9243470e-03
   1.4911202e-02
   0.0000000e+00
   0.0000000e+00
   0.0000000e+00
   0.0000000e+00
   0.0000000e+00
   0.0000000e+00
   7.3772171e-04
  -5.8441237e-03
  -2.2122730e-04
   1.2307450e-02
   1.8198917e-02
   9.2310496e-03
  -1.4165644e-03
  -3.4059134e-03
  -6.7520043e-03
  -1.8162246e-03
  -8.3149694e-04
   1.7163417e-03
   4.7625553e-03
   7.2613381e-03
   9.3033660e-03
   1.1051642e-02
   1.2899734e-02
   1.5030252e-02
   1.6736758e-02
   1.6976167e-02
   1.3545092e-02
   5.9313023e-03
  -3.7530705e-03
  -1.3598706e-02
  -1.8917180e-02
  -1.5529507e-02
   0.0000000e+00
  -3.0862325e-02
  -1.5924773e-02
   5.4751483e-03
   0.0000000e+00
   0.0000000e+00
   0.0000000e+00
   0.0000000e+00
   0.0000000e+00
   0.0000000e+00
  -4.9217390e-03
  -7.4452864e-03
   9.2077348e-04
   1.5220438e-02
   1.7089060e-02
   1.3759574e-02
   0.0000000e+00
  -0.0000000e+00
  -9.5746953e-03
  -8.5190153e-03
  -8.3542140e-03
  -6.1212527e-03
  -2.6114839e-03
   9.7318576e-04
   3.8547234e-03
   5.1455782e-03
   5.3773085e-03
   5.0449548e-03
   4.4420124e-03
   3.7680287e-03
   2.0273449e-03
  -1.9507101e-03
  -7.9652527e-03
  -1.6343091e-02
  -2.6267584e-02
  -3.0996584e-02
   0.0000000e+00
  -3.0740605e-02
  -2.7033886e-02
  -1.2987855e-02
   0.0000000e+00
   0.0000000e+00
   0.0000000e+00
   0.0000000e+00
   0.0000000e+00
   0.0000000e+00
  -9.1516291e-03
  -1.0912288e-02
  -1.4465122e-03
   1.2925558e-02
   0.0000000e+00
   0.0000000e+00
   0.0000000e+00
   0.0000000e+00
  -1.3715371e-02
  -1.4566198e-02
  -1.6251858e-02
  -1.6112909e-02
  -1.4308426e-02
  -1.1384659e-02
  -8.2643321e-03
  -6.8215942e-03
  -7.3519871e-03
  -9.2087081e-03
  -1.1360683e-02
  -1.2901416e-02
  -1.2521146e-02
  -1.0253617e-02
  -9.2111034e-03
  -1.3557957e-02
  -2.3258751e-02
  -3.0797392e-02
  -1.0345949e-02
  -2.6648972e-02
  -3.6027353e-02
  -3.2441929e-02
   0.0000000e+00
   0.0000000e+00
   0.0000000e+00
   0.0000000e+00
   0.0000000e+00
   0.0000000e+00
  -1.4222014e-02
  -1.4717240e-02
  -6.3021594e-03
   0.0000000e+00
   0.0000000e+00
   0.0000000e+00
   0.0000000e+00
   1.0627779e-02
  -1.5884918e-02
  -1.6970908e-02
  -1.9091383e-02
  -2.0750612e-02
  -2.0768795e-02
  -1.9372456e-02
  -1.6837280e-02
  -1.4986756e-02
  -1.5103124e-02
  -1.7381221e-02
  -2.1022521e-02
  -2.4554538e-02
  -2.5181955e-02
  -2.0018145e-02
  -1.0966389e-02
  -1.0026487e-02
  -1.7253090e-02
  -1.5660545e-02
  -1.0051404e-02
  -2.2950644e-02
  -4.0074751e-02
  -5.1642224e-02
   0.0000000e+00
   0.0000000e+00
   0.0000000e+00
   0.0000000e+00
   0.0000000e+00
   0.0000000e+00
  -1.8729408e-02
  -1.6812738e-02
  -0.0000000e+00
   0.0000000e+00
   0.0000000e+00
   0.0000000e+00
   0.0000000e+00
   1.2245426e-02
  -1.3966893e-02
  -1.6238552e-02
  -1.7825324e-02
  -2.0285094e-02
  -2.1679656e-02
  -2.1837363e-02
  -2.0730454e-02
  -1.9154276e-02
  -1.8660946e-02
  -2.0352297e-02
  -2.4257936e-02
  -2.8959215e-02
  -3.2095872e-02
  -2.9779570e-02
  -1.6613318e-02
  -3.7408797e-03
  -1.2504172e-02
  -9.6506309e-03
  -7.8113866e-03
  -1.7831448e-02
  -3.6193725e-02
  -6.4000875e-02
   0.0000000e+00
   0.0000000e+00
   0.0000000e+00
   0.0000000e+00
   0.0000000e+00
  -0.0000000e+00
  -2.1763376e-02
  -2.1776437e-02
  -2.9402567e-02
   0.0000000e+00
   0.0000000e+00
   0.0000000e+00
   0.0000000e+00
   9.7215573e-03
  -7.8363735e-03
  -1.2796807e-02
  -1.4682481e-02
  -1.7690241e-02
  -1.9943321e-02
  -2.0876056e-02
  -2.0479688e-02
  -1.8714787e-02
  -1.6914655e-02
  -1.6474126e-02
  -1.8386185e-02
  -2.2209618e-02
  -2.6842419e-02
  -3.0400351e-02
  -2.3310389e-02
   0.0000000e+00
  -4.2295181e-03
  -4.6040588e-03
  -4.9577327e-03
  -1.1767235e-02
  -2.6295407e-02
  -5.5519667e-02
  -6.5824076e-02
   0.0000000e+00
   0.0000000e+00
   0.0000000e+00
  -3.6552788e-02
  -9.7906236e-03
  -1.6982706e-02
  -2.9943797e-02
  -2.9437227e-02
   0.0000000e+00
   0.0000000e+00
   0.0000000e+00
   0.0000000e+00
   1.0043467e-02
  -1.2571141e-03
  -8.2810465e-03
  -1.0627575e-02
  -1.4278971e-02
  -1.6855285e-02
  -1.8098623e-02
  -1.8132061e-02
  -1.6033649e-02
  -1.3352379e-02
  -1.1161434e-02
  -1.1480348e-02
  -1.4427878e-02
  -1.9767690e-02
  -2.7484367e-02
  -2.6497941e-02
   0.0000000e+00
   5.1642797e-04
  -1.5470334e-03
  -2.6715051e-03
  -6.8308520e-03
  -1.7747238e-02
  -4.0588845e-02
  -5.5465801e-02
   0.0000000e+00
   0.0000000e+00
  -1.7590057e-02
  -2.3921388e-02
  -1.0310007e-02
  -0.0000000e+00
  -2.2684658e-02
  -0.0000000e+00
   0.0000000e+00
   0.0000000e+00
   0.0000000e+00
   0.0000000e+00
   1.4323764e-02
   6.5139156e-03
  -1.3820708e-03
  -3.9749970e-03
  -8.1496927e-03
  -1.1115504e-02
  -1.2630537e-02
  -1.3302508e-02
  -1.1802317e-02
  -9.3148237e-03
  -6.4817832e-03
  -6.2354363e-03
  -8.6865163e-03
  -1.4861579e-02
  -2.6136766e-02
  -3.2999862e-02
   0.0000000e+00
   1.5710986e-02
   1.1826388e-03
   2.3161142e-03
  -3.8270351e-04
  -8.2315523e-03
  -2.3448451e-02
  -3.6586938e-02
  -1.3954011e-02
  -5.8007307e-03
  -1.3673780e-02
  -1.7007323e-02
  -1.2793136e-02
  -1.1397639e-02
  -1.9221217e-02
   0.0000000e+00
   0.0000000e+00
   0.0000000e+00
   0.0000000e+00
   0.0000000e+00
   1.1298625e-02
   1.1648456e-02
   7.2714272e-03
   5.3767362e-03
   9.8530774e-04
  -2.6824635e-03
  -4.8941071e-03
  -6.2301983e-03
  -6.0800104e-03
  -4.4879820e-03
  -2.2165331e-03
  -2.0221169e-03
  -4.8398627e-03
  -1.2033558e-02
  -2.6032381e-02
  -3.4318370e-02
   0.0000000e+00
   1.8763336e-02
   2.5570458e-03
   8.2406690e-03
   7.6762331e-03
   9.0194691e-04
  -1.0300122e-02
  -2.2775241e-02
  -1.3954011e-02
  -3.0046897e-03
  -5.6169638e-03
   0.0000000e+00
  -1.3250170e-02
  -8.7870459e-03
  -1.3268153e-02
  -0.0000000e+00
   0.0000000e+00
   0.0000000e+00
   0.0000000e+00
  -0.0000000e+00
   6.5502770e-04
   7.6843114e-03
   1.2221097e-02
   1.4712387e-02
   1.2436457e-02
   8.6587947e-03
   5.4603983e-03
   3.2313163e-03
   1.9723997e-03
   2.1285007e-03
   2.9122247e-03
   2.7072474e-03
  -8.1783789e-04
  -1.0131601e-02
  -2.5505130e-02
  -0.0000000e+00
   0.0000000e+00
   0.0000000e+00
   0.0000000e+00
   1.3106013e-02
   1.4721573e-02
   1.0267158e-02
   1.8512781e-03
  -1.1668513e-02
   0.0000000e+00
  -0.0000000e+00
  -0.0000000e+00
  -7.7309198e-03
  -1.0504210e-02
  -4.9057600e-03
  -0.0000000e+00
  -0.0000000e+00
   0.0000000e+00
   0.0000000e+00
   0.0000000e+00
  -0.0000000e+00
  -3.8175201e-03
  -4.4509265e-03
   4.5731933e-03
   1.4791225e-02
   1.9030480e-02
   1.7740406e-02
   1.5304573e-02
   1.2644272e-02
   1.0441024e-02
   9.1264350e-03
   8.1285127e-03
   7.1992321e-03
   3.0571115e-03
  -8.9974441e-03
  -2.5128015e-02
   0.0000000e+00
   0.0000000e+00
   0.0000000e+00
   0.0000000e+00
   1.6225502e-02
   1.6831014e-02
   1.7381907e-02
   1.3002166e-02
   2.4000678e-03
  -2.4660746e-03
   0.0000000e+00
   0.0000000e+00
  -5.5186336e-03
  -7.4785252e-03
   0.0000000e+00
   0.0000000e+00
   0.0000000e+00
   0.0000000e+00
   0.0000000e+00
   0.0000000e+00
  -0.0000000e+00
  -0.0000000e+00
  -0.0000000e+00
  -7.2577638e-03
   6.3701556e-03
   1.8525729e-02
   2.2127891e-02
   2.1656370e-02
   1.9697104e-02
   1.7366469e-02
   1.5203156e-02
   1.2525953e-02
   1.0535128e-02
   5.7459869e-03
  -8.4875813e-03
  -2.5499483e-02
   0.0000000e+00
   0.0000000e+00
   0.0000000e+00
   0.0000000e+00
   0.0000000e+00
   0.0000000e+00
   1.9185731e-02
   1.9518360e-02
   1.2708676e-02
   6.2200149e-03
   0.0000000e+00
   0.0000000e+00
  -0.0000000e+00
  -0.0000000e+00
   0.0000000e+00
   0.0000000e+00
   0.0000000e+00
   0.0000000e+00
   0.0000000e+00
   0.0000000e+00
   0.0000000e+00
   0.0000000e+00
   0.0000000e+00
  -8.7929731e-03
   1.2501503e-03
   1.5860220e-02
   2.2624268e-02
   2.3815177e-02
   2.1899117e-02
   1.9740168e-02
   1.7488666e-02
   1.4862715e-02
   1.1786841e-02
   6.5858541e-03
  -6.6918661e-03
  -1.5348235e-02
   0.0000000e+00
   0.0000000e+00
   0.0000000e+00
   0.0000000e+00
   0.0000000e+00
   0.0000000e+00
   0.0000000e+00
   1.5311973e-02
   1.5180298e-02
   1.0813929e-02
   9.2546584e-03
   0.0000000e+00
   0.0000000e+00
   0.0000000e+00
   0.0000000e+00
   0.0000000e+00
   0.0000000e+00
   0.0000000e+00
   0.0000000e+00
   0.0000000e+00
   0.0000000e+00
   0.0000000e+00
   0.0000000e+00
  -2.9303765e-02
  -7.1297638e-03
   8.0342861e-03
   1.6576720e-02
   2.0872672e-02
   2.0117467e-02
   1.7813167e-02
   1.5808651e-02
   1.3797150e-02
   1.0833225e-02
   6.5395144e-03
  -3.7768951e-03
   2.7546389e-04
   0.0000000e+00
   0.0000000e+00
   0.0000000e+00
   0.0000000e+00
   0.0000000e+00
   0.0000000e+00
  -1.8813070e-02
   5.1416445e-03
   1.1093181e-02
   1.3147668e-02
   7.2345954e-03
   0.0000000e+00
   0.0000000e+00
   0.0000000e+00
   0.0000000e+00
   0.0000000e+00
   0.0000000e+00
   0.0000000e+00
   0.0000000e+00
   0.0000000e+00
   0.0000000e+00
   0.0000000e+00
  -0.0000000e+00
  -3.3596081e-02
  -1.8686373e-02
  -5.9549022e-03
   2.2694489e-03
   9.5375003e-03
   1.1870224e-02
   1.0708812e-02
   9.3853995e-03
   8.4624281e-03
   6.8766341e-03
   5.4341303e-03
   2.8603033e-03
   0.0000000e+00
   0.0000000e+00
   0.0000000e+00
   0.0000000e+00
   0.0000000e+00
   0.0000000e+00
   0.0000000e+00
  -2.0364709e-02
  -6.9775611e-04
   0.0000000e+00
   7.8012093e-03
   4.9610393e-03
   0.0000000e+00
   0.0000000e+00
   0.0000000e+00
   0.0000000e+00
   0.0000000e+00
   0.0000000e+00
   0.0000000e+00
   0.0000000e+00
   0.0000000e+00
   0.0000000e+00
   0.0000000e+00
  -0.0000000e+00
  -0.0000000e+00
  -0.0000000e+00
  -0.0000000e+00
  -2.0774581e-02
  -9.8341145e-03
  -5.5843508e-03
  -3.6445309e-03
  -3.3188574e-03
  -1.7760199e-03
  -9.5300179e-04
   3.8591858e-03
   0.0000000e+00
   0.0000000e+00
   0.0000000e+00
   0.0000000e+00
   0.0000000e+00
   0.0000000e+00
   0.0000000e+00
   0.0000000e+00
  -0.0000000e+00
  -3.9200352e-03
   0.0000000e+00
   0.0000000e+00
  -1.3154412e-03
   5.1728076e-03
   3.4655760e-03
   4.5260640e-03
   0.0000000e+00
   0.0000000e+00
   0.0000000e+00
   0.0000000e+00
   0.0000000e+00
   0.0000000e+00
  -3.3775645e-03
   3.5487492e-04
   0.0000000e+00
   0.0000000e+00
   0.0000000e+00
   0.0000000e+00
  -0.0000000e+00
  -0.0000000e+00
  -3.0091356e-02
  -1.3904106e-02
  -0.0000000e+00
  -0.0000000e+00
  -0.0000000e+00
   0.0000000e+00
   0.0000000e+00
   0.0000000e+00
   0.0000000e+00
   0.0000000e+00
   0.0000000e+00
   0.0000000e+00
   0.0000000e+00
   0.0000000e+00
   0.0000000e+00
  -7.4718843e-03
   0.0000000e+00
   0.0000000e+00
  -1.2997840e-03
   6.6012107e-04
   2.2363746e-03
   4.2383046e-03
   2.8018206e-03
   5.0343622e-03
   8.2989500e-03
   0.0000000e+00
   0.0000000e+00
   6.0367560e-05
