   2.0716903e-01
   2.8207082e-01
   3.0829459e-01
   3.2211381e-01
   2.7169064e-01
   2.2423135e-01
   1.6779637e-01
   9.7911276e-02
   9.0640321e-02
   9.3339175e-02
   1.6774315e-01
   2.4699476e-01
   3.5287800e-01
   4.5284116e-01
   4.6290067e-01
   4.7849199e-01
   4.8869225e-01
   5.4673290e-01
   3.2823476e-01
   3.3302253e-01
   6.4879781e-01
   6.3141382e-01
   7.4454135e-01
   1.1153833e+00
   1.3180641e+00
   9.2131603e-01
   6.7390394e-01
   1.0701293e+00
   9.8906338e-01
   6.3727385e-01
   4.5740968e-01
   2.5507537e-01
   1.5368278e-01
   9.5487386e-02
   1.1323450e-01
   1.5931976e-01
  -9.8761834e-02
   2.5026560e-01
   5.6730539e-01
   8.4408259e-01
   9.7784895e-01
   1.0288374e+00
   1.0233612e+00
   9.8399371e-01
   9.5643747e-01
   9.5773828e-01
   9.8318100e-01
   1.0685333e+00
   1.2392491e+00
   1.3771049e+00
   1.3153964e+00
   1.0340507e+00
   8.7699956e-01
   1.0749865e+00
   2.7737352e-01
   1.4487825e-01
   2.0181635e-01
   1.7385256e-01
   2.7977619e-01
   7.4329279e-02
   7.0986557e-01
   2.1481730e-01
   1.8503202e-01
   2.4278575e-01
  -3.4077850e-01
  -7.7949649e-01
  -1.0696969e+00
  -1.1939176e+00
  -1.1850994e+00
  -1.0532510e+00
  -8.0505788e-01
  -4.7603548e-01
  -1.7666200e-01
   2.0373452e-01
   6.2168550e-01
   9.7504896e-01
   1.2216767e+00
   1.3826610e+00
   1.4659451e+00
   1.4877923e+00
   1.4468963e+00
   1.4274528e+00
   1.4364297e+00
   1.4172496e+00
   1.3779173e+00
   1.2900685e+00
   1.1124344e+00
   4.4217026e-01
   2.9723287e-01
   4.0743682e-01
   3.3173850e-01
   6.7546472e-02
   1.1989757e-01
  -3.7084512e-02
   4.5272890e-02
   1.7122093e-01
   1.9737384e-01
   2.4062060e-01
  -1.3787538e-01
  -5.2614808e-02
  -6.6262842e-03
  -9.4123548e-01
  -1.2135756e+00
  -1.2570213e+00
  -1.1914377e+00
  -1.0693002e+00
  -8.5473448e-01
  -5.4692084e-01
  -1.2588464e-01
   5.3380899e-02
   3.4422576e-01
   7.0678526e-01
   1.0070628e+00
   1.2641089e+00
   1.4565367e+00
   1.6002321e+00
   1.6504614e+00
   1.6362083e+00
   1.5774240e+00
   1.4805514e+00
   1.2935789e+00
   9.7816426e-01
   7.2627282e-01
   4.3142483e-01
   2.6989588e-01
   1.5815927e-01
   9.7807243e-02
   7.2220355e-02
   2.9921639e-01
   3.3391008e-01
   4.2762417e-01
   3.1142569e-01
   2.8845271e-01
   1.8752980e-01
   2.0936744e-01
   4.2334527e-02
   2.1938318e-01
  -2.0522073e-01
  -2.9931945e-01
  -2.6688299e-01
  -1.8030919e-01
  -1.9827878e-01
  -2.4463841e-01
  -2.2501302e-01
   1.6456375e-01
   7.9926506e-02
   1.2203483e-01
   3.3720100e-01
   6.0883951e-01
   8.8312793e-01
   1.1442381e+00
   1.3599010e+00
   1.5171214e+00
   1.5569706e+00
   1.4808185e+00
   1.3844744e+00
   1.2233247e+00
   9.5975477e-01
   5.6221956e-01
   2.4208172e-01
   4.2344603e-01
   2.1776029e-01
   3.9454088e-02
   2.3120406e-01
   3.2859585e-01
   1.7514952e-01
   4.1878140e-01
   2.4791911e-01
   2.0783085e-01
   3.6529574e-01
   5.1338959e-01
   4.1778055e-01
   6.1336648e-01
   1.0797771e+00
   1.2457551e+00
   1.3432825e+00
   1.3524510e+00
   1.1225580e+00
   7.8374505e-01
   4.2318746e-01
   7.1704112e-01
   4.1005533e-01
   2.4997464e-01
   2.1979037e-01
   3.0262799e-01
   4.8933086e-01
   7.2875206e-01
   9.7900802e-01
   1.1714332e+00
   1.2505443e+00
   1.2165226e+00
   1.1534156e+00
   1.0565973e+00
   1.1130700e+00
   6.7528425e-01
   2.8192331e-01
   4.8811528e-01
   7.0989327e-01
   3.4754561e-01
   3.5142173e-01
   3.3302080e-01
   3.6535176e-01
   3.6236228e-01
   3.4737675e-01
   4.2631617e-01
   4.6803790e-01
   6.7199753e-01
   6.5290664e-01
   9.5551085e-01
   2.4345738e+00
   2.7505681e+00
   2.8119663e+00
   2.7576441e+00
   2.4181680e+00
   1.8510533e+00
   1.2389549e+00
   1.3249574e+00
   8.6717558e-01
   5.6507599e-01
   3.6031610e-01
   2.6473457e-01
   3.0817777e-01
   4.1279486e-01
   5.8080280e-01
   7.5273526e-01
   8.6344528e-01
   8.6334902e-01
   7.7782869e-01
   6.4942765e-01
   7.3891711e-01
   1.0030985e+00
   8.9846480e-01
   8.4612709e-01
   1.3118272e+00
   1.3801596e+00
   9.2779577e-01
   6.2721288e-01
   5.2910483e-01
   2.2828844e-01
   3.9526299e-01
   5.8883017e-01
   6.8433660e-01
   7.3829859e-01
   9.1610223e-01
   1.1561871e+00
   2.9958105e+00
   3.7023022e+00
   3.5701618e+00
   3.4528804e+00
   3.1161377e+00
   2.5905714e+00
   1.9548658e+00
   1.5888872e+00
   1.1020708e+00
   7.0708603e-01
   4.4825733e-01
   3.0020555e-01
   1.8231945e-01
   1.4495365e-01
   1.9614518e-01
   3.1973669e-01
   4.0410230e-01
   3.5040681e-01
   1.4658782e-01
  -2.7163225e-01
  -6.2213884e-01
   5.1090080e-01
   4.3364835e-01
   6.5251492e-01
   1.3506418e+00
   1.5385387e+00
   1.2626962e+00
   1.1083004e+00
   5.4140550e-01
   2.1828917e-01
   6.6523141e-01
   8.9634806e-01
   9.1836895e-01
   9.5504785e-01
   1.1339554e+00
   1.3778551e+00
   3.1463540e+00
   3.4231870e+00
   3.2596105e+00
   3.0925255e+00
   2.8907688e+00
   2.5617937e+00
   2.1143718e+00
   1.1949058e+00
   7.9672831e-01
   4.1618344e-01
   1.9468231e-01
   6.2426962e-02
  -6.4555988e-02
  -1.3476402e-01
  -1.2632112e-01
  -3.3911481e-02
  -5.9176367e-03
  -1.3757609e-01
  -5.2591270e-01
  -1.3834591e+00
  -1.8527489e+00
   1.4896464e-01
  -6.0351157e-01
  -3.6122185e-01
   2.7295947e-01
   8.5836363e-01
   4.8184338e-01
   8.2418293e-01
   2.8072590e-01
   6.4451464e-02
   1.3848072e+00
   1.9690056e+00
   1.9231613e+00
   1.6089814e+00
   2.0708125e+00
   1.9728161e+00
   2.7552009e+00
   2.4685905e+00
   2.2351623e+00
   2.0631957e+00
   1.9612397e+00
   1.8277676e+00
   1.5675937e+00
  -8.0890693e-02
  -3.2812929e-01
  -5.8605027e-01
  -7.1607208e-01
  -7.0700967e-01
  -6.5428227e-01
  -5.7433444e-01
  -4.5854080e-01
  -4.2166734e-01
  -5.4956990e-01
  -9.1024673e-01
  -1.5393388e+00
  -2.5287821e+00
  -1.5069432e+00
  -8.1181765e-01
  -1.6554211e+00
  -8.2372445e-01
  -6.0280919e-01
  -2.5622115e-01
   1.9979765e-01
   3.7313741e-01
   1.1363048e-01
  -2.2850786e-01
   4.3834144e-01
   1.0715975e+00
   1.1790727e+00
   1.2850176e+00
   1.1038584e+00
   1.1865410e+00
   7.3878509e-01
   3.1399000e-01
   6.8325967e-02
  -3.8054839e-02
   1.2002841e-02
   8.8003114e-02
   7.1757257e-02
  -1.4089977e+00
  -1.5790560e+00
  -1.7395434e+00
  -1.7856890e+00
  -1.6512254e+00
  -1.4138603e+00
  -1.1465538e+00
  -9.9634045e-01
  -1.0487556e+00
  -1.3449669e+00
  -1.8412075e+00
  -2.5283723e+00
  -3.1829801e+00
  -1.0603304e+00
  -1.8761441e+00
  -2.1470346e+00
  -1.3106089e+00
  -1.2636142e+00
  -1.0727642e+00
  -2.0449698e-01
   1.6609813e-01
   1.1131500e-01
  -3.1002635e-01
  -3.2365647e-01
  -1.0166934e-01
  -7.2512038e-02
  -1.9024906e-01
  -4.0884545e-01
  -6.4708936e-01
  -1.1342430e+00
  -1.5712442e+00
  -1.7845392e+00
  -1.8149128e+00
  -1.6922696e+00
  -1.5318387e+00
  -1.4074129e+00
  -2.7055900e+00
  -2.8213460e+00
  -2.9220047e+00
  -2.9235535e+00
  -2.7346675e+00
  -2.3910623e+00
  -2.1406751e+00
  -2.1664290e+00
  -2.3937657e+00
  -2.7767589e+00
  -3.2743351e+00
  -3.7274823e+00
  -3.0090363e+00
  -7.6622170e-01
  -2.7296331e+00
  -2.5799663e+00
  -2.0016236e+00
  -1.5288455e+00
  -1.5381666e+00
  -5.9208339e-01
  -4.8207734e-02
   3.0971795e-02
  -4.4269192e-01
  -9.4376659e-01
  -1.3493783e+00
  -1.5441958e+00
  -1.7884883e+00
  -2.0744467e+00
  -2.3560159e+00
  -2.7432766e+00
  -3.0911307e+00
  -3.2694790e+00
  -3.2927666e+00
  -3.1709557e+00
  -2.9642930e+00
  -2.7705655e+00
  -3.3584569e+00
  -3.4346104e+00
  -3.5558205e+00
  -3.6499522e+00
  -3.5789640e+00
  -3.4627254e+00
  -3.5879641e+00
  -3.8664083e+00
  -4.1270766e+00
  -4.4097791e+00
  -4.6768613e+00
  -4.5446062e+00
  -2.5233486e+00
  -8.6208606e-01
  -2.4402838e+00
  -2.0711040e+00
  -1.9800800e+00
  -1.7779796e+00
  -1.2485946e+00
  -5.0566232e-01
  -6.7946851e-02
  -2.8644806e-01
  -1.2151634e+00
  -1.8490871e+00
  -2.3843653e+00
  -2.6030135e+00
  -2.7976410e+00
  -2.9729462e+00
  -3.1260457e+00
  -3.3843689e+00
  -3.6875746e+00
  -3.8815749e+00
  -3.9306002e+00
  -3.8234551e+00
  -3.6071491e+00
  -3.4234753e+00
  -3.2443042e+00
  -3.3041751e+00
  -3.5530014e+00
  -3.9031808e+00
  -4.2062030e+00
  -4.5875731e+00
  -5.1152983e+00
  -5.4712124e+00
  -5.5895185e+00
  -5.5865355e+00
  -5.4153743e+00
  -4.4886150e+00
  -1.4635825e+00
  -6.6974521e-01
  -1.4859297e+00
  -1.5439833e+00
  -1.4174013e+00
  -1.5239457e+00
  -8.4297854e-01
  -3.0419832e-01
  -2.8863668e-01
  -6.6523725e-01
  -1.8421857e+00
  -2.6380796e+00
  -2.9962809e+00
  -3.0499697e+00
  -3.0698855e+00
  -3.0663805e+00
  -3.0975969e+00
  -3.2685809e+00
  -3.5507295e+00
  -3.7516418e+00
  -3.8105395e+00
  -3.7087128e+00
  -3.5074186e+00
  -3.3292737e+00
  -2.5458930e+00
  -2.6818502e+00
  -3.0985692e+00
  -3.6918883e+00
  -4.3624754e+00
  -5.1596675e+00
  -5.9865394e+00
  -6.4522877e+00
  -6.4713101e+00
  -6.0873265e+00
  -5.3140621e+00
  -3.5783861e+00
   2.6568469e-01
   3.8929015e-01
  -7.7266383e-01
  -1.1888421e+00
  -1.0539256e+00
  -1.1552552e+00
  -6.1011314e-01
  -3.7327033e-01
  -6.3217139e-01
  -1.2955515e+00
  -2.1317296e+00
  -3.1402557e+00
  -3.1808004e+00
  -3.0369892e+00
  -2.8966415e+00
  -2.7178109e+00
  -2.6308138e+00
  -2.7130005e+00
  -2.9214091e+00
  -3.0773785e+00
  -3.1223736e+00
  -3.0188005e+00
  -2.8401558e+00
  -2.6480448e+00
  -2.2568848e+00
  -2.6044097e+00
  -3.0601730e+00
  -3.5410914e+00
  -4.0954285e+00
  -4.7810111e+00
  -5.4994955e+00
  -5.9476118e+00
  -5.9885774e+00
  -5.4876361e+00
  -4.4140344e+00
  -2.3092139e+00
   9.1481507e-01
  -1.2427366e-01
  -9.6825832e-01
  -1.3847402e+00
  -9.9186301e-01
  -7.9448384e-01
  -6.6484785e-01
  -5.6222427e-01
  -9.2614985e-01
  -1.9977002e+00
  -3.0913367e+00
  -3.2982817e+00
  -3.0532293e+00
  -2.7597833e+00
  -2.4810209e+00
  -2.1789446e+00
  -1.9955434e+00
  -1.9765863e+00
  -2.1116440e+00
  -2.2284091e+00
  -2.2742488e+00
  -2.2446198e+00
  -2.1725280e+00
  -2.1279666e+00
  -3.0386407e+00
  -3.6942706e+00
  -4.2728963e+00
  -4.7599468e+00
  -5.1418710e+00
  -5.4379530e+00
  -5.5604267e+00
  -5.3992858e+00
  -4.9132504e+00
  -4.0383916e+00
  -2.4565790e+00
  -5.9799141e-01
   1.2946490e+00
  -3.9966857e-01
  -1.7897116e+00
  -1.8021315e+00
  -9.9461466e-01
  -6.5455025e-01
  -8.9598310e-01
  -7.0903909e-01
  -1.0940546e+00
  -2.4471734e+00
  -3.4109166e+00
  -3.3161762e+00
  -2.9371042e+00
  -2.5096934e+00
  -2.0842032e+00
  -1.6746361e+00
  -1.3895067e+00
  -1.2574884e+00
  -1.3514345e+00
  -1.4955643e+00
  -1.6411967e+00
  -1.8267162e+00
  -2.0712633e+00
  -2.4405994e+00
  -4.1406498e+00
  -4.9888428e+00
  -5.6692551e+00
  -6.2192399e+00
  -6.5223257e+00
  -6.5653040e+00
  -6.2496283e+00
  -5.5829828e+00
  -4.5909452e+00
  -3.2665826e+00
  -1.2053467e+00
   2.7941578e-01
   1.2218469e+00
  -5.4061627e-01
  -2.6309976e+00
  -2.4237132e+00
  -1.1068416e+00
  -6.4456235e-01
  -1.1008279e+00
  -8.4643038e-01
  -1.1880915e+00
  -3.4679969e+00
  -3.5401831e+00
  -3.2866326e+00
  -2.8487710e+00
  -2.3272836e+00
  -1.7871943e+00
  -1.2837052e+00
  -9.3039692e-01
  -6.7371986e-01
  -7.0975951e-01
  -9.0556265e-01
  -1.2138107e+00
  -1.7016160e+00
  -2.3492906e+00
  -3.1650334e+00
  -3.9370084e+00
  -4.8601502e+00
  -5.6034105e+00
  -6.1832258e+00
  -6.4830572e+00
  -6.5100428e+00
  -6.2000706e+00
  -5.5526460e+00
  -4.5292219e+00
  -3.0053250e+00
  -1.0411243e+00
   6.2211822e-01
   1.0294598e+00
  -9.0003611e-01
  -3.1793462e+00
  -3.6836729e+00
  -1.6670365e+00
  -7.6713505e-01
  -1.2483104e+00
  -1.0838886e+00
  -1.3880020e+00
  -3.2118543e+00
  -3.0913063e+00
  -2.7699167e+00
  -2.3473720e+00
  -1.8286990e+00
  -1.2875183e+00
  -7.7883371e-01
  -5.2617496e-01
  -2.5646549e-01
  -2.2470127e-01
  -4.0057783e-01
  -7.2463456e-01
  -1.2563609e+00
  -1.9802680e+00
  -2.8856150e+00
  -2.5188134e+00
  -3.4002907e+00
  -4.2692347e+00
  -5.1062574e+00
  -5.6841249e+00
  -5.9327097e+00
  -5.8164039e+00
  -5.3443246e+00
  -4.4905639e+00
  -3.0843279e+00
  -1.2708961e+00
   8.4757495e-01
   1.0978628e+00
  -1.3096861e+00
  -3.0779235e+00
  -4.0276880e+00
  -2.4270864e+00
  -9.4286394e-01
  -1.2921634e+00
  -1.3515345e+00
  -2.9121561e+00
  -3.2521920e+00
  -2.5619447e+00
  -2.2798958e+00
  -1.9576114e+00
  -1.5186217e+00
  -1.0708829e+00
  -6.9530523e-01
  -6.0677439e-01
  -3.9090475e-01
  -3.0874175e-01
  -4.1354007e-01
  -6.3013536e-01
  -9.1601384e-01
  -1.2540236e+00
  -1.7478750e+00
  -1.4713705e+00
  -2.1039629e+00
  -3.0375996e+00
  -4.1795702e+00
  -5.0838904e+00
  -5.6485224e+00
  -5.8783889e+00
  -5.7520885e+00
  -5.2640405e+00
  -4.1915560e+00
  -2.2478974e+00
   7.5378263e-01
   1.0054235e+00
  -2.0312335e+00
  -2.9712019e+00
  -3.7360275e+00
  -2.4576287e+00
  -1.2256366e+00
  -1.5484836e+00
  -2.1805191e+00
  -4.6018615e+00
  -3.4186997e+00
  -2.4644296e+00
  -2.1976686e+00
  -1.9011099e+00
  -1.5156798e+00
  -1.1924243e+00
  -9.6187174e-01
  -1.0029708e+00
  -9.3597054e-01
  -8.8411409e-01
  -9.4702601e-01
  -1.1415246e+00
  -1.3038558e+00
  -1.2867475e+00
  -1.2408948e+00
  -1.6474718e+00
  -1.8811536e+00
  -2.7219226e+00
  -4.0520720e+00
  -5.1993580e+00
  -6.0292354e+00
  -6.5480428e+00
  -6.6972618e+00
  -6.4912267e+00
  -5.6994863e+00
  -3.7993276e+00
   8.7221123e-02
  -8.7645553e-02
  -3.1242223e+00
  -3.2987154e+00
  -3.5081680e+00
  -2.1226130e+00
  -1.4386292e+00
  -2.0742841e+00
  -4.5555944e+00
  -4.8439283e+00
  -3.4851713e+00
  -2.8406098e+00
  -2.5347109e+00
  -2.0402524e+00
  -1.4704196e+00
  -1.1400976e+00
  -9.1136670e-01
  -1.1649827e+00
  -1.4090625e+00
  -1.5100579e+00
  -1.6480939e+00
  -1.9396831e+00
  -2.1741986e+00
  -2.1366704e+00
  -1.8825619e+00
  -2.5815480e+00
  -2.4624314e+00
  -2.8427393e+00
  -3.7991939e+00
  -4.7798409e+00
  -5.5940285e+00
  -6.2453246e+00
  -6.6063061e+00
  -6.6500788e+00
  -6.2036943e+00
  -5.0018597e+00
  -1.8614489e+00
  -1.9343446e+00
  -4.2296681e+00
  -4.3659492e+00
  -4.3917918e+00
  -3.5466969e+00
  -1.8475838e+00
  -2.4989333e+00
  -4.9606481e+00
  -4.5487976e+00
  -3.5808446e+00
  -3.2766790e+00
  -3.0323400e+00
  -2.2642765e+00
  -1.1264950e+00
  -4.9275386e-01
  -2.1060051e-01
  -9.9350333e-01
  -1.5664799e+00
  -1.8497640e+00
  -2.1468575e+00
  -2.5664513e+00
  -2.9342880e+00
  -3.0428219e+00
  -2.9080198e+00
  -3.3829856e+00
  -3.1498022e+00
  -3.1417904e+00
  -3.5071683e+00
  -4.0410128e+00
  -4.6058774e+00
  -5.2413716e+00
  -5.7487459e+00
  -6.0043888e+00
  -5.8629432e+00
  -5.2591753e+00
  -4.0411315e+00
  -3.1181314e+00
  -4.5584226e+00
  -5.2919130e+00
  -5.0951390e+00
  -4.9666877e+00
  -3.4379530e+00
  -4.2613740e+00
  -4.1463413e+00
  -3.8277550e+00
  -3.1965804e+00
  -3.1507046e+00
  -3.0356536e+00
  -2.1411781e+00
  -9.8714495e-01
  -3.6254191e-01
   3.6712104e-01
  -1.1460849e+00
  -1.5858529e+00
  -1.9553767e+00
  -2.3947296e+00
  -2.9074554e+00
  -3.3703468e+00
  -3.5916691e+00
  -3.5949328e+00
  -3.7311611e+00
  -3.5474482e+00
  -3.4135201e+00
  -3.3849308e+00
  -3.4171820e+00
  -3.5873582e+00
  -3.9842708e+00
  -4.4314713e+00
  -4.8009229e+00
  -4.9247532e+00
  -4.5283585e+00
  -5.0806117e+00
  -5.2013755e+00
  -4.6603088e+00
  -5.1701250e+00
  -4.6816292e+00
  -4.3581243e+00
  -5.0838909e+00
  -3.2234542e+00
  -2.3731072e+00
  -2.2310245e+00
  -1.9341531e+00
  -2.0362859e+00
  -2.0252383e+00
  -1.1260470e+00
  -7.4612111e-01
  -4.0825310e-01
   3.6743912e-01
  -8.0425209e-01
  -1.2484354e+00
  -1.7010949e+00
  -2.2903214e+00
  -2.9134965e+00
  -3.4609048e+00
  -3.7672634e+00
  -3.8464055e+00
  -3.4095058e+00
  -3.3154571e+00
  -3.2246654e+00
  -3.1084893e+00
  -2.8882437e+00
  -2.7414291e+00
  -2.7611797e+00
  -2.9241681e+00
  -3.2020719e+00
  -3.5927806e+00
  -3.7311141e+00
  -5.1879625e+00
  -4.7487559e+00
  -4.0289569e+00
  -4.1139579e+00
  -3.4049060e+00
  -2.2338467e+00
  -2.0876276e+00
  -1.0735828e+00
  -4.3848276e-02
  -1.3438168e-01
   1.3113859e-01
   4.5914814e-02
  -8.7688088e-02
   4.4130433e-01
  -1.8820755e-02
  -1.0780820e+00
  -3.2941037e-01
  -4.2391846e-01
  -3.8263679e-01
  -8.3639127e-01
  -1.5513915e+00
  -2.2751875e+00
  -2.9021807e+00
  -3.2979057e+00
  -3.4445264e+00
  -2.6069515e+00
  -2.6233263e+00
  -2.6232836e+00
  -2.5522006e+00
  -2.3472300e+00
  -2.0658097e+00
  -1.8245918e+00
  -1.7292783e+00
  -1.8048986e+00
  -2.1862214e+00
  -3.1446872e+00
  -4.1235948e+00
  -3.5644701e+00
  -2.8870461e+00
  -2.5449445e+00
  -1.8249416e+00
  -6.5847701e-01
   2.1151587e-01
   6.9128346e-01
   1.0568968e+00
   1.4946729e+00
   2.0213852e+00
   1.9834485e+00
   1.6462440e+00
   7.4704087e-01
  -3.8944364e-01
  -8.7364274e-01
  -5.9659827e-01
  -1.2463532e-02
   6.9433838e-01
   3.8360378e-01
  -3.6693314e-01
  -1.1395516e+00
  -1.8663185e+00
  -2.3361182e+00
  -2.5587022e+00
  -1.3231335e+00
  -1.4827530e+00
  -1.6153519e+00
  -1.6526135e+00
  -1.5447742e+00
  -1.2860997e+00
  -9.1582382e-01
  -6.2321836e-01
  -4.7543353e-01
  -5.7514161e-01
  -1.1286391e+00
  -1.7825305e+00
  -1.5071913e+00
  -9.1362870e-01
  -3.1624502e-01
   3.7568513e-02
   6.9566065e-01
   1.7080541e+00
   1.5107802e+00
   8.5528320e-01
   2.2857342e+00
   2.7177243e+00
   3.2042310e+00
   3.5408938e+00
   3.1652665e+00
   2.2033925e+00
   1.9728785e+00
   1.0749601e+00
   7.8499353e-01
   7.9636949e-01
   1.7573398e+00
   1.3112876e+00
   5.5501747e-01
  -2.6051372e-01
  -8.1276298e-01
  -1.1289489e+00
  -3.0143362e-01
  -5.3071910e-01
  -7.1185499e-01
  -8.0533093e-01
  -7.5196686e-01
  -5.5862135e-01
  -2.0416066e-01
   1.3930425e-01
   3.7396592e-01
   4.9801946e-01
   4.1629897e-01
   2.6821895e-02
   5.6448299e-01
   9.4375259e-01
   1.3601087e+00
   1.4379908e+00
   1.7802431e+00
   2.4404910e+00
   1.7747128e+00
   9.5971770e-01
   1.0602384e+00
   1.0490862e+00
   1.6547814e+00
   3.3693912e+00
   4.6524520e+00
   4.2236647e+00
   3.8141947e+00
   2.9103699e+00
   2.1356299e+00
   1.0040315e+00
   2.3289640e+00
   2.2194979e+00
   1.6648409e+00
   9.6856862e-01
   4.2098592e-01
   1.7923273e-02
   7.3295367e-01
   5.1990563e-01
   3.6862969e-01
   2.6182342e-01
   3.0729964e-01
   4.6622488e-01
   7.5578672e-01
   1.0842900e+00
   1.3187211e+00
   1.3104149e+00
   1.0845550e+00
   1.5547050e+00
   1.5449700e+00
   1.0492539e+00
   1.6361980e+00
   1.8806078e+00
   1.6943254e+00
   1.5827661e+00
   1.1874523e+00
   1.0114843e+00
   7.6448631e-01
   8.2492685e-01
   7.8633672e-01
   9.7045165e-01
   3.0855670e+00
   4.5754080e+00
   4.3058310e+00
   3.6305268e+00
   2.5192540e+00
   1.1469246e+00
   2.0792060e+00
   2.2359731e+00
   2.2189243e+00
   1.9296669e+00
   1.4816464e+00
   1.0697082e+00
   1.4956092e+00
   1.3299375e+00
   1.2373546e+00
   1.2057508e+00
   1.3153593e+00
   1.5246321e+00
   1.7557434e+00
   1.9796187e+00
   2.1241317e+00
   2.0814111e+00
   1.2350806e+00
   2.2945077e+00
   1.1470983e+00
   9.7592747e-01
   9.7999609e-01
   1.0190541e+00
   8.8401406e-01
   1.1322098e+00
   7.9688859e-01
   5.2692610e-01
   5.8114064e-01
   6.4073265e-01
   5.2628059e-01
   6.6593629e-01
   1.2402257e+00
   1.9470928e+00
   1.7343984e+00
   1.0281856e+00
   7.7272097e-01
   6.0759294e-01
   6.2046170e-01
   1.2551525e+00
   2.1475155e+00
   2.0689428e+00
   1.8262994e+00
   1.6687775e+00
   1.9244652e+00
   1.9081361e+00
   1.8978677e+00
   1.9659151e+00
   2.1313808e+00
   2.3646097e+00
   2.5451156e+00
   2.6622097e+00
   2.7651137e+00
   2.7856852e+00
   2.0025754e+00
   2.8455368e+00
   1.7787574e+00
   1.0981921e+00
   1.0549364e+00
   9.9877131e-01
   6.1410147e-01
   1.1775229e+00
   5.3666615e-01
   2.3915821e-01
   3.6757420e-01
   3.4067055e-01
   2.4071206e-01
   2.7731695e-01
   3.8519333e-01
   2.5195691e-01
  -5.6645431e-02
   1.9286933e-01
   1.6515616e-01
   4.5405897e-02
   3.7182523e-01
   3.5241657e-01
   5.5925351e-01
   1.2709201e+00
   1.5847229e+00
   1.8427178e+00
   1.8226738e+00
   2.0149268e+00
   2.1572075e+00
   2.3074155e+00
   2.4745928e+00
   2.6438520e+00
   2.7761636e+00
   2.8595354e+00
   2.9093423e+00
   2.9815235e+00
   2.6875853e+00
   2.4930239e+00
   3.0718510e+00
   1.4829731e+00
   1.5536187e+00
   1.6969031e+00
   6.7853359e-01
   1.0508331e+00
   5.8085936e-01
   2.2309758e-01
   1.5545100e-01
   9.3130000e-02
   1.2980541e-01
  -6.3370481e-02
   3.0506382e-02
  -1.9555021e-01
  -5.8261335e-02
  -5.8614276e-04
   2.5891566e-02
   6.6263571e-02
  -1.7339998e-01
   6.2691141e-02
   2.2374274e-01
   2.2267941e-01
   8.1859158e-01
   1.4691532e+00
   1.4649085e+00
   1.6943476e+00
   1.8470465e+00
   1.9933361e+00
   2.1566427e+00
   2.2733576e+00
   2.3462870e+00
   2.3599970e+00
   2.3535357e+00
   2.3787861e+00
   1.5575321e+00
   1.9849837e+00
   2.3163409e+00
   1.8385807e+00
   1.6052535e+00
   1.1112305e+00
   9.0990460e-01
   1.0232835e+00
   6.4225656e-01
   2.0105782e-01
   1.2215989e-01
   1.2327876e-01
  -5.8807861e-02
   1.7116936e-03
  -3.0867165e-01
  -4.1771030e-01
  -2.3379299e-01
  -1.3588049e+00
  -1.2948276e+00
  -6.4829874e-01
  -2.6419174e-02
  -1.1749116e-01
  -2.5569811e-01
  -4.8222076e-03
   5.6941450e-01
   1.1113195e+00
   6.4197826e-01
   7.1451655e-01
   7.6984191e-01
   8.4282994e-01
   9.0389789e-01
   9.5403951e-01
   9.5641285e-01
   9.5131505e-01
   9.2784667e-01
   9.0366322e-01
   8.7841149e-01
   9.0698647e-01
   8.7448901e-01
   6.8906132e-01
   4.8636949e-01
   2.5432619e-01
   2.5197867e-01
   7.2714508e-02
  -1.7310321e-01
  -1.0245706e-01
   1.1746868e-02
  -1.1625942e-01
  -1.4302569e-01
  -1.1960173e-01
  -3.0321193e-01
  -6.4614393e-02
   6.5058076e-01
   6.5693313e-01
   2.5903785e-01
   3.1656015e-01
   4.6450561e-01
   5.3234857e-01
   5.2990025e-01
   5.1176226e-01
   5.5082160e-01
   5.7644397e-01
  -4.8237094e-01
  -5.5261821e-01
  -5.7478976e-01
  -6.3955295e-01
  -4.7611725e-01
  -3.5980579e-01
  -4.8667416e-01
  -6.4800674e-01
  -6.8123913e-01
  -7.2899538e-01
  -7.9582649e-01
  -7.8041881e-01
  -7.4643975e-01
  -7.0095277e-01
  -7.2527325e-01
  -7.3330528e-01
  -5.8323377e-01
  -3.6974624e-01
  -2.8300732e-01
  -1.2662832e-01
  -6.8516657e-02
  -6.5778539e-02
  -7.1549013e-02
   9.8337553e-02
   4.5287143e-02
   3.0289229e-02
   1.6753116e-01
   4.2892274e-01
   6.6282266e-01
   5.6556755e-01
   5.4770023e-01
   4.5274118e-01
   3.1178197e-01
   9.2748858e-02
  -1.0317431e-01
  -3.1278154e-01
