   1.4209584e+00   1.4370555e+00   1.4289231e+00   1.4015728e+00   1.3529813e+00   1.2893775e+00   1.2216947e+00   1.1639626e+00   1.1280730e+00   1.1093324e+00   1.0965782e+00   1.0801662e+00   1.0486140e+00   9.8939830e-01   9.0488291e-01   8.0652773e-01   6.9896615e-01   5.9160459e-01   5.0054485e-01   4.8312736e-01   5.3105855e-01   6.2715799e-01   7.3390925e-01   8.3884323e-01   9.4507289e-01   1.0262978e+00   1.0936632e+00   1.1611338e+00   1.2181159e+00   1.2566907e+00   1.2774414e+00   1.2830606e+00   1.2879584e+00   1.2951803e+00   1.3298812e+00   1.3822918e+00
   9.5045269e-01   9.0233691e-01   8.3334333e-01   7.8854311e-01   7.7579787e-01   7.0906365e-01   6.2626588e-01   5.9372799e-01   6.2129825e-01   6.7427564e-01   7.3076704e-01   7.3821467e-01   7.3773670e-01   7.5195560e-01   7.4897820e-01   7.0262355e-01   6.5248374e-01   5.6294119e-01   4.6926731e-01   5.1282120e-01   6.3528979e-01   7.9331201e-01   9.2390198e-01   1.0261240e+00   1.0768968e+00   1.0879152e+00   1.1202441e+00   1.1502458e+00   1.1818000e+00   1.1807126e+00   1.1608226e+00   1.1347534e+00   1.0763701e+00   9.8217916e-01   9.2855943e-01   9.3872267e-01
   1.4601899e+00   1.4593259e+00   1.5664772e+00   1.7666790e+00   1.9016589e+00   1.9347674e+00   1.9046527e+00   1.8481855e+00   1.7631491e+00   1.6201981e+00   1.4903115e+00   1.3840256e+00   1.2756201e+00   1.2269590e+00   1.2927711e+00   1.4841275e+00   1.7169402e+00   1.9428531e+00   2.1392021e+00   2.2260542e+00   2.1755483e+00   2.0393035e+00   1.8910617e+00   1.7481283e+00   1.5904663e+00   1.4771136e+00   1.4464049e+00   1.4587904e+00   1.4753355e+00   1.4388218e+00   1.3826559e+00   1.3387256e+00   1.3002495e+00   1.4425455e+00   1.6447982e+00   1.5425049e+00
   4.4116120e+00   4.4266017e+00   4.5018005e+00   4.5768938e+00   4.6033152e+00   4.5584354e+00   4.4571710e+00   4.3688734e+00   4.2687821e+00   4.1463375e+00   4.0083544e+00   3.8838618e+00   3.7621832e+00   3.6608331e+00   3.5478826e+00   3.4309700e+00   3.3688037e+00   3.3913636e+00   3.3986855e+00   3.3725628e+00   3.3992095e+00   3.3353887e+00   3.2512500e+00   3.2276056e+00   3.3518705e+00   3.5703346e+00   3.7985835e+00   4.0230117e+00   4.1630204e+00   4.2523332e+00   4.3020778e+00   4.3435734e+00   4.3762336e+00   4.3547387e+00   4.9025543e+00   4.6322536e+00
   6.6619684e+00   6.5860219e+00   6.5128357e+00   6.4097177e+00   6.2816381e+00   6.1530597e+00   6.0117819e+00   5.8949609e+00   5.8415454e+00   5.8548424e+00   5.8445134e+00   5.7965505e+00   5.7265704e+00   5.5814023e+00   5.3176273e+00   4.8180460e+00   4.2648816e+00   3.9515534e+00   3.0643262e+00   2.6886415e+00   2.9804453e+00   3.5941580e+00   3.9749963e+00   4.3326559e+00   4.8122396e+00   5.3023481e+00   5.7482126e+00   6.0534217e+00   6.2388339e+00   6.3569777e+00   6.4591147e+00   6.5486493e+00   6.6170189e+00   6.3551566e+00   7.0668230e+00   6.9130441e+00
   7.0288639e+00   6.9071478e+00   6.7034593e+00   6.4581332e+00   6.2371977e+00   6.0684299e+00   5.9585576e+00   5.9352882e+00   5.9796700e+00   6.0966921e+00   6.2066114e+00   6.2817545e+00   6.2555265e+00   6.1290519e+00   5.8242593e+00   5.1099505e+00   4.1279407e+00   2.7512686e+00   1.6039425e+00   1.2948918e+00   1.7391392e+00   3.0172193e+00   3.8756585e+00   4.5487332e+00   5.2275691e+00   5.7361653e+00   6.1216502e+00   6.3731623e+00   6.5324295e+00   6.6509070e+00   6.7454710e+00   6.8085330e+00   6.8271427e+00   6.4746771e+00   7.0688485e+00   7.0530000e+00
   5.7658744e+00   5.5854740e+00   5.3093438e+00   4.9896178e+00   4.7506003e+00   4.6048012e+00   4.5623302e+00   4.6336479e+00   4.7913380e+00   5.0076785e+00   5.1997018e+00   5.3286700e+00   5.3714275e+00   5.3005977e+00   5.1087751e+00   4.5821643e+00   2.4113710e+00   1.0590279e+00   8.8223553e-01   6.8486822e-01   1.2714314e+00   2.2729967e+00   3.1808202e+00   3.9396818e+00   4.4938765e+00   4.7866678e+00   4.9845643e+00   5.1806250e+00   5.3066592e+00   5.3764830e+00   5.3625998e+00   5.3079185e+00   5.2753477e+00   5.0907860e+00   5.7558436e+00   5.7964597e+00
   2.9562359e+00   2.7680112e+00   2.5157800e+00   2.2436485e+00   2.0669591e+00   1.9853039e+00   2.0372322e+00   2.2007699e+00   2.4412339e+00   2.7048433e+00   2.8916842e+00   3.0273697e+00   3.1211550e+00   3.1715153e+00   3.2330003e+00   3.2979720e+00   1.2319689e+00   1.2183042e+00   1.3418949e+00   1.5042126e+00   1.3918771e+00   1.6230913e+00   2.2348075e+00   2.5833528e+00   2.6629860e+00   2.6106107e+00   2.5954883e+00   2.6584895e+00   2.6922945e+00   2.6755507e+00   2.5467432e+00   2.3642919e+00   2.3342021e+00   2.4354684e+00   2.8844112e+00   3.0203884e+00
   1.1872716e+00   1.1997507e+00   1.1509399e+00   1.1027284e+00   1.0950139e+00   1.0800236e+00   1.0371790e+00   9.8397571e-01   9.0888095e-01   8.8322401e-01   8.8127470e-01   9.0979052e-01   9.8995656e-01   1.1808901e+00   1.5801470e+00   2.5960066e+00   3.1762767e+00   3.6884756e+00   2.9407530e+00   1.8468106e+00   1.6635501e+00   1.3481328e+00   1.2428954e+00   9.4997674e-01   7.1287763e-01   7.4334228e-01   7.9960376e-01   8.7398928e-01   1.0218154e+00   1.1651173e+00   1.2788165e+00   1.1831108e+00   9.3992841e-01   8.5663611e-01   9.7018588e-01   1.1272675e+00
   3.5700755e+00   3.5518682e+00   3.5020423e+00   3.4694769e+00   3.4651518e+00   3.4099302e+00   3.3030157e+00   3.1439817e+00   2.9764805e+00   2.8419325e+00   2.7475104e+00   2.6923454e+00   2.6852238e+00   2.6350493e+00   2.4542058e+00   2.2483370e+00   2.1973059e+00   1.9918050e+00   1.6873087e+00   1.1156259e+00   8.3490407e-01   9.2077023e-01   1.2604910e+00   1.7458987e+00   2.1755970e+00   2.4556673e+00   2.6977839e+00   2.9786296e+00   3.2371223e+00   3.4347737e+00   3.5355947e+00   3.3966393e+00   3.1988590e+00   3.1771696e+00   3.3352008e+00   3.4937272e+00
   5.4657702e+00   5.3495417e+00   5.2351546e+00   5.1335831e+00   5.0502610e+00   4.9477634e+00   4.8504224e+00   4.6945038e+00   4.6001635e+00   4.5221124e+00   4.4973264e+00   4.5168839e+00   4.5404286e+00   4.4602299e+00   4.1489429e+00   3.5433218e+00   2.5360625e+00   1.8765901e+00   1.8228126e+00   1.2730777e+00   1.7561100e+00   2.4297574e+00   2.9311438e+00   3.3853619e+00   3.7243268e+00   4.0159931e+00   4.3486929e+00   4.7022882e+00   4.9293914e+00   5.0093765e+00   4.9915633e+00   4.8612914e+00   4.8098617e+00   4.9595952e+00   5.2436972e+00   5.4352012e+00
   6.5250754e+00   6.3560619e+00   6.1840119e+00   6.0205765e+00   5.8345933e+00   5.6969018e+00   5.5663915e+00   5.4315677e+00   5.3945417e+00   5.4098444e+00   5.4831185e+00   5.5827284e+00   5.7015705e+00   5.7606668e+00   5.6356459e+00   5.1979041e+00   4.4012933e+00   3.8414524e+00   3.3077753e+00   3.0891066e+00   3.5331104e+00   3.9741626e+00   4.2826324e+00   4.4236350e+00   4.5874720e+00   4.9184670e+00   5.3381414e+00   5.6734529e+00   5.7260671e+00   5.5462623e+00   5.2219787e+00   5.2383537e+00   5.6978726e+00   6.0468163e+00   6.4016676e+00   6.5738387e+00
   6.5344505e+00   6.3156195e+00   6.0594082e+00   5.8126378e+00   5.5723209e+00   5.4283476e+00   5.2984757e+00   5.2437658e+00   5.3131671e+00   5.4654088e+00   5.6374235e+00   5.8288088e+00   6.0500445e+00   6.2462234e+00   6.3146863e+00   5.9829297e+00   5.4103870e+00   4.8720384e+00   4.3604178e+00   4.1937160e+00   4.4501286e+00   4.7536721e+00   4.8046846e+00   4.5654640e+00   4.6388283e+00   4.9906893e+00   5.4229708e+00   5.6676216e+00   5.5612626e+00   5.2299099e+00   4.7380667e+00   4.8822980e+00   5.9198823e+00   6.3869209e+00   6.6507134e+00   6.6827574e+00
   5.5647955e+00   5.2485790e+00   4.9407959e+00   4.6999907e+00   4.5285769e+00   4.4274807e+00   4.4005146e+00   4.4823589e+00   4.6674547e+00   4.8946729e+00   5.1077900e+00   5.3617988e+00   5.6340971e+00   5.8879747e+00   6.1071763e+00   5.9453936e+00   5.4911480e+00   5.1185188e+00   4.7128162e+00   4.3103490e+00   4.4473143e+00   4.0003390e+00   3.6653805e+00   4.1093764e+00   4.1791830e+00   4.4566684e+00   4.7980690e+00   4.9901524e+00   4.9369535e+00   4.6889100e+00   4.3717504e+00   4.5245299e+00   5.6864400e+00   6.1599483e+00   6.1278191e+00   5.8633432e+00
   3.5377209e+00   3.2345347e+00   3.0892136e+00   3.0889492e+00   3.1701198e+00   3.2917769e+00   3.4625058e+00   3.6072357e+00   3.6839886e+00   3.7283926e+00   3.8078065e+00   4.0127468e+00   4.2658725e+00   4.5175829e+00   4.9600706e+00   5.2649350e+00   4.8324623e+00   4.6813750e+00   4.4078927e+00   3.5239317e+00   2.7937355e+00   1.7591813e+00   2.0940006e+00   3.2017477e+00   3.3239181e+00   3.4724426e+00   3.6884184e+00   3.9135666e+00   4.0971527e+00   4.1816115e+00   3.5038853e+00   3.4342024e+00   4.5676403e+00   5.0374756e+00   4.7293997e+00   4.0074615e+00
   1.6964246e+00   1.7461137e+00   1.9776384e+00   2.3584230e+00   2.7855864e+00   3.2047427e+00   3.5498097e+00   3.6546783e+00   3.4874835e+00   3.1053576e+00   2.6847179e+00   2.4195411e+00   2.4644911e+00   2.7402780e+00   3.5457971e+00   3.9556284e+00   3.9120977e+00   4.0703111e+00   3.7506483e+00   2.7542129e+00   1.1690273e+00   7.1658534e-01   2.1526420e+00   2.5696099e+00   2.6543412e+00   2.6802163e+00   2.7319350e+00   2.9191058e+00   3.3030603e+00   3.9023683e+00   2.4414546e+00   2.6608629e+00   3.9300454e+00   2.4752555e+00   3.0324500e+00   2.0370047e+00
   1.5779537e+00   2.0055878e+00   2.4968462e+00   3.0904355e+00   3.6828551e+00   4.2203856e+00   4.6218104e+00   4.7293830e+00   4.5043278e+00   3.9247646e+00   3.0925214e+00   2.0721288e+00   1.1783164e+00   1.3815087e+00   2.1456389e+00   1.4423271e+00   2.7207320e+00   3.3226700e+00   2.4278955e+00   2.9446015e+00   1.5342752e+00   1.2834817e+00   2.5699034e+00   2.7887044e+00   2.8598502e+00   2.7295582e+00   2.4665253e+00   2.2711473e+00   2.5323994e+00   3.0744905e+00   2.1625979e+00   1.4408019e+00   2.1944320e+00   9.6510595e-01   2.3150902e+00   1.5876279e+00
   2.5265152e+00   3.0090247e+00   3.5327449e+00   4.1191764e+00   4.6642961e+00   5.1287373e+00   5.4430688e+00   5.5010150e+00   5.2767361e+00   4.7621683e+00   4.0072575e+00   2.9504360e+00   1.4877196e+00   9.8903602e-01   2.1063700e+00   1.5938626e+00   1.2711620e+00   1.8590325e+00   1.0156506e+00   2.5588366e+00   2.9553312e+00   3.3935214e+00   3.4147235e+00   3.5792337e+00   3.6008721e+00   3.3314911e+00   2.7978760e+00   2.1029205e+00   1.6862954e+00   1.2970001e+00   2.4950196e+00   7.7254083e-01   1.4915490e+00   5.6121551e-01   2.2323112e+00   2.4428613e+00
   3.2295433e+00   3.5644126e+00   3.9576731e+00   4.3844661e+00   4.7762012e+00   5.1353263e+00   5.3974412e+00   5.4568036e+00   5.2729715e+00   4.8158282e+00   4.1459460e+00   3.2764722e+00   2.2402088e+00   2.3000571e+00   3.3980406e+00   3.3721481e+00   1.1054178e+00   1.0718270e+00   5.1975143e-01   2.2896881e+00   3.7808969e+00   4.0105224e+00   3.9048026e+00   4.0851903e+00   4.0409346e+00   3.7249000e+00   3.0974334e+00   2.0923343e+00   9.6343279e-01   7.9189470e-01   2.4351067e+00   1.0059880e+00   1.9803374e+00   5.7910131e-01   1.9598103e+00   3.1618508e+00
   3.2111964e+00   3.3645971e+00   3.6067014e+00   3.8548069e+00   4.1024666e+00   4.4072928e+00   4.7259035e+00   4.9336824e+00   4.9640713e+00   4.7882142e+00   4.4332485e+00   3.9022009e+00   3.2540019e+00   2.8578932e+00   2.3580191e+00   4.0498204e+00   1.0792739e+00   4.0772590e-01   6.1974782e-01   2.3937147e+00   3.9827042e+00   4.0784636e+00   4.1740804e+00   4.4068413e+00   4.4354076e+00   4.1654377e+00   3.5609720e+00   2.4684670e+00   1.2122054e+00   1.1593851e+00   2.6465707e+00   1.9207686e+00   2.6870363e+00   8.2905281e-01   1.8614947e+00   3.1152186e+00
   3.1409619e+00   3.1368876e+00   3.2701967e+00   3.4168005e+00   3.5811861e+00   3.8402841e+00   4.1545324e+00   4.4194121e+00   4.5763688e+00   4.6081457e+00   4.5162768e+00   4.3211975e+00   4.1081223e+00   2.9886129e+00   1.3385686e+00   2.8225620e+00   1.0311639e+00   4.7217566e-01   8.8721019e-01   1.9645032e+00   3.7862577e+00   4.1820498e+00   4.4084249e+00   4.7257781e+00   4.9162407e+00   4.7874193e+00   4.2594619e+00   3.2064526e+00   1.9876350e+00   1.2373494e+00   2.9307051e+00   3.2443702e+00   2.7041209e+00   7.7641827e-01   1.3331331e+00   2.8537495e+00
   3.3534691e+00   3.3080795e+00   3.3086498e+00   3.3933697e+00   3.5195680e+00   3.6917889e+00   3.8793519e+00   4.0572476e+00   4.2127428e+00   4.3529091e+00   4.4713631e+00   4.5704584e+00   4.7807913e+00   4.4474072e+00   3.2838295e+00   1.4234424e+00   7.5666237e-01   6.2751019e-01   1.3163055e+00   1.9555602e+00   3.8415859e+00   4.2536526e+00   4.4961171e+00   4.9043412e+00   5.2908177e+00   5.4078689e+00   5.0718861e+00   4.0330615e+00   2.6169045e+00   1.1594367e+00   3.8453240e+00   4.7368412e+00   2.0879855e+00   4.7860295e-01   1.1441916e+00   2.8973236e+00
   3.3601816e+00   3.5578556e+00   3.5194120e+00   3.5285988e+00   3.5768483e+00   3.6073320e+00   3.6292672e+00   3.7027054e+00   3.8462918e+00   4.0474725e+00   4.3037968e+00   4.6034431e+00   5.1145229e+00   5.5476775e+00   4.4439907e+00   6.7952108e-01   4.1471648e-01   7.4324799e-01   1.5969507e+00   3.5504904e+00   4.3709393e+00   4.3918943e+00   4.5370774e+00   4.8749924e+00   5.3096380e+00   5.5625510e+00   5.4757228e+00   4.6367226e+00   2.8090172e+00   1.1235573e+00   4.2072716e+00   5.5756898e+00   3.5248466e+00   9.5005429e-01   1.0408351e+00   2.8596492e+00
   2.7281096e+00   3.1643479e+00   3.3658547e+00   3.4321597e+00   3.4368114e+00   3.3892105e+00   3.3366656e+00   3.3625083e+00   3.4883003e+00   3.7125504e+00   3.9912837e+00   4.3213830e+00   4.7903600e+00   5.7207484e+00   4.9584789e+00   8.8955176e-01   2.6474434e-01   5.7718086e-01   9.0232891e-01   3.6414144e+00   4.4501433e+00   4.4442387e+00   4.4301858e+00   4.5219121e+00   4.7870283e+00   5.0532370e+00   5.1766524e+00   4.7750683e+00   2.7123392e+00   9.9834794e-01   3.8439596e+00   5.2283130e+00   5.9066072e+00   2.9591329e+00   1.0334352e+00   2.3305345e+00
   1.6050155e+00   1.8840364e+00   2.3345189e+00   2.5801425e+00   2.6881065e+00   2.7082896e+00   2.6996078e+00   2.7652009e+00   2.8776007e+00   3.0623872e+00   3.2704706e+00   3.6107419e+00   3.5974717e+00   4.9899888e+00   5.3680139e+00   1.6825216e+00   4.8099595e-01   1.7564080e+00   2.6496727e+00   3.9971843e+00   4.0463710e+00   3.9582369e+00   3.8044405e+00   3.6383548e+00   3.5949068e+00   3.7581079e+00   4.0615516e+00   4.4992099e+00   2.3903341e+00   1.2114879e+00   3.1435285e+00   3.6629369e+00   5.4199018e+00   3.8411939e+00   1.3899779e+00   1.5531578e+00
   1.0087938e+00   6.4397728e-01   7.8926587e-01   8.9783472e-01   1.0846676e+00   1.2832890e+00   1.4683563e+00   1.6491661e+00   1.8074899e+00   1.9345297e+00   2.0392518e+00   2.3034732e+00   2.7664895e+00   3.5546277e+00   4.8966947e+00   2.8469701e+00   1.0988533e+00   3.2965016e+00   4.7207036e+00   3.2160885e+00   2.7400107e+00   2.5943358e+00   2.3959279e+00   2.1326923e+00   1.8568729e+00   1.8475698e+00   2.2909687e+00   3.6407111e+00   1.6633052e+00   1.4599409e+00   1.8413173e+00   1.4587982e+00   2.7854478e+00   2.8308978e+00   1.3231933e+00   1.1378655e+00
   1.6221557e+00   7.2510248e-01   9.7294313e-01   9.4596386e-01   9.1138750e-01   7.7013189e-01   5.7822776e-01   4.9572098e-01   5.5236530e-01   6.3607275e-01   6.8858266e-01   7.9271674e-01   1.1049922e+00   2.0143609e+00   3.3869367e+00   2.8587873e+00   1.5451314e+00   3.3193774e+00   2.7665513e+00   1.6419495e+00   1.0539596e+00   9.1362315e-01   7.9279625e-01   6.8677580e-01   6.9845998e-01   7.9976898e-01   1.1644676e+00   2.4751689e+00   1.6601528e+00   1.4286121e+00   7.4515015e-01   1.1612257e+00   1.7131470e+00   2.5639694e+00   1.8057964e+00   1.0440536e+00
   2.4595277e+00   1.9569702e+00   2.3200026e+00   2.3617363e+00   2.5955834e+00   2.4161527e+00   2.0047245e+00   1.6460540e+00   1.3984013e+00   1.2044449e+00   1.1255249e+00   1.2686814e+00   1.6240432e+00   2.3441136e+00   3.0130939e+00   1.6397793e+00   1.1040434e+00   1.7918373e+00   1.0078839e+00   7.6549238e-01   1.2363366e+00   1.5936050e+00   1.8434198e+00   2.0635607e+00   2.2877505e+00   2.4086645e+00   2.2795064e+00   2.1320524e+00   1.4546421e+00   1.3855079e+00   2.5490706e+00   3.2771096e+00   3.4800787e+00   2.3664479e+00   2.4690635e+00   1.3183372e+00
   2.8351905e+00   3.2951280e+00   2.5470352e+00   2.3416722e+00   2.9829699e+00   3.4373436e+00   3.1521645e+00   2.8393952e+00   2.6394160e+00   2.5075507e+00   2.5021481e+00   2.7182944e+00   3.0299962e+00   3.6719945e+00   2.4437397e+00   6.5541971e-01   8.9196349e-01   1.0770717e+00   1.6051307e+00   2.1889882e+00   2.6909626e+00   3.0747125e+00   3.3653923e+00   3.5919631e+00   3.7435815e+00   3.7448926e+00   3.5191407e+00   2.2997406e+00   1.1422888e+00   2.4579811e+00   4.0237198e+00   4.5369062e+00   3.7252786e+00   1.7189906e+00   1.5666662e+00   1.3499652e+00
   2.1194737e+00   3.5272195e+00   2.8726606e+00   2.4452236e+00   3.3384588e+00   4.0959253e+00   3.6619279e+00   3.5069606e+00   3.4437184e+00   3.4503548e+00   3.5964561e+00   3.8724906e+00   4.1519465e+00   2.2189288e+00   1.4386921e+00   1.4310877e+00   1.6174783e+00   2.0994122e+00   2.7897146e+00   3.3221967e+00   3.6835504e+00   3.9951534e+00   4.2322931e+00   4.4223413e+00   4.4741664e+00   4.3869028e+00   4.1944933e+00   3.8357704e+00   3.1477969e+00   3.3533094e+00   1.9483602e+00   1.9947313e+00   1.8496916e+00   1.8120750e+00   1.4359351e+00   1.3638408e+00
   1.4564709e+00   3.0149692e+00   3.4941311e+00   3.5453205e+00   2.5892459e+00   3.0799186e+00   3.1512420e+00   3.2600729e+00   3.3691280e+00   3.5006220e+00   3.6825301e+00   3.9339166e+00   4.1369188e+00   2.9490358e+00   2.9012567e+00   2.8349187e+00   2.8067008e+00   2.9402181e+00   3.2441861e+00   3.5165114e+00   3.7271480e+00   3.8470793e+00   3.8882329e+00   3.7634270e+00   3.7987678e+00   3.8806372e+00   3.8745613e+00   3.8924394e+00   3.8934777e+00   3.3696224e+00   1.5332472e+00   1.2763380e+00   1.3135475e+00   1.4529838e+00   1.2491473e+00   1.1554597e+00
   8.8301027e-01   2.3616819e+00   3.3165336e+00   3.0968344e+00   1.5354147e+00   1.3167936e+00   2.0670969e+00   2.3843272e+00   2.5362771e+00   2.8153162e+00   3.0487385e+00   3.2080610e+00   3.1755805e+00   3.0792668e+00   2.9339182e+00   2.8914583e+00   2.8827646e+00   2.8460531e+00   2.9011252e+00   2.9896622e+00   3.0077305e+00   2.9126823e+00   2.6382020e+00   1.8031608e+00   2.1486113e+00   2.7535851e+00   3.0242996e+00   3.0367470e+00   1.4269360e+00   1.0771441e+00   9.7139555e-01   7.0614779e-01   7.0718068e-01   8.6477190e-01   8.2678294e-01   8.6400717e-01
   4.7061449e-01   7.3842829e-01   1.2488232e+00   9.0939879e-01   5.3568369e-01   7.0974582e-01   7.1129024e-01   7.9868907e-01   1.1836345e+00   1.7087424e+00   2.0562172e+00   1.9090984e+00   1.3065031e+00   1.6073357e+00   1.6911757e+00   1.8141236e+00   1.8604344e+00   1.8869461e+00   1.8905131e+00   1.9095736e+00   1.8174409e+00   1.3304121e+00   7.6596338e-01   9.1272771e-01   1.0998530e+00   1.2973664e+00   1.0945594e+00   8.8571239e-01   5.7937789e-01   6.2620342e-01   6.5997821e-01   6.8338633e-01   4.3261915e-01   4.7653091e-01   4.4365609e-01   4.8819792e-01
   3.0952680e-01   5.9497440e-01   8.7928230e-01   7.9968697e-01   2.2707811e-01   3.4675771e-01   5.3490275e-01   6.7064023e-01   8.5814780e-01   1.2016048e+00   1.2004321e+00   4.0296513e-01   2.1361454e-01   5.8402824e-01   5.2903700e-01   5.4736203e-01   5.2366692e-01   7.0600957e-01   8.4293038e-01   8.9434469e-01   7.1441382e-01   2.6709744e-01   2.3605363e-01   3.0877325e-01   6.6754442e-01   7.4142247e-01   3.7983170e-01   4.0009332e-01   3.6981145e-01   3.1244442e-01   3.8867453e-01   5.4717648e-01   5.9128648e-01   4.5015478e-01   3.7261757e-01   2.9794559e-01
   2.3950745e-01   2.6548553e-01   3.4990746e-01   4.7384024e-01   7.8745407e-01   6.9141984e-01   5.1941168e-01   8.1902277e-01   1.1205460e+00   1.5455213e+00   1.0639962e+00   3.2616478e-01   1.4821558e-01   2.0798595e-01   3.2772377e-01   5.2725720e-01   4.1574106e-01   6.4227277e-01   8.3402121e-01   9.9191070e-01   5.2268267e-01   4.5830739e-01   5.1319605e-01   6.1154848e-01   8.2917607e-01   1.0043476e+00   6.7124701e-01   3.8737741e-01   3.7365818e-01   3.0967247e-01   4.0893322e-01   3.3257148e-01   4.2707846e-01   4.7162279e-01   3.6688185e-01   3.1807226e-01
   5.8099228e-01   5.7288301e-01   5.4563570e-01   5.2971226e-01   5.5054337e-01   4.8521110e-01   2.7657253e-01   5.3681284e-01   6.9583380e-01   7.6288271e-01   8.1877410e-01   4.7404999e-01   2.3821644e-01   2.6653081e-01   4.2339909e-01   5.0948286e-01   4.8090667e-01   4.8644429e-01   5.9077930e-01   6.3581783e-01   4.9313968e-01   3.6775610e-01   5.1022547e-01   5.2346510e-01   5.8573848e-01   8.2012379e-01   7.4203062e-01   5.7133526e-01   4.9961379e-01   3.8818252e-01   4.8050278e-01   5.0097370e-01   4.7384903e-01   5.1908201e-01   5.6671059e-01   5.8686912e-01
