-START-OF-DATA-
1759.5 0.00041858
1769.5 0.00041858
1779.5 0.00041858
1789.5 0.00041858
1799.5 0.00041858
1809.5 0.00041858
1819.5 0.00041858
1829.5 0.00041858
1839.5 0.00041858
1849.5 0.00041858
1859.5 0.00041858
1869.5 0.00041858
1879.5 0.00041858
1889.5 0.00041858
1899.5 0.00041858
1909.5 0.00041858
1919.5 0.00041858
1929.5 0.00041858
1939.5 0.00041858
1949.5 0.000446
1959.5 0.000455
1969.5 0.00047
1979.5 0.000491
1989.5 0.000516
1999.5 0.000545
2009.5 0.000581
2019.5 0.000626
2029.5 0.00067
2039.5 0.000711
2049.5 0.000745
2059.5 0.000771
2069.5 0.000787
2079.5 0.000797
2089.5 0.000801
2099.5 0.000801
2109.5 0.000798
2119.5 0.000793
2129.5 0.000787
2139.5 0.000781
2149.5 0.000775
2159.5 0.000768
2169.5 0.000762
2179.5 0.000756
2189.5 0.00075
2199.5 0.000744
2209.5 0.000739
2219.5 0.000733
2229.5 0.000729
2239.5 0.000724
2249.5 0.00072
2259.5 0.000715
2269.5 0.000711
2279.5 0.000706
2289.5 0.000703
2299.5 0.000699
2309.5 0.000696
2319.5 0.000693
2329.5 0.000688
2339.5 0.000685
2349.5 0.000682
2359.5 0.000679
2369.5 0.000676
2379.5 0.000675
2389.5 0.000672
2399.5 0.000669
2409.5 0.000667
2419.5 0.000664
2429.5 0.000661
2439.5 0.000659
2449.5 0.000656
2459.5 0.000655
2469.5 0.000653
2479.5 0.00065
2489.5 0.000649
2499.5 0.000647
2509.5 0.000644
2519.5 0.000643
2529.5 0.000641
2539.5 0.00064
2549.5 0.000638
2559.5 0.000637
2569.5 0.000634
2579.5 0.000632
2589.5 0.000631
2599.5 0.000629
2609.5 0.000628
2619.5 0.000626
2629.5 0.000626
2639.5 0.000625
2649.5 0.000623
2659.5 0.000622
2669.5 0.00062
2679.5 0.000619
2689.5 0.000617
2699.5 0.000617
2709.5 0.000616
2719.5 0.000614
2729.5 0.000613
2739.5 0.000613
2749.5 0.000611
2759.5 0.00061
2769.5 0.000608
2779.5 0.000608
2789.5 0.000607
2799.5 0.000605
2809.5 0.000605
2819.5 0.000604
2829.5 0.000604
2839.5 0.000602
2849.5 0.000601
2859.5 0.000601
2869.5 0.000599
2879.5 0.000599
2889.5 0.000598
2899.5 0.000596
2909.5 0.000596
2919.5 0.000595
2929.5 0.000595
2939.5 0.000593
2949.5 0.000593
2959.5 0.000592
2969.5 0.000592
2979.5 0.00059
2989.5 0.00059
2999.5 0.000589
3009.5 0.000589
3019.5 0.000589
3029.5 0.000587
3039.5 0.000587
3049.5 0.000586
3059.5 0.000586
3069.5 0.000584
3079.5 0.000584
3089.5 0.000583
3099.5 0.000583
3109.5 0.000583
3119.5 0.000581
3129.5 0.000581
3139.5 0.000581
3149.5 0.00058
3159.5 0.00058
3169.5 0.000578
3179.5 0.000578
3189.5 0.000578
3199.5 0.000577
3209.5 0.000577
3219.5 0.000577
3229.5 0.000575
3239.5 0.000575
3249.5 0.000575
3259.5 0.000574
3269.5 0.000574
3279.5 0.000574
3289.5 0.000572
3299.5 0.000572
3309.5 0.000572
3319.5 0.000571
3329.5 0.000571
3339.5 0.000571
3349.5 0.000571
3359.5 0.000569
3369.5 0.000569
3379.5 0.000569
3389.5 0.000568
3399.5 0.000568
3409.5 0.000568
3419.5 0.000568
3429.5 0.000566
3439.5 0.000566
3449.5 0.000566
3459.5 0.000565
3469.5 0.000565
3479.5 0.000565
3489.5 0.000565
3499.5 0.000563
3509.5 0.000563
3519.5 0.000563
3529.5 0.000562
3539.5 0.000562
3549.5 0.000562
3559.5 0.000562
3569.5 0.00056
3579.5 0.00056
3589.5 0.00056
3599.5 0.00056
3609.5 0.000559
3619.5 0.000559
3629.5 0.000559
3639.5 0.000559
3649.5 0.000557
3659.5 0.000557
3669.5 0.000557
3679.5 0.000557
3689.5 0.000556
3699.5 0.000556
3709.5 0.000556
3719.5 0.000554
3729.5 0.000554
3739.5 0.000554
3749.5 0.000554
3759.5 0.000553
3769.5 0.000553
3779.5 0.000553
3789.5 0.000553
3799.5 0.000551
3809.5 0.000551
3819.5 0.000551
3829.5 0.000551
3839.5 0.00055
3849.5 0.00055
3859.5 0.00055
3869.5 0.00055
3879.5 0.000548
3889.5 0.000548
3899.5 0.000548
3909.5 0.000548
3919.5 0.000547
3929.5 0.000547
3939.5 0.000547
3949.5 0.000547
3959.5 0.000545
3969.5 0.000545
3979.5 0.000545
3989.5 0.000545
3999.5 0.000545
4009.5 0.000544
4019.5 0.000544
4029.5 0.000544
4039.5 0.000544
4049.5 0.000542
4059.5 0.000542
4069.5 0.000542
4079.5 0.000542
4089.5 0.000542
4099.5 0.000541
4109.5 0.000541
4119.5 0.000541
4129.5 0.000541
4139.5 0.000541
4149.5 0.000539
4159.5 0.000539
4169.5 0.000539
4179.5 0.000539
4189.5 0.000538
4199.5 0.000538
4209.5 0.000538
4219.5 0.000538
4229.5 0.000538
4239.5 0.000538
4249.5 0.000536
4259.5 0.000536
4269.5 0.000536
4279.5 0.000536
4289.5 0.000536
4299.5 0.000535
4309.5 0.000535
4319.5 0.000535
4329.5 0.000535
4339.5 0.000535
4349.5 0.000535
4359.5 0.000533
4369.5 0.000533
4379.5 0.000533
4389.5 0.000533
4399.5 0.000533
4409.5 0.000532
4419.5 0.000532
4429.5 0.000532
4439.5 0.000532
4449.5 0.000532
4459.5 0.000532
4469.5 0.000532
4479.5 0.00053
4489.5 0.00053
4499.5 0.00053
4509.5 0.00053
4519.5 0.00053
4529.5 0.00053
4539.5 0.000528
4549.5 0.000528
4559.5 0.000528
4569.5 0.000528
4579.5 0.000528
4589.5 0.000528
4599.5 0.000528
4609.5 0.000527
4619.5 0.000527
4629.5 0.000527
4639.5 0.000527
4649.5 0.000527
4659.5 0.000527
4669.5 0.000527
4679.5 0.000527
4689.5 0.000525
4699.5 0.000525
4709.5 0.000525
4719.5 0.000525
4729.5 0.000525
4739.5 0.000525
4749.5 0.000525
4759.5 0.000525
4769.5 0.000524
4779.5 0.000524
4789.5 0.000524
4799.5 0.000524
4809.5 0.000524
4819.5 0.000524
4829.5 0.000524
4839.5 0.000524
4849.5 0.000522
4859.5 0.000522
4869.5 0.000522
4879.5 0.000522
4889.5 0.000522
4899.5 0.000522
4909.5 0.000522
4919.5 0.000522
4929.5 0.000522
4939.5 0.000522
4949.5 0.000521
4959.5 0.000521
4969.5 0.000521
4979.5 0.000521
4989.5 0.000521
4999.5 0.000521
5009.5 0.000521
5019.5 0.000521
5029.5 0.000521
5039.5 0.000521
5049.5 0.000519
5059.5 0.000519
5069.5 0.000519
5079.5 0.000519
5089.5 0.000519
5099.5 0.000519
5109.5 0.000519
5119.5 0.000519
5129.5 0.000519
5139.5 0.000519
5149.5 0.000519
5159.5 0.000519
5169.5 0.000518
5179.5 0.000518
5189.5 0.000518
5199.5 0.000518
5209.5 0.000518
5219.5 0.000518
5229.5 0.000518
5239.5 0.000518
5249.5 0.000518
5259.5 0.000518
5269.5 0.000518
5279.5 0.000518
5289.5 0.000518
5299.5 0.000516
5309.5 0.000516
5319.5 0.000516
5329.5 0.000516
5339.5 0.000516
5349.5 0.000516
5359.5 0.000516
5369.5 0.000516
5379.5 0.000516
5389.5 0.000516
5399.5 0.000516
5409.5 0.000516
5419.5 0.000516
5429.5 0.000516
5439.5 0.000516
5449.5 0.000515
5459.5 0.000515
5469.5 0.000515
5479.5 0.000515
5489.5 0.000515
5499.5 0.000515
5509.5 0.000515
5519.5 0.000515
5529.5 0.000515
5539.5 0.000515
5549.5 0.000515
5559.5 0.000515
5569.5 0.000515
5579.5 0.000515
5589.5 0.000515
5599.5 0.000515
5609.5 0.000513
5619.5 0.000513
5629.5 0.000513
5639.5 0.000513
5649.5 0.000513
5659.5 0.000513
5669.5 0.000513
5679.5 0.000513
5689.5 0.000513
5699.5 0.000513
5709.5 0.000513
5719.5 0.000513
5729.5 0.000513
5739.5 0.000513
5749.5 0.000513
5759.5 0.000513
5769.5 0.000512
5779.5 0.000512
5789.5 0.000512
5799.5 0.000512
5809.5 0.000512
5819.5 0.000512
5829.5 0.000512
5839.5 0.000512
5849.5 0.000512
5859.5 0.000512
5869.5 0.000512
5879.5 0.000512
5889.5 0.000512
5899.5 0.000512
5909.5 0.000512
5919.5 0.000512
5929.5 0.000512
5939.5 0.000512
5949.5 0.00051
5959.5 0.00051
5969.5 0.00051
5979.5 0.00051
5989.5 0.00051
5999.5 0.00051
6009.5 0.00051
6019.5 0.00051
6029.5 0.00051
6039.5 0.00051
6049.5 0.00051
6059.5 0.00051
6069.5 0.00051
6079.5 0.00051
6089.5 0.00051
6099.5 0.00051
6109.5 0.00051
6119.5 0.00051
6129.5 0.000509
6139.5 0.000509
6149.5 0.000509
6159.5 0.000509
6169.5 0.000509
6179.5 0.000509
6189.5 0.000509
6199.5 0.000509
6209.5 0.000509
6219.5 0.000509
6229.5 0.000509
6239.5 0.000509
6249.5 0.000509
6259.5 0.000509
6269.5 0.000509
6279.5 0.000509
6289.5 0.000509
6299.5 0.000509
6309.5 0.000509
6319.5 0.000507
6329.5 0.000507
6339.5 0.000507
6349.5 0.000507
6359.5 0.000507
6369.5 0.000507
6379.5 0.000507
6389.5 0.000507
6399.5 0.000507
6409.5 0.000507
6419.5 0.000507
6429.5 0.000507
6439.5 0.000507
6449.5 0.000507
6459.5 0.000507
6469.5 0.000507
6479.5 0.000507
6489.5 0.000507
6499.5 0.000507
6509.5 0.000507
6519.5 0.000507
6529.5 0.000506
6539.5 0.000506
6549.5 0.000506
6559.5 0.000506
6569.5 0.000506
6579.5 0.000506
6589.5 0.000506
6599.5 0.000506
6609.5 0.000506
6619.5 0.000506
6629.5 0.000506
6639.5 0.000506
6649.5 0.000506
6659.5 0.000506
6669.5 0.000506
6679.5 0.000506
6689.5 0.000506
6699.5 0.000506
6709.5 0.000506
6719.5 0.000506
6729.5 0.000506
6739.5 0.000506
6749.5 0.000506
6759.5 0.000504
6769.5 0.000504
6779.5 0.000504
6789.5 0.000504
6799.5 0.000504
6809.5 0.000504
6819.5 0.000504
6829.5 0.000504
6839.5 0.000504
6849.5 0.000504
6859.5 0.000504
6869.5 0.000504
6879.5 0.000504
6889.5 0.000504
6899.5 0.000504
6909.5 0.000504
6919.5 0.000504
6929.5 0.000504
6939.5 0.000504
6949.5 0.000504
6959.5 0.000504
6969.5 0.000504
6979.5 0.000504
6989.5 0.000504
6999.5 0.000503
7009.5 0.000503
7019.5 0.000503
7029.5 0.000503
7039.5 0.000503
7049.5 0.000503
7059.5 0.000503
7069.5 0.000503
7079.5 0.000503
7089.5 0.000503
7099.5 0.000503
7109.5 0.000503
7119.5 0.000503
7129.5 0.000503
7139.5 0.000503
7149.5 0.000503
7159.5 0.000503
7169.5 0.000503
7179.5 0.000503
7189.5 0.000503
7199.5 0.000503
7209.5 0.000503
7219.5 0.000503
7229.5 0.000503
7239.5 0.000503
7249.5 0.000501
7259.5 0.000501
7269.5 0.000501
7279.5 0.000501
7289.5 0.000501
7299.5 0.000501
7309.5 0.000501
7319.5 0.000501
7329.5 0.000501
7339.5 0.000501
7349.5 0.000501
7359.5 0.000501
7369.5 0.000501
7379.5 0.000501
7389.5 0.000501
7399.5 0.000501
7409.5 0.000501
7419.5 0.000501
7429.5 0.000501
7439.5 0.000501
7449.5 0.000501
7459.5 0.000501
7469.5 0.000501
7479.5 0.000501
7489.5 5e-04
7499.5 5e-04
7509.5 5e-04
7519.5 5e-04
7529.5 5e-04
7539.5 5e-04
7549.5 5e-04
7559.5 5e-04
7569.5 5e-04
7579.5 5e-04
7589.5 5e-04
7599.5 5e-04
7609.5 5e-04
7619.5 5e-04
7629.5 5e-04
7639.5 5e-04
7649.5 5e-04
7659.5 5e-04
7669.5 5e-04
7679.5 5e-04
7689.5 5e-04
7699.5 5e-04
7709.5 5e-04
7719.5 5e-04
7729.5 0.000498
7739.5 0.000498
7749.5 0.000498
7759.5 0.000498
7769.5 0.000498
7779.5 0.000498
7789.5 0.000498
7799.5 0.000498
7809.5 0.000498
7819.5 0.000498
7829.5 0.000498
7839.5 0.000498
7849.5 0.000498
7859.5 0.000498
7869.5 0.000498
7879.5 0.000498
7889.5 0.000498
7899.5 0.000498
7909.5 0.000498
7919.5 0.000498
7929.5 0.000498
7939.5 0.000498
7949.5 0.000498
7959.5 0.000498
7969.5 0.000498
7979.5 0.000498
7989.5 0.000498
7999.5 0.000497
8009.5 0.000497
8019.5 0.000497
8029.5 0.000497
8039.5 0.000497
8049.5 0.000497
8059.5 0.000497
8069.5 0.000497
8079.5 0.000497
8089.5 0.000497
8099.5 0.000497
8109.5 0.000497
8119.5 0.000497
8129.5 0.000497
8139.5 0.000497
8149.5 0.000497
8159.5 0.000497
8169.5 0.000497
8179.5 0.000497
8189.5 0.000497
8199.5 0.000497
8209.5 0.000497
8219.5 0.000497
8229.5 0.000497
8239.5 0.000497
8249.5 0.000497
8259.5 0.000497
8269.5 0.000497
8279.5 0.000497
8289.5 0.000497
8299.5 0.000497
8309.5 0.000495
8319.5 0.000495
8329.5 0.000495
8339.5 0.000495
8349.5 0.000495
8359.5 0.000495
8369.5 0.000495
8379.5 0.000495
8389.5 0.000495
8399.5 0.000495
8409.5 0.000495
8419.5 0.000495
8429.5 0.000495
8439.5 0.000495
8449.5 0.000495
8459.5 0.000495
8469.5 0.000495
8479.5 0.000495
8489.5 0.000495
8499.5 0.000495
8509.5 0.000495
8519.5 0.000495
8529.5 0.000495
8539.5 0.000495
8549.5 0.000495
8559.5 0.000495
8569.5 0.000495
8579.5 0.000495
8589.5 0.000495
8599.5 0.000495
8609.5 0.000495
8619.5 0.000495
8629.5 0.000494
8639.5 0.000494
8649.5 0.000494
8659.5 0.000494
8669.5 0.000494
8679.5 0.000494
8689.5 0.000494
8699.5 0.000494
8709.5 0.000494
8719.5 0.000494
8729.5 0.000494
8739.5 0.000494
8749.5 0.000494
8759.5 0.000494
8769.5 0.000494
8779.5 0.000494
8789.5 0.000494
8799.5 0.000494
8809.5 0.000494
8819.5 0.000494
8829.5 0.000494
8839.5 0.000494
8849.5 0.000494
8859.5 0.000494
8869.5 0.000494
8879.5 0.000494
8889.5 0.000494
8899.5 0.000494
8909.5 0.000494
8919.5 0.000494
8929.5 0.000494
8939.5 0.000494
8949.5 0.000494
8959.5 0.000492
8969.5 0.000492
8979.5 0.000492
8989.5 0.000492
8999.5 0.000492
9009.5 0.000492
9019.5 0.000492
9029.5 0.000492
9039.5 0.000492
9049.5 0.000492
9059.5 0.000492
9069.5 0.000492
9079.5 0.000492
9089.5 0.000492
9099.5 0.000492
9109.5 0.000492
9119.5 0.000492
9129.5 0.000492
9139.5 0.000492
9149.5 0.000492
9159.5 0.000492
9169.5 0.000492
9179.5 0.000492
9189.5 0.000492
9199.5 0.000492
9209.5 0.000492
9219.5 0.000492
9229.5 0.000492
9239.5 0.000492
9249.5 0.000492
9259.5 0.000492
9269.5 0.000491
9279.5 0.000491
9289.5 0.000491
9299.5 0.000491
9309.5 0.000491
9319.5 0.000491
9329.5 0.000491
9339.5 0.000491
9349.5 0.000491
9359.5 0.000491
9369.5 0.000491
9379.5 0.000491
9389.5 0.000491
9399.5 0.000491
9409.5 0.000491
9419.5 0.000491
9429.5 0.000491
9439.5 0.000491
9449.5 0.000491
9459.5 0.000491
9469.5 0.000491
9479.5 0.000491
9489.5 0.000491
9499.5 0.000491
9509.5 0.000491
9519.5 0.000491
9529.5 0.000491
9539.5 0.000491
9549.5 0.000491
9559.5 0.000491
9569.5 0.000491
9579.5 0.000491
9589.5 0.000491
9599.5 0.000491
9609.5 0.000489
9619.5 0.000489
9629.5 0.000489
9639.5 0.000489
9649.5 0.000489
9659.5 0.000489
9669.5 0.000489
9679.5 0.000489
9689.5 0.000489
9699.5 0.000489
9709.5 0.000489
9719.5 0.000489
9729.5 0.000489
9739.5 0.000489
9749.5 0.000489
9759.5 0.000489
9769.5 0.000489
9779.5 0.000489
9789.5 0.000489
9799.5 0.000489
9809.5 0.000489
9819.5 0.000489
9829.5 0.000489
9839.5 0.000489
9849.5 0.000489
9859.5 0.000489
9869.5 0.000489
9879.5 0.000489
9889.5 0.000489
9899.5 0.000489
9909.5 0.000489
9919.5 0.000489
9929.5 0.000489
9939.5 0.000489
9949.5 0.000489
9959.5 0.000489
9969.5 0.000489
9979.5 0.000489
9989.5 0.000488
9999.5 0.000488
10009.5 0.000488
10019.5 0.000488
10029.5 0.000488
10039.5 0.000488
10049.5 0.000488
10059.5 0.000488
10069.5 0.000488
10079.5 0.000488
10089.5 0.000488
10099.5 0.000488
10109.5 0.000488
10119.5 0.000488
10129.5 0.000488
10139.5 0.000488
10149.5 0.000488
10159.5 0.000488
10169.5 0.000488
10179.5 0.000488
10189.5 0.000488
10199.5 0.000488
10209.5 0.000488
10219.5 0.000488
10229.5 0.000488
10239.5 0.000488
10249.5 0.000488
10259.5 0.000488
10269.5 0.000488
10279.5 0.000488
10289.5 0.000488
10299.5 0.000488
10309.5 0.000488
10319.5 0.000488
10329.5 0.000488
10339.5 0.000488
10349.5 0.000488
10359.5 0.000488
10369.5 0.000488
10379.5 0.000486
10389.5 0.000486
10399.5 0.000486
10409.5 0.000486
10419.5 0.000486
10429.5 0.000486
10439.5 0.000486
10449.5 0.000486
10459.5 0.000486
10469.5 0.000486
10479.5 0.000486
10489.5 0.000486
10499.5 0.000486
10509.5 0.000486
10519.5 0.000486
10529.5 0.000486
10539.5 0.000486
10549.5 0.000486
10559.5 0.000486
10569.5 0.000486
10579.5 0.000486
10589.5 0.000486
10599.5 0.000486
10609.5 0.000486
10619.5 0.000486
10629.5 0.000486
10639.5 0.000486
10649.5 0.000486
10659.5 0.000486
10669.5 0.000486
10679.5 0.000486
10689.5 0.000486
10699.5 0.000486
10709.5 0.000486
10719.5 0.000486
10729.5 0.000486
10739.5 0.000486
10749.5 0.000486
10759.5 0.000486
10769.5 0.000486
10779.5 0.000486
10789.5 0.000486
10799.5 0.000486
10809.5 0.000486
10819.5 0.000486
10829.5 0.000486
10839.5 0.000486
10849.5 0.000486
10859.5 0.000485
10869.5 0.000485
10879.5 0.000485
10889.5 0.000485
10899.5 0.000485
10909.5 0.000485
10919.5 0.000485
10929.5 0.000485
10939.5 0.000485
10949.5 0.000485
10959.5 0.000485
10969.5 0.000485
10979.5 0.000485
10989.5 0.000485
10999.5 0.000485
11009.5 0.000485
11019.5 0.000485
11029.5 0.000485
11039.5 0.000485
11049.5 0.000485
11059.5 0.000485
11069.5 0.000485
11079.5 0.000485
11089.5 0.000485
11099.5 0.000485
11109.5 0.000485
11119.5 0.000485
11129.5 0.000485
11139.5 0.000485
11149.5 0.000485
11159.5 0.000485
11169.5 0.000485
11179.5 0.000485
11189.5 0.000485
11199.5 0.000485
11209.5 0.000485
11219.5 0.000485
11229.5 0.000485
11239.5 0.000485
11249.5 0.000485
11259.5 0.000485
11269.5 0.000485
11279.5 0.000485
11289.5 0.000485
11299.5 0.000485
11309.5 0.000485
11319.5 0.000485
11329.5 0.000485
11339.5 0.000485
11349.5 0.000485
11359.5 0.000485
11369.5 0.000485
11379.5 0.000485
11389.5 0.000485
11399.5 0.000483
11409.5 0.000483
11419.5 0.000483
11429.5 0.000483
11439.5 0.000483
11449.5 0.000483
11459.5 0.000483
11469.5 0.000483
11479.5 0.000483
11489.5 0.000483
11499.5 0.000483
11509.5 0.000483
11519.5 0.000483
11529.5 0.000483
11539.5 0.000483
11549.5 0.000483
11559.5 0.000483
11569.5 0.000483
11579.5 0.000483
11589.5 0.000483
11599.5 0.000483
11609.5 0.000483
11619.5 0.000483
11629.5 0.000483
11639.5 0.000483
11649.5 0.000483
11659.5 0.000483
11669.5 0.000483
11679.5 0.000483
11689.5 0.000483
11699.5 0.000483
11709.5 0.000483
11719.5 0.000483
11729.5 0.000483
11739.5 0.000483
11749.5 0.000483
11759.5 0.000483
11769.5 0.000483
11779.5 0.000483
11789.5 0.000483
11799.5 0.000483
11809.5 0.000483
11819.5 0.000483
11829.5 0.000483
11839.5 0.000483
11849.5 0.000483
11859.5 0.000483
11869.5 0.000483
11879.5 0.000483
11889.5 0.000483
11899.5 0.000483
11909.5 0.000483
11919.5 0.000483
11929.5 0.000483
11939.5 0.000483
11949.5 0.000483
11959.5 0.000483
11969.5 0.000483
11979.5 0.000483
11989.5 0.000482
11999.5 0.000482
12009.5 0.000482
999999999 0.000419
-END-OF-DATA-
