  0.3550  0.3533  0.3448  0.3397  0.3471  0.3523  0.3484  0.3399  0.3427  0.3443  0.3460  0.3482  0.3429  0.3368  0.3349  0.3286  0.3276  0.3535  0.3468  0.3436  0.3469  0.3515  0.3550  0.3591  0.3593  0.3609  0.3639  0.3705  0.3733  0.3772  0.3774  0.3731  0.3683  0.3666  0.3605  0.3602
  0.3182  0.3309  0.3647  0.3499  0.3483  0.3484  0.3579  0.3617  0.3614  0.3573  0.3499  0.3464  0.3400  0.3353  0.3257  0.3228  0.3362  0.3498  0.3208  0.3059  0.3099  0.3163  0.3225  0.3205  0.3426  0.3469  0.3267  0.3293  0.3401  0.3483  0.3509  0.3408  0.3375  0.3488  0.3365  0.3137
  0.3105  0.3285  0.3295  0.3311  0.3553  0.3650  0.3643  0.3607  0.3574  0.3559  0.3527  0.3477  0.3425  0.3352  0.3274  0.3136  0.3078  0.3468  0.3091  0.2889  0.2862  0.2836  0.2783  0.2921  0.3319  0.3214  0.2969  0.3033  0.3103  0.3033  0.3195  0.3043  0.2948  0.2966  0.2799  0.2949
  0.2832  0.2803  0.3060  0.3284  0.3465  0.3508  0.3487  0.3451  0.3407  0.3392  0.3351  0.3300  0.3249  0.3182  0.3113  0.3036  0.2840  0.3082  0.3180  0.2718  0.2778  0.2817  0.2870  0.2925  0.3285  0.3000  0.2862  0.3066  0.2886  0.2884  0.3111  0.2796  0.2657  0.2673  0.2727  0.2810
  0.2727  0.2722  0.3104  0.3178  0.3349  0.3349  0.3331  0.3296  0.3252  0.3220  0.3168  0.3116  0.3065  0.3000  0.2951  0.2902  0.2754  0.3211  0.3140  0.2570  0.2945  0.2943  0.3143  0.3102  0.3035  0.2786  0.2801  0.2822  0.2749  0.2925  0.2992  0.2800  0.2633  0.2978  0.3060  0.2865
  0.2702  0.2706  0.2904  0.3178  0.3230  0.3199  0.3152  0.3098  0.3043  0.3002  0.2955  0.2913  0.2878  0.2833  0.2802  0.2764  0.2626  0.3118  0.2833  0.2331  0.2829  0.2991  0.3107  0.2952  0.2658  0.2846  0.2647  0.2683  0.2957  0.2911  0.2753  0.2792  0.2806  0.2856  0.2808  0.2635
  0.2536  0.2484  0.2594  0.3026  0.3034  0.2977  0.2901  0.2849  0.2811  0.2778  0.2744  0.2714  0.2697  0.2690  0.2671  0.2635  0.2478  0.2607  0.2605  0.2212  0.2759  0.2953  0.2591  0.2652  0.2668  0.2612  0.2735  0.2584  0.2677  0.2547  0.2495  0.2533  0.2749  0.2791  0.2507  0.2805
  0.2962  0.2549  0.2693  0.2927  0.2802  0.2698  0.2630  0.2599  0.2583  0.2575  0.2564  0.2557  0.2560  0.2566  0.2550  0.2523  0.2393  0.2413  0.2508  0.2383  0.2784  0.2484  0.2428  0.2556  0.2503  0.2363  0.2422  0.2520  0.2439  0.2390  0.2442  0.2412  0.2439  0.2487  0.2878  0.3116
  0.3145  0.2340  0.2587  0.2614  0.2451  0.2357  0.2322  0.2331  0.2353  0.2377  0.2409  0.2439  0.2465  0.2487  0.2469  0.2450  0.2322  0.2054  0.2428  0.2143  0.2419  0.2232  0.2327  0.2260  0.2145  0.2321  0.2441  0.2479  0.2338  0.2282  0.2258  0.2035  0.1777  0.2758  0.3100  0.3200
  0.3131  0.2228  0.2392  0.2369  0.2245  0.2179  0.2177  0.2208  0.2257  0.2304  0.2369  0.2418  0.2445  0.2473  0.2462  0.2455  0.2356  0.2085  0.2424  0.2253  0.2236  0.2205  0.2120  0.2035  0.1928  0.2276  0.2392  0.2299  0.2181  0.2096  0.2091  0.2033  0.1781  0.2938  0.3092  0.3142
  0.2842  0.2220  0.2251  0.2230  0.2161  0.2123  0.2146  0.2204  0.2264  0.2323  0.2393  0.2434  0.2455  0.2495  0.2506  0.2522  0.2457  0.2195  0.2443  0.2137  0.2128  0.2034  0.1983  0.1915  0.1792  0.1793  0.2180  0.2065  0.2015  0.1901  0.2042  0.2051  0.2382  0.3072  0.3105  0.3137
  0.2242  0.2034  0.2169  0.2189  0.2179  0.2154  0.2194  0.2265  0.2331  0.2392  0.2439  0.2463  0.2498  0.2547  0.2583  0.2599  0.2526  0.2265  0.2461  0.2037  0.1962  0.1965  0.1930  0.1792  0.1647  0.2165  0.2138  0.1992  0.1952  0.1810  0.1937  0.1973  0.2056  0.3024  0.2740  0.2841
  0.2201  0.1992  0.2205  0.2218  0.2244  0.2232  0.2284  0.2354  0.2424  0.2483  0.2506  0.2521  0.2564  0.2610  0.2636  0.2616  0.2506  0.2259  0.2195  0.1899  0.1873  0.1921  0.1896  0.1762  0.1794  0.2484  0.2311  0.1942  0.1946  0.1902  0.1825  0.1913  0.1481  0.1978  0.2424  0.2345
  0.2363  0.2163  0.2454  0.2381  0.2376  0.2365  0.2425  0.2497  0.2559  0.2598  0.2596  0.2596  0.2621  0.2629  0.2600  0.2507  0.2341  0.2098  0.1838  0.1796  0.1799  0.1876  0.1935  0.1801  0.2100  0.2488  0.2363  0.1959  0.1845  0.2050  0.2158  0.1867  0.2132  0.1577  0.2224  0.2744
  0.2348  0.2242  0.2663  0.2586  0.2546  0.2536  0.2582  0.2623  0.2633  0.2628  0.2619  0.2631  0.2662  0.2664  0.2617  0.2491  0.2277  0.2023  0.1829  0.1782  0.1819  0.1912  0.2035  0.1927  0.2246  0.2570  0.2561  0.2200  0.1864  0.2262  0.2327  0.1920  0.2022  0.2151  0.2165  0.2715
  0.2378  0.2286  0.2662  0.2746  0.2687  0.2653  0.2637  0.2608  0.2561  0.2525  0.2520  0.2548  0.2594  0.2615  0.2606  0.2532  0.2374  0.2186  0.2039  0.1987  0.1938  0.1946  0.2111  0.2092  0.2444  0.2762  0.2603  0.2472  0.2105  0.2468  0.2351  0.2084  0.2021  0.2305  0.2447  0.2350
  0.2238  0.2585  0.3071  0.2684  0.2571  0.2438  0.2298  0.2166  0.2057  0.1970  0.1930  0.1919  0.1949  0.1971  0.2000  0.2020  0.2030  0.2012  0.1948  0.1818  0.1765  0.2039  0.2269  0.2335  0.2922  0.2965  0.2650  0.2515  0.2630  0.2586  0.2376  0.2310  0.2262  0.2319  0.2422  0.2451
  0.2406  0.2979  0.2765  0.2524  0.2294  0.2025  0.1770  0.1611  0.1519  0.1443  0.1408  0.1399  0.1427  0.1435  0.1449  0.1478  0.1518  0.1530  0.1528  0.1603  0.2080  0.2748  0.2554  0.2417  0.3209  0.3095  0.2763  0.2666  0.2704  0.2529  0.2443  0.2394  0.2316  0.2212  0.2158  0.2183
  0.2503  0.2732  0.2485  0.2459  0.2249  0.1983  0.1746  0.1625  0.1564  0.1507  0.1489  0.1500  0.1552  0.1599  0.1662  0.1744  0.1844  0.1910  0.1935  0.2074  0.2432  0.2959  0.2515  0.2314  0.2836  0.3036  0.2836  0.2732  0.2696  0.2499  0.2480  0.2387  0.2292  0.2181  0.2124  0.2265
  0.2539  0.2528  0.2505  0.2563  0.2454  0.2324  0.2204  0.2153  0.2144  0.2132  0.2125  0.2129  0.2161  0.2203  0.2292  0.2419  0.2573  0.2706  0.2790  0.2815  0.2462  0.2699  0.2491  0.2071  0.2307  0.2574  0.2626  0.2689  0.2643  0.2452  0.2433  0.2384  0.2331  0.2276  0.2272  0.2404
  0.2511  0.2502  0.2587  0.2637  0.2604  0.2563  0.2531  0.2539  0.2556  0.2552  0.2500  0.2398  0.2290  0.2204  0.2204  0.2296  0.2443  0.2554  0.2580  0.2489  0.2206  0.2418  0.2422  0.2034  0.1902  0.1796  0.2497  0.2656  0.2638  0.2475  0.2293  0.2269  0.2259  0.2257  0.2301  0.2412
  0.2411  0.2460  0.2536  0.2572  0.2565  0.2556  0.2543  0.2555  0.2556  0.2526  0.2440  0.2281  0.2097  0.1935  0.1875  0.1947  0.2118  0.2289  0.2329  0.2152  0.2147  0.2302  0.2592  0.2426  0.1998  0.1684  0.2302  0.2586  0.2585  0.2389  0.2229  0.2170  0.2167  0.2185  0.2243  0.2332
  0.2275  0.2325  0.2384  0.2421  0.2427  0.2429  0.2432  0.2469  0.2497  0.2479  0.2413  0.2280  0.2100  0.1929  0.1835  0.1868  0.2004  0.2170  0.2228  0.2053  0.2467  0.2142  0.2625  0.2477  0.2118  0.1637  0.2619  0.2462  0.2474  0.2228  0.2160  0.2090  0.2075  0.2118  0.2186  0.2235
  0.2152  0.2170  0.2195  0.2239  0.2258  0.2265  0.2288  0.2355  0.2414  0.2443  0.2426  0.2372  0.2290  0.2173  0.2060  0.1996  0.2008  0.2059  0.2073  0.1977  0.2212  0.2332  0.2503  0.2499  0.2241  0.1595  0.2869  0.2665  0.2406  0.2093  0.2054  0.2025  0.1973  0.2000  0.2083  0.2130
  0.2105  0.2118  0.2114  0.2115  0.2124  0.2148  0.2193  0.2278  0.2346  0.2403  0.2426  0.2424  0.2409  0.2362  0.2278  0.2170  0.2092  0.2064  0.2036  0.1901  0.2267  0.2420  0.2422  0.2523  0.2336  0.1603  0.2859  0.2993  0.2431  0.2053  0.1983  0.2031  0.1987  0.1958  0.2011  0.2069
  0.2105  0.2120  0.2115  0.2089  0.2051  0.2063  0.2120  0.2211  0.2291  0.2368  0.2423  0.2456  0.2475  0.2470  0.2431  0.2336  0.2223  0.2131  0.2071  0.1915  0.2102  0.2370  0.2563  0.2512  0.2363  0.1646  0.2858  0.3118  0.2351  0.2029  0.1970  0.1949  0.2034  0.2047  0.2036  0.2077
  0.2225  0.2211  0.2172  0.2006  0.2103  0.2070  0.2118  0.2197  0.2279  0.2358  0.2431  0.2477  0.2515  0.2533  0.2538  0.2490  0.2390  0.2259  0.2162  0.1975  0.1834  0.2510  0.2827  0.2447  0.2332  0.1904  0.3011  0.3109  0.2597  0.2063  0.2178  0.2114  0.2147  0.2200  0.2199  0.2213
  0.2414  0.2395  0.2334  0.2214  0.2207  0.2238  0.2226  0.2279  0.2350  0.2407  0.2472  0.2504  0.2535  0.2556  0.2581  0.2584  0.2518  0.2414  0.2291  0.2081  0.1743  0.2570  0.2787  0.2301  0.2304  0.2220  0.3236  0.3114  0.2663  0.2148  0.2323  0.2339  0.2200  0.2362  0.2385  0.2404
  0.2719  0.2687  0.2579  0.2666  0.2386  0.2480  0.2447  0.2461  0.2510  0.2539  0.2571  0.2597  0.2618  0.2635  0.2655  0.2681  0.2680  0.2631  0.2531  0.2305  0.2154  0.2773  0.2780  0.2296  0.2439  0.2328  0.2963  0.3084  0.2566  0.2444  0.2523  0.2737  0.2431  0.2633  0.2724  0.2727
  0.2901  0.2815  0.2592  0.2625  0.2499  0.2630  0.2643  0.2626  0.2666  0.2696  0.2708  0.2732  0.2756  0.2779  0.2786  0.2785  0.2800  0.2787  0.2737  0.2559  0.2691  0.2553  0.2287  0.2493  0.2665  0.2679  0.3027  0.2701  0.2354  0.2780  0.2761  0.2893  0.2674  0.2843  0.2954  0.2935
  0.2896  0.2981  0.2857  0.2784  0.2532  0.2611  0.2787  0.2781  0.2824  0.2869  0.2895  0.2909  0.2928  0.2948  0.2955  0.2948  0.2942  0.2936  0.2915  0.2828  0.3345  0.2497  0.2573  0.2804  0.2927  0.2956  0.3373  0.3171  0.2614  0.2949  0.2972  0.2767  0.2863  0.3008  0.3071  0.3021
  0.3265  0.3345  0.3250  0.2981  0.3130  0.2781  0.2896  0.2986  0.3021  0.3069  0.3107  0.3119  0.3124  0.3128  0.3126  0.3109  0.3095  0.3073  0.3050  0.3022  0.3687  0.2801  0.2926  0.3078  0.3124  0.3074  0.3734  0.3262  0.2913  0.2938  0.3037  0.3005  0.3079  0.3146  0.3146  0.3090
  0.3668  0.3443  0.3266  0.2898  0.3115  0.3308  0.3085  0.3224  0.3258  0.3294  0.3306  0.3291  0.3294  0.3288  0.3263  0.3241  0.3212  0.3171  0.3123  0.3092  0.3388  0.3007  0.3164  0.3240  0.3240  0.3188  0.3165  0.3087  0.3101  0.3164  0.3205  0.3264  0.3298  0.3296  0.3231  0.3275
  0.3419  0.3163  0.2971  0.2988  0.3111  0.3679  0.3378  0.3473  0.3518  0.3521  0.3500  0.3496  0.3477  0.3461  0.3426  0.3387  0.3331  0.3290  0.3250  0.3221  0.3263  0.3328  0.3433  0.3450  0.3408  0.3348  0.3297  0.3295  0.3332  0.3365  0.3403  0.3422  0.3411  0.3396  0.3311  0.3149
  0.3186  0.3052  0.3036  0.3044  0.3172  0.3658  0.3555  0.3686  0.3712  0.3741  0.3715  0.3697  0.3664  0.3646  0.3595  0.3519  0.3413  0.3293  0.3329  0.3451  0.3512  0.3595  0.3619  0.3555  0.3455  0.3323  0.3275  0.3292  0.3239  0.3249  0.3329  0.3212  0.3167  0.3195  0.3212  0.3235
  0.3171  0.3140  0.3184  0.3202  0.3429  0.3564  0.3532  0.3537  0.3574  0.3565  0.3546  0.3531  0.3580  0.3509  0.3482  0.3321  0.3360  0.3208  0.3281  0.3338  0.3392  0.3339  0.3292  0.3308  0.3199  0.3266  0.3287  0.3344  0.3325  0.3257  0.3254  0.3290  0.3289  0.3348  0.3308  0.3239
