  0.3012  0.3082  0.3146  0.3236  0.3367  0.3511  0.3506  0.3557  0.3586  0.3753  0.3707  0.3758  0.3725  0.3946  0.4056  0.4010  0.3844  0.3818  0.3847  0.3918  0.3895  0.3882  0.3834  0.3840  0.3829  0.4014  0.3879  0.3389  0.3273  0.3272  0.3257  0.3222  0.3186  0.3115  0.3040  0.2991
  0.3062  0.3129  0.3429  0.3857  0.3999  0.3886  0.3650  0.3581  0.3671  0.3686  0.3712  0.3726  0.3750  0.3767  0.3700  0.3848  0.3526  0.3509  0.3505  0.3579  0.3512  0.3414  0.3226  0.3059  0.3069  0.3037  0.3035  0.3021  0.2939  0.3027  0.2964  0.2882  0.2842  0.2765  0.2900  0.3076
  0.2784  0.2829  0.2949  0.3194  0.3426  0.3619  0.3469  0.3616  0.3728  0.3755  0.3771  0.3773  0.3756  0.3720  0.3682  0.3620  0.3517  0.3517  0.3135  0.3202  0.3084  0.3009  0.2847  0.2806  0.2835  0.2787  0.2859  0.2768  0.2777  0.2831  0.2853  0.2726  0.2668  0.2623  0.2753  0.2829
  0.2713  0.2729  0.2933  0.2890  0.3052  0.3313  0.3374  0.3619  0.3653  0.3629  0.3613  0.3599  0.3563  0.3530  0.3495  0.3429  0.3335  0.3215  0.3020  0.3009  0.2818  0.2846  0.2713  0.2682  0.2639  0.2767  0.2763  0.2552  0.2625  0.2626  0.2639  0.2555  0.2489  0.2550  0.2659  0.2660
  0.2759  0.2787  0.2698  0.2890  0.3104  0.3090  0.3376  0.3510  0.3481  0.3428  0.3389  0.3342  0.3291  0.3263  0.3220  0.3175  0.3094  0.2922  0.2864  0.2823  0.2816  0.2669  0.2565  0.2516  0.2539  0.2664  0.2497  0.2424  0.2496  0.2506  0.2456  0.2410  0.2440  0.2772  0.2498  0.2588
  0.2495  0.2519  0.2511  0.2836  0.3126  0.3242  0.3289  0.3290  0.3250  0.3198  0.3143  0.3085  0.3031  0.2991  0.2959  0.2917  0.2843  0.2769  0.2659  0.2547  0.2574  0.2471  0.2470  0.2317  0.2465  0.2662  0.2524  0.2318  0.2392  0.2409  0.2441  0.2438  0.2594  0.2664  0.2540  0.2430
  0.2460  0.2424  0.2485  0.2677  0.2959  0.3087  0.3093  0.3074  0.3035  0.3000  0.2956  0.2912  0.2860  0.2820  0.2797  0.2760  0.2699  0.2597  0.2489  0.2220  0.2293  0.2475  0.3086  0.3034  0.2456  0.2885  0.2689  0.2227  0.2259  0.2221  0.2629  0.2658  0.2738  0.2745  0.2839  0.2480
  0.2388  0.2352  0.2557  0.2660  0.2929  0.2946  0.2905  0.2871  0.2845  0.2829  0.2811  0.2791  0.2762  0.2739  0.2715  0.2677  0.2603  0.2473  0.2304  0.2050  0.2277  0.3080  0.3210  0.3206  0.2777  0.3095  0.2379  0.1875  0.2222  0.2287  0.2369  0.2171  0.2354  0.2265  0.2254  0.2488
  0.2119  0.2234  0.2466  0.2646  0.2733  0.2689  0.2642  0.2623  0.2623  0.2629  0.2648  0.2675  0.2699  0.2719  0.2682  0.2623  0.2509  0.2253  0.2297  0.1947  0.2318  0.3173  0.3160  0.3146  0.3117  0.3058  0.2142  0.1942  0.2286  0.2341  0.2192  0.2208  0.2125  0.2059  0.2190  0.1975
  0.2100  0.2236  0.2389  0.2556  0.2598  0.2519  0.2476  0.2482  0.2495  0.2504  0.2546  0.2612  0.2677  0.2705  0.2667  0.2589  0.2437  0.2079  0.2164  0.2168  0.2645  0.3138  0.3126  0.3122  0.3153  0.3042  0.2027  0.2031  0.2255  0.2240  0.1994  0.2054  0.1928  0.1818  0.1950  0.1954
  0.2174  0.2323  0.2343  0.2384  0.2466  0.2416  0.2392  0.2410  0.2423  0.2459  0.2530  0.2612  0.2683  0.2703  0.2659  0.2554  0.2355  0.1992  0.1556  0.2472  0.2943  0.3128  0.3113  0.3130  0.3112  0.2854  0.1714  0.1914  0.2071  0.2074  0.2050  0.2116  0.2040  0.1937  0.1925  0.2140
  0.2266  0.2373  0.2477  0.2321  0.2429  0.2416  0.2400  0.2419  0.2446  0.2503  0.2592  0.2657  0.2683  0.2664  0.2606  0.2510  0.2315  0.1961  0.1481  0.2019  0.3163  0.3133  0.3122  0.3154  0.3107  0.3093  0.2437  0.1762  0.1886  0.1963  0.2125  0.2134  0.2001  0.1930  0.2004  0.2173
  0.2374  0.2402  0.2436  0.2407  0.2509  0.2482  0.2457  0.2474  0.2516  0.2587  0.2664  0.2663  0.2608  0.2542  0.2493  0.2450  0.2324  0.2039  0.1517  0.1362  0.2878  0.3145  0.3157  0.3167  0.3107  0.3070  0.2683  0.1746  0.1838  0.2035  0.2281  0.2293  0.2122  0.2080  0.2111  0.2108
  0.2392  0.2398  0.2408  0.2482  0.2540  0.2516  0.2523  0.2552  0.2609  0.2665  0.2679  0.2612  0.2494  0.2401  0.2388  0.2398  0.2364  0.2139  0.1690  0.1309  0.2622  0.3141  0.3176  0.3143  0.3097  0.3088  0.2269  0.2066  0.1918  0.2133  0.2401  0.2338  0.2268  0.2223  0.2120  0.2044
  0.2252  0.2519  0.2276  0.2431  0.2454  0.2490  0.2556  0.2613  0.2660  0.2673  0.2643  0.2572  0.2475  0.2400  0.2406  0.2398  0.2338  0.2157  0.1772  0.1473  0.2042  0.3083  0.3097  0.3074  0.3073  0.3101  0.2487  0.2109  0.2170  0.2107  0.2281  0.2223  0.2188  0.2162  0.2076  0.1973
  0.2063  0.2164  0.2152  0.2305  0.2357  0.2452  0.2547  0.2605  0.2620  0.2586  0.2554  0.2519  0.2490  0.2478  0.2524  0.2534  0.2427  0.2235  0.1887  0.1658  0.1894  0.3054  0.3050  0.3051  0.3071  0.3096  0.2627  0.2109  0.2283  0.2167  0.2114  0.2129  0.2128  0.2116  0.2080  0.2002
  0.1951  0.1957  0.2102  0.2197  0.2256  0.2329  0.2374  0.2377  0.2333  0.2247  0.2184  0.2166  0.2193  0.2248  0.2363  0.2472  0.2495  0.2404  0.2173  0.2004  0.2015  0.3074  0.3076  0.3072  0.3067  0.3069  0.3004  0.2062  0.2176  0.2090  0.1974  0.2033  0.2061  0.2081  0.2092  0.2047
  0.1893  0.1910  0.2011  0.2099  0.2156  0.2198  0.2198  0.2148  0.2043  0.1896  0.1772  0.1707  0.1700  0.1730  0.1837  0.1989  0.2155  0.2264  0.2316  0.2346  0.2279  0.3101  0.3093  0.3086  0.3073  0.3076  0.3030  0.2040  0.2102  0.2275  0.1813  0.1849  0.1887  0.1927  0.1958  0.1941
  0.1939  0.1982  0.2056  0.2131  0.2166  0.2184  0.2177  0.2136  0.2041  0.1903  0.1788  0.1736  0.1741  0.1779  0.1888  0.2035  0.2194  0.2263  0.2202  0.2054  0.2499  0.2856  0.3089  0.3087  0.3094  0.3112  0.2815  0.2079  0.2141  0.2338  0.1812  0.1828  0.1871  0.1909  0.1944  0.1945
  0.2111  0.2134  0.2190  0.2254  0.2281  0.2287  0.2299  0.2316  0.2292  0.2242  0.2215  0.2223  0.2259  0.2287  0.2346  0.2395  0.2428  0.2347  0.2126  0.2062  0.2257  0.2724  0.3085  0.3093  0.3121  0.3147  0.2716  0.2161  0.2279  0.2207  0.1953  0.2005  0.2069  0.2126  0.2144  0.2127
  0.2216  0.2204  0.2253  0.2329  0.2376  0.2416  0.2461  0.2499  0.2506  0.2494  0.2494  0.2492  0.2460  0.2380  0.2306  0.2263  0.2304  0.2303  0.2256  0.2252  0.2131  0.2763  0.3088  0.3110  0.3135  0.3155  0.3131  0.2232  0.2367  0.2392  0.2174  0.2140  0.2189  0.2288  0.2315  0.2277
  0.2295  0.2255  0.2280  0.2347  0.2394  0.2455  0.2517  0.2557  0.2551  0.2508  0.2462  0.2403  0.2317  0.2202  0.2119  0.2152  0.2326  0.2438  0.2540  0.2603  0.2305  0.2805  0.3083  0.3114  0.3133  0.3147  0.3131  0.2778  0.2280  0.2469  0.2430  0.2307  0.2247  0.2348  0.2404  0.2370
  0.2395  0.2325  0.2299  0.2321  0.2354  0.2412  0.2470  0.2523  0.2533  0.2482  0.2411  0.2330  0.2229  0.2139  0.2112  0.2193  0.2347  0.2419  0.2518  0.2572  0.2210  0.2694  0.3100  0.3117  0.3127  0.3138  0.3103  0.3119  0.2425  0.2318  0.2441  0.2398  0.2367  0.2421  0.2484  0.2463
  0.2444  0.2360  0.2288  0.2253  0.2255  0.2296  0.2353  0.2411  0.2434  0.2416  0.2373  0.2330  0.2281  0.2266  0.2280  0.2299  0.2292  0.2250  0.2239  0.2213  0.1910  0.2320  0.3121  0.3108  0.3122  0.3142  0.3096  0.3094  0.2880  0.2203  0.2286  0.2260  0.2525  0.2561  0.2550  0.2518
  0.2402  0.2311  0.2236  0.2193  0.2176  0.2192  0.2244  0.2303  0.2340  0.2350  0.2335  0.2327  0.2324  0.2357  0.2406  0.2416  0.2332  0.2215  0.2109  0.2005  0.1805  0.2045  0.3147  0.3103  0.3126  0.3170  0.3107  0.3092  0.3090  0.2773  0.2124  0.2143  0.2413  0.2490  0.2541  0.2503
  0.2382  0.2266  0.2202  0.2168  0.2152  0.2147  0.2176  0.2230  0.2280  0.2311  0.2319  0.2338  0.2365  0.2415  0.2467  0.2495  0.2433  0.2288  0.2134  0.2016  0.1866  0.1771  0.2727  0.3106  0.3138  0.3185  0.3138  0.3118  0.3120  0.3103  0.2320  0.2225  0.2403  0.2219  0.2390  0.2423
  0.2394  0.2407  0.2304  0.2241  0.2228  0.2225  0.2241  0.2271  0.2304  0.2335  0.2362  0.2386  0.2419  0.2465  0.2499  0.2523  0.2508  0.2395  0.2251  0.2141  0.2023  0.1759  0.2195  0.3132  0.3155  0.3177  0.3165  0.3140  0.3132  0.3144  0.2915  0.2166  0.2315  0.2316  0.2206  0.2381
  0.2411  0.2602  0.2557  0.2462  0.2424  0.2420  0.2427  0.2425  0.2425  0.2423  0.2428  0.2435  0.2448  0.2479  0.2500  0.2516  0.2517  0.2460  0.2352  0.2259  0.2168  0.1889  0.2205  0.3180  0.3182  0.3201  0.3179  0.3168  0.3148  0.3153  0.3159  0.2160  0.2205  0.2262  0.2361  0.2597
  0.2570  0.2849  0.2894  0.2802  0.2738  0.2704  0.2669  0.2626  0.2596  0.2566  0.2539  0.2519  0.2507  0.2513  0.2512  0.2521  0.2520  0.2507  0.2455  0.2391  0.2322  0.2109  0.2353  0.3121  0.3231  0.3238  0.3277  0.3218  0.3216  0.3225  0.3195  0.3004  0.2209  0.2293  0.2400  0.2625
  0.2653  0.2857  0.3000  0.2956  0.2911  0.2876  0.2842  0.2785  0.2745  0.2705  0.2658  0.2621  0.2602  0.2591  0.2578  0.2571  0.2565  0.2563  0.2546  0.2509  0.2450  0.2308  0.2384  0.2809  0.2783  0.2858  0.2854  0.3057  0.3040  0.2867  0.3171  0.2949  0.2283  0.2393  0.2435  0.2625
  0.2730  0.2922  0.3086  0.3085  0.3056  0.3029  0.3011  0.2960  0.2905  0.2861  0.2809  0.2771  0.2738  0.2724  0.2719  0.2700  0.2685  0.2677  0.2682  0.2659  0.2610  0.2516  0.2552  0.2519  0.2424  0.2588  0.2620  0.2566  0.2391  0.2396  0.2522  0.2370  0.2432  0.2553  0.2511  0.2676
  0.2887  0.3057  0.3201  0.3215  0.3210  0.3199  0.3184  0.3150  0.3101  0.3065  0.3030  0.2990  0.2956  0.2944  0.2937  0.2924  0.2915  0.2896  0.2881  0.2853  0.2806  0.2734  0.2590  0.2752  0.2526  0.2479  0.2415  0.2485  0.2508  0.2501  0.2553  0.2634  0.2529  0.2510  0.2633  0.2917
  0.3069  0.3205  0.3341  0.3371  0.3384  0.3396  0.3393  0.3364  0.3338  0.3320  0.3301  0.3278  0.3255  0.3251  0.3234  0.3214  0.3196  0.3172  0.3135  0.3105  0.3043  0.2958  0.2765  0.2902  0.2644  0.2527  0.2502  0.2602  0.2525  0.2611  0.2574  0.2666  0.2669  0.2655  0.2810  0.3073
  0.3201  0.3364  0.3505  0.3560  0.3588  0.3607  0.3618  0.3603  0.3591  0.3572  0.3561  0.3563  0.3545  0.3531  0.3509  0.3487  0.3464  0.3434  0.3401  0.3359  0.3300  0.3211  0.3055  0.2834  0.2654  0.2540  0.2709  0.2823  0.2940  0.2997  0.2758  0.2782  0.2996  0.2979  0.3129  0.3207
  0.3440  0.3600  0.3679  0.3742  0.3770  0.3785  0.3793  0.3797  0.3802  0.3785  0.3781  0.3777  0.3769  0.3765  0.3755  0.3737  0.3722  0.3703  0.3687  0.3654  0.3623  0.3566  0.3437  0.3343  0.3282  0.3283  0.3269  0.3368  0.3266  0.3276  0.3260  0.3209  0.3256  0.3264  0.3266  0.3294
  0.3894  0.3947  0.3960  0.3986  0.3994  0.4010  0.4010  0.4024  0.4030  0.4038  0.4036  0.4041  0.4034  0.4037  0.4030  0.4038  0.4037  0.4032  0.4026  0.4018  0.4008  0.3986  0.3962  0.3927  0.3887  0.3847  0.3811  0.3768  0.3737  0.3731  0.3708  0.3698  0.3697  0.3773  0.3778  0.3861
