-START-OF-DATA-
1759.5 0.00126938
1769.5 0.00126938
1779.5 0.00126938
1789.5 0.00126938
1799.5 0.00126938
1809.5 0.00126938
1819.5 0.00126938
1829.5 0.00126938
1839.5 0.00126938
1849.5 0.00126938
1859.5 0.00126938
1869.5 0.00126938
1879.5 0.00126938
1889.5 0.00126938
1899.5 0.00126938
1909.5 0.00126938
1919.5 0.00126938
1929.5 0.00126938
1939.5 0.00126938
1949.5 0.001352
1959.5 0.001379
1969.5 0.001425
1979.5 0.001489
1989.5 0.001566
1999.5 0.001653
2009.5 0.001763
2019.5 0.0019
2029.5 0.002032
2039.5 0.002155
2049.5 0.00226
2059.5 0.002338
2069.5 0.002388
2079.5 0.002415
2089.5 0.002429
2099.5 0.002429
2109.5 0.00242
2119.5 0.002406
2129.5 0.002388
2139.5 0.00237
2149.5 0.002352
2159.5 0.002329
2169.5 0.00231
2179.5 0.002292
2189.5 0.002274
2199.5 0.002256
2209.5 0.002242
2219.5 0.002224
2229.5 0.00221
2239.5 0.002196
2249.5 0.002183
2259.5 0.002169
2269.5 0.002155
2279.5 0.002142
2289.5 0.002132
2299.5 0.002119
2309.5 0.00211
2319.5 0.0021
2329.5 0.002087
2339.5 0.002078
2349.5 0.002068
2359.5 0.002059
2369.5 0.00205
2379.5 0.002046
2389.5 0.002036
2399.5 0.002027
2409.5 0.002023
2419.5 0.002014
2429.5 0.002005
2439.5 0.002
2449.5 0.001991
2459.5 0.001986
2469.5 0.001982
2479.5 0.001973
2489.5 0.001968
2499.5 0.001963
2509.5 0.001954
2519.5 0.00195
2529.5 0.001945
2539.5 0.001941
2549.5 0.001936
2559.5 0.001931
2569.5 0.001922
2579.5 0.001918
2589.5 0.001913
2599.5 0.001909
2609.5 0.001904
2619.5 0.0019
2629.5 0.0019
2639.5 0.001895
2649.5 0.00189
2659.5 0.001886
2669.5 0.001881
2679.5 0.001877
2689.5 0.001872
2699.5 0.001872
2709.5 0.001868
2719.5 0.001863
2729.5 0.001858
2739.5 0.001858
2749.5 0.001854
2759.5 0.001849
2769.5 0.001845
2779.5 0.001845
2789.5 0.00184
2799.5 0.001836
2809.5 0.001836
2819.5 0.001831
2829.5 0.001831
2839.5 0.001826
2849.5 0.001822
2859.5 0.001822
2869.5 0.001817
2879.5 0.001817
2889.5 0.001813
2899.5 0.001808
2909.5 0.001808
2919.5 0.001804
2929.5 0.001804
2939.5 0.001799
2949.5 0.001799
2959.5 0.001794
2969.5 0.001794
2979.5 0.00179
2989.5 0.00179
2999.5 0.001785
3009.5 0.001785
3019.5 0.001785
3029.5 0.001781
3039.5 0.001781
3049.5 0.001776
3059.5 0.001776
3069.5 0.001772
3079.5 0.001772
3089.5 0.001767
3099.5 0.001767
3109.5 0.001767
3119.5 0.001763
3129.5 0.001763
3139.5 0.001763
3149.5 0.001758
3159.5 0.001758
3169.5 0.001753
3179.5 0.001753
3189.5 0.001753
3199.5 0.001749
3209.5 0.001749
3219.5 0.001749
3229.5 0.001744
3239.5 0.001744
3249.5 0.001744
3259.5 0.00174
3269.5 0.00174
3279.5 0.00174
3289.5 0.001735
3299.5 0.001735
3309.5 0.001735
3319.5 0.001731
3329.5 0.001731
3339.5 0.001731
3349.5 0.001731
3359.5 0.001726
3369.5 0.001726
3379.5 0.001726
3389.5 0.001721
3399.5 0.001721
3409.5 0.001721
3419.5 0.001721
3429.5 0.001717
3439.5 0.001717
3449.5 0.001717
3459.5 0.001712
3469.5 0.001712
3479.5 0.001712
3489.5 0.001712
3499.5 0.001708
3509.5 0.001708
3519.5 0.001708
3529.5 0.001703
3539.5 0.001703
3549.5 0.001703
3559.5 0.001703
3569.5 0.001699
3579.5 0.001699
3589.5 0.001699
3599.5 0.001699
3609.5 0.001694
3619.5 0.001694
3629.5 0.001694
3639.5 0.001694
3649.5 0.001689
3659.5 0.001689
3669.5 0.001689
3679.5 0.001689
3689.5 0.001685
3699.5 0.001685
3709.5 0.001685
3719.5 0.00168
3729.5 0.00168
3739.5 0.00168
3749.5 0.00168
3759.5 0.001676
3769.5 0.001676
3779.5 0.001676
3789.5 0.001676
3799.5 0.001671
3809.5 0.001671
3819.5 0.001671
3829.5 0.001671
3839.5 0.001667
3849.5 0.001667
3859.5 0.001667
3869.5 0.001667
3879.5 0.001662
3889.5 0.001662
3899.5 0.001662
3909.5 0.001662
3919.5 0.001657
3929.5 0.001657
3939.5 0.001657
3949.5 0.001657
3959.5 0.001653
3969.5 0.001653
3979.5 0.001653
3989.5 0.001653
3999.5 0.001653
4009.5 0.001648
4019.5 0.001648
4029.5 0.001648
4039.5 0.001648
4049.5 0.001644
4059.5 0.001644
4069.5 0.001644
4079.5 0.001644
4089.5 0.001644
4099.5 0.001639
4109.5 0.001639
4119.5 0.001639
4129.5 0.001639
4139.5 0.001639
4149.5 0.001635
4159.5 0.001635
4169.5 0.001635
4179.5 0.001635
4189.5 0.00163
4199.5 0.00163
4209.5 0.00163
4219.5 0.00163
4229.5 0.00163
4239.5 0.00163
4249.5 0.001626
4259.5 0.001626
4269.5 0.001626
4279.5 0.001626
4289.5 0.001626
4299.5 0.001621
4309.5 0.001621
4319.5 0.001621
4329.5 0.001621
4339.5 0.001621
4349.5 0.001621
4359.5 0.001616
4369.5 0.001616
4379.5 0.001616
4389.5 0.001616
4399.5 0.001616
4409.5 0.001612
4419.5 0.001612
4429.5 0.001612
4439.5 0.001612
4449.5 0.001612
4459.5 0.001612
4469.5 0.001612
4479.5 0.001607
4489.5 0.001607
4499.5 0.001607
4509.5 0.001607
4519.5 0.001607
4529.5 0.001607
4539.5 0.001603
4549.5 0.001603
4559.5 0.001603
4569.5 0.001603
4579.5 0.001603
4589.5 0.001603
4599.5 0.001603
4609.5 0.001598
4619.5 0.001598
4629.5 0.001598
4639.5 0.001598
4649.5 0.001598
4659.5 0.001598
4669.5 0.001598
4679.5 0.001598
4689.5 0.001594
4699.5 0.001594
4709.5 0.001594
4719.5 0.001594
4729.5 0.001594
4739.5 0.001594
4749.5 0.001594
4759.5 0.001594
4769.5 0.001589
4779.5 0.001589
4789.5 0.001589
4799.5 0.001589
4809.5 0.001589
4819.5 0.001589
4829.5 0.001589
4839.5 0.001589
4849.5 0.001584
4859.5 0.001584
4869.5 0.001584
4879.5 0.001584
4889.5 0.001584
4899.5 0.001584
4909.5 0.001584
4919.5 0.001584
4929.5 0.001584
4939.5 0.001584
4949.5 0.00158
4959.5 0.00158
4969.5 0.00158
4979.5 0.00158
4989.5 0.00158
4999.5 0.00158
5009.5 0.00158
5019.5 0.00158
5029.5 0.00158
5039.5 0.00158
5049.5 0.001575
5059.5 0.001575
5069.5 0.001575
5079.5 0.001575
5089.5 0.001575
5099.5 0.001575
5109.5 0.001575
5119.5 0.001575
5129.5 0.001575
5139.5 0.001575
5149.5 0.001575
5159.5 0.001575
5169.5 0.001571
5179.5 0.001571
5189.5 0.001571
5199.5 0.001571
5209.5 0.001571
5219.5 0.001571
5229.5 0.001571
5239.5 0.001571
5249.5 0.001571
5259.5 0.001571
5269.5 0.001571
5279.5 0.001571
5289.5 0.001571
5299.5 0.001566
5309.5 0.001566
5319.5 0.001566
5329.5 0.001566
5339.5 0.001566
5349.5 0.001566
5359.5 0.001566
5369.5 0.001566
5379.5 0.001566
5389.5 0.001566
5399.5 0.001566
5409.5 0.001566
5419.5 0.001566
5429.5 0.001566
5439.5 0.001566
5449.5 0.001562
5459.5 0.001562
5469.5 0.001562
5479.5 0.001562
5489.5 0.001562
5499.5 0.001562
5509.5 0.001562
5519.5 0.001562
5529.5 0.001562
5539.5 0.001562
5549.5 0.001562
5559.5 0.001562
5569.5 0.001562
5579.5 0.001562
5589.5 0.001562
5599.5 0.001562
5609.5 0.001557
5619.5 0.001557
5629.5 0.001557
5639.5 0.001557
5649.5 0.001557
5659.5 0.001557
5669.5 0.001557
5679.5 0.001557
5689.5 0.001557
5699.5 0.001557
5709.5 0.001557
5719.5 0.001557
5729.5 0.001557
5739.5 0.001557
5749.5 0.001557
5759.5 0.001557
5769.5 0.001552
5779.5 0.001552
5789.5 0.001552
5799.5 0.001552
5809.5 0.001552
5819.5 0.001552
5829.5 0.001552
5839.5 0.001552
5849.5 0.001552
5859.5 0.001552
5869.5 0.001552
5879.5 0.001552
5889.5 0.001552
5899.5 0.001552
5909.5 0.001552
5919.5 0.001552
5929.5 0.001552
5939.5 0.001552
5949.5 0.001548
5959.5 0.001548
5969.5 0.001548
5979.5 0.001548
5989.5 0.001548
5999.5 0.001548
6009.5 0.001548
6019.5 0.001548
6029.5 0.001548
6039.5 0.001548
6049.5 0.001548
6059.5 0.001548
6069.5 0.001548
6079.5 0.001548
6089.5 0.001548
6099.5 0.001548
6109.5 0.001548
6119.5 0.001548
6129.5 0.001543
6139.5 0.001543
6149.5 0.001543
6159.5 0.001543
6169.5 0.001543
6179.5 0.001543
6189.5 0.001543
6199.5 0.001543
6209.5 0.001543
6219.5 0.001543
6229.5 0.001543
6239.5 0.001543
6249.5 0.001543
6259.5 0.001543
6269.5 0.001543
6279.5 0.001543
6289.5 0.001543
6299.5 0.001543
6309.5 0.001543
6319.5 0.001539
6329.5 0.001539
6339.5 0.001539
6349.5 0.001539
6359.5 0.001539
6369.5 0.001539
6379.5 0.001539
6389.5 0.001539
6399.5 0.001539
6409.5 0.001539
6419.5 0.001539
6429.5 0.001539
6439.5 0.001539
6449.5 0.001539
6459.5 0.001539
6469.5 0.001539
6479.5 0.001539
6489.5 0.001539
6499.5 0.001539
6509.5 0.001539
6519.5 0.001539
6529.5 0.001534
6539.5 0.001534
6549.5 0.001534
6559.5 0.001534
6569.5 0.001534
6579.5 0.001534
6589.5 0.001534
6599.5 0.001534
6609.5 0.001534
6619.5 0.001534
6629.5 0.001534
6639.5 0.001534
6649.5 0.001534
6659.5 0.001534
6669.5 0.001534
6679.5 0.001534
6689.5 0.001534
6699.5 0.001534
6709.5 0.001534
6719.5 0.001534
6729.5 0.001534
6739.5 0.001534
6749.5 0.001534
6759.5 0.00153
6769.5 0.00153
6779.5 0.00153
6789.5 0.00153
6799.5 0.00153
6809.5 0.00153
6819.5 0.00153
6829.5 0.00153
6839.5 0.00153
6849.5 0.00153
6859.5 0.00153
6869.5 0.00153
6879.5 0.00153
6889.5 0.00153
6899.5 0.00153
6909.5 0.00153
6919.5 0.00153
6929.5 0.00153
6939.5 0.00153
6949.5 0.00153
6959.5 0.00153
6969.5 0.00153
6979.5 0.00153
6989.5 0.00153
6999.5 0.001525
7009.5 0.001525
7019.5 0.001525
7029.5 0.001525
7039.5 0.001525
7049.5 0.001525
7059.5 0.001525
7069.5 0.001525
7079.5 0.001525
7089.5 0.001525
7099.5 0.001525
7109.5 0.001525
7119.5 0.001525
7129.5 0.001525
7139.5 0.001525
7149.5 0.001525
7159.5 0.001525
7169.5 0.001525
7179.5 0.001525
7189.5 0.001525
7199.5 0.001525
7209.5 0.001525
7219.5 0.001525
7229.5 0.001525
7239.5 0.001525
7249.5 0.001521
7259.5 0.001521
7269.5 0.001521
7279.5 0.001521
7289.5 0.001521
7299.5 0.001521
7309.5 0.001521
7319.5 0.001521
7329.5 0.001521
7339.5 0.001521
7349.5 0.001521
7359.5 0.001521
7369.5 0.001521
7379.5 0.001521
7389.5 0.001521
7399.5 0.001521
7409.5 0.001521
7419.5 0.001521
7429.5 0.001521
7439.5 0.001521
7449.5 0.001521
7459.5 0.001521
7469.5 0.001521
7479.5 0.001521
7489.5 0.001516
7499.5 0.001516
7509.5 0.001516
7519.5 0.001516
7529.5 0.001516
7539.5 0.001516
7549.5 0.001516
7559.5 0.001516
7569.5 0.001516
7579.5 0.001516
7589.5 0.001516
7599.5 0.001516
7609.5 0.001516
7619.5 0.001516
7629.5 0.001516
7639.5 0.001516
7649.5 0.001516
7659.5 0.001516
7669.5 0.001516
7679.5 0.001516
7689.5 0.001516
7699.5 0.001516
7709.5 0.001516
7719.5 0.001516
7729.5 0.001511
7739.5 0.001511
7749.5 0.001511
7759.5 0.001511
7769.5 0.001511
7779.5 0.001511
7789.5 0.001511
7799.5 0.001511
7809.5 0.001511
7819.5 0.001511
7829.5 0.001511
7839.5 0.001511
7849.5 0.001511
7859.5 0.001511
7869.5 0.001511
7879.5 0.001511
7889.5 0.001511
7899.5 0.001511
7909.5 0.001511
7919.5 0.001511
7929.5 0.001511
7939.5 0.001511
7949.5 0.001511
7959.5 0.001511
7969.5 0.001511
7979.5 0.001511
7989.5 0.001511
7999.5 0.001507
8009.5 0.001507
8019.5 0.001507
8029.5 0.001507
8039.5 0.001507
8049.5 0.001507
8059.5 0.001507
8069.5 0.001507
8079.5 0.001507
8089.5 0.001507
8099.5 0.001507
8109.5 0.001507
8119.5 0.001507
8129.5 0.001507
8139.5 0.001507
8149.5 0.001507
8159.5 0.001507
8169.5 0.001507
8179.5 0.001507
8189.5 0.001507
8199.5 0.001507
8209.5 0.001507
8219.5 0.001507
8229.5 0.001507
8239.5 0.001507
8249.5 0.001507
8259.5 0.001507
8269.5 0.001507
8279.5 0.001507
8289.5 0.001507
8299.5 0.001507
8309.5 0.001502
8319.5 0.001502
8329.5 0.001502
8339.5 0.001502
8349.5 0.001502
8359.5 0.001502
8369.5 0.001502
8379.5 0.001502
8389.5 0.001502
8399.5 0.001502
8409.5 0.001502
8419.5 0.001502
8429.5 0.001502
8439.5 0.001502
8449.5 0.001502
8459.5 0.001502
8469.5 0.001502
8479.5 0.001502
8489.5 0.001502
8499.5 0.001502
8509.5 0.001502
8519.5 0.001502
8529.5 0.001502
8539.5 0.001502
8549.5 0.001502
8559.5 0.001502
8569.5 0.001502
8579.5 0.001502
8589.5 0.001502
8599.5 0.001502
8609.5 0.001502
8619.5 0.001502
8629.5 0.001498
8639.5 0.001498
8649.5 0.001498
8659.5 0.001498
8669.5 0.001498
8679.5 0.001498
8689.5 0.001498
8699.5 0.001498
8709.5 0.001498
8719.5 0.001498
8729.5 0.001498
8739.5 0.001498
8749.5 0.001498
8759.5 0.001498
8769.5 0.001498
8779.5 0.001498
8789.5 0.001498
8799.5 0.001498
8809.5 0.001498
8819.5 0.001498
8829.5 0.001498
8839.5 0.001498
8849.5 0.001498
8859.5 0.001498
8869.5 0.001498
8879.5 0.001498
8889.5 0.001498
8899.5 0.001498
8909.5 0.001498
8919.5 0.001498
8929.5 0.001498
8939.5 0.001498
8949.5 0.001498
8959.5 0.001493
8969.5 0.001493
8979.5 0.001493
8989.5 0.001493
8999.5 0.001493
9009.5 0.001493
9019.5 0.001493
9029.5 0.001493
9039.5 0.001493
9049.5 0.001493
9059.5 0.001493
9069.5 0.001493
9079.5 0.001493
9089.5 0.001493
9099.5 0.001493
9109.5 0.001493
9119.5 0.001493
9129.5 0.001493
9139.5 0.001493
9149.5 0.001493
9159.5 0.001493
9169.5 0.001493
9179.5 0.001493
9189.5 0.001493
9199.5 0.001493
9209.5 0.001493
9219.5 0.001493
9229.5 0.001493
9239.5 0.001493
9249.5 0.001493
9259.5 0.001493
9269.5 0.001489
9279.5 0.001489
9289.5 0.001489
9299.5 0.001489
9309.5 0.001489
9319.5 0.001489
9329.5 0.001489
9339.5 0.001489
9349.5 0.001489
9359.5 0.001489
9369.5 0.001489
9379.5 0.001489
9389.5 0.001489
9399.5 0.001489
9409.5 0.001489
9419.5 0.001489
9429.5 0.001489
9439.5 0.001489
9449.5 0.001489
9459.5 0.001489
9469.5 0.001489
9479.5 0.001489
9489.5 0.001489
9499.5 0.001489
9509.5 0.001489
9519.5 0.001489
9529.5 0.001489
9539.5 0.001489
9549.5 0.001489
9559.5 0.001489
9569.5 0.001489
9579.5 0.001489
9589.5 0.001489
9599.5 0.001489
9609.5 0.001484
9619.5 0.001484
9629.5 0.001484
9639.5 0.001484
9649.5 0.001484
9659.5 0.001484
9669.5 0.001484
9679.5 0.001484
9689.5 0.001484
9699.5 0.001484
9709.5 0.001484
9719.5 0.001484
9729.5 0.001484
9739.5 0.001484
9749.5 0.001484
9759.5 0.001484
9769.5 0.001484
9779.5 0.001484
9789.5 0.001484
9799.5 0.001484
9809.5 0.001484
9819.5 0.001484
9829.5 0.001484
9839.5 0.001484
9849.5 0.001484
9859.5 0.001484
9869.5 0.001484
9879.5 0.001484
9889.5 0.001484
9899.5 0.001484
9909.5 0.001484
9919.5 0.001484
9929.5 0.001484
9939.5 0.001484
9949.5 0.001484
9959.5 0.001484
9969.5 0.001484
9979.5 0.001484
9989.5 0.001479
9999.5 0.001479
10009.5 0.001479
10019.5 0.001479
10029.5 0.001479
10039.5 0.001479
10049.5 0.001479
10059.5 0.001479
10069.5 0.001479
10079.5 0.001479
10089.5 0.001479
10099.5 0.001479
10109.5 0.001479
10119.5 0.001479
10129.5 0.001479
10139.5 0.001479
10149.5 0.001479
10159.5 0.001479
10169.5 0.001479
10179.5 0.001479
10189.5 0.001479
10199.5 0.001479
10209.5 0.001479
10219.5 0.001479
10229.5 0.001479
10239.5 0.001479
10249.5 0.001479
10259.5 0.001479
10269.5 0.001479
10279.5 0.001479
10289.5 0.001479
10299.5 0.001479
10309.5 0.001479
10319.5 0.001479
10329.5 0.001479
10339.5 0.001479
10349.5 0.001479
10359.5 0.001479
10369.5 0.001479
10379.5 0.001475
10389.5 0.001475
10399.5 0.001475
10409.5 0.001475
10419.5 0.001475
10429.5 0.001475
10439.5 0.001475
10449.5 0.001475
10459.5 0.001475
10469.5 0.001475
10479.5 0.001475
10489.5 0.001475
10499.5 0.001475
10509.5 0.001475
10519.5 0.001475
10529.5 0.001475
10539.5 0.001475
10549.5 0.001475
10559.5 0.001475
10569.5 0.001475
10579.5 0.001475
10589.5 0.001475
10599.5 0.001475
10609.5 0.001475
10619.5 0.001475
10629.5 0.001475
10639.5 0.001475
10649.5 0.001475
10659.5 0.001475
10669.5 0.001475
10679.5 0.001475
10689.5 0.001475
10699.5 0.001475
10709.5 0.001475
10719.5 0.001475
10729.5 0.001475
10739.5 0.001475
10749.5 0.001475
10759.5 0.001475
10769.5 0.001475
10779.5 0.001475
10789.5 0.001475
10799.5 0.001475
10809.5 0.001475
10819.5 0.001475
10829.5 0.001475
10839.5 0.001475
10849.5 0.001475
10859.5 0.00147
10869.5 0.00147
10879.5 0.00147
10889.5 0.00147
10899.5 0.00147
10909.5 0.00147
10919.5 0.00147
10929.5 0.00147
10939.5 0.00147
10949.5 0.00147
10959.5 0.00147
10969.5 0.00147
10979.5 0.00147
10989.5 0.00147
10999.5 0.00147
11009.5 0.00147
11019.5 0.00147
11029.5 0.00147
11039.5 0.00147
11049.5 0.00147
11059.5 0.00147
11069.5 0.00147
11079.5 0.00147
11089.5 0.00147
11099.5 0.00147
11109.5 0.00147
11119.5 0.00147
11129.5 0.00147
11139.5 0.00147
11149.5 0.00147
11159.5 0.00147
11169.5 0.00147
11179.5 0.00147
11189.5 0.00147
11199.5 0.00147
11209.5 0.00147
11219.5 0.00147
11229.5 0.00147
11239.5 0.00147
11249.5 0.00147
11259.5 0.00147
11269.5 0.00147
11279.5 0.00147
11289.5 0.00147
11299.5 0.00147
11309.5 0.00147
11319.5 0.00147
11329.5 0.00147
11339.5 0.00147
11349.5 0.00147
11359.5 0.00147
11369.5 0.00147
11379.5 0.00147
11389.5 0.00147
11399.5 0.001466
11409.5 0.001466
11419.5 0.001466
11429.5 0.001466
11439.5 0.001466
11449.5 0.001466
11459.5 0.001466
11469.5 0.001466
11479.5 0.001466
11489.5 0.001466
11499.5 0.001466
11509.5 0.001466
11519.5 0.001466
11529.5 0.001466
11539.5 0.001466
11549.5 0.001466
11559.5 0.001466
11569.5 0.001466
11579.5 0.001466
11589.5 0.001466
11599.5 0.001466
11609.5 0.001466
11619.5 0.001466
11629.5 0.001466
11639.5 0.001466
11649.5 0.001466
11659.5 0.001466
11669.5 0.001466
11679.5 0.001466
11689.5 0.001466
11699.5 0.001466
11709.5 0.001466
11719.5 0.001466
11729.5 0.001466
11739.5 0.001466
11749.5 0.001466
11759.5 0.001466
11769.5 0.001466
11779.5 0.001466
11789.5 0.001466
11799.5 0.001466
11809.5 0.001466
11819.5 0.001466
11829.5 0.001466
11839.5 0.001466
11849.5 0.001466
11859.5 0.001466
11869.5 0.001466
11879.5 0.001466
11889.5 0.001466
11899.5 0.001466
11909.5 0.001466
11919.5 0.001466
11929.5 0.001466
11939.5 0.001466
11949.5 0.001466
11959.5 0.001466
11969.5 0.001466
11979.5 0.001466
11989.5 0.001461
11999.5 0.001461
12009.5 0.001461
999999999 0.001269
-END-OF-DATA-
