  -3.4152976e-01
  -4.5775688e-01
  -4.9145004e-01
  -3.8647604e-01
  -3.2975376e-01
  -3.2306945e-01
  -3.1423435e-01
  -3.0921373e-01
  -2.5069308e-01
  -1.8470930e-01
  -9.8755226e-02
  -3.4441154e-02
  -6.0497075e-03
  -5.2121419e-02
  -8.8241272e-02
  -6.3086957e-02
   1.0836037e-01
   2.0908362e-01
   1.5588735e-01
   8.7819412e-02
  -6.7146651e-02
  -4.0786898e-01
  -6.3042241e-01
  -7.0882702e-01
  -6.5302712e-01
  -5.0767434e-01
  -3.1328067e-01
  -1.2840338e-01
   5.3012632e-02
   2.3249851e-01
   3.5867524e-01
   4.5307931e-01
   4.5631790e-01
   3.9169833e-01
   2.5533557e-01
   4.3565556e-03
   1.3357593e+00
   1.2574571e+00
   7.9806125e-01
   3.9141291e-01
   2.3405501e-01
   2.4765611e-01
   2.9169121e-01
   1.8760170e-01
   3.9172080e-01
   1.1150079e-01
  -8.9932293e-02
  -9.1251850e-02
   1.7067452e-01
   1.2867735e-01
   6.5711960e-02
   7.2858781e-02
   1.6843985e-01
   6.3639230e-01
   1.2582594e+00
   1.5096723e+00
   1.5079442e+00
   1.2156425e+00
   9.9234909e-01
   6.1422485e-01
   5.8523947e-01
   6.2404400e-01
   7.0852238e-01
   8.8492155e-01
   1.0813040e+00
   1.2585658e+00
   1.4265567e+00
   1.5640583e+00
   1.6477892e+00
   1.6476214e+00
   1.5941515e+00
   1.4933410e+00
   2.6030228e+00
   1.6878425e+00
   7.3886842e-01
   5.3215742e-01
   3.9916670e-01
   2.0560327e-01
  -1.2698816e-01
  -3.1977832e-01
  -3.3976275e-01
   6.0449082e-01
   6.0094225e-01
   1.5650073e-01
   2.5695932e-01
   7.5385177e-01
   4.2747337e-01
   6.2805605e-01
   9.9240309e-01
   1.8359352e+00
   2.6251771e+00
   3.1422067e+00
   3.3577302e+00
   2.7131679e+00
   1.2820204e+00
   8.8339132e-01
   6.6271102e-01
   1.0476029e+00
   1.5748335e+00
   1.8244059e+00
   2.1160986e+00
   2.3634822e+00
   2.5621612e+00
   2.7010739e+00
   2.7901924e+00
   2.9042351e+00
   3.0062816e+00
   3.0511179e+00
   3.3134089e+00
   2.5505207e+00
   1.6856089e+00
   1.6389797e+00
   1.3987467e+00
   1.2788628e+00
   1.0904573e+00
   7.9216051e-01
   1.5668511e-01
  -4.0536825e-02
   8.7418211e-01
   1.0021809e+00
   7.9102457e-01
   1.3733953e+00
   1.7883824e+00
   1.9208984e+00
   2.2054596e+00
   2.6465459e+00
   3.1191251e+00
   3.6114335e+00
   4.0029316e+00
   3.1338503e+00
   1.5370129e+00
   2.4833364e+00
   1.5075088e+00
   9.4297922e-01
   1.7745409e+00
   2.1930125e+00
   2.4597869e+00
   2.6861165e+00
   2.9033389e+00
   3.1656268e+00
   3.4742417e+00
   3.7401576e+00
   3.9725213e+00
   4.1836243e+00
   4.0089273e+00
   3.8166623e+00
   1.9546432e+00
   1.9249382e+00
   1.8942235e+00
   1.8762844e+00
   1.7981070e+00
   1.5685827e+00
   1.0590804e+00
   7.3576981e-01
   5.6558770e-01
   1.6181592e+00
   9.0262735e-01
   1.6720010e+00
   2.4724753e+00
   2.5490897e+00
   2.6851742e+00
   2.7764227e+00
   2.8305297e+00
   3.0339832e+00
   3.4921136e+00
   3.8933530e+00
   3.4807043e+00
   2.9312303e+00
   1.5086833e+00
   1.3565851e+00
   2.6265862e+00
   2.5735626e+00
   2.4287028e+00
   2.4223480e+00
   2.5142398e+00
   2.7615325e+00
   3.1349337e+00
   3.5367393e+00
   3.9611187e+00
   4.4117479e+00
   4.0663090e+00
   4.5750583e+00
   3.8428252e+00
   2.1941686e+00
   1.7805037e+00
   1.8742784e+00
   1.9781408e+00
   1.9861943e+00
   1.6134839e+00
   1.6903889e+00
   1.0613321e+00
   1.4649039e+00
   1.1736794e+00
   2.8234722e+00
   3.0837862e+00
   2.8087524e+00
   2.3972579e+00
   1.7679016e+00
   1.2807956e+00
   1.4739602e+00
   2.1309277e+00
   2.8983303e+00
   3.6034498e+00
   2.3874067e+00
   2.1145978e+00
   3.0916490e+00
   3.1026725e+00
   2.4414206e+00
   1.9467409e+00
   1.6632935e+00
   1.6166466e+00
   1.7845024e+00
   2.0973395e+00
   2.5089937e+00
   2.9826459e+00
   3.5602848e+00
   2.6916893e+00
   2.4501679e+00
   4.2783723e+00
   3.4138701e+00
   1.5226045e+00
   1.9970040e+00
   2.5987525e+00
   3.1179936e+00
   2.7702336e+00
   2.6771264e+00
   1.4173204e+00
   1.1080827e+00
   1.4238489e+00
   2.4982743e+00
   2.7465386e+00
   2.0128961e+00
   1.0188341e+00
  -2.4410900e-01
  -6.6052824e-01
  -6.1900163e-01
   2.8044030e-01
   1.0701007e+00
   1.8705163e+00
   2.8170342e+00
   3.0382586e+00
   2.6992044e+00
   2.1507418e+00
   1.5578884e+00
   1.0076069e+00
   6.4883959e-01
   5.4987383e-01
   6.0968232e-01
   8.2960820e-01
   1.1635566e+00
   1.5987419e+00
   2.1691630e+00
   9.6124542e-01
   1.5454229e+00
   2.2685909e+00
   2.5966923e+00
   1.3068483e+00
   1.3447758e+00
   1.8480151e+00
   2.0411422e+00
   1.7047771e+00
   1.3975478e+00
   5.2034688e-01
   4.9552634e-01
   1.1390065e+00
   1.7646253e+00
   1.1891509e+00
   7.7338977e-02
  -1.1822449e+00
  -1.9929626e+00
  -8.6926510e-01
  -9.5427227e-01
  -1.3877996e+00
  -8.2051100e-01
  -2.8962755e-01
   4.1191089e-01
   9.0711195e-01
   8.9347011e-01
   5.3766733e-01
   7.2736448e-02
  -3.4083936e-01
  -6.0943335e-01
  -7.4060211e-01
  -7.1916294e-01
  -5.6530535e-01
  -3.0070969e-01
   4.4329215e-02
   4.2274693e-01
  -6.5458018e-01
   8.1532456e-02
   2.5615466e-01
   1.0981505e+00
   8.2523465e-01
   5.2782786e-01
   1.0384994e+00
   6.1087120e-01
   4.3118685e-01
   6.7858204e-02
   5.5864468e-02
   1.2231804e-01
   6.1102229e-01
   5.5496579e-01
  -6.0650539e-01
  -1.8232628e+00
  -2.9453785e+00
  -2.6406069e+00
  -1.1192750e+00
  -1.0763987e+00
  -1.7240613e+00
  -2.2817605e+00
  -2.0123551e+00
  -1.5348904e+00
  -1.0914615e+00
  -9.4989288e-01
  -1.0922472e+00
  -1.3986390e+00
  -1.6598699e+00
  -1.8021226e+00
  -1.8411369e+00
  -1.7931788e+00
  -1.6211727e+00
  -1.3992546e+00
  -1.1820042e+00
  -1.0010681e+00
  -2.5268717e+00
  -2.4129877e+00
  -2.3060606e+00
  -7.7432698e-01
   1.1467015e+00
   6.8383253e-01
  -1.3064012e-01
  -1.1183469e+00
  -8.8906562e-01
  -1.2348241e+00
  -5.6498140e-01
  -2.6313925e-01
  -4.6003655e-01
  -1.3981011e+00
  -2.6282556e+00
  -3.6481683e+00
  -4.0766401e+00
  -1.8274673e+00
  -1.2283164e+00
  -1.2351907e+00
  -2.3248055e+00
  -4.0325432e+00
  -4.0529675e+00
  -3.8261695e+00
  -3.4718072e+00
  -3.1965640e+00
  -3.0851283e+00
  -3.1335647e+00
  -3.1731291e+00
  -3.1197658e+00
  -3.0121157e+00
  -2.8828998e+00
  -2.6680031e+00
  -2.5013518e+00
  -2.4174976e+00
  -2.4837749e+00
  -3.8987918e+00
  -4.1760149e+00
  -4.0348544e+00
  -1.9617840e+00
   2.1397390e+00
   1.6673249e+00
  -2.8220004e-01
  -1.2596116e+00
  -1.1593808e+00
  -1.0403912e+00
  -6.8221003e-01
  -7.6464891e-01
  -1.3892241e+00
  -2.4341679e+00
  -3.4530029e+00
  -4.3442755e+00
  -3.4544635e+00
  -8.8131559e-01
  -1.1661034e+00
  -1.3055060e+00
  -2.8756900e+00
  -5.0454350e+00
  -5.2149944e+00
  -5.1704044e+00
  -4.9154348e+00
  -4.6737809e+00
  -4.4259768e+00
  -4.2849164e+00
  -4.1651602e+00
  -4.0028315e+00
  -3.8496542e+00
  -3.6558726e+00
  -3.4063621e+00
  -3.2533479e+00
  -3.2835240e+00
  -3.5628934e+00
  -5.3496175e+00
  -5.6157002e+00
  -5.1124048e+00
  -2.6930184e+00
   1.1621401e+00
   1.7055374e+00
   4.7742295e-01
   8.8107936e-02
  -3.7925255e-02
  -3.2319561e-01
  -1.1984091e+00
  -1.4289848e+00
  -2.0228729e+00
  -2.7617931e+00
  -3.3178010e+00
  -2.9637301e+00
  -1.2984252e+00
  -5.5293995e-01
  -1.0426979e+00
  -2.1350617e+00
  -4.6692810e+00
  -5.2258620e+00
  -5.5381079e+00
  -5.7655764e+00
  -5.7336946e+00
  -5.6371355e+00
  -5.3787718e+00
  -5.1405497e+00
  -4.9874115e+00
  -4.8255091e+00
  -4.6590433e+00
  -4.4732857e+00
  -4.3041763e+00
  -4.2859960e+00
  -4.4888239e+00
  -4.9096341e+00
  -6.3906198e+00
  -6.1812973e+00
  -5.1230083e+00
  -2.6541786e+00
   1.9357929e-01
   1.2804037e+00
   1.5117074e+00
   1.0974107e+00
   3.7410203e-01
  -1.8999623e-01
  -1.3579764e+00
  -1.8376585e+00
  -2.2761221e+00
  -2.5263453e+00
  -2.3645937e+00
  -8.3295625e-01
  -4.8518804e-01
  -2.8082290e-01
  -8.1798124e-01
  -2.6024771e+00
  -4.0868983e+00
  -4.4341469e+00
  -4.8777995e+00
  -5.4067965e+00
  -5.7325945e+00
  -5.8511715e+00
  -5.6325874e+00
  -5.3072605e+00
  -5.2305212e+00
  -5.2287693e+00
  -5.2789860e+00
  -5.3867903e+00
  -5.5339527e+00
  -5.7470636e+00
  -6.0237255e+00
  -6.2853298e+00
  -6.8739567e+00
  -6.1501336e+00
  -4.6726699e+00
  -2.4327223e+00
  -2.3110403e-01
   1.1722068e+00
   2.1377289e+00
   1.7942052e+00
   4.5899096e-01
  -1.2536472e-01
  -1.3736309e+00
  -2.2843599e+00
  -2.5275588e+00
  -2.2908387e+00
  -1.3336852e+00
   2.7334100e-01
   4.6900071e-02
   6.1549813e-02
  -5.3065413e-01
  -1.9520798e+00
  -2.9427807e+00
  -3.2322912e+00
  -3.6381490e+00
  -4.3801250e+00
  -5.1489391e+00
  -5.6057787e+00
  -5.6237521e+00
  -4.9376283e+00
  -4.8322201e+00
  -5.2267137e+00
  -5.7600842e+00
  -6.3281822e+00
  -6.8162775e+00
  -7.1334882e+00
  -7.2851105e+00
  -7.2137556e+00
  -6.6836052e+00
  -5.6535344e+00
  -4.0844254e+00
  -2.2944129e+00
  -4.3632820e-01
   1.4657837e+00
   2.7891819e+00
   2.5466149e+00
   5.7957363e-01
  -1.5831272e-01
  -1.5928582e+00
  -2.6917431e+00
  -2.7557693e+00
  -2.1678247e+00
  -4.1264641e-01
   1.2665846e+00
   1.3423858e+00
   1.1219488e+00
  -1.6119790e-01
  -1.3669145e+00
  -1.7514293e+00
  -1.7423156e+00
  -1.8701565e+00
  -2.5539250e+00
  -3.9246304e+00
  -5.2177014e+00
  -6.0914569e+00
  -4.9446177e+00
  -4.0493460e+00
  -4.8341327e+00
  -5.6562290e+00
  -6.4459815e+00
  -7.0725541e+00
  -7.4124336e+00
  -7.5090261e+00
  -7.2822027e+00
  -5.4698029e+00
  -4.5045638e+00
  -3.2377772e+00
  -2.0484774e+00
  -6.4194214e-01
   2.0668268e+00
   3.4978907e+00
   3.7241359e+00
   8.0236024e-01
  -2.5252673e-01
  -1.7477499e+00
  -2.7537382e+00
  -2.6684551e+00
  -1.9049016e+00
   2.3986936e-02
   1.6320109e+00
   1.9970789e+00
   1.9746174e+00
   4.3917859e-01
  -8.8470960e-01
  -7.1496612e-01
  -3.7183064e-01
  -2.2122069e-01
  -5.1153600e-01
  -8.5715854e-01
  -2.2173390e+00
  -4.6295452e+00
  -4.9314485e+00
  -4.0173488e+00
  -4.7821984e+00
  -5.3650131e+00
  -5.8729715e+00
  -6.2609024e+00
  -6.4165473e+00
  -6.3882036e+00
  -6.0931749e+00
  -4.6954618e+00
  -3.4817808e+00
  -2.2069542e+00
  -1.4243121e+00
  -1.2213633e+00
   2.5259805e+00
   3.9689646e+00
   4.0996437e+00
   1.0279127e+00
  -3.9538777e-01
  -1.8574443e+00
  -2.6512847e+00
  -2.4640381e+00
  -1.7315063e+00
  -4.1509789e-01
   5.5294424e-01
   3.1944644e-01
   3.6972293e-01
   2.8215402e-01
  -7.1084118e-01
  -4.2623803e-03
   4.7735482e-01
   5.8779716e-01
   3.6689991e-01
   5.9196460e-01
  -5.9458959e-01
  -1.5657624e+00
  -4.4473171e+00
  -5.5364928e+00
  -6.1893568e+00
  -6.6023517e+00
  -6.8429728e+00
  -6.8971801e+00
  -6.6916094e+00
  -6.2698007e+00
  -5.6245236e+00
  -4.8616690e+00
  -3.3593317e+00
  -1.6780835e+00
  -1.6797235e-01
  -1.1298174e+00
   2.6497678e+00
   4.2177009e+00
   3.8188317e+00
   1.1085589e+00
  -7.0246170e-01
  -2.4284393e+00
  -2.5833453e+00
  -2.3949759e+00
  -1.8976886e+00
  -1.2403929e+00
  -1.0129979e+00
  -1.1818262e+00
  -1.3418016e+00
  -1.4243977e+00
  -8.5727783e-01
   4.0710927e-01
   8.3898940e-01
   6.4577828e-01
  -6.5161414e-02
  -4.0657000e-01
  -3.5751230e-02
  -1.0521903e+00
  -4.2434225e+00
  -6.9711376e+00
  -7.5839711e+00
  -7.9865956e+00
  -8.1904897e+00
  -8.1181164e+00
  -7.7507267e+00
  -7.0681988e+00
  -6.0875294e+00
  -5.2895187e+00
  -3.7985578e+00
  -1.7340280e+00
   6.2990849e-01
  -1.1400714e+00
   1.6157759e+00
   3.4711824e+00
   3.5337873e+00
   7.4255857e-01
  -1.0136993e+00
  -2.4401869e+00
  -2.5513813e+00
  -2.4704143e+00
  -2.3032829e+00
  -2.1306934e+00
  -2.1852562e+00
  -2.3766095e+00
  -2.5077464e+00
  -2.4780409e+00
  -9.2034478e-01
   4.7473321e-01
   7.2671488e-01
   2.2190617e-01
  -9.3610454e-01
  -2.3817479e+00
  -2.9617423e+00
  -4.5628547e+00
  -6.7031533e+00
  -6.9795038e+00
  -7.5807682e+00
  -7.9893508e+00
  -8.1994076e+00
  -8.1426353e+00
  -7.8411679e+00
  -7.2752748e+00
  -6.4164907e+00
  -5.6637273e+00
  -4.4794350e+00
  -2.5079684e+00
   1.6039893e-01
  -2.0589488e+00
  -9.7756498e-02
   2.2297797e+00
   3.0118308e+00
   1.5357387e-01
  -1.4266831e+00
  -2.5136740e+00
  -2.6787934e+00
  -2.6869633e+00
  -2.6838303e+00
  -2.7244525e+00
  -2.8981888e+00
  -3.0977876e+00
  -3.1443086e+00
  -2.8011360e+00
  -1.4433185e+00
  -4.9909040e-01
  -2.3996873e-01
  -5.5785370e-01
  -1.4939084e+00
  -2.8866420e+00
  -4.6076341e+00
  -6.0837712e+00
  -5.2163377e+00
  -5.6581583e+00
  -6.3858080e+00
  -6.8775225e+00
  -7.1803136e+00
  -7.3250761e+00
  -7.2815442e+00
  -7.0129004e+00
  -6.4727006e+00
  -6.4470396e+00
  -5.7246242e+00
  -4.0185995e+00
  -6.3970602e-01
  -2.2416508e+00
  -1.7714598e+00
   8.5797453e-01
   2.4375236e+00
  -3.9017111e-01
  -2.1255419e+00
  -3.2081192e+00
  -3.1563177e+00
  -3.2065997e+00
  -3.2951691e+00
  -3.4778264e+00
  -3.7347646e+00
  -3.9621749e+00
  -3.9891944e+00
  -3.6500273e+00
  -2.9209847e+00
  -2.4346547e+00
  -2.1363811e+00
  -1.9873172e+00
  -2.2030988e+00
  -2.8466702e+00
  -3.6919870e+00
  -3.7562387e+00
  -2.9060082e+00
  -3.5437763e+00
  -4.4271111e+00
  -5.1265883e+00
  -5.7377200e+00
  -6.3159275e+00
  -6.7047501e+00
  -6.8748088e+00
  -6.7939897e+00
  -7.0840588e+00
  -6.4693704e+00
  -4.9592128e+00
  -1.2085532e+00
  -2.3529704e+00
  -3.0548818e+00
  -7.6752162e-01
   1.4703797e+00
  -8.6940515e-01
  -2.4006665e+00
  -4.0876665e+00
  -4.0734563e+00
  -4.1119771e+00
  -4.2154913e+00
  -4.4211416e+00
  -4.6655917e+00
  -4.9032383e+00
  -5.0086350e+00
  -4.9166470e+00
  -4.6843605e+00
  -4.5269814e+00
  -4.3752084e+00
  -4.0972681e+00
  -3.8031797e+00
  -3.7012863e+00
  -3.5260236e+00
  -2.7579215e+00
  -2.0322115e+00
  -2.3782403e+00
  -3.2322156e+00
  -4.1202459e+00
  -5.0395517e+00
  -5.9667664e+00
  -6.6643829e+00
  -7.1136584e+00
  -7.2735877e+00
  -6.8374662e+00
  -6.4464459e+00
  -5.2849035e+00
  -2.3138301e+00
  -2.0756321e+00
  -3.6304615e+00
  -2.7684946e+00
  -3.9214081e-01
  -1.4269414e+00
  -2.8107080e+00
  -4.9872146e+00
  -5.0568476e+00
  -5.0816936e+00
  -5.1379189e+00
  -5.2608995e+00
  -5.3901410e+00
  -5.5433540e+00
  -5.6528358e+00
  -5.6827221e+00
  -5.7101660e+00
  -5.7820344e+00
  -5.8218527e+00
  -5.7401505e+00
  -5.5580664e+00
  -5.3252420e+00
  -4.9497809e+00
  -4.2608566e+00
  -3.5651934e+00
  -3.1725845e+00
  -3.2983990e+00
  -3.7283523e+00
  -4.3686414e+00
  -5.2253070e+00
  -6.0014372e+00
  -6.5666304e+00
  -6.8617702e+00
  -6.0778995e+00
  -6.0892892e+00
  -5.3754892e+00
  -3.0466349e+00
  -2.2254307e+00
  -4.1058078e+00
  -4.3750367e+00
  -2.9247460e+00
  -2.2611713e+00
  -3.9732080e+00
  -5.3269515e+00
  -5.4477177e+00
  -5.5053549e+00
  -5.5567741e+00
  -5.6175332e+00
  -5.6572475e+00
  -5.7041998e+00
  -5.7519455e+00
  -5.8130097e+00
  -5.9570050e+00
  -6.1368885e+00
  -6.2489376e+00
  -6.2639599e+00
  -6.1775455e+00
  -5.9444022e+00
  -5.6046834e+00
  -5.1929703e+00
  -4.8933249e+00
  -4.6115284e+00
  -4.3331800e+00
  -4.1294041e+00
  -4.0287242e+00
  -4.2043734e+00
  -4.6631656e+00
  -5.2248549e+00
  -5.7507501e+00
  -4.6501937e+00
  -5.0626855e+00
  -5.0269823e+00
  -3.6615806e+00
  -2.0108731e+00
  -4.2622142e+00
  -5.1028390e+00
  -3.8022747e+00
  -3.0228572e+00
  -4.6157207e+00
  -4.8081632e+00
  -4.9690161e+00
  -5.1173754e+00
  -5.2264647e+00
  -5.2883930e+00
  -5.3092089e+00
  -5.3161163e+00
  -5.3073955e+00
  -5.3713226e+00
  -5.5335107e+00
  -5.7301288e+00
  -5.8454323e+00
  -5.8877940e+00
  -5.7981191e+00
  -5.5611987e+00
  -5.2746587e+00
  -5.0484505e+00
  -5.0210786e+00
  -5.0492921e+00
  -4.9147196e+00
  -4.5640163e+00
  -4.0645161e+00
  -3.5797145e+00
  -3.4034224e+00
  -3.5844743e+00
  -4.0814509e+00
  -2.8541644e+00
  -3.3580532e+00
  -3.8268487e+00
  -3.9615026e+00
  -3.2366605e+00
  -4.1183596e+00
  -4.7257180e+00
  -2.9458175e+00
  -1.2754391e+00
  -2.2734566e+00
  -3.0609405e+00
  -3.3430381e+00
  -3.6264460e+00
  -3.8547735e+00
  -4.0109863e+00
  -4.1041436e+00
  -4.1550570e+00
  -4.1437616e+00
  -4.1960664e+00
  -4.3109608e+00
  -4.4437714e+00
  -4.5324979e+00
  -4.5418024e+00
  -4.4374862e+00
  -4.2589889e+00
  -4.0601883e+00
  -3.9790633e+00
  -4.0701237e+00
  -4.2413487e+00
  -4.2766895e+00
  -4.0408311e+00
  -3.6268613e+00
  -3.0419843e+00
  -2.5327907e+00
  -2.3042834e+00
  -2.4324579e+00
  -1.0955654e+00
  -1.3895051e+00
  -1.9255891e+00
  -2.9628928e+00
  -4.0855708e+00
  -2.6253119e+00
  -2.7307794e+00
  -2.2782843e+00
  -8.3767807e-01
  -9.3981266e-01
  -8.1051278e-01
  -1.0112619e+00
  -1.3236641e+00
  -1.6717470e+00
  -1.9657292e+00
  -2.1624286e+00
  -2.2937107e+00
  -2.3734331e+00
  -2.4508290e+00
  -2.5364540e+00
  -2.6031525e+00
  -2.6560948e+00
  -2.6552422e+00
  -2.5470381e+00
  -2.4286270e+00
  -2.3464344e+00
  -2.3740144e+00
  -2.5474663e+00
  -2.7875910e+00
  -2.9076979e+00
  -2.7713311e+00
  -2.4606662e+00
  -1.9979707e+00
  -1.4975599e+00
  -1.1254913e+00
  -9.8184884e-01
   1.3927116e+00
   1.4560801e+00
   1.2251302e+00
   3.9092237e-01
  -4.1778487e-01
   6.5989721e-01
   1.2354918e+00
   8.8019502e-01
   1.1636615e+00
   2.2782362e+00
   2.3262341e+00
   2.5407746e+00
   2.3467469e+00
   2.0215893e+00
   1.6593400e+00
   1.3212067e+00
   1.0351257e+00
   7.8947049e-01
   5.9801590e-01
   4.7615668e-01
   4.2218119e-01
   4.0057358e-01
   3.7840599e-01
   3.9181238e-01
   3.6730132e-01
   2.5106695e-01
   4.8348315e-02
  -1.9587144e-01
  -4.2803690e-01
  -5.4166508e-01
  -4.6110311e-01
  -2.1005721e-01
   1.5461446e-01
   5.2203357e-01
   8.8090205e-01
   1.1796948e+00
   3.5136619e+00
   3.7981765e+00
   3.9035647e+00
   3.6254828e+00
   3.6803784e+00
   3.8649285e+00
   4.5524821e+00
   4.7801151e+00
   4.7680726e+00
   5.1489943e+00
   5.0350022e+00
   5.3003674e+00
   5.1990536e+00
   5.0198660e+00
   4.7287669e+00
   4.3662185e+00
   3.9741287e+00
   3.6056328e+00
   3.3258940e+00
   3.1409545e+00
   3.0563374e+00
   3.0209879e+00
   2.9744318e+00
   2.8879211e+00
   2.7492434e+00
   2.4998369e+00
   2.1713057e+00
   1.8543841e+00
   1.6215625e+00
   1.5356891e+00
   1.6448976e+00
   1.8893259e+00
   2.2219737e+00
   2.5422971e+00
   2.8421957e+00
   3.1779575e+00
   5.7035527e+00
   6.1243668e+00
   6.4932275e+00
   6.6542926e+00
   7.1252913e+00
   6.8948236e+00
   5.6177173e+00
   4.6917529e+00
   7.1959963e+00
   7.3266964e+00
   6.9841495e+00
   6.9572525e+00
   7.1043758e+00
   7.1531987e+00
   7.0678892e+00
   6.8651686e+00
   6.5557480e+00
   6.1996889e+00
   5.9181147e+00
   5.7068377e+00
   5.5455761e+00
   5.4308681e+00
   5.3078818e+00
   5.1022043e+00
   4.8606644e+00
   4.5679264e+00
   4.2268987e+00
   3.9283140e+00
   3.7263265e+00
   3.7205019e+00
   3.8499711e+00
   4.0832434e+00
   4.3824954e+00
   4.6677551e+00
   4.9493909e+00
   5.3118944e+00
   6.8365577e+00
   7.2431626e+00
   7.6335258e+00
   7.9549789e+00
   8.3072119e+00
   8.2873755e+00
   7.1993164e+00
   6.3150978e+00
   7.6435647e+00
   7.5721302e+00
   6.9198198e+00
   6.8929367e+00
   7.1649255e+00
   7.3997560e+00
   7.5817776e+00
   7.6230669e+00
   7.5470185e+00
   7.3764839e+00
   7.1590661e+00
   6.9201207e+00
   6.6890249e+00
   6.4880941e+00
   6.2423129e+00
   5.9394603e+00
   5.6405036e+00
   5.3363099e+00
   5.0578494e+00
   4.8328029e+00
   4.7401266e+00
   4.8416147e+00
   5.0377280e+00
   5.2737060e+00
   5.5224032e+00
   5.7851007e+00
   6.0893388e+00
   6.4545341e+00
   6.4591861e+00
   6.7506482e+00
   7.0123116e+00
   7.2406578e+00
   7.4251657e+00
   7.4434915e+00
   7.3189144e+00
   7.1275254e+00
   6.8097364e+00
   6.7911916e+00
   6.5043866e+00
   6.4606916e+00
   6.5787759e+00
   6.7567722e+00
   6.9412366e+00
   7.0157351e+00
   7.0286046e+00
   7.0010463e+00
   6.8515139e+00
   6.6221754e+00
   6.3661615e+00
   6.0983896e+00
   5.7747791e+00
   5.4094456e+00
   5.0857043e+00
   4.8360752e+00
   4.6551909e+00
   4.5909967e+00
   4.6347374e+00
   4.7903399e+00
   5.0068870e+00
   5.2095374e+00
   5.4052518e+00
   5.6098895e+00
   5.8485062e+00
   6.1522820e+00
   4.3697713e+00
   4.4930806e+00
   4.5593328e+00
   4.5272873e+00
   4.4386668e+00
   4.2161422e+00
   3.9804366e+00
   4.0595140e+00
   4.3319049e+00
   4.4269974e+00
   4.3654699e+00
   4.2938256e+00
   4.2900551e+00
   4.3672996e+00
   4.4595499e+00
   4.5627749e+00
   4.6586928e+00
   4.6978626e+00
   4.6288526e+00
   4.5110688e+00
   4.3441091e+00
   4.1058352e+00
   3.8150432e+00
   3.5172718e+00
   3.2742214e+00
   3.1083255e+00
   3.0579569e+00
   3.1406636e+00
   3.2937636e+00
   3.4813340e+00
   3.6316218e+00
   3.7819164e+00
   3.8911202e+00
   3.9656153e+00
   4.0763836e+00
   4.2171421e+00
   1.6328409e+00
   1.6051334e+00
   1.5120181e+00
   1.4073690e+00
   1.2948846e+00
   1.1761850e+00
   1.1774890e+00
   1.2025069e+00
   1.1459712e+00
   1.0704935e+00
   1.0167937e+00
   9.7754008e-01
   9.3756193e-01
   8.9907056e-01
   9.0470189e-01
   9.7486746e-01
   1.0603302e+00
   1.1256661e+00
   1.1838262e+00
   1.2365248e+00
   1.2155547e+00
   1.1029736e+00
   9.5868939e-01
   8.4739614e-01
   7.9463363e-01
   8.0028725e-01
   8.8764381e-01
   1.0492736e+00
   1.2570877e+00
   1.4475497e+00
   1.5829382e+00
   1.6608975e+00
   1.6845465e+00
   1.6736357e+00
   1.6420107e+00
   1.6330391e+00
  -5.9338324e-01
  -6.7572707e-01
  -7.5479984e-01
  -8.3638342e-01
  -9.5192540e-01
  -1.1066176e+00
  -1.2794759e+00
  -1.4449787e+00
  -1.5336457e+00
  -1.5522399e+00
  -1.5705831e+00
  -1.6142523e+00
  -1.7015425e+00
  -1.7904693e+00
  -1.8678759e+00
  -1.8881120e+00
  -1.8425062e+00
  -1.7504661e+00
  -1.6278635e+00
  -1.4996182e+00
  -1.3948115e+00
  -1.2919603e+00
  -1.1798177e+00
  -1.0549130e+00
  -9.2326898e-01
  -7.7241951e-01
  -5.7519025e-01
  -3.8552286e-01
  -2.2373757e-01
  -1.1111118e-01
  -7.8243589e-02
  -1.0813493e-01
  -1.9385146e-01
  -2.9179835e-01
  -3.9512962e-01
  -5.0553882e-01
  -9.0468180e-01
  -9.5744741e-01
  -1.0091280e+00
  -1.0612850e+00
  -1.1196345e+00
  -1.1856525e+00
  -1.2428397e+00
  -1.2886496e+00
  -1.3261105e+00
  -1.3666378e+00
  -1.4208642e+00
  -1.4860861e+00
  -1.5486579e+00
  -1.6143718e+00
  -1.6828421e+00
  -1.7363360e+00
  -1.7692680e+00
  -1.7654858e+00
  -1.7212290e+00
  -1.6420437e+00
  -1.5324517e+00
  -1.4118464e+00
  -1.2819669e+00
  -1.1354988e+00
  -9.8902899e-01
  -8.5082698e-01
  -7.2585464e-01
  -6.3448447e-01
  -5.7336181e-01
  -5.3957999e-01
  -5.2674836e-01
  -5.4490978e-01
  -6.0349298e-01
  -6.8349689e-01
  -7.6448327e-01
  -8.4120816e-01
