   1.0188115e-02
   9.7361444e-03
   9.4773328e-03
   9.5130354e-03
   9.1786632e-03
   8.1877287e-03
   6.8337876e-03
   5.4020856e-03
   3.6597930e-03
   1.7585995e-03
  -2.9182909e-04
  -2.4995310e-03
  -4.5601532e-03
  -6.6473790e-03
  -9.1711450e-03
  -1.1875536e-02
  -1.5038234e-02
  -1.8861855e-02
  -2.2730843e-02
  -2.6742277e-02
  -3.0572161e-02
  -3.3440189e-02
  -3.5433347e-02
  -3.6199053e-02
  -3.5186288e-02
  -3.2643836e-02
  -2.8813304e-02
  -2.4673130e-02
  -2.0419569e-02
  -1.5905786e-02
  -1.2160599e-02
  -8.8881105e-03
  -4.0703229e-03
   1.8630085e-03
   7.1364998e-03
   9.9510416e-03
   1.2408858e-02
   1.1225047e-02
   1.0005845e-02
   7.9852920e-03
   5.2218810e-03
   2.5473076e-03
  -2.5541044e-04
  -2.2926186e-03
  -5.1581026e-03
  -6.8915263e-03
  -8.6604282e-03
  -1.0147093e-02
  -1.0741955e-02
  -1.1310240e-02
  -1.2436857e-02
  -1.4342328e-02
  -1.6988575e-02
  -2.0285184e-02
  -2.4264593e-02
  -2.8651457e-02
  -3.3732451e-02
  -3.8171250e-02
  -4.2085245e-02
  -4.3410983e-02
  -4.1288065e-02
  -0.0000000e+00
  -0.0000000e+00
  -0.0000000e+00
  -0.0000000e+00
  -0.0000000e+00
  -0.0000000e+00
  -0.0000000e+00
  -0.0000000e+00
   0.0000000e+00
   0.0000000e+00
   1.4308671e-02
   1.6019758e-02
   1.1962192e-02
   5.8470885e-03
   4.3999302e-04
  -4.4550793e-03
  -8.8507710e-03
  -1.1224209e-02
  -1.3347660e-02
  -1.6478717e-02
  -1.8452139e-02
  -1.9723384e-02
  -2.0089418e-02
  -1.9105143e-02
  -1.8637674e-02
  -1.8828494e-02
  -1.9824458e-02
  -2.1407243e-02
  -2.3909187e-02
  -2.7455885e-02
  -3.0794833e-02
  -3.4880221e-02
  -3.8882907e-02
  -4.3151252e-02
  -3.7483593e-02
  -1.3641155e-02
   0.0000000e+00
   0.0000000e+00
   0.0000000e+00
   0.0000000e+00
   0.0000000e+00
   0.0000000e+00
   0.0000000e+00
   0.0000000e+00
   0.0000000e+00
   0.0000000e+00
   0.0000000e+00
   0.0000000e+00
   9.7599328e-03
  -1.0937332e-03
  -8.1347329e-03
  -1.4041579e-02
  -1.9549657e-02
  -2.2084520e-02
  -2.3615824e-02
  -2.5026692e-02
  -2.5728638e-02
  -2.6578350e-02
  -2.5949575e-02
  -2.4490409e-02
  -2.3154670e-02
  -2.2316605e-02
  -2.2215781e-02
  -2.3028497e-02
  -2.4680188e-02
  -2.6569624e-02
  -2.7746843e-02
  -2.9632887e-02
  -2.9694369e-02
  -3.1170305e-02
  -0.0000000e+00
   0.0000000e+00
   0.0000000e+00
   0.0000000e+00
   0.0000000e+00
   0.0000000e+00
   0.0000000e+00
   0.0000000e+00
   0.0000000e+00
   0.0000000e+00
   0.0000000e+00
   0.0000000e+00
   0.0000000e+00
   0.0000000e+00
   1.5842777e-02
  -2.5322977e-03
  -9.7881779e-03
  -1.6620772e-02
  -2.2854490e-02
  -2.5769433e-02
  -2.7135208e-02
  -2.7398584e-02
  -2.7220657e-02
  -2.7266534e-02
  -2.6421173e-02
  -2.4886247e-02
  -2.2812277e-02
  -2.1445198e-02
  -2.1176528e-02
  -2.1457577e-02
  -2.2435918e-02
  -2.2479029e-02
  -2.1749942e-02
  -1.9438650e-02
  -1.1184368e-02
   7.4938938e-04
   0.0000000e+00
   0.0000000e+00
   0.0000000e+00
   0.0000000e+00
   0.0000000e+00
   0.0000000e+00
   0.0000000e+00
   0.0000000e+00
   0.0000000e+00
   0.0000000e+00
   0.0000000e+00
   0.0000000e+00
   0.0000000e+00
   0.0000000e+00
   5.8738266e-03
  -1.1331874e-02
  -1.7221629e-02
  -2.1671874e-02
  -2.4742755e-02
  -2.5939303e-02
  -2.5963359e-02
  -2.5059148e-02
  -2.4409386e-02
  -2.3131720e-02
  -2.1555801e-02
  -1.9733361e-02
  -1.7541991e-02
  -1.6451104e-02
  -1.6780157e-02
  -1.7060565e-02
  -1.6756294e-02
  -1.5317469e-02
  -1.2273153e-02
  -5.2832792e-03
   1.2890982e-02
   2.8849459e-02
   0.0000000e+00
   0.0000000e+00
   0.0000000e+00
   0.0000000e+00
   0.0000000e+00
   0.0000000e+00
   0.0000000e+00
   0.0000000e+00
   0.0000000e+00
   0.0000000e+00
   0.0000000e+00
   0.0000000e+00
   0.0000000e+00
   0.0000000e+00
  -4.7846083e-03
  -1.5530970e-02
  -2.4165651e-02
  -2.6220918e-02
  -2.5508514e-02
  -2.4310041e-02
  -2.3050165e-02
  -2.0957824e-02
  -1.8841395e-02
  -1.6579445e-02
  -1.4646081e-02
  -1.2481764e-02
  -1.0589411e-02
  -9.8141758e-03
  -1.0592856e-02
  -1.0469539e-02
  -9.1636125e-03
  -6.2040584e-03
  -8.9477818e-04
   1.0915040e-02
   3.7027143e-02
   4.6738898e-02
   0.0000000e+00
   0.0000000e+00
   0.0000000e+00
   0.0000000e+00
   0.0000000e+00
   0.0000000e+00
   0.0000000e+00
   0.0000000e+00
   0.0000000e+00
   0.0000000e+00
   0.0000000e+00
   0.0000000e+00
   0.0000000e+00
  -0.0000000e+00
  -5.3641014e-03
  -1.2055584e-02
  -1.9012400e-02
  -1.9610979e-02
  -1.7339822e-02
  -1.5468533e-02
  -1.3948975e-02
  -1.1922369e-02
  -9.8124265e-03
  -8.0154343e-03
  -6.6516893e-03
  -4.6676918e-03
  -3.3349316e-03
  -3.0145419e-03
  -3.6362398e-03
  -2.9329127e-03
  -2.1301425e-04
   4.1968748e-03
   1.1958832e-02
   2.7755659e-02
   6.3119113e-02
   0.0000000e+00
   0.0000000e+00
   0.0000000e+00
   0.0000000e+00
   0.0000000e+00
   0.0000000e+00
   0.0000000e+00
   0.0000000e+00
   0.0000000e+00
   0.0000000e+00
   0.0000000e+00
   0.0000000e+00
   0.0000000e+00
   0.0000000e+00
   3.0574539e-03
  -1.5988026e-03
  -4.5764199e-03
  -6.9437614e-03
  -6.8254769e-03
  -5.6714537e-03
  -4.2581544e-03
  -3.3202223e-03
  -2.7387345e-03
  -1.7895233e-03
  -8.8593806e-04
   1.9853190e-04
   1.4634427e-03
   2.1533319e-03
   1.9566503e-03
   1.9116153e-03
   3.3970997e-03
   6.8612141e-03
   1.2697922e-02
   2.2098528e-02
   4.0696301e-02
   7.1281053e-02
   0.0000000e+00
   0.0000000e+00
   0.0000000e+00
   0.0000000e+00
   0.0000000e+00
   0.0000000e+00
   0.0000000e+00
   0.0000000e+00
   0.0000000e+00
   0.0000000e+00
   0.0000000e+00
   0.0000000e+00
   0.0000000e+00
   0.0000000e+00
   9.1012055e-03
   4.8955791e-03
   4.4413754e-03
   3.5295999e-03
   3.6917464e-03
   4.4264793e-03
   5.2455105e-03
   5.1834704e-03
   4.6286643e-03
   4.6691326e-03
   4.8262724e-03
   5.2499389e-03
   5.6835175e-03
   5.9013083e-03
   5.5953986e-03
   6.1410149e-03
   8.2769105e-03
   1.2534099e-02
   1.9340878e-02
   2.9932540e-02
   5.0394323e-02
   6.9180822e-02
   0.0000000e+00
   0.0000000e+00
   0.0000000e+00
   0.0000000e+00
   0.0000000e+00
   0.0000000e+00
   0.0000000e+00
   0.0000000e+00
   0.0000000e+00
   0.0000000e+00
   0.0000000e+00
   0.0000000e+00
   0.0000000e+00
   0.0000000e+00
   1.7387328e-02
   1.0952851e-02
   9.7999629e-03
   9.0314353e-03
   9.6409135e-03
   1.0589801e-02
   1.0655616e-02
   9.9114971e-03
   8.7704547e-03
   8.1022074e-03
   7.5736735e-03
   7.5361426e-03
   7.6039396e-03
   7.6994132e-03
   7.6528620e-03
   8.8991717e-03
   1.1579486e-02
   1.6535386e-02
   2.3847596e-02
   3.5634257e-02
   5.9147410e-02
   6.8189409e-02
   0.0000000e+00
   0.0000000e+00
   0.0000000e+00
   0.0000000e+00
   0.0000000e+00
   0.0000000e+00
   0.0000000e+00
   0.0000000e+00
   0.0000000e+00
   0.0000000e+00
   0.0000000e+00
   2.2687205e-02
   2.0703492e-02
   1.8256894e-02
   1.6559040e-02
   1.4065973e-02
   1.1868098e-02
   1.1823666e-02
   1.2730099e-02
   1.3039986e-02
   1.2291730e-02
   1.1054580e-02
   9.5962705e-03
   8.5863182e-03
   7.9025365e-03
   7.7267997e-03
   7.7308547e-03
   7.9059061e-03
   8.7278141e-03
   1.0854930e-02
   1.4287683e-02
   1.9875370e-02
   2.7803982e-02
   4.1076094e-02
   6.7936018e-02
   8.0436817e-02
   0.0000000e+00
   0.0000000e+00
   0.0000000e+00
   0.0000000e+00
   0.0000000e+00
   0.0000000e+00
   0.0000000e+00
   0.0000000e+00
   0.0000000e+00
   0.0000000e+00
   2.2514849e-02
   2.6061639e-02
   2.8266620e-02
   2.2008898e-02
   1.4092127e-02
   1.2442064e-02
   1.1110148e-02
   1.1875749e-02
   1.2898777e-02
   1.2692485e-02
   1.1679996e-02
   1.0315556e-02
   8.8870050e-03
   7.8299828e-03
   7.1455813e-03
   6.7146537e-03
   6.7187622e-03
   7.3536970e-03
   9.2118066e-03
   1.2264561e-02
   1.6612135e-02
   2.2813536e-02
   3.1463142e-02
   4.5831781e-02
   7.0651598e-02
   0.0000000e+00
   0.0000000e+00
   0.0000000e+00
   0.0000000e+00
   0.0000000e+00
   0.0000000e+00
   0.0000000e+00
   0.0000000e+00
   0.0000000e+00
   0.0000000e+00
   0.0000000e+00
   2.5394684e-02
   2.9666420e-02
   2.5598343e-02
   1.8299613e-02
   8.9493841e-03
   7.8938063e-03
   8.4133772e-03
   1.0193245e-02
   1.1648799e-02
   1.1795287e-02
   1.1372296e-02
   1.0711691e-02
   9.9716298e-03
   9.2789428e-03
   8.5649872e-03
   7.9717040e-03
   8.1656473e-03
   9.4088698e-03
   1.2062931e-02
   1.5889170e-02
   2.0972079e-02
   2.7997054e-02
   3.6866400e-02
   4.8885018e-02
   6.1689951e-02
   0.0000000e+00
   0.0000000e+00
   0.0000000e+00
   0.0000000e+00
   0.0000000e+00
   0.0000000e+00
   0.0000000e+00
   0.0000000e+00
   0.0000000e+00
   0.0000000e+00
   2.1335730e-02
   2.6151225e-02
   2.2446916e-02
   1.7210852e-02
   1.1582352e-02
   3.3475684e-03
   3.5011512e-03
   5.3263134e-03
   7.9520922e-03
   1.0117325e-02
   1.1411153e-02
   1.2282455e-02
   1.3033227e-02
   1.3763933e-02
   1.4464621e-02
   1.5012302e-02
   1.5432350e-02
   1.6101973e-02
   1.7388828e-02
   1.9726958e-02
   2.3029771e-02
   2.7477380e-02
   3.3220913e-02
   3.8577098e-02
   4.3570012e-02
   3.9112287e-02
   0.0000000e+00
   0.0000000e+00
   0.0000000e+00
   0.0000000e+00
   0.0000000e+00
   0.0000000e+00
   0.0000000e+00
   0.0000000e+00
   0.0000000e+00
   0.0000000e+00
   2.2942305e-02
   1.8189101e-02
   1.2703524e-02
   8.3530014e-03
   4.8856204e-03
  -9.4562152e-04
  -2.3872155e-04
   1.6890857e-03
   4.1531236e-03
   6.4764684e-03
   8.4785316e-03
   1.0283998e-02
   1.2156341e-02
   1.4183570e-02
   1.6275341e-02
   1.8534273e-02
   2.1010773e-02
   2.3432722e-02
   2.5721058e-02
   2.7886875e-02
   2.9964333e-02
   3.2422952e-02
   3.5409052e-02
   3.6497608e-02
   3.5181783e-02
   2.6511754e-02
   0.0000000e+00
   0.0000000e+00
   0.0000000e+00
   0.0000000e+00
   0.0000000e+00
   0.0000000e+00
   0.0000000e+00
   0.0000000e+00
   0.0000000e+00
   1.9999337e-02
   2.0158215e-02
   9.3978634e-03
   4.5286515e-03
   1.5325759e-03
  -2.1095955e-04
  -4.8033977e-03
  -4.3740273e-03
  -3.4077619e-03
  -2.3876231e-03
  -1.3392119e-03
  -2.4583598e-04
   9.8470482e-04
   2.6276398e-03
   4.8819985e-03
   7.5514787e-03
   1.0710412e-02
   1.4466035e-02
   1.8445307e-02
   2.2245901e-02
   2.5609490e-02
   2.8250286e-02
   3.0687518e-02
   3.3558182e-02
   3.1662918e-02
   2.7239290e-02
   2.1847983e-02
   0.0000000e+00
   0.0000000e+00
   0.0000000e+00
   0.0000000e+00
   0.0000000e+00
   0.0000000e+00
   0.0000000e+00
   0.0000000e+00
   0.0000000e+00
   1.7369482e-02
   1.5452262e-02
   2.4325168e-03
  -1.7898759e-03
  -3.6401725e-03
  -4.3775490e-03
  -5.7036619e-03
  -6.1513814e-03
  -6.2106759e-03
  -6.7868791e-03
  -7.3381932e-03
  -7.7918982e-03
  -7.6713343e-03
  -6.7679719e-03
  -4.8911278e-03
  -2.3633178e-03
   6.7506108e-04
   4.2630602e-03
   7.9167555e-03
   1.1358094e-02
   1.4513656e-02
   1.6909272e-02
   1.8911725e-02
   2.2066228e-02
   2.6956256e-02
   3.0355337e-02
   1.8611939e-02
   0.0000000e+00
   0.0000000e+00
   0.0000000e+00
   0.0000000e+00
   0.0000000e+00
   0.0000000e+00
   0.0000000e+00
   0.0000000e+00
   0.0000000e+00
   1.7413414e-02
   8.6096656e-03
  -1.0584045e-03
  -4.3570625e-03
  -5.0939471e-03
  -5.1094466e-03
  -3.9587333e-04
  -1.4365007e-03
  -1.6038769e-03
  -2.1811707e-03
  -2.5242134e-03
  -2.6795289e-03
  -2.3438460e-03
  -1.3557144e-03
   4.1925424e-04
   2.6108203e-03
   4.9334881e-03
   7.1457252e-03
   8.6845430e-03
   9.8110596e-03
   1.0798569e-02
   1.1752899e-02
   1.2962617e-02
   1.5603010e-02
   1.8917435e-02
   8.9740923e-03
   2.0378571e-02
   0.0000000e+00
   0.0000000e+00
   0.0000000e+00
   0.0000000e+00
   0.0000000e+00
   0.0000000e+00
   0.0000000e+00
   0.0000000e+00
   0.0000000e+00
   1.8021300e-02
   6.9264811e-03
   1.0232908e-04
  -1.6875141e-03
  -1.0337669e-03
   1.1122669e-05
   6.5022390e-03
   4.6785880e-03
   4.8222692e-03
   5.8819809e-03
   6.4171188e-03
   7.2809276e-03
   8.2716481e-03
   9.4206819e-03
   1.0954686e-02
   1.2415655e-02
   1.3570518e-02
   1.3972705e-02
   1.2997410e-02
   1.1243172e-02
   9.5732773e-03
   8.9236047e-03
   9.3391372e-03
   1.1039650e-02
   9.7514741e-03
   9.5241231e-04
   1.4777079e-02
   0.0000000e+00
   0.0000000e+00
   0.0000000e+00
   0.0000000e+00
   0.0000000e+00
   0.0000000e+00
   0.0000000e+00
   0.0000000e+00
   2.1270540e-02
   1.6664050e-02
   6.2407589e-03
   9.4398809e-04
   1.0183349e-03
   3.7194565e-03
   6.2982196e-03
   1.2334799e-02
   9.6430832e-03
   4.3243977e-03
   5.9745372e-03
   5.4589310e-03
   5.2363253e-03
   5.0416002e-03
   4.6250988e-03
   4.3650181e-03
   3.9262883e-03
   3.2123502e-03
   1.9640457e-03
  -5.0889008e-05
  -2.3452914e-03
  -4.2724488e-03
  -5.3956797e-03
  -5.3635868e-03
  -2.9338766e-03
  -1.3293508e-03
  -1.8655639e-03
   1.4381546e-02
   0.0000000e+00
   0.0000000e+00
   0.0000000e+00
   0.0000000e+00
   0.0000000e+00
   0.0000000e+00
   0.0000000e+00
   0.0000000e+00
   1.9011314e-02
   1.4309917e-02
   3.3802255e-03
  -1.4135756e-03
  -8.2525262e-04
   4.3021846e-03
   1.0032260e-02
   0.0000000e+00
   0.0000000e+00
   1.4757890e-03
   8.4212626e-04
  -1.6000578e-03
  -3.6926039e-03
  -5.6952354e-03
  -7.9789087e-03
  -1.0257089e-02
  -1.2506470e-02
  -1.4874284e-02
  -1.7191116e-02
  -1.8861558e-02
  -1.9602222e-02
  -1.9712903e-02
  -1.9818570e-02
  -1.9226989e-02
  -1.5898369e-02
  -1.0629357e-02
  -4.2358548e-03
   0.0000000e+00
   0.0000000e+00
   0.0000000e+00
   0.0000000e+00
   0.0000000e+00
   0.0000000e+00
   0.0000000e+00
   0.0000000e+00
   0.0000000e+00
   1.1651743e-02
   1.0355109e-02
   5.6626351e-04
  -3.8156058e-03
  -4.8011648e-03
   5.5501400e-04
   1.0829117e-02
   0.0000000e+00
   0.0000000e+00
   2.5779663e-04
  -1.2619878e-03
  -4.6046851e-03
  -7.5562187e-03
  -1.0301847e-02
  -1.3305642e-02
  -1.6378047e-02
  -1.9331761e-02
  -2.2257630e-02
  -2.4981976e-02
  -2.6805798e-02
  -2.7699899e-02
  -2.7867122e-02
  -2.7668763e-02
  -2.7188836e-02
  -2.5701381e-02
  -2.0868856e-02
  -9.2611304e-03
   0.0000000e+00
   0.0000000e+00
   0.0000000e+00
   0.0000000e+00
   0.0000000e+00
   0.0000000e+00
   0.0000000e+00
   0.0000000e+00
  -1.6785509e-02
   3.7902319e-03
   4.3074968e-03
  -1.2067915e-03
  -4.9838545e-03
  -8.5638622e-03
  -6.2033948e-03
   6.7277103e-03
   0.0000000e+00
   0.0000000e+00
   1.4924484e-03
  -1.7151481e-03
  -4.9171164e-03
  -7.4145300e-03
  -9.7480200e-03
  -1.2246972e-02
  -1.4742794e-02
  -1.6840214e-02
  -1.8701760e-02
  -2.0887336e-02
  -2.3677942e-02
  -2.7139200e-02
  -3.1048568e-02
  -3.4094244e-02
  -3.5505012e-02
  -3.4690030e-02
  -3.2148927e-02
  -1.8343029e-02
   0.0000000e+00
   0.0000000e+00
   0.0000000e+00
   0.0000000e+00
   0.0000000e+00
   0.0000000e+00
   0.0000000e+00
  -2.3766203e-02
  -2.0747927e-02
  -6.3806600e-03
  -1.4011296e-03
  -2.1107187e-03
  -4.8871627e-03
  -1.2126985e-02
  -1.5254142e-02
   0.0000000e+00
   0.0000000e+00
   0.0000000e+00
   5.1439457e-03
  -1.2347071e-03
  -4.0860893e-03
  -5.3292383e-03
  -6.4840396e-03
  -7.9629226e-03
  -9.3972478e-03
  -1.0042440e-02
  -1.0108712e-02
  -1.0593812e-02
  -1.2947864e-02
  -1.7404187e-02
  -2.4513913e-02
  -3.3097386e-02
  -4.0970586e-02
  -3.9972812e-02
  -3.3182130e-02
  -3.5502467e-02
   0.0000000e+00
   0.0000000e+00
   0.0000000e+00
   0.0000000e+00
   0.0000000e+00
   0.0000000e+00
  -1.3446603e-02
  -2.1826034e-02
  -2.6216827e-02
  -1.5491817e-02
  -5.5362899e-03
  -1.5003362e-03
  -2.4278402e-03
  -1.3238980e-02
  -2.1849180e-02
   0.0000000e+00
   0.0000000e+00
   0.0000000e+00
   1.0356235e-02
   8.2122715e-04
  -2.9870961e-03
  -3.5533605e-03
  -3.7901413e-03
  -4.7978749e-03
  -6.2715909e-03
  -7.2411825e-03
  -7.1569812e-03
  -6.4973189e-03
  -7.1984157e-03
  -9.9196378e-03
  -1.5779965e-02
  -2.5018068e-02
  -3.7920993e-02
  -4.4460185e-02
  -2.3459193e-02
  -5.3409618e-02
   0.0000000e+00
   0.0000000e+00
   0.0000000e+00
   0.0000000e+00
   0.0000000e+00
   0.0000000e+00
  -1.1972449e-02
  -1.8493330e-02
  -2.4860581e-02
  -1.8017093e-02
  -7.5959247e-03
  -0.0000000e+00
   0.0000000e+00
  -1.0843461e-02
  -2.4498804e-02
   0.0000000e+00
   0.0000000e+00
   0.0000000e+00
   1.4941330e-02
   6.8659187e-03
   1.2077768e-05
  -1.1140838e-03
  -8.3017997e-04
  -1.5498014e-03
  -3.5442894e-03
  -5.8027434e-03
  -7.1977359e-03
  -6.9524721e-03
  -6.4973130e-03
  -7.3364582e-03
  -1.0823996e-02
  -1.8095215e-02
  -2.9983755e-02
  -4.6679614e-02
  -3.8009549e-02
  -5.6118480e-02
   0.0000000e+00
   0.0000000e+00
   0.0000000e+00
   0.0000000e+00
   0.0000000e+00
   0.0000000e+00
  -0.0000000e+00
  -1.4527412e-02
  -2.0557509e-02
  -0.0000000e+00
  -0.0000000e+00
   0.0000000e+00
   0.0000000e+00
  -0.0000000e+00
  -0.0000000e+00
   0.0000000e+00
   0.0000000e+00
   0.0000000e+00
   1.9579834e-02
   1.5453572e-02
   7.2818180e-03
   4.0029655e-03
   3.4972790e-03
   2.5879128e-03
   2.1672234e-04
  -2.7129552e-03
  -5.4655457e-03
  -6.6079651e-03
  -6.2052505e-03
  -6.2991525e-03
  -8.1235385e-03
  -1.4108470e-02
  -2.4046281e-02
  -3.5141848e-02
  -2.7747485e-02
  -4.7385204e-02
   0.0000000e+00
   0.0000000e+00
   0.0000000e+00
   0.0000000e+00
   0.0000000e+00
   0.0000000e+00
   0.0000000e+00
  -9.8509360e-03
  -1.6081419e-02
   0.0000000e+00
   0.0000000e+00
   0.0000000e+00
   0.0000000e+00
   0.0000000e+00
   0.0000000e+00
  -0.0000000e+00
   0.0000000e+00
   0.0000000e+00
   0.0000000e+00
   2.3172171e-02
   1.7919263e-02
   1.5192154e-02
   1.3172369e-02
   1.0302076e-02
   6.2045027e-03
   2.2561217e-03
  -1.4364704e-03
  -3.7303464e-03
  -3.8496859e-03
  -3.6859843e-03
  -4.4284458e-03
  -8.9969924e-03
  -1.8949328e-02
  -2.6516053e-02
  -2.5616224e-02
  -4.4558871e-02
   0.0000000e+00
   0.0000000e+00
   0.0000000e+00
   0.0000000e+00
   0.0000000e+00
   0.0000000e+00
   0.0000000e+00
  -0.0000000e+00
  -0.0000000e+00
  -0.0000000e+00
  -0.0000000e+00
  -0.0000000e+00
  -0.0000000e+00
   0.0000000e+00
  -0.0000000e+00
  -0.0000000e+00
   0.0000000e+00
   0.0000000e+00
   0.0000000e+00
   2.3796101e-02
   2.2895694e-02
   2.5518097e-02
   2.7268002e-02
   2.3680026e-02
   1.6667582e-02
   1.0316414e-02
   4.8114527e-03
   1.3906994e-03
   7.6199250e-04
   9.9950680e-04
   8.1326632e-04
  -2.2085111e-03
  -1.1488473e-02
  -2.1405886e-02
  -2.4075642e-02
  -3.8118032e-02
   0.0000000e+00
   0.0000000e+00
   0.0000000e+00
   0.0000000e+00
   0.0000000e+00
   0.0000000e+00
   0.0000000e+00
   0.0000000e+00
   0.0000000e+00
  -0.0000000e+00
  -0.0000000e+00
  -0.0000000e+00
  -0.0000000e+00
  -0.0000000e+00
  -0.0000000e+00
   0.0000000e+00
   0.0000000e+00
   0.0000000e+00
   0.0000000e+00
   1.6801822e-02
   1.6882867e-02
   2.3494184e-02
   3.3917073e-02
   3.5211083e-02
   2.8523726e-02
   2.1456834e-02
   1.4573324e-02
   1.0136127e-02
   8.6587146e-03
   8.9972708e-03
   8.9418646e-03
   7.5411536e-03
  -9.2736853e-05
  -9.2028404e-03
  -1.9856434e-02
  -2.8973618e-02
   0.0000000e+00
   0.0000000e+00
   0.0000000e+00
   0.0000000e+00
   0.0000000e+00
   0.0000000e+00
   0.0000000e+00
   0.0000000e+00
   0.0000000e+00
   0.0000000e+00
   0.0000000e+00
   0.0000000e+00
  -0.0000000e+00
   0.0000000e+00
  -0.0000000e+00
   0.0000000e+00
   0.0000000e+00
   0.0000000e+00
   0.0000000e+00
   0.0000000e+00
   0.0000000e+00
   1.7028109e-02
   2.8080238e-02
   3.2322075e-02
   3.0403117e-02
   2.7288266e-02
   2.2792373e-02
   1.9577010e-02
   1.7659310e-02
   1.7462185e-02
   1.7520431e-02
   1.7156727e-02
   1.3007454e-02
   1.0185952e-02
  -1.2366850e-02
  -1.7951065e-02
   0.0000000e+00
   0.0000000e+00
   0.0000000e+00
   0.0000000e+00
   0.0000000e+00
   0.0000000e+00
   0.0000000e+00
   0.0000000e+00
   0.0000000e+00
   0.0000000e+00
   0.0000000e+00
   0.0000000e+00
   0.0000000e+00
   0.0000000e+00
   0.0000000e+00
   0.0000000e+00
   0.0000000e+00
   0.0000000e+00
   0.0000000e+00
   0.0000000e+00
   0.0000000e+00
   0.0000000e+00
   1.5937546e-02
   2.6970948e-02
   3.1400383e-02
   3.1880993e-02
   2.9890962e-02
   2.7804895e-02
   2.6123123e-02
   2.5241556e-02
   2.4959723e-02
   2.5135644e-02
   2.4438071e-02
   2.1323546e-02
   1.9210227e-03
   2.2465531e-03
   0.0000000e+00
   0.0000000e+00
   0.0000000e+00
   0.0000000e+00
   0.0000000e+00
   0.0000000e+00
   0.0000000e+00
   0.0000000e+00
   0.0000000e+00
   0.0000000e+00
   0.0000000e+00
   0.0000000e+00
   0.0000000e+00
   0.0000000e+00
   0.0000000e+00
   0.0000000e+00
   0.0000000e+00
   0.0000000e+00
   0.0000000e+00
   0.0000000e+00
   0.0000000e+00
   0.0000000e+00
  -3.5208081e-03
   1.2871251e-02
   2.4632428e-02
   2.9830530e-02
   3.0490177e-02
   2.9542472e-02
   2.8649967e-02
   2.7993750e-02
   2.8475631e-02
   2.8610761e-02
   2.8590119e-02
   2.4967469e-02
   1.1911744e-02
   9.3570864e-03
   1.3439181e-02
   0.0000000e+00
   0.0000000e+00
   0.0000000e+00
   0.0000000e+00
   0.0000000e+00
   0.0000000e+00
   0.0000000e+00
   0.0000000e+00
   0.0000000e+00
   0.0000000e+00
   0.0000000e+00
   0.0000000e+00
   0.0000000e+00
   0.0000000e+00
   0.0000000e+00
  -0.0000000e+00
  -0.0000000e+00
  -0.0000000e+00
  -0.0000000e+00
  -2.5561434e-02
  -3.0647311e-02
  -2.2606290e-02
  -9.8511167e-03
   2.1070244e-03
   9.6917411e-03
   1.4592453e-02
   1.6634811e-02
   1.7314093e-02
   1.8682165e-02
   2.2018602e-02
   2.5518722e-02
   2.5489013e-02
   1.8521605e-02
   1.2003980e-02
   1.0467616e-02
   1.6946693e-02
   0.0000000e+00
   0.0000000e+00
   0.0000000e+00
   0.0000000e+00
   0.0000000e+00
   0.0000000e+00
   0.0000000e+00
   0.0000000e+00
   0.0000000e+00
   0.0000000e+00
   0.0000000e+00
   0.0000000e+00
   0.0000000e+00
   0.0000000e+00
   0.0000000e+00
   0.0000000e+00
   0.0000000e+00
  -0.0000000e+00
  -0.0000000e+00
  -2.6893974e-02
  -0.0000000e+00
  -0.0000000e+00
  -2.7450414e-02
  -1.9176973e-02
  -1.0507923e-02
  -0.0000000e+00
  -0.0000000e+00
  -0.0000000e+00
  -1.2872611e-02
  -6.0072890e-03
   5.9246863e-03
   2.5561048e-03
   6.7253453e-03
   1.0722704e-02
   1.3132276e-02
   1.9831875e-02
   2.3678922e-02
   2.2594402e-02
   2.2409614e-02
   0.0000000e+00
   0.0000000e+00
   0.0000000e+00
   0.0000000e+00
   0.0000000e+00
   0.0000000e+00
   0.0000000e+00
   0.0000000e+00
   0.0000000e+00
   0.0000000e+00
   0.0000000e+00
   0.0000000e+00
