-START-OF-DATA-
1759.5 0.00109336
1769.5 0.00109336
1779.5 0.00109336
1789.5 0.00109336
1799.5 0.00109336
1809.5 0.00109336
1819.5 0.00109336
1829.5 0.00109336
1839.5 0.00109336
1849.5 0.00109336
1859.5 0.00109336
1869.5 0.00109336
1879.5 0.00109336
1889.5 0.00109336
1899.5 0.00109336
1909.5 0.00109336
1919.5 0.00109336
1929.5 0.00109336
1939.5 0.00109336
1949.5 0.001164
2049.5 0.001188
2149.5 0.001227
2249.5 0.001282
2349.5 0.001349
2449.5 0.001424
2549.5 0.001518
2649.5 0.001636
2749.5 0.00175
2849.5 0.001856
2949.5 0.001947
3049.5 0.002014
3149.5 0.002057
3249.5 0.002081
3349.5 0.002092
3449.5 0.002092
3549.5 0.002084
3649.5 0.002073
3749.5 0.002057
3849.5 0.002041
3949.5 0.002025
4049.5 0.002006
4149.5 0.00199
4249.5 0.001974
4349.5 0.001959
4449.5 0.001943
4549.5 0.001931
4649.5 0.001915
4749.5 0.001904
4849.5 0.001892
4949.5 0.00188
5049.5 0.001868
5149.5 0.001856
5249.5 0.001845
5349.5 0.001837
5449.5 0.001825
5549.5 0.001817
5649.5 0.001809
5749.5 0.001797
5849.5 0.001789
5949.5 0.001782
6049.5 0.001774
6149.5 0.001766
6249.5 0.001762
6349.5 0.001754
6449.5 0.001746
6549.5 0.001742
6649.5 0.001734
6749.5 0.001727
6849.5 0.001723
6949.5 0.001715
7049.5 0.001711
7149.5 0.001707
7249.5 0.001699
7349.5 0.001695
7449.5 0.001691
7549.5 0.001683
7649.5 0.001679
7749.5 0.001675
7849.5 0.001672
7949.5 0.001668
8049.5 0.001664
8149.5 0.001656
8249.5 0.001652
8349.5 0.001648
8449.5 0.001644
8549.5 0.00164
8649.5 0.001636
8749.5 0.001636
8849.5 0.001632
8949.5 0.001628
9049.5 0.001624
9149.5 0.00162
9249.5 0.001616
9349.5 0.001613
9449.5 0.001613
9549.5 0.001609
9649.5 0.001605
9749.5 0.001601
9849.5 0.001601
9949.5 0.001597
10049.5 0.001593
10149.5 0.001589
10249.5 0.001589
10349.5 0.001585
10449.5 0.001581
10549.5 0.001581
10649.5 0.001577
10749.5 0.001577
10849.5 0.001573
10949.5 0.001569
11049.5 0.001569
11149.5 0.001565
11249.5 0.001565
11349.5 0.001561
11449.5 0.001557
11549.5 0.001557
11649.5 0.001554
11749.5 0.001554
11849.5 0.00155
11949.5 0.00155
12049.5 0.001546
12149.5 0.001546
12249.5 0.001542
12349.5 0.001542
12449.5 0.001538
12549.5 0.001538
12649.5 0.001538
12749.5 0.001534
12849.5 0.001534
12949.5 0.00153
13049.5 0.00153
13149.5 0.001526
13249.5 0.001526
13349.5 0.001522
13449.5 0.001522
13549.5 0.001522
13649.5 0.001518
13749.5 0.001518
13849.5 0.001518
13949.5 0.001514
14049.5 0.001514
14149.5 0.00151
14249.5 0.00151
14349.5 0.00151
14449.5 0.001506
14549.5 0.001506
14649.5 0.001506
14749.5 0.001502
14849.5 0.001502
14949.5 0.001502
15049.5 0.001498
15149.5 0.001498
15249.5 0.001498
15349.5 0.001495
15449.5 0.001495
15549.5 0.001495
15649.5 0.001491
15749.5 0.001491
15849.5 0.001491
15949.5 0.001491
16049.5 0.001487
16149.5 0.001487
16249.5 0.001487
16349.5 0.001483
16449.5 0.001483
16549.5 0.001483
16649.5 0.001483
16749.5 0.001479
16849.5 0.001479
16949.5 0.001479
17049.5 0.001475
17149.5 0.001475
17249.5 0.001475
17349.5 0.001475
17449.5 0.001471
17549.5 0.001471
17649.5 0.001471
17749.5 0.001467
17849.5 0.001467
17949.5 0.001467
18049.5 0.001467
18149.5 0.001463
18249.5 0.001463
18349.5 0.001463
18449.5 0.001463
18549.5 0.001459
18649.5 0.001459
18749.5 0.001459
18849.5 0.001459
18949.5 0.001455
19049.5 0.001455
19149.5 0.001455
19249.5 0.001455
19349.5 0.001451
19449.5 0.001451
19549.5 0.001451
19649.5 0.001447
19749.5 0.001447
19849.5 0.001447
19949.5 0.001447
20049.5 0.001443
20149.5 0.001443
20249.5 0.001443
20349.5 0.001443
20449.5 0.001439
20549.5 0.001439
20649.5 0.001439
20749.5 0.001439
20849.5 0.001436
20949.5 0.001436
21049.5 0.001436
21149.5 0.001436
21249.5 0.001432
21349.5 0.001432
21449.5 0.001432
21549.5 0.001432
21649.5 0.001428
21749.5 0.001428
21849.5 0.001428
21949.5 0.001428
22049.5 0.001424
22149.5 0.001424
22249.5 0.001424
22349.5 0.001424
22449.5 0.001424
22549.5 0.00142
22649.5 0.00142
22749.5 0.00142
22849.5 0.00142
22949.5 0.001416
23049.5 0.001416
23149.5 0.001416
23249.5 0.001416
23349.5 0.001416
23449.5 0.001412
23549.5 0.001412
23649.5 0.001412
23749.5 0.001412
23849.5 0.001412
23949.5 0.001408
24049.5 0.001408
24149.5 0.001408
24249.5 0.001408
24349.5 0.001404
24449.5 0.001404
24549.5 0.001404
24649.5 0.001404
24749.5 0.001404
24849.5 0.001404
24949.5 0.0014
25049.5 0.0014
25149.5 0.0014
25249.5 0.0014
25349.5 0.0014
25449.5 0.001396
25549.5 0.001396
25649.5 0.001396
25749.5 0.001396
25849.5 0.001396
25949.5 0.001396
26049.5 0.001392
26149.5 0.001392
26249.5 0.001392
26349.5 0.001392
26449.5 0.001392
26549.5 0.001388
26649.5 0.001388
26749.5 0.001388
26849.5 0.001388
26949.5 0.001388
27049.5 0.001388
27149.5 0.001388
27249.5 0.001384
27349.5 0.001384
27449.5 0.001384
27549.5 0.001384
27649.5 0.001384
27749.5 0.001384
27849.5 0.00138
27949.5 0.00138
28049.5 0.00138
28149.5 0.00138
28249.5 0.00138
28349.5 0.00138
28449.5 0.00138
28549.5 0.001377
28649.5 0.001377
28749.5 0.001377
28849.5 0.001377
28949.5 0.001377
29049.5 0.001377
29149.5 0.001377
29249.5 0.001377
29349.5 0.001373
29449.5 0.001373
29549.5 0.001373
29649.5 0.001373
29749.5 0.001373
29849.5 0.001373
29949.5 0.001373
30049.5 0.001373
30149.5 0.001369
30249.5 0.001369
30349.5 0.001369
30449.5 0.001369
30549.5 0.001369
30649.5 0.001369
30749.5 0.001369
30849.5 0.001369
30949.5 0.001365
31049.5 0.001365
31149.5 0.001365
31249.5 0.001365
31349.5 0.001365
31449.5 0.001365
31549.5 0.001365
31649.5 0.001365
31749.5 0.001365
31849.5 0.001365
31949.5 0.001361
32049.5 0.001361
32149.5 0.001361
32249.5 0.001361
32349.5 0.001361
32449.5 0.001361
32549.5 0.001361
32649.5 0.001361
32749.5 0.001361
32849.5 0.001361
32949.5 0.001357
33049.5 0.001357
33149.5 0.001357
33249.5 0.001357
33349.5 0.001357
33449.5 0.001357
33549.5 0.001357
33649.5 0.001357
33749.5 0.001357
33849.5 0.001357
33949.5 0.001357
34049.5 0.001357
34149.5 0.001353
34249.5 0.001353
34349.5 0.001353
34449.5 0.001353
34549.5 0.001353
34649.5 0.001353
34749.5 0.001353
34849.5 0.001353
34949.5 0.001353
35049.5 0.001353
35149.5 0.001353
35249.5 0.001353
35349.5 0.001353
35449.5 0.001349
35549.5 0.001349
35649.5 0.001349
35749.5 0.001349
35849.5 0.001349
35949.5 0.001349
36049.5 0.001349
36149.5 0.001349
36249.5 0.001349
36349.5 0.001349
36449.5 0.001349
36549.5 0.001349
36649.5 0.001349
36749.5 0.001349
36849.5 0.001349
36949.5 0.001345
37049.5 0.001345
37149.5 0.001345
37249.5 0.001345
37349.5 0.001345
37449.5 0.001345
37549.5 0.001345
37649.5 0.001345
37749.5 0.001345
37849.5 0.001345
37949.5 0.001345
38049.5 0.001345
38149.5 0.001345
38249.5 0.001345
38349.5 0.001345
38449.5 0.001345
38549.5 0.001341
38649.5 0.001341
38749.5 0.001341
38849.5 0.001341
38949.5 0.001341
39049.5 0.001341
39149.5 0.001341
39249.5 0.001341
39349.5 0.001341
39449.5 0.001341
39549.5 0.001341
39649.5 0.001341
39749.5 0.001341
39849.5 0.001341
39949.5 0.001341
40049.5 0.001341
40149.5 0.001337
40249.5 0.001337
40349.5 0.001337
40449.5 0.001337
40549.5 0.001337
40649.5 0.001337
40749.5 0.001337
40849.5 0.001337
40949.5 0.001337
41049.5 0.001337
41149.5 0.001337
41249.5 0.001337
41349.5 0.001337
41449.5 0.001337
41549.5 0.001337
41649.5 0.001337
41749.5 0.001337
41849.5 0.001337
41949.5 0.001333
42049.5 0.001333
42149.5 0.001333
42249.5 0.001333
42349.5 0.001333
42449.5 0.001333
42549.5 0.001333
42649.5 0.001333
42749.5 0.001333
42849.5 0.001333
42949.5 0.001333
43049.5 0.001333
43149.5 0.001333
43249.5 0.001333
43349.5 0.001333
43449.5 0.001333
43549.5 0.001333
43649.5 0.001333
43749.5 0.001329
43849.5 0.001329
43949.5 0.001329
44049.5 0.001329
44149.5 0.001329
44249.5 0.001329
44349.5 0.001329
44449.5 0.001329
44549.5 0.001329
44649.5 0.001329
44749.5 0.001329
44849.5 0.001329
44949.5 0.001329
45049.5 0.001329
45149.5 0.001329
45249.5 0.001329
45349.5 0.001329
45449.5 0.001329
45549.5 0.001329
45649.5 0.001325
45749.5 0.001325
45849.5 0.001325
45949.5 0.001325
46049.5 0.001325
46149.5 0.001325
46249.5 0.001325
46349.5 0.001325
46449.5 0.001325
46549.5 0.001325
46649.5 0.001325
46749.5 0.001325
46849.5 0.001325
46949.5 0.001325
47049.5 0.001325
47149.5 0.001325
47249.5 0.001325
47349.5 0.001325
47449.5 0.001325
47549.5 0.001325
47649.5 0.001325
47749.5 0.001321
47849.5 0.001321
47949.5 0.001321
48049.5 0.001321
48149.5 0.001321
48249.5 0.001321
48349.5 0.001321
48449.5 0.001321
48549.5 0.001321
48649.5 0.001321
48749.5 0.001321
48849.5 0.001321
48949.5 0.001321
49049.5 0.001321
49149.5 0.001321
49249.5 0.001321
49349.5 0.001321
49449.5 0.001321
49549.5 0.001321
49649.5 0.001321
49749.5 0.001321
49849.5 0.001321
49949.5 0.001321
50049.5 0.001318
50149.5 0.001318
50249.5 0.001318
50349.5 0.001318
50449.5 0.001318
50549.5 0.001318
50649.5 0.001318
50749.5 0.001318
50849.5 0.001318
50949.5 0.001318
51049.5 0.001318
51149.5 0.001318
51249.5 0.001318
51349.5 0.001318
51449.5 0.001318
51549.5 0.001318
51649.5 0.001318
51749.5 0.001318
51849.5 0.001318
51949.5 0.001318
52049.5 0.001318
52149.5 0.001318
52249.5 0.001318
52349.5 0.001318
52449.5 0.001314
52549.5 0.001314
52649.5 0.001314
52749.5 0.001314
52849.5 0.001314
52949.5 0.001314
53049.5 0.001314
53149.5 0.001314
53249.5 0.001314
53349.5 0.001314
53449.5 0.001314
53549.5 0.001314
53649.5 0.001314
53749.5 0.001314
53849.5 0.001314
53949.5 0.001314
54049.5 0.001314
54149.5 0.001314
54249.5 0.001314
54349.5 0.001314
54449.5 0.001314
54549.5 0.001314
54649.5 0.001314
54749.5 0.001314
54849.5 0.001314
54949.5 0.00131
55049.5 0.00131
55149.5 0.00131
55249.5 0.00131
55349.5 0.00131
55449.5 0.00131
55549.5 0.00131
55649.5 0.00131
55749.5 0.00131
55849.5 0.00131
55949.5 0.00131
56049.5 0.00131
56149.5 0.00131
56249.5 0.00131
56349.5 0.00131
56449.5 0.00131
56549.5 0.00131
56649.5 0.00131
56749.5 0.00131
56849.5 0.00131
56949.5 0.00131
57049.5 0.00131
57149.5 0.00131
57249.5 0.00131
57349.5 0.001306
57449.5 0.001306
57549.5 0.001306
57649.5 0.001306
57749.5 0.001306
57849.5 0.001306
57949.5 0.001306
58049.5 0.001306
58149.5 0.001306
58249.5 0.001306
58349.5 0.001306
58449.5 0.001306
58549.5 0.001306
58649.5 0.001306
58749.5 0.001306
58849.5 0.001306
58949.5 0.001306
59049.5 0.001306
59149.5 0.001306
59249.5 0.001306
59349.5 0.001306
59449.5 0.001306
59549.5 0.001306
59649.5 0.001306
59749.5 0.001302
59849.5 0.001302
59949.5 0.001302
60049.5 0.001302
60149.5 0.001302
60249.5 0.001302
60349.5 0.001302
60449.5 0.001302
60549.5 0.001302
60649.5 0.001302
60749.5 0.001302
60849.5 0.001302
60949.5 0.001302
61049.5 0.001302
61149.5 0.001302
61249.5 0.001302
61349.5 0.001302
61449.5 0.001302
61549.5 0.001302
61649.5 0.001302
61749.5 0.001302
61849.5 0.001302
61949.5 0.001302
62049.5 0.001302
62149.5 0.001302
62249.5 0.001302
62349.5 0.001302
62449.5 0.001298
62549.5 0.001298
62649.5 0.001298
62749.5 0.001298
62849.5 0.001298
62949.5 0.001298
63049.5 0.001298
63149.5 0.001298
63249.5 0.001298
63349.5 0.001298
63449.5 0.001298
63549.5 0.001298
63649.5 0.001298
63749.5 0.001298
63849.5 0.001298
63949.5 0.001298
64049.5 0.001298
64149.5 0.001298
64249.5 0.001298
64349.5 0.001298
64449.5 0.001298
64549.5 0.001298
64649.5 0.001298
64749.5 0.001298
64849.5 0.001298
64949.5 0.001298
65049.5 0.001298
65149.5 0.001298
65249.5 0.001298
65349.5 0.001298
65449.5 0.001298
65549.5 0.001294
65649.5 0.001294
65749.5 0.001294
65849.5 0.001294
65949.5 0.001294
66049.5 0.001294
66149.5 0.001294
66249.5 0.001294
66349.5 0.001294
66449.5 0.001294
66549.5 0.001294
66649.5 0.001294
66749.5 0.001294
66849.5 0.001294
66949.5 0.001294
67049.5 0.001294
67149.5 0.001294
67249.5 0.001294
67349.5 0.001294
67449.5 0.001294
67549.5 0.001294
67649.5 0.001294
67749.5 0.001294
67849.5 0.001294
67949.5 0.001294
68049.5 0.001294
68149.5 0.001294
68249.5 0.001294
68349.5 0.001294
68449.5 0.001294
68549.5 0.001294
68649.5 0.001294
68749.5 0.00129
68849.5 0.00129
68949.5 0.00129
69049.5 0.00129
69149.5 0.00129
69249.5 0.00129
69349.5 0.00129
69449.5 0.00129
69549.5 0.00129
69649.5 0.00129
69749.5 0.00129
69849.5 0.00129
69949.5 0.00129
70049.5 0.00129
70149.5 0.00129
70249.5 0.00129
70349.5 0.00129
70449.5 0.00129
70549.5 0.00129
70649.5 0.00129
70749.5 0.00129
70849.5 0.00129
70949.5 0.00129
71049.5 0.00129
71149.5 0.00129
71249.5 0.00129
71349.5 0.00129
71449.5 0.00129
71549.5 0.00129
71649.5 0.00129
71749.5 0.00129
71849.5 0.00129
71949.5 0.00129
72049.5 0.001286
72149.5 0.001286
72249.5 0.001286
72349.5 0.001286
72449.5 0.001286
72549.5 0.001286
72649.5 0.001286
72749.5 0.001286
72849.5 0.001286
72949.5 0.001286
73049.5 0.001286
73149.5 0.001286
73249.5 0.001286
73349.5 0.001286
73449.5 0.001286
73549.5 0.001286
73649.5 0.001286
73749.5 0.001286
73849.5 0.001286
73949.5 0.001286
74049.5 0.001286
74149.5 0.001286
74249.5 0.001286
74349.5 0.001286
74449.5 0.001286
74549.5 0.001286
74649.5 0.001286
74749.5 0.001286
74849.5 0.001286
74949.5 0.001286
75049.5 0.001286
75149.5 0.001282
75249.5 0.001282
75349.5 0.001282
75449.5 0.001282
75549.5 0.001282
75649.5 0.001282
75749.5 0.001282
75849.5 0.001282
75949.5 0.001282
76049.5 0.001282
76149.5 0.001282
76249.5 0.001282
76349.5 0.001282
76449.5 0.001282
76549.5 0.001282
76649.5 0.001282
76749.5 0.001282
76849.5 0.001282
76949.5 0.001282
77049.5 0.001282
77149.5 0.001282
77249.5 0.001282
77349.5 0.001282
77449.5 0.001282
77549.5 0.001282
77649.5 0.001282
77749.5 0.001282
77849.5 0.001282
77949.5 0.001282
78049.5 0.001282
78149.5 0.001282
78249.5 0.001282
78349.5 0.001282
78449.5 0.001282
78549.5 0.001278
78649.5 0.001278
78749.5 0.001278
78849.5 0.001278
78949.5 0.001278
79049.5 0.001278
79149.5 0.001278
79249.5 0.001278
79349.5 0.001278
79449.5 0.001278
79549.5 0.001278
79649.5 0.001278
79749.5 0.001278
79849.5 0.001278
79949.5 0.001278
80049.5 0.001278
80149.5 0.001278
80249.5 0.001278
80349.5 0.001278
80449.5 0.001278
80549.5 0.001278
80649.5 0.001278
80749.5 0.001278
80849.5 0.001278
80949.5 0.001278
81049.5 0.001278
81149.5 0.001278
81249.5 0.001278
81349.5 0.001278
81449.5 0.001278
81549.5 0.001278
81649.5 0.001278
81749.5 0.001278
81849.5 0.001278
81949.5 0.001278
82049.5 0.001278
82149.5 0.001278
82249.5 0.001278
82349.5 0.001274
82449.5 0.001274
82549.5 0.001274
82649.5 0.001274
82749.5 0.001274
82849.5 0.001274
82949.5 0.001274
83049.5 0.001274
83149.5 0.001274
83249.5 0.001274
83349.5 0.001274
83449.5 0.001274
83549.5 0.001274
83649.5 0.001274
83749.5 0.001274
83849.5 0.001274
83949.5 0.001274
84049.5 0.001274
84149.5 0.001274
84249.5 0.001274
84349.5 0.001274
84449.5 0.001274
84549.5 0.001274
84649.5 0.001274
84749.5 0.001274
84849.5 0.001274
84949.5 0.001274
85049.5 0.001274
85149.5 0.001274
85249.5 0.001274
85349.5 0.001274
85449.5 0.001274
85549.5 0.001274
85649.5 0.001274
85749.5 0.001274
85849.5 0.001274
85949.5 0.001274
86049.5 0.001274
86149.5 0.001274
86249.5 0.00127
86349.5 0.00127
86449.5 0.00127
86549.5 0.00127
86649.5 0.00127
86749.5 0.00127
86849.5 0.00127
86949.5 0.00127
87049.5 0.00127
87149.5 0.00127
87249.5 0.00127
87349.5 0.00127
87449.5 0.00127
87549.5 0.00127
87649.5 0.00127
87749.5 0.00127
87849.5 0.00127
87949.5 0.00127
88049.5 0.00127
88149.5 0.00127
88249.5 0.00127
88349.5 0.00127
88449.5 0.00127
88549.5 0.00127
88649.5 0.00127
88749.5 0.00127
88849.5 0.00127
88949.5 0.00127
89049.5 0.00127
89149.5 0.00127
89249.5 0.00127
89349.5 0.00127
89449.5 0.00127
89549.5 0.00127
89649.5 0.00127
89749.5 0.00127
89849.5 0.00127
89949.5 0.00127
90049.5 0.00127
90149.5 0.00127
90249.5 0.00127
90349.5 0.00127
90449.5 0.00127
90549.5 0.00127
90649.5 0.00127
90749.5 0.00127
90849.5 0.00127
90949.5 0.00127
91049.5 0.001266
91149.5 0.001266
91249.5 0.001266
91349.5 0.001266
91449.5 0.001266
91549.5 0.001266
91649.5 0.001266
91749.5 0.001266
91849.5 0.001266
91949.5 0.001266
92049.5 0.001266
92149.5 0.001266
92249.5 0.001266
92349.5 0.001266
92449.5 0.001266
92549.5 0.001266
92649.5 0.001266
92749.5 0.001266
92849.5 0.001266
92949.5 0.001266
93049.5 0.001266
93149.5 0.001266
93249.5 0.001266
93349.5 0.001266
93449.5 0.001266
93549.5 0.001266
93649.5 0.001266
93749.5 0.001266
93849.5 0.001266
93949.5 0.001266
94049.5 0.001266
94149.5 0.001266
94249.5 0.001266
94349.5 0.001266
94449.5 0.001266
94549.5 0.001266
94649.5 0.001266
94749.5 0.001266
94849.5 0.001266
94949.5 0.001266
95049.5 0.001266
95149.5 0.001266
95249.5 0.001266
95349.5 0.001266
95449.5 0.001266
95549.5 0.001266
95649.5 0.001266
95749.5 0.001266
95849.5 0.001266
95949.5 0.001266
96049.5 0.001266
96149.5 0.001266
96249.5 0.001266
96349.5 0.001266
96449.5 0.001262
96549.5 0.001262
96649.5 0.001262
96749.5 0.001262
96849.5 0.001262
96949.5 0.001262
97049.5 0.001262
97149.5 0.001262
97249.5 0.001262
97349.5 0.001262
97449.5 0.001262
97549.5 0.001262
97649.5 0.001262
97749.5 0.001262
97849.5 0.001262
97949.5 0.001262
98049.5 0.001262
98149.5 0.001262
98249.5 0.001262
98349.5 0.001262
98449.5 0.001262
98549.5 0.001262
98649.5 0.001262
98749.5 0.001262
98849.5 0.001262
98949.5 0.001262
99049.5 0.001262
99149.5 0.001262
99249.5 0.001262
99349.5 0.001262
99449.5 0.001262
99549.5 0.001262
99649.5 0.001262
99749.5 0.001262
99849.5 0.001262
99949.5 0.001262
100049.5 0.001262
100149.5 0.001262
100249.5 0.001262
100349.5 0.001262
100449.5 0.001262
100549.5 0.001262
100649.5 0.001262
100749.5 0.001262
100849.5 0.001262
100949.5 0.001262
101049.5 0.001262
101149.5 0.001262
101249.5 0.001262
101349.5 0.001262
101449.5 0.001262
101549.5 0.001262
101649.5 0.001262
101749.5 0.001262
101849.5 0.001262
101949.5 0.001262
102049.5 0.001262
102149.5 0.001262
102249.5 0.001262
102349.5 0.001259
102449.5 0.001259
102549.5 0.001259
9999982445 0.001093
-END-OF-DATA-
