  3.360399e-01
  3.424139e-01
  3.410420e-01
  3.302995e-01
  3.180807e-01
  2.983954e-01
  2.739026e-01
  2.589618e-01
  2.443904e-01
  2.315280e-01
  2.242091e-01
  2.221088e-01
  2.226385e-01
  2.251444e-01
  2.288767e-01
  2.347831e-01
  2.351099e-01
  2.256198e-01
  2.203353e-01
  2.326622e-01
  2.392226e-01
  2.351226e-01
  2.238763e-01
  2.170758e-01
  2.232881e-01
  2.275856e-01
  2.315970e-01
  2.394988e-01
  2.545385e-01
  2.689414e-01
  2.841609e-01
  2.949197e-01
  3.036458e-01
  3.161189e-01
  3.336067e-01
  3.664934e-01
