-START-OF-DATA-
1759.5 0.00122332
1769.5 0.00122332
1779.5 0.00122332
1789.5 0.00122332
1799.5 0.00122332
1809.5 0.00122332
1819.5 0.00122332
1829.5 0.00122332
1839.5 0.00122332
1849.5 0.00122332
1859.5 0.00122332
1869.5 0.00122332
1879.5 0.00122332
1889.5 0.00122332
1899.5 0.00122332
1909.5 0.00122332
1919.5 0.00122332
1929.5 0.00122332
1939.5 0.00122332
1949.5 0.001303
2049.5 0.001329
2149.5 0.001373
2249.5 0.001435
2349.5 0.001509
2449.5 0.001593
2549.5 0.001699
2649.5 0.001839
2749.5 0.00202
2849.5 0.002249
2949.5 0.002535
3049.5 0.002882
3149.5 0.003296
3249.5 0.003776
3349.5 0.004321
3449.5 0.004928
3549.5 0.005501
3649.5 0.006117
3749.5 0.006733
3849.5 0.007261
3949.5 0.007745
4049.5 0.008141
4149.5 0.008493
4249.5 0.008757
4349.5 0.008933
4449.5 0.009109
4549.5 0.009197
4649.5 0.009285
4749.5 0.009329
4849.5 0.009373
4949.5 0.009373
5049.5 0.009373
5149.5 0.009329
5249.5 0.009329
5349.5 0.009285
5449.5 0.009241
5549.5 0.009241
5649.5 0.009197
5749.5 0.009153
5849.5 0.009109
5949.5 0.009065
6049.5 0.009021
6149.5 0.008977
6249.5 0.008933
6349.5 0.008889
6449.5 0.008845
6549.5 0.008845
6649.5 0.008801
6749.5 0.008757
6849.5 0.008713
6949.5 0.008669
7049.5 0.008625
7149.5 0.008625
7249.5 0.008581
7349.5 0.008537
7449.5 0.008493
7549.5 0.008449
7649.5 0.008449
7749.5 0.008405
7849.5 0.008361
7949.5 0.008361
8049.5 0.008317
8149.5 0.008273
8249.5 0.008229
8349.5 0.008229
8449.5 0.008185
8549.5 0.008141
8649.5 0.008141
8749.5 0.008097
8849.5 0.008053
8949.5 0.008053
9049.5 0.008009
9149.5 0.007965
9249.5 0.007965
9349.5 0.007921
9449.5 0.007877
9549.5 0.007877
9649.5 0.007833
9749.5 0.007833
9849.5 0.007789
9949.5 0.007745
10049.5 0.007745
10149.5 0.007701
10249.5 0.007701
10349.5 0.007657
10449.5 0.007613
10549.5 0.007613
10649.5 0.007569
10749.5 0.007569
10849.5 0.007525
10949.5 0.007525
11049.5 0.007481
11149.5 0.007437
11249.5 0.007437
11349.5 0.007393
11449.5 0.007393
11549.5 0.007349
11649.5 0.007349
11749.5 0.007305
11849.5 0.007305
11949.5 0.007261
12049.5 0.007261
12149.5 0.007217
12249.5 0.007217
12349.5 0.007173
12449.5 0.007173
12549.5 0.007129
12649.5 0.007129
12749.5 0.007085
12849.5 0.007085
12949.5 0.007041
13049.5 0.007041
13149.5 0.006997
13249.5 0.006997
13349.5 0.006953
13449.5 0.006953
13549.5 0.006909
13649.5 0.006909
13749.5 0.006909
13849.5 0.006865
13949.5 0.006865
14049.5 0.006821
14149.5 0.006821
14249.5 0.006777
14349.5 0.006777
14449.5 0.006733
14549.5 0.006733
14649.5 0.006733
14749.5 0.006689
14849.5 0.006689
14949.5 0.006645
15049.5 0.006645
15149.5 0.006601
15249.5 0.006601
15349.5 0.006601
15449.5 0.006557
15549.5 0.006557
15649.5 0.006513
15749.5 0.006513
15849.5 0.006513
15949.5 0.006469
16049.5 0.006469
16149.5 0.006425
16249.5 0.006425
16349.5 0.006425
16449.5 0.006381
16549.5 0.006381
16649.5 0.006381
16749.5 0.006337
16849.5 0.006337
16949.5 0.006293
17049.5 0.006293
17149.5 0.006293
17249.5 0.006249
17349.5 0.006249
17449.5 0.006249
17549.5 0.006205
17649.5 0.006205
17749.5 0.006161
17849.5 0.006161
17949.5 0.006161
18049.5 0.006117
18149.5 0.006117
18249.5 0.006117
18349.5 0.006073
18449.5 0.006073
18549.5 0.006073
18649.5 0.006029
18749.5 0.006029
18849.5 0.006029
18949.5 0.005985
19049.5 0.005985
19149.5 0.005985
19249.5 0.005941
19349.5 0.005941
19449.5 0.005941
19549.5 0.005897
19649.5 0.005897
19749.5 0.005897
19849.5 0.005853
19949.5 0.005853
20049.5 0.005853
20149.5 0.005853
20249.5 0.005809
20349.5 0.005809
20449.5 0.005809
20549.5 0.005765
20649.5 0.005765
20749.5 0.005765
20849.5 0.005721
20949.5 0.005721
21049.5 0.005721
21149.5 0.005721
21249.5 0.005677
21349.5 0.005677
21449.5 0.005677
21549.5 0.005633
21649.5 0.005633
21749.5 0.005633
21849.5 0.005633
21949.5 0.005589
22049.5 0.005589
22149.5 0.005589
22249.5 0.005589
22349.5 0.005545
22449.5 0.005545
22549.5 0.005545
22649.5 0.005501
22749.5 0.005501
22849.5 0.005501
22949.5 0.005501
23049.5 0.005457
23149.5 0.005457
23249.5 0.005457
23349.5 0.005457
23449.5 0.005413
23549.5 0.005413
23649.5 0.005413
23749.5 0.005413
23849.5 0.005369
23949.5 0.005369
24049.5 0.005369
24149.5 0.005369
24249.5 0.005369
24349.5 0.005325
24449.5 0.005325
24549.5 0.005325
24649.5 0.005325
24749.5 0.005281
24849.5 0.005281
24949.5 0.005281
25049.5 0.005281
25149.5 0.005237
25249.5 0.005237
25349.5 0.005237
25449.5 0.005237
25549.5 0.005237
25649.5 0.005193
25749.5 0.005193
25849.5 0.005193
25949.5 0.005193
26049.5 0.005193
26149.5 0.005149
26249.5 0.005149
26349.5 0.005149
26449.5 0.005149
26549.5 0.005149
26649.5 0.005105
26749.5 0.005105
26849.5 0.005105
26949.5 0.005105
27049.5 0.005105
27149.5 0.00506
27249.5 0.00506
27349.5 0.00506
27449.5 0.00506
27549.5 0.00506
27649.5 0.005016
27749.5 0.005016
27849.5 0.005016
27949.5 0.005016
28049.5 0.005016
28149.5 0.005016
28249.5 0.004972
28349.5 0.004972
28449.5 0.004972
28549.5 0.004972
28649.5 0.004972
28749.5 0.004928
28849.5 0.004928
28949.5 0.004928
29049.5 0.004928
29149.5 0.004928
29249.5 0.004928
29349.5 0.004884
29449.5 0.004884
29549.5 0.004884
29649.5 0.004884
29749.5 0.004884
29849.5 0.004884
29949.5 0.004884
30049.5 0.00484
30149.5 0.00484
30249.5 0.00484
30349.5 0.00484
30449.5 0.00484
30549.5 0.00484
30649.5 0.004796
30749.5 0.004796
30849.5 0.004796
30949.5 0.004796
31049.5 0.004796
31149.5 0.004796
31249.5 0.004796
31349.5 0.004752
31449.5 0.004752
31549.5 0.004752
31649.5 0.004752
31749.5 0.004752
31849.5 0.004752
31949.5 0.004752
32049.5 0.004708
32149.5 0.004708
32249.5 0.004708
32349.5 0.004708
32449.5 0.004708
32549.5 0.004708
32649.5 0.004708
32749.5 0.004708
32849.5 0.004664
32949.5 0.004664
33049.5 0.004664
33149.5 0.004664
33249.5 0.004664
33349.5 0.004664
33449.5 0.004664
33549.5 0.004664
33649.5 0.00462
33749.5 0.00462
33849.5 0.00462
33949.5 0.00462
34049.5 0.00462
34149.5 0.00462
34249.5 0.00462
34349.5 0.00462
34449.5 0.004576
34549.5 0.004576
34649.5 0.004576
34749.5 0.004576
34849.5 0.004576
34949.5 0.004576
35049.5 0.004576
35149.5 0.004576
35249.5 0.004576
35349.5 0.004532
35449.5 0.004532
35549.5 0.004532
35649.5 0.004532
35749.5 0.004532
35849.5 0.004532
35949.5 0.004532
36049.5 0.004532
36149.5 0.004532
36249.5 0.004488
36349.5 0.004488
36449.5 0.004488
36549.5 0.004488
36649.5 0.004488
36749.5 0.004488
36849.5 0.004488
36949.5 0.004488
37049.5 0.004488
37149.5 0.004488
37249.5 0.004444
37349.5 0.004444
37449.5 0.004444
37549.5 0.004444
37649.5 0.004444
37749.5 0.004444
37849.5 0.004444
37949.5 0.004444
38049.5 0.004444
38149.5 0.004444
38249.5 0.0044
38349.5 0.0044
38449.5 0.0044
38549.5 0.0044
38649.5 0.0044
38749.5 0.0044
38849.5 0.004396
38949.5 0.004392
39049.5 0.004387
39149.5 0.004383
39249.5 0.004383
39349.5 0.004378
39449.5 0.004374
39549.5 0.00437
39649.5 0.004365
39749.5 0.004361
39849.5 0.004356
39949.5 0.004352
40049.5 0.004352
40149.5 0.004348
40249.5 0.004343
40349.5 0.004339
40449.5 0.004334
40549.5 0.00433
40649.5 0.00433
40749.5 0.004326
40849.5 0.004321
40949.5 0.004317
41049.5 0.004312
41149.5 0.004312
41249.5 0.004308
41349.5 0.004304
41449.5 0.004299
41549.5 0.004299
41649.5 0.004295
41749.5 0.00429
41849.5 0.004286
41949.5 0.004282
42049.5 0.004282
42149.5 0.004277
42249.5 0.004273
42349.5 0.004268
42449.5 0.004268
42549.5 0.004264
42649.5 0.00426
42749.5 0.00426
42849.5 0.004255
42949.5 0.004251
43049.5 0.004246
43149.5 0.004246
43249.5 0.004242
43349.5 0.004238
43449.5 0.004238
43549.5 0.004233
43649.5 0.004229
43749.5 0.004229
43849.5 0.004224
43949.5 0.00422
44049.5 0.00422
44149.5 0.004216
44249.5 0.004211
44349.5 0.004211
44449.5 0.004207
44549.5 0.004202
44649.5 0.004202
44749.5 0.004198
44849.5 0.004194
44949.5 0.004194
45049.5 0.004189
45149.5 0.004185
45249.5 0.004185
45349.5 0.00418
45449.5 0.00418
45549.5 0.004176
45649.5 0.004172
45749.5 0.004172
45849.5 0.004167
45949.5 0.004163
46049.5 0.004163
46149.5 0.004158
46249.5 0.004158
46349.5 0.004154
46449.5 0.004154
46549.5 0.00415
46649.5 0.004145
46749.5 0.004145
46849.5 0.004141
46949.5 0.004141
47049.5 0.004136
47149.5 0.004132
47249.5 0.004132
47349.5 0.004128
47449.5 0.004128
47549.5 0.004123
47649.5 0.004123
47749.5 0.004119
47849.5 0.004114
47949.5 0.004114
48049.5 0.00411
48149.5 0.00411
48249.5 0.004106
48349.5 0.004106
48449.5 0.004101
48549.5 0.004101
48649.5 0.004097
48749.5 0.004097
48849.5 0.004092
48949.5 0.004088
49049.5 0.004088
49149.5 0.004084
49249.5 0.004084
49349.5 0.004079
49449.5 0.004079
49549.5 0.004075
49649.5 0.004075
49749.5 0.00407
49849.5 0.00407
49949.5 0.004066
50049.5 0.004066
50149.5 0.004062
50249.5 0.004062
50349.5 0.004057
50449.5 0.004057
50549.5 0.004053
50649.5 0.004048
50749.5 0.004048
50849.5 0.004044
50949.5 0.004044
51049.5 0.00404
51149.5 0.00404
51249.5 0.004035
51349.5 0.004035
51449.5 0.004031
51549.5 0.004031
51649.5 0.004026
51749.5 0.004026
51849.5 0.004022
51949.5 0.004022
52049.5 0.004018
52149.5 0.004018
52249.5 0.004013
52349.5 0.004013
52449.5 0.004009
52549.5 0.004009
52649.5 0.004004
52749.5 0.004004
52849.5 0.004
52949.5 0.004
53049.5 0.003996
53149.5 0.003996
53249.5 0.003991
53349.5 0.003991
53449.5 0.003987
53549.5 0.003987
53649.5 0.003982
53749.5 0.003982
53849.5 0.003978
53949.5 0.003978
54049.5 0.003974
54149.5 0.003974
54249.5 0.003969
54349.5 0.003969
54449.5 0.003965
54549.5 0.003965
54649.5 0.00396
54749.5 0.00396
54849.5 0.00396
54949.5 0.003956
55049.5 0.003956
55149.5 0.003952
55249.5 0.003952
55349.5 0.003947
55449.5 0.003947
55549.5 0.003943
55649.5 0.003943
55749.5 0.003938
55849.5 0.003938
55949.5 0.003934
56049.5 0.003934
56149.5 0.00393
56249.5 0.00393
56349.5 0.003925
56449.5 0.003925
56549.5 0.003921
56649.5 0.003921
56749.5 0.003916
56849.5 0.003916
56949.5 0.003916
57049.5 0.003912
57149.5 0.003912
57249.5 0.003908
57349.5 0.003908
57449.5 0.003903
57549.5 0.003903
57649.5 0.003899
57749.5 0.003899
57849.5 0.003894
57949.5 0.003894
58049.5 0.00389
58149.5 0.00389
58249.5 0.003886
58349.5 0.003886
58449.5 0.003886
58549.5 0.003881
58649.5 0.003881
58749.5 0.003877
58849.5 0.003877
58949.5 0.003872
59049.5 0.003872
59149.5 0.003868
59249.5 0.003868
59349.5 0.003864
59449.5 0.003864
59549.5 0.003864
59649.5 0.003859
59749.5 0.003859
59849.5 0.003855
59949.5 0.003855
60049.5 0.00385
60149.5 0.00385
60249.5 0.003846
60349.5 0.003846
60449.5 0.003842
60549.5 0.003842
60649.5 0.003842
60749.5 0.003837
60849.5 0.003837
60949.5 0.003833
61049.5 0.003833
61149.5 0.003828
61249.5 0.003828
61349.5 0.003824
61449.5 0.003824
61549.5 0.003824
61649.5 0.00382
61749.5 0.00382
61849.5 0.003815
61949.5 0.003815
62049.5 0.003811
62149.5 0.003811
62249.5 0.003806
62349.5 0.003806
62449.5 0.003806
62549.5 0.003802
62649.5 0.003802
62749.5 0.003798
62849.5 0.003798
62949.5 0.003793
63049.5 0.003793
63149.5 0.003793
63249.5 0.003789
63349.5 0.003789
63449.5 0.003784
63549.5 0.003784
63649.5 0.00378
63749.5 0.00378
63849.5 0.00378
63949.5 0.003776
64049.5 0.003776
64149.5 0.003771
64249.5 0.003771
64349.5 0.003767
64449.5 0.003767
64549.5 0.003767
64649.5 0.003762
64749.5 0.003762
64849.5 0.003758
64949.5 0.003758
65049.5 0.003754
65149.5 0.003754
65249.5 0.003754
65349.5 0.003749
65449.5 0.003749
65549.5 0.003745
65649.5 0.003745
65749.5 0.00374
65849.5 0.00374
65949.5 0.00374
66049.5 0.003736
66149.5 0.003736
66249.5 0.003732
66349.5 0.003732
66449.5 0.003727
66549.5 0.003727
66649.5 0.003727
66749.5 0.003723
66849.5 0.003723
66949.5 0.003718
67049.5 0.003718
67149.5 0.003718
67249.5 0.003714
67349.5 0.003714
67449.5 0.00371
67549.5 0.00371
67649.5 0.00371
67749.5 0.003705
67849.5 0.003705
67949.5 0.003701
68049.5 0.003701
68149.5 0.003696
68249.5 0.003696
68349.5 0.003696
68449.5 0.003692
68549.5 0.003692
68649.5 0.003688
68749.5 0.003688
68849.5 0.003688
68949.5 0.003683
69049.5 0.003683
69149.5 0.003679
69249.5 0.003679
69349.5 0.003679
69449.5 0.003674
69549.5 0.003674
69649.5 0.00367
69749.5 0.00367
69849.5 0.00367
69949.5 0.003666
70049.5 0.003666
70149.5 0.003661
70249.5 0.003661
70349.5 0.003661
70449.5 0.003657
70549.5 0.003657
70649.5 0.003657
70749.5 0.003652
70849.5 0.003652
70949.5 0.003648
71049.5 0.003648
71149.5 0.003648
71249.5 0.003644
71349.5 0.003644
71449.5 0.003639
71549.5 0.003639
71649.5 0.003639
71749.5 0.003635
71849.5 0.003635
71949.5 0.00363
72049.5 0.00363
72149.5 0.00363
72249.5 0.003626
72349.5 0.003626
72449.5 0.003626
72549.5 0.003622
72649.5 0.003622
72749.5 0.003617
72849.5 0.003617
72949.5 0.003617
73049.5 0.003613
73149.5 0.003613
73249.5 0.003608
73349.5 0.003608
73449.5 0.003608
73549.5 0.003604
73649.5 0.003604
73749.5 0.003604
73849.5 0.0036
73949.5 0.0036
74049.5 0.003595
74149.5 0.003595
74249.5 0.003595
74349.5 0.003591
74449.5 0.003591
74549.5 0.003591
74649.5 0.003586
74749.5 0.003586
74849.5 0.003582
74949.5 0.003582
75049.5 0.003582
75149.5 0.003578
75249.5 0.003578
75349.5 0.003578
75449.5 0.003573
75549.5 0.003573
75649.5 0.003573
75749.5 0.003569
75849.5 0.003569
75949.5 0.003564
76049.5 0.003564
76149.5 0.003564
76249.5 0.00356
76349.5 0.00356
76449.5 0.00356
76549.5 0.003556
76649.5 0.003556
76749.5 0.003551
76849.5 0.003551
76949.5 0.003551
77049.5 0.003547
77149.5 0.003547
77249.5 0.003547
77349.5 0.003542
77449.5 0.003542
77549.5 0.003542
77649.5 0.003538
77749.5 0.003538
77849.5 0.003534
77949.5 0.003534
78049.5 0.003534
78149.5 0.003529
78249.5 0.003529
78349.5 0.003529
78449.5 0.003525
78549.5 0.003525
78649.5 0.00352
78749.5 0.00352
78849.5 0.00352
78949.5 0.003516
79049.5 0.003516
79149.5 0.003512
79249.5 0.003512
79349.5 0.003512
79449.5 0.003507
79549.5 0.003507
79649.5 0.003503
79749.5 0.003503
79849.5 0.003503
79949.5 0.003498
80049.5 0.003498
80149.5 0.003498
80249.5 0.003494
80349.5 0.003494
80449.5 0.00349
80549.5 0.00349
80649.5 0.00349
80749.5 0.003485
80849.5 0.003485
80949.5 0.003485
81049.5 0.003481
81149.5 0.003481
81249.5 0.003476
81349.5 0.003476
81449.5 0.003476
81549.5 0.003472
81649.5 0.003472
81749.5 0.003472
81849.5 0.003468
81949.5 0.003468
82049.5 0.003468
82149.5 0.003463
82249.5 0.003463
82349.5 0.003459
82449.5 0.003459
82549.5 0.003459
82649.5 0.003454
82749.5 0.003454
82849.5 0.003454
82949.5 0.00345
83049.5 0.00345
83149.5 0.00345
83249.5 0.003446
83349.5 0.003446
83449.5 0.003446
83549.5 0.003441
83649.5 0.003441
83749.5 0.003441
83849.5 0.003437
83949.5 0.003437
84049.5 0.003437
84149.5 0.003432
84249.5 0.003432
84349.5 0.003432
84449.5 0.003428
84549.5 0.003428
84649.5 0.003428
84749.5 0.003424
84849.5 0.003424
84949.5 0.003424
85049.5 0.003419
85149.5 0.003419
85249.5 0.003419
85349.5 0.003415
85449.5 0.003415
85549.5 0.003415
85649.5 0.00341
85749.5 0.00341
85849.5 0.00341
85949.5 0.003406
86049.5 0.003406
86149.5 0.003406
86249.5 0.003402
86349.5 0.003402
86449.5 0.003402
86549.5 0.003402
86649.5 0.003397
86749.5 0.003397
86849.5 0.003397
86949.5 0.003393
87049.5 0.003393
87149.5 0.003393
87249.5 0.003388
87349.5 0.003388
87449.5 0.003388
87549.5 0.003384
87649.5 0.003384
87749.5 0.003384
87849.5 0.00338
87949.5 0.00338
88049.5 0.00338
88149.5 0.00338
88249.5 0.003375
88349.5 0.003375
88449.5 0.003375
88549.5 0.003371
88649.5 0.003371
88749.5 0.003371
88849.5 0.003371
88949.5 0.003366
89049.5 0.003366
89149.5 0.003366
89249.5 0.003362
89349.5 0.003362
89449.5 0.003362
89549.5 0.003358
89649.5 0.003358
89749.5 0.003358
89849.5 0.003358
89949.5 0.003353
90049.5 0.003353
90149.5 0.003353
90249.5 0.003349
90349.5 0.003349
90449.5 0.003349
90549.5 0.003349
90649.5 0.003344
90749.5 0.003344
90849.5 0.003344
90949.5 0.00334
91049.5 0.00334
91149.5 0.00334
91249.5 0.00334
91349.5 0.003336
91449.5 0.003336
91549.5 0.003336
91649.5 0.003331
91749.5 0.003331
91849.5 0.003331
91949.5 0.003327
92049.5 0.003327
92149.5 0.003327
92249.5 0.003327
92349.5 0.003322
92449.5 0.003322
92549.5 0.003322
92649.5 0.003318
92749.5 0.003318
92849.5 0.003318
92949.5 0.003318
93049.5 0.003314
93149.5 0.003314
93249.5 0.003314
93349.5 0.003309
93449.5 0.003309
93549.5 0.003309
93649.5 0.003309
93749.5 0.003305
93849.5 0.003305
93949.5 0.003305
94049.5 0.0033
94149.5 0.0033
94249.5 0.0033
94349.5 0.0033
94449.5 0.003296
94549.5 0.003296
94649.5 0.003296
94749.5 0.003292
94849.5 0.003292
94949.5 0.003292
95049.5 0.003287
95149.5 0.003287
95249.5 0.003287
95349.5 0.003287
95449.5 0.003283
95549.5 0.003283
95649.5 0.003283
95749.5 0.003278
95849.5 0.003278
95949.5 0.003278
96049.5 0.003274
96149.5 0.003274
96249.5 0.003274
96349.5 0.003274
96449.5 0.00327
96549.5 0.00327
96649.5 0.00327
96749.5 0.003265
96849.5 0.003265
96949.5 0.003265
97049.5 0.003265
97149.5 0.003261
97249.5 0.003261
97349.5 0.003261
97449.5 0.003256
97549.5 0.003256
97649.5 0.003256
97749.5 0.003256
97849.5 0.003252
97949.5 0.003252
98049.5 0.003252
98149.5 0.003248
98249.5 0.003248
98349.5 0.003248
98449.5 0.003248
98549.5 0.003243
98649.5 0.003243
98749.5 0.003243
98849.5 0.003239
98949.5 0.003239
99049.5 0.003239
99149.5 0.003239
99249.5 0.003234
99349.5 0.003234
99449.5 0.003234
99549.5 0.00323
99649.5 0.00323
99749.5 0.00323
99849.5 0.00323
99949.5 0.003226
100049.5 0.003226
100149.5 0.003226
100249.5 0.003226
100349.5 0.003221
100449.5 0.003221
100549.5 0.003221
100649.5 0.003217
100749.5 0.003217
100849.5 0.003217
100949.5 0.003217
101049.5 0.003212
101149.5 0.003212
101249.5 0.003212
101349.5 0.003212
101449.5 0.003208
101549.5 0.003208
101649.5 0.003208
101749.5 0.003208
101849.5 0.003204
101949.5 0.003204
102049.5 0.003204
102149.5 0.003199
102249.5 0.003199
102349.5 0.003199
102449.5 0.003199
102549.5 0.003195
9999982445 0.001223
-END-OF-DATA-
