  0.4589  0.4591  0.4586  0.4582  0.4586  0.4595  0.4606  0.4618  0.4624  0.4626  0.4634  0.4645  0.4649  0.4648  0.4645  0.4642  0.4636  0.4634  0.4633  0.4631  0.4629  0.4624  0.4619  0.4616  0.4616  0.4617  0.4615  0.4619  0.4617  0.4613  0.4604  0.4598  0.4598  0.4595  0.4592  0.4590
  0.4459  0.4468  0.4474  0.4475  0.4486  0.4502  0.4524  0.4540  0.4552  0.4567  0.4576  0.4584  0.4581  0.4574  0.4563  0.4556  0.4545  0.4533  0.4526  0.4523  0.4520  0.4521  0.4512  0.4512  0.4523  0.4534  0.4537  0.4541  0.4536  0.4531  0.4510  0.4485  0.4474  0.4463  0.4452  0.4454
  0.4411  0.4422  0.4419  0.4427  0.4451  0.4473  0.4489  0.4506  0.4524  0.4534  0.4544  0.4548  0.4554  0.4544  0.4550  0.4553  0.4544  0.4540  0.4537  0.4514  0.4495  0.4482  0.4468  0.4454  0.4457  0.4470  0.4495  0.4520  0.4508  0.4491  0.4471  0.4444  0.4425  0.4414  0.4410  0.4407
  0.4166  0.4192  0.4202  0.4213  0.4235  0.4244  0.4250  0.4252  0.4263  0.4271  0.4288  0.4289  0.4278  0.4271  0.4266  0.4269  0.4268  0.4262  0.4268  0.4253  0.4237  0.4210  0.4201  0.4187  0.4177  0.4157  0.4142  0.4152  0.4184  0.4193  0.4172  0.4156  0.4152  0.4137  0.4130  0.4138
  0.3890  0.3920  0.3935  0.3943  0.3950  0.3971  0.3978  0.3980  0.3972  0.3983  0.3990  0.3973  0.3969  0.3968  0.3953  0.3953  0.3954  0.3956  0.3964  0.3961  0.3943  0.3927  0.3903  0.3879  0.3814  0.3661  0.3447  0.3355  0.3441  0.3580  0.3665  0.3730  0.3775  0.3786  0.3813  0.3846
  0.3552  0.3558  0.3553  0.3562  0.3583  0.3601  0.3603  0.3598  0.3588  0.3584  0.3581  0.3565  0.3570  0.3560  0.3559  0.3569  0.3581  0.3583  0.3579  0.3576  0.3583  0.3577  0.3549  0.3477  0.3277  0.2978  0.2997  0.2853  0.2801  0.2983  0.3250  0.3357  0.3418  0.3446  0.3497  0.3530
  0.3130  0.3117  0.3121  0.3138  0.3156  0.3174  0.3166  0.3148  0.3131  0.3131  0.3136  0.3153  0.3166  0.3179  0.3204  0.3213  0.3221  0.3220  0.3205  0.3186  0.3175  0.3155  0.3119  0.3018  0.2865  0.3021  0.2989  0.3099  0.2948  0.2988  0.3229  0.3208  0.3185  0.3152  0.3147  0.3143
  0.2720  0.2714  0.2740  0.2773  0.2808  0.2823  0.2810  0.2791  0.2790  0.2808  0.2837  0.2869  0.2904  0.2951  0.2984  0.2994  0.2982  0.2945  0.2885  0.2836  0.2797  0.2772  0.2760  0.2706  0.2513  0.2627  0.2388  0.2902  0.3280  0.2964  0.2895  0.2828  0.2782  0.2762  0.2758  0.2750
  0.2358  0.2390  0.2456  0.2532  0.2580  0.2568  0.2545  0.2537  0.2564  0.2604  0.2652  0.2712  0.2763  0.2819  0.2837  0.2813  0.2739  0.2636  0.2542  0.2488  0.2488  0.2528  0.2579  0.2520  0.1934  0.1919  0.2192  0.2366  0.2338  0.2452  0.2352  0.2360  0.2373  0.2393  0.2398  0.2377
  0.2241  0.2288  0.2346  0.2397  0.2392  0.2390  0.2369  0.2374  0.2414  0.2472  0.2545  0.2629  0.2694  0.2734  0.2715  0.2630  0.2513  0.2408  0.2338  0.2322  0.2379  0.2468  0.2550  0.2518  0.2092  0.1845  0.2060  0.2106  0.2002  0.2075  0.2098  0.2177  0.2217  0.2236  0.2244  0.2237
  0.2155  0.2181  0.2218  0.2231  0.2219  0.2216  0.2202  0.2237  0.2297  0.2378  0.2489  0.2585  0.2622  0.2610  0.2526  0.2392  0.2268  0.2191  0.2159  0.2206  0.2302  0.2435  0.2556  0.2567  0.2306  0.1888  0.1863  0.1828  0.1888  0.1885  0.1974  0.2035  0.2077  0.2101  0.2128  0.2143
  0.2129  0.2133  0.2162  0.2180  0.2143  0.2119  0.2137  0.2211  0.2292  0.2380  0.2486  0.2560  0.2556  0.2480  0.2350  0.2210  0.2108  0.2053  0.2048  0.2110  0.2227  0.2394  0.2529  0.2539  0.2325  0.1875  0.1821  0.1798  0.1786  0.1827  0.1900  0.1946  0.1993  0.2030  0.2084  0.2119
  0.2140  0.2133  0.2163  0.2190  0.2118  0.2097  0.2176  0.2290  0.2377  0.2450  0.2512  0.2532  0.2474  0.2356  0.2221  0.2107  0.2028  0.1984  0.1984  0.2052  0.2166  0.2325  0.2427  0.2403  0.2220  0.1942  0.1786  0.1754  0.1764  0.1823  0.1866  0.1911  0.1964  0.2008  0.2077  0.2123
  0.2170  0.2143  0.2166  0.2196  0.2150  0.2191  0.2313  0.2439  0.2499  0.2512  0.2488  0.2455  0.2385  0.2283  0.2205  0.2143  0.2096  0.2050  0.2013  0.2037  0.2103  0.2192  0.2231  0.2188  0.2043  0.1896  0.1814  0.1820  0.1859  0.1890  0.1904  0.1969  0.2027  0.2073  0.2135  0.2174
  0.2202  0.2077  0.2078  0.2124  0.2117  0.2200  0.2349  0.2444  0.2460  0.2430  0.2395  0.2379  0.2352  0.2299  0.2281  0.2277  0.2277  0.2261  0.2211  0.2167  0.2143  0.2144  0.2124  0.2052  0.1934  0.1872  0.1858  0.1925  0.2016  0.2047  0.2117  0.2107  0.2174  0.2212  0.2252  0.2261
  0.2179  0.1892  0.1879  0.1931  0.1913  0.1941  0.2149  0.2222  0.2214  0.2185  0.2186  0.2223  0.2254  0.2254  0.2283  0.2332  0.2390  0.2425  0.2417  0.2366  0.2283  0.2195  0.2098  0.2000  0.1880  0.1846  0.1862  0.1980  0.2188  0.2433  0.2808  0.2257  0.2294  0.2328  0.2353  0.2328
  0.2153  0.1987  0.2084  0.1759  0.1662  0.1599  0.1721  0.1809  0.1811  0.1786  0.1789  0.1827  0.1873  0.1909  0.1971  0.2064  0.2185  0.2280  0.2332  0.2349  0.2310  0.2224  0.2108  0.1995  0.1841  0.1821  0.1795  0.1826  0.2052  0.2322  0.2461  0.2253  0.2249  0.2285  0.2315  0.2305
  0.2206  0.2365  0.2445  0.1932  0.1617  0.1627  0.1600  0.1690  0.1680  0.1641  0.1609  0.1607  0.1619  0.1624  0.1665  0.1768  0.1902  0.2013  0.2096  0.2150  0.2153  0.2146  0.2095  0.2040  0.1931  0.1788  0.1802  0.1646  0.1748  0.1828  0.1979  0.2038  0.2125  0.2178  0.2229  0.2270
  0.2273  0.2523  0.2769  0.2236  0.1858  0.2100  0.1658  0.1671  0.1646  0.1602  0.1570  0.1560  0.1564  0.1565  0.1603  0.1698  0.1823  0.1924  0.1999  0.2049  0.2035  0.2033  0.2037  0.2422  0.2824  0.2091  0.2236  0.1761  0.1645  0.1690  0.1784  0.1965  0.2046  0.2107  0.2193  0.2291
  0.2230  0.2677  0.2690  0.2047  0.2211  0.2708  0.1891  0.1800  0.1764  0.1719  0.1694  0.1687  0.1706  0.1731  0.1796  0.1916  0.2055  0.2144  0.2189  0.2189  0.2127  0.2008  0.1960  0.2324  0.3231  0.2984  0.2631  0.2349  0.1956  0.1767  0.1840  0.1983  0.2057  0.2111  0.2181  0.2262
  0.1999  0.2487  0.2407  0.2032  0.2202  0.2701  0.2094  0.2130  0.2148  0.2114  0.2069  0.2014  0.1962  0.1920  0.1945  0.2043  0.2182  0.2294  0.2381  0.2400  0.2253  0.1909  0.1665  0.1787  0.2050  0.3018  0.2595  0.2482  0.2062  0.1820  0.1876  0.1969  0.2070  0.2150  0.2161  0.2109
  0.1856  0.2167  0.2132  0.1914  0.1838  0.2356  0.2164  0.2235  0.2304  0.2267  0.2212  0.2135  0.2038  0.1933  0.1889  0.1940  0.2049  0.2161  0.2299  0.2371  0.2190  0.1818  0.1455  0.1537  0.1851  0.2729  0.2481  0.2442  0.2047  0.1819  0.1861  0.1960  0.2099  0.2187  0.2127  0.1995
  0.1708  0.1982  0.2033  0.1679  0.1491  0.2056  0.2103  0.2139  0.2256  0.2245  0.2210  0.2153  0.2066  0.1950  0.1868  0.1856  0.1905  0.1998  0.2133  0.2219  0.2117  0.1743  0.1337  0.1499  0.1747  0.2396  0.2346  0.2390  0.2042  0.1831  0.1859  0.1961  0.2102  0.2177  0.2068  0.1863
  0.1764  0.1897  0.1892  0.1482  0.1579  0.1954  0.1862  0.2003  0.2135  0.2189  0.2214  0.2203  0.2170  0.2080  0.1980  0.1912  0.1887  0.1906  0.1968  0.2036  0.2014  0.1747  0.1547  0.1456  0.1705  0.2081  0.2214  0.2339  0.2008  0.1858  0.1880  0.1946  0.2054  0.2117  0.1948  0.1641
  0.1861  0.2022  0.1915  0.1465  0.1714  0.1909  0.1977  0.1971  0.2068  0.2149  0.2226  0.2266  0.2287  0.2233  0.2130  0.2027  0.1963  0.1936  0.1972  0.2039  0.2002  0.1796  0.1782  0.1430  0.1629  0.1934  0.2120  0.2267  0.1927  0.1916  0.1935  0.1966  0.2030  0.2077  0.1816  0.1498
  0.2037  0.2088  0.2069  0.1605  0.1755  0.1967  0.2052  0.1961  0.2079  0.2140  0.2224  0.2311  0.2377  0.2369  0.2293  0.2177  0.2082  0.2019  0.2015  0.2067  0.1964  0.1663  0.1559  0.1314  0.1696  0.1790  0.2075  0.2042  0.2079  0.2059  0.2032  0.2022  0.2031  0.2062  0.1703  0.1619
  0.2013  0.2097  0.2274  0.1990  0.1959  0.1950  0.2072  0.2028  0.2239  0.2227  0.2252  0.2342  0.2434  0.2473  0.2461  0.2387  0.2293  0.2211  0.2160  0.2174  0.1992  0.1747  0.1535  0.1560  0.1699  0.1774  0.1989  0.1999  0.2321  0.2332  0.2254  0.2189  0.2137  0.2095  0.1693  0.1790
  0.2044  0.2293  0.2421  0.2218  0.1938  0.2003  0.2092  0.2029  0.2484  0.2482  0.2433  0.2460  0.2521  0.2568  0.2596  0.2572  0.2504  0.2434  0.2374  0.2361  0.2154  0.1829  0.1726  0.1945  0.1748  0.1801  0.1932  0.2148  0.2493  0.2534  0.2436  0.2329  0.2303  0.2225  0.1912  0.2055
  0.2539  0.2603  0.2682  0.2626  0.2437  0.2202  0.2142  0.2045  0.2649  0.2896  0.2877  0.2853  0.2848  0.2856  0.2869  0.2869  0.2838  0.2799  0.2773  0.2763  0.2670  0.2370  0.2192  0.2167  0.2227  0.2154  0.2103  0.2464  0.2685  0.2754  0.2760  0.2562  0.2611  0.2603  0.2557  0.2517
  0.2913  0.2953  0.3092  0.3110  0.3007  0.2395  0.2283  0.2297  0.2671  0.3037  0.3220  0.3239  0.3228  0.3223  0.3223  0.3221  0.3208  0.3200  0.3217  0.3261  0.3292  0.3008  0.2788  0.2737  0.2551  0.2360  0.2553  0.2853  0.3010  0.3070  0.2964  0.2963  0.3034  0.3078  0.3017  0.2931
  0.3158  0.2800  0.3112  0.3541  0.3161  0.2653  0.2587  0.2597  0.2836  0.3046  0.3457  0.3557  0.3538  0.3553  0.3617  0.3651  0.3633  0.3641  0.3692  0.3795  0.3778  0.3629  0.3192  0.3201  0.3019  0.2583  0.3165  0.3432  0.3563  0.3506  0.3085  0.3461  0.3670  0.3555  0.3344  0.3133
  0.3033  0.2984  0.2816  0.2999  0.3030  0.2895  0.2787  0.2795  0.3087  0.3442  0.3768  0.3803  0.3619  0.3623  0.3940  0.4106  0.4033  0.3981  0.4103  0.4240  0.4137  0.3922  0.3701  0.3661  0.2933  0.3353  0.3798  0.3911  0.3629  0.3770  0.3791  0.3924  0.3935  0.3684  0.3322  0.3093
  0.3260  0.2971  0.2836  0.2848  0.2866  0.2881  0.3010  0.2800  0.3080  0.3549  0.3901  0.3983  0.3873  0.3625  0.3836  0.4229  0.4164  0.4080  0.4364  0.4458  0.4254  0.4075  0.3746  0.3162  0.3313  0.3744  0.3986  0.3978  0.3557  0.3457  0.3862  0.3800  0.3346  0.3264  0.3248  0.3409
  0.2861  0.2939  0.2797  0.2770  0.2738  0.2734  0.2744  0.2861  0.3171  0.3524  0.3840  0.3879  0.3858  0.4025  0.4020  0.4152  0.4095  0.4111  0.4154  0.4334  0.4123  0.3774  0.3281  0.3128  0.3130  0.3493  0.3620  0.3433  0.3522  0.3278  0.3418  0.3156  0.3049  0.2946  0.2920  0.2864
  0.2905  0.2979  0.3027  0.3080  0.3070  0.3062  0.3090  0.3181  0.3256  0.3511  0.3846  0.4018  0.3940  0.4010  0.4016  0.4064  0.4058  0.4245  0.4319  0.4164  0.3871  0.3598  0.3376  0.3332  0.3365  0.3503  0.3250  0.3033  0.3102  0.3416  0.3085  0.3003  0.3007  0.2942  0.2881  0.2891
  0.6014  0.6030  0.6017  0.6027  0.6046  0.6059  0.6070  0.6091  0.6100  0.6161  0.6190  0.6150  0.6136  0.6145  0.6089  0.5689  0.5700  0.5528  0.4881  0.4842  0.4640  0.4720  0.4665  0.4655  0.4582  0.4507  0.4385  0.5352  0.6070  0.6136  0.6024  0.6000  0.5997  0.5981  0.5982  0.5994
