   1.8722124e-02
   1.5421363e-02
   1.2747197e-02
  -3.0760351e-03
  -5.9582533e-03
   0.0000000e+00
   1.8136018e-02
   1.8095053e-02
   8.7006823e-03
   6.4405540e-03
   7.6115972e-03
   6.1304505e-03
   5.2431171e-03
   8.1658924e-03
   1.2482673e-02
   1.3822520e-02
   1.5445505e-02
   1.6658825e-02
   1.5070834e-02
   9.4069088e-03
   9.5708457e-03
   1.3963501e-02
   1.2011032e-02
   7.6004582e-03
   0.0000000e+00
   0.0000000e+00
   0.0000000e+00
   0.0000000e+00
   0.0000000e+00
   0.0000000e+00
   0.0000000e+00
   0.0000000e+00
   0.0000000e+00
   0.0000000e+00
   0.0000000e+00
   0.0000000e+00
   1.1251588e-02
   4.2556152e-03
   1.7818778e-03
   4.1800270e-03
   3.7144212e-04
   1.7332398e-03
   8.9609082e-03
   1.0125243e-02
   4.8236977e-03
   3.9591859e-03
   3.7444562e-03
   2.1377226e-03
   5.7170449e-03
   9.3372766e-03
   1.4019574e-02
   1.4282220e-02
   1.4243931e-02
   6.4245965e-03
   2.9389380e-03
   1.0630182e-02
   8.9595811e-03
   9.5005240e-03
   1.0574638e-02
   8.1911379e-03
   7.4308085e-03
   6.4497366e-03
   4.5455127e-03
   3.3407435e-03
   5.8501296e-04
  -4.0196496e-04
   5.6182485e-03
   1.5013393e-02
   1.6982897e-02
   9.3618281e-03
   1.0276543e-02
   1.4479527e-02
  -4.4782513e-03
  -2.7053456e-03
   1.4158954e-03
   3.7391466e-03
   0.0000000e+00
   5.9274152e-03
   7.7868747e-03
   6.6880030e-03
   1.9510738e-03
  -8.5857384e-04
  -1.5133047e-03
  -1.2725519e-04
   2.9232152e-03
   6.8146167e-03
   9.9206204e-03
   1.1513697e-02
   9.3273828e-03
   2.7563777e-03
  -5.8987486e-03
  -5.0443175e-03
  -4.7799614e-03
  -1.6991678e-03
   2.5649797e-03
   6.2806755e-03
   7.4170954e-03
   5.6056455e-03
   1.0147194e-03
  -4.0509794e-03
  -6.7224293e-03
  -5.8720754e-03
  -3.5921326e-05
   7.7415775e-03
   1.3740912e-02
   1.1766932e-02
   7.9979654e-03
   4.9509139e-04
   0.0000000e+00
   0.0000000e+00
  -0.0000000e+00
   0.0000000e+00
   0.0000000e+00
   0.0000000e+00
   8.5434354e-03
  -2.1119823e-04
  -5.9655905e-03
  -6.6921721e-03
  -8.0955578e-03
  -8.3087701e-03
  -4.7176940e-03
  -8.1720611e-04
   1.8398161e-03
   3.4541507e-03
   1.4189428e-03
  -4.2919740e-03
  -1.6377581e-02
  -2.6377275e-02
  -5.8818451e-03
  -4.3166042e-03
  -5.4944877e-04
   4.6355566e-03
   5.2512207e-03
   4.7085763e-04
  -8.8148080e-03
  -1.6131908e-02
  -1.8314071e-02
  -1.5701750e-02
  -9.8029289e-03
  -4.9630227e-03
  -2.3070443e-03
  -3.5689515e-03
  -9.8972442e-03
  -2.3713857e-02
   0.0000000e+00
   0.0000000e+00
   0.0000000e+00
   0.0000000e+00
   0.0000000e+00
   1.6529448e-02
   1.1887288e-03
  -1.0045948e-02
  -1.6774515e-02
  -1.8591999e-02
  -1.8141607e-02
  -1.6111739e-02
  -1.2238056e-02
  -9.1658328e-03
  -6.9969604e-03
  -5.0219111e-03
  -6.8499073e-03
  -1.2205951e-02
  -2.3584185e-02
  -0.0000000e+00
  -9.9421566e-03
  -8.7917233e-03
  -2.1028011e-03
   1.9540589e-03
   1.8503419e-04
  -8.0557792e-03
  -1.9959606e-02
  -2.5138119e-02
  -2.2757418e-02
  -1.7000357e-02
  -1.2087576e-02
  -9.7044855e-03
  -1.0850164e-02
  -1.4902759e-02
  -2.2091586e-02
  -2.9544033e-02
  -9.0764718e-03
   0.0000000e+00
   0.0000000e+00
   0.0000000e+00
   0.0000000e+00
   9.7065243e-03
  -3.3003423e-03
  -1.3326114e-02
  -1.8524670e-02
  -2.0241695e-02
  -2.2074259e-02
  -1.9141564e-02
  -1.6161488e-02
  -1.4513492e-02
  -1.3013561e-02
  -1.1190651e-02
  -1.2432263e-02
  -1.6468907e-02
  -1.9951235e-02
  -1.6921265e-02
  -0.0000000e+00
  -5.9339034e-03
  -1.8709506e-04
  -8.6287166e-04
  -4.7444910e-03
  -1.3048077e-02
  -2.4522400e-02
  -2.2632669e-02
  -1.4179873e-02
  -9.3785197e-03
  -7.1074200e-03
  -8.8216754e-03
  -1.3555199e-02
  -2.0164482e-02
  -2.5840497e-02
  -2.4746608e-02
  -5.8579173e-03
  -9.2651120e-05
   0.0000000e+00
  -2.8852846e-03
   1.1962473e-02
   7.1436306e-03
  -1.0864705e-02
  -1.9276410e-02
  -2.1349514e-02
  -2.0560617e-02
  -2.0087883e-02
  -1.7818755e-02
  -1.6447190e-02
  -1.6446890e-02
  -1.5846469e-02
  -1.4131965e-02
  -1.4594442e-02
  -1.4771028e-02
  -9.3513373e-03
   4.8550813e-03
  -0.0000000e+00
  -2.4687835e-04
   1.1200026e-03
  -4.3581454e-03
  -7.0309332e-03
  -9.6132550e-03
  -1.4516036e-02
  -0.0000000e+00
   1.0515642e-03
  -1.3994448e-03
   6.9910724e-04
  -4.8370906e-03
  -1.1854994e-02
  -1.8595276e-02
  -2.2182941e-02
  -1.8415403e-02
   2.4517890e-03
   1.3571446e-02
   2.6788329e-03
   1.2130448e-03
   1.2321716e-02
  -3.6876218e-04
  -1.5313718e-02
  -2.1762352e-02
  -2.0842381e-02
  -1.7669976e-02
  -1.5237711e-02
  -1.3918955e-02
  -1.3403639e-02
  -1.4513430e-02
  -1.4253469e-02
  -1.3149588e-02
  -1.2134852e-02
  -8.6061982e-03
   7.2296612e-03
   2.4414116e-02
   0.0000000e+00
   3.8159115e-04
  -1.0276590e-02
  -1.3984235e-02
  -7.2109942e-03
   5.7886643e-03
   2.1360228e-02
   0.0000000e+00
  -2.4760393e-03
  -1.0506214e-03
   1.0381104e-04
  -7.9884734e-03
  -1.1788019e-02
  -1.4195020e-02
  -1.4457930e-02
  -9.3131075e-03
   9.8156836e-03
   1.8371966e-02
   1.5281581e-02
   9.8649867e-03
   1.0547257e-02
  -1.5875645e-03
  -1.0757616e-02
  -1.4355350e-02
  -1.2793801e-02
  -1.0004361e-02
  -8.0580954e-03
  -7.6132827e-03
  -8.0869794e-03
  -1.0194769e-02
  -1.0758643e-02
  -1.0243677e-02
  -7.7589531e-03
  -7.4918516e-04
   2.3352155e-02
   5.5621678e-02
   0.0000000e+00
  -0.0000000e+00
  -1.8040078e-02
  -2.0348456e-02
  -1.7533423e-03
   2.7080938e-02
   4.9847220e-02
   0.0000000e+00
   0.0000000e+00
  -3.8127299e-03
  -2.4782477e-03
  -8.8930074e-03
  -7.0722317e-03
  -5.9839156e-03
  -4.2824582e-03
   4.8939290e-04
   1.6193265e-02
   2.1390989e-02
   2.3726491e-02
   2.3813933e-02
   8.8552597e-03
   3.2419455e-03
  -7.1834907e-04
  -3.1366660e-03
  -2.6903313e-03
  -1.5644740e-03
  -7.3223445e-04
  -1.1480681e-03
  -2.9071425e-03
  -5.7107965e-03
  -7.3402850e-03
  -6.4766821e-03
  -2.4211693e-03
   8.1436187e-03
   3.7438340e-02
   7.0470071e-02
   0.0000000e+00
   0.0000000e+00
  -2.2475112e-02
  -2.5633270e-02
   8.0270171e-03
   4.8485827e-02
   6.3596850e-02
   0.0000000e+00
   0.0000000e+00
  -1.5911231e-02
  -5.6430437e-03
  -3.6358070e-03
   1.1621061e-03
   3.5675208e-03
   5.9283990e-03
   9.8908050e-03
   2.2176867e-02
   2.6179580e-02
   2.9336954e-02
   1.6570241e-02
   1.1830493e-02
   1.0329490e-02
   7.4821460e-03
   4.9096337e-03
   4.1446947e-03
   4.3688188e-03
   4.4728802e-03
   3.1806873e-03
   4.6384544e-04
  -3.1344192e-03
  -4.9105571e-03
  -2.6766750e-03
   3.8656462e-03
   1.8005172e-02
   4.7633866e-02
   7.2087859e-02
   0.0000000e+00
   0.0000000e+00
  -0.0000000e+00
  -2.3013930e-02
   1.9506512e-02
   6.7435153e-02
   0.0000000e+00
   0.0000000e+00
   0.0000000e+00
  -1.7410425e-02
   1.5770297e-03
   4.3929759e-03
   8.0655515e-03
   1.1443021e-02
   1.4385826e-02
   1.7945727e-02
   2.7641781e-02
   3.1930067e-02
   3.3667933e-02
   2.2034883e-02
   1.7311702e-02
   1.6776033e-02
   1.3433578e-02
   1.0674837e-02
   9.2941523e-03
   8.9487424e-03
   7.9951854e-03
   4.9600848e-03
   8.2428684e-04
  -2.8890953e-03
  -2.6227541e-03
   2.5234250e-03
   1.1913165e-02
   2.8812105e-02
   5.6250043e-02
   6.3644999e-02
   0.0000000e+00
   0.0000000e+00
   0.0000000e+00
  -1.3202257e-03
   3.1894036e-02
   7.8572571e-02
   0.0000000e+00
   0.0000000e+00
   0.0000000e+00
  -6.0644126e-03
   1.1469498e-02
   1.1555854e-02
   1.2325996e-02
   1.6899111e-02
   2.0753438e-02
   2.4350621e-02
   3.1819351e-02
   3.6147520e-02
   3.5834230e-02
   2.5168065e-02
   2.1896223e-02
   2.0999579e-02
   1.6978886e-02
   1.3537894e-02
   1.1542631e-02
   1.0302778e-02
   7.4768383e-03
   2.7225753e-03
  -1.6285339e-03
  -3.1195122e-03
   5.1048462e-04
   8.3637517e-03
   1.9893220e-02
   3.8783424e-02
   6.4741261e-02
   6.3163939e-02
   0.0000000e+00
   0.0000000e+00
   0.0000000e+00
   1.4368832e-02
   4.2088076e-02
   7.5703859e-02
   3.7604176e-02
   0.0000000e+00
   0.0000000e+00
   6.7794330e-03
   1.7314930e-02
   1.7329369e-02
   1.4369857e-02
   2.0041922e-02
   2.4919242e-02
   2.8686665e-02
   3.4460794e-02
   3.6933348e-02
   3.4423612e-02
   2.6832137e-02
   2.4186293e-02
   2.1072134e-02
   1.5736457e-02
   1.1445558e-02
   9.1097355e-03
   6.7162984e-03
   2.8938088e-03
  -1.3011341e-03
  -2.8167362e-03
  -3.5720630e-04
   6.7999074e-03
   1.6829487e-02
   2.9838303e-02
   4.8259597e-02
   6.5209646e-02
   0.0000000e+00
   0.0000000e+00
   0.0000000e+00
   0.0000000e+00
   2.8325279e-02
   5.0976776e-02
   6.4861000e-02
   3.2694124e-02
   0.0000000e+00
   0.0000000e+00
   1.9515352e-02
   2.3522118e-02
   2.6000796e-02
   1.2994643e-02
   2.2825720e-02
   2.8605685e-02
   3.1993289e-02
   3.3157922e-02
   3.3205248e-02
   3.0288991e-02
   2.4808127e-02
   2.0223234e-02
   1.4550366e-02
   8.5102599e-03
   4.6849782e-03
   3.0652620e-03
   1.3915654e-03
  -4.5050168e-04
  -7.6213485e-04
   2.0265940e-03
   7.7079465e-03
   1.6416658e-02
   2.5961703e-02
   3.6086150e-02
   4.6948452e-02
   5.2713228e-02
   0.0000000e+00
   0.0000000e+00
   0.0000000e+00
   0.0000000e+00
   0.0000000e+00
   5.1170360e-02
   5.1509652e-02
   0.0000000e+00
   0.0000000e+00
   0.0000000e+00
   2.7771086e-02
   2.5516862e-02
   3.7032217e-02
   0.0000000e+00
   2.4350618e-02
   3.0641794e-02
   3.2671861e-02
   2.7796153e-02
   2.6232872e-02
   2.3519069e-02
   1.7950330e-02
   1.1867115e-02
   5.7403580e-03
   1.9449093e-04
  -2.6334170e-03
  -3.1322092e-03
  -3.0340343e-03
  -1.5313642e-03
   2.9369581e-03
   9.4588324e-03
   1.6923364e-02
   2.5267258e-02
   3.2179661e-02
   3.6402512e-02
   3.6762595e-02
   3.0862429e-02
   0.0000000e+00
   0.0000000e+00
   0.0000000e+00
   0.0000000e+00
   0.0000000e+00
   4.5918480e-02
   3.9324716e-02
   0.0000000e+00
   0.0000000e+00
   0.0000000e+00
   2.6421296e-02
   2.1225493e-02
   2.9063273e-02
   0.0000000e+00
   2.6442204e-02
   3.0043088e-02
   2.9998923e-02
   2.1170150e-02
   1.7644711e-02
   1.4587471e-02
   9.8276548e-03
   4.0639737e-03
  -1.4675895e-03
  -6.3147219e-03
  -9.2335464e-03
  -9.9926023e-03
  -9.0851914e-03
  -5.6042285e-03
   1.1526888e-03
   9.0240166e-03
   1.6283998e-02
   2.2143288e-02
   2.5348555e-02
   2.5105702e-02
   2.0469347e-02
   1.0693078e-02
   0.0000000e+00
   0.0000000e+00
  -0.0000000e+00
  -1.0714168e-02
   4.6665973e-02
   3.8394745e-02
   2.6646649e-02
   0.0000000e+00
   0.0000000e+00
   0.0000000e+00
   0.0000000e+00
   1.3348245e-02
   1.6205112e-02
   0.0000000e+00
   0.0000000e+00
   2.8846197e-02
   2.5569879e-02
   1.0810540e-02
   1.0885797e-02
   5.7978164e-03
   4.4004228e-03
   1.4966065e-03
  -4.1920864e-03
  -7.6658204e-03
  -1.0797151e-02
  -1.2181439e-02
  -1.1601264e-02
  -8.7123597e-03
  -3.3943192e-03
   2.4152295e-03
   7.1390802e-03
   9.5496178e-03
   9.0567456e-03
   6.3159131e-03
   1.1427137e-03
  -2.4530767e-03
   0.0000000e+00
   0.0000000e+00
  -0.0000000e+00
  -7.8386779e-03
   3.1020235e-02
   2.7293525e-02
   1.9171311e-02
   0.0000000e+00
   0.0000000e+00
   0.0000000e+00
   0.0000000e+00
   9.5159787e-04
   4.6402020e-03
   0.0000000e+00
   0.0000000e+00
   3.0295980e-02
   1.9262422e-02
   1.3443477e-02
   5.7759850e-03
   3.3988588e-05
   3.8528452e-04
   1.5722147e-03
  -1.7641357e-03
  -2.1282197e-03
  -3.3655264e-03
  -3.6634989e-03
  -2.9531866e-03
  -1.0050614e-03
   2.1909077e-03
   5.4584760e-03
   7.6783090e-03
   7.3794993e-03
   4.0686005e-03
  -1.3948854e-03
  -9.6598342e-03
  -1.4102880e-02
   0.0000000e+00
   0.0000000e+00
   0.0000000e+00
   4.8309289e-04
   2.4434671e-02
   2.2940921e-02
   0.0000000e+00
   0.0000000e+00
   0.0000000e+00
   0.0000000e+00
   0.0000000e+00
  -3.4783748e-03
  -2.8656675e-03
   0.0000000e+00
   0.0000000e+00
   3.2366388e-02
   2.0916820e-02
   1.1504587e-02
   4.5503906e-03
  -4.5450019e-03
  -4.4879242e-03
  -8.5122156e-03
  -9.4469299e-04
   3.1150411e-03
   4.7195876e-03
   6.1753861e-03
   7.6168249e-03
   9.4686646e-03
   1.1685550e-02
   1.3346967e-02
   1.3555458e-02
   1.0599306e-02
   3.5497050e-03
  -5.7200978e-03
  -1.6099921e-02
  -2.5237901e-02
  -0.0000000e+00
   0.0000000e+00
  -3.1490381e-02
  -1.1370439e-02
   9.4393922e-03
   0.0000000e+00
   0.0000000e+00
   0.0000000e+00
   0.0000000e+00
   0.0000000e+00
   0.0000000e+00
  -0.0000000e+00
  -1.0341478e-02
   0.0000000e+00
   0.0000000e+00
   3.7807696e-02
   2.2778552e-02
   2.6605011e-03
  -0.0000000e+00
  -9.1230885e-03
  -9.7099142e-03
  -1.2869399e-02
  -6.0984593e-03
  -1.4744028e-03
   1.7387267e-03
   3.2585326e-03
   3.2904116e-03
   2.2969597e-03
   9.1795012e-04
  -6.1764510e-04
  -1.9933099e-03
  -3.4813844e-03
  -6.7911404e-03
  -1.3209424e-02
  -2.1505672e-02
  -3.5011951e-02
  -4.3386936e-02
   0.0000000e+00
  -3.6315395e-02
  -3.1481177e-02
  -1.4133545e-02
   0.0000000e+00
   0.0000000e+00
   0.0000000e+00
   0.0000000e+00
   0.0000000e+00
   0.0000000e+00
  -0.0000000e+00
  -1.9382383e-02
   0.0000000e+00
   0.0000000e+00
   0.0000000e+00
   0.0000000e+00
  -2.5212734e-04
  -1.4039969e-02
  -1.2105140e-02
  -1.3903555e-02
  -1.6900714e-02
  -1.5164216e-02
  -1.2890582e-02
  -9.8753190e-03
  -8.9443652e-03
  -1.0319391e-02
  -1.3962653e-02
  -1.8724345e-02
  -2.2712540e-02
  -2.4764750e-02
  -2.3814892e-02
  -1.9491516e-02
  -1.6808964e-02
  -2.3045793e-02
  -3.5424389e-02
  -4.0614177e-02
  -2.6468820e-02
  -3.9349919e-02
  -4.5292828e-02
  -3.4177774e-02
  -0.0000000e+00
   0.0000000e+00
   0.0000000e+00
   0.0000000e+00
   0.0000000e+00
   0.0000000e+00
  -2.8924540e-02
  -2.4694290e-02
  -2.4990491e-02
   0.0000000e+00
   0.0000000e+00
   0.0000000e+00
   0.0000000e+00
  -9.2245479e-03
  -1.5034440e-02
  -1.6604679e-02
  -1.9869160e-02
  -2.2317653e-02
  -2.1015335e-02
  -1.8590881e-02
  -1.6932331e-02
  -1.7417671e-02
  -2.0967625e-02
  -2.7036574e-02
  -3.2840315e-02
  -3.6463037e-02
  -3.6027227e-02
  -2.7742309e-02
  -1.2333942e-02
  -1.7183868e-02
  -2.4020324e-02
  -2.6661286e-02
  -2.2504238e-02
  -3.4255646e-02
  -5.1210523e-02
  -5.3292800e-02
  -0.0000000e+00
   0.0000000e+00
   0.0000000e+00
   0.0000000e+00
   0.0000000e+00
   0.0000000e+00
  -3.2188371e-02
  -3.1959273e-02
  -2.3519503e-02
   0.0000000e+00
   0.0000000e+00
   0.0000000e+00
   0.0000000e+00
   3.6097050e-03
  -1.2126452e-02
  -1.7441207e-02
  -2.0120978e-02
  -2.3531081e-02
  -2.3311337e-02
  -2.1589903e-02
  -1.9046267e-02
  -1.7505755e-02
  -1.9016705e-02
  -2.4123412e-02
  -3.0499544e-02
  -3.5722133e-02
  -3.7372403e-02
  -3.2724023e-02
  -1.1934082e-02
  -0.0000000e+00
  -1.2769086e-02
  -1.3174591e-02
  -1.4102196e-02
  -2.6452767e-02
  -4.9318794e-02
  -7.7580070e-02
  -0.0000000e+00
   0.0000000e+00
   0.0000000e+00
   0.0000000e+00
   0.0000000e+00
   0.0000000e+00
  -2.9091412e-02
  -3.6229874e-02
  -2.8479383e-02
   0.0000000e+00
   0.0000000e+00
   0.0000000e+00
   0.0000000e+00
   1.0988717e-02
  -6.6644307e-03
  -1.4603726e-02
  -1.7785907e-02
  -2.0387145e-02
  -2.1601530e-02
  -2.0508846e-02
  -1.7516760e-02
  -1.3731318e-02
  -1.2118280e-02
  -1.4201421e-02
  -1.8923480e-02
  -2.4559451e-02
  -3.0354757e-02
  -3.3852849e-02
  -2.5055030e-02
   0.0000000e+00
  -3.7884919e-03
  -4.2167092e-03
  -7.9952702e-03
  -1.6853936e-02
  -3.6764804e-02
  -7.5146766e-02
  -0.0000000e+00
   0.0000000e+00
   0.0000000e+00
   0.0000000e+00
   0.0000000e+00
  -0.0000000e+00
  -2.3250490e-02
  -3.5822114e-02
   0.0000000e+00
   0.0000000e+00
   0.0000000e+00
   0.0000000e+00
   0.0000000e+00
   1.1176294e-02
  -4.4332939e-04
  -9.7971084e-03
  -1.3285327e-02
  -1.5922466e-02
  -1.8072804e-02
  -1.7676188e-02
  -1.5231500e-02
  -1.0530632e-02
  -6.9581149e-03
  -6.6403011e-03
  -9.8712044e-03
  -1.5665919e-02
  -2.4153098e-02
  -3.3761002e-02
  -2.5002477e-02
   2.4121706e-02
   7.9274388e-03
  -4.2876467e-04
  -4.5731207e-03
  -1.1146516e-02
  -2.5225971e-02
  -6.0891587e-02
  -8.1750922e-02
   0.0000000e+00
   0.0000000e+00
   0.0000000e+00
  -4.0806480e-02
  -6.2000763e-04
  -1.3852565e-02
  -2.8742431e-02
  -4.9045863e-02
   0.0000000e+00
   0.0000000e+00
   0.0000000e+00
   0.0000000e+00
   2.0462968e-02
   8.9653831e-03
  -2.1636539e-03
  -6.2240690e-03
  -9.3092358e-03
  -1.2680049e-02
  -1.3263064e-02
  -1.1887279e-02
  -7.4336566e-03
  -3.1561817e-03
  -1.3572790e-03
  -3.7611807e-03
  -9.6169252e-03
  -1.9801080e-02
  -3.5082171e-02
  -0.0000000e+00
   2.4298724e-02
   1.2438069e-02
   1.3698810e-03
   6.5033421e-04
  -5.8675332e-03
  -1.5401728e-02
  -3.9017196e-02
  -6.3453688e-02
   0.0000000e+00
   0.0000000e+00
  -1.4154732e-02
  -2.2089770e-02
  -5.2053012e-03
  -3.6718012e-03
  -2.4070068e-02
  -0.0000000e+00
   0.0000000e+00
   0.0000000e+00
   0.0000000e+00
   0.0000000e+00
   2.2995174e-02
   1.7529894e-02
   8.0469642e-03
   3.6020088e-03
  -2.7450896e-04
  -4.6580471e-03
  -6.8710516e-03
  -6.6227852e-03
  -3.3015446e-03
   5.7845417e-04
   2.7663074e-03
   6.5879826e-04
  -5.9630140e-03
  -1.7727375e-02
  -3.5570526e-02
   0.0000000e+00
   2.2407572e-02
   1.3350805e-02
   6.2992865e-03
   7.9652751e-03
   1.5484847e-03
  -7.4407104e-03
  -2.3607057e-02
  -4.2509389e-02
  -5.8506397e-03
  -5.7975191e-04
  -5.4915459e-03
  -1.4126060e-02
  -9.4946092e-03
  -6.7994011e-03
  -1.7224114e-02
   0.0000000e+00
   0.0000000e+00
   0.0000000e+00
   0.0000000e+00
  -0.0000000e+00
   1.0421954e-02
   1.7144848e-02
   1.5623034e-02
   1.4503321e-02
   1.1336165e-02
   7.0219506e-03
   3.7656683e-03
   2.7126933e-03
   4.4085453e-03
   6.7838011e-03
   7.9067005e-03
   5.2630939e-03
  -2.9786006e-03
  -1.7880036e-02
  -3.2515489e-02
   0.0000000e+00
   0.0000000e+00
   0.0000000e+00
   0.0000000e+00
   1.6157677e-02
   9.8360572e-03
   2.0522510e-03
  -1.1199133e-02
  -2.5961203e-02
  -0.0000000e+00
   0.0000000e+00
   0.0000000e+00
  -1.0057686e-02
  -9.5865643e-03
  -7.4198939e-04
  -1.0132499e-02
  -0.0000000e+00
   0.0000000e+00
   0.0000000e+00
   0.0000000e+00
  -0.0000000e+00
   5.2983314e-04
   6.8586296e-03
   8.8190137e-03
   1.4996813e-02
   1.6653674e-02
   1.4897363e-02
   1.4012357e-02
   1.3173152e-02
   1.3854086e-02
   1.5003581e-02
   1.4287096e-02
   1.0102936e-02
  -1.1401309e-04
  -1.9360458e-02
  -2.9724319e-02
   0.0000000e+00
   0.0000000e+00
   0.0000000e+00
   0.0000000e+00
   1.4575067e-02
   1.3343177e-02
   9.2106033e-03
  -5.8530699e-05
  -9.0726305e-03
   0.0000000e+00
   0.0000000e+00
   0.0000000e+00
  -8.0684035e-03
  -8.1556031e-03
   4.3278139e-03
   0.0000000e+00
   0.0000000e+00
   0.0000000e+00
   0.0000000e+00
   0.0000000e+00
  -0.0000000e+00
  -0.0000000e+00
   0.0000000e+00
  -6.0333799e-03
  -7.2371913e-05
   8.5779577e-03
   1.3454283e-02
   1.9204563e-02
   2.2173392e-02
   2.3311630e-02
   2.3564292e-02
   2.1653850e-02
   1.5358891e-02
   2.6771491e-03
  -1.8797632e-02
  -0.0000000e+00
   0.0000000e+00
   0.0000000e+00
   0.0000000e+00
   0.0000000e+00
   0.0000000e+00
   1.1327280e-02
   1.2075191e-02
   9.8328143e-03
   1.0011197e-02
   1.0677652e-02
   0.0000000e+00
   0.0000000e+00
  -0.0000000e+00
   0.0000000e+00
  -0.0000000e+00
   0.0000000e+00
   0.0000000e+00
   0.0000000e+00
   0.0000000e+00
   0.0000000e+00
   0.0000000e+00
   0.0000000e+00
   0.0000000e+00
  -2.0312071e-02
  -1.0634644e-02
   3.3087148e-03
   1.2107518e-02
   2.0755136e-02
   2.6965730e-02
   2.9154036e-02
   2.8987927e-02
   2.6433602e-02
   1.9183207e-02
   6.3557439e-03
  -1.3252015e-02
  -0.0000000e+00
   0.0000000e+00
   0.0000000e+00
   0.0000000e+00
   0.0000000e+00
   0.0000000e+00
   0.0000000e+00
   7.1789143e-03
   1.1335210e-02
   1.6184945e-02
   1.6864384e-02
   0.0000000e+00
   0.0000000e+00
   0.0000000e+00
   0.0000000e+00
  -0.0000000e+00
   0.0000000e+00
   0.0000000e+00
   0.0000000e+00
   0.0000000e+00
   0.0000000e+00
   0.0000000e+00
   0.0000000e+00
   0.0000000e+00
  -3.1689607e-02
  -1.8053891e-02
  -3.9481628e-03
   6.7679775e-03
   1.7294453e-02
   2.5454209e-02
   2.9488916e-02
   2.9215867e-02
   2.6957471e-02
   2.0509334e-02
   9.9679238e-03
   8.7978197e-04
   0.0000000e+00
   0.0000000e+00
   0.0000000e+00
   0.0000000e+00
   0.0000000e+00
   0.0000000e+00
   0.0000000e+00
  -9.3516701e-03
  -5.9200310e-04
   1.0204541e-02
   1.5731886e-02
   1.4928198e-02
   0.0000000e+00
   0.0000000e+00
   0.0000000e+00
   0.0000000e+00
   0.0000000e+00
   0.0000000e+00
   0.0000000e+00
   0.0000000e+00
   0.0000000e+00
   0.0000000e+00
   0.0000000e+00
   0.0000000e+00
  -3.8310364e-02
  -2.6318435e-02
  -1.2904415e-02
  -7.1892450e-03
   5.8408421e-03
   1.6379701e-02
   2.2599314e-02
   2.4107110e-02
   2.2283290e-02
   1.7885325e-02
   1.1582893e-02
   8.5184506e-03
   0.0000000e+00
   0.0000000e+00
   0.0000000e+00
   0.0000000e+00
   0.0000000e+00
   0.0000000e+00
  -0.0000000e+00
  -1.8336678e-02
  -0.0000000e+00
  -1.9353111e-03
   4.6519733e-03
   1.2413127e-02
   0.0000000e+00
   0.0000000e+00
   0.0000000e+00
   0.0000000e+00
   0.0000000e+00
   0.0000000e+00
   0.0000000e+00
   0.0000000e+00
   0.0000000e+00
   0.0000000e+00
   0.0000000e+00
   0.0000000e+00
  -0.0000000e+00
  -0.0000000e+00
  -0.0000000e+00
  -0.0000000e+00
  -1.7682301e-02
  -5.4547549e-03
   4.8388293e-03
   1.1571224e-02
   1.3676866e-02
   1.3632095e-02
   0.0000000e+00
   0.0000000e+00
   0.0000000e+00
   0.0000000e+00
   0.0000000e+00
  -0.0000000e+00
  -0.0000000e+00
   0.0000000e+00
  -0.0000000e+00
  -1.8529510e-02
   0.0000000e+00
  -0.0000000e+00
  -0.0000000e+00
   1.4722258e-03
   1.2960257e-02
   0.0000000e+00
   1.8597104e-03
   2.8901667e-03
   0.0000000e+00
  -4.2740323e-03
   0.0000000e+00
   0.0000000e+00
   0.0000000e+00
  -3.9557461e-03
  -6.7792757e-03
  -1.1930039e-02
  -1.3826926e-02
  -1.3735961e-02
   0.0000000e+00
  -0.0000000e+00
  -0.0000000e+00
  -2.9431467e-02
  -1.5355038e-02
   0.0000000e+00
   0.0000000e+00
   0.0000000e+00
   0.0000000e+00
   0.0000000e+00
   0.0000000e+00
   0.0000000e+00
   0.0000000e+00
   0.0000000e+00
   0.0000000e+00
   0.0000000e+00
  -0.0000000e+00
  -1.2554178e-02
   0.0000000e+00
   0.0000000e+00
   0.0000000e+00
  -1.1794145e-02
   5.2249623e-03
   3.4343509e-03
   3.1948529e-03
  -2.0923410e-04
  -5.8510594e-03
  -3.7529179e-03
   5.2835337e-03
   0.0000000e+00
  -4.7442109e-03
