-START-OF-DATA-
1759.5 0.00075141
1769.5 0.00075141
1779.5 0.00075141
1789.5 0.00075141
1799.5 0.00075141
1809.5 0.00075141
1819.5 0.00075141
1829.5 0.00075141
1839.5 0.00075141
1849.5 0.00075141
1859.5 0.00075141
1869.5 0.00075141
1879.5 0.00075141
1889.5 0.00075141
1899.5 0.00075141
1909.5 0.00075141
1919.5 0.00075141
1929.5 0.00075141
1939.5 0.00075141
1949.5 8e-04
2949.5 0.000816
3949.5 0.000843
4949.5 0.000881
5949.5 0.000927
6949.5 0.000978
7949.5 0.001043
8949.5 0.00113
9949.5 0.001241
10949.5 0.001381
11949.5 0.001557
12949.5 0.00177
13949.5 0.002024
14949.5 0.002319
15949.5 0.002654
16949.5 0.003027
17949.5 0.003379
18949.5 0.003757
19949.5 0.004135
20949.5 0.00446
21949.5 0.004757
22949.5 0.005
23949.5 0.005217
24949.5 0.005379
25949.5 0.005487
26949.5 0.005595
27949.5 0.005649
28949.5 0.005703
29949.5 0.00573
30949.5 0.005757
31949.5 0.005757
32949.5 0.005757
33949.5 0.00573
34949.5 0.00573
35949.5 0.005703
36949.5 0.005676
37949.5 0.005676
38949.5 0.005649
39949.5 0.005622
40949.5 0.005595
41949.5 0.005568
42949.5 0.005541
43949.5 0.005514
44949.5 0.005487
45949.5 0.00546
46949.5 0.005433
47949.5 0.005433
48949.5 0.005406
49949.5 0.005379
50949.5 0.005352
51949.5 0.005325
52949.5 0.005298
53949.5 0.005298
54949.5 0.005271
55949.5 0.005244
56949.5 0.005217
57949.5 0.00519
58949.5 0.00519
59949.5 0.005163
60949.5 0.005136
61949.5 0.005136
62949.5 0.005109
63949.5 0.005081
64949.5 0.005054
65949.5 0.005054
66949.5 0.005027
67949.5 0.005
68949.5 0.005
69949.5 0.004973
70949.5 0.004946
71949.5 0.004946
72949.5 0.004919
73949.5 0.004892
74949.5 0.004892
75949.5 0.004865
76949.5 0.004838
77949.5 0.004838
78949.5 0.004811
79949.5 0.004811
80949.5 0.004784
81949.5 0.004757
82949.5 0.004757
83949.5 0.00473
84949.5 0.00473
85949.5 0.004703
86949.5 0.004676
87949.5 0.004676
88949.5 0.004649
89949.5 0.004649
90949.5 0.004622
91949.5 0.004622
92949.5 0.004595
93949.5 0.004568
94949.5 0.004568
95949.5 0.004541
96949.5 0.004541
97949.5 0.004514
98949.5 0.004514
99949.5 0.004487
100949.5 0.004487
101949.5 0.00446
102949.5 0.00446
103949.5 0.004433
104949.5 0.004433
105949.5 0.004406
106949.5 0.004406
107949.5 0.004379
108949.5 0.004379
109949.5 0.004352
110949.5 0.004352
111949.5 0.004325
112949.5 0.004325
113949.5 0.004298
114949.5 0.004298
115949.5 0.004271
116949.5 0.004271
117949.5 0.004244
118949.5 0.004244
119949.5 0.004244
120949.5 0.004217
121949.5 0.004217
122949.5 0.00419
123949.5 0.00419
124949.5 0.004162
125949.5 0.004162
126949.5 0.004135
127949.5 0.004135
128949.5 0.004135
129949.5 0.004108
130949.5 0.004108
131949.5 0.004081
132949.5 0.004081
133949.5 0.004054
134949.5 0.004054
135949.5 0.004054
136949.5 0.004027
137949.5 0.004027
138949.5 0.004
139949.5 0.004
140949.5 0.004
141949.5 0.003973
142949.5 0.003973
143949.5 0.003946
144949.5 0.003946
145949.5 0.003946
146949.5 0.003919
147949.5 0.003919
148949.5 0.003919
149949.5 0.003892
150949.5 0.003892
151949.5 0.003865
152949.5 0.003865
153949.5 0.003865
154949.5 0.003838
155949.5 0.003838
156949.5 0.003838
157949.5 0.003811
158949.5 0.003811
159949.5 0.003784
160949.5 0.003784
161949.5 0.003784
162949.5 0.003757
163949.5 0.003757
164949.5 0.003757
165949.5 0.00373
166949.5 0.00373
167949.5 0.00373
168949.5 0.003703
169949.5 0.003703
170949.5 0.003703
171949.5 0.003676
172949.5 0.003676
173949.5 0.003676
174949.5 0.003649
175949.5 0.003649
176949.5 0.003649
177949.5 0.003622
178949.5 0.003622
179949.5 0.003622
180949.5 0.003595
181949.5 0.003595
182949.5 0.003595
183949.5 0.003595
184949.5 0.003568
185949.5 0.003568
186949.5 0.003568
187949.5 0.003541
188949.5 0.003541
189949.5 0.003541
190949.5 0.003514
191949.5 0.003514
192949.5 0.003514
193949.5 0.003514
194949.5 0.003487
195949.5 0.003487
196949.5 0.003487
197949.5 0.00346
198949.5 0.00346
199949.5 0.00346
200949.5 0.00346
201949.5 0.003433
202949.5 0.003433
203949.5 0.003433
204949.5 0.003433
205949.5 0.003406
206949.5 0.003406
207949.5 0.003406
208949.5 0.003379
209949.5 0.003379
210949.5 0.003379
211949.5 0.003379
212949.5 0.003352
213949.5 0.003352
214949.5 0.003352
215949.5 0.003352
216949.5 0.003325
217949.5 0.003325
218949.5 0.003325
219949.5 0.003325
220949.5 0.003298
221949.5 0.003298
222949.5 0.003298
223949.5 0.003298
224949.5 0.003298
225949.5 0.003271
226949.5 0.003271
227949.5 0.003271
228949.5 0.003271
229949.5 0.003243
230949.5 0.003243
231949.5 0.003243
232949.5 0.003243
233949.5 0.003216
234949.5 0.003216
235949.5 0.003216
236949.5 0.003216
237949.5 0.003216
238949.5 0.003189
239949.5 0.003189
240949.5 0.003189
241949.5 0.003189
242949.5 0.003189
243949.5 0.003162
244949.5 0.003162
245949.5 0.003162
246949.5 0.003162
247949.5 0.003162
248949.5 0.003135
249949.5 0.003135
250949.5 0.003135
251949.5 0.003135
252949.5 0.003135
253949.5 0.003108
254949.5 0.003108
255949.5 0.003108
256949.5 0.003108
257949.5 0.003108
258949.5 0.003081
259949.5 0.003081
260949.5 0.003081
261949.5 0.003081
262949.5 0.003081
263949.5 0.003081
264949.5 0.003054
265949.5 0.003054
266949.5 0.003054
267949.5 0.003054
268949.5 0.003054
269949.5 0.003027
270949.5 0.003027
271949.5 0.003027
272949.5 0.003027
273949.5 0.003027
274949.5 0.003027
275949.5 0.003
276949.5 0.003
277949.5 0.003
278949.5 0.003
279949.5 0.003
280949.5 0.003
281949.5 0.003
282949.5 0.002973
283949.5 0.002973
284949.5 0.002973
285949.5 0.002973
286949.5 0.002973
287949.5 0.002973
288949.5 0.002946
289949.5 0.002946
290949.5 0.002946
291949.5 0.002946
292949.5 0.002946
293949.5 0.002946
294949.5 0.002946
295949.5 0.002919
296949.5 0.002919
297949.5 0.002919
298949.5 0.002919
299949.5 0.002919
300949.5 0.002919
301949.5 0.002919
302949.5 0.002892
303949.5 0.002892
304949.5 0.002892
305949.5 0.002892
306949.5 0.002892
307949.5 0.002892
308949.5 0.002892
309949.5 0.002892
310949.5 0.002865
311949.5 0.002865
312949.5 0.002865
313949.5 0.002865
314949.5 0.002865
315949.5 0.002865
316949.5 0.002865
317949.5 0.002865
318949.5 0.002838
319949.5 0.002838
320949.5 0.002838
321949.5 0.002838
322949.5 0.002838
323949.5 0.002838
324949.5 0.002838
325949.5 0.002838
326949.5 0.002811
327949.5 0.002811
328949.5 0.002811
329949.5 0.002811
330949.5 0.002811
331949.5 0.002811
332949.5 0.002811
333949.5 0.002811
334949.5 0.002811
335949.5 0.002784
336949.5 0.002784
337949.5 0.002784
338949.5 0.002784
339949.5 0.002784
340949.5 0.002784
341949.5 0.002784
342949.5 0.002784
343949.5 0.002784
344949.5 0.002757
345949.5 0.002757
346949.5 0.002757
347949.5 0.002757
348949.5 0.002757
349949.5 0.002757
350949.5 0.002757
351949.5 0.002757
352949.5 0.002757
353949.5 0.002757
354949.5 0.00273
355949.5 0.00273
356949.5 0.00273
357949.5 0.00273
358949.5 0.00273
359949.5 0.00273
360949.5 0.00273
361949.5 0.00273
362949.5 0.00273
363949.5 0.00273
364949.5 0.002703
365949.5 0.002703
366949.5 0.002703
367949.5 0.002703
368949.5 0.002703
369949.5 0.002703
370949.5 0.0027
371949.5 0.002698
372949.5 0.002695
373949.5 0.002692
374949.5 0.002692
375949.5 0.002689
376949.5 0.002687
377949.5 0.002684
378949.5 0.002681
379949.5 0.002679
380949.5 0.002676
381949.5 0.002673
382949.5 0.002673
383949.5 0.00267
384949.5 0.002668
385949.5 0.002665
386949.5 0.002662
387949.5 0.00266
388949.5 0.00266
389949.5 0.002657
390949.5 0.002654
391949.5 0.002652
392949.5 0.002649
393949.5 0.002649
394949.5 0.002646
395949.5 0.002643
396949.5 0.002641
397949.5 0.002641
398949.5 0.002638
399949.5 0.002635
400949.5 0.002633
401949.5 0.00263
402949.5 0.00263
403949.5 0.002627
404949.5 0.002625
405949.5 0.002622
406949.5 0.002622
407949.5 0.002619
408949.5 0.002616
409949.5 0.002616
410949.5 0.002614
411949.5 0.002611
412949.5 0.002608
413949.5 0.002608
414949.5 0.002606
415949.5 0.002603
416949.5 0.002603
417949.5 0.0026
418949.5 0.002598
419949.5 0.002598
420949.5 0.002595
421949.5 0.002592
422949.5 0.002592
423949.5 0.002589
424949.5 0.002587
425949.5 0.002587
426949.5 0.002584
427949.5 0.002581
428949.5 0.002581
429949.5 0.002579
430949.5 0.002576
431949.5 0.002576
432949.5 0.002573
433949.5 0.00257
434949.5 0.00257
435949.5 0.002568
436949.5 0.002568
437949.5 0.002565
438949.5 0.002562
439949.5 0.002562
440949.5 0.00256
441949.5 0.002557
442949.5 0.002557
443949.5 0.002554
444949.5 0.002554
445949.5 0.002552
446949.5 0.002552
447949.5 0.002549
448949.5 0.002546
449949.5 0.002546
450949.5 0.002543
451949.5 0.002543
452949.5 0.002541
453949.5 0.002538
454949.5 0.002538
455949.5 0.002535
456949.5 0.002535
457949.5 0.002533
458949.5 0.002533
459949.5 0.00253
460949.5 0.002527
461949.5 0.002527
462949.5 0.002525
463949.5 0.002525
464949.5 0.002522
465949.5 0.002522
466949.5 0.002519
467949.5 0.002519
468949.5 0.002516
469949.5 0.002516
470949.5 0.002514
471949.5 0.002511
472949.5 0.002511
473949.5 0.002508
474949.5 0.002508
475949.5 0.002506
476949.5 0.002506
477949.5 0.002503
478949.5 0.002503
479949.5 0.0025
480949.5 0.0025
481949.5 0.002497
482949.5 0.002497
483949.5 0.002495
484949.5 0.002495
485949.5 0.002492
486949.5 0.002492
487949.5 0.002489
488949.5 0.002487
489949.5 0.002487
490949.5 0.002484
491949.5 0.002484
492949.5 0.002481
493949.5 0.002481
494949.5 0.002479
495949.5 0.002479
496949.5 0.002476
497949.5 0.002476
498949.5 0.002473
499949.5 0.002473
500949.5 0.00247
501949.5 0.00247
502949.5 0.002468
503949.5 0.002468
504949.5 0.002465
505949.5 0.002465
506949.5 0.002462
507949.5 0.002462
508949.5 0.00246
509949.5 0.00246
510949.5 0.002457
511949.5 0.002457
512949.5 0.002454
513949.5 0.002454
514949.5 0.002452
515949.5 0.002452
516949.5 0.002449
517949.5 0.002449
518949.5 0.002446
519949.5 0.002446
520949.5 0.002443
521949.5 0.002443
522949.5 0.002441
523949.5 0.002441
524949.5 0.002438
525949.5 0.002438
526949.5 0.002435
527949.5 0.002435
528949.5 0.002433
529949.5 0.002433
530949.5 0.002433
531949.5 0.00243
532949.5 0.00243
533949.5 0.002427
534949.5 0.002427
535949.5 0.002425
536949.5 0.002425
537949.5 0.002422
538949.5 0.002422
539949.5 0.002419
540949.5 0.002419
541949.5 0.002416
542949.5 0.002416
543949.5 0.002414
544949.5 0.002414
545949.5 0.002411
546949.5 0.002411
547949.5 0.002408
548949.5 0.002408
549949.5 0.002406
550949.5 0.002406
551949.5 0.002406
552949.5 0.002403
553949.5 0.002403
554949.5 0.0024
555949.5 0.0024
556949.5 0.002397
557949.5 0.002397
558949.5 0.002395
559949.5 0.002395
560949.5 0.002392
561949.5 0.002392
562949.5 0.002389
563949.5 0.002389
564949.5 0.002387
565949.5 0.002387
566949.5 0.002387
567949.5 0.002384
568949.5 0.002384
569949.5 0.002381
570949.5 0.002381
571949.5 0.002379
572949.5 0.002379
573949.5 0.002376
574949.5 0.002376
575949.5 0.002373
576949.5 0.002373
577949.5 0.002373
578949.5 0.00237
579949.5 0.00237
580949.5 0.002368
581949.5 0.002368
582949.5 0.002365
583949.5 0.002365
584949.5 0.002362
585949.5 0.002362
586949.5 0.00236
587949.5 0.00236
588949.5 0.00236
589949.5 0.002357
590949.5 0.002357
591949.5 0.002354
592949.5 0.002354
593949.5 0.002352
594949.5 0.002352
595949.5 0.002349
596949.5 0.002349
597949.5 0.002349
598949.5 0.002346
599949.5 0.002346
600949.5 0.002343
601949.5 0.002343
602949.5 0.002341
603949.5 0.002341
604949.5 0.002338
605949.5 0.002338
606949.5 0.002338
607949.5 0.002335
608949.5 0.002335
609949.5 0.002333
610949.5 0.002333
611949.5 0.00233
612949.5 0.00233
613949.5 0.00233
614949.5 0.002327
615949.5 0.002327
616949.5 0.002325
617949.5 0.002325
618949.5 0.002322
619949.5 0.002322
620949.5 0.002322
621949.5 0.002319
622949.5 0.002319
623949.5 0.002316
624949.5 0.002316
625949.5 0.002314
626949.5 0.002314
627949.5 0.002314
628949.5 0.002311
629949.5 0.002311
630949.5 0.002308
631949.5 0.002308
632949.5 0.002306
633949.5 0.002306
634949.5 0.002306
635949.5 0.002303
636949.5 0.002303
637949.5 0.0023
638949.5 0.0023
639949.5 0.002297
640949.5 0.002297
641949.5 0.002297
642949.5 0.002295
643949.5 0.002295
644949.5 0.002292
645949.5 0.002292
646949.5 0.002289
647949.5 0.002289
648949.5 0.002289
649949.5 0.002287
650949.5 0.002287
651949.5 0.002284
652949.5 0.002284
653949.5 0.002284
654949.5 0.002281
655949.5 0.002281
656949.5 0.002279
657949.5 0.002279
658949.5 0.002279
659949.5 0.002276
660949.5 0.002276
661949.5 0.002273
662949.5 0.002273
663949.5 0.00227
664949.5 0.00227
665949.5 0.00227
666949.5 0.002268
667949.5 0.002268
668949.5 0.002265
669949.5 0.002265
670949.5 0.002265
671949.5 0.002262
672949.5 0.002262
673949.5 0.00226
674949.5 0.00226
675949.5 0.00226
676949.5 0.002257
677949.5 0.002257
678949.5 0.002254
679949.5 0.002254
680949.5 0.002254
681949.5 0.002252
682949.5 0.002252
683949.5 0.002249
684949.5 0.002249
685949.5 0.002249
686949.5 0.002246
687949.5 0.002246
688949.5 0.002246
689949.5 0.002243
690949.5 0.002243
691949.5 0.002241
692949.5 0.002241
693949.5 0.002241
694949.5 0.002238
695949.5 0.002238
696949.5 0.002235
697949.5 0.002235
698949.5 0.002235
699949.5 0.002233
700949.5 0.002233
701949.5 0.00223
702949.5 0.00223
703949.5 0.00223
704949.5 0.002227
705949.5 0.002227
706949.5 0.002227
707949.5 0.002224
708949.5 0.002224
709949.5 0.002222
710949.5 0.002222
711949.5 0.002222
712949.5 0.002219
713949.5 0.002219
714949.5 0.002216
715949.5 0.002216
716949.5 0.002216
717949.5 0.002214
718949.5 0.002214
719949.5 0.002214
720949.5 0.002211
721949.5 0.002211
722949.5 0.002208
723949.5 0.002208
724949.5 0.002208
725949.5 0.002206
726949.5 0.002206
727949.5 0.002206
728949.5 0.002203
729949.5 0.002203
730949.5 0.0022
731949.5 0.0022
732949.5 0.0022
733949.5 0.002197
734949.5 0.002197
735949.5 0.002197
736949.5 0.002195
737949.5 0.002195
738949.5 0.002195
739949.5 0.002192
740949.5 0.002192
741949.5 0.002189
742949.5 0.002189
743949.5 0.002189
744949.5 0.002187
745949.5 0.002187
746949.5 0.002187
747949.5 0.002184
748949.5 0.002184
749949.5 0.002181
750949.5 0.002181
751949.5 0.002181
752949.5 0.002179
753949.5 0.002179
754949.5 0.002179
755949.5 0.002176
756949.5 0.002176
757949.5 0.002176
758949.5 0.002173
759949.5 0.002173
760949.5 0.00217
761949.5 0.00217
762949.5 0.00217
763949.5 0.002168
764949.5 0.002168
765949.5 0.002168
766949.5 0.002165
767949.5 0.002165
768949.5 0.002162
769949.5 0.002162
770949.5 0.002162
771949.5 0.00216
772949.5 0.00216
773949.5 0.002157
774949.5 0.002157
775949.5 0.002157
776949.5 0.002154
777949.5 0.002154
778949.5 0.002152
779949.5 0.002152
780949.5 0.002152
781949.5 0.002149
782949.5 0.002149
783949.5 0.002149
784949.5 0.002146
785949.5 0.002146
786949.5 0.002143
787949.5 0.002143
788949.5 0.002143
789949.5 0.002141
790949.5 0.002141
791949.5 0.002141
792949.5 0.002138
793949.5 0.002138
794949.5 0.002135
795949.5 0.002135
796949.5 0.002135
797949.5 0.002133
798949.5 0.002133
799949.5 0.002133
800949.5 0.00213
801949.5 0.00213
802949.5 0.00213
803949.5 0.002127
804949.5 0.002127
805949.5 0.002124
806949.5 0.002124
807949.5 0.002124
808949.5 0.002122
809949.5 0.002122
810949.5 0.002122
811949.5 0.002119
812949.5 0.002119
813949.5 0.002119
814949.5 0.002116
815949.5 0.002116
816949.5 0.002116
817949.5 0.002114
818949.5 0.002114
819949.5 0.002114
820949.5 0.002111
821949.5 0.002111
822949.5 0.002111
823949.5 0.002108
824949.5 0.002108
825949.5 0.002108
826949.5 0.002106
827949.5 0.002106
828949.5 0.002106
829949.5 0.002103
830949.5 0.002103
831949.5 0.002103
832949.5 0.0021
833949.5 0.0021
834949.5 0.0021
835949.5 0.002097
836949.5 0.002097
837949.5 0.002097
838949.5 0.002095
839949.5 0.002095
840949.5 0.002095
841949.5 0.002092
842949.5 0.002092
843949.5 0.002092
844949.5 0.002089
845949.5 0.002089
846949.5 0.002089
847949.5 0.002089
848949.5 0.002087
849949.5 0.002087
850949.5 0.002087
851949.5 0.002084
852949.5 0.002084
853949.5 0.002084
854949.5 0.002081
855949.5 0.002081
856949.5 0.002081
857949.5 0.002079
858949.5 0.002079
859949.5 0.002079
860949.5 0.002076
861949.5 0.002076
862949.5 0.002076
863949.5 0.002076
864949.5 0.002073
865949.5 0.002073
866949.5 0.002073
867949.5 0.00207
868949.5 0.00207
869949.5 0.00207
870949.5 0.00207
871949.5 0.002068
872949.5 0.002068
873949.5 0.002068
874949.5 0.002065
875949.5 0.002065
876949.5 0.002065
877949.5 0.002062
878949.5 0.002062
879949.5 0.002062
880949.5 0.002062
881949.5 0.00206
882949.5 0.00206
883949.5 0.00206
884949.5 0.002057
885949.5 0.002057
886949.5 0.002057
887949.5 0.002057
888949.5 0.002054
889949.5 0.002054
890949.5 0.002054
891949.5 0.002052
892949.5 0.002052
893949.5 0.002052
894949.5 0.002052
895949.5 0.002049
896949.5 0.002049
897949.5 0.002049
898949.5 0.002046
899949.5 0.002046
900949.5 0.002046
901949.5 0.002043
902949.5 0.002043
903949.5 0.002043
904949.5 0.002043
905949.5 0.002041
906949.5 0.002041
907949.5 0.002041
908949.5 0.002038
909949.5 0.002038
910949.5 0.002038
911949.5 0.002038
912949.5 0.002035
913949.5 0.002035
914949.5 0.002035
915949.5 0.002033
916949.5 0.002033
917949.5 0.002033
918949.5 0.002033
919949.5 0.00203
920949.5 0.00203
921949.5 0.00203
922949.5 0.002027
923949.5 0.002027
924949.5 0.002027
925949.5 0.002027
926949.5 0.002024
927949.5 0.002024
928949.5 0.002024
929949.5 0.002022
930949.5 0.002022
931949.5 0.002022
932949.5 0.002019
933949.5 0.002019
934949.5 0.002019
935949.5 0.002019
936949.5 0.002016
937949.5 0.002016
938949.5 0.002016
939949.5 0.002014
940949.5 0.002014
941949.5 0.002014
942949.5 0.002011
943949.5 0.002011
944949.5 0.002011
945949.5 0.002011
946949.5 0.002008
947949.5 0.002008
948949.5 0.002008
949949.5 0.002006
950949.5 0.002006
951949.5 0.002006
952949.5 0.002006
953949.5 0.002003
954949.5 0.002003
955949.5 0.002003
956949.5 0.002
957949.5 0.002
958949.5 0.002
959949.5 0.002
960949.5 0.001997
961949.5 0.001997
962949.5 0.001997
963949.5 0.001995
964949.5 0.001995
965949.5 0.001995
966949.5 0.001995
967949.5 0.001992
968949.5 0.001992
969949.5 0.001992
970949.5 0.001989
971949.5 0.001989
972949.5 0.001989
973949.5 0.001989
974949.5 0.001987
975949.5 0.001987
976949.5 0.001987
977949.5 0.001984
978949.5 0.001984
979949.5 0.001984
980949.5 0.001984
981949.5 0.001981
982949.5 0.001981
983949.5 0.001981
984949.5 0.001981
985949.5 0.001979
986949.5 0.001979
987949.5 0.001979
988949.5 0.001976
989949.5 0.001976
990949.5 0.001976
991949.5 0.001976
992949.5 0.001973
993949.5 0.001973
994949.5 0.001973
995949.5 0.001973
996949.5 0.00197
997949.5 0.00197
998949.5 0.00197
999949.5 0.00197
1000949.5 0.001968
1001949.5 0.001968
1002949.5 0.001968
1003949.5 0.001965
1004949.5 0.001965
1005949.5 0.001965
1006949.5 0.001965
1007949.5 0.001962
99999806900 0.000751
-END-OF-DATA-
